0.000000	4.692188	10.265269	-3.754594	-0.076965	-0.997192	0.288652
0.020000	4.876444	12.158793	-4.564494	-0.092831	-1.010397	0.287646
0.040000	5.058381	13.806760	-5.296678	-0.106331	-1.032591	0.286360
0.060000	5.235817	15.142203	-5.926645	-0.116916	-1.064840	0.284735
0.080000	5.406569	16.098152	-6.429899	-0.124036	-1.108213	0.282713
0.100000	5.568453	16.607641	-6.781941	-0.127142	-1.163778	0.280235
0.120000	5.719408	16.620282	-6.963876	-0.125826	-1.232000	0.277286
0.140000	5.857977	16.168760	-6.984900	-0.120398	-1.310324	0.274068
0.160000	5.982891	15.311724	-6.862983	-0.111388	-1.395252	0.270851
0.180000	6.092882	14.107833	-6.616101	-0.099328	-1.483287	0.267904
0.200000	6.186683	12.615747	-6.262229	-0.084751	-1.570929	0.265498
0.220000	6.263024	10.894124	-5.819342	-0.068186	-1.654681	0.263901
0.240000	6.320639	9.001624	-5.305415	-0.050167	-1.731043	0.263384
0.260000	6.358258	6.996903	-4.738423	-0.031224	-1.796517	0.264215
0.280000	6.374615	4.938623	-4.136341	-0.011889	-1.847605	0.266665
0.300000	6.368440	2.885441	-3.517144	0.007305	-1.880808	0.271004
0.320000	6.338466	0.896017	-2.898807	0.025828	-1.892628	0.277501
0.340000	6.283425	-0.970992	-2.299306	0.043148	-1.879566	0.286425
0.360000	6.202048	-2.656925	-1.736614	0.058733	-1.838125	0.298047
0.380000	6.093068	-4.103125	-1.228708	0.072051	-1.764805	0.312636
0.400000	5.955217	-5.250932	-0.793562	0.082571	-1.656108	0.330462
0.420000	5.787225	-6.041687	-0.449151	0.089762	-1.508535	0.351793
0.440000	5.588051	-6.422049	-0.211997	0.093141	-1.319139	0.376859
0.460000	5.359211	-6.399478	-0.081995	0.092796	-1.091253	0.405397
0.480000	5.103857	-6.020188	-0.048443	0.089180	-0.832220	0.436836
0.500000	4.825168	-5.331021	-0.100469	0.082748	-0.549444	0.470599
0.520000	4.526321	-4.378815	-0.227201	0.073959	-0.250332	0.506110
0.540000	4.210494	-3.210411	-0.417765	0.063268	0.057711	0.542791
0.560000	3.880865	-1.872650	-0.661291	0.051134	0.367279	0.580067
0.580000	3.540612	-0.412371	-0.946904	0.038014	0.670967	0.617360
0.600000	3.192913	1.123586	-1.263733	0.024365	0.961369	0.654095
0.620000	2.840946	2.688380	-1.600905	0.010643	1.231079	0.689693
0.640000	2.487889	4.235172	-1.947548	-0.002694	1.472692	0.723579
