0.000000	-8.286486	-5.281107	4.638166	0.221650	2.110956	1.057419
0.020000	-8.645467	-4.889935	4.615595	0.243402	2.068746	1.094942
0.040000	-8.999817	-4.454925	4.503436	0.264424	2.033798	1.124213
0.060000	-9.352907	-3.983275	4.293887	0.284437	2.009396	1.143835
0.080000	-9.708086	-3.482193	3.979215	0.303160	1.998804	1.152415
0.100000	-10.066026	-2.959872	3.559620	0.320353	2.003281	1.149419
0.120000	-10.422227	-2.426410	3.050645	0.335857	2.020214	1.135972
0.140000	-10.771596	-1.892125	2.469585	0.349519	2.046544	1.113391
0.160000	-11.109042	-1.367336	1.833738	0.361188	2.079212	1.082990
0.180000	-11.429472	-0.862360	1.160397	0.370713	2.115160	1.046084
0.200000	-11.727795	-0.387513	0.466859	0.377941	2.151331	1.003989
0.220000	-11.998918	0.046886	-0.229580	0.382721	2.184665	0.958018
0.240000	-12.237751	0.430519	-0.911625	0.384902	2.212106	0.909489
0.260000	-12.439200	0.753070	-1.561981	0.384332	2.230594	0.859715
0.280000	-12.598175	1.004220	-2.163351	0.380859	2.237071	0.810012
0.300000	-12.709583	1.173653	-2.698440	0.374332	2.228480	0.761695
0.320000	-12.768331	1.251050	-3.149952	0.364599	2.201762	0.716079
0.340000	-12.769330	1.226095	-3.500592	0.351508	2.153859	0.674479
0.360000	-12.707485	1.088469	-3.733065	0.334909	2.081712	0.638210
0.380000	-12.577713	0.827875	-3.830097	0.314649	1.982269	0.608587
0.400000	-12.377782	0.441821	-3.783683	0.290761	1.854157	0.586395
0.420000	-12.112608	-0.052618	-3.609040	0.263737	1.700226	0.571103
0.440000	-11.788213	-0.635348	-3.324970	0.234139	1.523975	0.561973
0.460000	-11.410615	-1.286277	-2.950273	0.202531	1.328903	0.558268
0.480000	-10.985836	-1.985312	-2.503750	0.169474	1.118510	0.559251
0.500000	-10.519896	-2.712359	-2.004203	0.135532	0.896295	0.564187
0.520000	-10.018815	-3.447326	-1.470431	0.101268	0.665757	0.572337
0.540000	-9.488612	-4.170119	-0.921235	0.067244	0.430395	0.582965
0.560000	-8.935309	-4.860646	-0.375416	0.034023	0.193708	0.595334
0.580000	-8.364926	-5.498813	0.148224	0.002167	-0.040803	0.608707
0.600000	-7.783482	-6.064527	0.630886	-0.027761	-0.269640	0.622348
0.620000	-7.196998	-6.537695	1.053769	-0.055197	-0.489303	0.635520
0.640000	-6.611494	-6.898225	1.398071	-0.079580	-0.696294	0.647485
0.660000	-6.032990	-7.126023	1.644992	-0.100346	-0.887112	0.657508
0.680000	-5.467507	-7.200996	1.775732	-0.116933	-1.058259	0.664850
