0.000000	-3.859279	6.428849	-2.295536	0.094056	-1.129494	0.194795
0.020000	-3.625620	5.688872	-2.186390	0.081932	-1.099045	0.187523
0.040000	-3.361235	4.774009	-2.000810	0.066718	-1.064208	0.185328
0.060000	-3.071865	3.721970	-1.756327	0.049001	-1.025837	0.187470
0.080000	-2.763254	2.570466	-1.470467	0.029367	-0.984785	0.193209
0.100000	-2.441143	1.357206	-1.160761	0.008404	-0.941906	0.201805
0.120000	-2.111275	0.119902	-0.844735	-0.013303	-0.898054	0.212519
0.140000	-1.779391	-1.103737	-0.539921	-0.035166	-0.854084	0.224611
0.160000	-1.451234	-2.276001	-0.263845	-0.056598	-0.810847	0.237340
0.180000	-1.132547	-3.359179	-0.034036	-0.077013	-0.769200	0.249968
0.200000	-0.829070	-4.315562	0.131976	-0.095824	-0.729994	0.261753
0.220000	-0.546548	-5.107438	0.216663	-0.112445	-0.694085	0.271958
0.240000	-0.290720	-5.697099	0.202497	-0.126287	-0.662326	0.279841
0.260000	-0.067331	-6.046832	0.071948	-0.136766	-0.635570	0.284663
0.280000	0.118372	-6.123100	-0.190377	-0.143348	-0.614587	0.285747
0.300000	0.266226	-5.935307	-0.577897	-0.146067	-0.599273	0.283070
0.320000	0.379062	-5.518150	-1.071088	-0.145291	-0.589011	0.276992
0.340000	0.459752	-4.906648	-1.650262	-0.141389	-0.583177	0.267877
0.360000	0.511164	-4.135821	-2.295729	-0.134732	-0.581146	0.256092
0.380000	0.536170	-3.240689	-2.987799	-0.125692	-0.582295	0.242001
0.400000	0.537638	-2.256272	-3.706784	-0.114639	-0.586000	0.225969
0.420000	0.518441	-1.217590	-4.432994	-0.101944	-0.591637	0.208362
0.440000	0.481447	-0.159662	-5.146739	-0.087977	-0.598581	0.189545
0.460000	0.429527	0.882490	-5.828332	-0.073110	-0.606209	0.169882
0.480000	0.365552	1.873847	-6.458081	-0.057713	-0.613897	0.149740
0.500000	0.292390	2.779390	-7.016298	-0.042157	-0.621020	0.129483
0.520000	0.212913	3.564097	-7.483294	-0.026813	-0.626955	0.109477
0.540000	0.129991	4.192950	-7.839379	-0.012051	-0.631078	0.090086
0.560000	0.046494	4.630928	-8.064864	0.001757	-0.632764	0.071675
0.580000	-0.034708	4.843012	-8.140060	0.014241	-0.631390	0.054611
0.600000	-0.110745	4.794181	-8.045277	0.025031	-0.626332	0.039258
0.620000	-0.178750	4.449741	-7.761019	0.033756	-0.616970	0.025979
0.640000	-0.236246	3.803442	-7.284518	0.040255	-0.603077	0.014925
