0.000000	-5.969380	5.342978	-5.601219	0.308754	-1.354438	0.407078
0.020000	-5.667593	5.258328	-5.695821	0.287407	-1.484537	0.381586
0.040000	-5.341506	4.877406	-5.592213	0.266911	-1.584419	0.362128
0.060000	-4.994346	4.236240	-5.313486	0.247307	-1.656215	0.348240
0.080000	-4.629687	3.374525	-4.885197	0.228617	-1.702346	0.339379
0.100000	-4.251103	2.331956	-4.332905	0.210861	-1.725233	0.335002
0.120000	-3.862169	1.148230	-3.682166	0.194063	-1.727298	0.334568
0.140000	-3.466461	-0.136958	-2.958539	0.178243	-1.710962	0.337534
0.160000	-3.067553	-1.483912	-2.187580	0.163424	-1.678647	0.343358
0.180000	-2.669021	-2.852937	-1.394848	0.149626	-1.632774	0.351497
0.200000	-2.274437	-4.204336	-0.605900	0.136872	-1.575765	0.361408
0.220000	-1.887379	-5.498415	0.153706	0.125183	-1.510042	0.372550
0.240000	-1.511420	-6.695477	0.858413	0.114580	-1.438026	0.384379
0.260000	-1.150135	-7.755826	1.482663	0.105087	-1.362139	0.396354
0.280000	-0.807099	-8.639768	2.000898	0.096723	-1.284802	0.407931
0.300000	-0.485887	-9.307605	2.387562	0.089512	-1.208436	0.418569
0.320000	-0.190074	-9.719643	2.617096	0.083474	-1.135464	0.427726
0.340000	0.076766	-9.836186	2.663943	0.078631	-1.068307	0.434857
0.360000	0.311185	-9.619333	2.503676	0.075001	-1.009320	0.439438
0.380000	0.512689	-9.072683	2.138034	0.072525	-0.959326	0.441307
0.400000	0.683745	-8.241464	1.594996	0.071063	-0.917614	0.440670
0.420000	0.826948	-7.172720	0.903690	0.070471	-0.883403	0.437750
0.440000	0.944897	-5.913496	0.093243	0.070609	-0.855913	0.432768
0.460000	1.040187	-4.510840	-0.807217	0.071332	-0.834365	0.425947
0.480000	1.115414	-3.011795	-1.768563	0.072499	-0.817977	0.417509
0.500000	1.173176	-1.463408	-2.761668	0.073967	-0.805972	0.407675
0.520000	1.216068	0.087275	-3.757404	0.075593	-0.797568	0.396668
0.540000	1.246687	1.593210	-4.726645	0.077234	-0.791986	0.384711
0.560000	1.267629	3.007350	-5.640262	0.078748	-0.788445	0.372025
0.580000	1.281492	4.282650	-6.469128	0.079992	-0.786167	0.358832
0.600000	1.290871	5.372065	-7.184117	0.080824	-0.784371	0.345354
0.620000	1.298362	6.228548	-7.756100	0.081101	-0.782277	0.331815
0.640000	1.306563	6.805055	-8.155951	0.080680	-0.779105	0.318435
0.660000	1.318070	7.054539	-8.354541	0.079419	-0.774076	0.305436
