0.000000	1.500697	-9.086310	2.839096	0.019879	0.114397	-0.281660
0.020000	1.771574	-7.481652	2.341541	0.002612	0.098958	-0.281271
0.040000	2.051581	-5.681158	1.778558	-0.015614	0.081055	-0.280431
0.060000	2.334211	-3.745564	1.168319	-0.034280	0.061394	-0.279168
0.080000	2.612958	-1.735608	0.528997	-0.052865	0.040678	-0.277514
0.100000	2.881314	0.287972	-0.121235	-0.070848	0.019611	-0.275498
0.120000	3.132772	2.264438	-0.764205	-0.087710	-0.001102	-0.273150
0.140000	3.360825	4.133052	-1.381740	-0.102929	-0.020758	-0.270499
0.160000	3.558965	5.833077	-1.955668	-0.115986	-0.038653	-0.267576
0.180000	3.720686	7.303776	-2.467817	-0.126360	-0.054081	-0.264410
0.200000	3.839480	8.484411	-2.900013	-0.133530	-0.066340	-0.261032
0.220000	3.908840	9.314243	-3.234085	-0.136976	-0.074725	-0.257471
0.240000	3.922261	9.732558	-3.451866	-0.136178	-0.078532	-0.253757
0.260000	3.876452	9.704750	-3.542584	-0.130867	-0.077367	-0.249914
0.280000	3.777542	9.272833	-3.517166	-0.121511	-0.071746	-0.245950
0.300000	3.633382	8.492799	-3.390495	-0.108712	-0.062350	-0.241870
0.320000	3.451822	7.420641	-3.177456	-0.093074	-0.049860	-0.237678
0.340000	3.240713	6.112352	-2.892936	-0.075198	-0.034958	-0.233379
0.360000	3.007905	4.623924	-2.551817	-0.055687	-0.018326	-0.228978
0.380000	2.761247	3.011350	-2.168985	-0.035143	-0.000645	-0.224480
0.400000	2.508592	1.330623	-1.759326	-0.014170	0.017405	-0.219889
0.420000	2.257788	-0.362265	-1.337723	0.006631	0.035140	-0.215210
0.440000	2.016686	-2.011320	-0.919061	0.026656	0.051881	-0.210447
0.460000	1.793137	-3.560549	-0.518225	0.045304	0.066945	-0.205606
0.480000	1.594991	-4.953961	-0.150101	0.061971	0.079651	-0.200691
0.500000	1.430097	-6.135562	0.170428	0.076056	0.089317	-0.195707
0.520000	1.306308	-7.049360	0.428476	0.086955	0.095263	-0.190658
