0.000000	3.482519	-5.833046	3.472326	0.083958	-0.333696	-0.056258
0.020000	3.441724	-4.631770	2.811181	0.070692	-0.316511	-0.053639
0.040000	3.305162	-3.281821	2.058737	0.056227	-0.303808	-0.049809
0.060000	3.088235	-1.822055	1.237319	0.040933	-0.295329	-0.044940
0.080000	2.806342	-0.291326	0.369252	0.025178	-0.290816	-0.039205
0.100000	2.474883	1.271510	-0.523136	0.009333	-0.290012	-0.032776
0.120000	2.109258	2.827598	-1.417521	-0.006235	-0.292659	-0.025826
0.140000	1.724868	4.338083	-2.291576	-0.021156	-0.298500	-0.018528
0.160000	1.337113	5.764110	-3.122974	-0.035062	-0.307277	-0.011054
0.180000	0.961393	7.066823	-3.889391	-0.047583	-0.318732	-0.003576
0.200000	0.613107	8.207368	-4.568500	-0.058350	-0.332609	0.003731
0.220000	0.307657	9.146889	-5.137975	-0.066994	-0.348649	0.010697
0.240000	0.060442	9.846531	-5.575490	-0.073147	-0.366596	0.017148
0.260000	-0.113138	10.267439	-5.858719	-0.076439	-0.386191	0.022912
0.280000	-0.197683	10.370758	-5.965337	-0.076501	-0.407177	0.027816
0.300000	-0.177829	10.117757	-5.873084	-0.072965	-0.429297	0.031688
0.320000	-0.046221	9.496177	-5.574101	-0.065714	-0.452332	0.034459
0.340000	0.186611	8.552901	-5.092698	-0.055188	-0.476148	0.036290
0.360000	0.507715	7.342821	-4.457540	-0.041904	-0.500623	0.037374
0.380000	0.904138	5.920834	-3.697296	-0.026378	-0.525637	0.037903
0.400000	1.362926	4.341833	-2.840632	-0.009126	-0.551066	0.038070
0.420000	1.871126	2.660713	-1.916215	0.009335	-0.576791	0.038067
0.440000	2.415786	0.932368	-0.952712	0.028489	-0.602687	0.038087
0.460000	2.983952	-0.788307	0.021209	0.047819	-0.628635	0.038323
0.480000	3.562670	-2.446418	0.976882	0.066810	-0.654513	0.038967
0.500000	4.138989	-3.987070	1.885639	0.084944	-0.680198	0.040211
0.520000	4.699955	-5.355369	2.718814	0.101705	-0.705568	0.042249
0.540000	5.232614	-6.496420	3.447739	0.116577	-0.730503	0.045272
0.560000	5.724014	-7.355328	4.043747	0.129044	-0.754881	0.049473
0.580000	6.161201	-7.877199	4.478171	0.138589	-0.778579	0.055044
0.600000	6.531223	-8.007140	4.722344	0.144696	-0.801476	0.062179
0.620000	6.821600	-7.693114	4.748989	0.146873	-0.823454	0.071060
0.640000	7.029507	-6.941449	4.559180	0.145131	-0.844485	0.081658
0.660000	7.161140	-5.812992	4.180479	0.139952	-0.864621	0.093751
0.680000	7.223042	-4.370682	3.641463	0.131836	-0.883919	0.107107
0.700000	7.221755	-2.677454	2.970709	0.121283	-0.902434	0.121495
0.720000	7.163820	-0.796248	2.196793	0.108791	-0.920222	0.136685
