0.000000	-0.117309	0.286260	-0.228974	-0.055473	-0.992500	0.006573
0.020000	-0.123885	0.294639	-0.234148	-0.054807	-0.991566	0.007281
0.040000	-0.134914	0.299013	-0.238153	-0.054198	-0.990518	0.007712
0.060000	-0.150357	0.299334	-0.240932	-0.053652	-0.989362	0.007856
0.080000	-0.169505	0.296080	-0.242541	-0.053165	-0.988112	0.007728
0.100000	-0.191606	0.289760	-0.243042	-0.052735	-0.986783	0.007347
0.120000	-0.215908	0.280885	-0.242496	-0.052358	-0.985392	0.006730
0.140000	-0.241661	0.269965	-0.240968	-0.052031	-0.983955	0.005893
0.160000	-0.268112	0.257511	-0.238518	-0.051750	-0.982486	0.004855
0.180000	-0.294509	0.244033	-0.235210	-0.051513	-0.981002	0.003632
0.200000	-0.320102	0.230042	-0.231105	-0.051316	-0.979518	0.002243
0.220000	-0.344138	0.216048	-0.226266	-0.051155	-0.978051	0.000705
0.240000	-0.365866	0.202561	-0.220755	-0.051029	-0.976615	-0.000966
0.260000	-0.384534	0.190091	-0.214635	-0.050932	-0.975227	-0.002751
0.280000	-0.399390	0.179150	-0.207968	-0.050862	-0.973902	-0.004634
0.300000	-0.409683	0.170247	-0.200816	-0.050816	-0.972656	-0.006596
0.320000	-0.414662	0.163892	-0.193242	-0.050790	-0.971505	-0.008621
0.340000	-0.413574	0.160597	-0.185308	-0.050781	-0.970464	-0.010690
0.360000	-0.405780	0.160802	-0.177076	-0.050787	-0.969548	-0.012787
0.380000	-0.391644	0.164324	-0.168610	-0.050808	-0.968760	-0.014886
0.400000	-0.372060	0.170652	-0.159972	-0.050850	-0.968095	-0.016962
0.420000	-0.347925	0.179272	-0.151226	-0.050917	-0.967550	-0.018987
0.440000	-0.320136	0.189671	-0.142433	-0.051013	-0.967122	-0.020934
0.460000	-0.289593	0.201334	-0.133659	-0.051142	-0.966807	-0.022776
0.480000	-0.257192	0.213747	-0.124964	-0.051309	-0.966600	-0.024486
0.500000	-0.223832	0.226396	-0.116414	-0.051519	-0.966499	-0.026037
0.520000	-0.190411	0.238767	-0.108070	-0.051774	-0.966500	-0.027402
0.540000	-0.157825	0.250346	-0.099995	-0.052080	-0.966598	-0.028554
0.560000	-0.126974	0.260619	-0.092253	-0.052442	-0.966791	-0.029466
0.580000	-0.098755	0.269073	-0.084907	-0.052863	-0.967074	-0.030111
0.600000	-0.074066	0.275192	-0.078020	-0.053347	-0.967444	-0.030462
0.620000	-0.053805	0.278463	-0.071654	-0.053900	-0.967897	-0.030492
0.640000	-0.038869	0.278373	-0.065874	-0.054524	-0.968430	-0.030174
0.660000	-0.030157	0.274406	-0.060741	-0.055226	-0.969038	-0.029481
0.680000	-0.028226	0.266270	-0.056313	-0.056005	-0.969717	-0.028403
0.700000	-0.032526	0.254389	-0.052627	-0.056847	-0.970462	-0.026981
0.720000	-0.042278	0.239338	-0.049715	-0.057737	-0.971262	-0.025271
0.740000	-0.056707	0.221688	-0.047611	-0.058659	-0.972113	-0.023324
0.760000	-0.075034	0.202011	-0.046346	-0.059597	-0.973006	-0.021194
0.780000	-0.096484	0.180880	-0.045953	-0.060534	-0.973933	-0.018936
0.800000	-0.120277	0.158868	-0.046466	-0.061457	-0.974888	-0.016603
0.820000	-0.145639	0.136546	-0.047917	-0.062347	-0.975863	-0.014247
0.840000	-0.171791	0.114487	-0.050338	-0.063189	-0.976850	-0.011923
0.860000	-0.197956	0.093264	-0.053763	-0.063968	-0.977842	-0.009685
0.880000	-0.223357	0.073449	-0.058224	-0.064667	-0.978832	-0.007585
0.900000	-0.247217	0.055615	-0.063754	-0.065271	-0.979812	-0.005677
0.920000	-0.268760	0.040333	-0.070386	-0.065764	-0.980775	-0.004015
0.940000	-0.287207	0.028177	-0.078152	-0.066129	-0.981713	-0.002653
0.960000	-0.301781	0.019718	-0.087085	-0.066351	-0.982619	-0.001643
0.980000	-0.311707	0.015529	-0.097218	-0.066413	-0.983486	-0.001040
1.000000	-0.316337	0.016075	-0.108559	-0.066304	-0.984307	-0.000887
1.020000	-0.315963	0.021060	-0.120949	-0.066035	-0.985084	-0.001162
1.040000	-0.311274	0.029860	-0.134157	-0.065626	-0.985820	-0.001816
1.060000	-0.302963	0.041850	-0.147948	-0.065100	-0.986519	-0.002796
1.080000	-0.291723	0.056404	-0.162092	-0.064478	-0.987187	-0.004054
1.100000	-0.278247	0.072898	-0.176354	-0.063781	-0.987827	-0.005537
1.120000	-0.263228	0.090706	-0.190504	-0.063031	-0.988443	-0.007196
1.140000	-0.247359	0.109203	-0.204308	-0.062249	-0.989040	-0.008979
1.160000	-0.231331	0.127764	-0.217533	-0.061458	-0.989622	-0.010836
1.180000	-0.215839	0.145764	-0.229948	-0.060677	-0.990193	-0.012717
1.200000	-0.201574	0.162578	-0.241320	-0.059930	-0.990757	-0.014570
1.220000	-0.189230	0.177580	-0.251416	-0.059237	-0.991319	-0.016345
1.240000	-0.179498	0.190146	-0.260004	-0.058620	-0.991883	-0.017992
1.260000	-0.173073	0.199650	-0.266851	-0.058100	-0.992453	-0.019459
1.280000	-0.170647	0.205467	-0.271725	-0.057699	-0.993034	-0.020697
1.300000	-0.172912	0.206972	-0.274394	-0.057438	-0.993629	-0.021654
1.320000	-0.180517	0.203578	-0.274641	-0.057337	-0.994243	-0.022282
1.340000	-0.193324	0.195386	-0.272542	-0.057394	-0.994872	-0.022574
1.360000	-0.210526	0.183081	-0.268426	-0.057585	-0.995510	-0.022558
1.380000	-0.231294	0.167367	-0.262626	-0.057886	-0.996149	-0.022264
1.400000	-0.254797	0.148949	-0.255478	-0.058273	-0.996780	-0.021720
1.420000	-0.280206	0.128531	-0.247315	-0.058723	-0.997396	-0.020957
1.440000	-0.306692	0.106818	-0.238473	-0.059211	-0.997989	-0.020003
1.460000	-0.333424	0.084515	-0.229287	-0.059713	-0.998551	-0.018888
1.480000	-0.359574	0.062325	-0.220091	-0.060206	-0.999073	-0.017642
1.500000	-0.384312	0.040954	-0.211221	-0.060666	-0.999549	-0.016292
1.520000	-0.406808	0.021105	-0.203010	-0.061068	-0.999970	-0.014869
1.540000	-0.426233	0.003483	-0.195793	-0.061390	-1.000329	-0.013402
1.560000	-0.441757	-0.011207	-0.189906	-0.061606	-1.000616	-0.011921
1.580000	-0.452550	-0.022260	-0.185684	-0.061694	-1.000826	-0.010454
1.600000	-0.457783	-0.028973	-0.183459	-0.061629	-1.000949	-0.009031
1.620000	-0.456656	-0.030663	-0.183558	-0.061388	-1.000978	-0.007681
1.640000	-0.449155	-0.027247	-0.186009	-0.060970	-1.000915	-0.006421
1.660000	-0.436121	-0.019295	-0.190520	-0.060397	-1.000770	-0.005256
1.680000	-0.418443	-0.007412	-0.196784	-0.059692	-1.000554	-0.004191
1.700000	-0.397005	0.007800	-0.204494	-0.058880	-1.000280	-0.003230
1.720000	-0.372694	0.025738	-0.213340	-0.057983	-0.999959	-0.002377
1.740000	-0.346397	0.045798	-0.223017	-0.057026	-0.999601	-0.001636
1.760000	-0.318999	0.067376	-0.233216	-0.056031	-0.999220	-0.001012
1.780000	-0.291386	0.089870	-0.243629	-0.055022	-0.998825	-0.000509
1.800000	-0.264445	0.112676	-0.253949	-0.054023	-0.998428	-0.000132
1.820000	-0.239062	0.135191	-0.263868	-0.053057	-0.998042	0.000115
1.840000	-0.216124	0.156811	-0.273078	-0.052148	-0.997677	0.000229
1.860000	-0.196515	0.176933	-0.281272	-0.051319	-0.997344	0.000204
1.880000	-0.181123	0.194954	-0.288142	-0.050593	-0.997056	0.000036
1.900000	-0.170834	0.210270	-0.293380	-0.049995	-0.996823	-0.000279
