0.000000	-0.329503	0.162079	-0.203736	-0.027257	-0.992741	-0.025966
0.020000	-0.323908	0.142202	-0.193073	-0.027282	-0.993492	-0.027595
0.040000	-0.318133	0.121088	-0.182097	-0.027454	-0.994255	-0.029194
0.060000	-0.312283	0.099571	-0.171039	-0.027752	-0.995021	-0.030730
0.080000	-0.306463	0.078484	-0.160130	-0.028157	-0.995782	-0.032170
0.100000	-0.300777	0.058660	-0.149603	-0.028650	-0.996527	-0.033479
0.120000	-0.295330	0.040933	-0.139688	-0.029210	-0.997247	-0.034625
0.140000	-0.290227	0.026135	-0.130617	-0.029817	-0.997932	-0.035574
0.160000	-0.285572	0.015100	-0.122622	-0.030453	-0.998574	-0.036291
0.180000	-0.281470	0.008662	-0.115934	-0.031097	-0.999163	-0.036743
0.200000	-0.278025	0.007653	-0.110785	-0.031729	-0.999690	-0.036898
0.220000	-0.275343	0.012907	-0.107406	-0.032329	-1.000144	-0.036720
0.240000	-0.273514	0.025127	-0.105994	-0.032881	-1.000518	-0.036183
0.260000	-0.272525	0.043897	-0.106450	-0.033381	-1.000809	-0.035309
0.280000	-0.272306	0.068226	-0.108523	-0.033835	-1.001020	-0.034149
0.300000	-0.272786	0.097122	-0.111961	-0.034250	-1.001151	-0.032753
0.320000	-0.273895	0.129590	-0.116511	-0.034632	-1.001205	-0.031169
0.340000	-0.275564	0.164637	-0.121921	-0.034987	-1.001182	-0.029449
0.360000	-0.277721	0.201269	-0.127939	-0.035320	-1.001084	-0.027641
0.380000	-0.280298	0.238492	-0.134312	-0.035638	-1.000913	-0.025797
0.400000	-0.283223	0.275313	-0.140789	-0.035947	-1.000670	-0.023965
0.420000	-0.286426	0.310738	-0.147116	-0.036253	-1.000357	-0.022195
0.440000	-0.289838	0.343773	-0.153043	-0.036562	-0.999975	-0.020538
0.460000	-0.293389	0.373424	-0.158316	-0.036880	-0.999526	-0.019043
0.480000	-0.297007	0.398697	-0.162684	-0.037213	-0.999011	-0.017760
0.500000	-0.300623	0.418600	-0.165894	-0.037567	-0.998432	-0.016740
0.520000	-0.304167	0.432137	-0.167693	-0.037949	-0.997791	-0.016030
0.540000	-0.307571	0.438397	-0.167852	-0.038363	-0.997089	-0.015679
0.560000	-0.310791	0.437430	-0.166394	-0.038807	-0.996333	-0.015682
0.580000	-0.313803	0.429923	-0.163513	-0.039275	-0.995535	-0.016003
0.600000	-0.316579	0.416571	-0.159403	-0.039757	-0.994706	-0.016608
0.620000	-0.319094	0.398072	-0.154262	-0.040246	-0.993855	-0.017459
0.640000	-0.321322	0.375121	-0.148283	-0.040736	-0.992995	-0.018521
0.660000	-0.323237	0.348416	-0.141663	-0.041217	-0.992136	-0.019758
0.680000	-0.324813	0.318652	-0.134597	-0.041684	-0.991289	-0.021134
0.700000	-0.326024	0.286526	-0.127281	-0.042127	-0.990464	-0.022613
0.720000	-0.326844	0.252735	-0.119911	-0.042539	-0.989674	-0.024159
0.740000	-0.327248	0.217975	-0.112681	-0.042913	-0.988928	-0.025736
0.760000	-0.327209	0.182942	-0.105788	-0.043242	-0.988237	-0.027308
0.780000	-0.326702	0.148333	-0.099428	-0.043517	-0.987613	-0.028838
0.800000	-0.325700	0.114845	-0.093794	-0.043730	-0.987065	-0.030292
0.820000	-0.324178	0.083174	-0.089084	-0.043875	-0.986606	-0.031633
0.840000	-0.322109	0.054015	-0.085493	-0.043944	-0.986247	-0.032825
0.860000	-0.319469	0.028057	-0.083213	-0.043929	-0.985996	-0.033832
0.880000	-0.316260	0.005602	-0.082297	-0.043828	-0.985861	-0.034634
0.900000	-0.312522	-0.013537	-0.082622	-0.043648	-0.985840	-0.035233
0.920000	-0.308295	-0.029576	-0.084055	-0.043396	-0.985930	-0.035630
0.940000	-0.303621	-0.042735	-0.086460	-0.043078	-0.986130	-0.035826
0.960000	-0.298541	-0.053231	-0.089704	-0.042702	-0.986439	-0.035824
0.980000	-0.293097	-0.061283	-0.093651	-0.042273	-0.986853	-0.035625
1.000000	-0.287329	-0.067109	-0.098168	-0.041798	-0.987371	-0.035231
1.020000	-0.281279	-0.070926	-0.103119	-0.041285	-0.987992	-0.034644
1.040000	-0.274988	-0.072953	-0.108371	-0.040739	-0.988713	-0.033865
1.060000	-0.268498	-0.073408	-0.113790	-0.040169	-0.989532	-0.032896
1.080000	-0.261849	-0.072509	-0.119240	-0.039579	-0.990448	-0.031739
1.100000	-0.255083	-0.070474	-0.124587	-0.038977	-0.991459	-0.030396
1.120000	-0.248241	-0.067522	-0.129696	-0.038371	-0.992563	-0.028869
1.140000	-0.241364	-0.063870	-0.134434	-0.037765	-0.993757	-0.027159
1.160000	-0.234495	-0.059735	-0.138667	-0.037168	-0.995040	-0.025268
1.180000	-0.227672	-0.055249	-0.142312	-0.036588	-0.996401	-0.023215
1.200000	-0.220939	-0.050401	-0.145373	-0.036039	-0.997816	-0.021044
1.220000	-0.214334	-0.045168	-0.147858	-0.035534	-0.999260	-0.018802
1.240000	-0.207899	-0.039527	-0.149779	-0.035086	-1.000706	-0.016537
1.260000	-0.201674	-0.033454	-0.151145	-0.034710	-1.002129	-0.014297
1.280000	-0.195701	-0.026928	-0.151968	-0.034419	-1.003504	-0.012127
1.300000	-0.190019	-0.019924	-0.152256	-0.034226	-1.004804	-0.010076
1.320000	-0.184669	-0.012420	-0.152021	-0.034145	-1.006004	-0.008190
1.340000	-0.179693	-0.004393	-0.151272	-0.034190	-1.007078	-0.006517
1.360000	-0.175130	0.004181	-0.150020	-0.034373	-1.008001	-0.005104
1.380000	-0.171022	0.013325	-0.148275	-0.034710	-1.008747	-0.003999
1.400000	-0.167409	0.023061	-0.146048	-0.035213	-1.009290	-0.003248
1.420000	-0.164331	0.033413	-0.143348	-0.035895	-1.009606	-0.002899
1.440000	-0.161830	0.044404	-0.140186	-0.036771	-1.009667	-0.002998
1.460000	-0.159946	0.056056	-0.136572	-0.037854	-1.009448	-0.003594
1.480000	-0.158718	0.068332	-0.132543	-0.039143	-1.008943	-0.004700
1.500000	-0.158184	0.081067	-0.128197	-0.040607	-1.008179	-0.006261
1.520000	-0.158379	0.094080	-0.123634	-0.042210	-1.007193	-0.008213
1.540000	-0.159339	0.107189	-0.118959	-0.043919	-1.006018	-0.010494
1.560000	-0.161102	0.120215	-0.114274	-0.045696	-1.004689	-0.013038
1.580000	-0.163703	0.132975	-0.109682	-0.047508	-1.003241	-0.015784
1.600000	-0.167178	0.145288	-0.105286	-0.049320	-1.001707	-0.018666
1.620000	-0.171565	0.156974	-0.101189	-0.051096	-1.000123	-0.021621
1.640000	-0.176899	0.167852	-0.097493	-0.052801	-0.998523	-0.024585
1.660000	-0.183216	0.177740	-0.094302	-0.054401	-0.996941	-0.027495
1.680000	-0.190554	0.186456	-0.091719	-0.055860	-0.995412	-0.030287
1.700000	-0.198948	0.193821	-0.089846	-0.057142	-0.993970	-0.032898
1.720000	-0.208434	0.199653	-0.088786	-0.058214	-0.992650	-0.035263
1.740000	-0.219049	0.203771	-0.088642	-0.059040	-0.991487	-0.037319
1.760000	-0.230830	0.205994	-0.089517	-0.059584	-0.990514	-0.039002
1.780000	-0.243812	0.206141	-0.091514	-0.059813	-0.989767	-0.040249
1.800000	-0.257979	0.204110	-0.094695	-0.059700	-0.989271	-0.041013
1.820000	-0.273082	0.200161	-0.098941	-0.059270	-0.989009	-0.041320
1.840000	-0.288805	0.194647	-0.104082	-0.058557	-0.988956	-0.041218
