0.000000	-0.198914	0.226583	-0.302748	-0.052912	-0.972943	-0.009598
0.020000	-0.221239	0.230863	-0.303964	-0.053272	-0.971803	-0.010190
0.040000	-0.246958	0.233702	-0.304265	-0.053633	-0.970754	-0.010718
0.060000	-0.275420	0.235260	-0.303688	-0.053990	-0.969805	-0.011177
0.080000	-0.305975	0.235696	-0.302269	-0.054338	-0.968969	-0.011563
0.100000	-0.337974	0.235168	-0.300046	-0.054672	-0.968256	-0.011871
0.120000	-0.370765	0.233836	-0.297055	-0.054986	-0.967677	-0.012097
0.140000	-0.403698	0.231858	-0.293334	-0.055274	-0.967245	-0.012234
0.160000	-0.436124	0.229394	-0.288920	-0.055532	-0.966969	-0.012279
0.180000	-0.467391	0.226602	-0.283849	-0.055754	-0.966862	-0.012227
0.200000	-0.496849	0.223640	-0.278158	-0.055935	-0.966934	-0.012072
0.220000	-0.523849	0.220669	-0.271885	-0.056069	-0.967196	-0.011810
0.240000	-0.547740	0.217848	-0.265066	-0.056151	-0.967660	-0.011437
0.260000	-0.567871	0.215334	-0.257738	-0.056175	-0.968337	-0.010947
0.280000	-0.583595	0.213286	-0.249939	-0.056137	-0.969238	-0.010335
0.300000	-0.594587	0.211778	-0.241710	-0.056034	-0.970362	-0.009607
0.320000	-0.601155	0.210714	-0.233101	-0.055875	-0.971684	-0.008785
0.340000	-0.603678	0.209984	-0.224167	-0.055667	-0.973175	-0.007895
0.360000	-0.602539	0.209472	-0.214958	-0.055418	-0.974808	-0.006961
0.380000	-0.598116	0.209066	-0.205527	-0.055137	-0.976554	-0.006009
0.400000	-0.590791	0.208652	-0.195926	-0.054831	-0.978387	-0.005064
0.420000	-0.580946	0.208119	-0.186208	-0.054508	-0.980277	-0.004152
0.440000	-0.568959	0.207351	-0.176425	-0.054177	-0.982196	-0.003297
0.460000	-0.555212	0.206236	-0.166629	-0.053846	-0.984118	-0.002524
0.480000	-0.540085	0.204661	-0.156872	-0.053522	-0.986013	-0.001860
0.500000	-0.523960	0.202513	-0.147207	-0.053214	-0.987853	-0.001328
0.520000	-0.507217	0.199678	-0.137686	-0.052930	-0.989612	-0.000955
0.540000	-0.490236	0.196043	-0.128360	-0.052677	-0.991260	-0.000765
0.560000	-0.473398	0.191496	-0.119283	-0.052464	-0.992770	-0.000783
0.580000	-0.457084	0.185922	-0.110507	-0.052300	-0.994114	-0.001036
0.600000	-0.441658	0.179217	-0.102083	-0.052191	-0.995264	-0.001546
0.620000	-0.427229	0.171411	-0.094049	-0.052138	-0.996219	-0.002310
0.640000	-0.413692	0.162647	-0.086433	-0.052138	-0.996994	-0.003305
0.660000	-0.400934	0.153070	-0.079260	-0.052185	-0.997606	-0.004504
0.680000	-0.388845	0.142825	-0.072558	-0.052275	-0.998071	-0.005884
0.700000	-0.377313	0.132059	-0.066354	-0.052403	-0.998406	-0.007419
0.720000	-0.366227	0.120916	-0.060674	-0.052565	-0.998628	-0.009083
0.740000	-0.355475	0.109543	-0.055545	-0.052756	-0.998754	-0.010852
0.760000	-0.344947	0.098084	-0.050993	-0.052971	-0.998800	-0.012701
0.780000	-0.334530	0.086686	-0.047046	-0.053205	-0.998783	-0.014605
0.800000	-0.324114	0.075494	-0.043730	-0.053455	-0.998720	-0.016537
0.820000	-0.313586	0.064654	-0.041072	-0.053715	-0.998627	-0.018475
0.840000	-0.302836	0.054311	-0.039098	-0.053980	-0.998521	-0.020391
0.860000	-0.291752	0.044610	-0.037836	-0.054247	-0.998418	-0.022261
0.880000	-0.280224	0.035698	-0.037312	-0.054510	-0.998336	-0.024061
0.900000	-0.268138	0.027720	-0.037553	-0.054765	-0.998292	-0.025764
0.920000	-0.255386	0.020820	-0.038586	-0.055007	-0.998301	-0.027347
0.940000	-0.241961	0.015095	-0.040420	-0.055233	-0.998367	-0.028791
0.960000	-0.228022	0.010561	-0.043043	-0.055441	-0.998476	-0.030091
0.980000	-0.213742	0.007226	-0.046438	-0.055629	-0.998609	-0.031242
1.000000	-0.199296	0.005100	-0.050589	-0.055797	-0.998749	-0.032240
1.020000	-0.184856	0.004193	-0.055480	-0.055942	-0.998878	-0.033081
1.040000	-0.170598	0.004513	-0.061095	-0.056064	-0.998978	-0.033760
1.060000	-0.156694	0.006069	-0.067417	-0.056160	-0.999032	-0.034273
1.080000	-0.143319	0.008871	-0.074430	-0.056229	-0.999023	-0.034616
1.100000	-0.130647	0.012928	-0.082118	-0.056271	-0.998933	-0.034783
1.120000	-0.118851	0.018249	-0.090465	-0.056283	-0.998743	-0.034770
1.140000	-0.108104	0.024844	-0.099454	-0.056263	-0.998438	-0.034574
1.160000	-0.098582	0.032721	-0.109070	-0.056212	-0.997998	-0.034189
1.180000	-0.090458	0.041890	-0.119297	-0.056126	-0.997406	-0.033612
1.200000	-0.083905	0.052359	-0.130117	-0.056005	-0.996646	-0.032837
1.220000	-0.079097	0.064139	-0.141515	-0.055846	-0.995698	-0.031860
1.240000	-0.076208	0.077238	-0.153475	-0.055650	-0.994547	-0.030678
1.260000	-0.075344	0.091601	-0.165946	-0.055415	-0.993183	-0.029291
1.280000	-0.076382	0.106961	-0.178765	-0.055145	-0.991636	-0.027728
1.300000	-0.079155	0.123008	-0.191747	-0.054844	-0.989941	-0.026020
1.320000	-0.083494	0.139431	-0.204706	-0.054516	-0.988131	-0.024196
1.340000	-0.089233	0.155920	-0.217454	-0.054167	-0.986243	-0.022290
1.360000	-0.096202	0.172166	-0.229808	-0.053799	-0.984311	-0.020331
1.380000	-0.104234	0.187856	-0.241580	-0.053419	-0.982370	-0.018351
1.400000	-0.113161	0.202683	-0.252585	-0.053029	-0.980455	-0.016382
1.420000	-0.122815	0.216334	-0.262636	-0.052634	-0.978601	-0.014455
1.440000	-0.133029	0.228499	-0.271548	-0.052239	-0.976843	-0.012600
1.460000	-0.143633	0.238869	-0.279136	-0.051848	-0.975215	-0.010849
1.480000	-0.154461	0.247133	-0.285212	-0.051465	-0.973753	-0.009234
1.500000	-0.165345	0.252981	-0.289591	-0.051095	-0.972492	-0.007785
1.520000	-0.176115	0.256102	-0.292087	-0.050742	-0.971467	-0.006534
1.540000	-0.186605	0.256185	-0.292515	-0.050410	-0.970712	-0.005512
1.560000	-0.196647	0.252922	-0.290688	-0.050103	-0.970262	-0.004750
1.580000	-0.206081	0.246079	-0.286460	-0.049826	-0.970147	-0.004275
1.600000	-0.214805	0.235981	-0.279980	-0.049577	-0.970350	-0.004073
1.620000	-0.222744	0.223191	-0.271519	-0.049355	-0.970834	-0.004116
1.640000	-0.229822	0.208277	-0.261351	-0.049155	-0.971564	-0.004374
1.660000	-0.235963	0.191804	-0.249749	-0.048976	-0.972504	-0.004819
1.680000	-0.241091	0.174337	-0.236987	-0.048815	-0.973619	-0.005422
1.700000	-0.245131	0.156442	-0.223338	-0.048668	-0.974872	-0.006154
1.720000	-0.248006	0.138686	-0.209075	-0.048535	-0.976227	-0.006986
1.740000	-0.249641	0.121634	-0.194472	-0.048410	-0.977648	-0.007888
1.760000	-0.249961	0.105852	-0.179802	-0.048293	-0.979100	-0.008831
1.780000	-0.248888	0.091906	-0.165338	-0.048181	-0.980546	-0.009788
1.800000	-0.246349	0.080361	-0.151354	-0.048070	-0.981951	-0.010728
1.820000	-0.242265	0.071784	-0.138123	-0.047958	-0.983278	-0.011622
1.840000	-0.236563	0.066740	-0.125919	-0.047842	-0.984493	-0.012443
1.860000	-0.229166	0.065796	-0.115015	-0.047720	-0.985558	-0.013159
1.880000	-0.219998	0.069515	-0.105683	-0.047589	-0.986437	-0.013744
1.900000	-0.209095	0.078163	-0.098105	-0.047447	-0.987111	-0.014176
