0.000000	-0.109126	0.434322	-0.194898	-0.041937	-0.996922	-0.039586
0.020000	-0.092178	0.446848	-0.202199	-0.041765	-0.996753	-0.040498
0.040000	-0.079334	0.455112	-0.208022	-0.041494	-0.996635	-0.041281
0.060000	-0.071222	0.458628	-0.212090	-0.041111	-0.996578	-0.041908
0.080000	-0.068465	0.456917	-0.214131	-0.040603	-0.996596	-0.042349
0.100000	-0.071262	0.449952	-0.214044	-0.039972	-0.996691	-0.042593
0.120000	-0.079108	0.438463	-0.212027	-0.039243	-0.996853	-0.042649
0.140000	-0.091429	0.423254	-0.208303	-0.038445	-0.997072	-0.042531
0.160000	-0.107650	0.405128	-0.203097	-0.037605	-0.997334	-0.042254
0.180000	-0.127200	0.384890	-0.196633	-0.036752	-0.997630	-0.041831
0.200000	-0.149503	0.363341	-0.189135	-0.035913	-0.997947	-0.041275
0.220000	-0.173986	0.341286	-0.180827	-0.035116	-0.998273	-0.040600
0.240000	-0.200075	0.319528	-0.171934	-0.034389	-0.998598	-0.039820
0.260000	-0.227197	0.298870	-0.162681	-0.033762	-0.998910	-0.038949
0.280000	-0.254779	0.280116	-0.153290	-0.033260	-0.999196	-0.038000
0.300000	-0.282245	0.264068	-0.143986	-0.032913	-0.999446	-0.036986
0.320000	-0.309024	0.251532	-0.134994	-0.032748	-0.999649	-0.035923
0.340000	-0.334540	0.243309	-0.126538	-0.032794	-0.999792	-0.034823
0.360000	-0.358220	0.240203	-0.118842	-0.033078	-0.999864	-0.033699
0.380000	-0.379492	0.243018	-0.112131	-0.033628	-0.999853	-0.032567
0.400000	-0.397780	0.252556	-0.106628	-0.034473	-0.999748	-0.031438
0.420000	-0.412657	0.269089	-0.102489	-0.035627	-0.999543	-0.030327
0.440000	-0.424197	0.291052	-0.099637	-0.037053	-0.999244	-0.029244
0.460000	-0.432582	0.316485	-0.097943	-0.038707	-0.998866	-0.028198
0.480000	-0.437995	0.343428	-0.097278	-0.040543	-0.998419	-0.027201
0.500000	-0.440617	0.369922	-0.097512	-0.042515	-0.997915	-0.026261
0.520000	-0.440632	0.394006	-0.098519	-0.044579	-0.997367	-0.025390
0.540000	-0.438219	0.413723	-0.100167	-0.046687	-0.996786	-0.024596
0.560000	-0.433563	0.427110	-0.102330	-0.048796	-0.996185	-0.023890
0.580000	-0.426845	0.432210	-0.104878	-0.050859	-0.995575	-0.023283
0.600000	-0.418248	0.427061	-0.107683	-0.052830	-0.994969	-0.022783
0.620000	-0.407953	0.409706	-0.110615	-0.054664	-0.994377	-0.022402
0.640000	-0.396142	0.378183	-0.113546	-0.056316	-0.993814	-0.022148
0.660000	-0.382998	0.330533	-0.116348	-0.057740	-0.993289	-0.022033
0.680000	-0.368704	0.264796	-0.118891	-0.058891	-0.992816	-0.022066
0.700000	-0.353440	0.179014	-0.121046	-0.059722	-0.992406	-0.022257
0.720000	-0.337391	0.071277	-0.122687	-0.060189	-0.992071	-0.022616
0.740000	-0.320800	-0.057973	-0.123759	-0.060280	-0.991815	-0.023141
0.760000	-0.303993	-0.205052	-0.124306	-0.060025	-0.991631	-0.023812
0.780000	-0.287305	-0.366037	-0.124380	-0.059460	-0.991511	-0.024608
0.800000	-0.271067	-0.537005	-0.124034	-0.058620	-0.991446	-0.025509
0.820000	-0.255612	-0.714034	-0.123318	-0.057540	-0.991430	-0.026494
0.840000	-0.241273	-0.893201	-0.122285	-0.056255	-0.991455	-0.027543
0.860000	-0.228383	-1.070583	-0.120987	-0.054799	-0.991511	-0.028635
0.880000	-0.217275	-1.242258	-0.119476	-0.053207	-0.991593	-0.029749
0.900000	-0.208281	-1.404303	-0.117804	-0.051515	-0.991691	-0.030865
0.920000	-0.201735	-1.552795	-0.116022	-0.049758	-0.991797	-0.031962
0.940000	-0.197969	-1.683811	-0.114183	-0.047970	-0.991905	-0.033020
0.960000	-0.197315	-1.793428	-0.112339	-0.046186	-0.992005	-0.034017
0.980000	-0.200107	-1.877725	-0.110542	-0.044441	-0.992091	-0.034933
1.000000	-0.206678	-1.932778	-0.108842	-0.042771	-0.992153	-0.035749
1.020000	-0.217360	-1.954665	-0.107294	-0.041209	-0.992185	-0.036442
1.040000	-0.232427	-1.939934	-0.105944	-0.039789	-0.992179	-0.036994
1.060000	-0.251547	-1.889953	-0.104807	-0.038519	-0.992136	-0.037406
1.080000	-0.274034	-1.808909	-0.103877	-0.037391	-0.992062	-0.037688
1.100000	-0.299197	-1.701026	-0.103147	-0.036398	-0.991962	-0.037851
1.120000	-0.326348	-1.570525	-0.102610	-0.035534	-0.991841	-0.037908
1.140000	-0.354794	-1.421632	-0.102260	-0.034792	-0.991705	-0.037869
1.160000	-0.383845	-1.258567	-0.102090	-0.034165	-0.991559	-0.037745
1.180000	-0.412812	-1.085556	-0.102094	-0.033645	-0.991410	-0.037548
1.200000	-0.441004	-0.906820	-0.102266	-0.033226	-0.991263	-0.037289
1.220000	-0.467729	-0.726583	-0.102597	-0.032901	-0.991122	-0.036979
1.240000	-0.492299	-0.549067	-0.103083	-0.032663	-0.990994	-0.036630
1.260000	-0.514022	-0.378496	-0.103716	-0.032505	-0.990885	-0.036252
1.280000	-0.532208	-0.219094	-0.104490	-0.032420	-0.990799	-0.035857
1.300000	-0.546167	-0.075082	-0.105398	-0.032401	-0.990742	-0.035457
1.320000	-0.555208	0.049316	-0.106433	-0.032441	-0.990721	-0.035062
1.340000	-0.558686	0.150121	-0.107591	-0.032533	-0.990739	-0.034684
1.360000	-0.556609	0.226855	-0.108887	-0.032670	-0.990797	-0.034327
1.380000	-0.549475	0.281671	-0.110353	-0.032847	-0.990893	-0.033992
1.400000	-0.537791	0.316782	-0.112018	-0.033057	-0.991023	-0.033680
1.420000	-0.522068	0.334403	-0.113916	-0.033293	-0.991183	-0.033391
1.440000	-0.502815	0.336748	-0.116078	-0.033549	-0.991371	-0.033127
1.460000	-0.480541	0.326032	-0.118534	-0.033819	-0.991583	-0.032886
1.480000	-0.455754	0.304468	-0.121317	-0.034097	-0.991816	-0.032672
1.500000	-0.428964	0.274272	-0.124458	-0.034376	-0.992067	-0.032482
1.520000	-0.400681	0.237657	-0.127989	-0.034649	-0.992332	-0.032320
1.540000	-0.371412	0.196839	-0.131940	-0.034911	-0.992609	-0.032184
1.560000	-0.341668	0.154030	-0.136344	-0.035155	-0.992894	-0.032076
1.580000	-0.311958	0.111447	-0.141231	-0.035374	-0.993183	-0.031996
1.600000	-0.282790	0.071302	-0.146634	-0.035563	-0.993474	-0.031944
1.620000	-0.254674	0.035811	-0.152584	-0.035715	-0.993764	-0.031923
1.640000	-0.228119	0.007187	-0.159112	-0.035824	-0.994048	-0.031931
1.660000	-0.203634	-0.012354	-0.166250	-0.035883	-0.994324	-0.031969
1.680000	-0.181678	-0.020874	-0.174012	-0.035887	-0.994589	-0.032039
1.700000	-0.162313	-0.018635	-0.182287	-0.035838	-0.994844	-0.032141
1.720000	-0.145408	-0.006955	-0.190900	-0.035744	-0.995091	-0.032273
1.740000	-0.130832	0.012842	-0.199676	-0.035609	-0.995332	-0.032437
1.760000	-0.118455	0.039428	-0.208440	-0.035442	-0.995569	-0.032632
1.780000	-0.108145	0.071481	-0.217017	-0.035248	-0.995805	-0.032859
1.800000	-0.099771	0.107674	-0.225232	-0.035033	-0.996042	-0.033116
1.820000	-0.093201	0.146683	-0.232911	-0.034804	-0.996283	-0.033405
1.840000	-0.088305	0.187182	-0.239878	-0.034568	-0.996529	-0.033726
1.860000	-0.084951	0.227847	-0.245958	-0.034330	-0.996783	-0.034077
1.880000	-0.083008	0.267352	-0.250978	-0.034098	-0.997048	-0.034460
1.900000	-0.082345	0.304372	-0.254761	-0.033878	-0.997325	-0.034874
1.920000	-0.082831	0.337582	-0.257134	-0.033675	-0.997616	-0.035319
1.940000	-0.084334	0.365658	-0.257920	-0.033497	-0.997925	-0.035795
1.960000	-0.086724	0.387273	-0.256946	-0.033350	-0.998254	-0.036302
1.980000	-0.089869	0.401104	-0.254036	-0.033241	-0.998604	-0.036841
2.000000	-0.093640	0.405882	-0.249028	-0.033174	-0.998977	-0.037410
2.020000	-0.097931	0.401547	-0.242005	-0.033155	-0.999371	-0.038006
