0.000000	1.022896	-0.793233	-0.623258	0.083262	-0.725537	0.352353
0.020000	0.781620	-0.736444	-0.565341	0.078113	-0.711282	0.336484
0.040000	0.540192	-0.675979	-0.517008	0.073190	-0.700013	0.321018
0.060000	0.302447	-0.612964	-0.477724	0.068561	-0.691502	0.306193
0.080000	0.072223	-0.548523	-0.446951	0.064295	-0.685521	0.292251
0.100000	-0.146645	-0.483781	-0.424153	0.060458	-0.681844	0.279430
0.120000	-0.350319	-0.419862	-0.408793	0.057119	-0.680241	0.267973
0.140000	-0.534963	-0.357893	-0.400334	0.054344	-0.680487	0.258118
0.160000	-0.696740	-0.298996	-0.398240	0.052203	-0.682353	0.250106
0.180000	-0.831815	-0.244298	-0.401972	0.050762	-0.685612	0.244177
0.200000	-0.936350	-0.194923	-0.410996	0.050090	-0.690036	0.240571
0.220000	-1.006510	-0.151996	-0.424773	0.050253	-0.695397	0.239528
0.240000	-1.038548	-0.116618	-0.442766	0.051318	-0.701470	0.241283
0.260000	-1.032267	-0.089007	-0.464388	0.053280	-0.708098	0.245840
0.280000	-0.992092	-0.068226	-0.488991	0.056045	-0.715216	0.252908
0.300000	-0.922757	-0.053259	-0.515919	0.059509	-0.722763	0.262172
0.320000	-0.828996	-0.043092	-0.544521	0.063572	-0.730680	0.273319
0.340000	-0.715543	-0.036712	-0.574142	0.068130	-0.738907	0.286037
0.360000	-0.587132	-0.033103	-0.604128	0.073083	-0.747383	0.300012
0.380000	-0.448497	-0.031252	-0.633827	0.078329	-0.756049	0.314932
0.400000	-0.304373	-0.030143	-0.662584	0.083766	-0.764846	0.330482
0.420000	-0.159493	-0.028762	-0.689746	0.089291	-0.773712	0.346350
0.440000	-0.018592	-0.026095	-0.714660	0.094804	-0.782588	0.362224
0.460000	0.113597	-0.021128	-0.736671	0.100202	-0.791415	0.377789
0.480000	0.232338	-0.012846	-0.755127	0.105383	-0.800132	0.392732
0.500000	0.332899	-0.000234	-0.769374	0.110246	-0.808680	0.406742
0.520000	0.410544	0.017722	-0.778757	0.114689	-0.816998	0.419503
0.540000	0.460540	0.042035	-0.782625	0.118610	-0.825026	0.430704
0.560000	0.478153	0.073722	-0.780322	0.121906	-0.832706	0.440031
0.580000	0.458649	0.113796	-0.771195	0.124477	-0.839976	0.447172
0.600000	0.398843	0.162917	-0.754684	0.126250	-0.846769	0.451896
0.620000	0.302057	0.220263	-0.730608	0.127275	-0.852980	0.454324
0.640000	0.173317	0.284621	-0.698890	0.127633	-0.858495	0.454668
0.660000	0.017647	0.354779	-0.659454	0.127409	-0.863201	0.453142
0.680000	-0.159925	0.429524	-0.612221	0.126683	-0.866984	0.449958
0.700000	-0.354375	0.507645	-0.557114	0.125538	-0.869731	0.445327
0.720000	-0.560676	0.587928	-0.494055	0.124057	-0.871327	0.439463
0.740000	-0.773803	0.669162	-0.422966	0.122321	-0.871659	0.432578
0.760000	-0.988730	0.750134	-0.343771	0.120414	-0.870613	0.424885
0.780000	-1.200431	0.829631	-0.256390	0.118417	-0.868076	0.416595
0.800000	-1.403880	0.906442	-0.160748	0.116413	-0.863934	0.407923
0.820000	-1.594052	0.979354	-0.056765	0.114484	-0.858072	0.399079
0.840000	-1.765920	1.047155	0.055635	0.112713	-0.850379	0.390276
0.860000	-1.914459	1.108632	0.176530	0.111181	-0.840739	0.381728
0.880000	-2.034644	1.162574	0.305997	0.109972	-0.829039	0.373645
0.900000	-2.122275	1.207970	0.443827	0.109149	-0.815245	0.366218
0.920000	-2.177756	1.244940	0.588208	0.108677	-0.799763	0.359498
0.940000	-2.203076	1.273992	0.736776	0.108486	-0.783152	0.353494
0.960000	-2.200226	1.295637	0.887166	0.108505	-0.765969	0.348211
0.980000	-2.171200	1.310382	1.037014	0.108665	-0.748775	0.343656
1.000000	-2.117989	1.318738	1.183955	0.108895	-0.732126	0.339837
1.020000	-2.042585	1.321213	1.325625	0.109125	-0.716583	0.336761
1.040000	-1.946980	1.318317	1.459658	0.109285	-0.702703	0.334433
1.060000	-1.833165	1.310559	1.583691	0.109305	-0.691045	0.332861
1.080000	-1.703133	1.298448	1.695358	0.109114	-0.682167	0.332052
1.100000	-1.558876	1.282493	1.792296	0.108642	-0.676630	0.332013
1.120000	-1.402385	1.263204	1.872139	0.107820	-0.674990	0.332749
1.140000	-1.235652	1.241089	1.932523	0.106577	-0.677806	0.334269
1.160000	-1.060669	1.216658	1.971084	0.104843	-0.685638	0.336579
1.180000	-0.879429	1.190419	1.985456	0.102547	-0.699044	0.339686
1.200000	-0.693923	1.162883	1.973276	0.099620	-0.718582	0.343596
1.220000	-0.506101	1.134517	1.932405	0.095999	-0.744744	0.348312
1.240000	-0.317383	1.105252	1.863655	0.091717	-0.777156	0.353767
1.260000	-0.128815	1.074643	1.769894	0.086873	-0.814841	0.359850
1.280000	0.058563	1.042238	1.654031	0.081570	-0.856808	0.366446
1.300000	0.243712	1.007587	1.518976	0.075908	-0.902066	0.373442
1.320000	0.425594	0.970236	1.367638	0.069989	-0.949625	0.380725
1.340000	0.603167	0.929734	1.202927	0.063915	-0.998494	0.388181
1.360000	0.775393	0.885630	1.027754	0.057786	-1.047685	0.395697
1.380000	0.941234	0.837472	0.845027	0.051703	-1.096205	0.403159
1.400000	1.099648	0.784807	0.657657	0.045770	-1.143064	0.410453
1.420000	1.249598	0.727184	0.468552	0.040085	-1.187273	0.417467
1.440000	1.390043	0.664151	0.280624	0.034752	-1.227841	0.424086
1.460000	1.519944	0.595256	0.096781	0.029871	-1.263777	0.430198
1.480000	1.638263	0.520048	-0.080067	0.025544	-1.294091	0.435688
1.500000	1.743959	0.438075	-0.247010	0.021871	-1.317792	0.440444
1.520000	1.835993	0.348884	-0.401138	0.018955	-1.333891	0.444351
1.540000	1.913344	0.252046	-0.539579	0.016895	-1.341414	0.447298
1.560000	1.975727	0.148048	-0.661028	0.015714	-1.340122	0.449223
1.580000	2.023864	0.038625	-0.766312	0.015328	-1.330771	0.450134
1.600000	2.058547	-0.074400	-0.856412	0.015649	-1.314189	0.450044
1.620000	2.080567	-0.189204	-0.932305	0.016588	-1.291204	0.448966
1.640000	2.090717	-0.303962	-0.994972	0.018053	-1.262645	0.446913
1.660000	2.089788	-0.416851	-1.045392	0.019956	-1.229339	0.443898
1.680000	2.078573	-0.526048	-1.084545	0.022207	-1.192114	0.439933
1.700000	2.057864	-0.629729	-1.113408	0.024716	-1.151798	0.435033
1.720000	2.028454	-0.726071	-1.132963	0.027394	-1.109220	0.429209
1.740000	1.991133	-0.813250	-1.144188	0.030151	-1.065207	0.422475
1.760000	1.946694	-0.889442	-1.148062	0.032898	-1.020587	0.414843
1.780000	1.895929	-0.952825	-1.145565	0.035544	-0.976189	0.406327
1.800000	1.839631	-1.001574	-1.137676	0.038001	-0.932840	0.396939
1.820000	1.778591	-1.033867	-1.125375	0.040178	-0.891367	0.386692
1.840000	1.713600	-1.047897	-1.109639	0.041986	-0.852597	0.375601
