0.000000	2.426121	-0.678998	-0.439565	0.085501	-0.636635	0.289495
0.020000	2.197019	-0.656754	-0.357752	0.091922	-0.648528	0.307332
0.040000	1.952113	-0.628703	-0.274707	0.098193	-0.663327	0.326586
0.060000	1.696859	-0.595578	-0.191762	0.104222	-0.680417	0.346760
0.080000	1.436710	-0.558110	-0.110247	0.109916	-0.699184	0.367353
0.100000	1.177122	-0.517031	-0.031494	0.115181	-0.719013	0.387867
0.120000	0.923549	-0.473074	0.043167	0.119925	-0.739287	0.407803
0.140000	0.681446	-0.426970	0.112405	0.124053	-0.759393	0.426660
0.160000	0.456266	-0.379450	0.174888	0.127474	-0.778714	0.443940
0.180000	0.253466	-0.331248	0.229286	0.130094	-0.796637	0.459144
0.200000	0.078498	-0.283094	0.274268	0.131819	-0.812545	0.471772
0.220000	-0.064491	-0.235609	0.308864	0.132589	-0.825949	0.481445
0.240000	-0.176814	-0.188944	0.333607	0.132475	-0.836887	0.488279
0.260000	-0.261205	-0.143131	0.349421	0.131583	-0.845531	0.492523
0.280000	-0.320398	-0.098200	0.357232	0.130019	-0.852056	0.494424
0.300000	-0.357127	-0.054182	0.357964	0.127891	-0.856634	0.494228
0.320000	-0.374124	-0.011107	0.352541	0.125303	-0.859440	0.492184
0.340000	-0.374124	0.030994	0.341890	0.122362	-0.860646	0.488537
0.360000	-0.359861	0.072090	0.326933	0.119176	-0.860427	0.483536
0.380000	-0.334068	0.112150	0.308597	0.115848	-0.858955	0.477427
0.400000	-0.299478	0.151145	0.287806	0.112487	-0.856404	0.470458
0.420000	-0.258827	0.189043	0.265485	0.109198	-0.852947	0.462876
0.440000	-0.214846	0.225813	0.242558	0.106087	-0.848759	0.454929
0.460000	-0.170270	0.261426	0.219950	0.103261	-0.844012	0.446862
0.480000	-0.127833	0.295850	0.198586	0.100826	-0.838881	0.438925
0.500000	-0.090268	0.329054	0.179390	0.098889	-0.833538	0.431363
0.520000	-0.060299	0.361006	0.163285	0.097553	-0.828155	0.424422
0.540000	-0.039925	0.391465	0.150960	0.096846	-0.822838	0.418220
0.560000	-0.029961	0.419855	0.142728	0.096664	-0.817575	0.412662
0.580000	-0.031113	0.445566	0.138866	0.096894	-0.812346	0.407637
0.600000	-0.044085	0.467992	0.139651	0.097420	-0.807133	0.403031
0.620000	-0.069583	0.486523	0.145360	0.098126	-0.801914	0.398733
0.640000	-0.108312	0.500552	0.156271	0.098900	-0.796669	0.394628
0.660000	-0.160977	0.509470	0.172661	0.099625	-0.791379	0.390605
0.680000	-0.228284	0.512669	0.194807	0.100187	-0.786023	0.386551
0.700000	-0.310938	0.509541	0.222987	0.100472	-0.780582	0.382354
0.720000	-0.409643	0.499477	0.257476	0.100363	-0.775034	0.377900
0.740000	-0.525106	0.481870	0.298554	0.099748	-0.769361	0.373077
0.760000	-0.658032	0.456111	0.346496	0.098510	-0.763542	0.367772
0.780000	-0.809125	0.421591	0.401581	0.096535	-0.757557	0.361873
0.800000	-0.979091	0.377704	0.464085	0.093708	-0.751385	0.355267
0.820000	-1.168636	0.323839	0.534286	0.089915	-0.745008	0.347842
0.840000	-1.378464	0.259390	0.612460	0.085041	-0.738404	0.339483
0.860000	-1.609181	0.183796	0.698847	0.078975	-0.731560	0.330087
0.880000	-1.858840	0.097721	0.792698	0.071740	-0.724627	0.319709
0.900000	-2.122795	0.003125	0.892221	0.063496	-0.717929	0.308583
0.920000	-2.396272	-0.097969	0.995572	0.054408	-0.711799	0.296946
0.940000	-2.674494	-0.203541	1.100911	0.044644	-0.706568	0.285040
0.960000	-2.952686	-0.311568	1.206393	0.034371	-0.702571	0.273104
0.980000	-3.226073	-0.420028	1.310177	0.023755	-0.700138	0.261378
1.000000	-3.489880	-0.526900	1.410420	0.012962	-0.699604	0.250101
1.020000	-3.739331	-0.630161	1.505280	0.002159	-0.701301	0.239514
1.040000	-3.969651	-0.727789	1.592914	-0.008486	-0.705561	0.229855
1.060000	-4.176064	-0.817762	1.671479	-0.018808	-0.712716	0.221365
1.080000	-4.353794	-0.898059	1.739134	-0.028640	-0.723101	0.214284
1.100000	-4.498068	-0.966658	1.794035	-0.037814	-0.737046	0.208851
1.120000	-4.604109	-1.021536	1.834340	-0.046165	-0.754885	0.205307
1.140000	-4.667141	-1.060672	1.858207	-0.053526	-0.776950	0.203890
1.160000	-4.682390	-1.082044	1.863793	-0.059730	-0.803575	0.204841
1.180000	-4.645831	-1.084012	1.849549	-0.064633	-0.834995	0.208352
1.200000	-4.558893	-1.067714	1.816054	-0.068252	-0.870748	0.214279
1.220000	-4.425421	-1.035519	1.764831	-0.070677	-0.910061	0.222328
1.240000	-4.249268	-0.989798	1.697405	-0.071997	-0.952163	0.232202
1.260000	-4.034286	-0.932925	1.615301	-0.072301	-0.996280	0.243606
1.280000	-3.784330	-0.867272	1.520047	-0.071680	-1.041639	0.256244
1.300000	-3.503252	-0.795212	1.413167	-0.070223	-1.087466	0.269823
1.320000	-3.194906	-0.719117	1.296188	-0.068020	-1.132989	0.284045
1.340000	-2.863145	-0.641360	1.170635	-0.065159	-1.177435	0.298616
1.360000	-2.511823	-0.564314	1.038034	-0.061731	-1.220031	0.313240
1.380000	-2.144793	-0.490351	0.899910	-0.057825	-1.260003	0.327622
1.400000	-1.765908	-0.421844	0.757791	-0.053531	-1.296578	0.341467
1.420000	-1.379023	-0.361165	0.613200	-0.048938	-1.328984	0.354478
1.440000	-0.987989	-0.310688	0.467665	-0.044136	-1.356448	0.366362
1.460000	-0.596660	-0.272784	0.322711	-0.039214	-1.378195	0.376822
1.480000	-0.208890	-0.249826	0.179863	-0.034262	-1.393455	0.385562
1.500000	0.171996	-0.243145	0.040428	-0.029349	-1.401754	0.392390
1.520000	0.544093	-0.251264	-0.094880	-0.024483	-1.403435	0.397385
1.540000	0.905740	-0.272228	-0.225450	-0.019665	-1.398978	0.400674
1.560000	1.255271	-0.304088	-0.350666	-0.014895	-1.388863	0.402382
1.580000	1.591023	-0.344890	-0.469916	-0.010173	-1.373568	0.402635
1.600000	1.911333	-0.392684	-0.582586	-0.005499	-1.353574	0.401560
1.620000	2.214537	-0.445516	-0.688063	-0.000873	-1.329360	0.399284
1.640000	2.498972	-0.501436	-0.785734	0.003705	-1.301405	0.395931
1.660000	2.762973	-0.558491	-0.874984	0.008235	-1.270189	0.391629
1.680000	3.004877	-0.614729	-0.955201	0.012716	-1.236192	0.386503
1.700000	3.223021	-0.668199	-1.025771	0.017149	-1.199893	0.380680
1.720000	3.415741	-0.716948	-1.086081	0.021534	-1.161771	0.374285
1.740000	3.581373	-0.759025	-1.135517	0.025870	-1.122306	0.367446
1.760000	3.718253	-0.792478	-1.173466	0.030157	-1.081977	0.360287
1.780000	3.824718	-0.815355	-1.199314	0.034397	-1.041265	0.352936
1.800000	3.899105	-0.825704	-1.212448	0.038587	-1.000648	0.345518
1.820000	3.939767	-0.821588	-1.212265	0.042729	-0.960605	0.338160
1.840000	3.946438	-0.802276	-1.198917	0.046824	-0.921525	0.330981
1.860000	3.921209	-0.769096	-1.173850	0.050877	-0.883646	0.324092
1.880000	3.866404	-0.723577	-1.138640	0.054892	-0.847191	0.317600
