0.000000	1.134474	-0.049839	-0.706719	0.145426	-0.789330	0.413295
0.020000	1.089918	-0.061539	-0.661793	0.143845	-0.754646	0.396681
0.040000	1.029989	-0.078067	-0.615280	0.142065	-0.723879	0.381683
0.060000	0.953985	-0.099985	-0.568277	0.140126	-0.697951	0.368722
0.080000	0.861201	-0.127859	-0.521879	0.138068	-0.677784	0.358220
0.100000	0.751388	-0.162046	-0.477028	0.135931	-0.664095	0.350506
0.120000	0.626477	-0.201912	-0.433916	0.133744	-0.656598	0.345477
0.140000	0.489053	-0.246527	-0.392512	0.131531	-0.654709	0.342900
0.160000	0.341701	-0.294959	-0.352787	0.129319	-0.657844	0.342540
0.180000	0.187008	-0.346278	-0.314708	0.127134	-0.665419	0.344162
0.200000	0.027559	-0.399551	-0.278245	0.125000	-0.676849	0.347533
0.220000	-0.134061	-0.453849	-0.243368	0.122945	-0.691549	0.352419
0.240000	-0.295265	-0.508239	-0.210045	0.120993	-0.708936	0.358585
0.260000	-0.453470	-0.561792	-0.178246	0.119171	-0.728425	0.365798
0.280000	-0.606088	-0.613575	-0.147939	0.117503	-0.749431	0.373823
0.300000	-0.750534	-0.662657	-0.119094	0.116017	-0.771371	0.382426
0.320000	-0.884223	-0.708109	-0.091681	0.114737	-0.793660	0.391373
0.340000	-1.004570	-0.748997	-0.065667	0.113689	-0.815713	0.400430
0.360000	-1.108988	-0.784392	-0.041023	0.112899	-0.836946	0.409362
0.380000	-1.194892	-0.813362	-0.017717	0.112393	-0.856775	0.417937
0.400000	-1.259696	-0.834976	0.004282	0.112197	-0.874615	0.425919
0.420000	-1.300817	-0.848304	0.025003	0.112336	-0.889883	0.433074
0.440000	-1.316818	-0.852711	0.044522	0.112824	-0.902164	0.439223
0.460000	-1.309635	-0.848439	0.063035	0.113646	-0.911547	0.444345
0.480000	-1.281818	-0.835886	0.080764	0.114778	-0.918212	0.448449
0.500000	-1.235919	-0.815452	0.097930	0.116198	-0.922337	0.451543
0.520000	-1.174488	-0.787537	0.114754	0.117882	-0.924103	0.453636
0.540000	-1.100075	-0.752539	0.131456	0.119807	-0.923689	0.454737
0.560000	-1.015233	-0.710859	0.148258	0.121951	-0.921274	0.454854
0.580000	-0.922511	-0.662896	0.165381	0.124292	-0.917037	0.453995
0.600000	-0.824460	-0.609049	0.183046	0.126805	-0.911160	0.452169
0.620000	-0.723631	-0.549717	0.201473	0.129469	-0.903820	0.449385
0.640000	-0.622575	-0.485301	0.220884	0.132260	-0.895197	0.445652
0.660000	-0.523843	-0.416199	0.241499	0.135155	-0.885472	0.440977
0.680000	-0.429984	-0.342811	0.263540	0.138132	-0.874823	0.435370
0.700000	-0.343551	-0.265536	0.287227	0.141168	-0.863429	0.428839
0.720000	-0.267093	-0.184774	0.312782	0.144240	-0.851472	0.421392
0.740000	-0.203117	-0.100931	0.340413	0.147325	-0.839128	0.413040
0.760000	-0.152644	-0.014617	0.369975	0.150388	-0.826556	0.403861
0.780000	-0.114919	0.073314	0.400888	0.153380	-0.813886	0.394012
0.800000	-0.089083	0.161993	0.432551	0.156251	-0.801249	0.383653
0.820000	-0.074277	0.250550	0.464362	0.158952	-0.788772	0.372948
0.840000	-0.069641	0.338115	0.495718	0.161433	-0.776587	0.362058
0.860000	-0.074316	0.423821	0.526016	0.163645	-0.764822	0.351145
0.880000	-0.087442	0.506797	0.554654	0.165537	-0.753607	0.340371
0.900000	-0.108159	0.586175	0.581030	0.167061	-0.743071	0.329896
0.920000	-0.135609	0.661084	0.604541	0.168167	-0.733344	0.319885
0.940000	-0.168931	0.730657	0.624586	0.168804	-0.724556	0.310497
0.960000	-0.207267	0.794023	0.640560	0.168924	-0.716835	0.301895
0.980000	-0.249756	0.850314	0.651863	0.168476	-0.710312	0.294241
1.000000	-0.295539	0.898660	0.657892	0.167411	-0.705116	0.287696
1.020000	-0.343758	0.938193	0.658044	0.165680	-0.701376	0.282423
1.040000	-0.393552	0.968042	0.651717	0.163232	-0.699222	0.278583
1.060000	-0.444061	0.987341	0.638309	0.160018	-0.698783	0.276337
1.080000	-0.494451	0.995761	0.617551	0.156037	-0.700154	0.275784
1.100000	-0.543938	0.994257	0.589963	0.151396	-0.703344	0.276866
1.120000	-0.591750	0.983971	0.556180	0.146221	-0.708350	0.279506
1.140000	-0.637114	0.966044	0.516836	0.140637	-0.715171	0.283625
1.160000	-0.679256	0.941620	0.472566	0.134771	-0.723803	0.289144
1.180000	-0.717403	0.911839	0.424005	0.128748	-0.734244	0.295986
1.200000	-0.750781	0.877843	0.371788	0.122692	-0.746492	0.304071
1.220000	-0.778617	0.840775	0.316550	0.116729	-0.760544	0.313321
1.240000	-0.800138	0.801776	0.258925	0.110986	-0.776398	0.323658
1.260000	-0.814570	0.761988	0.199549	0.105586	-0.794051	0.335003
1.280000	-0.821140	0.722553	0.139055	0.100656	-0.813500	0.347278
1.300000	-0.819074	0.684613	0.078080	0.096321	-0.834744	0.360405
1.320000	-0.807599	0.649310	0.017258	0.092706	-0.857780	0.374304
1.340000	-0.785943	0.617786	-0.042777	0.089937	-0.882605	0.388898
1.360000	-0.753330	0.591182	-0.101389	0.088139	-0.909217	0.404107
1.380000	-0.709033	0.570588	-0.157956	0.087433	-0.937600	0.419850
1.400000	-0.653323	0.555881	-0.212139	0.087807	-0.967451	0.435945
1.420000	-0.587463	0.545740	-0.263878	0.089125	-0.998180	0.452114
1.440000	-0.512760	0.538794	-0.313124	0.091242	-1.029183	0.468072
1.460000	-0.430519	0.533670	-0.359830	0.094014	-1.059858	0.483537
1.480000	-0.342048	0.528996	-0.403949	0.097299	-1.089603	0.498226
1.500000	-0.248651	0.523399	-0.445432	0.100953	-1.117815	0.511857
1.520000	-0.151636	0.515509	-0.484232	0.104831	-1.143892	0.524145
1.540000	-0.052308	0.503951	-0.520301	0.108791	-1.167231	0.534809
1.560000	0.048027	0.487355	-0.553592	0.112689	-1.187229	0.543564
1.580000	0.148063	0.464348	-0.584056	0.116380	-1.203285	0.550128
1.600000	0.246493	0.433558	-0.611646	0.119723	-1.214796	0.554218
1.620000	0.342011	0.393613	-0.636314	0.122572	-1.221158	0.555551
1.640000	0.433312	0.343140	-0.658013	0.124784	-1.221770	0.553844
1.660000	0.519089	0.280767	-0.676694	0.126216	-1.216030	0.548814
1.680000	0.598036	0.205122	-0.692309	0.126725	-1.203334	0.540178
1.700000	0.668967	0.115206	-0.704796	0.126192	-1.183229	0.527729
1.720000	0.731503	0.012522	-0.713976	0.124675	-1.156271	0.511773
1.740000	0.785597	-0.100395	-0.719630	0.122305	-1.123425	0.492830
1.760000	0.831204	-0.221007	-0.721534	0.119212	-1.085661	0.471418
1.780000	0.868278	-0.346775	-0.719467	0.115526	-1.043949	0.448056
1.800000	0.896773	-0.475162	-0.713206	0.111378	-0.999257	0.423262
1.820000	0.916644	-0.603629	-0.702530	0.106898	-0.952556	0.397555
1.840000	0.927845	-0.729638	-0.687216	0.102216	-0.904813	0.371455
1.860000	0.930330	-0.850651	-0.667043	0.097464	-0.856998	0.345480
1.880000	0.924054	-0.964130	-0.641789	0.092770	-0.810081	0.320149
1.900000	0.908971	-1.067537	-0.611231	0.088265	-0.765029	0.295981
1.920000	0.885036	-1.158334	-0.575147	0.084081	-0.722814	0.273495
1.940000	0.852202	-1.233982	-0.533316	0.080346	-0.684403	0.253209
1.960000	0.810424	-1.291943	-0.485515	0.077192	-0.650766	0.235642
1.980000	0.759657	-1.329680	-0.431523	0.074749	-0.622872	0.221313
2.000000	0.699854	-1.344654	-0.371117	0.073147	-0.601690	0.210742
2.020000	0.631028	-1.334506	-0.304129	0.072510	-0.588135	0.204416
2.040000	0.554142	-1.299836	-0.231259	0.072839	-0.582219	0.202338
2.060000	0.470939	-1.243668	-0.153926	0.074039	-0.583216	0.204107
