0.000000	1.445912	1.078448	-1.827874	0.080254	-0.775831	0.278719
0.020000	1.583929	1.000209	-1.822371	0.080594	-0.743381	0.265178
0.040000	1.710076	0.907290	-1.801218	0.080595	-0.713229	0.253013
0.060000	1.820738	0.803034	-1.765082	0.080350	-0.685965	0.242629
0.080000	1.912298	0.690785	-1.714630	0.079953	-0.662181	0.234431
0.100000	1.981139	0.573887	-1.650528	0.079495	-0.642468	0.228827
0.120000	2.023646	0.455683	-1.573444	0.079072	-0.627415	0.226221
0.140000	2.036201	0.339517	-1.484043	0.078776	-0.617613	0.227020
0.160000	2.015189	0.228734	-1.382992	0.078700	-0.613653	0.231630
0.180000	1.956993	0.126678	-1.270959	0.078938	-0.616126	0.240457
0.200000	1.857997	0.036691	-1.148610	0.079583	-0.625622	0.253906
0.220000	1.715344	-0.038146	-1.016754	0.080716	-0.642596	0.272282
0.240000	1.533130	-0.097174	-0.877511	0.082305	-0.666261	0.294973
0.260000	1.319188	-0.141036	-0.733702	0.084260	-0.695163	0.320871
0.280000	1.081384	-0.170384	-0.588156	0.086488	-0.727842	0.348863
0.300000	0.827585	-0.185873	-0.443701	0.088897	-0.762837	0.377836
0.320000	0.565660	-0.188157	-0.303165	0.091394	-0.798688	0.406680
0.340000	0.303474	-0.177889	-0.169377	0.093889	-0.833935	0.434280
0.360000	0.048896	-0.155724	-0.045166	0.096288	-0.867116	0.459525
0.380000	-0.190208	-0.122315	0.066640	0.098500	-0.896773	0.481302
0.400000	-0.406114	-0.078331	0.163274	0.100434	-0.921471	0.498522
0.420000	-0.595411	-0.024930	0.243810	0.102045	-0.940605	0.510755
0.440000	-0.759645	0.036176	0.309435	0.103341	-0.954518	0.518330
0.460000	-0.900632	0.103243	0.361457	0.104335	-0.963606	0.521620
0.480000	-1.020193	0.174527	0.401179	0.105037	-0.968265	0.520997
0.500000	-1.120144	0.248283	0.429908	0.105458	-0.968890	0.516833
0.520000	-1.202304	0.322767	0.448948	0.105610	-0.965878	0.509499
0.540000	-1.268491	0.396235	0.459607	0.105504	-0.959624	0.499368
0.560000	-1.320525	0.466943	0.463188	0.105151	-0.950524	0.486812
0.580000	-1.360222	0.533147	0.460998	0.104562	-0.938975	0.472202
0.600000	-1.389401	0.593102	0.454341	0.103749	-0.925371	0.455911
0.620000	-1.409881	0.645064	0.444524	0.102722	-0.910109	0.438310
0.640000	-1.423480	0.687289	0.432852	0.101494	-0.893585	0.419772
0.660000	-1.432016	0.718034	0.420630	0.100074	-0.876194	0.400669
0.680000	-1.437307	0.735552	0.409163	0.098475	-0.858332	0.381372
0.700000	-1.441172	0.738102	0.399758	0.096708	-0.840396	0.362253
0.720000	-1.445429	0.723938	0.393720	0.094783	-0.822781	0.343685
0.740000	-1.451897	0.691316	0.392353	0.092713	-0.805882	0.326040
0.760000	-1.462392	0.638492	0.396965	0.090508	-0.790097	0.309688
0.780000	-1.478722	0.563740	0.408849	0.088179	-0.775819	0.295002
0.800000	-1.501646	0.466876	0.428457	0.085742	-0.763331	0.282194
0.820000	-1.530101	0.350399	0.454767	0.083214	-0.752723	0.271208
0.840000	-1.562843	0.217077	0.486611	0.080615	-0.744065	0.261960
0.860000	-1.598627	0.069679	0.522822	0.077967	-0.737427	0.254367
0.880000	-1.636208	-0.089030	0.562230	0.075287	-0.732879	0.248345
0.900000	-1.674342	-0.256279	0.603668	0.072595	-0.730490	0.243809
0.920000	-1.711785	-0.429302	0.645968	0.069912	-0.730331	0.240677
0.940000	-1.747291	-0.605331	0.687962	0.067257	-0.732472	0.238863
0.960000	-1.779616	-0.781597	0.728481	0.064650	-0.736982	0.238284
0.980000	-1.807515	-0.955334	0.766357	0.062110	-0.743932	0.238857
1.000000	-1.829744	-1.123772	0.800422	0.059657	-0.753392	0.240497
1.020000	-1.845057	-1.284145	0.829508	0.057311	-0.765431	0.243121
1.040000	-1.852211	-1.433684	0.852447	0.055091	-0.780120	0.246644
1.060000	-1.849961	-1.569621	0.868071	0.053017	-0.797528	0.250984
1.080000	-1.837061	-1.689189	0.875211	0.051109	-0.817725	0.256055
1.100000	-1.812268	-1.789620	0.872700	0.049387	-0.840782	0.261775
1.120000	-1.774337	-1.868145	0.859369	0.047869	-0.866769	0.268059
1.140000	-1.722023	-1.921997	0.834049	0.046577	-0.895754	0.274823
1.160000	-1.654082	-1.948411	0.795575	0.045529	-0.927809	0.281984
1.180000	-1.569832	-1.945938	0.743434	0.044734	-0.962814	0.289449
1.200000	-1.470104	-1.916684	0.678876	0.044173	-1.000143	0.297100
1.220000	-1.355980	-1.863343	0.603448	0.043818	-1.039087	0.304816
1.240000	-1.228543	-1.788610	0.518694	0.043647	-1.078934	0.312476
1.260000	-1.088875	-1.695183	0.426160	0.043633	-1.118975	0.319959
1.280000	-0.938058	-1.585756	0.327391	0.043750	-1.158499	0.327143
1.300000	-0.777176	-1.463025	0.223931	0.043975	-1.196796	0.333907
1.320000	-0.607310	-1.329685	0.117327	0.044281	-1.233155	0.340129
1.340000	-0.429543	-1.188432	0.009123	0.044643	-1.266867	0.345690
1.360000	-0.244957	-1.041963	-0.099135	0.045036	-1.297220	0.350466
1.380000	-0.054636	-0.892971	-0.205903	0.045435	-1.323504	0.354338
1.400000	0.140339	-0.744154	-0.309635	0.045815	-1.345009	0.357183
1.420000	0.338885	-0.598206	-0.408785	0.046150	-1.361025	0.358880
1.440000	0.539919	-0.457824	-0.501810	0.046415	-1.370841	0.359309
1.460000	0.742359	-0.325703	-0.587162	0.046585	-1.373748	0.358347
1.480000	0.945123	-0.204538	-0.663298	0.046634	-1.369033	0.355874
1.500000	1.147053	-0.096645	-0.728959	0.046545	-1.356176	0.351811
1.520000	1.346557	-0.002155	-0.784534	0.046340	-1.335732	0.346334
1.540000	1.541891	0.079582	-0.831003	0.046056	-1.308643	0.339704
1.560000	1.731308	0.149218	-0.869345	0.045729	-1.275850	0.332187
1.580000	1.913063	0.207403	-0.900539	0.045396	-1.238297	0.324045
1.600000	2.085410	0.254788	-0.925565	0.045096	-1.196925	0.315543
1.620000	2.246604	0.292024	-0.945402	0.044863	-1.152676	0.306943
1.640000	2.394898	0.319763	-0.961030	0.044736	-1.106492	0.298510
1.660000	2.528547	0.338654	-0.973428	0.044751	-1.059316	0.290508
1.680000	2.645805	0.349348	-0.983575	0.044945	-1.012089	0.283199
1.700000	2.744927	0.352498	-0.992452	0.045355	-0.965754	0.276848
1.720000	2.824167	0.348753	-1.001037	0.046018	-0.921253	0.271718
1.740000	2.881778	0.338765	-1.010310	0.046970	-0.879528	0.268072
1.760000	2.916016	0.323184	-1.021250	0.048249	-0.841521	0.266176
1.780000	2.925135	0.302661	-1.034836	0.049892	-0.808173	0.266292
1.800000	2.907721	0.277842	-1.051901	0.051929	-0.780319	0.268642
1.820000	2.864928	0.249324	-1.072130	0.054337	-0.757942	0.273138
1.840000	2.799104	0.217684	-1.094680	0.057070	-0.740638	0.279542
1.860000	2.712601	0.183500	-1.118702	0.060082	-0.727996	0.287618
1.880000	2.607773	0.147347	-1.143349	0.063327	-0.719606	0.297127
1.900000	2.486975	0.109802	-1.167773	0.066756	-0.715060	0.307834
1.920000	2.352558	0.071442	-1.191126	0.070325	-0.713948	0.319501
1.940000	2.206877	0.032844	-1.212561	0.073986	-0.715861	0.331891
1.960000	2.052285	-0.005417	-1.231230	0.077693	-0.720389	0.344767
1.980000	1.891136	-0.042763	-1.246285	0.081400	-0.727124	0.357892
2.000000	1.725784	-0.078617	-1.256878	0.085059	-0.735655	0.371029
2.020000	1.558581	-0.112404	-1.262162	0.088625	-0.745574	0.383941
2.040000	1.391882	-0.143546	-1.261290	0.092050	-0.756471	0.396390
2.060000	1.228039	-0.171467	-1.253412	0.095288	-0.767936	0.408139
2.080000	1.069407	-0.195590	-1.237682	0.098293	-0.779561	0.418953
2.100000	0.918339	-0.215339	-1.213252	0.101019	-0.790936	0.428592
