0.000000	-0.238433	0.599227	-0.927100	0.158808	-0.815218	0.483524
0.020000	-0.306231	0.551145	-0.861316	0.157498	-0.824644	0.483775
0.040000	-0.364685	0.486834	-0.785902	0.155134	-0.833585	0.482308
0.060000	-0.415120	0.409641	-0.702324	0.151896	-0.841891	0.479272
0.080000	-0.458860	0.322911	-0.612048	0.147963	-0.849416	0.474818
0.100000	-0.497228	0.229990	-0.516540	0.143517	-0.856010	0.469098
0.120000	-0.531547	0.134224	-0.417264	0.138735	-0.861524	0.462262
0.140000	-0.563142	0.038959	-0.315686	0.133799	-0.865811	0.454460
0.160000	-0.593335	-0.052460	-0.213271	0.128887	-0.868721	0.445843
0.180000	-0.623452	-0.136685	-0.111486	0.124180	-0.870107	0.436563
0.200000	-0.654815	-0.210372	-0.011795	0.119857	-0.869819	0.426769
0.220000	-0.688747	-0.270175	0.084335	0.116099	-0.867709	0.416613
0.240000	-0.726574	-0.312748	0.175441	0.113084	-0.863629	0.406246
0.260000	-0.769618	-0.334744	0.260056	0.110992	-0.857430	0.395817
0.280000	-0.819203	-0.332819	0.336714	0.110004	-0.848963	0.385478
0.300000	-0.876647	-0.303640	0.403954	0.110298	-0.838082	0.375379
0.320000	-0.942576	-0.246077	0.460919	0.111931	-0.824832	0.365638
0.340000	-1.016194	-0.163495	0.507980	0.114707	-0.809652	0.356304
0.360000	-1.096530	-0.059808	0.545664	0.118401	-0.793033	0.347419
0.380000	-1.182617	0.061069	0.574493	0.122787	-0.775462	0.339026
0.400000	-1.273483	0.195220	0.594993	0.127641	-0.757428	0.331164
0.420000	-1.368160	0.338731	0.607688	0.132736	-0.739419	0.323877
0.440000	-1.465679	0.487688	0.613102	0.137847	-0.721924	0.317205
0.460000	-1.565069	0.638174	0.611759	0.142748	-0.705431	0.311190
0.480000	-1.665362	0.786276	0.604184	0.147215	-0.690429	0.305874
0.500000	-1.765588	0.928078	0.590901	0.151020	-0.677406	0.301298
0.520000	-1.864778	1.059665	0.572434	0.153940	-0.666851	0.297504
0.540000	-1.961961	1.177123	0.549309	0.155748	-0.659252	0.294534
0.560000	-2.056170	1.276536	0.522049	0.156219	-0.655098	0.292428
0.580000	-2.146433	1.353991	0.491178	0.155127	-0.654877	0.291230
0.600000	-2.231783	1.405571	0.457221	0.152247	-0.659078	0.290980
0.620000	-2.311249	1.427363	0.420702	0.147353	-0.668189	0.291719
0.640000	-2.383936	1.416570	0.382083	0.140301	-0.682537	0.293467
0.660000	-2.449266	1.375191	0.341553	0.131290	-0.701750	0.296136
0.680000	-2.506743	1.306507	0.299232	0.120613	-0.725271	0.299616
0.700000	-2.555876	1.213800	0.255237	0.108564	-0.752545	0.303792
0.720000	-2.596169	1.100350	0.209687	0.095433	-0.783014	0.308553
0.740000	-2.627130	0.969440	0.162700	0.081514	-0.816121	0.313786
0.760000	-2.648263	0.824349	0.114394	0.067100	-0.851310	0.319378
0.780000	-2.659076	0.668360	0.064888	0.052484	-0.888024	0.325216
0.800000	-2.659074	0.504753	0.014299	0.037956	-0.925705	0.331188
0.820000	-2.647764	0.336810	-0.037254	0.023811	-0.963798	0.337181
0.840000	-2.624651	0.167811	-0.089653	0.010341	-1.001745	0.343083
0.860000	-2.589242	0.001039	-0.142780	-0.002162	-1.038989	0.348780
0.880000	-2.541043	-0.160225	-0.196516	-0.013404	-1.074974	0.354161
0.900000	-2.479561	-0.312701	-0.250743	-0.023095	-1.109143	0.359112
0.920000	-2.404300	-0.453108	-0.305344	-0.030940	-1.140939	0.363521
0.940000	-2.314772	-0.578183	-0.360198	-0.036649	-1.169807	0.367276
0.960000	-2.210765	-0.686144	-0.415111	-0.040114	-1.195360	0.370296
0.980000	-2.092537	-0.777692	-0.469760	-0.041527	-1.217493	0.372556
1.000000	-1.960390	-0.853763	-0.523811	-0.041111	-1.236124	0.374034
1.020000	-1.814628	-0.915293	-0.576929	-0.039088	-1.251176	0.374708
1.040000	-1.655551	-0.963220	-0.628780	-0.035680	-1.262567	0.374559
1.060000	-1.483463	-0.998480	-0.679029	-0.031111	-1.270219	0.373564
1.080000	-1.298666	-1.022010	-0.727341	-0.025601	-1.274053	0.371703
1.100000	-1.101462	-1.034746	-0.773383	-0.019373	-1.273988	0.368955
1.120000	-0.892154	-1.037626	-0.816818	-0.012651	-1.269944	0.365298
1.140000	-0.671044	-1.031586	-0.857314	-0.005655	-1.261844	0.360711
1.160000	-0.438435	-1.017563	-0.894535	0.001391	-1.249606	0.355174
1.180000	-0.194629	-0.996493	-0.928147	0.008266	-1.233152	0.348664
1.200000	0.060071	-0.969314	-0.957815	0.014747	-1.212401	0.341162
1.220000	0.325364	-0.936963	-0.983205	0.020611	-1.187275	0.332645
1.240000	0.600942	-0.900374	-1.003983	0.025638	-1.157694	0.323094
1.260000	0.885629	-0.860292	-1.020097	0.029691	-1.123810	0.312561
1.280000	1.176371	-0.817052	-1.032098	0.032822	-1.086264	0.301262
1.300000	1.469867	-0.770929	-1.040618	0.035107	-1.045766	0.289433
1.320000	1.762817	-0.722204	-1.046288	0.036622	-1.003023	0.277308
1.340000	2.051920	-0.671155	-1.049739	0.037444	-0.958743	0.265125
1.360000	2.333876	-0.618059	-1.051603	0.037649	-0.913633	0.253119
1.380000	2.605385	-0.563196	-1.052511	0.037313	-0.868402	0.241525
1.400000	2.863146	-0.506843	-1.053094	0.036511	-0.823759	0.230580
1.420000	3.103859	-0.449280	-1.053984	0.035320	-0.780409	0.220519
1.440000	3.324222	-0.390784	-1.055811	0.033817	-0.739063	0.211578
1.460000	3.520937	-0.331635	-1.059207	0.032077	-0.700427	0.203993
