0.000000	1.885449	-0.741143	-0.875150	0.111903	-0.713225	0.370345
0.020000	1.939223	-0.773884	-0.821858	0.113068	-0.715834	0.370660
0.040000	1.978629	-0.798747	-0.766587	0.114155	-0.719800	0.371709
0.060000	2.001662	-0.813808	-0.711054	0.115155	-0.724851	0.373443
0.080000	2.006316	-0.817140	-0.656978	0.116060	-0.730717	0.375816
0.100000	1.990586	-0.806820	-0.606077	0.116860	-0.737128	0.378782
0.120000	1.952469	-0.780923	-0.560067	0.117548	-0.743814	0.382293
0.140000	1.889997	-0.737558	-0.520649	0.118115	-0.750504	0.386302
0.160000	1.803032	-0.676414	-0.488618	0.118559	-0.757024	0.390748
0.180000	1.694009	-0.599406	-0.463503	0.118888	-0.763323	0.395548
0.200000	1.565553	-0.508618	-0.444733	0.119110	-0.769365	0.400620
0.220000	1.420293	-0.406131	-0.431742	0.119235	-0.775111	0.405879
0.240000	1.260855	-0.294028	-0.423961	0.119270	-0.780521	0.411242
0.260000	1.089866	-0.174392	-0.420822	0.119224	-0.785559	0.416626
0.280000	0.909955	-0.049305	-0.421756	0.119106	-0.790185	0.421947
0.300000	0.723746	0.079150	-0.426194	0.118923	-0.794362	0.427122
0.320000	0.533869	0.208892	-0.433569	0.118686	-0.798050	0.432068
0.340000	0.342950	0.337836	-0.443313	0.118401	-0.801212	0.436700
0.360000	0.153616	0.463902	-0.454856	0.118078	-0.803809	0.440936
0.380000	-0.031506	0.585006	-0.467631	0.117726	-0.805802	0.444691
0.400000	-0.209789	0.699066	-0.481069	0.117352	-0.807154	0.447883
0.420000	-0.378605	0.803999	-0.494603	0.116965	-0.807826	0.450428
0.440000	-0.535328	0.897723	-0.507662	0.116574	-0.807780	0.452243
0.460000	-0.677502	0.978295	-0.519689	0.116186	-0.806982	0.453247
0.480000	-0.804479	1.045234	-0.530211	0.115805	-0.805468	0.453396
0.500000	-0.916686	1.098929	-0.538810	0.115429	-0.803310	0.452667
0.520000	-1.014563	1.139781	-0.545069	0.115059	-0.800582	0.451038
0.540000	-1.098551	1.168191	-0.548570	0.114693	-0.797356	0.448485
0.560000	-1.169093	1.184560	-0.548895	0.114331	-0.793706	0.444985
0.580000	-1.226629	1.189290	-0.545627	0.113973	-0.789705	0.440517
0.600000	-1.271601	1.182781	-0.538348	0.113617	-0.785428	0.435057
0.620000	-1.304449	1.165435	-0.526640	0.113263	-0.780947	0.428582
0.640000	-1.325615	1.137652	-0.510086	0.112911	-0.776335	0.421069
0.660000	-1.335540	1.099835	-0.488268	0.112560	-0.771666	0.412496
0.680000	-1.334665	1.052383	-0.460768	0.112209	-0.767014	0.402840
0.700000	-1.323432	0.995698	-0.427170	0.111857	-0.762451	0.392079
0.720000	-1.302281	0.930182	-0.387054	0.111505	-0.758051	0.380188
0.740000	-1.271654	0.856234	-0.340005	0.111151	-0.753888	0.367147
0.760000	-1.231992	0.774258	-0.285603	0.110795	-0.750035	0.352931
0.780000	-1.183743	0.684673	-0.223459	0.110437	-0.746566	0.337524
0.800000	-1.127561	0.588535	-0.154022	0.110086	-0.743623	0.321109
0.820000	-1.064336	0.487634	-0.078719	0.109766	-0.741418	0.304096
0.840000	-0.994974	0.383803	0.000969	0.109497	-0.740169	0.286910
0.860000	-0.920381	0.278874	0.083559	0.109305	-0.740094	0.269976
0.880000	-0.841462	0.174679	0.167571	0.109211	-0.741411	0.253718
0.900000	-0.759121	0.073050	0.251524	0.109238	-0.744338	0.238560
0.920000	-0.674265	-0.024181	0.333935	0.109409	-0.749092	0.224929
0.940000	-0.587798	-0.115181	0.413323	0.109747	-0.755892	0.213247
0.960000	-0.500627	-0.198119	0.488207	0.110275	-0.764955	0.203939
0.980000	-0.413655	-0.271162	0.557105	0.111016	-0.776499	0.197431
1.000000	-0.327789	-0.332479	0.618536	0.111992	-0.790743	0.194146
1.020000	-0.243933	-0.380237	0.671019	0.113226	-0.807903	0.194509
1.040000	-0.162993	-0.412603	0.713071	0.114742	-0.828198	0.198945
1.060000	-0.085874	-0.427747	0.743211	0.116562	-0.851846	0.207878
1.080000	-0.013475	-0.423864	0.759977	0.118707	-0.879058	0.221724
1.100000	0.053690	-0.400676	0.762889	0.121167	-0.909678	0.240463
1.120000	0.115676	-0.360177	0.752929	0.123875	-0.943008	0.263421
1.140000	0.172582	-0.304542	0.731198	0.126763	-0.978305	0.289873
1.160000	0.224511	-0.235947	0.698798	0.129761	-1.014825	0.319093
1.180000	0.271562	-0.156567	0.656829	0.132802	-1.051827	0.350356
1.200000	0.313837	-0.068578	0.606392	0.135815	-1.088565	0.382937
1.220000	0.351435	0.025843	0.548589	0.138732	-1.124299	0.416110
1.240000	0.384458	0.124520	0.484520	0.141484	-1.158284	0.449150
1.260000	0.413007	0.225279	0.415287	0.144002	-1.189778	0.481331
1.280000	0.437183	0.325943	0.341990	0.146217	-1.218037	0.511928
1.300000	0.457085	0.424336	0.265731	0.148060	-1.242318	0.540216
1.320000	0.472815	0.518282	0.187610	0.149462	-1.261879	0.565468
1.340000	0.484474	0.605606	0.108729	0.150354	-1.275977	0.586960
1.360000	0.492162	0.684131	0.030189	0.150667	-1.283868	0.603967
1.380000	0.495979	0.751682	-0.046910	0.150333	-1.284809	0.615762
1.400000	0.496028	0.806083	-0.121466	0.149281	-1.278058	0.621620
1.420000	0.492439	0.845870	-0.192561	0.147482	-1.263238	0.621127
1.440000	0.485438	0.871721	-0.259828	0.145017	-1.241074	0.614798
1.460000	0.475267	0.884716	-0.323003	0.141990	-1.212500	0.603326
1.480000	0.462169	0.885934	-0.381822	0.138505	-1.178449	0.587402
1.500000	0.446386	0.876457	-0.436022	0.134665	-1.139853	0.567717
1.520000	0.428160	0.857363	-0.485337	0.130575	-1.097646	0.544965
1.540000	0.407735	0.829732	-0.529504	0.126337	-1.052760	0.519836
1.560000	0.385353	0.794645	-0.568259	0.122057	-1.006128	0.493022
1.580000	0.361256	0.753182	-0.601339	0.117836	-0.958683	0.465215
1.600000	0.335687	0.706421	-0.628478	0.113780	-0.911358	0.437107
1.620000	0.308889	0.655444	-0.649414	0.109991	-0.865086	0.409389
1.640000	0.281104	0.601329	-0.663882	0.106574	-0.820799	0.382754
1.660000	0.252574	0.545158	-0.671617	0.103633	-0.779431	0.357893
1.680000	0.223542	0.488009	-0.672357	0.101270	-0.741915	0.335497
1.700000	0.194251	0.430963	-0.665838	0.099589	-0.709183	0.316260
1.720000	0.164943	0.375100	-0.651794	0.098696	-0.682168	0.300871
1.740000	0.135817	0.321430	-0.630100	0.098672	-0.661656	0.289919
1.760000	0.106780	0.270507	-0.601521	0.099478	-0.647475	0.283309
1.780000	0.077627	0.222705	-0.567180	0.101022	-0.639075	0.280677
