0.000000	0.472087	0.349476	-1.041902	0.069349	-0.440132	0.201579
0.020000	0.254449	0.338522	-1.048467	0.070199	-0.446008	0.207785
0.040000	0.026824	0.313841	-1.043700	0.072641	-0.460133	0.219853
0.060000	-0.206996	0.277923	-1.028693	0.076479	-0.481424	0.236955
0.080000	-0.443218	0.233258	-1.004540	0.081517	-0.508803	0.258264
0.100000	-0.678049	0.182335	-0.972334	0.087560	-0.541187	0.282952
0.120000	-0.907696	0.127643	-0.933168	0.094413	-0.577497	0.310191
0.140000	-1.128366	0.071673	-0.888134	0.101878	-0.616652	0.339152
0.160000	-1.336266	0.016913	-0.838327	0.109761	-0.657571	0.369009
0.180000	-1.527604	-0.034147	-0.784839	0.117867	-0.699173	0.398933
0.200000	-1.698586	-0.079018	-0.728762	0.125998	-0.740378	0.428097
0.220000	-1.845419	-0.115209	-0.671191	0.133961	-0.780104	0.455673
0.240000	-1.964311	-0.140232	-0.613218	0.141559	-0.817273	0.480833
0.260000	-2.051469	-0.151597	-0.555937	0.148596	-0.850801	0.502748
0.280000	-2.103099	-0.146815	-0.500439	0.154877	-0.879610	0.520593
0.300000	-2.115591	-0.123502	-0.447791	0.160211	-0.902650	0.533564
0.320000	-2.089675	-0.081819	-0.398397	0.164536	-0.919642	0.541506
0.340000	-2.030516	-0.024521	-0.351984	0.167919	-0.931089	0.544916
0.360000	-1.943477	0.045518	-0.308252	0.170432	-0.937532	0.544324
0.380000	-1.833923	0.125426	-0.266897	0.172149	-0.939509	0.540259
0.400000	-1.707218	0.212330	-0.227618	0.173143	-0.937562	0.533249
0.420000	-1.568725	0.303356	-0.190113	0.173487	-0.932229	0.523824
0.440000	-1.423809	0.395631	-0.154079	0.173253	-0.924050	0.512511
0.460000	-1.277834	0.486283	-0.119215	0.172515	-0.913564	0.499841
0.480000	-1.136163	0.572437	-0.085219	0.171345	-0.901313	0.486340
0.500000	-1.004161	0.651222	-0.051789	0.169818	-0.887834	0.472540
0.520000	-0.887191	0.719764	-0.018622	0.168005	-0.873669	0.458967
0.540000	-0.790619	0.775190	0.014584	0.165979	-0.859356	0.446152
0.560000	-0.719807	0.814627	0.048129	0.163815	-0.845435	0.434622
0.580000	-0.680120	0.835202	0.082317	0.161584	-0.832447	0.424907
0.600000	-0.676921	0.834042	0.117450	0.159360	-0.820930	0.417535
0.620000	-0.715550	0.808288	0.153828	0.157215	-0.811423	0.413034
0.640000	-0.797905	0.757050	0.191570	0.155198	-0.804266	0.411667
0.660000	-0.918976	0.683390	0.230433	0.153306	-0.799401	0.413175
0.680000	-1.072930	0.590842	0.270128	0.151531	-0.796722	0.417231
0.700000	-1.253933	0.482938	0.310367	0.149865	-0.796124	0.423513
0.720000	-1.456150	0.363213	0.350863	0.148301	-0.797500	0.431695
0.740000	-1.673749	0.235200	0.391328	0.146828	-0.800746	0.441454
0.760000	-1.900895	0.102433	0.431473	0.145441	-0.805755	0.452465
0.780000	-2.131754	-0.031555	0.471012	0.144130	-0.812422	0.464404
0.800000	-2.360492	-0.163229	0.509655	0.142888	-0.820641	0.476947
0.820000	-2.581276	-0.289057	0.547115	0.141706	-0.830307	0.489769
0.840000	-2.788270	-0.405505	0.583104	0.140577	-0.841314	0.502546
0.860000	-2.975643	-0.509040	0.617335	0.139491	-0.853556	0.514955
0.880000	-3.137559	-0.596126	0.649519	0.138442	-0.866928	0.526669
0.900000	-3.268185	-0.663232	0.679369	0.137420	-0.881323	0.537367
0.920000	-3.361686	-0.706823	0.706596	0.136418	-0.896637	0.546722
0.940000	-3.412517	-0.723591	0.730919	0.135429	-0.912760	0.554424
0.960000	-3.420095	-0.714126	0.752151	0.134448	-0.929512	0.560393
0.980000	-3.388034	-0.682307	0.770190	0.133479	-0.946656	0.564742
1.000000	-3.320077	-0.632119	0.784933	0.132524	-0.963951	0.567591
1.020000	-3.219968	-0.567545	0.796279	0.131584	-0.981159	0.569061
1.040000	-3.091452	-0.492569	0.804128	0.130662	-0.998039	0.569270
1.060000	-2.938273	-0.411174	0.808378	0.129759	-1.014351	0.568340
1.080000	-2.764175	-0.327345	0.808927	0.128879	-1.029857	0.566389
1.100000	-2.572902	-0.245066	0.805675	0.128022	-1.044315	0.563539
1.120000	-2.368197	-0.168319	0.798519	0.127191	-1.057487	0.559909
1.140000	-2.153806	-0.101089	0.787360	0.126389	-1.069133	0.555618
1.160000	-1.933472	-0.047360	0.772095	0.125616	-1.079013	0.550787
1.180000	-1.710940	-0.011115	0.752624	0.124876	-1.086887	0.545536
1.200000	-1.489953	0.003662	0.728845	0.124170	-1.092515	0.539985
1.220000	-1.274256	-0.007013	0.700657	0.123500	-1.095658	0.534253
1.240000	-1.067593	-0.047124	0.667958	0.122869	-1.096076	0.528461
1.260000	-0.873193	-0.119597	0.630677	0.122277	-1.093584	0.522710
1.280000	-0.691432	-0.221484	0.588902	0.121718	-1.088294	0.516997
1.300000	-0.521695	-0.347809	0.542781	0.121183	-1.080424	0.511286
1.320000	-0.363371	-0.493593	0.492459	0.120663	-1.070192	0.505537
1.340000	-0.215844	-0.653857	0.438081	0.120148	-1.057815	0.499713
1.360000	-0.078503	-0.823622	0.379793	0.119631	-1.043510	0.493776
1.380000	0.049268	-0.997911	0.317740	0.119101	-1.027495	0.487688
1.400000	0.168080	-1.171743	0.252070	0.118551	-1.009987	0.481411
1.420000	0.278549	-1.340141	0.182926	0.117970	-0.991202	0.474908
1.440000	0.381286	-1.498125	0.110456	0.117351	-0.971360	0.468139
1.460000	0.476907	-1.640718	0.034805	0.116683	-0.950676	0.461067
1.480000	0.566023	-1.762940	-0.043882	0.115959	-0.929368	0.453655
1.500000	0.649249	-1.859812	-0.125459	0.115169	-0.907654	0.445864
1.520000	0.727199	-1.926357	-0.209779	0.114304	-0.885751	0.437656
1.540000	0.800485	-1.957594	-0.296698	0.113355	-0.863876	0.428993
1.560000	0.869719	-1.948564	-0.386068	0.112314	-0.842247	0.419838
1.580000	0.935223	-1.897248	-0.477385	0.111180	-0.821057	0.410208
1.600000	0.996700	-1.807886	-0.569392	0.109973	-0.800453	0.400234
1.620000	1.053775	-1.685514	-0.660736	0.108713	-0.780572	0.390063
1.640000	1.106073	-1.535169	-0.750064	0.107424	-0.761555	0.379843
1.660000	1.153218	-1.361888	-0.836021	0.106127	-0.743541	0.369720
1.680000	1.194835	-1.170708	-0.917256	0.104843	-0.726669	0.359841
1.700000	1.230549	-0.966666	-0.992413	0.103594	-0.711078	0.350353
1.720000	1.259985	-0.754798	-1.060140	0.102402	-0.696907	0.341403
1.740000	1.282767	-0.540142	-1.119082	0.101288	-0.684295	0.333138
1.760000	1.298521	-0.327735	-1.167888	0.100274	-0.673382	0.325704
