0.000000	1.668318	0.182945	-1.826214	0.138718	-0.470736	0.207162
0.020000	1.575164	0.194070	-1.756747	0.138814	-0.480924	0.214471
0.040000	1.474684	0.207172	-1.670920	0.137809	-0.498908	0.224488
0.060000	1.367629	0.221635	-1.571127	0.135825	-0.523612	0.236861
0.080000	1.254753	0.236841	-1.459757	0.132985	-0.553956	0.251239
0.100000	1.136806	0.252172	-1.339204	0.129410	-0.588864	0.267269
0.120000	1.014542	0.267011	-1.211858	0.125223	-0.627257	0.284601
0.140000	0.888712	0.280739	-1.080111	0.120546	-0.668058	0.302882
0.160000	0.760067	0.292739	-0.946356	0.115502	-0.710189	0.321760
0.180000	0.629361	0.302393	-0.812983	0.110212	-0.752572	0.340884
0.200000	0.497346	0.309084	-0.682385	0.104799	-0.794129	0.359903
0.220000	0.364773	0.312194	-0.556953	0.099385	-0.833783	0.378463
0.240000	0.232394	0.311105	-0.439079	0.094092	-0.870455	0.396214
0.260000	0.100962	0.305200	-0.331155	0.089043	-0.903068	0.412804
0.280000	-0.028771	0.293860	-0.235572	0.084359	-0.930544	0.427882
0.300000	-0.156056	0.276578	-0.154433	0.080154	-0.951915	0.441122
0.320000	-0.280155	0.253809	-0.087312	0.076469	-0.967164	0.452448
0.340000	-0.400341	0.226506	-0.032472	0.073304	-0.976768	0.461910
0.360000	-0.515885	0.195628	0.011831	0.070660	-0.981210	0.469557
0.380000	-0.626060	0.162130	0.047345	0.068537	-0.980971	0.475441
0.400000	-0.730135	0.126972	0.075816	0.066937	-0.976532	0.479613
0.420000	-0.827385	0.091109	0.098989	0.065860	-0.968375	0.482122
0.440000	-0.917079	0.055500	0.118612	0.065308	-0.956981	0.483020
0.460000	-0.998489	0.021103	0.136431	0.065280	-0.942831	0.482357
0.480000	-1.070888	-0.011127	0.154191	0.065779	-0.926408	0.480184
0.500000	-1.133547	-0.040230	0.173639	0.066804	-0.908193	0.476551
0.520000	-1.185738	-0.065250	0.196521	0.068356	-0.888667	0.471510
0.540000	-1.226732	-0.085229	0.224584	0.070437	-0.868312	0.465111
0.560000	-1.255800	-0.099209	0.259574	0.073047	-0.847609	0.457404
0.580000	-1.272216	-0.106234	0.303236	0.076187	-0.827039	0.448440
0.600000	-1.275354	-0.105415	0.357159	0.079853	-0.807067	0.438277
0.620000	-1.265859	-0.096695	0.420996	0.083973	-0.787934	0.427055
0.640000	-1.245218	-0.080575	0.493117	0.088432	-0.769736	0.414970
0.660000	-1.214934	-0.057562	0.571868	0.093115	-0.752566	0.402219
0.680000	-1.176509	-0.028166	0.655597	0.097906	-0.736518	0.388999
0.700000	-1.131445	0.007104	0.742649	0.102690	-0.721683	0.375507
0.720000	-1.081245	0.047741	0.831371	0.107350	-0.708156	0.361940
0.740000	-1.027412	0.093235	0.920109	0.111771	-0.696028	0.348494
0.760000	-0.971446	0.143077	1.007211	0.115837	-0.685394	0.335367
0.780000	-0.914851	0.196759	1.091022	0.119432	-0.676346	0.322755
0.800000	-0.859130	0.253771	1.169889	0.122442	-0.668977	0.310856
0.820000	-0.805784	0.313606	1.242158	0.124749	-0.663379	0.299865
0.840000	-0.756317	0.375754	1.306176	0.126239	-0.659647	0.289981
0.860000	-0.712229	0.439706	1.360290	0.126795	-0.657874	0.281399
0.880000	-0.675025	0.504954	1.402845	0.126302	-0.658151	0.274317
0.900000	-0.646205	0.570989	1.432189	0.124645	-0.660572	0.268932
0.920000	-0.627240	0.637297	1.446701	0.121709	-0.665229	0.265437
0.940000	-0.618291	0.703134	1.446048	0.117487	-0.672167	0.263884
0.960000	-0.617833	0.767466	1.431565	0.112105	-0.681369	0.264144
0.980000	-0.624228	0.829235	1.404697	0.105698	-0.692816	0.266076
1.000000	-0.635836	0.887385	1.366886	0.098402	-0.706487	0.269538
1.020000	-0.651020	0.940862	1.319579	0.090352	-0.722363	0.274389
1.040000	-0.668141	0.988608	1.264220	0.081683	-0.740423	0.280487
1.060000	-0.685560	1.029567	1.202253	0.072532	-0.760647	0.287690
1.080000	-0.701640	1.062684	1.135123	0.063033	-0.783015	0.295857
1.100000	-0.714741	1.086903	1.064275	0.053322	-0.807507	0.304847
1.120000	-0.723225	1.101168	0.991154	0.043535	-0.834103	0.314518
1.140000	-0.725454	1.104422	0.917203	0.033806	-0.862783	0.324729
1.160000	-0.719789	1.095609	0.843868	0.024271	-0.893527	0.335337
1.180000	-0.704591	1.073674	0.772593	0.015066	-0.926314	0.346202
1.200000	-0.678223	1.037561	0.704823	0.006326	-0.961125	0.357183
1.220000	-0.639046	0.986213	0.642002	-0.001813	-0.997939	0.368136
1.240000	-0.585627	0.918772	0.585426	-0.009225	-1.036693	0.378924
1.260000	-0.518464	0.836243	0.534998	-0.015861	-1.076911	0.389426
1.280000	-0.439112	0.740645	0.489857	-0.021713	-1.117891	0.399534
1.300000	-0.349135	0.634008	0.449136	-0.026777	-1.158930	0.409138
1.320000	-0.250098	0.518365	0.411965	-0.031046	-1.199324	0.418130
1.340000	-0.143567	0.395745	0.377477	-0.034515	-1.238371	0.426400
1.360000	-0.031105	0.268179	0.344804	-0.037177	-1.275366	0.433841
1.380000	0.085721	0.137699	0.313078	-0.039027	-1.309606	0.440342
1.400000	0.205348	0.006335	0.281430	-0.040059	-1.340388	0.445796
1.420000	0.326210	-0.123882	0.248993	-0.040267	-1.367008	0.450092
1.440000	0.446742	-0.250921	0.214899	-0.039645	-1.388763	0.453124
1.460000	0.565380	-0.372751	0.178279	-0.038188	-1.404949	0.454780
1.480000	0.680558	-0.487343	0.138266	-0.035889	-1.414863	0.454953
1.500000	0.790712	-0.592664	0.093991	-0.032742	-1.417802	0.453534
1.520000	0.894277	-0.686683	0.044586	-0.028742	-1.413061	0.450414
1.540000	0.989687	-0.767371	-0.010816	-0.023883	-1.399938	0.445484
1.560000	1.075760	-0.833194	-0.072714	-0.018187	-1.378071	0.438711
1.580000	1.152606	-0.884304	-0.140346	-0.011772	-1.348263	0.430317
1.600000	1.220612	-0.921216	-0.212684	-0.004774	-1.311562	0.420582
1.620000	1.280164	-0.944442	-0.288699	0.002668	-1.269019	0.409783
1.640000	1.331648	-0.954496	-0.367363	0.010417	-1.221682	0.398198
1.660000	1.375452	-0.951889	-0.447648	0.018335	-1.170601	0.386105
1.680000	1.411960	-0.937135	-0.528524	0.026285	-1.116824	0.373783
1.700000	1.441560	-0.910747	-0.608964	0.034129	-1.061402	0.361508
