0.000000	-0.670209	-0.877879	-0.929606	0.094802	-0.729257	0.365958
0.020000	-0.793116	-0.915689	-0.869642	0.095968	-0.739330	0.368550
0.040000	-0.888382	-0.923257	-0.814559	0.097365	-0.749243	0.371607
0.060000	-0.954919	-0.900220	-0.765269	0.098987	-0.758835	0.375078
0.080000	-0.994903	-0.849842	-0.721527	0.100801	-0.768124	0.378905
0.100000	-1.010674	-0.775573	-0.683027	0.102771	-0.777136	0.383033
0.120000	-1.004574	-0.680860	-0.649464	0.104863	-0.785900	0.387405
0.140000	-0.978941	-0.569151	-0.620532	0.107040	-0.794441	0.391964
0.160000	-0.936116	-0.443895	-0.595926	0.109268	-0.802789	0.396653
0.180000	-0.878439	-0.308539	-0.575341	0.111512	-0.810969	0.401417
0.200000	-0.808251	-0.166531	-0.558472	0.113736	-0.819008	0.406198
0.220000	-0.727891	-0.021320	-0.545014	0.115905	-0.826935	0.410940
0.240000	-0.639700	0.123647	-0.534661	0.117983	-0.834775	0.415587
0.260000	-0.546018	0.264921	-0.527108	0.119936	-0.842557	0.420082
0.280000	-0.449184	0.399055	-0.522051	0.121728	-0.850307	0.424368
0.300000	-0.351540	0.522601	-0.519183	0.123325	-0.858053	0.428389
0.320000	-0.255425	0.632111	-0.518200	0.124690	-0.865822	0.432088
0.340000	-0.163179	0.724135	-0.518796	0.125788	-0.873640	0.435409
0.360000	-0.077044	0.795715	-0.520603	0.126593	-0.881514	0.438295
0.380000	0.001472	0.847536	-0.522782	0.127136	-0.889292	0.440684
0.400000	0.071196	0.881938	-0.524278	0.127476	-0.896749	0.442516
0.420000	0.130956	0.901270	-0.524038	0.127672	-0.903662	0.443727
0.440000	0.179580	0.907880	-0.521006	0.127783	-0.909805	0.444256
0.460000	0.215896	0.904117	-0.514129	0.127869	-0.914956	0.444040
0.480000	0.238732	0.892329	-0.502350	0.127988	-0.918888	0.443017
0.500000	0.246916	0.874864	-0.484617	0.128199	-0.921379	0.441126
0.520000	0.239276	0.854071	-0.459873	0.128562	-0.922203	0.438302
0.540000	0.214640	0.832298	-0.427065	0.129135	-0.921136	0.434486
0.560000	0.171836	0.811894	-0.385138	0.129978	-0.917955	0.429613
0.580000	0.109692	0.795207	-0.333038	0.131150	-0.912434	0.423623
0.600000	0.027036	0.784585	-0.269708	0.132708	-0.904349	0.416453
0.620000	-0.077305	0.782377	-0.194096	0.134714	-0.893476	0.408040
0.640000	-0.204501	0.790931	-0.105146	0.137225	-0.879590	0.398323
0.660000	-0.355724	0.812595	-0.001805	0.140302	-0.862468	0.387239
0.680000	-0.530767	0.848671	0.116085	0.143953	-0.842105	0.374803
0.700000	-0.725593	0.897557	0.246190	0.148053	-0.819105	0.361244
0.720000	-0.935505	0.957147	0.385745	0.152454	-0.794180	0.346824
0.740000	-1.155805	1.025338	0.531987	0.157007	-0.768039	0.331811
0.760000	-1.381795	1.100026	0.682151	0.161562	-0.741392	0.316467
0.780000	-1.608777	1.179105	0.833473	0.165972	-0.714951	0.301058
0.800000	-1.832053	1.260472	0.983188	0.170086	-0.689425	0.285850
0.820000	-2.046925	1.342022	1.128532	0.173757	-0.665525	0.271106
0.840000	-2.248695	1.421651	1.266741	0.176835	-0.643961	0.257091
0.860000	-2.432666	1.497254	1.395050	0.179171	-0.625443	0.244070
0.880000	-2.594140	1.566727	1.510696	0.180617	-0.610682	0.232308
0.900000	-2.728419	1.627965	1.610913	0.181023	-0.600389	0.222070
0.920000	-2.830804	1.678865	1.692938	0.180241	-0.595273	0.213621
0.940000	-2.896599	1.717322	1.754006	0.178121	-0.596045	0.207224
0.960000	-2.921105	1.741231	1.791353	0.174516	-0.603415	0.203146
0.980000	-2.899624	1.748487	1.802215	0.169276	-0.618094	0.201651
1.000000	-2.828556	1.737412	1.784419	0.162295	-0.640605	0.202948
1.020000	-2.710836	1.708855	1.739317	0.153724	-0.670361	0.206922
1.040000	-2.551811	1.664599	1.669565	0.143812	-0.706365	0.213335
1.060000	-2.356832	1.606428	1.577815	0.132804	-0.747617	0.221951
1.080000	-2.131248	1.536126	1.466725	0.120947	-0.793120	0.232532
1.100000	-1.880410	1.455477	1.338949	0.108487	-0.841877	0.244842
1.120000	-1.609669	1.366266	1.197143	0.095673	-0.892888	0.258644
1.140000	-1.324376	1.270277	1.043961	0.082749	-0.945155	0.273701
1.160000	-1.029879	1.169293	0.882060	0.069964	-0.997681	0.289775
1.180000	-0.731531	1.065100	0.714095	0.057564	-1.049467	0.306630
1.200000	-0.434680	0.959482	0.542720	0.045795	-1.099515	0.324029
1.220000	-0.144679	0.854222	0.370592	0.034904	-1.146827	0.341734
1.240000	0.133124	0.751106	0.200366	0.025139	-1.190404	0.359509
1.260000	0.393376	0.651916	0.034697	0.016745	-1.229249	0.377117
1.280000	0.630729	0.558438	-0.123760	0.009970	-1.262364	0.394321
1.300000	0.839841	0.472453	-0.272354	0.005059	-1.288751	0.410883
1.320000	1.017566	0.395064	-0.409331	0.002138	-1.307828	0.426614
1.340000	1.165719	0.325843	-0.534974	0.001054	-1.319943	0.441428
1.360000	1.286800	0.264150	-0.649845	0.001619	-1.325572	0.455252
1.380000	1.383308	0.209347	-0.754505	0.003642	-1.325194	0.468016
1.400000	1.457742	0.160793	-0.849516	0.006934	-1.319286	0.479647
1.420000	1.512601	0.117849	-0.935439	0.011307	-1.308324	0.490073
1.440000	1.550383	0.079876	-1.012836	0.016569	-1.292786	0.499224
1.460000	1.573589	0.046234	-1.082269	0.022533	-1.273149	0.507028
1.480000	1.584716	0.016284	-1.144300	0.029008	-1.249891	0.513412
1.500000	1.586264	-0.010613	-1.199489	0.035806	-1.223488	0.518306
1.520000	1.580731	-0.035097	-1.248399	0.042736	-1.194418	0.521638
1.540000	1.570618	-0.057808	-1.291591	0.049609	-1.163157	0.523335
1.560000	1.558422	-0.079384	-1.329627	0.056237	-1.130184	0.523327
1.580000	1.546643	-0.100466	-1.363069	0.062428	-1.095975	0.521541
1.600000	1.537780	-0.121692	-1.392477	0.067995	-1.061007	0.517907
1.620000	1.534332	-0.143702	-1.418415	0.072747	-1.025758	0.512352
1.640000	1.538231	-0.167021	-1.441298	0.076535	-0.990667	0.504850
1.660000	1.548703	-0.191620	-1.460851	0.079391	-0.955990	0.495595
1.680000	1.564169	-0.217308	-1.476595	0.081407	-0.921929	0.484844
1.700000	1.583048	-0.243893	-1.488047	0.082671	-0.888686	0.472855
1.720000	1.603759	-0.271183	-1.494726	0.083273	-0.856464	0.459886
1.740000	1.624721	-0.298987	-1.496152	0.083304	-0.825465	0.446194
1.760000	1.644356	-0.327113	-1.491844	0.082851	-0.795890	0.432038
1.780000	1.661081	-0.355370	-1.481320	0.082006	-0.767943	0.417675
1.800000	1.673316	-0.383564	-1.464099	0.080857	-0.741824	0.403363
1.820000	1.679482	-0.411506	-1.439701	0.079495	-0.717737	0.389361
1.840000	1.677996	-0.439002	-1.407644	0.078009	-0.695883	0.375925
1.860000	1.667280	-0.465861	-1.367447	0.076488	-0.676465	0.363314
1.880000	1.645753	-0.491892	-1.318629	0.075023	-0.659684	0.351786
1.900000	1.611833	-0.516902	-1.260709	0.073702	-0.645742	0.341598
1.920000	1.563941	-0.540701	-1.193205	0.072616	-0.634843	0.333009
1.940000	1.500507	-0.563094	-1.115646	0.071854	-0.627186	0.326275
1.960000	1.421087	-0.583812	-1.028314	0.071474	-0.622820	0.321532
1.980000	1.327323	-0.602436	-0.932899	0.071479	-0.621515	0.318694
2.000000	1.221080	-0.618533	-0.831243	0.071865	-0.623007	0.317649
