0.000000	3.298051	-0.857054	-1.581410	0.046932	-0.745833	0.202252
0.020000	3.296147	-1.043717	-1.591779	0.050088	-0.707799	0.199938
0.040000	3.255596	-1.189453	-1.595771	0.054004	-0.676338	0.200792
0.060000	3.174023	-1.286961	-1.594007	0.058771	-0.652506	0.205212
0.080000	3.052108	-1.334328	-1.586945	0.064383	-0.636573	0.213228
0.100000	2.894258	-1.336200	-1.574838	0.070717	-0.627848	0.224420
0.120000	2.705106	-1.297627	-1.557924	0.077642	-0.625578	0.238345
0.140000	2.489284	-1.223655	-1.536446	0.085026	-0.629013	0.254555
0.160000	2.251425	-1.119333	-1.510643	0.092740	-0.637403	0.272605
0.180000	1.996162	-0.989707	-1.480755	0.100650	-0.649997	0.292049
0.200000	1.728127	-0.839827	-1.447024	0.108628	-0.666043	0.312442
0.220000	1.451954	-0.674738	-1.409689	0.116541	-0.684791	0.333336
0.240000	1.172274	-0.499490	-1.368991	0.124260	-0.705490	0.354288
0.260000	0.893722	-0.319129	-1.325169	0.131651	-0.727389	0.374851
0.280000	0.620929	-0.138703	-1.278466	0.138586	-0.749738	0.394578
0.300000	0.358528	0.036740	-1.229120	0.144933	-0.771785	0.413025
0.320000	0.111152	0.202153	-1.177372	0.150560	-0.792780	0.429746
0.340000	-0.116566	0.352487	-1.123463	0.155337	-0.811973	0.444294
0.360000	-0.319994	0.482696	-1.067633	0.159133	-0.828611	0.456224
0.380000	-0.494976	0.588247	-1.010107	0.161834	-0.842019	0.465142
0.400000	-0.641507	0.669089	-0.950973	0.163464	-0.852169	0.471099
0.420000	-0.761716	0.727473	-0.890249	0.164122	-0.859365	0.474376
0.440000	-0.857747	0.765669	-0.827954	0.163908	-0.863915	0.475257
0.460000	-0.931747	0.785948	-0.764105	0.162921	-0.866127	0.474024
0.480000	-0.985861	0.790580	-0.698720	0.161258	-0.866309	0.470959
0.500000	-1.022234	0.781836	-0.631817	0.159019	-0.864767	0.466347
0.520000	-1.043013	0.761987	-0.563414	0.156304	-0.861811	0.460470
0.540000	-1.050344	0.733302	-0.493528	0.153210	-0.857746	0.453611
0.560000	-1.046370	0.698052	-0.422178	0.149837	-0.852881	0.446053
0.580000	-1.033239	0.658508	-0.349382	0.146283	-0.847524	0.438079
0.600000	-1.013096	0.616939	-0.275156	0.142649	-0.841982	0.429972
0.620000	-0.988087	0.575617	-0.199520	0.139032	-0.836563	0.422015
0.640000	-0.960357	0.536812	-0.122491	0.135531	-0.831575	0.414490
0.660000	-0.932051	0.502794	-0.044086	0.132246	-0.827324	0.407682
0.680000	-0.905316	0.475833	0.035676	0.129275	-0.824119	0.401872
0.700000	-0.882255	0.458141	0.116758	0.126714	-0.822255	0.397333
0.720000	-0.863967	0.450520	0.198687	0.124589	-0.821761	0.394097
0.740000	-0.850542	0.452356	0.280547	0.122854	-0.822390	0.391950
0.760000	-0.842024	0.462972	0.361401	0.121460	-0.823887	0.390670
0.780000	-0.838458	0.481690	0.440313	0.120359	-0.825995	0.390034
0.800000	-0.839888	0.507831	0.516350	0.119501	-0.828457	0.389818
0.820000	-0.846359	0.540720	0.588573	0.118838	-0.831017	0.389798
0.840000	-0.857916	0.579677	0.656049	0.118320	-0.833419	0.389752
0.860000	-0.874602	0.624026	0.717841	0.117900	-0.835404	0.389456
0.880000	-0.896463	0.673089	0.773014	0.117528	-0.836718	0.388687
0.900000	-0.923543	0.726189	0.820632	0.117156	-0.837103	0.387221
0.920000	-0.955886	0.782647	0.859760	0.116735	-0.836303	0.384836
0.940000	-0.993536	0.841787	0.889461	0.116215	-0.834061	0.381307
0.960000	-1.036540	0.902930	0.908800	0.115549	-0.830121	0.376412
0.980000	-1.084940	0.965399	0.916842	0.114686	-0.824225	0.369928
1.000000	-1.138781	1.028517	0.912651	0.113580	-0.816118	0.361631
1.020000	-1.198106	1.091604	0.895298	0.112180	-0.805545	0.351299
1.040000	-1.262591	1.153853	0.864816	0.110456	-0.792526	0.338898
1.060000	-1.331192	1.214198	0.823142	0.108416	-0.777624	0.324766
1.080000	-1.402782	1.271543	0.772435	0.106070	-0.761467	0.309286
1.100000	-1.476229	1.324791	0.714857	0.103427	-0.744683	0.292840
1.120000	-1.550406	1.372848	0.652568	0.100500	-0.727900	0.275808
1.140000	-1.624184	1.414615	0.587729	0.097299	-0.711744	0.258575
1.160000	-1.696432	1.448998	0.522499	0.093834	-0.696845	0.241520
1.180000	-1.766023	1.474901	0.459040	0.090116	-0.683829	0.225027
1.200000	-1.831828	1.491228	0.399512	0.086156	-0.673323	0.209478
1.220000	-1.892716	1.496881	0.346075	0.081964	-0.665957	0.195254
1.240000	-1.947559	1.490766	0.300891	0.077552	-0.662357	0.182737
1.260000	-1.995229	1.471787	0.266119	0.072930	-0.663152	0.172310
1.280000	-2.034596	1.438847	0.243920	0.068108	-0.668968	0.164355
1.300000	-2.064530	1.390850	0.236455	0.063097	-0.680433	0.159253
1.320000	-2.083904	1.326700	0.245884	0.057908	-0.698175	0.157386
1.340000	-2.091587	1.245302	0.274368	0.052552	-0.722823	0.159138
1.360000	-2.086555	1.146171	0.323034	0.047049	-0.754712	0.164750
1.380000	-2.068209	1.031356	0.388730	0.041461	-0.792982	0.173895
1.400000	-2.036064	0.903562	0.467200	0.035860	-0.836458	0.186098
1.420000	-1.989631	0.765494	0.554187	0.030318	-0.883967	0.200880
1.440000	-1.928425	0.619855	0.645433	0.024908	-0.934336	0.217766
1.460000	-1.851959	0.469350	0.736681	0.019702	-0.986393	0.236280
1.480000	-1.759745	0.316684	0.823675	0.014773	-1.038963	0.255946
1.500000	-1.651298	0.164561	0.902156	0.010191	-1.090874	0.276286
1.520000	-1.526129	0.015685	0.967868	0.006031	-1.140952	0.296825
1.540000	-1.383753	-0.127239	1.016554	0.002364	-1.188025	0.317087
1.560000	-1.223683	-0.261506	1.043956	-0.000739	-1.230919	0.336594
1.580000	-1.045431	-0.384413	1.045817	-0.003203	-1.268460	0.354871
1.600000	-0.848512	-0.493255	1.017880	-0.004958	-1.299477	0.371442
1.620000	-0.632438	-0.585327	0.955888	-0.005930	-1.322795	0.385829
1.640000	-0.396812	-0.658008	0.855756	-0.006051	-1.337277	0.397570
1.660000	-0.143566	-0.710791	0.717811	-0.005322	-1.342706	0.406523
1.680000	0.122894	-0.745427	0.547081	-0.003820	-1.339841	0.412894
1.700000	0.398041	-0.763773	0.348823	-0.001625	-1.329490	0.416902
1.720000	0.677348	-0.767687	0.128289	0.001181	-1.312462	0.418768
1.740000	0.956287	-0.759026	-0.109264	0.004518	-1.289564	0.418714
1.760000	1.230333	-0.739649	-0.358581	0.008305	-1.261605	0.416959
1.780000	1.494958	-0.711413	-0.614408	0.012462	-1.229392	0.413724
1.800000	1.745635	-0.676177	-0.871489	0.016908	-1.193733	0.409230
1.820000	1.977837	-0.635797	-1.124569	0.021561	-1.155437	0.403698
1.840000	2.187037	-0.592133	-1.368394	0.026342	-1.115310	0.397349
1.860000	2.368709	-0.547041	-1.597707	0.031170	-1.074161	0.390402
1.880000	2.518324	-0.502380	-1.807255	0.035963	-1.032799	0.383079
1.900000	2.631358	-0.460008	-1.991782	0.040641	-0.992030	0.375600
1.920000	2.703281	-0.421782	-2.146032	0.045124	-0.952663	0.368186
1.940000	2.729568	-0.389561	-2.264752	0.049330	-0.915506	0.361058
1.960000	2.705691	-0.365202	-2.342685	0.053180	-0.881367	0.354436
1.980000	2.627125	-0.350563	-2.374578	0.056591	-0.851053	0.348541
