0.000000	0.861806	0.214595	-0.306175	0.119634	-0.683821	0.361837
0.020000	0.924934	0.269463	-0.237618	0.122107	-0.680792	0.357729
0.040000	0.995705	0.329408	-0.164458	0.125001	-0.680920	0.354921
0.060000	1.071746	0.392617	-0.088220	0.128222	-0.683850	0.353341
0.080000	1.150681	0.457278	-0.010433	0.131680	-0.689233	0.352914
0.100000	1.230136	0.521578	0.067378	0.135281	-0.696715	0.353565
0.120000	1.307735	0.583704	0.143685	0.138933	-0.705945	0.355221
0.140000	1.381104	0.641842	0.216961	0.142544	-0.716572	0.357809
0.160000	1.447868	0.694181	0.285680	0.146021	-0.728243	0.361253
0.180000	1.505651	0.738907	0.348314	0.149273	-0.740607	0.365479
0.200000	1.552079	0.774207	0.403336	0.152206	-0.753312	0.370415
0.220000	1.584777	0.798268	0.449220	0.154729	-0.766005	0.375985
0.240000	1.601370	0.809278	0.484439	0.156748	-0.778336	0.382116
0.260000	1.599484	0.805424	0.507466	0.158173	-0.789953	0.388734
0.280000	1.577000	0.785123	0.516971	0.158919	-0.800525	0.395757
0.300000	1.534235	0.748974	0.513484	0.158995	-0.809928	0.403044
0.320000	1.472848	0.698777	0.498560	0.158457	-0.818151	0.410415
0.340000	1.394508	0.636343	0.473766	0.157364	-0.825185	0.417692
0.360000	1.300886	0.563484	0.440668	0.155773	-0.831019	0.424698
0.380000	1.193653	0.482012	0.400830	0.153741	-0.835645	0.431255
0.400000	1.074480	0.393739	0.355818	0.151327	-0.839052	0.437183
0.420000	0.945038	0.300475	0.307198	0.148588	-0.841231	0.442306
0.440000	0.806997	0.204034	0.256537	0.145582	-0.842172	0.446444
0.460000	0.662028	0.106226	0.205399	0.142367	-0.841865	0.449420
0.480000	0.511802	0.008863	0.155350	0.138999	-0.840300	0.451056
0.500000	0.357990	-0.086243	0.107956	0.135538	-0.837468	0.451172
0.520000	0.202263	-0.177280	0.064783	0.132040	-0.833358	0.449592
0.540000	0.046291	-0.262436	0.027396	0.128563	-0.827962	0.446137
0.560000	-0.108254	-0.339900	-0.002639	0.125165	-0.821270	0.440628
0.580000	-0.259703	-0.407860	-0.023757	0.121905	-0.813271	0.432888
0.600000	-0.406620	-0.464990	-0.034846	0.118823	-0.804003	0.422839
0.620000	-0.548380	-0.511624	-0.036359	0.115913	-0.793662	0.410746
0.640000	-0.684528	-0.548452	-0.029078	0.113154	-0.782480	0.396949
0.660000	-0.814611	-0.576162	-0.013788	0.110528	-0.770686	0.381786
0.680000	-0.938175	-0.595444	0.008729	0.108015	-0.758511	0.365596
0.700000	-1.054768	-0.606987	0.037688	0.105596	-0.746187	0.348720
0.720000	-1.163936	-0.611481	0.072305	0.103251	-0.733944	0.331495
0.740000	-1.265224	-0.609614	0.111797	0.100961	-0.722012	0.314260
0.760000	-1.358180	-0.602076	0.155380	0.098708	-0.710623	0.297356
0.780000	-1.442350	-0.589557	0.202270	0.096471	-0.700008	0.281120
0.800000	-1.517281	-0.572746	0.251684	0.094231	-0.690396	0.265892
0.820000	-1.582518	-0.552331	0.302838	0.091969	-0.682019	0.252011
0.840000	-1.637609	-0.529002	0.354948	0.089665	-0.675108	0.239816
0.860000	-1.682100	-0.503449	0.407230	0.087301	-0.669892	0.229646
0.880000	-1.715538	-0.476361	0.458901	0.084857	-0.666604	0.221839
0.900000	-1.737468	-0.448426	0.509177	0.082314	-0.665473	0.216736
0.920000	-1.747523	-0.420290	0.557286	0.079659	-0.666704	0.214629
0.940000	-1.745962	-0.392263	0.602539	0.076929	-0.670302	0.215462
0.960000	-1.733329	-0.364503	0.644288	0.074184	-0.676180	0.219027
0.980000	-1.710170	-0.337169	0.681883	0.071484	-0.684255	0.225111
1.000000	-1.677030	-0.310421	0.714675	0.068888	-0.694440	0.233504
1.020000	-1.634454	-0.284416	0.742015	0.066457	-0.706649	0.243994
1.040000	-1.582988	-0.259314	0.763253	0.064250	-0.720798	0.256370
1.060000	-1.523176	-0.235272	0.777741	0.062328	-0.736801	0.270421
1.080000	-1.455565	-0.212451	0.784828	0.060749	-0.754572	0.285937
1.100000	-1.380699	-0.191007	0.783866	0.059573	-0.774026	0.302705
1.120000	-1.299123	-0.171101	0.774205	0.058861	-0.795077	0.320514
1.140000	-1.211384	-0.152891	0.755197	0.058673	-0.817640	0.339154
1.160000	-1.118026	-0.136535	0.726191	0.059067	-0.841630	0.358414
1.180000	-1.019594	-0.122192	0.686539	0.060104	-0.866961	0.378081
1.200000	-0.916633	-0.110021	0.635591	0.061844	-0.893547	0.397946
1.220000	-0.809699	-0.100156	0.572830	0.064338	-0.921280	0.417797
1.240000	-0.699425	-0.092493	0.499083	0.067548	-0.949817	0.437437
1.260000	-0.586498	-0.086787	0.415955	0.071387	-0.978682	0.456671
1.280000	-0.471603	-0.082790	0.325063	0.075765	-1.007394	0.475309
1.300000	-0.355425	-0.080257	0.228024	0.080594	-1.035473	0.493158
1.320000	-0.238650	-0.078941	0.126454	0.085785	-1.062441	0.510024
1.340000	-0.121962	-0.078595	0.021969	0.091247	-1.087817	0.525716
1.360000	-0.006047	-0.078973	-0.083815	0.096894	-1.111122	0.540042
1.380000	0.108409	-0.079827	-0.189280	0.102635	-1.131876	0.552808
1.400000	0.220721	-0.080912	-0.292812	0.108382	-1.149600	0.563822
1.420000	0.330204	-0.081980	-0.392793	0.114046	-1.163813	0.572892
1.440000	0.436172	-0.082785	-0.487607	0.119537	-1.174037	0.579826
1.460000	0.537940	-0.083081	-0.575638	0.124767	-1.179792	0.584431
1.480000	0.634824	-0.082620	-0.655270	0.129648	-1.180598	0.586514
1.500000	0.726136	-0.081157	-0.724885	0.134089	-1.175976	0.585884
1.520000	0.811193	-0.078444	-0.782868	0.138002	-1.165445	0.582347
1.540000	0.889308	-0.074248	-0.827645	0.141300	-1.148548	0.575721
1.560000	0.959788	-0.068697	-0.858855	0.143954	-1.125455	0.566097
1.580000	1.021929	-0.062333	-0.877519	0.146002	-1.097051	0.553880
1.600000	1.075029	-0.055721	-0.884735	0.147483	-1.064257	0.539490
1.620000	1.118384	-0.049423	-0.881597	0.148439	-1.027998	0.523349
1.640000	1.151290	-0.044004	-0.869202	0.148911	-0.989195	0.505877
1.660000	1.173044	-0.040029	-0.848645	0.148939	-0.948772	0.487496
1.680000	1.182943	-0.038061	-0.821022	0.148564	-0.907651	0.468626
1.700000	1.180284	-0.038664	-0.787430	0.147826	-0.866755	0.449689
1.720000	1.164362	-0.042402	-0.748964	0.146766	-0.827007	0.431105
