0.000000	0.048149	0.178399	-0.528198	0.103211	-0.635900	0.281657
0.020000	0.018141	0.137960	-0.485697	0.105955	-0.637399	0.285883
0.040000	-0.012605	0.101764	-0.440800	0.109160	-0.643018	0.292990
0.060000	-0.044296	0.070183	-0.394630	0.112737	-0.652203	0.302611
0.080000	-0.077138	0.043590	-0.348308	0.116592	-0.664401	0.314382
0.100000	-0.111340	0.022360	-0.302957	0.120635	-0.679060	0.327936
0.120000	-0.147107	0.006864	-0.259700	0.124773	-0.695626	0.342908
0.140000	-0.184647	-0.002522	-0.219659	0.128914	-0.713545	0.358932
0.160000	-0.224166	-0.005427	-0.183956	0.132968	-0.732264	0.375642
0.180000	-0.265873	-0.001475	-0.153714	0.136842	-0.751231	0.392673
0.200000	-0.309973	0.009705	-0.130055	0.140444	-0.769891	0.409659
0.220000	-0.356673	0.028488	-0.114101	0.143682	-0.787692	0.426235
0.240000	-0.406182	0.055246	-0.106975	0.146466	-0.804081	0.442034
0.260000	-0.458691	0.090268	-0.109703	0.148707	-0.818524	0.456701
0.280000	-0.514177	0.132483	-0.121808	0.150385	-0.830813	0.470031
0.300000	-0.572444	0.179744	-0.141615	0.151529	-0.840995	0.481941
0.320000	-0.633290	0.229870	-0.167416	0.152173	-0.849127	0.492350
0.340000	-0.696513	0.280683	-0.197501	0.152350	-0.855263	0.501180
0.360000	-0.761912	0.330004	-0.230163	0.152092	-0.859460	0.508349
0.380000	-0.829286	0.375654	-0.263693	0.151431	-0.861772	0.513777
0.400000	-0.898433	0.415455	-0.296384	0.150401	-0.862256	0.517384
0.420000	-0.969152	0.447227	-0.326525	0.149034	-0.860966	0.519091
0.440000	-1.041241	0.468792	-0.352411	0.147363	-0.857958	0.518817
0.460000	-1.114499	0.477970	-0.372331	0.145421	-0.853288	0.516481
0.480000	-1.188725	0.472583	-0.384578	0.143239	-0.847010	0.512005
0.500000	-1.263717	0.450452	-0.387443	0.140852	-0.839181	0.505307
0.520000	-1.339273	0.409398	-0.379218	0.138290	-0.829856	0.496308
0.540000	-1.415193	0.347242	-0.358195	0.135588	-0.819090	0.484927
0.560000	-1.491275	0.261805	-0.322665	0.132777	-0.806938	0.471084
0.580000	-1.567317	0.150954	-0.270946	0.129891	-0.793459	0.454704
0.600000	-1.643139	0.015262	-0.202889	0.126951	-0.778802	0.435913
0.620000	-1.718589	-0.140500	-0.120727	0.123966	-0.763262	0.415157
0.640000	-1.793521	-0.311200	-0.026897	0.120941	-0.747149	0.392910
0.660000	-1.867785	-0.491707	0.076166	0.117883	-0.730768	0.369644
0.680000	-1.941235	-0.676889	0.186024	0.114798	-0.714429	0.345832
0.700000	-2.013722	-0.861614	0.300241	0.111691	-0.698439	0.321948
0.720000	-2.085099	-1.040750	0.416381	0.108570	-0.683107	0.298464
0.740000	-2.155217	-1.209167	0.532008	0.105440	-0.668739	0.275853
0.760000	-2.223928	-1.361731	0.644684	0.102307	-0.655644	0.254588
0.780000	-2.291086	-1.493313	0.751973	0.099178	-0.644130	0.235142
0.800000	-2.356540	-1.598779	0.851438	0.096058	-0.634505	0.217988
0.820000	-2.420145	-1.672998	0.940644	0.092954	-0.627076	0.203599
0.840000	-2.481752	-1.710839	1.017154	0.089872	-0.622152	0.192449
0.860000	-2.541213	-1.707170	1.078530	0.086818	-0.620040	0.185009
0.880000	-2.598380	-1.656859	1.122338	0.083799	-0.621048	0.181753
0.900000	-2.653105	-1.554775	1.146139	0.080820	-0.625484	0.183154
0.920000	-2.705013	-1.398466	1.148421	0.077894	-0.633548	0.189471
0.940000	-2.753011	-1.193935	1.130579	0.075057	-0.645098	0.200293
0.960000	-2.795865	-0.948846	1.094582	0.072349	-0.659923	0.215075
0.980000	-2.832341	-0.670868	1.042398	0.069807	-0.677814	0.233273
1.000000	-2.861206	-0.367667	0.975996	0.067473	-0.698562	0.254342
1.020000	-2.881225	-0.046909	0.897346	0.065384	-0.721957	0.277738
1.040000	-2.891164	0.283740	0.808416	0.063582	-0.747790	0.302916
1.060000	-2.889789	0.616612	0.711174	0.062104	-0.775851	0.329332
1.080000	-2.875866	0.944041	0.607590	0.060992	-0.805930	0.356442
1.100000	-2.848162	1.258360	0.499633	0.060283	-0.837818	0.383700
1.120000	-2.805442	1.551903	0.389270	0.060017	-0.871306	0.410562
1.140000	-2.746472	1.817004	0.278472	0.060235	-0.906184	0.436485
1.160000	-2.670018	2.045995	0.169207	0.060975	-0.942242	0.460923
1.180000	-2.574847	2.231210	0.063443	0.062276	-0.979270	0.483333
1.200000	-2.459724	2.364983	-0.036851	0.064179	-1.017060	0.503168
1.220000	-2.323945	2.441727	-0.130058	0.066701	-1.055340	0.519993
1.240000	-2.169015	2.464520	-0.216037	0.069772	-1.093583	0.533813
1.260000	-1.997013	2.438698	-0.295025	0.073301	-1.131197	0.544751
1.280000	-1.810017	2.369597	-0.367264	0.077194	-1.167587	0.552929
1.300000	-1.610108	2.262552	-0.432993	0.081358	-1.202160	0.558470
1.320000	-1.399365	2.122898	-0.492453	0.085700	-1.234322	0.561495
1.340000	-1.179867	1.955972	-0.545882	0.090129	-1.263481	0.562127
1.360000	-0.953693	1.767108	-0.593521	0.094551	-1.289042	0.560489
1.380000	-0.722922	1.561642	-0.635610	0.098874	-1.310413	0.556702
1.400000	-0.489634	1.344909	-0.672388	0.103004	-1.327000	0.550890
1.420000	-0.255909	1.122245	-0.704096	0.106850	-1.338208	0.543174
1.440000	-0.023824	0.898986	-0.730973	0.110318	-1.343446	0.533677
1.460000	0.204539	0.680467	-0.753259	0.113315	-1.342119	0.522521
1.480000	0.427103	0.472023	-0.771194	0.115750	-1.333634	0.509829
1.500000	0.641788	0.278989	-0.785018	0.117529	-1.317398	0.495723
1.520000	0.846651	0.105965	-0.794990	0.118581	-1.293007	0.480341
1.540000	1.040507	-0.046525	-0.801470	0.118962	-1.261109	0.463916
1.560000	1.222429	-0.179352	-0.804856	0.118767	-1.222711	0.446712
1.580000	1.391493	-0.293389	-0.805544	0.118093	-1.178822	0.428991
1.600000	1.546771	-0.389506	-0.803931	0.117037	-1.130449	0.411017
1.620000	1.687339	-0.468578	-0.800413	0.115695	-1.078600	0.393054
1.640000	1.812269	-0.531477	-0.795388	0.114164	-1.024284	0.375366
1.660000	1.920637	-0.579074	-0.789252	0.112541	-0.968508	0.358215
1.680000	2.011516	-0.612243	-0.782401	0.110921	-0.912281	0.341866
1.700000	2.083981	-0.631855	-0.775234	0.109402	-0.856610	0.326582
1.720000	2.137105	-0.638784	-0.768145	0.108081	-0.802504	0.312626
1.740000	2.169963	-0.633901	-0.761533	0.107053	-0.750970	0.300262
1.760000	2.181628	-0.618079	-0.755793	0.106415	-0.703017	0.289753
1.780000	2.171176	-0.592191	-0.751322	0.106265	-0.659652	0.281364
1.800000	2.137679	-0.557109	-0.748518	0.106698	-0.621884	0.275357
