0.000000	-2.634597	0.612837	-0.133704	0.107378	-0.772241	0.368917
0.020000	-2.854558	0.584123	-0.083671	0.099361	-0.765128	0.361747
0.040000	-3.052252	0.552755	-0.024035	0.090104	-0.759206	0.355124
0.060000	-3.227189	0.518934	0.043356	0.079844	-0.754664	0.349069
0.080000	-3.378879	0.482860	0.116652	0.068818	-0.751695	0.343607
0.100000	-3.506829	0.444734	0.194003	0.057267	-0.750487	0.338759
0.120000	-3.610551	0.404757	0.273561	0.045427	-0.751233	0.334548
0.140000	-3.689553	0.363130	0.353476	0.033537	-0.754123	0.330997
0.160000	-3.743345	0.320052	0.431898	0.021835	-0.759346	0.328129
0.180000	-3.771436	0.275725	0.506978	0.010559	-0.767095	0.325967
0.200000	-3.773336	0.230349	0.576867	-0.000052	-0.777559	0.324533
0.220000	-3.748554	0.184125	0.639715	-0.009761	-0.790930	0.323850
0.240000	-3.696600	0.137254	0.693673	-0.018329	-0.807397	0.323941
0.260000	-3.616983	0.089936	0.736892	-0.025518	-0.827152	0.324828
0.280000	-3.509212	0.042372	0.767522	-0.031089	-0.850385	0.326535
0.300000	-3.372843	-0.005237	0.783753	-0.034811	-0.877275	0.329082
0.320000	-3.208944	-0.052640	0.785080	-0.036631	-0.907616	0.332430
0.340000	-3.020396	-0.099535	0.772556	-0.036710	-0.940738	0.336468
0.360000	-2.810183	-0.145612	0.747329	-0.035225	-0.975946	0.341082
0.380000	-2.581294	-0.190564	0.710546	-0.032352	-1.012544	0.346156
0.400000	-2.336715	-0.234083	0.663352	-0.028265	-1.049838	0.351576
0.420000	-2.079431	-0.275860	0.606896	-0.023140	-1.087130	0.357225
0.440000	-1.812430	-0.315589	0.542322	-0.017153	-1.123725	0.362990
0.460000	-1.538699	-0.352961	0.470779	-0.010480	-1.158928	0.368754
0.480000	-1.261223	-0.387667	0.393413	-0.003295	-1.192042	0.374404
0.500000	-0.982989	-0.419401	0.311370	0.004226	-1.222373	0.379824
0.520000	-0.706984	-0.447854	0.225798	0.011906	-1.249224	0.384898
0.540000	-0.436194	-0.472718	0.137843	0.019572	-1.271899	0.389512
0.560000	-0.173607	-0.493686	0.048651	0.027046	-1.289703	0.393551
0.580000	0.077793	-0.510449	-0.040630	0.034155	-1.301941	0.396900
0.600000	0.315036	-0.522702	-0.128860	0.040723	-1.307924	0.399445
0.620000	0.536268	-0.530302	-0.215265	0.046655	-1.307424	0.401135
0.640000	0.741336	-0.533355	-0.299631	0.051979	-1.300920	0.402021
0.660000	0.930231	-0.531987	-0.381792	0.056731	-1.288947	0.402158
0.680000	1.102944	-0.526326	-0.461580	0.060947	-1.272044	0.401604
0.700000	1.259468	-0.516496	-0.538831	0.064665	-1.250746	0.400416
0.720000	1.399792	-0.502627	-0.613376	0.067921	-1.225591	0.398650
0.740000	1.523909	-0.484842	-0.685051	0.070753	-1.197116	0.396364
0.760000	1.631809	-0.463270	-0.753688	0.073197	-1.165857	0.393616
0.780000	1.723484	-0.438037	-0.819122	0.075289	-1.132353	0.390460
0.800000	1.798926	-0.409270	-0.881185	0.077067	-1.097138	0.386956
0.820000	1.858125	-0.377094	-0.939711	0.078567	-1.060752	0.383160
0.840000	1.901073	-0.341637	-0.994535	0.079826	-1.023729	0.379128
0.860000	1.927762	-0.303026	-1.045489	0.080881	-0.986608	0.374918
0.880000	1.938181	-0.261386	-1.092407	0.081769	-0.949926	0.370587
0.900000	1.932324	-0.216844	-1.135124	0.082526	-0.914218	0.366192
0.920000	1.910181	-0.169528	-1.173471	0.083190	-0.880023	0.361790
0.940000	1.871772	-0.119586	-1.207288	0.083796	-0.847866	0.357438
0.960000	1.817775	-0.067692	-1.236508	0.084377	-0.818032	0.353203
0.980000	1.749519	-0.015041	-1.261161	0.084959	-0.790568	0.349157
1.000000	1.668362	0.037153	-1.281281	0.085567	-0.765507	0.345377
1.020000	1.575658	0.087674	-1.296901	0.086228	-0.742885	0.341937
1.040000	1.472767	0.135307	-1.308055	0.086967	-0.722738	0.338911
1.060000	1.361044	0.178835	-1.314777	0.087812	-0.705100	0.336374
1.080000	1.241846	0.217044	-1.317100	0.088788	-0.690007	0.334400
1.100000	1.116531	0.248717	-1.315057	0.089920	-0.677495	0.333066
1.120000	0.986455	0.272640	-1.308683	0.091236	-0.667597	0.332444
1.140000	0.852974	0.287596	-1.298012	0.092762	-0.660350	0.332610
1.160000	0.717447	0.292370	-1.283076	0.094522	-0.655790	0.333638
1.180000	0.581229	0.285747	-1.263910	0.096545	-0.653950	0.335603
1.200000	0.445678	0.266511	-1.240546	0.098854	-0.654866	0.338580
1.220000	0.312150	0.233446	-1.213020	0.101478	-0.658574	0.342643
1.240000	0.182003	0.185338	-1.181364	0.104441	-0.665109	0.347868
1.260000	0.056475	0.121315	-1.145613	0.107761	-0.674460	0.354299
1.280000	-0.063991	0.042830	-1.105808	0.111392	-0.686307	0.361794
1.300000	-0.179277	-0.047705	-1.061991	0.115264	-0.700205	0.370130
1.320000	-0.289269	-0.147881	-1.014206	0.119305	-0.715706	0.379084
1.340000	-0.393850	-0.255282	-0.962495	0.123446	-0.732363	0.388434
1.360000	-0.492905	-0.367498	-0.906903	0.127614	-0.749729	0.397958
1.380000	-0.586318	-0.482116	-0.847471	0.131740	-0.767358	0.407431
1.400000	-0.673975	-0.596723	-0.784244	0.135753	-0.784803	0.416632
1.420000	-0.755758	-0.708907	-0.717263	0.139580	-0.801616	0.425339
1.440000	-0.831554	-0.816255	-0.646573	0.143153	-0.817351	0.433328
1.460000	-0.901246	-0.916355	-0.572215	0.146400	-0.831560	0.440377
1.480000	-0.964719	-1.006794	-0.494234	0.149249	-0.843798	0.446264
1.500000	-1.021857	-1.085159	-0.412672	0.151631	-0.853616	0.450765
1.520000	-1.072545	-1.149040	-0.327573	0.153474	-0.860569	0.453658
1.540000	-1.116667	-1.196021	-0.238979	0.154708	-0.864208	0.454721
1.560000	-1.154108	-1.223693	-0.146934	0.155261	-0.864088	0.453731
1.580000	-1.184789	-1.229804	-0.051496	0.155067	-0.859791	0.450479
1.600000	-1.209258	-1.214789	0.047003	0.154106	-0.851383	0.444987
1.620000	-1.228571	-1.181283	0.148010	0.152401	-0.839332	0.437466
1.640000	-1.243800	-1.131988	0.250967	0.149977	-0.824112	0.428132
1.660000	-1.256019	-1.069604	0.355315	0.146857	-0.806203	0.417202
1.680000	-1.266300	-0.996831	0.460494	0.143064	-0.786080	0.404892
1.700000	-1.275715	-0.916369	0.565944	0.138624	-0.764220	0.391420
1.720000	-1.285336	-0.830920	0.671107	0.133559	-0.741101	0.377000
1.740000	-1.296236	-0.743184	0.775424	0.127894	-0.717200	0.361850
1.760000	-1.309489	-0.655861	0.878334	0.121652	-0.692994	0.346186
1.780000	-1.326165	-0.571651	0.979280	0.114858	-0.668959	0.330225
1.800000	-1.347337	-0.493256	1.077701	0.107535	-0.645573	0.314182
1.820000	-1.374079	-0.423376	1.173039	0.099706	-0.623313	0.298275
1.840000	-1.407462	-0.364711	1.264733	0.091396	-0.602656	0.282720
1.860000	-1.448559	-0.319962	1.352226	0.082630	-0.584078	0.267734
1.880000	-1.498443	-0.291829	1.434957	0.073429	-0.568058	0.253532
1.900000	-1.557776	-0.282410	1.512368	0.063830	-0.555017	0.240314
1.920000	-1.625023	-0.290562	1.583898	0.053926	-0.545092	0.228187
1.940000	-1.697916	-0.314063	1.648985	0.043829	-0.538319	0.217226
1.960000	-1.774184	-0.350686	1.707071	0.033654	-0.534739	0.207507
1.980000	-1.851558	-0.398208	1.757593	0.023512	-0.534388	0.199106
2.000000	-1.927768	-0.454405	1.799991	0.013517	-0.537306	0.192098
2.020000	-2.000545	-0.517051	1.833705	0.003783	-0.543530	0.186559
2.040000	-2.067617	-0.583921	1.858173	-0.005579	-0.553099	0.182565
2.060000	-2.126717	-0.652793	1.872836	-0.014454	-0.566052	0.180192
2.080000	-2.175574	-0.721440	1.877131	-0.022730	-0.582426	0.179514
2.100000	-2.211918	-0.787638	1.870500	-0.030293	-0.602260	0.180608
2.120000	-2.233479	-0.849163	1.852380	-0.037032	-0.625593	0.183550
2.140000	-2.237989	-0.903789	1.822212	-0.042831	-0.652462	0.188415
2.160000	-2.223176	-0.949294	1.779434	-0.047580	-0.682906	0.195278
2.180000	-2.186772	-0.983451	1.723487	-0.051163	-0.716963	0.204217
2.200000	-2.126506	-1.004036	1.653808	-0.053469	-0.754672	0.215305
2.220000	-2.040338	-1.009007	1.569939	-0.054395	-0.796030	0.228599
2.240000	-1.929069	-0.998583	1.472678	-0.053967	-0.840528	0.243911
2.260000	-1.795426	-0.974515	1.363676	-0.052300	-0.887313	0.260887
2.280000	-1.642170	-0.938583	1.244597	-0.049509	-0.935527	0.279168
2.300000	-1.472065	-0.892567	1.117109	-0.045711	-0.984311	0.298398
2.320000	-1.287873	-0.838246	0.982877	-0.041023	-1.032806	0.318220
2.340000	-1.092356	-0.777401	0.843567	-0.035558	-1.080152	0.338276
2.360000	-0.888278	-0.711811	0.700846	-0.029435	-1.125493	0.358208
2.380000	-0.678400	-0.643255	0.556380	-0.022768	-1.167967	0.377660
2.400000	-0.465486	-0.573515	0.411834	-0.015674	-1.206717	0.396273
2.420000	-0.252297	-0.504369	0.268875	-0.008269	-1.240884	0.413692
2.440000	-0.041597	-0.437598	0.129168	-0.000669	-1.269608	0.429558
2.460000	0.163852	-0.374981	-0.005619	0.007011	-1.292031	0.443514
2.480000	0.361288	-0.318299	-0.133822	0.014654	-1.307294	0.455202
2.500000	0.547947	-0.269330	-0.253774	0.022144	-1.314539	0.464266
2.520000	0.721068	-0.229856	-0.363808	0.029365	-1.312906	0.470348
2.540000	0.878362	-0.201228	-0.462611	0.036223	-1.301836	0.473202
2.560000	1.019582	-0.182960	-0.550380	0.042714	-1.282061	0.473060
2.580000	1.145033	-0.174070	-0.627724	0.048858	-1.254661	0.470282
2.600000	1.255019	-0.173574	-0.695250	0.054678	-1.220717	0.465230
2.620000	1.349844	-0.180491	-0.753564	0.060193	-1.181309	0.458265
2.640000	1.429812	-0.193836	-0.803274	0.065424	-1.137516	0.449747
2.660000	1.495229	-0.212628	-0.844987	0.070394	-1.090419	0.440038
2.680000	1.546397	-0.235885	-0.879310	0.075122	-1.041098	0.429498
2.700000	1.583621	-0.262622	-0.906851	0.079630	-0.990634	0.418488
2.720000	1.607205	-0.291858	-0.928215	0.083938	-0.940105	0.407370
2.740000	1.617454	-0.322610	-0.944012	0.088069	-0.890593	0.396504
2.760000	1.614672	-0.353895	-0.954846	0.092041	-0.843178	0.386252
2.780000	1.599162	-0.384730	-0.961327	0.095878	-0.798939	0.376974
2.800000	1.571230	-0.414134	-0.964061	0.099599	-0.758957	0.369031
2.820000	1.531180	-0.441123	-0.963654	0.103225	-0.724312	0.362784
2.840000	1.479318	-0.464719	-0.960712	0.106778	-0.696077	0.358591
2.860000	1.416215	-0.484355	-0.955643	0.110268	-0.674755	0.356614
2.880000	1.342883	-0.500149	-0.948524	0.113687	-0.659890	0.356682
2.900000	1.260377	-0.512290	-0.939397	0.117029	-0.650935	0.358591
2.920000	1.169751	-0.520962	-0.928309	0.120283	-0.647340	0.362137
2.940000	1.072060	-0.526353	-0.915303	0.123441	-0.648557	0.367118
2.960000	0.968358	-0.528649	-0.900424	0.126495	-0.654037	0.373330
2.980000	0.859701	-0.528038	-0.883717	0.129436	-0.663233	0.380569
3.000000	0.747142	-0.524705	-0.865225	0.132255	-0.675595	0.388632
3.020000	0.631737	-0.518836	-0.844993	0.134945	-0.690575	0.397316
3.040000	0.514540	-0.510620	-0.823067	0.137496	-0.707625	0.406418
3.060000	0.396606	-0.500241	-0.799490	0.139899	-0.726195	0.415733
3.080000	0.278989	-0.487888	-0.774306	0.142147	-0.745739	0.425060
3.100000	0.162745	-0.473745	-0.747560	0.144230	-0.765706	0.434193
3.120000	0.048927	-0.458000	-0.719297	0.146140	-0.785548	0.442930
3.140000	-0.061409	-0.440840	-0.689561	0.147869	-0.804718	0.451068
3.160000	-0.167210	-0.422451	-0.658397	0.149407	-0.822666	0.458403
3.180000	-0.267434	-0.403009	-0.625851	0.150747	-0.838854	0.464736
3.200000	-0.361448	-0.382422	-0.592049	0.151884	-0.852986	0.469961
3.220000	-0.449057	-0.360300	-0.557197	0.152820	-0.865036	0.474079
3.240000	-0.530090	-0.336242	-0.521507	0.153554	-0.874989	0.477095
3.260000	-0.604375	-0.309845	-0.485191	0.154089	-0.882832	0.479013
3.280000	-0.671740	-0.280707	-0.448462	0.154425	-0.888552	0.479840
3.300000	-0.732015	-0.248424	-0.411531	0.154563	-0.892134	0.479580
3.320000	-0.785027	-0.212594	-0.374610	0.154505	-0.893565	0.478238
3.340000	-0.830605	-0.172814	-0.337911	0.154251	-0.892830	0.475818
3.360000	-0.868578	-0.128682	-0.301646	0.153802	-0.889917	0.472327
3.380000	-0.898772	-0.079795	-0.266027	0.153160	-0.884811	0.467770
3.400000	-0.921018	-0.025751	-0.231265	0.152325	-0.877498	0.462150
3.420000	-0.935143	0.033854	-0.197573	0.151299	-0.867965	0.455474
3.440000	-0.940976	0.099422	-0.165162	0.150082	-0.856198	0.447747
3.460000	-0.938346	0.171355	-0.134245	0.148676	-0.842183	0.438972
3.480000	-0.927079	0.250056	-0.105033	0.147081	-0.825907	0.429157
3.500000	-0.907177	0.335736	-0.077693	0.145298	-0.807396	0.418319
