0.000000	-0.535669	0.052840	-0.156253	-0.106262	-0.971374	-0.070635
0.020000	-0.543816	0.027377	-0.158560	-0.106428	-0.972021	-0.071769
0.040000	-0.548558	0.001041	-0.160511	-0.106539	-0.972907	-0.072852
0.060000	-0.550363	-0.025648	-0.162118	-0.106600	-0.973997	-0.073871
0.080000	-0.549701	-0.052170	-0.163394	-0.106612	-0.975258	-0.074817
0.100000	-0.547041	-0.078003	-0.164352	-0.106581	-0.976655	-0.075679
0.120000	-0.542852	-0.102628	-0.165006	-0.106508	-0.978154	-0.076445
0.140000	-0.537604	-0.125524	-0.165367	-0.106397	-0.979719	-0.077105
0.160000	-0.531766	-0.146171	-0.165450	-0.106252	-0.981316	-0.077648
0.180000	-0.525808	-0.164047	-0.165268	-0.106075	-0.982912	-0.078062
0.200000	-0.520198	-0.178633	-0.164833	-0.105871	-0.984471	-0.078337
0.220000	-0.515406	-0.189408	-0.164159	-0.105642	-0.985959	-0.078462
0.240000	-0.511901	-0.195851	-0.163259	-0.105392	-0.987341	-0.078426
0.260000	-0.510152	-0.197442	-0.162146	-0.105125	-0.988583	-0.078218
0.280000	-0.510629	-0.193661	-0.160832	-0.104842	-0.989651	-0.077827
0.300000	-0.513766	-0.184039	-0.159332	-0.104549	-0.990512	-0.077244
0.320000	-0.519530	-0.168790	-0.157656	-0.104254	-0.991163	-0.076483
0.340000	-0.527561	-0.148605	-0.155817	-0.103968	-0.991625	-0.075575
0.360000	-0.537493	-0.124186	-0.153827	-0.103705	-0.991915	-0.074551
0.380000	-0.548961	-0.096235	-0.151695	-0.103475	-0.992053	-0.073441
0.400000	-0.561597	-0.065455	-0.149435	-0.103292	-0.992059	-0.072277
0.420000	-0.575035	-0.032547	-0.147057	-0.103166	-0.991950	-0.071090
0.440000	-0.588909	0.001788	-0.144572	-0.103111	-0.991748	-0.069909
0.460000	-0.602854	0.036847	-0.141993	-0.103138	-0.991470	-0.068767
0.480000	-0.616502	0.071928	-0.139331	-0.103260	-0.991135	-0.067695
0.500000	-0.629487	0.106329	-0.136597	-0.103488	-0.990764	-0.066723
0.520000	-0.641442	0.139350	-0.133803	-0.103835	-0.990375	-0.065882
0.540000	-0.652003	0.170287	-0.130959	-0.104312	-0.989987	-0.065203
0.560000	-0.660802	0.198438	-0.128078	-0.104932	-0.989619	-0.064717
0.580000	-0.667473	0.223103	-0.125172	-0.105707	-0.989292	-0.064455
0.600000	-0.671650	0.243579	-0.122250	-0.106650	-0.989023	-0.064448
0.620000	-0.673053	0.259337	-0.119334	-0.107764	-0.988828	-0.064717
0.640000	-0.671798	0.270627	-0.116479	-0.109026	-0.988705	-0.065241
0.660000	-0.668107	0.277917	-0.113753	-0.110403	-0.988647	-0.065985
0.680000	-0.662205	0.281675	-0.111223	-0.111861	-0.988647	-0.066915
0.700000	-0.654315	0.282368	-0.108955	-0.113368	-0.988699	-0.067998
0.720000	-0.644663	0.280465	-0.107016	-0.114889	-0.988796	-0.069198
0.740000	-0.633471	0.276432	-0.105474	-0.116393	-0.988929	-0.070483
0.760000	-0.620964	0.270739	-0.104395	-0.117845	-0.989094	-0.071818
0.780000	-0.607365	0.263852	-0.103846	-0.119213	-0.989282	-0.073169
0.800000	-0.592900	0.256241	-0.103894	-0.120464	-0.989486	-0.074503
0.820000	-0.577791	0.248372	-0.104605	-0.121564	-0.989701	-0.075784
0.840000	-0.562263	0.240713	-0.106048	-0.122480	-0.989919	-0.076979
0.860000	-0.546539	0.233732	-0.108289	-0.123179	-0.990133	-0.078054
0.880000	-0.530845	0.227898	-0.111394	-0.123628	-0.990336	-0.078976
0.900000	-0.515403	0.223677	-0.115431	-0.123794	-0.990521	-0.079709
0.920000	-0.500438	0.221539	-0.120466	-0.123644	-0.990681	-0.080220
0.940000	-0.486157	0.221898	-0.126552	-0.123148	-0.990811	-0.080478
0.960000	-0.472594	0.224650	-0.133592	-0.122323	-0.990910	-0.080492
0.980000	-0.459687	0.229389	-0.141403	-0.121209	-0.990982	-0.080291
1.000000	-0.447370	0.235707	-0.149802	-0.119847	-0.991031	-0.079904
1.020000	-0.435578	0.243193	-0.158604	-0.118279	-0.991061	-0.079361
1.040000	-0.424245	0.251438	-0.167625	-0.116546	-0.991076	-0.078692
1.060000	-0.413307	0.260032	-0.176683	-0.114689	-0.991080	-0.077927
1.080000	-0.402699	0.268567	-0.185593	-0.112749	-0.991077	-0.077095
1.100000	-0.392355	0.276632	-0.194171	-0.110768	-0.991070	-0.076227
1.120000	-0.382210	0.283818	-0.202233	-0.108786	-0.991064	-0.075352
1.140000	-0.372199	0.289716	-0.209596	-0.106845	-0.991063	-0.074499
1.160000	-0.362258	0.293916	-0.216076	-0.104987	-0.991070	-0.073699
1.180000	-0.352320	0.296009	-0.221489	-0.103252	-0.991090	-0.072982
1.200000	-0.342321	0.295586	-0.225651	-0.101681	-0.991126	-0.072376
1.220000	-0.332195	0.292236	-0.228378	-0.100316	-0.991183	-0.071912
1.240000	-0.321884	0.285583	-0.229501	-0.099196	-0.991263	-0.071618
1.260000	-0.311410	0.275698	-0.229042	-0.098325	-0.991367	-0.071494
1.280000	-0.300856	0.262987	-0.227168	-0.097685	-0.991488	-0.071520
1.300000	-0.290307	0.247865	-0.224048	-0.097254	-0.991624	-0.071676
1.320000	-0.279848	0.230743	-0.219852	-0.097013	-0.991769	-0.071941
1.340000	-0.269563	0.212037	-0.214750	-0.096941	-0.991918	-0.072296
1.360000	-0.259538	0.192159	-0.208911	-0.097018	-0.992067	-0.072720
1.380000	-0.249857	0.171524	-0.202505	-0.097223	-0.992212	-0.073193
1.400000	-0.240605	0.150544	-0.195701	-0.097536	-0.992348	-0.073694
1.420000	-0.231866	0.129633	-0.188670	-0.097938	-0.992469	-0.074203
1.440000	-0.223726	0.109205	-0.181582	-0.098407	-0.992573	-0.074699
1.460000	-0.216270	0.089673	-0.174604	-0.098923	-0.992653	-0.075163
1.480000	-0.209581	0.071452	-0.167909	-0.099466	-0.992706	-0.075575
1.500000	-0.203745	0.054953	-0.161664	-0.100016	-0.992727	-0.075913
1.520000	-0.198846	0.040592	-0.156040	-0.100552	-0.992711	-0.076157
1.540000	-0.194970	0.028781	-0.151206	-0.101054	-0.992654	-0.076288
1.560000	-0.192201	0.019934	-0.147333	-0.101501	-0.992550	-0.076285
1.580000	-0.190624	0.014464	-0.144589	-0.101874	-0.992397	-0.076127
1.600000	-0.190240	0.012559	-0.143049	-0.102160	-0.992191	-0.075805
1.620000	-0.190870	0.013904	-0.142581	-0.102362	-0.991937	-0.075334
1.640000	-0.192308	0.018118	-0.143021	-0.102488	-0.991641	-0.074731
1.660000	-0.194349	0.024820	-0.144207	-0.102542	-0.991309	-0.074014
1.680000	-0.196787	0.033627	-0.145978	-0.102533	-0.990945	-0.073200
1.700000	-0.199418	0.044158	-0.148170	-0.102466	-0.990555	-0.072308
1.720000	-0.202036	0.056032	-0.150622	-0.102347	-0.990145	-0.071354
1.740000	-0.204435	0.068865	-0.153172	-0.102184	-0.989719	-0.070356
1.760000	-0.206410	0.082277	-0.155656	-0.101981	-0.989284	-0.069333
1.780000	-0.207757	0.095886	-0.157913	-0.101746	-0.988845	-0.068302
1.800000	-0.208269	0.109310	-0.159781	-0.101486	-0.988407	-0.067280
1.820000	-0.207741	0.122168	-0.161097	-0.101205	-0.987976	-0.066285
1.840000	-0.205969	0.134077	-0.161699	-0.100912	-0.987557	-0.065334
1.860000	-0.202746	0.144657	-0.161424	-0.100611	-0.987156	-0.064447
1.880000	-0.197868	0.153524	-0.160111	-0.100310	-0.986777	-0.063639
1.900000	-0.191259	0.160428	-0.157670	-0.100014	-0.986427	-0.062925
1.920000	-0.183221	0.165495	-0.154226	-0.099725	-0.986106	-0.062309
1.940000	-0.174123	0.168919	-0.149940	-0.099446	-0.985817	-0.061791
1.960000	-0.164336	0.170896	-0.144975	-0.099178	-0.985561	-0.061372
1.980000	-0.154229	0.171620	-0.139494	-0.098924	-0.985341	-0.061055
2.000000	-0.144174	0.171285	-0.133658	-0.098687	-0.985159	-0.060839
2.020000	-0.134539	0.170088	-0.127631	-0.098467	-0.985015	-0.060727
2.040000	-0.125696	0.168222	-0.121574	-0.098267	-0.984913	-0.060719
2.060000	-0.118014	0.165883	-0.115650	-0.098090	-0.984853	-0.060817
2.080000	-0.111863	0.163265	-0.110022	-0.097937	-0.984839	-0.061021
2.100000	-0.107613	0.160563	-0.104851	-0.097810	-0.984870	-0.061334
2.120000	-0.105635	0.157972	-0.100301	-0.097712	-0.984950	-0.061755
