0.000000	-0.147693	0.220421	-0.212131	-0.103407	-0.972150	-0.028858
0.020000	-0.139651	0.239470	-0.223640	-0.104035	-0.971358	-0.027909
0.040000	-0.134645	0.258031	-0.236620	-0.104603	-0.970682	-0.027020
0.060000	-0.133276	0.275805	-0.251116	-0.105094	-0.970146	-0.026209
0.080000	-0.136148	0.292495	-0.267175	-0.105490	-0.969773	-0.025492
0.100000	-0.143864	0.307803	-0.284842	-0.105771	-0.969585	-0.024889
0.120000	-0.157028	0.321429	-0.304165	-0.105920	-0.969607	-0.024416
0.140000	-0.176241	0.333076	-0.325190	-0.105919	-0.969861	-0.024092
0.160000	-0.202109	0.342447	-0.347963	-0.105749	-0.970370	-0.023933
0.180000	-0.235043	0.349275	-0.372472	-0.105397	-0.971154	-0.023955
0.200000	-0.274319	0.353505	-0.398355	-0.104868	-0.972204	-0.024152
0.220000	-0.318791	0.355152	-0.425123	-0.104181	-0.973503	-0.024511
0.240000	-0.367309	0.354236	-0.452283	-0.103351	-0.975033	-0.025020
0.260000	-0.418725	0.350773	-0.479344	-0.102394	-0.976776	-0.025664
0.280000	-0.471893	0.344783	-0.505816	-0.101327	-0.978715	-0.026432
0.300000	-0.525662	0.336282	-0.531207	-0.100165	-0.980832	-0.027311
0.320000	-0.578887	0.325289	-0.555025	-0.098925	-0.983109	-0.028287
0.340000	-0.630417	0.311822	-0.576781	-0.097622	-0.985529	-0.029349
0.360000	-0.679106	0.295898	-0.595982	-0.096274	-0.988073	-0.030482
0.380000	-0.723806	0.277536	-0.612137	-0.094896	-0.990725	-0.031675
0.400000	-0.763367	0.256754	-0.624756	-0.093505	-0.993466	-0.032914
0.420000	-0.796642	0.233568	-0.633346	-0.092116	-0.996278	-0.034186
0.440000	-0.822484	0.207998	-0.637417	-0.090746	-0.999145	-0.035479
0.460000	-0.839743	0.180062	-0.636478	-0.089411	-1.002048	-0.036780
0.480000	-0.847273	0.149776	-0.630037	-0.088127	-1.004969	-0.038076
0.500000	-0.844017	0.117184	-0.617672	-0.086909	-1.007891	-0.039354
0.520000	-0.830251	0.082673	-0.599931	-0.085759	-1.010787	-0.040612
0.540000	-0.807239	0.046890	-0.578089	-0.084666	-1.013626	-0.041853
0.560000	-0.776271	0.010486	-0.553436	-0.083620	-1.016373	-0.043079
0.580000	-0.738636	-0.025885	-0.527265	-0.082612	-1.018999	-0.044296
0.600000	-0.695622	-0.061572	-0.500866	-0.081631	-1.021470	-0.045506
0.620000	-0.648518	-0.095923	-0.475530	-0.080668	-1.023754	-0.046713
0.640000	-0.598614	-0.128285	-0.452549	-0.079712	-1.025819	-0.047921
0.660000	-0.547197	-0.158006	-0.433214	-0.078753	-1.027633	-0.049132
0.680000	-0.495558	-0.184434	-0.418816	-0.077781	-1.029163	-0.050351
0.700000	-0.444985	-0.206916	-0.410647	-0.076787	-1.030378	-0.051581
0.720000	-0.396767	-0.224801	-0.409997	-0.075760	-1.031244	-0.052826
0.740000	-0.352192	-0.237436	-0.418158	-0.074690	-1.031730	-0.054089
0.760000	-0.312551	-0.244169	-0.436421	-0.073568	-1.031804	-0.055374
0.780000	-0.279131	-0.244348	-0.466077	-0.072383	-1.031433	-0.056684
0.800000	-0.253221	-0.237320	-0.508418	-0.071125	-1.030586	-0.058023
0.820000	-0.235820	-0.222671	-0.564250	-0.069787	-1.029243	-0.059392
0.840000	-0.226520	-0.201134	-0.632048	-0.068379	-1.027451	-0.060788
0.860000	-0.224495	-0.173782	-0.709586	-0.066913	-1.025279	-0.062204
0.880000	-0.228919	-0.141692	-0.794641	-0.065405	-1.022793	-0.063632
0.900000	-0.238964	-0.105938	-0.884985	-0.063866	-1.020060	-0.065065
0.920000	-0.253803	-0.067595	-0.978396	-0.062311	-1.017147	-0.066498
0.940000	-0.272609	-0.027740	-1.072647	-0.060754	-1.014121	-0.067923
0.960000	-0.294556	0.012554	-1.165513	-0.059207	-1.011050	-0.069333
0.980000	-0.318816	0.052209	-1.254769	-0.057685	-1.008000	-0.070722
1.000000	-0.344562	0.090153	-1.338191	-0.056202	-1.005038	-0.072083
1.020000	-0.370968	0.125308	-1.413553	-0.054770	-1.002233	-0.073409
1.040000	-0.397207	0.156601	-1.478630	-0.053403	-0.999649	-0.074693
1.060000	-0.422452	0.182955	-1.531197	-0.052115	-0.997356	-0.075928
1.080000	-0.445875	0.203295	-1.569029	-0.050920	-0.995420	-0.077108
1.100000	-0.466650	0.216547	-1.589901	-0.049832	-0.993907	-0.078226
1.120000	-0.483949	0.221635	-1.591587	-0.048862	-0.992885	-0.079275
1.140000	-0.497017	0.217636	-1.572106	-0.048025	-0.992415	-0.080247
1.160000	-0.505858	0.205289	-1.532119	-0.047319	-0.992478	-0.081135
1.180000	-0.510946	0.186355	-1.473913	-0.046734	-0.993012	-0.081927
1.200000	-0.512761	0.162609	-1.399797	-0.046259	-0.993952	-0.082614
1.220000	-0.511785	0.135826	-1.312083	-0.045886	-0.995232	-0.083184
1.240000	-0.508498	0.107781	-1.213080	-0.045603	-0.996789	-0.083627
1.260000	-0.503380	0.080249	-1.105099	-0.045402	-0.998558	-0.083934
1.280000	-0.496913	0.055006	-0.990451	-0.045271	-1.000473	-0.084093
1.300000	-0.489577	0.033826	-0.871444	-0.045202	-1.002471	-0.084094
1.320000	-0.481852	0.018485	-0.750391	-0.045183	-1.004487	-0.083926
1.340000	-0.474220	0.010759	-0.629600	-0.045206	-1.006456	-0.083580
1.360000	-0.467160	0.012421	-0.511383	-0.045260	-1.008313	-0.083046
1.380000	-0.461154	0.025248	-0.398049	-0.045335	-1.009994	-0.082311
1.400000	-0.456682	0.051014	-0.291910	-0.045421	-1.011435	-0.081367
1.420000	-0.454225	0.091495	-0.195274	-0.045509	-1.012569	-0.080202
1.440000	-0.454264	0.148466	-0.110453	-0.045587	-1.013334	-0.078807
1.460000	-0.457278	0.223702	-0.039757	-0.045648	-1.013664	-0.077171
1.480000	-0.463627	0.318450	0.014896	-0.045681	-1.013507	-0.075289
1.500000	-0.472893	0.430637	0.054049	-0.045693	-1.012891	-0.073201
1.520000	-0.484359	0.556895	0.079208	-0.045695	-1.011876	-0.070959
1.540000	-0.497307	0.693854	0.091876	-0.045695	-1.010519	-0.068617
1.560000	-0.511019	0.838146	0.093560	-0.045706	-1.008881	-0.066229
1.580000	-0.524776	0.986402	0.085765	-0.045737	-1.007020	-0.063849
1.600000	-0.537861	1.135250	0.069996	-0.045799	-1.004995	-0.061531
1.620000	-0.549556	1.281323	0.047759	-0.045901	-1.002866	-0.059327
1.640000	-0.559142	1.421251	0.020558	-0.046056	-1.000691	-0.057293
1.660000	-0.565902	1.551664	-0.010100	-0.046272	-0.998529	-0.055482
1.680000	-0.569117	1.669193	-0.042710	-0.046560	-0.996439	-0.053948
1.700000	-0.568069	1.770469	-0.075767	-0.046931	-0.994481	-0.052743
1.720000	-0.562041	1.852122	-0.107766	-0.047395	-0.992714	-0.051923
1.740000	-0.550313	1.910783	-0.137201	-0.047963	-0.991196	-0.051541
1.760000	-0.532169	1.943082	-0.162567	-0.048644	-0.989986	-0.051651
1.780000	-0.507018	1.946117	-0.182506	-0.049448	-0.989137	-0.052298
1.800000	-0.475363	1.920952	-0.196915	-0.050363	-0.988642	-0.053457
1.820000	-0.438258	1.870653	-0.206324	-0.051368	-0.988462	-0.055069
1.840000	-0.396761	1.798302	-0.211268	-0.052444	-0.988562	-0.057073
1.860000	-0.351929	1.706980	-0.212282	-0.053570	-0.988902	-0.059409
1.880000	-0.304822	1.599768	-0.209902	-0.054725	-0.989446	-0.062016
1.900000	-0.256497	1.479747	-0.204661	-0.055889	-0.990157	-0.064834
1.920000	-0.208011	1.349998	-0.197094	-0.057041	-0.990996	-0.067802
1.940000	-0.160423	1.213604	-0.187738	-0.058162	-0.991927	-0.070861
1.960000	-0.114791	1.073644	-0.177125	-0.059230	-0.992912	-0.073949
1.980000	-0.072173	0.933200	-0.165793	-0.060225	-0.993914	-0.077007
2.000000	-0.033627	0.795354	-0.154275	-0.061126	-0.994895	-0.079974
2.020000	-0.000210	0.663187	-0.143106	-0.061914	-0.995818	-0.082790
2.040000	0.027019	0.539780	-0.132821	-0.062567	-0.996645	-0.085394
2.060000	0.047002	0.428214	-0.123956	-0.063065	-0.997338	-0.087726
