0.000000	-0.217991	0.395080	-0.197041	0.153945	-0.918560	0.242898
0.020000	-0.238944	0.450006	-0.194351	0.153888	-0.920106	0.242993
0.040000	-0.261518	0.503054	-0.191395	0.153861	-0.921652	0.243093
0.060000	-0.285289	0.552802	-0.188182	0.153853	-0.923183	0.243203
0.080000	-0.309836	0.597830	-0.184722	0.153854	-0.924687	0.243325
0.100000	-0.334735	0.636715	-0.181023	0.153852	-0.926150	0.243463
0.120000	-0.359564	0.668037	-0.177095	0.153836	-0.927558	0.243619
0.140000	-0.383901	0.690375	-0.172947	0.153796	-0.928898	0.243795
0.160000	-0.407322	0.702306	-0.168587	0.153721	-0.930158	0.243996
0.180000	-0.429405	0.702409	-0.164026	0.153599	-0.931322	0.244223
0.200000	-0.449728	0.689263	-0.159272	0.153420	-0.932379	0.244480
0.220000	-0.467867	0.661447	-0.154334	0.153174	-0.933315	0.244770
0.240000	-0.483424	0.617763	-0.149225	0.152850	-0.934117	0.245095
0.260000	-0.496278	0.559577	-0.143994	0.152454	-0.934788	0.245446
0.280000	-0.506482	0.489888	-0.138717	0.151999	-0.935340	0.245811
0.300000	-0.514093	0.411722	-0.133468	0.151502	-0.935782	0.246175
0.320000	-0.519168	0.328105	-0.128322	0.150977	-0.936128	0.246524
0.340000	-0.521763	0.242063	-0.123354	0.150438	-0.936388	0.246845
0.360000	-0.521936	0.156620	-0.118638	0.149901	-0.936574	0.247123
0.380000	-0.519743	0.074803	-0.114249	0.149380	-0.936697	0.247344
0.400000	-0.515241	-0.000362	-0.110261	0.148889	-0.936769	0.247495
0.420000	-0.508488	-0.065850	-0.106751	0.148444	-0.936800	0.247561
0.440000	-0.499539	-0.118636	-0.103792	0.148060	-0.936803	0.247529
0.460000	-0.488452	-0.155693	-0.101459	0.147750	-0.936789	0.247385
0.480000	-0.475283	-0.173995	-0.099827	0.147530	-0.936770	0.247114
0.500000	-0.460090	-0.170518	-0.098971	0.147415	-0.936755	0.246703
0.520000	-0.442928	-0.142235	-0.098966	0.147420	-0.936758	0.246138
0.540000	-0.423866	-0.086339	-0.099881	0.147557	-0.936789	0.245405
0.560000	-0.403130	-0.003577	-0.101702	0.147823	-0.936850	0.244514
0.580000	-0.381079	0.102401	-0.104350	0.148200	-0.936935	0.243488
0.600000	-0.358076	0.227865	-0.107742	0.148667	-0.937039	0.242353
0.620000	-0.334484	0.369083	-0.111794	0.149207	-0.937157	0.241134
0.640000	-0.310664	0.522322	-0.116424	0.149799	-0.937282	0.239855
0.660000	-0.286980	0.683850	-0.121550	0.150426	-0.937409	0.238541
0.680000	-0.263795	0.849936	-0.127089	0.151067	-0.937532	0.237219
0.700000	-0.241469	1.016847	-0.132957	0.151703	-0.937646	0.235912
0.720000	-0.220368	1.180852	-0.139072	0.152316	-0.937745	0.234647
0.740000	-0.200852	1.338219	-0.145352	0.152887	-0.937824	0.233447
0.760000	-0.183285	1.485215	-0.151714	0.153396	-0.937876	0.232338
0.780000	-0.168028	1.618109	-0.158074	0.153824	-0.937897	0.231346
0.800000	-0.155446	1.733168	-0.164351	0.154152	-0.937881	0.230494
0.820000	-0.145900	1.826661	-0.170462	0.154361	-0.937821	0.229809
0.840000	-0.139752	1.894856	-0.176323	0.154433	-0.937713	0.229315
0.860000	-0.137367	1.934020	-0.181853	0.154347	-0.937551	0.229037
0.880000	-0.139042	1.940905	-0.186971	0.154087	-0.937330	0.228997
0.900000	-0.144523	1.916550	-0.191629	0.153663	-0.937053	0.229180
0.920000	-0.153261	1.864243	-0.195796	0.153096	-0.936729	0.229555
0.940000	-0.164707	1.787290	-0.199437	0.152409	-0.936364	0.230088
0.960000	-0.178309	1.688998	-0.202522	0.151623	-0.935966	0.230747
0.980000	-0.193518	1.572674	-0.205018	0.150761	-0.935544	0.231500
1.000000	-0.209783	1.441625	-0.206892	0.149845	-0.935104	0.232315
1.020000	-0.226554	1.299158	-0.208111	0.148896	-0.934654	0.233158
1.040000	-0.243281	1.148578	-0.208645	0.147937	-0.934203	0.233998
1.060000	-0.259414	0.993194	-0.208460	0.146991	-0.933757	0.234801
1.080000	-0.274401	0.836312	-0.207524	0.146078	-0.933324	0.235536
1.100000	-0.287694	0.681238	-0.205804	0.145221	-0.932912	0.236170
1.120000	-0.298742	0.531280	-0.203269	0.144443	-0.932528	0.236671
1.140000	-0.306993	0.389743	-0.199886	0.143765	-0.932181	0.237005
1.160000	-0.311899	0.259936	-0.195622	0.143210	-0.931877	0.237141
1.180000	-0.312909	0.145164	-0.190445	0.142799	-0.931625	0.237046
1.200000	-0.309665	0.047815	-0.184347	0.142547	-0.931429	0.236701
1.220000	-0.302432	-0.032705	-0.177392	0.142445	-0.931285	0.236133
1.240000	-0.291601	-0.097591	-0.169663	0.142479	-0.931187	0.235376
1.260000	-0.277563	-0.148040	-0.161241	0.142636	-0.931129	0.234466
1.280000	-0.260711	-0.185248	-0.152206	0.142901	-0.931105	0.233437
1.300000	-0.241434	-0.210412	-0.142639	0.143260	-0.931108	0.232325
1.320000	-0.220125	-0.224728	-0.132623	0.143699	-0.931134	0.231166
1.340000	-0.197174	-0.229392	-0.122239	0.144204	-0.931175	0.229993
1.360000	-0.172972	-0.225600	-0.111566	0.144762	-0.931226	0.228842
1.380000	-0.147912	-0.214549	-0.100687	0.145358	-0.931281	0.227749
1.400000	-0.122384	-0.197435	-0.089684	0.145979	-0.931333	0.226748
1.420000	-0.096779	-0.175455	-0.078636	0.146610	-0.931377	0.225874
1.440000	-0.071489	-0.149804	-0.067626	0.147237	-0.931406	0.225163
1.460000	-0.046905	-0.121679	-0.056734	0.147847	-0.931415	0.224649
1.480000	-0.023418	-0.092276	-0.046041	0.148425	-0.931397	0.224369
1.500000	-0.001400	-0.062636	-0.035667	0.148960	-0.931348	0.224347
1.520000	0.018864	-0.033133	-0.025885	0.149448	-0.931266	0.224578
1.540000	0.037110	-0.003962	-0.017013	0.149890	-0.931151	0.225042
1.560000	0.053074	0.024680	-0.009367	0.150284	-0.931004	0.225723
1.580000	0.066494	0.052598	-0.003267	0.150630	-0.930825	0.226604
1.600000	0.077106	0.079596	0.000973	0.150928	-0.930613	0.227666
1.620000	0.084647	0.105480	0.003034	0.151176	-0.930370	0.228893
1.640000	0.088852	0.130052	0.002599	0.151375	-0.930094	0.230266
1.660000	0.089460	0.153117	-0.000649	0.151524	-0.929786	0.231769
1.680000	0.086207	0.174480	-0.007026	0.151621	-0.929447	0.233385
1.700000	0.078828	0.193945	-0.016851	0.151668	-0.929076	0.235095
1.720000	0.067062	0.211315	-0.030441	0.151662	-0.928673	0.236882
1.740000	0.050644	0.226397	-0.048112	0.151604	-0.928238	0.238729
1.760000	0.029312	0.238993	-0.070181	0.151493	-0.927773	0.240618
1.780000	0.002801	0.248908	-0.096967	0.151329	-0.927275	0.242532
1.800000	-0.029151	0.255947	-0.128786	0.151110	-0.926747	0.244454
1.820000	-0.066807	0.259913	-0.165953	0.150836	-0.926188	0.246366
1.840000	-0.110133	0.260750	-0.208236	0.150510	-0.925601	0.248250
1.860000	-0.158314	0.258758	-0.253954	0.150135	-0.924998	0.250091
1.880000	-0.210412	0.254300	-0.301195	0.149720	-0.924393	0.251871
