0.000000	-1.860972	-0.233485	-0.124260	0.171531	-0.945354	0.174717
0.020000	-1.916121	-0.254098	-0.130249	0.172669	-0.945645	0.176405
0.040000	-1.947882	-0.268124	-0.136299	0.173833	-0.945873	0.178020
0.060000	-1.953342	-0.274603	-0.142357	0.175011	-0.946015	0.179538
0.080000	-1.929780	-0.272633	-0.148368	0.176194	-0.946050	0.180936
0.100000	-1.877893	-0.262333	-0.154246	0.177367	-0.945974	0.182194
0.120000	-1.801338	-0.244710	-0.159881	0.178517	-0.945804	0.183300
0.140000	-1.703871	-0.220799	-0.165160	0.179631	-0.945557	0.184243
0.160000	-1.589245	-0.191634	-0.169971	0.180694	-0.945248	0.185011
0.180000	-1.461215	-0.158251	-0.174202	0.181693	-0.944894	0.185590
0.200000	-1.323536	-0.121685	-0.177740	0.182615	-0.944512	0.185969
0.220000	-1.179962	-0.082970	-0.180473	0.183445	-0.944117	0.186136
0.240000	-1.034249	-0.043142	-0.182289	0.184169	-0.943726	0.186079
0.260000	-0.890149	-0.003235	-0.183076	0.184775	-0.943356	0.185785
0.280000	-0.751419	0.035715	-0.182722	0.185247	-0.943023	0.185242
0.300000	-0.621812	0.072675	-0.181113	0.185573	-0.942743	0.184439
0.320000	-0.505084	0.106607	-0.178139	0.185739	-0.942532	0.183362
0.340000	-0.404988	0.136479	-0.173687	0.185731	-0.942407	0.182001
0.360000	-0.325280	0.161254	-0.167644	0.185534	-0.942384	0.180342
0.380000	-0.268608	0.180187	-0.159963	0.185142	-0.942475	0.178384
0.400000	-0.233741	0.193545	-0.150819	0.184568	-0.942670	0.176158
0.420000	-0.218591	0.201820	-0.140439	0.183830	-0.942958	0.173706
0.440000	-0.221074	0.205503	-0.129047	0.182945	-0.943325	0.171066
0.460000	-0.239101	0.205084	-0.116871	0.181931	-0.943761	0.168279
0.480000	-0.270588	0.201055	-0.104136	0.180807	-0.944252	0.165385
0.500000	-0.313448	0.193906	-0.091067	0.179590	-0.944786	0.162424
0.520000	-0.365594	0.184129	-0.077890	0.178299	-0.945350	0.159435
0.540000	-0.424942	0.172215	-0.064832	0.176951	-0.945933	0.156460
0.560000	-0.489404	0.158654	-0.052117	0.175563	-0.946521	0.153537
0.580000	-0.556894	0.143938	-0.039972	0.174155	-0.947103	0.150707
0.600000	-0.625327	0.128557	-0.028622	0.172744	-0.947665	0.148009
0.620000	-0.692616	0.113004	-0.018293	0.171348	-0.948196	0.145485
0.640000	-0.756674	0.097768	-0.009211	0.169985	-0.948684	0.143173
0.660000	-0.815417	0.083340	-0.001602	0.168672	-0.949115	0.141114
0.680000	-0.866756	0.070213	0.004309	0.167428	-0.949477	0.139348
0.700000	-0.908612	0.058875	0.008296	0.166270	-0.949758	0.137914
0.720000	-0.939702	0.049640	0.010239	0.165212	-0.949952	0.136835
0.740000	-0.960494	0.042436	0.010247	0.164252	-0.950062	0.136097
0.760000	-0.971682	0.037139	0.008459	0.163388	-0.950095	0.135678
0.780000	-0.973963	0.033626	0.005012	0.162619	-0.950057	0.135558
0.800000	-0.968031	0.031775	0.000047	0.161943	-0.949955	0.135717
0.820000	-0.954583	0.031462	-0.006300	0.161358	-0.949795	0.136135
0.840000	-0.934314	0.032565	-0.013888	0.160862	-0.949582	0.136792
0.860000	-0.907920	0.034959	-0.022580	0.160453	-0.949324	0.137667
0.880000	-0.876097	0.038523	-0.032237	0.160129	-0.949026	0.138739
0.900000	-0.839539	0.043133	-0.042719	0.159889	-0.948695	0.139990
0.920000	-0.798944	0.048665	-0.053890	0.159729	-0.948337	0.141397
0.940000	-0.755005	0.054998	-0.065609	0.159650	-0.947959	0.142942
0.960000	-0.708419	0.062008	-0.077738	0.159647	-0.947566	0.144603
0.980000	-0.659882	0.069571	-0.090138	0.159721	-0.947164	0.146361
1.000000	-0.610090	0.077565	-0.102672	0.159868	-0.946761	0.148195
1.020000	-0.559736	0.085866	-0.115199	0.160087	-0.946362	0.150085
1.040000	-0.509519	0.094353	-0.127583	0.160377	-0.945973	0.152010
1.060000	-0.460132	0.102901	-0.139683	0.160734	-0.945602	0.153951
1.080000	-0.412272	0.111387	-0.151361	0.161157	-0.945253	0.155887
1.100000	-0.366635	0.119688	-0.162480	0.161645	-0.944934	0.157798
1.120000	-0.323915	0.127682	-0.172899	0.162195	-0.944650	0.159663
1.140000	-0.284755	0.135254	-0.182491	0.162805	-0.944407	0.161464
1.160000	-0.249298	0.142363	-0.191227	0.163472	-0.944207	0.163194
1.180000	-0.217415	0.149010	-0.199132	0.164190	-0.944048	0.164854
1.200000	-0.188976	0.155197	-0.206231	0.164956	-0.943929	0.166444
1.220000	-0.163848	0.160926	-0.212550	0.165765	-0.943847	0.167965
1.240000	-0.141902	0.166197	-0.218114	0.166611	-0.943802	0.169418
1.260000	-0.123005	0.171013	-0.222949	0.167490	-0.943792	0.170803
1.280000	-0.107026	0.175374	-0.227080	0.168399	-0.943815	0.172121
1.300000	-0.093835	0.179281	-0.230532	0.169330	-0.943871	0.173372
1.320000	-0.083300	0.182738	-0.233331	0.170282	-0.943958	0.174557
1.340000	-0.075290	0.185743	-0.235502	0.171247	-0.944073	0.175676
1.360000	-0.069674	0.188301	-0.237071	0.172223	-0.944216	0.176731
1.380000	-0.066321	0.190410	-0.238063	0.173204	-0.944386	0.177721
1.400000	-0.065100	0.192074	-0.238503	0.174185	-0.944580	0.178648
1.420000	-0.065878	0.193293	-0.238417	0.175163	-0.944797	0.179512
1.440000	-0.068526	0.194068	-0.237830	0.176131	-0.945037	0.180313
1.460000	-0.072912	0.194402	-0.236769	0.177087	-0.945296	0.181052
1.480000	-0.078905	0.194295	-0.235257	0.178024	-0.945575	0.181730
1.500000	-0.086374	0.193750	-0.233321	0.178938	-0.945871	0.182348
1.520000	-0.095188	0.192767	-0.230986	0.179825	-0.946182	0.182905
1.540000	-0.105215	0.191347	-0.228277	0.180680	-0.946509	0.183403
1.560000	-0.116324	0.189493	-0.225220	0.181498	-0.946848	0.183842
1.580000	-0.128384	0.187205	-0.221840	0.182275	-0.947198	0.184222
1.600000	-0.141264	0.184485	-0.218163	0.183006	-0.947559	0.184545
1.620000	-0.154833	0.181335	-0.214214	0.183686	-0.947928	0.184811
1.640000	-0.168960	0.177756	-0.210018	0.184310	-0.948305	0.185021
1.660000	-0.183513	0.173748	-0.205601	0.184875	-0.948687	0.185174
1.680000	-0.198362	0.169315	-0.200988	0.185375	-0.949073	0.185272
1.700000	-0.213375	0.164456	-0.196206	0.185805	-0.949461	0.185316
1.720000	-0.228420	0.159174	-0.191278	0.186162	-0.949851	0.185305
1.740000	-0.243368	0.153469	-0.186231	0.186439	-0.950241	0.185241
1.760000	-0.258086	0.147344	-0.181089	0.186634	-0.950628	0.185124
1.780000	-0.272444	0.140799	-0.175879	0.186740	-0.951013	0.184954
1.800000	-0.286310	0.133837	-0.170626	0.186754	-0.951393	0.184733
1.820000	-0.299553	0.126458	-0.165355	0.186670	-0.951766	0.184461
1.840000	-0.312043	0.118664	-0.160092	0.186484	-0.952132	0.184138
1.860000	-0.323647	0.110456	-0.154862	0.186192	-0.952489	0.183766
1.880000	-0.334243	0.101837	-0.149689	0.185788	-0.952836	0.183344
1.900000	-0.343822	0.092840	-0.144596	0.185280	-0.953169	0.182875
1.920000	-0.352477	0.083521	-0.139596	0.184679	-0.953486	0.182363
1.940000	-0.360298	0.073936	-0.134707	0.183999	-0.953785	0.181811
1.960000	-0.367378	0.064142	-0.129945	0.183254	-0.954063	0.181223
1.980000	-0.373810	0.054196	-0.125325	0.182456	-0.954317	0.180603
2.000000	-0.379686	0.044154	-0.120864	0.181620	-0.954543	0.179954
2.020000	-0.385098	0.034073	-0.116578	0.180758	-0.954739	0.179279
2.040000	-0.390140	0.024010	-0.112483	0.179884	-0.954903	0.178584
2.060000	-0.394903	0.014021	-0.108594	0.179011	-0.955031	0.177870
