0.000000	-0.416285	0.212042	-0.199194	0.137913	-0.924057	0.254979
0.020000	-0.394102	0.184892	-0.203021	0.137814	-0.924920	0.253936
0.040000	-0.372256	0.158825	-0.206362	0.137762	-0.925746	0.252835
0.060000	-0.350971	0.134751	-0.209305	0.137765	-0.926529	0.251686
0.080000	-0.330469	0.113577	-0.211940	0.137832	-0.927265	0.250495
0.100000	-0.310971	0.096211	-0.214356	0.137968	-0.927950	0.249270
0.120000	-0.292701	0.083563	-0.216642	0.138183	-0.928578	0.248019
0.140000	-0.275880	0.076540	-0.218886	0.138484	-0.929146	0.246750
0.160000	-0.260730	0.076051	-0.221177	0.138878	-0.929648	0.245469
0.180000	-0.247434	0.082749	-0.223585	0.139372	-0.930082	0.244186
0.200000	-0.235969	0.095970	-0.226078	0.139961	-0.930448	0.242916
0.220000	-0.226246	0.114629	-0.228593	0.140636	-0.930751	0.241675
0.240000	-0.218175	0.137639	-0.231064	0.141390	-0.930994	0.240478
0.260000	-0.211667	0.163916	-0.233429	0.142216	-0.931180	0.239344
0.280000	-0.206633	0.192373	-0.235623	0.143104	-0.931313	0.238288
0.300000	-0.202983	0.221924	-0.237582	0.144048	-0.931396	0.237326
0.320000	-0.200629	0.251484	-0.239242	0.145039	-0.931434	0.236476
0.340000	-0.199482	0.279966	-0.240539	0.146069	-0.931428	0.235753
0.360000	-0.199451	0.306285	-0.241409	0.147131	-0.931384	0.235174
0.380000	-0.200448	0.329354	-0.241789	0.148217	-0.931304	0.234755
0.400000	-0.202384	0.348089	-0.241613	0.149319	-0.931192	0.234513
0.420000	-0.205169	0.361402	-0.240819	0.150428	-0.931052	0.234465
0.440000	-0.208715	0.368209	-0.239341	0.151537	-0.930886	0.234626
0.460000	-0.212932	0.367423	-0.237117	0.152639	-0.930699	0.235014
0.480000	-0.217726	0.358146	-0.234096	0.153724	-0.930494	0.235640
0.500000	-0.222973	0.340764	-0.230321	0.154786	-0.930272	0.236485
0.520000	-0.228537	0.316204	-0.225876	0.155815	-0.930035	0.237518
0.540000	-0.234280	0.285394	-0.220845	0.156803	-0.929783	0.238706
0.560000	-0.240065	0.249261	-0.215312	0.157741	-0.929519	0.240018
0.580000	-0.245756	0.208735	-0.209359	0.158623	-0.929242	0.241423
0.600000	-0.251216	0.164743	-0.203071	0.159438	-0.928955	0.242888
0.620000	-0.256307	0.118214	-0.196530	0.160179	-0.928658	0.244381
0.640000	-0.260892	0.070075	-0.189822	0.160837	-0.928352	0.245871
0.660000	-0.264836	0.021255	-0.183028	0.161404	-0.928039	0.247326
0.680000	-0.268000	-0.027318	-0.176234	0.161872	-0.927720	0.248714
0.700000	-0.270247	-0.074716	-0.169522	0.162231	-0.927395	0.250003
0.720000	-0.271442	-0.120011	-0.162975	0.162475	-0.927066	0.251161
0.740000	-0.271446	-0.162274	-0.156679	0.162594	-0.926735	0.252157
0.760000	-0.270124	-0.200577	-0.150715	0.162580	-0.926401	0.252959
0.780000	-0.267337	-0.233992	-0.145168	0.162425	-0.926067	0.253535
0.800000	-0.262949	-0.261592	-0.140122	0.162120	-0.925734	0.253853
0.820000	-0.256829	-0.282462	-0.135658	0.161657	-0.925402	0.253882
0.840000	-0.249050	-0.296258	-0.131807	0.161040	-0.925075	0.253620
0.860000	-0.239947	-0.303351	-0.128535	0.160288	-0.924760	0.253103
0.880000	-0.229872	-0.304163	-0.125803	0.159421	-0.924463	0.252368
0.900000	-0.219176	-0.299114	-0.123573	0.158459	-0.924191	0.251454
0.920000	-0.208212	-0.288624	-0.121805	0.157421	-0.923950	0.250397
0.940000	-0.197330	-0.273113	-0.120461	0.156326	-0.923748	0.249236
0.960000	-0.186883	-0.253002	-0.119502	0.155196	-0.923590	0.248009
0.980000	-0.177222	-0.228711	-0.118889	0.154050	-0.923483	0.246753
1.000000	-0.168698	-0.200661	-0.118584	0.152908	-0.923435	0.245505
1.020000	-0.161664	-0.169271	-0.118548	0.151788	-0.923451	0.244305
1.040000	-0.156472	-0.134961	-0.118742	0.150712	-0.923538	0.243189
1.060000	-0.153472	-0.098153	-0.119128	0.149700	-0.923703	0.242195
1.080000	-0.153016	-0.059266	-0.119666	0.148770	-0.923952	0.241361
1.100000	-0.155456	-0.018721	-0.120319	0.147943	-0.924292	0.240725
1.120000	-0.161145	0.023062	-0.121046	0.147238	-0.924730	0.240324
1.140000	-0.170432	0.065663	-0.121810	0.146676	-0.925273	0.240196
1.160000	-0.183636	0.108654	-0.122574	0.146275	-0.925925	0.240377
1.180000	-0.200486	0.151479	-0.123331	0.146035	-0.926677	0.240857
1.200000	-0.220229	0.193478	-0.124102	0.145943	-0.927506	0.241591
1.220000	-0.242098	0.233987	-0.124908	0.145983	-0.928388	0.242532
1.240000	-0.265325	0.272342	-0.125768	0.146140	-0.929300	0.243633
1.260000	-0.289143	0.307879	-0.126704	0.146399	-0.930219	0.244847
1.280000	-0.312784	0.339934	-0.127736	0.146746	-0.931121	0.246129
1.300000	-0.335481	0.367844	-0.128884	0.147164	-0.931983	0.247430
1.320000	-0.356467	0.390945	-0.130170	0.147641	-0.932781	0.248706
1.340000	-0.374974	0.408573	-0.131613	0.148159	-0.933492	0.249908
1.360000	-0.390234	0.420063	-0.133235	0.148705	-0.934092	0.250990
1.380000	-0.401480	0.424754	-0.135055	0.149264	-0.934558	0.251906
1.400000	-0.407945	0.421979	-0.137096	0.149820	-0.934867	0.252609
1.420000	-0.408861	0.411076	-0.139376	0.150359	-0.934995	0.253052
1.440000	-0.403461	0.391381	-0.141918	0.150865	-0.934918	0.253189
1.460000	-0.390976	0.362231	-0.144740	0.151325	-0.934614	0.252972
1.480000	-0.370886	0.323241	-0.147860	0.151723	-0.934066	0.252368
1.500000	-0.343997	0.275545	-0.151266	0.152057	-0.933296	0.251407
1.520000	-0.311560	0.220787	-0.154939	0.152325	-0.932338	0.250142
1.540000	-0.274828	0.160611	-0.158860	0.152526	-0.931229	0.248627
1.560000	-0.235055	0.096662	-0.163008	0.152659	-0.930003	0.246914
1.580000	-0.193492	0.030582	-0.167364	0.152724	-0.928695	0.245056
1.600000	-0.151393	-0.035984	-0.171908	0.152718	-0.927339	0.243107
1.620000	-0.110011	-0.101393	-0.176622	0.152642	-0.925972	0.241119
1.640000	-0.070597	-0.163999	-0.181485	0.152493	-0.924628	0.239145
1.660000	-0.034405	-0.222159	-0.186478	0.152271	-0.923342	0.237239
