0.000000	-0.586225	0.540860	-0.237621	0.158524	-0.947809	0.196193
0.020000	-0.597624	0.516196	-0.236639	0.158012	-0.948567	0.195285
0.040000	-0.609788	0.489423	-0.234723	0.157650	-0.949297	0.194360
0.060000	-0.622283	0.460864	-0.232062	0.157419	-0.949987	0.193437
0.080000	-0.634677	0.430843	-0.228848	0.157297	-0.950623	0.192533
0.100000	-0.646537	0.399683	-0.225270	0.157263	-0.951195	0.191667
0.120000	-0.657429	0.367708	-0.221519	0.157295	-0.951688	0.190859
0.140000	-0.666920	0.335240	-0.217785	0.157373	-0.952092	0.190125
0.160000	-0.674578	0.302603	-0.214258	0.157476	-0.952394	0.189485
0.180000	-0.679968	0.270122	-0.211128	0.157582	-0.952580	0.188957
0.200000	-0.682657	0.238118	-0.208586	0.157669	-0.952640	0.188560
0.220000	-0.682213	0.206916	-0.206822	0.157718	-0.952561	0.188311
0.240000	-0.678204	0.176838	-0.206026	0.157706	-0.952329	0.188230
0.260000	-0.670428	0.148140	-0.206271	0.157624	-0.951943	0.188324
0.280000	-0.659179	0.120930	-0.207384	0.157483	-0.951416	0.188583
0.300000	-0.644813	0.095297	-0.209158	0.157299	-0.950766	0.188990
0.320000	-0.627688	0.071331	-0.211389	0.157087	-0.950010	0.189532
0.340000	-0.608159	0.049121	-0.213870	0.156863	-0.949166	0.190193
0.360000	-0.586583	0.028758	-0.216395	0.156641	-0.948250	0.190959
0.380000	-0.563317	0.010331	-0.218759	0.156437	-0.947281	0.191815
0.400000	-0.538718	-0.006071	-0.220756	0.156267	-0.946275	0.192747
0.420000	-0.513142	-0.020358	-0.222181	0.156145	-0.945250	0.193738
0.440000	-0.486945	-0.032439	-0.222827	0.156086	-0.944223	0.194776
0.460000	-0.460485	-0.042226	-0.222489	0.156107	-0.943211	0.195844
0.480000	-0.434117	-0.049630	-0.220962	0.156222	-0.942232	0.196929
0.500000	-0.408199	-0.054559	-0.218038	0.156447	-0.941303	0.198015
0.520000	-0.383087	-0.056925	-0.213514	0.156796	-0.940441	0.199088
0.540000	-0.359137	-0.056638	-0.207182	0.157286	-0.939664	0.200132
0.560000	-0.336707	-0.053608	-0.198838	0.157931	-0.938989	0.201134
0.580000	-0.316075	-0.047810	-0.188364	0.158740	-0.938429	0.202080
0.600000	-0.297169	-0.039508	-0.176046	0.159695	-0.937982	0.202967
0.620000	-0.279819	-0.029045	-0.162279	0.160767	-0.937640	0.203792
0.640000	-0.263854	-0.016767	-0.147460	0.161930	-0.937395	0.204554
0.660000	-0.249105	-0.003017	-0.131985	0.163158	-0.937240	0.205252
0.680000	-0.235401	0.011861	-0.116252	0.164421	-0.937168	0.205884
0.700000	-0.222573	0.027520	-0.100657	0.165695	-0.937170	0.206447
0.720000	-0.210450	0.043619	-0.085596	0.166951	-0.937240	0.206942
0.740000	-0.198862	0.059811	-0.071466	0.168162	-0.937369	0.207365
0.760000	-0.187638	0.075752	-0.058665	0.169301	-0.937550	0.207717
0.780000	-0.176609	0.091099	-0.047587	0.170341	-0.937776	0.207993
0.800000	-0.165605	0.105506	-0.038630	0.171256	-0.938038	0.208195
0.820000	-0.154455	0.118630	-0.032191	0.172017	-0.938330	0.208318
0.840000	-0.142989	0.130126	-0.028665	0.172598	-0.938643	0.208363
0.860000	-0.131037	0.139649	-0.028451	0.172971	-0.938971	0.208327
0.880000	-0.118431	0.146858	-0.031940	0.173110	-0.939306	0.208210
0.900000	-0.105164	0.151604	-0.039212	0.173009	-0.939639	0.208014
0.920000	-0.091513	0.154078	-0.049797	0.172700	-0.939967	0.207757
0.940000	-0.077783	0.154504	-0.063171	0.172216	-0.940281	0.207456
0.960000	-0.064280	0.153109	-0.078809	0.171594	-0.940576	0.207125
0.980000	-0.051309	0.150117	-0.096184	0.170868	-0.940847	0.206784
1.000000	-0.039175	0.145752	-0.114773	0.170073	-0.941086	0.206447
1.020000	-0.028183	0.140241	-0.134051	0.169244	-0.941288	0.206133
1.040000	-0.018639	0.133807	-0.153492	0.168416	-0.941446	0.205857
1.060000	-0.010848	0.126677	-0.172571	0.167625	-0.941555	0.205637
1.080000	-0.005116	0.119075	-0.190764	0.166904	-0.941608	0.205489
1.100000	-0.001747	0.111227	-0.207545	0.166290	-0.941600	0.205430
1.120000	-0.001047	0.103356	-0.222389	0.165817	-0.941523	0.205477
1.140000	-0.003322	0.095689	-0.234772	0.165520	-0.941372	0.205646
1.160000	-0.008876	0.088451	-0.244167	0.165434	-0.941141	0.205954
1.180000	-0.018015	0.081865	-0.250052	0.165594	-0.940824	0.206419
1.200000	-0.031045	0.076159	-0.251899	0.166036	-0.940414	0.207056
1.220000	-0.048075	0.071521	-0.249390	0.166777	-0.939911	0.207873
1.240000	-0.068516	0.068017	-0.242946	0.167781	-0.939335	0.208841
1.260000	-0.091617	0.065684	-0.233156	0.168996	-0.938708	0.209924
1.280000	-0.116630	0.064559	-0.220609	0.170371	-0.938056	0.211086
1.300000	-0.142805	0.064679	-0.205894	0.171856	-0.937401	0.212290
1.320000	-0.169392	0.066081	-0.189599	0.173400	-0.936768	0.213501
1.340000	-0.195642	0.068802	-0.172314	0.174951	-0.936180	0.214681
1.360000	-0.220805	0.072878	-0.154627	0.176459	-0.935662	0.215795
1.380000	-0.244132	0.078347	-0.137128	0.177873	-0.935238	0.216806
1.400000	-0.264874	0.085245	-0.120405	0.179141	-0.934930	0.217678
1.420000	-0.282280	0.093610	-0.105047	0.180214	-0.934763	0.218375
1.440000	-0.295602	0.103478	-0.091643	0.181040	-0.934761	0.218860
1.460000	-0.304091	0.114887	-0.080782	0.181568	-0.934948	0.219097
1.480000	-0.306995	0.127872	-0.073052	0.181747	-0.935347	0.219049
1.500000	-0.303567	0.142473	-0.069044	0.181526	-0.935982	0.218682
1.520000	-0.293073	0.158719	-0.069334	0.180856	-0.936877	0.217958
1.540000	-0.275601	0.176404	-0.073965	0.179742	-0.938022	0.216880
1.560000	-0.252424	0.194976	-0.082209	0.178266	-0.939360	0.215505
1.580000	-0.224904	0.213854	-0.093273	0.176519	-0.940829	0.213892
1.600000	-0.194406	0.232458	-0.106370	0.174589	-0.942369	0.212104
1.620000	-0.162294	0.250210	-0.120708	0.172568	-0.943919	0.210200
1.640000	-0.129931	0.266529	-0.135498	0.170544	-0.945418	0.208241
1.660000	-0.098682	0.280835	-0.149950	0.168606	-0.946805	0.206289
1.680000	-0.069907	0.292551	-0.163277	0.166845	-0.948019	0.204403
1.700000	-0.044501	0.301320	-0.174953	0.165320	-0.949022	0.202624
1.720000	-0.022415	0.307235	-0.184994	0.164025	-0.949817	0.200955
1.740000	-0.003485	0.310445	-0.193478	0.162951	-0.950416	0.199394
