0.000000	-0.452583	0.223170	-0.208715	0.150639	-0.919562	0.246390
0.020000	-0.448437	0.164614	-0.209240	0.151448	-0.920211	0.246379
0.040000	-0.444933	0.117559	-0.207937	0.152439	-0.920894	0.246538
0.060000	-0.442021	0.081006	-0.205024	0.153576	-0.921599	0.246835
0.080000	-0.439654	0.053955	-0.200718	0.154823	-0.922312	0.247241
0.100000	-0.437781	0.035408	-0.195235	0.156144	-0.923021	0.247723
0.120000	-0.436356	0.024364	-0.188793	0.157501	-0.923711	0.248251
0.140000	-0.435328	0.019825	-0.181607	0.158859	-0.924371	0.248795
0.160000	-0.434650	0.020790	-0.173895	0.160181	-0.924986	0.249323
0.180000	-0.434272	0.026261	-0.165874	0.161431	-0.925544	0.249804
0.200000	-0.434146	0.035239	-0.157759	0.162573	-0.926031	0.250208
0.220000	-0.434224	0.046722	-0.149768	0.163569	-0.926433	0.250504
0.240000	-0.434455	0.059713	-0.142118	0.164384	-0.926739	0.250661
0.260000	-0.434793	0.073212	-0.135025	0.164981	-0.926934	0.250648
0.280000	-0.435187	0.086220	-0.128705	0.165324	-0.927005	0.250434
0.300000	-0.435585	0.098050	-0.123328	0.165395	-0.926948	0.250005
0.320000	-0.435921	0.108749	-0.118945	0.165219	-0.926776	0.249388
0.340000	-0.436126	0.118470	-0.115593	0.164826	-0.926508	0.248615
0.360000	-0.436135	0.127366	-0.113308	0.164247	-0.926161	0.247717
0.380000	-0.435880	0.135591	-0.112127	0.163514	-0.925753	0.246726
0.400000	-0.435293	0.143297	-0.112086	0.162657	-0.925300	0.245675
0.420000	-0.434307	0.150639	-0.113222	0.161708	-0.924820	0.244596
0.440000	-0.432854	0.157770	-0.115570	0.160697	-0.924332	0.243519
0.460000	-0.430868	0.164842	-0.119168	0.159655	-0.923851	0.242478
0.480000	-0.428281	0.172009	-0.124051	0.158614	-0.923396	0.241505
0.500000	-0.425025	0.179424	-0.130255	0.157604	-0.922985	0.240630
0.520000	-0.421034	0.187241	-0.137818	0.156657	-0.922633	0.239887
0.540000	-0.416240	0.195613	-0.146776	0.155803	-0.922360	0.239308
0.560000	-0.410575	0.204693	-0.157164	0.155073	-0.922183	0.238923
0.580000	-0.403973	0.214635	-0.169019	0.154498	-0.922118	0.238766
0.600000	-0.396390	0.225506	-0.182327	0.154101	-0.922177	0.238854
0.620000	-0.387863	0.237113	-0.196918	0.153874	-0.922348	0.239164
0.640000	-0.378441	0.249210	-0.212591	0.153805	-0.922614	0.239665
0.660000	-0.368175	0.261553	-0.229146	0.153882	-0.922960	0.240325
0.680000	-0.357114	0.273898	-0.246383	0.154093	-0.923370	0.241111
0.700000	-0.345310	0.285998	-0.264100	0.154425	-0.923828	0.241994
0.720000	-0.332811	0.297610	-0.282098	0.154867	-0.924319	0.242940
0.740000	-0.319668	0.308488	-0.300176	0.155406	-0.924825	0.243919
0.760000	-0.305931	0.318388	-0.318134	0.156031	-0.925332	0.244899
0.780000	-0.291651	0.327064	-0.335771	0.156728	-0.925823	0.245847
0.800000	-0.276878	0.334273	-0.352887	0.157486	-0.926283	0.246734
0.820000	-0.261661	0.339768	-0.369281	0.158293	-0.926695	0.247526
0.840000	-0.246051	0.343306	-0.384753	0.159136	-0.927045	0.248192
0.860000	-0.230098	0.344641	-0.399103	0.160003	-0.927315	0.248702
0.880000	-0.213852	0.343528	-0.412130	0.160883	-0.927489	0.249022
0.900000	-0.197364	0.339787	-0.423675	0.161764	-0.927557	0.249129
0.920000	-0.180690	0.333495	-0.433743	0.162642	-0.927519	0.249028
0.940000	-0.163885	0.324798	-0.442383	0.163517	-0.927381	0.248732
0.960000	-0.147006	0.313840	-0.449645	0.164386	-0.927149	0.248255
0.980000	-0.130108	0.300767	-0.455577	0.165247	-0.926828	0.247608
1.000000	-0.113249	0.285723	-0.460226	0.166098	-0.926425	0.246804
1.020000	-0.096483	0.268852	-0.463644	0.166938	-0.925945	0.245857
1.040000	-0.079866	0.250300	-0.465876	0.167764	-0.925393	0.244780
1.060000	-0.063456	0.230212	-0.466974	0.168575	-0.924776	0.243586
1.080000	-0.047308	0.208732	-0.466985	0.169368	-0.924098	0.242286
1.100000	-0.031479	0.186005	-0.465957	0.170142	-0.923367	0.240895
1.120000	-0.016023	0.162176	-0.463940	0.170894	-0.922586	0.239426
1.140000	-0.000998	0.137390	-0.460983	0.171623	-0.921762	0.237890
1.160000	0.013541	0.111791	-0.457133	0.172328	-0.920902	0.236301
1.180000	0.027537	0.085525	-0.452440	0.173005	-0.920009	0.234672
1.200000	0.040934	0.058736	-0.446952	0.173654	-0.919090	0.233016
1.220000	0.053677	0.031569	-0.440718	0.174271	-0.918151	0.231346
1.240000	0.065709	0.004169	-0.433787	0.174856	-0.917198	0.229675
1.260000	0.076973	-0.023319	-0.426208	0.175406	-0.916235	0.228015
1.280000	0.087415	-0.050751	-0.418028	0.175920	-0.915269	0.226379
1.300000	0.096978	-0.077981	-0.409297	0.176395	-0.914306	0.224781
1.320000	0.105605	-0.104866	-0.400064	0.176830	-0.913350	0.223233
1.340000	0.113241	-0.131259	-0.390377	0.177223	-0.912409	0.221749
1.360000	0.119830	-0.157017	-0.380284	0.177571	-0.911486	0.220340
1.380000	0.125315	-0.181994	-0.369835	0.177874	-0.910589	0.219021
1.400000	0.129641	-0.206046	-0.359078	0.178128	-0.909723	0.217803
1.420000	0.132751	-0.229028	-0.348062	0.178332	-0.908893	0.216701
1.440000	0.134589	-0.250794	-0.336836	0.178485	-0.908105	0.215726
1.460000	0.135099	-0.271201	-0.325448	0.178583	-0.907365	0.214892
1.480000	0.134226	-0.290103	-0.313946	0.178626	-0.906678	0.214211
1.500000	0.131912	-0.307355	-0.302381	0.178612	-0.906051	0.213697
1.520000	0.128102	-0.322814	-0.290799	0.178538	-0.905488	0.213362
1.540000	0.122740	-0.336333	-0.279251	0.178402	-0.904996	0.213220
1.560000	0.115769	-0.347768	-0.267784	0.178203	-0.904580	0.213283
1.580000	0.107134	-0.356974	-0.256448	0.177939	-0.904246	0.213564
