0.000000	-0.003485	0.310445	-0.193478	0.162951	-0.950416	0.199394
0.020000	0.012454	0.311097	-0.200483	0.162085	-0.950828	0.197937
0.040000	0.025567	0.309340	-0.206089	0.161416	-0.951064	0.196581
0.060000	0.036018	0.305321	-0.210374	0.160933	-0.951133	0.195325
0.080000	0.043971	0.299189	-0.213417	0.160625	-0.951046	0.194166
0.100000	0.049592	0.291091	-0.215297	0.160479	-0.950812	0.193100
0.120000	0.053043	0.281176	-0.216094	0.160486	-0.950442	0.192125
0.140000	0.054491	0.269592	-0.215884	0.160633	-0.949947	0.191239
0.160000	0.054099	0.256487	-0.214749	0.160909	-0.949335	0.190439
0.180000	0.052032	0.242009	-0.212765	0.161302	-0.948618	0.189722
0.200000	0.048454	0.226306	-0.210013	0.161802	-0.947805	0.189085
0.220000	0.043530	0.209526	-0.206571	0.162397	-0.946906	0.188527
0.240000	0.037425	0.191817	-0.202517	0.163076	-0.945933	0.188043
0.260000	0.030302	0.173327	-0.197931	0.163826	-0.944893	0.187632
0.280000	0.022326	0.154204	-0.192892	0.164638	-0.943799	0.187291
0.300000	0.013662	0.134597	-0.187478	0.165499	-0.942660	0.187017
0.320000	0.004474	0.114654	-0.181767	0.166399	-0.941486	0.186808
0.340000	-0.005074	0.094521	-0.175840	0.167325	-0.940286	0.186661
0.360000	-0.014816	0.074348	-0.169775	0.168267	-0.939073	0.186572
0.380000	-0.024589	0.054283	-0.163650	0.169212	-0.937854	0.186541
0.400000	-0.034228	0.034474	-0.157545	0.170151	-0.936642	0.186563
0.420000	-0.043568	0.015068	-0.151538	0.171071	-0.935445	0.186637
0.440000	-0.052446	-0.003787	-0.145708	0.171960	-0.934274	0.186759
0.460000	-0.060696	-0.021941	-0.140133	0.172809	-0.933138	0.186927
0.480000	-0.068154	-0.039247	-0.134894	0.173605	-0.932049	0.187138
0.500000	-0.074656	-0.055558	-0.130068	0.174336	-0.931016	0.187390
0.520000	-0.080037	-0.070724	-0.125735	0.174993	-0.930049	0.187679
0.540000	-0.084133	-0.084598	-0.121972	0.175562	-0.929159	0.188005
0.560000	-0.086829	-0.097069	-0.118839	0.176036	-0.928352	0.188362
0.580000	-0.088184	-0.108149	-0.116321	0.176418	-0.927629	0.188751
0.600000	-0.088295	-0.117879	-0.114386	0.176712	-0.926985	0.189169
0.620000	-0.087258	-0.126300	-0.113005	0.176923	-0.926419	0.189616
0.640000	-0.085169	-0.133452	-0.112147	0.177056	-0.925926	0.190088
0.660000	-0.082125	-0.139377	-0.111782	0.177116	-0.925504	0.190585
0.680000	-0.078223	-0.144115	-0.111880	0.177106	-0.925150	0.191105
0.700000	-0.073558	-0.147706	-0.112409	0.177033	-0.924861	0.191646
0.720000	-0.068228	-0.150192	-0.113341	0.176901	-0.924633	0.192208
0.740000	-0.062328	-0.151613	-0.114643	0.176715	-0.924465	0.192787
0.760000	-0.055956	-0.152010	-0.116287	0.176479	-0.924353	0.193383
0.780000	-0.049208	-0.151423	-0.118241	0.176199	-0.924293	0.193995
0.800000	-0.042179	-0.149893	-0.120474	0.175878	-0.924283	0.194619
0.820000	-0.034968	-0.147461	-0.122958	0.175523	-0.924320	0.195255
0.840000	-0.027669	-0.144167	-0.125661	0.175137	-0.924401	0.195902
0.860000	-0.020380	-0.140052	-0.128553	0.174726	-0.924523	0.196557
0.880000	-0.013197	-0.135158	-0.131603	0.174294	-0.924682	0.197219
0.900000	-0.006216	-0.129524	-0.134781	0.173846	-0.924876	0.197887
0.920000	0.000466	-0.123191	-0.138057	0.173387	-0.925103	0.198558
0.940000	0.006753	-0.116200	-0.141401	0.172922	-0.925358	0.199232
0.960000	0.012547	-0.108591	-0.144781	0.172456	-0.925638	0.199906
0.980000	0.017754	-0.100406	-0.148168	0.171992	-0.925942	0.200579
1.000000	0.022276	-0.091685	-0.151531	0.171537	-0.926265	0.201249
1.020000	0.026016	-0.082469	-0.154839	0.171094	-0.926606	0.201915
1.040000	0.028879	-0.072798	-0.158063	0.170669	-0.926960	0.202576
1.060000	0.030768	-0.062713	-0.161172	0.170267	-0.927325	0.203229
1.080000	0.031587	-0.052254	-0.164135	0.169892	-0.927697	0.203872
1.100000	0.031238	-0.041463	-0.166922	0.169549	-0.928075	0.204506
1.120000	0.029626	-0.030381	-0.169503	0.169242	-0.928454	0.205127
1.140000	0.026654	-0.019047	-0.171848	0.168978	-0.928832	0.205734
1.160000	0.022226	-0.007502	-0.173925	0.168760	-0.929206	0.206326
1.180000	0.016245	0.004212	-0.175705	0.168592	-0.929572	0.206900
1.200000	0.008615	0.016056	-0.177157	0.168481	-0.929928	0.207456
1.220000	-0.000761	0.027988	-0.178250	0.168431	-0.930271	0.207992
1.240000	-0.011980	0.039967	-0.178955	0.168446	-0.930598	0.208506
1.260000	-0.025137	0.051954	-0.179241	0.168532	-0.930906	0.208996
1.280000	-0.040329	0.063907	-0.179077	0.168693	-0.931191	0.209461
1.300000	-0.057652	0.075786	-0.178434	0.168934	-0.931451	0.209900
1.320000	-0.077204	0.087550	-0.177280	0.169259	-0.931683	0.210310
1.340000	-0.099080	0.099158	-0.175586	0.169675	-0.931884	0.210691
1.360000	-0.123263	0.110554	-0.173334	0.170181	-0.932051	0.211040
1.380000	-0.149274	0.121614	-0.170566	0.170766	-0.932186	0.211358
1.400000	-0.176515	0.132199	-0.167334	0.171414	-0.932294	0.211645
1.420000	-0.204388	0.142168	-0.163694	0.172110	-0.932375	0.211902
1.440000	-0.232295	0.151382	-0.159699	0.172837	-0.932433	0.212127
1.460000	-0.259637	0.159700	-0.155405	0.173582	-0.932472	0.212323
1.480000	-0.285817	0.166984	-0.150866	0.174326	-0.932493	0.212489
1.500000	-0.310237	0.173092	-0.146136	0.175056	-0.932499	0.212625
1.520000	-0.332299	0.177886	-0.141269	0.175755	-0.932494	0.212731
1.540000	-0.351405	0.181225	-0.136320	0.176408	-0.932480	0.212809
1.560000	-0.366957	0.182969	-0.131343	0.176999	-0.932461	0.212857
1.580000	-0.378357	0.182978	-0.126393	0.177513	-0.932438	0.212877
1.600000	-0.385007	0.181113	-0.121523	0.177933	-0.932415	0.212869
1.620000	-0.386310	0.177233	-0.116789	0.178245	-0.932395	0.212832
1.640000	-0.381666	0.171199	-0.112245	0.178432	-0.932380	0.212767
1.660000	-0.370479	0.162871	-0.107945	0.178479	-0.932373	0.212675
1.680000	-0.352264	0.152140	-0.103937	0.178373	-0.932378	0.212555
1.700000	-0.327564	0.139170	-0.100212	0.178116	-0.932399	0.212409
1.720000	-0.297468	0.124276	-0.096730	0.177721	-0.932442	0.212237
1.740000	-0.263070	0.107769	-0.093453	0.177202	-0.932514	0.212040
1.760000	-0.225462	0.089964	-0.090339	0.176569	-0.932619	0.211818
1.780000	-0.185737	0.071173	-0.087351	0.175837	-0.932765	0.211573
1.800000	-0.144990	0.051712	-0.084447	0.175018	-0.932957	0.211304
1.820000	-0.104313	0.031892	-0.081588	0.174124	-0.933201	0.211014
1.840000	-0.064800	0.012027	-0.078734	0.173168	-0.933503	0.210703
1.860000	-0.027543	-0.007568	-0.075846	0.172163	-0.933869	0.210371
1.880000	0.006363	-0.026582	-0.072885	0.171121	-0.934304	0.210020
1.900000	0.035826	-0.044699	-0.069809	0.170054	-0.934816	0.209649
1.920000	0.059752	-0.061608	-0.066580	0.168977	-0.935410	0.209261
1.940000	0.077047	-0.076993	-0.063158	0.167901	-0.936091	0.208855
1.960000	0.086620	-0.090543	-0.059503	0.166838	-0.936866	0.208433
1.980000	0.087375	-0.101943	-0.055576	0.165802	-0.937741	0.207995
2.000000	0.078264	-0.110888	-0.051339	0.164805	-0.938721	0.207542
2.020000	0.059294	-0.117283	-0.046829	0.163857	-0.939798	0.207076
2.040000	0.031578	-0.121251	-0.042158	0.162965	-0.940948	0.206598
2.060000	-0.003722	-0.122924	-0.037439	0.162136	-0.942149	0.206110
2.080000	-0.045446	-0.122436	-0.032790	0.161377	-0.943376	0.205616
2.100000	-0.092430	-0.119918	-0.028323	0.160696	-0.944606	0.205116
2.120000	-0.143513	-0.115503	-0.024156	0.160098	-0.945815	0.204613
2.140000	-0.197532	-0.109325	-0.020402	0.159593	-0.946979	0.204108
