0.000000	-0.531466	0.141588	-0.252226	0.160227	-0.929020	0.223119
0.020000	-0.515512	0.146768	-0.256802	0.160036	-0.928099	0.222600
0.040000	-0.496866	0.156844	-0.260982	0.159844	-0.927149	0.222361
0.060000	-0.475650	0.171770	-0.264729	0.159652	-0.926179	0.222409
0.080000	-0.452321	0.190770	-0.268010	0.159467	-0.925203	0.222716
0.100000	-0.427363	0.213015	-0.270795	0.159292	-0.924236	0.223249
0.120000	-0.401259	0.237671	-0.273050	0.159133	-0.923291	0.223977
0.140000	-0.374493	0.263907	-0.274745	0.158994	-0.922384	0.224868
0.160000	-0.347549	0.290892	-0.275847	0.158881	-0.921528	0.225889
0.180000	-0.320909	0.317793	-0.276326	0.158797	-0.920740	0.227008
0.200000	-0.295057	0.343779	-0.276149	0.158748	-0.920032	0.228193
0.220000	-0.270477	0.368019	-0.275284	0.158739	-0.919421	0.229412
0.240000	-0.247652	0.389680	-0.273701	0.158775	-0.918919	0.230633
0.260000	-0.227066	0.407931	-0.271367	0.158860	-0.918543	0.231824
0.280000	-0.209202	0.421940	-0.268251	0.158999	-0.918305	0.232952
0.300000	-0.194544	0.430876	-0.264321	0.159198	-0.918222	0.233986
0.320000	-0.183575	0.433907	-0.259545	0.159460	-0.918307	0.234893
0.340000	-0.176779	0.430201	-0.253892	0.159792	-0.918575	0.235641
0.360000	-0.174587	0.419023	-0.247340	0.160196	-0.919039	0.236200
0.380000	-0.176852	0.400710	-0.239991	0.160668	-0.919687	0.236570
0.400000	-0.183069	0.376259	-0.232019	0.161195	-0.920495	0.236766
0.420000	-0.192731	0.346676	-0.223601	0.161767	-0.921436	0.236804
0.440000	-0.205326	0.312968	-0.214913	0.162372	-0.922485	0.236699
0.460000	-0.220347	0.276143	-0.206130	0.162998	-0.923617	0.236469
0.480000	-0.237284	0.237206	-0.197429	0.163634	-0.924806	0.236130
0.500000	-0.255627	0.197165	-0.188986	0.164268	-0.926026	0.235696
0.520000	-0.274868	0.157027	-0.180977	0.164889	-0.927252	0.235186
0.540000	-0.294497	0.117798	-0.173579	0.165485	-0.928459	0.234613
0.560000	-0.314005	0.080485	-0.166968	0.166045	-0.929620	0.233996
0.580000	-0.332883	0.046096	-0.161319	0.166558	-0.930711	0.233349
0.600000	-0.350621	0.015636	-0.156810	0.167010	-0.931705	0.232689
0.620000	-0.366710	-0.009886	-0.153615	0.167392	-0.932577	0.232032
0.640000	-0.380640	-0.029465	-0.151912	0.167692	-0.933302	0.231394
0.660000	-0.391904	-0.042093	-0.151876	0.167898	-0.933854	0.230791
0.680000	-0.400001	-0.046792	-0.153677	0.167998	-0.934208	0.230239
0.700000	-0.404793	-0.043485	-0.157279	0.167992	-0.934359	0.229747
0.720000	-0.406570	-0.033190	-0.162396	0.167887	-0.934323	0.229313
0.740000	-0.405649	-0.016987	-0.168728	0.167694	-0.934122	0.228937
0.760000	-0.402347	0.004042	-0.175973	0.167422	-0.933772	0.228617
0.780000	-0.396982	0.028818	-0.183831	0.167080	-0.933295	0.228352
0.800000	-0.389871	0.056258	-0.192003	0.166679	-0.932709	0.228140
0.820000	-0.381331	0.085283	-0.200186	0.166228	-0.932033	0.227981
0.840000	-0.371678	0.114810	-0.208081	0.165737	-0.931287	0.227874
0.860000	-0.361230	0.143760	-0.215388	0.165215	-0.930489	0.227817
0.880000	-0.350304	0.171051	-0.221804	0.164673	-0.929659	0.227808
0.900000	-0.339217	0.195602	-0.227031	0.164119	-0.928816	0.227847
0.920000	-0.328286	0.216333	-0.230768	0.163563	-0.927979	0.227933
0.940000	-0.317829	0.232163	-0.232713	0.163016	-0.927167	0.228064
0.960000	-0.308161	0.242010	-0.232567	0.162486	-0.926400	0.228238
0.980000	-0.299601	0.244793	-0.230028	0.161983	-0.925697	0.228456
1.000000	-0.292436	0.239584	-0.224845	0.161517	-0.925076	0.228715
1.020000	-0.286704	0.226750	-0.217173	0.161089	-0.924542	0.229011
1.040000	-0.282313	0.207319	-0.207377	0.160701	-0.924095	0.229342
1.060000	-0.279172	0.182321	-0.195823	0.160350	-0.923735	0.229701
1.080000	-0.277190	0.152789	-0.182877	0.160037	-0.923461	0.230084
1.100000	-0.276275	0.119754	-0.168904	0.159761	-0.923274	0.230488
1.120000	-0.276337	0.084249	-0.154270	0.159521	-0.923173	0.230907
1.140000	-0.277283	0.047305	-0.139342	0.159318	-0.923158	0.231337
1.160000	-0.279023	0.009955	-0.124484	0.159151	-0.923227	0.231774
1.180000	-0.281464	-0.026771	-0.110064	0.159019	-0.923382	0.232214
1.200000	-0.284516	-0.061839	-0.096446	0.158922	-0.923622	0.232651
1.220000	-0.288087	-0.094219	-0.083997	0.158859	-0.923946	0.233081
1.240000	-0.292086	-0.122879	-0.073083	0.158830	-0.924355	0.233501
1.260000	-0.296421	-0.146786	-0.064069	0.158835	-0.924847	0.233904
1.280000	-0.301000	-0.164909	-0.057322	0.158872	-0.925423	0.234288
1.300000	-0.305734	-0.176216	-0.053206	0.158942	-0.926082	0.234647
1.320000	-0.310525	-0.180040	-0.051942	0.159043	-0.926821	0.234978
1.340000	-0.315266	-0.176861	-0.053287	0.159165	-0.927623	0.235273
1.360000	-0.319846	-0.167382	-0.056908	0.159299	-0.928472	0.235526
1.380000	-0.324156	-0.152305	-0.062474	0.159436	-0.929348	0.235733
1.400000	-0.328083	-0.132333	-0.069652	0.159567	-0.930235	0.235887
1.420000	-0.331518	-0.108170	-0.078110	0.159680	-0.931115	0.235981
1.440000	-0.334349	-0.080518	-0.087517	0.159769	-0.931970	0.236010
1.460000	-0.336468	-0.050081	-0.097539	0.159821	-0.932782	0.235967
1.480000	-0.337762	-0.017560	-0.107844	0.159829	-0.933533	0.235847
1.500000	-0.338121	0.016340	-0.118101	0.159782	-0.934205	0.235644
1.520000	-0.337435	0.050917	-0.127978	0.159672	-0.934781	0.235351
1.540000	-0.335592	0.085468	-0.137141	0.159488	-0.935244	0.234963
1.560000	-0.332483	0.119290	-0.145259	0.159221	-0.935574	0.234473
1.580000	-0.327998	0.151680	-0.152000	0.158861	-0.935755	0.233876
1.600000	-0.322024	0.181936	-0.157031	0.158399	-0.935768	0.233164
1.620000	-0.314452	0.209353	-0.160021	0.157826	-0.935596	0.232333
1.640000	-0.305210	0.233306	-0.160693	0.157134	-0.935226	0.231380
1.660000	-0.294491	0.253685	-0.159155	0.156341	-0.934668	0.230320
1.680000	-0.282599	0.270593	-0.155674	0.155471	-0.933948	0.229181
1.700000	-0.269837	0.284136	-0.150515	0.154550	-0.933087	0.227986
1.720000	-0.256507	0.294419	-0.143945	0.153602	-0.932111	0.226762
1.740000	-0.242913	0.301546	-0.136231	0.152654	-0.931042	0.225533
1.760000	-0.229360	0.305621	-0.127640	0.151729	-0.929904	0.224326
1.780000	-0.216149	0.306751	-0.118438	0.150854	-0.928720	0.223166
1.800000	-0.203584	0.305040	-0.108892	0.150054	-0.927513	0.222078
1.820000	-0.191968	0.300592	-0.099267	0.149353	-0.926308	0.221087
1.840000	-0.181605	0.293512	-0.089832	0.148778	-0.925128	0.220219
1.860000	-0.172798	0.283906	-0.080853	0.148353	-0.923996	0.219500
1.880000	-0.165851	0.271878	-0.072595	0.148103	-0.922935	0.218954
1.900000	-0.161066	0.257533	-0.065326	0.148055	-0.921969	0.218607
1.920000	-0.158747	0.240976	-0.059313	0.148232	-0.921122	0.218485
1.940000	-0.159197	0.222312	-0.054822	0.148661	-0.920418	0.218613
