0.000000	-0.003286	0.126159	-0.191408	0.368659	-0.949951	-0.014753
0.020000	0.008307	0.133325	-0.185796	0.369741	-0.949518	-0.015125
0.040000	0.018047	0.140516	-0.180008	0.370651	-0.949059	-0.015398
0.060000	0.025651	0.147762	-0.174120	0.371362	-0.948590	-0.015549
0.080000	0.030839	0.155090	-0.168207	0.371847	-0.948126	-0.015553
0.100000	0.033328	0.162529	-0.162345	0.372082	-0.947684	-0.015388
0.120000	0.032836	0.170109	-0.156611	0.372039	-0.947278	-0.015031
0.140000	0.029085	0.177858	-0.151079	0.371692	-0.946924	-0.014457
0.160000	0.021994	0.185792	-0.145801	0.371037	-0.946631	-0.013668
0.180000	0.011834	0.193903	-0.140783	0.370104	-0.946393	-0.012704
0.200000	-0.001094	0.202183	-0.136027	0.368930	-0.946202	-0.011609
0.220000	-0.016487	0.210622	-0.131537	0.367548	-0.946052	-0.010430
0.240000	-0.034041	0.219211	-0.127313	0.365995	-0.945935	-0.009210
0.260000	-0.053455	0.227942	-0.123360	0.364305	-0.945844	-0.007994
0.280000	-0.074426	0.236804	-0.119679	0.362514	-0.945772	-0.006827
0.300000	-0.096650	0.245789	-0.116272	0.360656	-0.945712	-0.005754
0.320000	-0.119825	0.254887	-0.113143	0.358767	-0.945658	-0.004819
0.340000	-0.143648	0.264090	-0.110293	0.356882	-0.945601	-0.004068
0.360000	-0.167816	0.273387	-0.107725	0.355036	-0.945534	-0.003545
0.380000	-0.192027	0.282771	-0.105441	0.353263	-0.945452	-0.003294
0.400000	-0.215978	0.292232	-0.103444	0.351600	-0.945345	-0.003362
0.420000	-0.239365	0.301760	-0.101737	0.350082	-0.945209	-0.003792
0.440000	-0.261887	0.311347	-0.100321	0.348742	-0.945034	-0.004629
0.460000	-0.283241	0.320983	-0.099199	0.347617	-0.944815	-0.005918
0.480000	-0.303186	0.330624	-0.098367	0.346732	-0.944546	-0.007681
0.500000	-0.321711	0.340103	-0.097797	0.346077	-0.944233	-0.009861
0.520000	-0.338852	0.349223	-0.097456	0.345633	-0.943881	-0.012381
0.540000	-0.354647	0.357788	-0.097312	0.345383	-0.943496	-0.015165
0.560000	-0.369133	0.365604	-0.097331	0.345309	-0.943086	-0.018137
0.580000	-0.382348	0.372473	-0.097480	0.345393	-0.942657	-0.021221
0.600000	-0.394328	0.378201	-0.097727	0.345617	-0.942215	-0.024341
0.620000	-0.405112	0.382592	-0.098038	0.345964	-0.941766	-0.027422
0.640000	-0.414736	0.385449	-0.098380	0.346414	-0.941317	-0.030386
0.660000	-0.423237	0.386577	-0.098721	0.346951	-0.940875	-0.033159
0.680000	-0.430654	0.385780	-0.099028	0.347556	-0.940445	-0.035664
0.700000	-0.437024	0.382862	-0.099267	0.348212	-0.940034	-0.037825
0.720000	-0.442383	0.377629	-0.099406	0.348901	-0.939649	-0.039566
0.740000	-0.446769	0.369883	-0.099412	0.349604	-0.939296	-0.040812
0.760000	-0.450220	0.359429	-0.099251	0.350304	-0.938981	-0.041485
0.780000	-0.452780	0.346147	-0.098900	0.350985	-0.938711	-0.041531
0.800000	-0.454526	0.330273	-0.098378	0.351640	-0.938492	-0.040988
0.820000	-0.455546	0.312149	-0.097715	0.352265	-0.938331	-0.039923
0.840000	-0.455927	0.292116	-0.096943	0.352856	-0.938235	-0.038402
0.860000	-0.455757	0.270514	-0.096093	0.353409	-0.938209	-0.036493
0.880000	-0.455124	0.247685	-0.095197	0.353919	-0.938262	-0.034261
0.900000	-0.454114	0.223970	-0.094285	0.354384	-0.938398	-0.031775
0.920000	-0.452814	0.199710	-0.093390	0.354799	-0.938626	-0.029100
0.940000	-0.451313	0.175247	-0.092541	0.355159	-0.938951	-0.026304
0.960000	-0.449698	0.150921	-0.091770	0.355461	-0.939380	-0.023452
0.980000	-0.448056	0.127074	-0.091109	0.355700	-0.939920	-0.020613
1.000000	-0.446475	0.104046	-0.090588	0.355874	-0.940577	-0.017852
1.020000	-0.445042	0.082180	-0.090239	0.355976	-0.941357	-0.015236
1.040000	-0.443844	0.061816	-0.090093	0.356005	-0.942268	-0.012832
1.060000	-0.442968	0.043295	-0.090182	0.355955	-0.943316	-0.010707
1.080000	-0.442504	0.026959	-0.090536	0.355822	-0.944508	-0.008928
1.100000	-0.442536	0.013148	-0.091186	0.355603	-0.945850	-0.007561
1.120000	-0.443148	0.002191	-0.092164	0.355293	-0.947347	-0.006670
1.140000	-0.444290	-0.005870	-0.093481	0.354901	-0.948984	-0.006259
1.160000	-0.445799	-0.011250	-0.095130	0.354443	-0.950725	-0.006281
1.180000	-0.447503	-0.014176	-0.097108	0.353938	-0.952533	-0.006682
1.200000	-0.449233	-0.014873	-0.099407	0.353401	-0.954372	-0.007411
1.220000	-0.450819	-0.013568	-0.102022	0.352853	-0.956204	-0.008417
1.240000	-0.452090	-0.010487	-0.104947	0.352308	-0.957994	-0.009648
1.260000	-0.452877	-0.005856	-0.108176	0.351787	-0.959704	-0.011053
1.280000	-0.453009	0.000098	-0.111703	0.351305	-0.961298	-0.012580
1.300000	-0.452317	0.007149	-0.115522	0.350881	-0.962739	-0.014177
1.320000	-0.450630	0.015072	-0.119627	0.350532	-0.963992	-0.015793
1.340000	-0.447778	0.023639	-0.124013	0.350275	-0.965018	-0.017376
1.360000	-0.443592	0.032625	-0.128672	0.350129	-0.965782	-0.018875
1.380000	-0.437901	0.041804	-0.133601	0.350112	-0.966247	-0.020238
1.400000	-0.430535	0.050949	-0.138792	0.350239	-0.966375	-0.021413
1.420000	-0.421324	0.059834	-0.144239	0.350530	-0.966132	-0.022350
1.440000	-0.410137	0.068249	-0.149929	0.350997	-0.965488	-0.023004
1.460000	-0.397088	0.076080	-0.155791	0.351620	-0.964476	-0.023390
1.480000	-0.382383	0.083254	-0.161737	0.352371	-0.963146	-0.023539
1.500000	-0.366228	0.089694	-0.167677	0.353217	-0.961551	-0.023485
1.520000	-0.348828	0.095325	-0.173520	0.354129	-0.959744	-0.023261
1.540000	-0.330391	0.100071	-0.179178	0.355076	-0.957778	-0.022900
1.560000	-0.311122	0.103858	-0.184561	0.356028	-0.955703	-0.022436
1.580000	-0.291227	0.106610	-0.189578	0.356954	-0.953573	-0.021901
1.600000	-0.270912	0.108252	-0.194141	0.357824	-0.951440	-0.021329
1.620000	-0.250385	0.108708	-0.198159	0.358607	-0.949356	-0.020754
1.640000	-0.229849	0.107904	-0.201543	0.359272	-0.947374	-0.020207
1.660000	-0.209513	0.105763	-0.204204	0.359790	-0.945546	-0.019724
1.680000	-0.189582	0.102210	-0.206051	0.360129	-0.943924	-0.019335
1.700000	-0.170262	0.097171	-0.206994	0.360260	-0.942561	-0.019076
1.720000	-0.151760	0.090569	-0.206945	0.360151	-0.941510	-0.018979
1.740000	-0.134280	0.082331	-0.205814	0.359772	-0.940821	-0.019077
1.760000	-0.117994	0.072485	-0.203586	0.359111	-0.940523	-0.019385
1.780000	-0.102986	0.061307	-0.200418	0.358197	-0.940583	-0.019877
