0.000000	-0.824239	0.269550	-0.151601	0.341511	-0.956056	-0.012176
0.020000	-0.790271	0.221781	-0.168123	0.341752	-0.955397	-0.011433
0.040000	-0.748744	0.174979	-0.184055	0.342059	-0.954675	-0.010636
0.060000	-0.701993	0.130300	-0.199108	0.342422	-0.953896	-0.009824
0.080000	-0.652352	0.088899	-0.212992	0.342828	-0.953067	-0.009035
0.100000	-0.602154	0.051930	-0.225418	0.343265	-0.952195	-0.008308
0.120000	-0.553735	0.020550	-0.236095	0.343721	-0.951288	-0.007679
0.140000	-0.509430	-0.004087	-0.244734	0.344185	-0.950351	-0.007187
0.160000	-0.471571	-0.020825	-0.251046	0.344645	-0.949392	-0.006871
0.180000	-0.442196	-0.028707	-0.254789	0.345091	-0.948420	-0.006762
0.200000	-0.421277	-0.028140	-0.256054	0.345520	-0.947450	-0.006852
0.220000	-0.407916	-0.020109	-0.255074	0.345934	-0.946501	-0.007112
0.240000	-0.401210	-0.005598	-0.252082	0.346336	-0.945594	-0.007516
0.260000	-0.400258	0.014404	-0.247308	0.346727	-0.944748	-0.008036
0.280000	-0.404158	0.038913	-0.240986	0.347110	-0.943981	-0.008645
0.300000	-0.412008	0.066941	-0.233349	0.347486	-0.943315	-0.009316
0.320000	-0.422905	0.097503	-0.224629	0.347857	-0.942767	-0.010022
0.340000	-0.435948	0.129612	-0.215058	0.348225	-0.942357	-0.010736
0.360000	-0.450235	0.162283	-0.204868	0.348593	-0.942106	-0.011430
0.380000	-0.464864	0.194529	-0.194293	0.348962	-0.942032	-0.012078
0.400000	-0.478932	0.225363	-0.183565	0.349333	-0.942155	-0.012651
0.420000	-0.491539	0.253799	-0.172915	0.349710	-0.942495	-0.013123
0.440000	-0.501782	0.278852	-0.162578	0.350094	-0.943070	-0.013467
0.460000	-0.508759	0.299535	-0.152784	0.350487	-0.943900	-0.013655
0.480000	-0.511568	0.314862	-0.143767	0.350890	-0.945005	-0.013660
0.500000	-0.509660	0.324220	-0.135689	0.351305	-0.946387	-0.013469
0.520000	-0.503389	0.327956	-0.128532	0.351724	-0.948005	-0.013102
0.540000	-0.493257	0.326573	-0.122251	0.352140	-0.949811	-0.012585
0.560000	-0.479764	0.320572	-0.116798	0.352549	-0.951755	-0.011944
0.580000	-0.463412	0.310454	-0.112128	0.352941	-0.953790	-0.011206
0.600000	-0.444701	0.296722	-0.108194	0.353311	-0.955867	-0.010397
0.620000	-0.424132	0.279877	-0.104949	0.353652	-0.957938	-0.009543
0.640000	-0.402205	0.260421	-0.102348	0.353956	-0.959954	-0.008670
0.660000	-0.379423	0.238855	-0.100344	0.354218	-0.961867	-0.007804
0.680000	-0.356284	0.215681	-0.098890	0.354430	-0.963629	-0.006971
0.700000	-0.333291	0.191402	-0.097940	0.354586	-0.965190	-0.006199
0.720000	-0.310945	0.166518	-0.097448	0.354678	-0.966504	-0.005512
0.740000	-0.289745	0.141532	-0.097367	0.354700	-0.967521	-0.004937
0.760000	-0.270193	0.116944	-0.097651	0.354645	-0.968192	-0.004501
0.780000	-0.252790	0.093258	-0.098254	0.354507	-0.968471	-0.004228
0.800000	-0.238037	0.070974	-0.099129	0.354278	-0.968307	-0.004147
0.820000	-0.226341	0.050528	-0.100237	0.353954	-0.967666	-0.004276
0.840000	-0.217595	0.031989	-0.101573	0.353544	-0.966584	-0.004600
0.860000	-0.211517	0.015300	-0.103148	0.353060	-0.965120	-0.005094
0.880000	-0.207824	0.000403	-0.104970	0.352516	-0.963334	-0.005731
0.900000	-0.206233	-0.012757	-0.107049	0.351924	-0.961287	-0.006484
0.920000	-0.206460	-0.024239	-0.109394	0.351298	-0.959039	-0.007327
0.940000	-0.208222	-0.034098	-0.112013	0.350651	-0.956650	-0.008233
0.960000	-0.211236	-0.042392	-0.114917	0.349994	-0.954180	-0.009176
0.980000	-0.215220	-0.049179	-0.118114	0.349342	-0.951689	-0.010129
1.000000	-0.219889	-0.054514	-0.121613	0.348708	-0.949238	-0.011066
1.020000	-0.224962	-0.058455	-0.125424	0.348104	-0.946886	-0.011960
1.040000	-0.230154	-0.061058	-0.129556	0.347543	-0.944694	-0.012785
1.060000	-0.235183	-0.062382	-0.134018	0.347039	-0.942722	-0.013514
1.080000	-0.239765	-0.062482	-0.138819	0.346604	-0.941029	-0.014120
1.100000	-0.243618	-0.061416	-0.143968	0.346251	-0.939677	-0.014577
1.120000	-0.246482	-0.059243	-0.149467	0.345992	-0.938717	-0.014863
1.140000	-0.248275	-0.056040	-0.155259	0.345832	-0.938139	-0.014985
1.160000	-0.248994	-0.051891	-0.161263	0.345770	-0.937906	-0.014962
1.180000	-0.248635	-0.046882	-0.167395	0.345807	-0.937981	-0.014815
1.200000	-0.247195	-0.041096	-0.173574	0.345944	-0.938327	-0.014564
1.220000	-0.244672	-0.034619	-0.179718	0.346180	-0.938907	-0.014230
1.240000	-0.241062	-0.027535	-0.185744	0.346517	-0.939683	-0.013832
1.260000	-0.236362	-0.019930	-0.191569	0.346955	-0.940618	-0.013390
1.280000	-0.230569	-0.011886	-0.197113	0.347494	-0.941675	-0.012926
1.300000	-0.223681	-0.003490	-0.202292	0.348134	-0.942817	-0.012458
1.320000	-0.215695	0.005173	-0.207024	0.348876	-0.944007	-0.012008
1.340000	-0.206606	0.014021	-0.211228	0.349721	-0.945207	-0.011596
1.360000	-0.196413	0.022966	-0.214820	0.350668	-0.946381	-0.011241
1.380000	-0.185111	0.031926	-0.217718	0.351719	-0.947490	-0.010964
1.400000	-0.172699	0.040815	-0.219841	0.352873	-0.948498	-0.010785
1.420000	-0.159174	0.049549	-0.221105	0.354131	-0.949368	-0.010725
1.440000	-0.144539	0.058045	-0.221434	0.355493	-0.950064	-0.010802
1.460000	-0.128944	0.066280	-0.220829	0.356945	-0.950576	-0.011013
1.480000	-0.112667	0.074282	-0.219365	0.358461	-0.950921	-0.011336
1.500000	-0.095989	0.082078	-0.217115	0.360015	-0.951113	-0.011747
1.520000	-0.079192	0.089698	-0.214158	0.361580	-0.951169	-0.012223
1.540000	-0.062558	0.097170	-0.210569	0.363131	-0.951104	-0.012740
1.560000	-0.046369	0.104524	-0.206423	0.364640	-0.950934	-0.013275
1.580000	-0.030906	0.111787	-0.201797	0.366082	-0.950674	-0.013804
1.600000	-0.016451	0.118989	-0.196767	0.367430	-0.950341	-0.014305
