0.000000	-0.120577	-0.067525	-0.183721	0.368841	-0.966391	-0.012560
0.020000	-0.117847	-0.073871	-0.180524	0.369273	-0.966784	-0.012163
0.040000	-0.113383	-0.076592	-0.173808	0.369729	-0.966752	-0.011926
0.060000	-0.107105	-0.075453	-0.163430	0.370205	-0.966273	-0.011856
0.080000	-0.099318	-0.070746	-0.149846	0.370692	-0.965390	-0.011955
0.100000	-0.090375	-0.062833	-0.133595	0.371180	-0.964152	-0.012220
0.120000	-0.080631	-0.052076	-0.115213	0.371657	-0.962607	-0.012652
0.140000	-0.070439	-0.038835	-0.095236	0.372115	-0.960806	-0.013249
0.160000	-0.060156	-0.023473	-0.074200	0.372541	-0.958796	-0.014009
0.180000	-0.050133	-0.006350	-0.052642	0.372927	-0.956626	-0.014933
0.200000	-0.040727	0.012171	-0.031098	0.373261	-0.954347	-0.016019
0.220000	-0.032290	0.031730	-0.010106	0.373533	-0.952007	-0.017266
0.240000	-0.025177	0.051965	0.009799	0.373732	-0.949655	-0.018673
0.260000	-0.019742	0.072515	0.028080	0.373848	-0.947339	-0.020240
0.280000	-0.016341	0.093017	0.044200	0.373872	-0.945110	-0.021964
0.300000	-0.015325	0.113112	0.057624	0.373791	-0.943016	-0.023846
0.320000	-0.017051	0.132436	0.067814	0.373597	-0.941106	-0.025884
0.340000	-0.021872	0.150629	0.074234	0.373277	-0.939430	-0.028077
0.360000	-0.030142	0.167330	0.076348	0.372823	-0.938036	-0.030424
0.380000	-0.042088	0.182250	0.073780	0.372229	-0.936961	-0.032918
0.400000	-0.057365	0.195437	0.066875	0.371518	-0.936193	-0.035521
0.420000	-0.075469	0.207028	0.056182	0.370719	-0.935702	-0.038188
0.440000	-0.095893	0.217163	0.042249	0.369861	-0.935459	-0.040872
0.460000	-0.118132	0.225981	0.025625	0.368974	-0.935436	-0.043529
0.480000	-0.141680	0.233621	0.006857	0.368087	-0.935605	-0.046113
0.500000	-0.166033	0.240223	-0.013506	0.367231	-0.935937	-0.048577
0.520000	-0.190685	0.245925	-0.034916	0.366433	-0.936404	-0.050876
0.540000	-0.215130	0.250866	-0.056825	0.365724	-0.936976	-0.052965
0.560000	-0.238864	0.255187	-0.078683	0.365134	-0.937625	-0.054798
0.580000	-0.261380	0.259025	-0.099944	0.364691	-0.938323	-0.056329
0.600000	-0.282173	0.262520	-0.120059	0.364425	-0.939041	-0.057512
0.620000	-0.300739	0.265811	-0.138480	0.364366	-0.939750	-0.058303
0.640000	-0.316571	0.269037	-0.154657	0.364543	-0.940423	-0.058654
0.660000	-0.329164	0.272337	-0.168044	0.364985	-0.941030	-0.058521
0.680000	-0.338016	0.275850	-0.178095	0.365723	-0.941543	-0.057858
0.700000	-0.342913	0.279626	-0.184583	0.366758	-0.941946	-0.056661
0.720000	-0.344146	0.283563	-0.187832	0.368053	-0.942244	-0.054999
0.740000	-0.342054	0.287544	-0.188224	0.369562	-0.942446	-0.052947
0.760000	-0.336979	0.291452	-0.186141	0.371240	-0.942560	-0.050580
0.780000	-0.329261	0.295168	-0.181963	0.373044	-0.942593	-0.047975
0.800000	-0.319243	0.298576	-0.176072	0.374928	-0.942554	-0.045206
0.820000	-0.307263	0.301557	-0.168849	0.376849	-0.942451	-0.042350
0.840000	-0.293664	0.303995	-0.160676	0.378761	-0.942291	-0.039481
0.860000	-0.278787	0.305772	-0.151934	0.380621	-0.942082	-0.036675
0.880000	-0.262971	0.306771	-0.143004	0.382384	-0.941833	-0.034008
0.900000	-0.246559	0.306874	-0.134268	0.384005	-0.941551	-0.031555
0.920000	-0.229891	0.305964	-0.126107	0.385440	-0.941244	-0.029392
0.940000	-0.213307	0.303923	-0.118902	0.386644	-0.940921	-0.027594
0.960000	-0.197149	0.300634	-0.113035	0.387574	-0.940589	-0.026238
0.980000	-0.181759	0.295980	-0.108887	0.388184	-0.940256	-0.025397
1.000000	-0.167475	0.289842	-0.106839	0.388430	-0.939931	-0.025149
1.020000	-0.154566	0.282160	-0.107146	0.388284	-0.939619	-0.025537
1.040000	-0.143032	0.273076	-0.109605	0.387781	-0.939329	-0.026500
1.060000	-0.132812	0.262777	-0.113910	0.386968	-0.939064	-0.027948
1.080000	-0.123847	0.251451	-0.119753	0.385894	-0.938830	-0.029793
1.100000	-0.116075	0.239286	-0.126829	0.384605	-0.938633	-0.031948
1.120000	-0.109437	0.226470	-0.134830	0.383150	-0.938477	-0.034323
1.140000	-0.103873	0.213190	-0.143452	0.381577	-0.938368	-0.036832
1.160000	-0.099322	0.199634	-0.152386	0.379933	-0.938312	-0.039386
1.180000	-0.095723	0.185990	-0.161327	0.378266	-0.938314	-0.041896
1.200000	-0.093018	0.172445	-0.169968	0.376625	-0.938379	-0.044275
1.220000	-0.091145	0.159187	-0.178002	0.375056	-0.938513	-0.046434
1.240000	-0.090044	0.146404	-0.185124	0.373608	-0.938721	-0.048285
1.260000	-0.089656	0.134284	-0.191026	0.372329	-0.939008	-0.049740
1.280000	-0.089919	0.123014	-0.195403	0.371266	-0.939379	-0.050712
1.300000	-0.090774	0.112782	-0.197948	0.370467	-0.939841	-0.051111
1.320000	-0.092160	0.103775	-0.198358	0.369980	-0.940397	-0.050851
1.340000	-0.094009	0.096137	-0.196565	0.369818	-0.941046	-0.049915
1.360000	-0.096238	0.089950	-0.192831	0.369949	-0.941773	-0.048387
1.380000	-0.098765	0.085290	-0.187447	0.370335	-0.942561	-0.046358
1.400000	-0.101509	0.082235	-0.180702	0.370940	-0.943395	-0.043920
1.420000	-0.104386	0.080861	-0.172887	0.371726	-0.944259	-0.041164
1.440000	-0.107315	0.081245	-0.164291	0.372657	-0.945137	-0.038182
1.460000	-0.110213	0.083465	-0.155204	0.373696	-0.946015	-0.035065
1.480000	-0.112997	0.087597	-0.145916	0.374806	-0.946875	-0.031905
1.500000	-0.115585	0.093719	-0.136717	0.375950	-0.947703	-0.028793
1.520000	-0.117896	0.101906	-0.127897	0.377090	-0.948483	-0.025821
1.540000	-0.119845	0.112238	-0.119745	0.378191	-0.949199	-0.023080
1.560000	-0.121352	0.124789	-0.112552	0.379215	-0.949834	-0.020662
1.580000	-0.122334	0.139637	-0.106607	0.380125	-0.950375	-0.018658
1.600000	-0.122707	0.156860	-0.102201	0.380885	-0.950804	-0.017159
1.620000	-0.122391	0.176533	-0.099622	0.381457	-0.951106	-0.016258
1.640000	-0.121315	0.198700	-0.099128	0.381808	-0.951267	-0.016037
1.660000	-0.119543	0.223025	-0.100618	0.381939	-0.951289	-0.016481
1.680000	-0.117221	0.248940	-0.103771	0.381873	-0.951185	-0.017517
1.700000	-0.114497	0.275877	-0.108263	0.381632	-0.950966	-0.019070
1.720000	-0.111517	0.303265	-0.113772	0.381241	-0.950645	-0.021068
1.740000	-0.108429	0.330535	-0.119973	0.380721	-0.950235	-0.023435
1.760000	-0.105379	0.357118	-0.126544	0.380096	-0.949748	-0.026096
1.780000	-0.102517	0.382443	-0.133160	0.379389	-0.949196	-0.028979
1.800000	-0.099987	0.405942	-0.139499	0.378623	-0.948591	-0.032008
1.820000	-0.097938	0.427043	-0.145237	0.377821	-0.947947	-0.035109
1.840000	-0.096517	0.445179	-0.150050	0.377006	-0.947275	-0.038208
1.860000	-0.095871	0.459778	-0.153616	0.376201	-0.946588	-0.041231
1.880000	-0.096148	0.470271	-0.155611	0.375429	-0.945899	-0.044104
