0.000000	-0.218068	0.041505	-0.372002	0.395102	-0.967894	-0.016060
0.020000	-0.212823	0.067165	-0.371003	0.397346	-0.969000	-0.015927
0.040000	-0.208902	0.090725	-0.368577	0.399217	-0.969820	-0.016138
0.060000	-0.206563	0.111469	-0.364672	0.400646	-0.970319	-0.016729
0.080000	-0.206064	0.128679	-0.359234	0.401566	-0.970463	-0.017732
0.100000	-0.207613	0.141795	-0.352243	0.401925	-0.970227	-0.019170
0.120000	-0.211152	0.151026	-0.343844	0.401752	-0.969638	-0.020987
0.140000	-0.216548	0.156818	-0.334235	0.401105	-0.968738	-0.023107
0.160000	-0.223663	0.159619	-0.323614	0.400040	-0.967569	-0.025456
0.180000	-0.232362	0.159877	-0.312179	0.398612	-0.966174	-0.027956
0.200000	-0.242508	0.158039	-0.300126	0.396879	-0.964595	-0.030530
0.220000	-0.253966	0.154553	-0.287653	0.394895	-0.962874	-0.033104
0.240000	-0.266600	0.149866	-0.274958	0.392718	-0.961054	-0.035601
0.260000	-0.280273	0.144426	-0.262239	0.390404	-0.959176	-0.037945
0.280000	-0.294850	0.138680	-0.249692	0.388009	-0.957284	-0.040059
0.300000	-0.310194	0.133076	-0.237517	0.385589	-0.955419	-0.041867
0.320000	-0.326169	0.128062	-0.225909	0.383200	-0.953625	-0.043293
0.340000	-0.342641	0.124085	-0.215067	0.380899	-0.951942	-0.044262
0.360000	-0.359471	0.121592	-0.205188	0.378742	-0.950414	-0.044696
0.380000	-0.376525	0.121031	-0.196470	0.376785	-0.949082	-0.044520
0.400000	-0.393666	0.122847	-0.189109	0.375083	-0.947990	-0.043657
0.420000	-0.410691	0.127204	-0.183206	0.373668	-0.947159	-0.042091
0.440000	-0.427271	0.133723	-0.178672	0.372520	-0.946575	-0.039912
0.460000	-0.443060	0.141966	-0.175401	0.371613	-0.946220	-0.037225
0.480000	-0.457716	0.151493	-0.173283	0.370923	-0.946074	-0.034135
0.500000	-0.470893	0.161864	-0.172210	0.370424	-0.946120	-0.030747
0.520000	-0.482248	0.172642	-0.172075	0.370091	-0.946337	-0.027164
0.540000	-0.491436	0.183386	-0.172769	0.369898	-0.946708	-0.023492
0.560000	-0.498114	0.193658	-0.174184	0.369822	-0.947214	-0.019834
0.580000	-0.501937	0.203018	-0.176212	0.369836	-0.947835	-0.016297
0.600000	-0.502560	0.211026	-0.178744	0.369916	-0.948554	-0.012983
0.620000	-0.499641	0.217244	-0.181672	0.370036	-0.949351	-0.009998
0.640000	-0.492834	0.221233	-0.184889	0.370171	-0.950208	-0.007446
0.660000	-0.481795	0.222553	-0.188285	0.370297	-0.951106	-0.005432
0.680000	-0.466180	0.220764	-0.191754	0.370387	-0.952026	-0.004061
0.700000	-0.445646	0.215429	-0.195186	0.370417	-0.952949	-0.003436
0.720000	-0.419847	0.206107	-0.198473	0.370361	-0.953857	-0.003662
0.740000	-0.388669	0.192541	-0.201529	0.370201	-0.954735	-0.004807
0.760000	-0.352910	0.175197	-0.204352	0.369940	-0.955578	-0.006786
0.780000	-0.313597	0.154726	-0.206962	0.369587	-0.956386	-0.009480
0.800000	-0.271757	0.131775	-0.209378	0.369152	-0.957161	-0.012765
0.820000	-0.228419	0.106993	-0.211621	0.368644	-0.957900	-0.016522
0.840000	-0.184610	0.081029	-0.213710	0.368072	-0.958604	-0.020628
0.860000	-0.141356	0.054531	-0.215665	0.367447	-0.959274	-0.024964
0.880000	-0.099685	0.028149	-0.217506	0.366777	-0.959908	-0.029407
0.900000	-0.060625	0.002531	-0.219253	0.366073	-0.960507	-0.033836
0.920000	-0.025203	-0.021675	-0.220924	0.365342	-0.961070	-0.038131
0.940000	0.005554	-0.043819	-0.222541	0.364596	-0.961597	-0.042170
0.960000	0.030618	-0.063253	-0.224123	0.363843	-0.962088	-0.045831
0.980000	0.048962	-0.079328	-0.225690	0.363092	-0.962544	-0.048994
1.000000	0.059559	-0.091396	-0.227262	0.362354	-0.962963	-0.051538
1.020000	0.061381	-0.098807	-0.228857	0.361637	-0.963345	-0.053341
1.040000	0.053670	-0.101071	-0.230491	0.360951	-0.963690	-0.054308
1.060000	0.037091	-0.098526	-0.232140	0.360303	-0.963994	-0.054476
1.080000	0.012777	-0.091787	-0.233773	0.359699	-0.964252	-0.053929
1.100000	-0.018137	-0.081467	-0.235356	0.359145	-0.964458	-0.052749
1.120000	-0.054516	-0.068181	-0.236857	0.358648	-0.964608	-0.051019
1.140000	-0.095227	-0.052543	-0.238243	0.358214	-0.964695	-0.048822
1.160000	-0.139135	-0.035166	-0.239481	0.357850	-0.964716	-0.046240
1.180000	-0.185106	-0.016665	-0.240537	0.357561	-0.964666	-0.043356
1.200000	-0.232005	0.002347	-0.241380	0.357355	-0.964538	-0.040253
1.220000	-0.278698	0.021256	-0.241975	0.357237	-0.964328	-0.037013
1.240000	-0.324050	0.039447	-0.242292	0.357215	-0.964031	-0.033719
1.260000	-0.366928	0.056307	-0.242295	0.357293	-0.963642	-0.030455
1.280000	-0.406197	0.071222	-0.241953	0.357480	-0.963155	-0.027301
1.300000	-0.440723	0.083577	-0.241234	0.357780	-0.962566	-0.024343
1.320000	-0.469371	0.092759	-0.240103	0.358201	-0.961870	-0.021661
1.340000	-0.491007	0.098154	-0.238527	0.358748	-0.961061	-0.019338
1.360000	-0.504497	0.099147	-0.236476	0.359429	-0.960134	-0.017458
1.380000	-0.509145	0.095365	-0.233930	0.360243	-0.959089	-0.016078
1.400000	-0.505667	0.087200	-0.230926	0.361172	-0.957940	-0.015170
1.420000	-0.495064	0.075203	-0.227508	0.362192	-0.956706	-0.014692
1.440000	-0.478335	0.059920	-0.223723	0.363280	-0.955403	-0.014601
1.460000	-0.456480	0.041902	-0.219615	0.364414	-0.954050	-0.014855
1.480000	-0.430500	0.021698	-0.215229	0.365570	-0.952664	-0.015409
1.500000	-0.401395	-0.000145	-0.210612	0.366726	-0.951263	-0.016221
1.520000	-0.370165	-0.023077	-0.205808	0.367858	-0.949864	-0.017248
1.540000	-0.337810	-0.046549	-0.200863	0.368944	-0.948486	-0.018448
1.560000	-0.305329	-0.070013	-0.195822	0.369960	-0.947145	-0.019776
1.580000	-0.273724	-0.092919	-0.190730	0.370884	-0.945860	-0.021190
1.600000	-0.243994	-0.114720	-0.185633	0.371692	-0.944648	-0.022648
1.620000	-0.217139	-0.134866	-0.180577	0.372362	-0.943526	-0.024105
1.640000	-0.194160	-0.152808	-0.175606	0.372870	-0.942514	-0.025520
1.660000	-0.176056	-0.167998	-0.170766	0.373195	-0.941627	-0.026849
1.680000	-0.163810	-0.179894	-0.166101	0.373312	-0.940884	-0.028049
1.700000	-0.157728	-0.188263	-0.161646	0.373216	-0.940289	-0.029100
1.720000	-0.157234	-0.193267	-0.157415	0.372922	-0.939831	-0.030007
1.740000	-0.161694	-0.195100	-0.153424	0.372448	-0.939498	-0.030779
