0.000000	-0.339405	0.148773	-0.160173	0.369154	-0.948381	-0.028240
0.020000	-0.366021	0.137868	-0.172254	0.369867	-0.947926	-0.030322
0.040000	-0.391322	0.125599	-0.184484	0.370501	-0.947429	-0.032440
0.060000	-0.415014	0.112432	-0.196565	0.371056	-0.946907	-0.034534
0.080000	-0.436805	0.098831	-0.208197	0.371535	-0.946378	-0.036543
0.100000	-0.456401	0.085260	-0.219080	0.371937	-0.945856	-0.038409
0.120000	-0.473508	0.072186	-0.228916	0.372264	-0.945361	-0.040070
0.140000	-0.487833	0.060073	-0.237405	0.372517	-0.944907	-0.041467
0.160000	-0.499082	0.049385	-0.244248	0.372696	-0.944512	-0.042539
0.180000	-0.506962	0.040588	-0.249145	0.372803	-0.944193	-0.043228
0.200000	-0.511180	0.034146	-0.251796	0.372838	-0.943965	-0.043471
0.220000	-0.511442	0.030525	-0.251903	0.372802	-0.943847	-0.043210
0.240000	-0.507583	0.030053	-0.249265	0.372699	-0.943849	-0.042407
0.260000	-0.499942	0.032522	-0.244075	0.372536	-0.943957	-0.041109
0.280000	-0.488985	0.037592	-0.236622	0.372325	-0.944152	-0.039387
0.300000	-0.475174	0.044925	-0.227195	0.372077	-0.944416	-0.037309
0.320000	-0.458975	0.054179	-0.216083	0.371803	-0.944728	-0.034946
0.340000	-0.440852	0.065016	-0.203577	0.371514	-0.945069	-0.032367
0.360000	-0.421270	0.077095	-0.189964	0.371220	-0.945421	-0.029641
0.380000	-0.400692	0.090076	-0.175534	0.370933	-0.945764	-0.026839
0.400000	-0.379583	0.103619	-0.160577	0.370664	-0.946080	-0.024030
0.420000	-0.358407	0.117385	-0.145381	0.370422	-0.946347	-0.021283
0.440000	-0.337629	0.131033	-0.130235	0.370220	-0.946549	-0.018668
0.460000	-0.317713	0.144225	-0.115430	0.370068	-0.946665	-0.016254
0.480000	-0.299124	0.156619	-0.101254	0.369978	-0.946676	-0.014112
0.500000	-0.282325	0.167876	-0.087996	0.369959	-0.946562	-0.012311
0.520000	-0.267781	0.177657	-0.075946	0.370023	-0.946306	-0.010921
0.540000	-0.255953	0.185624	-0.065390	0.370180	-0.945887	-0.010009
0.560000	-0.247020	0.191631	-0.056485	0.370431	-0.945305	-0.009600
0.580000	-0.240732	0.195833	-0.049184	0.370755	-0.944582	-0.009644
0.600000	-0.236796	0.198406	-0.043422	0.371132	-0.943746	-0.010085
0.620000	-0.234924	0.199530	-0.039133	0.371543	-0.942823	-0.010869
0.640000	-0.234824	0.199382	-0.036252	0.371966	-0.941840	-0.011941
0.660000	-0.236207	0.198143	-0.034714	0.372382	-0.940824	-0.013245
0.680000	-0.238781	0.195989	-0.034455	0.372769	-0.939801	-0.014725
0.700000	-0.242258	0.193099	-0.035408	0.373108	-0.938797	-0.016328
0.720000	-0.246345	0.189653	-0.037510	0.373378	-0.937840	-0.017997
0.740000	-0.250754	0.185828	-0.040695	0.373558	-0.936956	-0.019677
0.760000	-0.255194	0.181803	-0.044897	0.373629	-0.936172	-0.021313
0.780000	-0.259374	0.177756	-0.050052	0.373569	-0.935514	-0.022850
0.800000	-0.263004	0.173866	-0.056095	0.373358	-0.935008	-0.024232
0.820000	-0.265793	0.170312	-0.062960	0.372977	-0.934682	-0.025405
0.840000	-0.267454	0.167270	-0.070582	0.372404	-0.934562	-0.026312
0.860000	-0.267835	0.164813	-0.078893	0.371632	-0.934658	-0.026927
0.880000	-0.267069	0.162794	-0.087811	0.370683	-0.934949	-0.027272
0.900000	-0.265319	0.161046	-0.097258	0.369577	-0.935409	-0.027379
0.920000	-0.262752	0.159397	-0.107152	0.368340	-0.936013	-0.027279
0.940000	-0.259531	0.157677	-0.117414	0.366994	-0.936735	-0.027001
0.960000	-0.255821	0.155717	-0.127962	0.365562	-0.937550	-0.026577
0.980000	-0.251788	0.153347	-0.138718	0.364066	-0.938432	-0.026037
1.000000	-0.247596	0.150396	-0.149599	0.362532	-0.939356	-0.025412
1.020000	-0.243409	0.146695	-0.160526	0.360981	-0.940297	-0.024732
1.040000	-0.239394	0.142074	-0.171419	0.359436	-0.941228	-0.024029
1.060000	-0.235713	0.136363	-0.182197	0.357921	-0.942125	-0.023333
1.080000	-0.232533	0.129392	-0.192780	0.356459	-0.942961	-0.022674
1.100000	-0.230017	0.120990	-0.203088	0.355073	-0.943712	-0.022083
1.120000	-0.228332	0.110989	-0.213039	0.353787	-0.944352	-0.021592
1.140000	-0.227641	0.099217	-0.222555	0.352622	-0.944855	-0.021230
1.160000	-0.228109	0.085506	-0.231554	0.351603	-0.945197	-0.021028
1.180000	-0.229898	0.069691	-0.239957	0.350752	-0.945351	-0.021016
1.200000	-0.233047	0.051851	-0.247719	0.350075	-0.945315	-0.021203
1.220000	-0.237437	0.032376	-0.254840	0.349556	-0.945111	-0.021571
1.240000	-0.242941	0.011675	-0.261324	0.349176	-0.944767	-0.022097
1.260000	-0.249428	-0.009841	-0.267172	0.348919	-0.944307	-0.022761
1.280000	-0.256769	-0.031761	-0.272389	0.348768	-0.943757	-0.023544
1.300000	-0.264837	-0.053676	-0.276977	0.348703	-0.943143	-0.024422
1.320000	-0.273503	-0.075175	-0.280938	0.348708	-0.942490	-0.025377
1.340000	-0.282636	-0.095848	-0.284276	0.348766	-0.941824	-0.026387
1.360000	-0.292109	-0.115285	-0.286994	0.348858	-0.941170	-0.027431
1.380000	-0.301793	-0.133076	-0.289094	0.348967	-0.940555	-0.028488
1.400000	-0.311558	-0.148810	-0.290579	0.349076	-0.940003	-0.029538
1.420000	-0.321277	-0.162077	-0.291453	0.349166	-0.939540	-0.030559
1.440000	-0.330819	-0.172467	-0.291718	0.349221	-0.939192	-0.031532
1.460000	-0.340056	-0.179569	-0.291378	0.349223	-0.938985	-0.032434
1.480000	-0.348860	-0.182974	-0.290434	0.349154	-0.938944	-0.033246
1.500000	-0.357102	-0.182322	-0.288892	0.348999	-0.939091	-0.033950
1.520000	-0.364654	-0.177725	-0.286773	0.348770	-0.939416	-0.034552
1.540000	-0.371390	-0.169554	-0.284106	0.348491	-0.939888	-0.035074
1.560000	-0.377185	-0.158179	-0.280923	0.348186	-0.940480	-0.035539
1.580000	-0.381911	-0.143974	-0.277252	0.347881	-0.941162	-0.035968
1.600000	-0.385443	-0.127310	-0.273125	0.347601	-0.941904	-0.036382
1.620000	-0.387655	-0.108558	-0.268571	0.347371	-0.942678	-0.036804
1.640000	-0.388419	-0.088092	-0.263619	0.347215	-0.943455	-0.037255
1.660000	-0.387611	-0.066283	-0.258302	0.347159	-0.944206	-0.037757
1.680000	-0.385103	-0.043502	-0.252647	0.347228	-0.944900	-0.038332
1.700000	-0.380770	-0.020123	-0.246686	0.347445	-0.945510	-0.039001
1.720000	-0.374486	0.003484	-0.240449	0.347837	-0.946006	-0.039786
1.740000	-0.366123	0.026946	-0.233966	0.348428	-0.946359	-0.040709
1.760000	-0.355556	0.049891	-0.227266	0.349244	-0.946540	-0.041792
1.780000	-0.342659	0.071947	-0.220380	0.350308	-0.946519	-0.043056
1.800000	-0.327306	0.092742	-0.213338	0.351646	-0.946268	-0.044523
1.820000	-0.309482	0.111999	-0.206168	0.353270	-0.945770	-0.046203
1.840000	-0.289551	0.129756	-0.198898	0.355150	-0.945053	-0.048069
1.860000	-0.267959	0.146122	-0.191551	0.357243	-0.944151	-0.050084
1.880000	-0.245150	0.161203	-0.184152	0.359510	-0.943102	-0.052212
1.900000	-0.221567	0.175106	-0.176727	0.361910	-0.941941	-0.054416
1.920000	-0.197655	0.187938	-0.169300	0.364404	-0.940704	-0.056662
1.940000	-0.173858	0.199805	-0.161896	0.366950	-0.939427	-0.058912
1.960000	-0.150621	0.210815	-0.154540	0.369507	-0.938147	-0.061130
1.980000	-0.128388	0.221074	-0.147256	0.372037	-0.936899	-0.063280
2.000000	-0.107604	0.230690	-0.140071	0.374497	-0.935719	-0.065327
2.020000	-0.088712	0.239769	-0.133008	0.376848	-0.934644	-0.067233
2.040000	-0.072156	0.248419	-0.126093	0.379049	-0.933709	-0.068963
2.060000	-0.058382	0.256745	-0.119350	0.381060	-0.932951	-0.070481
2.080000	-0.047833	0.264855	-0.112804	0.382840	-0.932405	-0.071750
