0.000000	-0.420326	0.144315	-0.267639	0.349605	-0.963408	-0.005130
0.020000	-0.408621	0.158421	-0.256897	0.349672	-0.962649	-0.005065
0.040000	-0.394783	0.168947	-0.245209	0.349680	-0.961675	-0.005006
0.060000	-0.379220	0.176323	-0.232787	0.349637	-0.960520	-0.004962
0.080000	-0.362339	0.180978	-0.219840	0.349548	-0.959217	-0.004942
0.100000	-0.344550	0.183342	-0.206576	0.349420	-0.957800	-0.004955
0.120000	-0.326260	0.183845	-0.193206	0.349259	-0.956301	-0.005011
0.140000	-0.307877	0.182915	-0.179938	0.349070	-0.954755	-0.005119
0.160000	-0.289810	0.180984	-0.166982	0.348862	-0.953194	-0.005288
0.180000	-0.272467	0.178481	-0.154548	0.348639	-0.951652	-0.005527
0.200000	-0.256255	0.175834	-0.142844	0.348408	-0.950162	-0.005845
0.220000	-0.241583	0.173474	-0.132081	0.348175	-0.948757	-0.006252
0.240000	-0.228859	0.171831	-0.122467	0.347947	-0.947471	-0.006756
0.260000	-0.218491	0.171334	-0.114212	0.347730	-0.946337	-0.007367
0.280000	-0.210887	0.172413	-0.107525	0.347529	-0.945389	-0.008093
0.300000	-0.206455	0.175497	-0.102616	0.347352	-0.944659	-0.008945
0.320000	-0.205605	0.181017	-0.099694	0.347205	-0.944181	-0.009931
0.340000	-0.208684	0.189342	-0.098942	0.347094	-0.943984	-0.011059
0.360000	-0.215438	0.200235	-0.100269	0.347022	-0.944060	-0.012316
0.380000	-0.225256	0.213101	-0.103425	0.346991	-0.944375	-0.013679
0.400000	-0.237524	0.227340	-0.108156	0.347005	-0.944898	-0.015124
0.420000	-0.251626	0.242352	-0.114209	0.347065	-0.945594	-0.016628
0.440000	-0.266946	0.257537	-0.121331	0.347173	-0.946432	-0.018166
0.460000	-0.282870	0.272295	-0.129269	0.347333	-0.947379	-0.019716
0.480000	-0.298782	0.286026	-0.137769	0.347545	-0.948401	-0.021253
0.500000	-0.314067	0.298130	-0.146578	0.347813	-0.949467	-0.022754
0.520000	-0.328110	0.308007	-0.155442	0.348139	-0.950544	-0.024195
0.540000	-0.340295	0.315057	-0.164110	0.348525	-0.951598	-0.025553
0.560000	-0.350008	0.318680	-0.172327	0.348973	-0.952598	-0.026803
0.580000	-0.356633	0.318275	-0.179840	0.349485	-0.953510	-0.027923
0.600000	-0.359554	0.313244	-0.186396	0.350065	-0.954302	-0.028888
0.620000	-0.358159	0.302988	-0.191742	0.350713	-0.954941	-0.029674
0.640000	-0.352161	0.287299	-0.195719	0.351428	-0.955408	-0.030270
0.660000	-0.342036	0.266878	-0.198381	0.352194	-0.955713	-0.030686
0.680000	-0.328363	0.242549	-0.199814	0.352993	-0.955872	-0.030938
0.700000	-0.311722	0.215138	-0.200104	0.353809	-0.955901	-0.031040
0.720000	-0.292695	0.185470	-0.199336	0.354624	-0.955815	-0.031009
0.740000	-0.271862	0.154372	-0.197595	0.355422	-0.955630	-0.030858
0.760000	-0.249804	0.122668	-0.194967	0.356185	-0.955360	-0.030604
0.780000	-0.227100	0.091184	-0.191538	0.356896	-0.955021	-0.030262
0.800000	-0.204332	0.060746	-0.187391	0.357538	-0.954629	-0.029846
0.820000	-0.182079	0.032180	-0.182614	0.358095	-0.954199	-0.029372
0.840000	-0.160923	0.006310	-0.177292	0.358548	-0.953746	-0.028855
0.860000	-0.141444	-0.016038	-0.171509	0.358881	-0.953285	-0.028310
0.880000	-0.124223	-0.034038	-0.165352	0.359077	-0.952833	-0.027752
0.900000	-0.109839	-0.046864	-0.158905	0.359119	-0.952405	-0.027197
0.920000	-0.098873	-0.053691	-0.152254	0.358989	-0.952015	-0.026660
0.940000	-0.091907	-0.053694	-0.145485	0.358671	-0.951680	-0.026155
0.960000	-0.089380	-0.046282	-0.138685	0.358152	-0.951411	-0.025696
0.980000	-0.091047	-0.032016	-0.131946	0.357452	-0.951205	-0.025288
1.000000	-0.096458	-0.011803	-0.125365	0.356594	-0.951053	-0.024934
1.020000	-0.105160	0.013446	-0.119036	0.355606	-0.950946	-0.024635
1.040000	-0.116701	0.042822	-0.113056	0.354512	-0.950876	-0.024394
1.060000	-0.130629	0.075416	-0.107520	0.353339	-0.950834	-0.024212
1.080000	-0.146492	0.110320	-0.102524	0.352112	-0.950811	-0.024093
1.100000	-0.163838	0.146624	-0.098162	0.350857	-0.950798	-0.024038
1.120000	-0.182214	0.183418	-0.094532	0.349600	-0.950788	-0.024049
1.140000	-0.201169	0.219793	-0.091727	0.348367	-0.950771	-0.024129
1.160000	-0.220250	0.254841	-0.089844	0.347183	-0.950738	-0.024280
1.180000	-0.239006	0.287652	-0.088978	0.346074	-0.950682	-0.024505
1.200000	-0.256984	0.317317	-0.089224	0.345066	-0.950592	-0.024804
1.220000	-0.273733	0.342927	-0.090679	0.344186	-0.950462	-0.025181
1.240000	-0.288799	0.363572	-0.093438	0.343457	-0.950281	-0.025638
1.260000	-0.301732	0.378344	-0.097596	0.342907	-0.950042	-0.026177
1.280000	-0.312115	0.386418	-0.103235	0.342560	-0.949736	-0.026800
1.300000	-0.319932	0.387918	-0.110283	0.342415	-0.949373	-0.027497
1.320000	-0.325415	0.383555	-0.118573	0.342460	-0.948970	-0.028255
1.340000	-0.328799	0.374050	-0.127935	0.342682	-0.948547	-0.029059
1.360000	-0.330321	0.360124	-0.138201	0.343067	-0.948120	-0.029895
1.380000	-0.330216	0.342498	-0.149202	0.343601	-0.947708	-0.030748
1.400000	-0.328721	0.321891	-0.160769	0.344272	-0.947330	-0.031603
1.420000	-0.326071	0.299025	-0.172733	0.345066	-0.947004	-0.032447
1.440000	-0.322502	0.274621	-0.184925	0.345969	-0.946748	-0.033265
1.460000	-0.318250	0.249399	-0.197177	0.346969	-0.946580	-0.034042
1.480000	-0.313551	0.224079	-0.209319	0.348051	-0.946519	-0.034764
1.500000	-0.308640	0.199383	-0.221182	0.349203	-0.946582	-0.035417
1.520000	-0.303754	0.176030	-0.232599	0.350410	-0.946789	-0.035985
1.540000	-0.299129	0.154743	-0.243398	0.351661	-0.947157	-0.036455
1.560000	-0.295000	0.136241	-0.253413	0.352940	-0.947705	-0.036812
1.580000	-0.291603	0.121245	-0.262474	0.354235	-0.948450	-0.037041
1.600000	-0.289171	0.110461	-0.270414	0.355533	-0.949411	-0.037129
1.620000	-0.287831	0.104096	-0.277156	0.356815	-0.950581	-0.037073
1.640000	-0.287578	0.101753	-0.282729	0.358059	-0.951924	-0.036885
1.660000	-0.288403	0.102997	-0.287168	0.359240	-0.953403	-0.036580
1.680000	-0.290295	0.107396	-0.290509	0.360337	-0.954979	-0.036171
1.700000	-0.293243	0.114515	-0.292788	0.361325	-0.956616	-0.035670
1.720000	-0.297236	0.123921	-0.294040	0.362180	-0.958275	-0.035091
1.740000	-0.302264	0.135181	-0.294301	0.362881	-0.959920	-0.034448
