0.000000	-0.102986	0.061307	-0.200418	0.358197	-0.940583	-0.019877
0.020000	-0.089329	0.049107	-0.196495	0.357064	-0.940961	-0.020520
0.040000	-0.077096	0.036196	-0.191999	0.355749	-0.941618	-0.021280
0.060000	-0.066359	0.022883	-0.187113	0.354285	-0.942511	-0.022125
0.080000	-0.057192	0.009478	-0.182021	0.352708	-0.943602	-0.023023
0.100000	-0.049667	-0.003708	-0.176906	0.351053	-0.944850	-0.023939
0.120000	-0.043857	-0.016366	-0.171950	0.349355	-0.946215	-0.024842
0.140000	-0.039836	-0.028184	-0.167338	0.347649	-0.947655	-0.025698
0.160000	-0.037675	-0.038854	-0.163251	0.345970	-0.949132	-0.026475
0.180000	-0.037448	-0.048065	-0.159874	0.344353	-0.950605	-0.027139
0.200000	-0.039228	-0.055507	-0.157389	0.342833	-0.952033	-0.027658
0.220000	-0.043088	-0.060870	-0.155979	0.341445	-0.953376	-0.028000
0.240000	-0.049100	-0.063843	-0.155828	0.340224	-0.954593	-0.028130
0.260000	-0.057338	-0.064118	-0.157119	0.339205	-0.955646	-0.028017
0.280000	-0.067873	-0.061382	-0.160035	0.338424	-0.956492	-0.027627
0.300000	-0.080739	-0.055414	-0.164687	0.337907	-0.957101	-0.026938
0.320000	-0.095764	-0.046415	-0.170835	0.337642	-0.957483	-0.025987
0.340000	-0.112715	-0.034722	-0.178131	0.337605	-0.957662	-0.024824
0.360000	-0.131358	-0.020669	-0.186225	0.337772	-0.957662	-0.023502
0.380000	-0.151461	-0.004591	-0.194768	0.338119	-0.957506	-0.022073
0.400000	-0.172789	0.013176	-0.203412	0.338621	-0.957219	-0.020589
0.420000	-0.195109	0.032299	-0.211807	0.339254	-0.956823	-0.019102
0.440000	-0.218189	0.052441	-0.219604	0.339993	-0.956344	-0.017664
0.460000	-0.241794	0.073269	-0.226455	0.340816	-0.955804	-0.016327
0.480000	-0.265692	0.094446	-0.232010	0.341697	-0.955227	-0.015143
0.500000	-0.289648	0.115637	-0.235920	0.342612	-0.954637	-0.014165
0.520000	-0.313430	0.136509	-0.237836	0.343538	-0.954058	-0.013444
0.540000	-0.336804	0.156725	-0.237410	0.344449	-0.953514	-0.013032
0.560000	-0.359537	0.175951	-0.234292	0.345322	-0.953029	-0.012983
0.580000	-0.381395	0.193851	-0.228133	0.346132	-0.952625	-0.013346
0.600000	-0.402145	0.210093	-0.218587	0.346856	-0.952328	-0.014175
0.620000	-0.421571	0.224452	-0.205590	0.347481	-0.952147	-0.015483
0.640000	-0.439485	0.236922	-0.189618	0.348020	-0.952071	-0.017210
0.660000	-0.455705	0.247516	-0.171206	0.348487	-0.952083	-0.019286
0.680000	-0.470048	0.256251	-0.150893	0.348898	-0.952168	-0.021645
0.700000	-0.482331	0.263142	-0.129213	0.349267	-0.952310	-0.024216
0.720000	-0.492370	0.268203	-0.106704	0.349608	-0.952494	-0.026933
0.740000	-0.499984	0.271451	-0.083902	0.349937	-0.952704	-0.029727
0.760000	-0.504989	0.272900	-0.061344	0.350269	-0.952925	-0.032529
0.780000	-0.507202	0.272566	-0.039565	0.350617	-0.953141	-0.035271
0.800000	-0.506441	0.270464	-0.019104	0.350998	-0.953337	-0.037885
0.820000	-0.502521	0.266610	-0.000495	0.351425	-0.953496	-0.040302
0.840000	-0.495262	0.261018	0.015724	0.351914	-0.953604	-0.042454
0.860000	-0.484479	0.253705	0.029017	0.352478	-0.953644	-0.044272
0.880000	-0.469989	0.244685	0.038847	0.353134	-0.953602	-0.045689
0.900000	-0.451610	0.233973	0.044679	0.353896	-0.953461	-0.046635
0.920000	-0.429187	0.221595	0.046009	0.354776	-0.953207	-0.047048
0.940000	-0.403019	0.207714	0.042893	0.355775	-0.952839	-0.046933
0.960000	-0.373769	0.192609	0.035832	0.356874	-0.952370	-0.046354
0.980000	-0.342112	0.176561	0.025340	0.358060	-0.951810	-0.045376
1.000000	-0.308720	0.159852	0.011932	0.359316	-0.951171	-0.044066
1.020000	-0.274269	0.142764	-0.003877	0.360627	-0.950466	-0.042488
1.040000	-0.239432	0.125578	-0.021573	0.361977	-0.949704	-0.040707
1.060000	-0.204883	0.108575	-0.040641	0.363349	-0.948899	-0.038789
1.080000	-0.171296	0.092038	-0.060566	0.364729	-0.948061	-0.036799
1.100000	-0.139345	0.076247	-0.080835	0.366101	-0.947203	-0.034802
1.120000	-0.109705	0.061484	-0.100933	0.367448	-0.946336	-0.032864
1.140000	-0.083048	0.048031	-0.120345	0.368756	-0.945471	-0.031050
1.160000	-0.060050	0.036168	-0.138556	0.370008	-0.944621	-0.029424
1.180000	-0.041384	0.026179	-0.155052	0.371189	-0.943797	-0.028054
1.200000	-0.027724	0.018344	-0.169318	0.372283	-0.943010	-0.027003
1.220000	-0.019721	0.012935	-0.180856	0.373275	-0.942272	-0.026335
1.240000	-0.017449	0.010001	-0.189528	0.374156	-0.941593	-0.026060
1.260000	-0.020397	0.009361	-0.195572	0.374928	-0.940980	-0.026135
1.280000	-0.028023	0.010821	-0.199240	0.375590	-0.940439	-0.026511
1.300000	-0.039787	0.014191	-0.200787	0.376144	-0.939977	-0.027142
1.320000	-0.055148	0.019278	-0.200466	0.376589	-0.939603	-0.027983
1.340000	-0.073566	0.025890	-0.198531	0.376927	-0.939321	-0.028985
1.360000	-0.094501	0.033835	-0.195235	0.377159	-0.939141	-0.030103
1.380000	-0.117412	0.042921	-0.190833	0.377284	-0.939068	-0.031290
1.400000	-0.141758	0.052956	-0.185577	0.377303	-0.939110	-0.032499
1.420000	-0.167000	0.063747	-0.179721	0.377218	-0.939274	-0.033683
1.440000	-0.192596	0.075104	-0.173520	0.377028	-0.939566	-0.034796
1.460000	-0.218006	0.086833	-0.167226	0.376734	-0.939995	-0.035791
1.480000	-0.242690	0.098743	-0.161094	0.376337	-0.940566	-0.036621
1.500000	-0.266108	0.110642	-0.155376	0.375838	-0.941286	-0.037240
1.520000	-0.287718	0.122337	-0.150327	0.375236	-0.942164	-0.037601
1.540000	-0.306980	0.133637	-0.146201	0.374533	-0.943205	-0.037657
1.560000	-0.323389	0.144359	-0.143233	0.373730	-0.944416	-0.037366
1.580000	-0.336864	0.154453	-0.141447	0.372835	-0.945782	-0.036732
1.600000	-0.347604	0.163951	-0.140729	0.371859	-0.947275	-0.035792
1.620000	-0.355816	0.172887	-0.140958	0.370815	-0.948869	-0.034583
