0.000000	-0.434748	-0.101657	-0.308026	0.373436	-0.959564	-0.006636
0.020000	-0.453485	-0.117607	-0.286935	0.373202	-0.959150	-0.007315
0.040000	-0.471453	-0.133687	-0.263081	0.372510	-0.958837	-0.008360
0.060000	-0.488583	-0.149442	-0.237023	0.371427	-0.958593	-0.009740
0.080000	-0.504803	-0.164417	-0.209316	0.370020	-0.958391	-0.011424
0.100000	-0.520042	-0.178159	-0.180516	0.368355	-0.958199	-0.013381
0.120000	-0.534231	-0.190211	-0.151180	0.366501	-0.957989	-0.015581
0.140000	-0.547298	-0.200120	-0.121865	0.364523	-0.957731	-0.017992
0.160000	-0.559173	-0.207431	-0.093126	0.362490	-0.957395	-0.020585
0.180000	-0.569786	-0.211689	-0.065519	0.360468	-0.956952	-0.023328
0.200000	-0.579065	-0.212439	-0.039602	0.358524	-0.956372	-0.026190
0.220000	-0.586941	-0.209228	-0.015931	0.356725	-0.955625	-0.029141
0.240000	-0.593342	-0.201599	0.004938	0.355139	-0.954682	-0.032150
0.260000	-0.598199	-0.189099	0.022450	0.353832	-0.953512	-0.035186
0.280000	-0.601440	-0.171273	0.036046	0.352871	-0.952088	-0.038217
0.300000	-0.602995	-0.147666	0.045172	0.352324	-0.950378	-0.041215
0.320000	-0.602807	-0.117993	0.049399	0.352242	-0.948365	-0.044147
0.340000	-0.600899	-0.082875	0.048995	0.352596	-0.946092	-0.046991
0.360000	-0.597317	-0.043236	0.044457	0.353331	-0.943621	-0.049722
0.380000	-0.592108	-0.000002	0.036283	0.354390	-0.941015	-0.052316
0.400000	-0.585320	0.045902	0.024972	0.355717	-0.938337	-0.054752
0.420000	-0.576998	0.093553	0.011022	0.357257	-0.935652	-0.057004
0.440000	-0.567192	0.142024	-0.005070	0.358952	-0.933021	-0.059051
0.460000	-0.555947	0.190390	-0.022804	0.360746	-0.930507	-0.060869
0.480000	-0.543310	0.237729	-0.041683	0.362585	-0.928174	-0.062435
0.500000	-0.529330	0.283113	-0.061208	0.364411	-0.926085	-0.063724
0.520000	-0.514052	0.325619	-0.080882	0.366168	-0.924303	-0.064715
0.540000	-0.497525	0.364321	-0.100206	0.367801	-0.922891	-0.065383
0.560000	-0.479794	0.398295	-0.118682	0.369252	-0.921912	-0.065706
0.580000	-0.460908	0.426616	-0.135812	0.370467	-0.921429	-0.065660
0.600000	-0.440914	0.448358	-0.151097	0.371389	-0.921505	-0.065222
0.620000	-0.419857	0.462598	-0.164039	0.371962	-0.922203	-0.064368
0.640000	-0.397798	0.468501	-0.174172	0.372135	-0.923579	-0.063079
0.660000	-0.374935	0.466361	-0.181406	0.371911	-0.925600	-0.061378
0.680000	-0.351562	0.457234	-0.185912	0.371335	-0.928175	-0.059316
0.700000	-0.327976	0.442193	-0.187864	0.370449	-0.931209	-0.056946
0.720000	-0.304473	0.422308	-0.187436	0.369299	-0.934608	-0.054321
0.740000	-0.281349	0.398652	-0.184803	0.367927	-0.938280	-0.051493
0.760000	-0.258901	0.372297	-0.180139	0.366378	-0.942130	-0.048515
0.780000	-0.237424	0.344313	-0.173618	0.364695	-0.946064	-0.045439
0.800000	-0.217216	0.315772	-0.165415	0.362922	-0.949990	-0.042318
0.820000	-0.198572	0.287746	-0.155704	0.361102	-0.953813	-0.039203
0.840000	-0.181788	0.261306	-0.144660	0.359281	-0.957440	-0.036149
0.860000	-0.167161	0.237524	-0.132456	0.357501	-0.960776	-0.033206
0.880000	-0.154988	0.217472	-0.119267	0.355806	-0.963730	-0.030428
0.900000	-0.145563	0.202221	-0.105268	0.354240	-0.966206	-0.027867
0.920000	-0.139185	0.192843	-0.090633	0.352847	-0.968111	-0.025576
0.940000	-0.136130	0.190350	-0.075537	0.351669	-0.969356	-0.023605
0.960000	-0.136367	0.194707	-0.060181	0.350715	-0.969935	-0.021962
0.980000	-0.139594	0.204971	-0.044784	0.349966	-0.969911	-0.020620
1.000000	-0.145498	0.220169	-0.029570	0.349402	-0.969351	-0.019551
1.020000	-0.153767	0.239326	-0.014759	0.349004	-0.968323	-0.018727
1.040000	-0.164092	0.261470	-0.000572	0.348750	-0.966892	-0.018118
1.060000	-0.176159	0.285627	0.012768	0.348622	-0.965126	-0.017697
1.080000	-0.189658	0.310825	0.025040	0.348600	-0.963092	-0.017434
1.100000	-0.204277	0.336090	0.036023	0.348663	-0.960855	-0.017302
1.120000	-0.219705	0.360448	0.045496	0.348792	-0.958482	-0.017272
1.140000	-0.235630	0.382927	0.053236	0.348966	-0.956042	-0.017316
1.160000	-0.251741	0.402553	0.059023	0.349166	-0.953599	-0.017405
1.180000	-0.267726	0.418352	0.062634	0.349372	-0.951221	-0.017511
1.200000	-0.283273	0.429352	0.063848	0.349563	-0.948975	-0.017605
1.220000	-0.298072	0.434580	0.062445	0.349721	-0.946927	-0.017659
1.240000	-0.311811	0.433062	0.058201	0.349824	-0.945144	-0.017644
1.260000	-0.324180	0.423833	0.050899	0.349854	-0.943693	-0.017533
1.280000	-0.335027	0.406633	0.040517	0.349800	-0.942606	-0.017310
1.300000	-0.344468	0.382388	0.027369	0.349673	-0.941866	-0.016985
1.320000	-0.352643	0.352137	0.011800	0.349483	-0.941445	-0.016570
1.340000	-0.359691	0.316920	-0.005846	0.349241	-0.941318	-0.016077
1.360000	-0.365753	0.277777	-0.025222	0.348957	-0.941461	-0.015516
1.380000	-0.370969	0.235748	-0.045983	0.348642	-0.941847	-0.014899
1.400000	-0.375480	0.191872	-0.067785	0.348308	-0.942452	-0.014238
1.420000	-0.379425	0.147189	-0.090281	0.347964	-0.943250	-0.013545
1.440000	-0.382946	0.102739	-0.113127	0.347622	-0.944215	-0.012831
1.460000	-0.386181	0.059561	-0.135977	0.347293	-0.945322	-0.012107
1.480000	-0.389271	0.018697	-0.158485	0.346987	-0.946547	-0.011386
1.500000	-0.392357	-0.018816	-0.180308	0.346715	-0.947862	-0.010678
1.520000	-0.395579	-0.051936	-0.201099	0.346488	-0.949244	-0.009995
1.540000	-0.399076	-0.079624	-0.220513	0.346316	-0.950666	-0.009350
1.560000	-0.402990	-0.100840	-0.238204	0.346211	-0.952103	-0.008752
1.580000	-0.407446	-0.114620	-0.253845	0.346183	-0.953531	-0.008214
1.600000	-0.412383	-0.120993	-0.267336	0.346229	-0.954930	-0.007738
1.620000	-0.417602	-0.120702	-0.278741	0.346342	-0.956286	-0.007318
1.640000	-0.422905	-0.114507	-0.288125	0.346512	-0.957585	-0.006952
1.660000	-0.428092	-0.103165	-0.295557	0.346729	-0.958811	-0.006634
1.680000	-0.432962	-0.087436	-0.301104	0.346984	-0.959951	-0.006361
1.700000	-0.437317	-0.068077	-0.304833	0.347269	-0.960989	-0.006128
1.720000	-0.440956	-0.045848	-0.306810	0.347573	-0.961913	-0.005930
1.740000	-0.443679	-0.021506	-0.307103	0.347888	-0.962706	-0.005765
1.760000	-0.445287	0.004189	-0.305780	0.348204	-0.963355	-0.005626
1.780000	-0.445580	0.030480	-0.302906	0.348512	-0.963846	-0.005511
1.800000	-0.444358	0.056607	-0.298550	0.348802	-0.964163	-0.005414
1.820000	-0.441422	0.081813	-0.292778	0.349066	-0.964292	-0.005332
1.840000	-0.436571	0.105339	-0.285657	0.349294	-0.964219	-0.005260
1.860000	-0.429605	0.126425	-0.277256	0.349477	-0.963929	-0.005194
