0.000000	-0.380773	0.078507	-0.183077	0.335953	-0.954909	-0.017123
0.020000	-0.409177	0.047539	-0.184182	0.334642	-0.956832	-0.015340
0.040000	-0.436800	0.020195	-0.184722	0.333380	-0.958598	-0.013679
0.060000	-0.463164	-0.002529	-0.184729	0.332191	-0.960148	-0.012181
0.080000	-0.487792	-0.019640	-0.184236	0.331101	-0.961422	-0.010881
0.100000	-0.510208	-0.030143	-0.183277	0.330131	-0.962359	-0.009820
0.120000	-0.530034	-0.033300	-0.181890	0.329303	-0.962914	-0.009027
0.140000	-0.547361	-0.029604	-0.180143	0.328618	-0.963109	-0.008495
0.160000	-0.562424	-0.019911	-0.178113	0.328074	-0.962984	-0.008203
0.180000	-0.575456	-0.005079	-0.175876	0.327669	-0.962583	-0.008132
0.200000	-0.586691	0.014034	-0.173509	0.327399	-0.961946	-0.008262
0.220000	-0.596361	0.036571	-0.171087	0.327261	-0.961115	-0.008574
0.240000	-0.604702	0.061673	-0.168688	0.327253	-0.960132	-0.009048
0.260000	-0.611945	0.088484	-0.166388	0.327373	-0.959039	-0.009665
0.280000	-0.618325	0.116146	-0.164263	0.327616	-0.957876	-0.010404
0.300000	-0.624074	0.143801	-0.162390	0.327981	-0.956687	-0.011247
0.320000	-0.629427	0.170591	-0.160844	0.328464	-0.955512	-0.012173
0.340000	-0.634617	0.195659	-0.159703	0.329063	-0.954393	-0.013163
0.360000	-0.639878	0.218147	-0.159043	0.329775	-0.953372	-0.014197
0.380000	-0.645442	0.237198	-0.158940	0.330598	-0.952490	-0.015255
0.400000	-0.651544	0.251955	-0.159470	0.331528	-0.951790	-0.016319
0.420000	-0.658414	0.261563	-0.160711	0.332562	-0.951312	-0.017368
0.440000	-0.666105	0.265663	-0.162680	0.333695	-0.951076	-0.018388
0.460000	-0.674331	0.264807	-0.165293	0.334910	-0.951058	-0.019375
0.480000	-0.682773	0.259644	-0.168454	0.336195	-0.951232	-0.020325
0.500000	-0.691111	0.250825	-0.172066	0.337532	-0.951570	-0.021234
0.520000	-0.699023	0.239000	-0.176034	0.338909	-0.952045	-0.022101
0.540000	-0.706190	0.224818	-0.180261	0.340308	-0.952629	-0.022920
0.560000	-0.712292	0.208931	-0.184651	0.341716	-0.953295	-0.023689
0.580000	-0.717008	0.191989	-0.189107	0.343117	-0.954016	-0.024404
0.600000	-0.720017	0.174641	-0.193534	0.344496	-0.954764	-0.025063
0.620000	-0.721000	0.157537	-0.197835	0.345839	-0.955513	-0.025661
0.640000	-0.719637	0.141329	-0.201913	0.347130	-0.956234	-0.026195
0.660000	-0.715607	0.126665	-0.205673	0.348353	-0.956901	-0.026662
0.680000	-0.708589	0.114197	-0.209019	0.349495	-0.957485	-0.027058
0.700000	-0.698264	0.104574	-0.211854	0.350540	-0.957961	-0.027380
0.720000	-0.684312	0.098446	-0.214082	0.351472	-0.958300	-0.027625
0.740000	-0.666619	0.096161	-0.215653	0.352284	-0.958487	-0.027791
0.760000	-0.645562	0.097349	-0.216630	0.352978	-0.958532	-0.027884
0.780000	-0.621594	0.101532	-0.217091	0.353560	-0.958451	-0.027909
0.800000	-0.595164	0.108233	-0.217114	0.354037	-0.958258	-0.027872
0.820000	-0.566724	0.116977	-0.216778	0.354414	-0.957969	-0.027778
0.840000	-0.536723	0.127286	-0.216162	0.354698	-0.957599	-0.027632
0.860000	-0.505613	0.138684	-0.215343	0.354894	-0.957162	-0.027441
0.880000	-0.473844	0.150693	-0.214401	0.355009	-0.956674	-0.027210
0.900000	-0.441867	0.162838	-0.213413	0.355048	-0.956149	-0.026944
0.920000	-0.410132	0.174641	-0.212458	0.355018	-0.955604	-0.026650
0.940000	-0.379091	0.185626	-0.211615	0.354924	-0.955051	-0.026332
0.960000	-0.349193	0.195316	-0.210962	0.354772	-0.954508	-0.025996
0.980000	-0.320890	0.203234	-0.210577	0.354569	-0.953988	-0.025649
1.000000	-0.294633	0.208904	-0.210539	0.354320	-0.953506	-0.025295
1.020000	-0.270871	0.211848	-0.210927	0.354031	-0.953079	-0.024940
1.040000	-0.250056	0.211590	-0.211818	0.353709	-0.952720	-0.024590
1.060000	-0.232638	0.207654	-0.213291	0.353359	-0.952445	-0.024249
1.080000	-0.219008	0.199637	-0.215410	0.352988	-0.952266	-0.023925
1.100000	-0.209063	0.187763	-0.218116	0.352603	-0.952181	-0.023619
1.120000	-0.202448	0.172572	-0.221289	0.352216	-0.952177	-0.023334
1.140000	-0.198806	0.154604	-0.224806	0.351836	-0.952242	-0.023072
1.160000	-0.197781	0.134400	-0.228548	0.351472	-0.952364	-0.022834
1.180000	-0.199019	0.112502	-0.232393	0.351135	-0.952532	-0.022623
1.200000	-0.202162	0.089451	-0.236219	0.350835	-0.952733	-0.022441
1.220000	-0.206854	0.065788	-0.239906	0.350581	-0.952955	-0.022289
1.240000	-0.212740	0.042054	-0.243333	0.350383	-0.953187	-0.022170
1.260000	-0.219463	0.018789	-0.246378	0.350251	-0.953416	-0.022085
1.280000	-0.226667	-0.003464	-0.248921	0.350195	-0.953631	-0.022037
1.300000	-0.233997	-0.024164	-0.250840	0.350224	-0.953819	-0.022027
1.320000	-0.241096	-0.042771	-0.252014	0.350350	-0.953968	-0.022059
1.340000	-0.247608	-0.058743	-0.252321	0.350581	-0.954068	-0.022132
1.360000	-0.253179	-0.071542	-0.251643	0.350927	-0.954104	-0.022250
1.380000	-0.257590	-0.080873	-0.249920	0.351389	-0.954073	-0.022410
1.400000	-0.260893	-0.086921	-0.247221	0.351948	-0.953980	-0.022599
1.420000	-0.263169	-0.089928	-0.243628	0.352586	-0.953835	-0.022803
1.440000	-0.264500	-0.090134	-0.239222	0.353282	-0.953645	-0.023010
1.460000	-0.264969	-0.087781	-0.234084	0.354015	-0.953420	-0.023206
1.480000	-0.264658	-0.083110	-0.228298	0.354767	-0.953166	-0.023376
1.500000	-0.263648	-0.076361	-0.221944	0.355517	-0.952893	-0.023509
1.520000	-0.262022	-0.067777	-0.215105	0.356245	-0.952608	-0.023590
1.540000	-0.259861	-0.057597	-0.207862	0.356931	-0.952321	-0.023606
1.560000	-0.257248	-0.046064	-0.200297	0.357555	-0.952039	-0.023543
1.580000	-0.254265	-0.033418	-0.192491	0.358098	-0.951771	-0.023388
1.600000	-0.250993	-0.019899	-0.184528	0.358539	-0.951525	-0.023127
1.620000	-0.247516	-0.005751	-0.176487	0.358859	-0.951309	-0.022747
1.640000	-0.243914	0.008788	-0.168452	0.359037	-0.951132	-0.022235
1.660000	-0.240270	0.023475	-0.160504	0.359053	-0.951003	-0.021576
1.680000	-0.236665	0.038070	-0.152724	0.358889	-0.950928	-0.020758
1.700000	-0.233186	0.052361	-0.145202	0.358529	-0.950915	-0.019774
1.720000	-0.229929	0.066265	-0.138059	0.357992	-0.950959	-0.018647
1.740000	-0.226996	0.079727	-0.131421	0.357301	-0.951053	-0.017407
1.760000	-0.224487	0.092694	-0.125416	0.356479	-0.951191	-0.016085
1.780000	-0.222503	0.105113	-0.120173	0.355550	-0.951366	-0.014711
