0.000000	-0.434359	0.168194	-0.265605	0.348259	-0.948490	-0.021527
0.020000	-0.435317	0.167913	-0.269097	0.347941	-0.947801	-0.022145
0.040000	-0.432856	0.168908	-0.269864	0.347637	-0.947137	-0.022922
0.060000	-0.427384	0.171026	-0.268175	0.347353	-0.946507	-0.023845
0.080000	-0.419318	0.174113	-0.264306	0.347098	-0.945920	-0.024901
0.100000	-0.409072	0.178013	-0.258533	0.346877	-0.945382	-0.026076
0.120000	-0.397063	0.182572	-0.251131	0.346699	-0.944904	-0.027357
0.140000	-0.383705	0.187635	-0.242375	0.346569	-0.944492	-0.028732
0.160000	-0.369415	0.193048	-0.232542	0.346495	-0.944155	-0.030186
0.180000	-0.354608	0.198654	-0.221905	0.346483	-0.943901	-0.031708
0.200000	-0.339700	0.204301	-0.210742	0.346541	-0.943739	-0.033283
0.220000	-0.325106	0.209832	-0.199327	0.346676	-0.943677	-0.034899
0.240000	-0.311241	0.215093	-0.187937	0.346895	-0.943723	-0.036542
0.260000	-0.298521	0.219929	-0.176845	0.347204	-0.943885	-0.038200
0.280000	-0.287362	0.224185	-0.166328	0.347611	-0.944171	-0.039858
0.300000	-0.278179	0.227706	-0.156662	0.348123	-0.944591	-0.041505
0.320000	-0.271375	0.230348	-0.148111	0.348745	-0.945150	-0.043126
0.340000	-0.267107	0.232122	-0.140743	0.349470	-0.945842	-0.044711
0.360000	-0.265321	0.233183	-0.134455	0.350276	-0.946644	-0.046249
0.380000	-0.265955	0.233690	-0.129136	0.351142	-0.947536	-0.047732
0.400000	-0.268946	0.233802	-0.124678	0.352047	-0.948494	-0.049150
0.420000	-0.274231	0.233676	-0.120970	0.352967	-0.949498	-0.050493
0.440000	-0.281750	0.233472	-0.117904	0.353883	-0.950525	-0.051751
0.460000	-0.291439	0.233348	-0.115369	0.354773	-0.951553	-0.052915
0.480000	-0.303235	0.233462	-0.113255	0.355615	-0.952562	-0.053975
0.500000	-0.317078	0.233974	-0.111455	0.356387	-0.953527	-0.054922
0.520000	-0.332904	0.235042	-0.109856	0.357068	-0.954429	-0.055745
0.540000	-0.350652	0.236825	-0.108351	0.357636	-0.955245	-0.056436
0.560000	-0.370258	0.239480	-0.106830	0.358071	-0.955954	-0.056985
0.580000	-0.391661	0.243168	-0.105182	0.358349	-0.956532	-0.057381
0.600000	-0.414798	0.248045	-0.103298	0.358451	-0.956959	-0.057616
0.620000	-0.439608	0.254272	-0.101069	0.358353	-0.957213	-0.057680
0.640000	-0.466022	0.262004	-0.098387	0.358036	-0.957271	-0.057563
0.660000	-0.493498	0.271184	-0.095237	0.357497	-0.957130	-0.057263
0.680000	-0.520687	0.281394	-0.091771	0.356771	-0.956812	-0.056787
0.700000	-0.546161	0.292181	-0.088153	0.355894	-0.956345	-0.056147
0.720000	-0.568490	0.303090	-0.084550	0.354903	-0.955755	-0.055352
0.740000	-0.586247	0.313667	-0.081127	0.353834	-0.955067	-0.054411
0.760000	-0.598003	0.323458	-0.078051	0.352725	-0.954310	-0.053334
0.780000	-0.602329	0.332010	-0.075486	0.351612	-0.953509	-0.052132
0.800000	-0.597796	0.338868	-0.073599	0.350532	-0.952690	-0.050814
0.820000	-0.582977	0.343578	-0.072555	0.349521	-0.951881	-0.049390
0.840000	-0.556441	0.345686	-0.072521	0.348618	-0.951108	-0.047870
0.860000	-0.516761	0.344738	-0.073662	0.347857	-0.950397	-0.046263
0.880000	-0.462509	0.340281	-0.076144	0.347277	-0.949775	-0.044580
0.900000	-0.392255	0.331860	-0.080132	0.346914	-0.949267	-0.042830
0.920000	-0.304570	0.319021	-0.085792	0.346805	-0.948902	-0.041023
0.940000	-0.198034	0.301313	-0.093290	0.346986	-0.948705	-0.039169
0.960000	-0.072545	0.278623	-0.102666	0.347473	-0.948689	-0.037280
0.980000	0.069081	0.251597	-0.113682	0.348236	-0.948836	-0.035374
1.000000	0.223641	0.220978	-0.126065	0.349237	-0.949126	-0.033468
1.020000	0.387930	0.187509	-0.139542	0.350440	-0.949536	-0.031581
1.040000	0.558743	0.151936	-0.153839	0.351807	-0.950045	-0.029732
1.060000	0.732878	0.115001	-0.168683	0.353302	-0.950632	-0.027938
1.080000	0.907129	0.077450	-0.183801	0.354888	-0.951275	-0.026217
1.100000	1.078292	0.040026	-0.198917	0.356528	-0.951952	-0.024588
1.120000	1.243163	0.003474	-0.213760	0.358184	-0.952643	-0.023069
1.140000	1.398538	-0.031463	-0.228056	0.359821	-0.953326	-0.021678
1.160000	1.541212	-0.064041	-0.241531	0.361401	-0.953979	-0.020433
1.180000	1.667982	-0.093515	-0.253911	0.362887	-0.954581	-0.019352
1.200000	1.775643	-0.119142	-0.264924	0.364242	-0.955110	-0.018455
1.220000	1.860991	-0.140176	-0.274295	0.365429	-0.955545	-0.017757
1.240000	1.920822	-0.155876	-0.281751	0.366412	-0.955865	-0.017279
1.260000	1.951932	-0.165495	-0.287019	0.367154	-0.956048	-0.017038
1.280000	1.951115	-0.168291	-0.289825	0.367617	-0.956072	-0.017053
1.300000	1.915761	-0.163659	-0.289944	0.367771	-0.955920	-0.017336
1.320000	1.847791	-0.152074	-0.287521	0.367627	-0.955604	-0.017873
1.340000	1.751220	-0.134509	-0.282876	0.367220	-0.955149	-0.018634
1.360000	1.630077	-0.111936	-0.276324	0.366582	-0.954582	-0.019587
1.380000	1.488388	-0.085331	-0.268186	0.365746	-0.953927	-0.020702
1.400000	1.330182	-0.055669	-0.258780	0.364746	-0.953211	-0.021950
1.420000	1.159485	-0.023924	-0.248422	0.363613	-0.952459	-0.023300
1.440000	0.980325	0.008929	-0.237433	0.362383	-0.951698	-0.024721
1.460000	0.796729	0.041916	-0.226130	0.361086	-0.950951	-0.026184
1.480000	0.612726	0.074062	-0.214832	0.359758	-0.950246	-0.027657
1.500000	0.432342	0.104393	-0.203856	0.358430	-0.949608	-0.029112
1.520000	0.259604	0.131934	-0.193522	0.357136	-0.949063	-0.030516
1.540000	0.098540	0.155711	-0.184147	0.355908	-0.948636	-0.031841
1.560000	-0.046821	0.174748	-0.176050	0.354781	-0.948352	-0.033056
1.580000	-0.172454	0.188071	-0.169550	0.353786	-0.948239	-0.034130
1.600000	-0.274673	0.194805	-0.164935	0.352955	-0.948318	-0.035036
1.620000	-0.353376	0.195102	-0.162193	0.352290	-0.948583	-0.035771
1.640000	-0.410597	0.189730	-0.161135	0.351777	-0.949010	-0.036349
1.660000	-0.448400	0.179464	-0.161566	0.351402	-0.949575	-0.036782
1.680000	-0.468847	0.165079	-0.163292	0.351150	-0.950252	-0.037084
1.700000	-0.474000	0.147350	-0.166120	0.351008	-0.951017	-0.037268
1.720000	-0.465923	0.127054	-0.169856	0.350960	-0.951846	-0.037348
1.740000	-0.446678	0.104965	-0.174307	0.350994	-0.952715	-0.037336
1.760000	-0.418328	0.081858	-0.179278	0.351094	-0.953600	-0.037246
1.780000	-0.382935	0.058509	-0.184576	0.351246	-0.954474	-0.037092
1.800000	-0.342563	0.035693	-0.190008	0.351437	-0.955315	-0.036885
1.820000	-0.299274	0.014186	-0.195380	0.351651	-0.956098	-0.036640
1.840000	-0.255131	-0.005237	-0.200498	0.351876	-0.956798	-0.036369
1.860000	-0.212197	-0.021802	-0.205169	0.352096	-0.957391	-0.036087
1.880000	-0.172534	-0.034732	-0.209198	0.352297	-0.957853	-0.035805
1.900000	-0.138205	-0.043252	-0.212393	0.352465	-0.958158	-0.035538
1.920000	-0.111233	-0.046607	-0.214563	0.352586	-0.958284	-0.035299
1.940000	-0.092435	-0.044655	-0.215645	0.352655	-0.958228	-0.035091
1.960000	-0.081222	-0.037965	-0.215721	0.352676	-0.958010	-0.034911
1.980000	-0.076927	-0.027147	-0.214882	0.352653	-0.957656	-0.034752
2.000000	-0.078883	-0.012812	-0.213217	0.352592	-0.957187	-0.034610
2.020000	-0.086422	0.004430	-0.210817	0.352498	-0.956627	-0.034479
2.040000	-0.098878	0.023969	-0.207773	0.352374	-0.955999	-0.034354
2.060000	-0.115583	0.045196	-0.204175	0.352227	-0.955327	-0.034229
2.080000	-0.135869	0.067499	-0.200114	0.352061	-0.954633	-0.034099
2.100000	-0.159071	0.090269	-0.195679	0.351881	-0.953941	-0.033959
