0.000000	-0.500190	-0.067733	-0.288176	0.372901	-0.954199	-0.001445
0.020000	-0.478385	-0.061522	-0.269727	0.372044	-0.953652	-0.002561
0.040000	-0.452920	-0.055162	-0.250366	0.371054	-0.953033	-0.003804
0.060000	-0.424673	-0.048550	-0.230443	0.369969	-0.952342	-0.005152
0.080000	-0.394518	-0.041580	-0.210305	0.368828	-0.951582	-0.006581
0.100000	-0.363333	-0.034149	-0.190300	0.367669	-0.950754	-0.008068
0.120000	-0.331993	-0.026154	-0.170775	0.366531	-0.949861	-0.009591
0.140000	-0.301374	-0.017489	-0.152078	0.365452	-0.948905	-0.011126
0.160000	-0.272353	-0.008051	-0.134559	0.364472	-0.947887	-0.012650
0.180000	-0.245805	0.002264	-0.118563	0.363627	-0.946809	-0.014141
0.200000	-0.222606	0.013561	-0.104439	0.362958	-0.945674	-0.015575
0.220000	-0.203633	0.025943	-0.092536	0.362501	-0.944483	-0.016929
0.240000	-0.189762	0.039515	-0.083200	0.362297	-0.943239	-0.018181
0.260000	-0.181541	0.054303	-0.076650	0.362367	-0.941946	-0.019314
0.280000	-0.178533	0.070104	-0.072708	0.362687	-0.940620	-0.020334
0.300000	-0.180116	0.086670	-0.071127	0.363222	-0.939279	-0.021251
0.320000	-0.185668	0.103755	-0.071656	0.363938	-0.937940	-0.022075
0.340000	-0.194568	0.121110	-0.074045	0.364801	-0.936621	-0.022816
0.360000	-0.206193	0.138489	-0.078045	0.365777	-0.935340	-0.023483
0.380000	-0.219921	0.155643	-0.083407	0.366832	-0.934113	-0.024086
0.400000	-0.235130	0.172327	-0.089881	0.367932	-0.932959	-0.024634
0.420000	-0.251199	0.188292	-0.097217	0.369043	-0.931895	-0.025139
0.440000	-0.267506	0.203290	-0.105166	0.370130	-0.930938	-0.025608
0.460000	-0.283427	0.217076	-0.113479	0.371160	-0.930107	-0.026053
0.480000	-0.298343	0.229401	-0.121905	0.372098	-0.929417	-0.026482
0.500000	-0.311629	0.240018	-0.130195	0.372911	-0.928888	-0.026906
0.520000	-0.322666	0.248679	-0.138100	0.373564	-0.928537	-0.027335
0.540000	-0.330830	0.255138	-0.145370	0.374023	-0.928381	-0.027777
0.560000	-0.335499	0.259147	-0.151756	0.374254	-0.928437	-0.028243
0.580000	-0.336147	0.260497	-0.157041	0.374229	-0.928719	-0.028741
0.600000	-0.332859	0.259227	-0.161222	0.373956	-0.929210	-0.029259
0.620000	-0.325964	0.255473	-0.164385	0.373459	-0.929881	-0.029782
0.640000	-0.315795	0.249374	-0.166611	0.372761	-0.930703	-0.030292
0.660000	-0.302681	0.241069	-0.167986	0.371884	-0.931648	-0.030772
0.680000	-0.286953	0.230693	-0.168593	0.370854	-0.932688	-0.031206
0.700000	-0.268942	0.218386	-0.168515	0.369693	-0.933792	-0.031577
0.720000	-0.248980	0.204285	-0.167837	0.368424	-0.934933	-0.031868
0.740000	-0.227396	0.188528	-0.166641	0.367070	-0.936081	-0.032062
0.760000	-0.204522	0.171252	-0.165012	0.365656	-0.937209	-0.032142
0.780000	-0.180688	0.152596	-0.163034	0.364204	-0.938288	-0.032092
0.800000	-0.156226	0.132697	-0.160791	0.362738	-0.939288	-0.031895
0.820000	-0.131465	0.111693	-0.158365	0.361281	-0.940181	-0.031533
0.840000	-0.106737	0.089722	-0.155841	0.359856	-0.940938	-0.030990
0.860000	-0.082372	0.066922	-0.153303	0.358487	-0.941530	-0.030249
0.880000	-0.058687	0.043445	-0.150830	0.357196	-0.941934	-0.029296
0.900000	-0.035870	0.019575	-0.148460	0.355991	-0.942152	-0.028146
0.920000	-0.014044	-0.004334	-0.146214	0.354874	-0.942206	-0.026825
0.940000	0.006671	-0.027932	-0.144110	0.353845	-0.942116	-0.025361
0.960000	0.026152	-0.050865	-0.142166	0.352908	-0.941902	-0.023783
0.980000	0.044278	-0.072780	-0.140401	0.352062	-0.941587	-0.022117
1.000000	0.060926	-0.093325	-0.138834	0.351310	-0.941189	-0.020392
1.020000	0.075976	-0.112147	-0.137484	0.350653	-0.940730	-0.018635
1.040000	0.089306	-0.128894	-0.136369	0.350093	-0.940229	-0.016875
1.060000	0.100794	-0.143212	-0.135509	0.349631	-0.939709	-0.015138
1.080000	0.110318	-0.154750	-0.134920	0.349268	-0.939189	-0.013453
1.100000	0.117757	-0.163154	-0.134624	0.349006	-0.938690	-0.011848
1.120000	0.122989	-0.168073	-0.134637	0.348847	-0.938233	-0.010350
1.140000	0.125893	-0.169152	-0.134979	0.348792	-0.937838	-0.008987
1.160000	0.126346	-0.166041	-0.135669	0.348843	-0.937525	-0.007786
1.180000	0.124227	-0.158385	-0.136725	0.349000	-0.937316	-0.006777
1.200000	0.119420	-0.145854	-0.138163	0.349266	-0.937230	-0.005985
1.220000	0.111947	-0.128631	-0.139921	0.349634	-0.937270	-0.005413
1.240000	0.101971	-0.107419	-0.141859	0.350090	-0.937423	-0.005040
1.260000	0.089661	-0.082946	-0.143836	0.350621	-0.937673	-0.004846
1.280000	0.075183	-0.055938	-0.145706	0.351213	-0.938007	-0.004807
1.300000	0.058708	-0.027122	-0.147329	0.351852	-0.938409	-0.004902
1.320000	0.040403	0.002775	-0.148560	0.352525	-0.938865	-0.005108
1.340000	0.020436	0.033026	-0.149256	0.353217	-0.939360	-0.005405
1.360000	-0.001022	0.062904	-0.149275	0.353914	-0.939880	-0.005770
1.380000	-0.023806	0.091682	-0.148473	0.354604	-0.940409	-0.006180
1.400000	-0.047744	0.118633	-0.146708	0.355271	-0.940934	-0.006615
1.420000	-0.072671	0.143031	-0.143837	0.355903	-0.941440	-0.007051
1.440000	-0.098416	0.164148	-0.139715	0.356485	-0.941911	-0.007468
1.460000	-0.124811	0.181257	-0.134201	0.357003	-0.942333	-0.007843
1.480000	-0.151688	0.193632	-0.127152	0.357445	-0.942692	-0.008154
1.500000	-0.178878	0.200560	-0.118428	0.357795	-0.942974	-0.008380
1.520000	-0.206173	0.201896	-0.108064	0.358050	-0.943173	-0.008509
1.540000	-0.233318	0.198229	-0.096317	0.358219	-0.943300	-0.008545
1.560000	-0.260053	0.190196	-0.083460	0.358310	-0.943364	-0.008492
1.580000	-0.286121	0.178436	-0.069766	0.358331	-0.943375	-0.008352
1.600000	-0.311261	0.163586	-0.055505	0.358293	-0.943343	-0.008130
1.620000	-0.335215	0.146283	-0.040951	0.358204	-0.943278	-0.007830
1.640000	-0.357724	0.127165	-0.026376	0.358073	-0.943191	-0.007456
1.660000	-0.378529	0.106870	-0.012053	0.357909	-0.943091	-0.007011
1.680000	-0.397371	0.086035	0.001747	0.357720	-0.942987	-0.006499
1.700000	-0.413991	0.065299	0.014751	0.357516	-0.942891	-0.005925
1.720000	-0.428131	0.045298	0.026686	0.357307	-0.942812	-0.005291
1.740000	-0.439530	0.026671	0.037281	0.357099	-0.942761	-0.004601
