0.000000	-0.438716	0.076701	-0.161041	0.360702	-0.951409	-0.015645
0.020000	-0.452447	0.076685	-0.171201	0.359938	-0.950217	-0.014584
0.040000	-0.463437	0.075660	-0.180049	0.359300	-0.949187	-0.013755
0.060000	-0.471601	0.073630	-0.187495	0.358795	-0.948328	-0.013167
0.080000	-0.477111	0.070820	-0.193643	0.358422	-0.947630	-0.012803
0.100000	-0.480150	0.067461	-0.198606	0.358180	-0.947083	-0.012645
0.120000	-0.480903	0.063785	-0.202495	0.358067	-0.946674	-0.012676
0.140000	-0.479552	0.060026	-0.205422	0.358080	-0.946393	-0.012877
0.160000	-0.476281	0.056414	-0.207498	0.358218	-0.946229	-0.013230
0.180000	-0.471273	0.053181	-0.208835	0.358480	-0.946171	-0.013718
0.200000	-0.464712	0.050561	-0.209545	0.358863	-0.946208	-0.014324
0.220000	-0.456781	0.048785	-0.209740	0.359366	-0.946329	-0.015028
0.240000	-0.447663	0.048086	-0.209532	0.359986	-0.946523	-0.015814
0.260000	-0.437543	0.048694	-0.209031	0.360723	-0.946778	-0.016663
0.280000	-0.426602	0.050843	-0.208351	0.361574	-0.947084	-0.017558
0.300000	-0.415025	0.054765	-0.207602	0.362537	-0.947430	-0.018480
0.320000	-0.402996	0.060691	-0.206896	0.363611	-0.947804	-0.019413
0.340000	-0.390697	0.068855	-0.206346	0.364794	-0.948196	-0.020338
0.360000	-0.378311	0.079484	-0.206062	0.366084	-0.948595	-0.021237
0.380000	-0.365977	0.092595	-0.206084	0.367474	-0.948990	-0.022098
0.400000	-0.353752	0.107808	-0.206325	0.368947	-0.949374	-0.022914
0.420000	-0.341686	0.124700	-0.206682	0.370486	-0.949737	-0.023682
0.440000	-0.329825	0.142850	-0.207053	0.372073	-0.950073	-0.024398
0.460000	-0.318220	0.161837	-0.207335	0.373690	-0.950372	-0.025056
0.480000	-0.306918	0.181239	-0.207428	0.375320	-0.950627	-0.025654
0.500000	-0.295968	0.200634	-0.207228	0.376945	-0.950830	-0.026186
0.520000	-0.285419	0.219601	-0.206634	0.378547	-0.950973	-0.026649
0.540000	-0.275319	0.237718	-0.205543	0.380110	-0.951047	-0.027038
0.560000	-0.265717	0.254563	-0.203854	0.381614	-0.951044	-0.027349
0.580000	-0.256661	0.269714	-0.201464	0.383044	-0.950956	-0.027578
0.600000	-0.248200	0.282751	-0.198271	0.384380	-0.950776	-0.027720
0.620000	-0.240383	0.293250	-0.194172	0.385605	-0.950494	-0.027772
0.640000	-0.233259	0.300792	-0.189067	0.386702	-0.950103	-0.027728
0.660000	-0.226875	0.304954	-0.182852	0.387653	-0.949595	-0.027585
0.680000	-0.221280	0.305314	-0.175426	0.388440	-0.948962	-0.027338
0.700000	-0.216500	0.301617	-0.166750	0.389051	-0.948200	-0.026988
0.720000	-0.212475	0.294239	-0.157024	0.389490	-0.947327	-0.026547
0.740000	-0.209125	0.283705	-0.146505	0.389765	-0.946363	-0.026033
0.760000	-0.206367	0.270539	-0.135450	0.389886	-0.945329	-0.025464
0.780000	-0.204121	0.255268	-0.124118	0.389861	-0.944248	-0.024856
0.800000	-0.202308	0.238414	-0.112763	0.389698	-0.943140	-0.024227
0.820000	-0.200844	0.220504	-0.101645	0.389407	-0.942026	-0.023594
0.840000	-0.199651	0.202062	-0.091020	0.388996	-0.940928	-0.022974
0.860000	-0.198647	0.183613	-0.081145	0.388474	-0.939866	-0.022385
0.880000	-0.197751	0.165683	-0.072278	0.387850	-0.938863	-0.021843
0.900000	-0.196882	0.148795	-0.064675	0.387132	-0.937939	-0.021367
0.920000	-0.195960	0.133476	-0.058593	0.386330	-0.937116	-0.020972
0.940000	-0.194904	0.120249	-0.054291	0.385451	-0.936414	-0.020678
0.960000	-0.193633	0.109640	-0.052024	0.384504	-0.935856	-0.020500
0.980000	-0.192066	0.102173	-0.052050	0.383499	-0.935462	-0.020456
1.000000	-0.190123	0.098367	-0.054623	0.382444	-0.935253	-0.020563
1.020000	-0.187783	0.098336	-0.059776	0.381349	-0.935235	-0.020821
1.040000	-0.185109	0.101592	-0.067211	0.380230	-0.935394	-0.021208
1.060000	-0.182173	0.107593	-0.076605	0.379099	-0.935711	-0.021698
1.080000	-0.179047	0.115801	-0.087633	0.377972	-0.936170	-0.022265
1.100000	-0.175802	0.125676	-0.099971	0.376862	-0.936752	-0.022884
1.120000	-0.172510	0.136678	-0.113294	0.375784	-0.937441	-0.023529
1.140000	-0.169242	0.148268	-0.127279	0.374752	-0.938219	-0.024175
1.160000	-0.166069	0.159906	-0.141600	0.373780	-0.939069	-0.024797
1.180000	-0.163064	0.171052	-0.155935	0.372883	-0.939973	-0.025368
1.200000	-0.160298	0.181167	-0.169957	0.372074	-0.940913	-0.025864
1.220000	-0.157841	0.189711	-0.183344	0.371368	-0.941874	-0.026259
1.240000	-0.155767	0.196144	-0.195771	0.370780	-0.942836	-0.026527
1.260000	-0.154145	0.199927	-0.206913	0.370323	-0.943783	-0.026643
1.280000	-0.153049	0.200520	-0.216447	0.370011	-0.944697	-0.026581
1.300000	-0.152549	0.197384	-0.224047	0.369860	-0.945561	-0.026317
1.320000	-0.152716	0.189978	-0.229391	0.369883	-0.946358	-0.025824
1.340000	-0.153603	0.178022	-0.232293	0.370085	-0.947075	-0.025092
1.360000	-0.155195	0.162024	-0.232999	0.370449	-0.947714	-0.024155
1.380000	-0.157469	0.142641	-0.231835	0.370948	-0.948281	-0.023057
1.400000	-0.160400	0.120531	-0.229128	0.371559	-0.948782	-0.021840
1.420000	-0.163963	0.096353	-0.225204	0.372257	-0.949221	-0.020548
1.440000	-0.168135	0.070763	-0.220389	0.373018	-0.949604	-0.019222
1.460000	-0.172890	0.044421	-0.215010	0.373817	-0.949936	-0.017908
1.480000	-0.178203	0.017983	-0.209393	0.374630	-0.950224	-0.016647
1.500000	-0.184051	-0.007892	-0.203865	0.375433	-0.950471	-0.015483
1.520000	-0.190409	-0.032547	-0.198752	0.376201	-0.950683	-0.014458
1.540000	-0.197253	-0.055324	-0.194380	0.376909	-0.950867	-0.013617
1.560000	-0.204557	-0.075564	-0.191076	0.377534	-0.951026	-0.013001
1.580000	-0.212297	-0.092610	-0.189165	0.378051	-0.951168	-0.012654
1.600000	-0.220449	-0.105805	-0.188976	0.378435	-0.951296	-0.012619
1.620000	-0.228988	-0.114490	-0.190833	0.378662	-0.951416	-0.012938
1.640000	-0.237866	-0.118219	-0.194957	0.378714	-0.951531	-0.013642
1.660000	-0.246938	-0.117399	-0.201142	0.378603	-0.951636	-0.014698
1.680000	-0.256034	-0.112651	-0.209074	0.378346	-0.951722	-0.016063
1.700000	-0.264986	-0.104596	-0.218437	0.377960	-0.951780	-0.017692
1.720000	-0.273625	-0.093856	-0.228919	0.377463	-0.951802	-0.019539
