0.000000	-0.464431	0.003760	-0.191883	0.345547	-0.950126	-0.009279
0.020000	-0.414062	-0.016154	-0.195858	0.345616	-0.949972	-0.009004
0.040000	-0.370597	-0.031812	-0.201920	0.345677	-0.949803	-0.008835
0.060000	-0.336557	-0.042510	-0.210359	0.345721	-0.949620	-0.008773
0.080000	-0.312830	-0.048116	-0.221135	0.345744	-0.949423	-0.008814
0.100000	-0.298524	-0.049118	-0.233842	0.345750	-0.949212	-0.008948
0.120000	-0.292657	-0.046036	-0.248058	0.345741	-0.948986	-0.009165
0.140000	-0.294249	-0.039391	-0.263359	0.345721	-0.948745	-0.009456
0.160000	-0.302318	-0.029702	-0.279323	0.345693	-0.948487	-0.009812
0.180000	-0.315882	-0.017491	-0.295525	0.345661	-0.948213	-0.010222
0.200000	-0.333961	-0.003278	-0.311544	0.345627	-0.947922	-0.010678
0.220000	-0.355572	0.012418	-0.326956	0.345594	-0.947614	-0.011169
0.240000	-0.379735	0.029075	-0.341337	0.345567	-0.947288	-0.011687
0.260000	-0.405467	0.046174	-0.354266	0.345547	-0.946942	-0.012220
0.280000	-0.431789	0.063194	-0.365318	0.345539	-0.946578	-0.012761
0.300000	-0.457717	0.079615	-0.374071	0.345546	-0.946194	-0.013299
0.320000	-0.482271	0.094917	-0.380102	0.345570	-0.945790	-0.013824
0.340000	-0.504469	0.108579	-0.382987	0.345616	-0.945365	-0.014328
0.360000	-0.523331	0.120081	-0.382303	0.345685	-0.944919	-0.014800
0.380000	-0.537983	0.128962	-0.377704	0.345782	-0.944452	-0.015232
0.400000	-0.548381	0.135220	-0.369419	0.345904	-0.943970	-0.015626
0.420000	-0.554856	0.139059	-0.357938	0.346047	-0.943485	-0.015988
0.440000	-0.557742	0.140684	-0.343753	0.346207	-0.943004	-0.016323
0.460000	-0.557372	0.140300	-0.327359	0.346381	-0.942538	-0.016638
0.480000	-0.554080	0.138112	-0.309246	0.346565	-0.942096	-0.016938
0.500000	-0.548199	0.134327	-0.289909	0.346755	-0.941689	-0.017229
0.520000	-0.540063	0.129149	-0.269838	0.346947	-0.941326	-0.017518
0.540000	-0.530005	0.122784	-0.249528	0.347137	-0.941016	-0.017810
0.560000	-0.518358	0.115437	-0.229469	0.347322	-0.940769	-0.018111
0.580000	-0.505457	0.107314	-0.210156	0.347498	-0.940596	-0.018427
0.600000	-0.491635	0.098620	-0.192080	0.347660	-0.940505	-0.018764
0.620000	-0.477224	0.089559	-0.175734	0.347806	-0.940506	-0.019128
0.640000	-0.462560	0.080339	-0.161611	0.347931	-0.940609	-0.019525
0.660000	-0.447974	0.071163	-0.150203	0.348032	-0.940825	-0.019961
0.680000	-0.433801	0.062238	-0.142003	0.348104	-0.941161	-0.020442
0.700000	-0.420374	0.053768	-0.137503	0.348144	-0.941628	-0.020973
0.720000	-0.407960	0.045934	-0.137046	0.348150	-0.942232	-0.021558
0.740000	-0.396515	0.038802	-0.140304	0.348129	-0.942955	-0.022185
0.760000	-0.385912	0.032406	-0.146755	0.348093	-0.943775	-0.022838
0.780000	-0.376023	0.026779	-0.155880	0.348051	-0.944669	-0.023501
0.800000	-0.366719	0.021954	-0.167158	0.348013	-0.945615	-0.024158
0.820000	-0.357873	0.017967	-0.180068	0.347989	-0.946590	-0.024794
0.840000	-0.349355	0.014850	-0.194092	0.347991	-0.947572	-0.025393
0.860000	-0.341037	0.012638	-0.208708	0.348027	-0.948538	-0.025940
0.880000	-0.332792	0.011363	-0.223396	0.348109	-0.949465	-0.026417
0.900000	-0.324491	0.011061	-0.237636	0.348246	-0.950332	-0.026811
0.920000	-0.316006	0.011764	-0.250908	0.348449	-0.951114	-0.027104
0.940000	-0.307208	0.013506	-0.262691	0.348727	-0.951791	-0.027281
0.960000	-0.297969	0.016321	-0.272465	0.349092	-0.952339	-0.027327
0.980000	-0.288161	0.020243	-0.279711	0.349553	-0.952735	-0.027225
1.000000	-0.277661	0.025303	-0.283920	0.350120	-0.952958	-0.026961
1.020000	-0.266509	0.031461	-0.284967	0.350791	-0.953003	-0.026534
1.040000	-0.254930	0.038593	-0.283168	0.351547	-0.952887	-0.025965
1.060000	-0.243163	0.046572	-0.278861	0.352370	-0.952627	-0.025274
1.080000	-0.231444	0.055271	-0.272384	0.353241	-0.952241	-0.024481
1.100000	-0.220010	0.064561	-0.264077	0.354143	-0.951745	-0.023607
1.120000	-0.209097	0.074316	-0.254278	0.355056	-0.951157	-0.022671
1.140000	-0.198943	0.084407	-0.243327	0.355962	-0.950495	-0.021695
1.160000	-0.189784	0.094707	-0.231562	0.356843	-0.949776	-0.020697
1.180000	-0.181857	0.105089	-0.219321	0.357681	-0.949016	-0.019700
1.200000	-0.175399	0.115425	-0.206944	0.358456	-0.948235	-0.018723
1.220000	-0.170647	0.125586	-0.194770	0.359150	-0.947448	-0.017786
1.240000	-0.167838	0.135447	-0.183138	0.359745	-0.946673	-0.016910
1.260000	-0.167208	0.144878	-0.172385	0.360223	-0.945928	-0.016116
1.280000	-0.168995	0.153753	-0.162852	0.360564	-0.945230	-0.015422
1.300000	-0.173435	0.161943	-0.154876	0.360751	-0.944596	-0.014851
1.320000	-0.180765	0.169322	-0.148797	0.360765	-0.944044	-0.014421
1.340000	-0.191222	0.175761	-0.144954	0.360587	-0.943591	-0.014154
1.360000	-0.204903	0.181167	-0.143572	0.360207	-0.943250	-0.014062
1.380000	-0.221393	0.185566	-0.144466	0.359646	-0.943018	-0.014129
1.400000	-0.240162	0.189012	-0.147357	0.358930	-0.942890	-0.014331
1.420000	-0.260680	0.191559	-0.151967	0.358084	-0.942860	-0.014646
1.440000	-0.282418	0.193263	-0.158017	0.357137	-0.942920	-0.015052
1.460000	-0.304845	0.194177	-0.165228	0.356115	-0.943067	-0.015525
1.480000	-0.327430	0.194355	-0.173321	0.355044	-0.943292	-0.016042
1.500000	-0.349645	0.193851	-0.182017	0.353951	-0.943591	-0.016581
1.520000	-0.370959	0.192721	-0.191039	0.352863	-0.943957	-0.017119
1.540000	-0.390841	0.191018	-0.200106	0.351806	-0.944384	-0.017633
1.560000	-0.408763	0.188797	-0.208941	0.350807	-0.944866	-0.018100
1.580000	-0.424192	0.186111	-0.217264	0.349893	-0.945398	-0.018497
1.600000	-0.436601	0.183015	-0.224797	0.349090	-0.945972	-0.018803
1.620000	-0.445458	0.179564	-0.231261	0.348425	-0.946583	-0.018993
1.640000	-0.450234	0.175811	-0.236378	0.347925	-0.947225	-0.019045
