0.000000	-0.096148	0.470271	-0.155611	0.375429	-0.945899	-0.044104
0.020000	-0.097494	0.476089	-0.155710	0.374712	-0.945219	-0.046752
0.040000	-0.100056	0.476662	-0.153592	0.374075	-0.944561	-0.049100
0.060000	-0.103983	0.471420	-0.148932	0.373540	-0.943937	-0.051076
0.080000	-0.109418	0.459814	-0.141418	0.373130	-0.943360	-0.052605
0.100000	-0.116452	0.441981	-0.131111	0.372845	-0.942841	-0.053658
0.120000	-0.125104	0.418871	-0.118515	0.372662	-0.942388	-0.054255
0.140000	-0.135392	0.391481	-0.104158	0.372557	-0.942009	-0.054419
0.160000	-0.147332	0.360809	-0.088570	0.372505	-0.941715	-0.054173
0.180000	-0.160940	0.327854	-0.072281	0.372480	-0.941512	-0.053541
0.200000	-0.176235	0.293612	-0.055819	0.372457	-0.941411	-0.052547
0.220000	-0.193231	0.259082	-0.039714	0.372412	-0.941419	-0.051213
0.240000	-0.211947	0.225263	-0.024496	0.372319	-0.941546	-0.049562
0.260000	-0.232399	0.193150	-0.010694	0.372154	-0.941799	-0.047619
0.280000	-0.254604	0.163744	0.001163	0.371891	-0.942189	-0.045407
0.300000	-0.278578	0.138041	0.010546	0.371506	-0.942722	-0.042948
0.320000	-0.304339	0.117039	0.016924	0.370974	-0.943409	-0.040267
0.340000	-0.331902	0.101736	0.019770	0.370269	-0.944257	-0.037386
0.360000	-0.361286	0.093130	0.018552	0.369368	-0.945275	-0.034329
0.380000	-0.392502	0.092205	0.012751	0.368244	-0.946473	-0.031119
0.400000	-0.425328	0.099144	0.002301	0.366898	-0.947842	-0.027787
0.420000	-0.459182	0.112912	-0.012167	0.365367	-0.949356	-0.024374
0.440000	-0.493454	0.132372	-0.029964	0.363689	-0.950982	-0.020921
0.460000	-0.527532	0.156387	-0.050401	0.361906	-0.952691	-0.017470
0.480000	-0.560805	0.183820	-0.072790	0.360056	-0.954451	-0.014062
0.500000	-0.592662	0.213533	-0.096440	0.358179	-0.956232	-0.010740
0.520000	-0.622491	0.244388	-0.120663	0.356315	-0.958003	-0.007546
0.540000	-0.649683	0.275250	-0.144770	0.354504	-0.959734	-0.004520
0.560000	-0.673624	0.304980	-0.168073	0.352785	-0.961394	-0.001705
0.580000	-0.693705	0.332441	-0.189881	0.351198	-0.962951	0.000857
0.600000	-0.709314	0.356496	-0.209507	0.349783	-0.964376	0.003126
0.620000	-0.719840	0.376008	-0.226261	0.348578	-0.965638	0.005058
0.640000	-0.724671	0.389840	-0.239454	0.347625	-0.966706	0.006613
0.660000	-0.723197	0.396853	-0.248397	0.346963	-0.967549	0.007748
0.680000	-0.714811	0.395918	-0.252404	0.346630	-0.968138	0.008422
0.700000	-0.699384	0.386598	-0.251196	0.346644	-0.968456	0.008619
0.720000	-0.677729	0.369825	-0.245285	0.346973	-0.968520	0.008369
0.740000	-0.650769	0.346686	-0.235276	0.347581	-0.968349	0.007710
0.760000	-0.619424	0.318270	-0.221776	0.348432	-0.967963	0.006679
0.780000	-0.584615	0.285666	-0.205388	0.349491	-0.967381	0.005313
0.800000	-0.547265	0.249962	-0.186718	0.350720	-0.966623	0.003649
0.820000	-0.508295	0.212245	-0.166372	0.352085	-0.965708	0.001724
0.840000	-0.468626	0.173605	-0.144954	0.353548	-0.964655	-0.000425
0.860000	-0.429180	0.135131	-0.123071	0.355075	-0.963485	-0.002760
0.880000	-0.390878	0.097909	-0.101327	0.356628	-0.962216	-0.005245
0.900000	-0.354642	0.063029	-0.080326	0.358173	-0.960868	-0.007843
0.920000	-0.321393	0.031580	-0.060676	0.359672	-0.959460	-0.010517
0.940000	-0.292053	0.004648	-0.042980	0.361090	-0.958013	-0.013228
0.960000	-0.267543	-0.016676	-0.027845	0.362391	-0.956544	-0.015941
0.980000	-0.248784	-0.031305	-0.015875	0.363538	-0.955074	-0.018618
1.000000	-0.236698	-0.038151	-0.007675	0.364496	-0.953623	-0.021223
1.020000	-0.231911	-0.036473	-0.003681	0.365238	-0.952207	-0.023722
1.040000	-0.233839	-0.026957	-0.003635	0.365772	-0.950831	-0.026102
1.060000	-0.241588	-0.010650	-0.007100	0.366117	-0.949501	-0.028354
1.080000	-0.254268	0.011399	-0.013641	0.366290	-0.948219	-0.030468
1.100000	-0.270984	0.038142	-0.022822	0.366311	-0.946988	-0.032436
1.120000	-0.290846	0.068531	-0.034209	0.366198	-0.945812	-0.034249
1.140000	-0.312961	0.101517	-0.047364	0.365968	-0.944695	-0.035898
1.160000	-0.336436	0.136054	-0.061854	0.365641	-0.943640	-0.037373
1.180000	-0.360379	0.171092	-0.077241	0.365233	-0.942650	-0.038666
1.200000	-0.383898	0.205584	-0.093091	0.364764	-0.941729	-0.039768
1.220000	-0.406100	0.238481	-0.108968	0.364252	-0.940880	-0.040669
1.240000	-0.426093	0.268736	-0.124436	0.363715	-0.940107	-0.041360
1.260000	-0.442984	0.295300	-0.139060	0.363171	-0.939414	-0.041834
1.280000	-0.455882	0.317125	-0.152403	0.362638	-0.938803	-0.042079
1.300000	-0.463894	0.333162	-0.164032	0.362135	-0.938278	-0.042088
1.320000	-0.466127	0.342365	-0.173509	0.361681	-0.937843	-0.041851
1.340000	-0.461806	0.343815	-0.180446	0.361291	-0.937500	-0.041363
1.360000	-0.451204	0.337775	-0.184872	0.360969	-0.937251	-0.040641
1.380000	-0.435155	0.325132	-0.187039	0.360712	-0.937094	-0.039717
1.400000	-0.414494	0.306778	-0.187202	0.360515	-0.937030	-0.038624
1.420000	-0.390058	0.283608	-0.185613	0.360376	-0.937056	-0.037393
1.440000	-0.362683	0.256513	-0.182526	0.360290	-0.937173	-0.036056
1.460000	-0.333207	0.226388	-0.178196	0.360253	-0.937380	-0.034644
1.480000	-0.302467	0.194126	-0.172876	0.360262	-0.937676	-0.033191
1.500000	-0.271298	0.160619	-0.166820	0.360314	-0.938061	-0.031727
1.520000	-0.240538	0.126760	-0.160281	0.360403	-0.938533	-0.030284
1.540000	-0.211023	0.093443	-0.153515	0.360528	-0.939092	-0.028895
1.560000	-0.183590	0.061562	-0.146773	0.360683	-0.939737	-0.027590
1.580000	-0.159076	0.032008	-0.140311	0.360865	-0.940467	-0.026403
1.600000	-0.138317	0.005675	-0.134381	0.361071	-0.941283	-0.025365
1.620000	-0.122150	-0.016543	-0.129238	0.361297	-0.942182	-0.024507
1.640000	-0.111412	-0.033754	-0.125136	0.361538	-0.943165	-0.023862
1.660000	-0.106939	-0.045065	-0.122328	0.361792	-0.944230	-0.023462
1.680000	-0.109348	-0.049785	-0.121020	0.362054	-0.945375	-0.023330
1.700000	-0.118080	-0.048310	-0.121163	0.362325	-0.946585	-0.023449
1.720000	-0.132186	-0.041394	-0.122620	0.362604	-0.947840	-0.023789
1.740000	-0.150718	-0.029793	-0.125259	0.362892	-0.949122	-0.024319
1.760000	-0.172726	-0.014260	-0.128942	0.363188	-0.950413	-0.025008
1.780000	-0.197260	0.004448	-0.133536	0.363493	-0.951692	-0.025825
1.800000	-0.223374	0.025577	-0.138906	0.363806	-0.952942	-0.026739
1.820000	-0.250116	0.048372	-0.144917	0.364129	-0.954143	-0.027719
1.840000	-0.276538	0.072078	-0.151433	0.364460	-0.955276	-0.028735
1.860000	-0.301692	0.095940	-0.158321	0.364800	-0.956323	-0.029756
