0.000000	-0.424888	0.059477	-0.269127	0.344826	-0.946168	-0.022968
0.020000	-0.427865	0.071309	-0.256738	0.345808	-0.946409	-0.022800
0.040000	-0.430027	0.082770	-0.244127	0.346815	-0.946693	-0.022614
0.060000	-0.431206	0.093818	-0.231404	0.347829	-0.947018	-0.022409
0.080000	-0.431238	0.104411	-0.218678	0.348835	-0.947384	-0.022185
0.100000	-0.429956	0.114507	-0.206062	0.349814	-0.947789	-0.021941
0.120000	-0.427197	0.124065	-0.193663	0.350752	-0.948233	-0.021677
0.140000	-0.422794	0.133042	-0.181594	0.351629	-0.948714	-0.021393
0.160000	-0.416591	0.141402	-0.169963	0.352432	-0.949231	-0.021090
0.180000	-0.408639	0.149198	-0.158853	0.353156	-0.949779	-0.020766
0.200000	-0.399206	0.156578	-0.148322	0.353812	-0.950348	-0.020426
0.220000	-0.388570	0.163696	-0.138423	0.354412	-0.950926	-0.020072
0.240000	-0.377009	0.170705	-0.129213	0.354967	-0.951506	-0.019706
0.260000	-0.364800	0.177758	-0.120747	0.355488	-0.952075	-0.019331
0.280000	-0.352220	0.185007	-0.113079	0.355988	-0.952624	-0.018949
0.300000	-0.339549	0.192606	-0.106266	0.356477	-0.953143	-0.018563
0.320000	-0.327063	0.200708	-0.100363	0.356967	-0.953622	-0.018175
0.340000	-0.315040	0.209466	-0.095424	0.357468	-0.954049	-0.017788
0.360000	-0.303758	0.219033	-0.091506	0.357994	-0.954417	-0.017404
0.380000	-0.293494	0.229562	-0.088663	0.358554	-0.954713	-0.017026
0.400000	-0.284526	0.241205	-0.086950	0.359161	-0.954928	-0.016656
0.420000	-0.277132	0.254117	-0.086424	0.359826	-0.955052	-0.016297
0.440000	-0.271590	0.268450	-0.087138	0.360560	-0.955074	-0.015952
0.460000	-0.268177	0.284357	-0.089149	0.361375	-0.954984	-0.015622
0.480000	-0.267169	0.301988	-0.092512	0.362281	-0.954773	-0.015310
0.500000	-0.268644	0.321039	-0.097214	0.363279	-0.954438	-0.015020
0.520000	-0.272270	0.340286	-0.103111	0.364345	-0.953993	-0.014756
0.540000	-0.277671	0.358392	-0.110039	0.365453	-0.953454	-0.014523
0.560000	-0.284466	0.374021	-0.117836	0.366574	-0.952838	-0.014326
0.580000	-0.292277	0.385835	-0.126342	0.367684	-0.952159	-0.014171
0.600000	-0.300726	0.392498	-0.135392	0.368754	-0.951435	-0.014061
0.620000	-0.309432	0.392674	-0.144825	0.369759	-0.950682	-0.014002
0.640000	-0.318019	0.385026	-0.154479	0.370671	-0.949914	-0.013999
0.660000	-0.326106	0.368217	-0.164192	0.371465	-0.949149	-0.014056
0.680000	-0.333314	0.340911	-0.173801	0.372112	-0.948402	-0.014179
0.700000	-0.339266	0.301772	-0.183144	0.372587	-0.947690	-0.014372
0.720000	-0.343582	0.249461	-0.192060	0.372863	-0.947028	-0.014641
0.740000	-0.345883	0.182644	-0.200385	0.372913	-0.946432	-0.014990
0.760000	-0.345791	0.099983	-0.207957	0.372711	-0.945919	-0.015424
0.780000	-0.342927	0.000143	-0.214615	0.372229	-0.945505	-0.015948
0.800000	-0.337074	-0.117133	-0.220257	0.371455	-0.945200	-0.016562
0.820000	-0.328439	-0.249266	-0.224940	0.370415	-0.945000	-0.017252
0.840000	-0.317299	-0.393209	-0.228748	0.369140	-0.944899	-0.018001
0.860000	-0.303932	-0.545918	-0.231764	0.367661	-0.944892	-0.018792
0.880000	-0.288616	-0.704348	-0.234072	0.366008	-0.944972	-0.019610
0.900000	-0.271626	-0.865454	-0.235756	0.364215	-0.945133	-0.020438
0.920000	-0.253241	-1.026191	-0.236898	0.362311	-0.945369	-0.021259
0.940000	-0.233738	-1.183513	-0.237583	0.360328	-0.945674	-0.022057
0.960000	-0.213393	-1.334376	-0.237894	0.358297	-0.946043	-0.022815
0.980000	-0.192485	-1.475735	-0.237915	0.356250	-0.946468	-0.023518
1.000000	-0.171289	-1.604544	-0.237729	0.354217	-0.946944	-0.024149
1.020000	-0.150085	-1.717759	-0.237420	0.352231	-0.947465	-0.024691
1.040000	-0.129148	-1.812335	-0.237071	0.350322	-0.948025	-0.025127
1.060000	-0.108756	-1.885226	-0.236765	0.348522	-0.948618	-0.025443
1.080000	-0.089186	-1.933388	-0.236587	0.346861	-0.949237	-0.025620
1.100000	-0.070715	-1.953775	-0.236620	0.345372	-0.949878	-0.025643
1.120000	-0.053595	-1.944049	-0.236920	0.344080	-0.950531	-0.025501
1.140000	-0.037929	-1.905841	-0.237382	0.342987	-0.951187	-0.025217
1.160000	-0.023770	-1.842176	-0.237848	0.342086	-0.951832	-0.024825
1.180000	-0.011170	-1.756080	-0.238160	0.341368	-0.952451	-0.024362
1.200000	-0.000182	-1.650577	-0.238158	0.340825	-0.953032	-0.023860
1.220000	0.009143	-1.528693	-0.237683	0.340450	-0.953560	-0.023356
1.240000	0.016751	-1.393454	-0.236576	0.340235	-0.954023	-0.022883
1.260000	0.022591	-1.247885	-0.234679	0.340172	-0.954407	-0.022476
1.280000	0.026610	-1.095011	-0.231832	0.340253	-0.954699	-0.022171
1.300000	0.028756	-0.937858	-0.227877	0.340471	-0.954885	-0.022001
1.320000	0.028977	-0.779451	-0.222654	0.340817	-0.954951	-0.022002
1.340000	0.027219	-0.622815	-0.216005	0.341285	-0.954883	-0.022208
1.360000	0.023432	-0.470977	-0.207770	0.341865	-0.954670	-0.022654
1.380000	0.017561	-0.326960	-0.197791	0.342550	-0.954296	-0.023374
1.400000	0.009556	-0.193791	-0.185909	0.343333	-0.953749	-0.024404
1.420000	-0.000615	-0.074183	-0.172007	0.344205	-0.953019	-0.025770
1.440000	-0.012820	0.031512	-0.156277	0.345154	-0.952123	-0.027435
1.460000	-0.026852	0.124015	-0.139057	0.346166	-0.951093	-0.029335
1.480000	-0.042506	0.204054	-0.120684	0.347228	-0.949960	-0.031407
1.500000	-0.059575	0.272357	-0.101495	0.348326	-0.948754	-0.033584
1.520000	-0.077853	0.329652	-0.081827	0.349447	-0.947507	-0.035803
1.540000	-0.097132	0.376667	-0.062017	0.350577	-0.946250	-0.037998
1.560000	-0.117207	0.414130	-0.042402	0.351702	-0.945013	-0.040106
1.580000	-0.137871	0.442768	-0.023319	0.352809	-0.943828	-0.042062
1.600000	-0.158917	0.463311	-0.005106	0.353884	-0.942726	-0.043800
1.620000	-0.180140	0.476484	0.011902	0.354913	-0.941736	-0.045257
1.640000	-0.201333	0.483018	0.027365	0.355883	-0.940892	-0.046367
1.660000	-0.222289	0.483638	0.040948	0.356780	-0.940223	-0.047067
1.680000	-0.242801	0.479074	0.052313	0.357591	-0.939760	-0.047291
1.700000	-0.262665	0.470053	0.061124	0.358302	-0.939535	-0.046975
1.720000	-0.281672	0.457303	0.067043	0.358898	-0.939579	-0.046055
1.740000	-0.299623	0.441544	0.069749	0.359368	-0.939920	-0.044469
1.760000	-0.316436	0.423329	0.069246	0.359709	-0.940554	-0.042236
1.780000	-0.332135	0.403064	0.065828	0.359930	-0.941448	-0.039443
1.800000	-0.346751	0.381149	0.059797	0.360040	-0.942565	-0.036182
1.820000	-0.360311	0.357985	0.051459	0.360047	-0.943871	-0.032543
1.840000	-0.372844	0.333971	0.041118	0.359960	-0.945331	-0.028617
1.860000	-0.384380	0.309507	0.029078	0.359788	-0.946908	-0.024495
