0.000000	-0.244530	0.237130	-0.144645	0.068824	-0.954858	0.079638
0.020000	-0.242071	0.232239	-0.147992	0.068955	-0.954800	0.079317
0.040000	-0.238618	0.225009	-0.151976	0.068976	-0.955014	0.079111
0.060000	-0.234356	0.215780	-0.156500	0.068898	-0.955479	0.079008
0.080000	-0.229469	0.204895	-0.161467	0.068734	-0.956174	0.078995
0.100000	-0.224144	0.192695	-0.166782	0.068496	-0.957078	0.079058
0.120000	-0.218566	0.179523	-0.172347	0.068197	-0.958168	0.079184
0.140000	-0.212919	0.165720	-0.178066	0.067849	-0.959424	0.079361
0.160000	-0.207389	0.151629	-0.183842	0.067464	-0.960825	0.079574
0.180000	-0.202161	0.137592	-0.189579	0.067054	-0.962348	0.079812
0.200000	-0.197421	0.123949	-0.195181	0.066632	-0.963974	0.080062
0.220000	-0.193353	0.111044	-0.200549	0.066210	-0.965680	0.080309
0.240000	-0.190143	0.099219	-0.205589	0.065800	-0.967444	0.080541
0.260000	-0.187975	0.088814	-0.210203	0.065414	-0.969247	0.080745
0.280000	-0.187036	0.080173	-0.214295	0.065065	-0.971066	0.080909
0.300000	-0.187510	0.073637	-0.217769	0.064765	-0.972880	0.081018
0.320000	-0.189583	0.069549	-0.220527	0.064526	-0.974668	0.081059
0.340000	-0.193421	0.068226	-0.222480	0.064360	-0.976409	0.081022
0.360000	-0.198935	0.069660	-0.223628	0.064268	-0.978092	0.080910
0.380000	-0.205847	0.073602	-0.224040	0.064247	-0.979713	0.080739
0.400000	-0.213874	0.079798	-0.223785	0.064289	-0.981267	0.080527
0.420000	-0.222734	0.087992	-0.222932	0.064391	-0.982752	0.080290
0.440000	-0.232144	0.097929	-0.221551	0.064546	-0.984161	0.080046
0.460000	-0.241821	0.109355	-0.219712	0.064750	-0.985492	0.079809
0.480000	-0.251484	0.122014	-0.217483	0.064996	-0.986741	0.079598
0.500000	-0.260848	0.135652	-0.214934	0.065281	-0.987903	0.079429
0.520000	-0.269633	0.150013	-0.212135	0.065597	-0.988975	0.079319
0.540000	-0.277554	0.164844	-0.209156	0.065941	-0.989952	0.079284
0.560000	-0.284330	0.179888	-0.206064	0.066307	-0.990830	0.079341
0.580000	-0.289678	0.194892	-0.202931	0.066689	-0.991605	0.079507
0.600000	-0.293315	0.209599	-0.199826	0.067082	-0.992274	0.079799
0.620000	-0.294959	0.223756	-0.196817	0.067481	-0.992831	0.080233
0.640000	-0.294328	0.237108	-0.193975	0.067880	-0.993274	0.080826
0.660000	-0.291138	0.249398	-0.191369	0.068275	-0.993598	0.081595
0.680000	-0.285166	0.260393	-0.189059	0.068659	-0.993800	0.082552
0.700000	-0.276655	0.270009	-0.187036	0.069027	-0.993883	0.083680
0.720000	-0.266068	0.278234	-0.185257	0.069373	-0.993854	0.084945
0.740000	-0.253866	0.285058	-0.183679	0.069689	-0.993721	0.086316
0.760000	-0.240514	0.290470	-0.182259	0.069971	-0.993490	0.087758
0.780000	-0.226473	0.294458	-0.180955	0.070211	-0.993169	0.089240
0.800000	-0.212208	0.297013	-0.179722	0.070403	-0.992763	0.090729
0.820000	-0.198182	0.298122	-0.178519	0.070541	-0.992280	0.092191
0.840000	-0.184856	0.297776	-0.177303	0.070618	-0.991727	0.093595
0.860000	-0.172696	0.295963	-0.176030	0.070629	-0.991111	0.094907
0.880000	-0.162163	0.292672	-0.174658	0.070566	-0.990438	0.096095
0.900000	-0.153721	0.287892	-0.173143	0.070424	-0.989716	0.097126
0.920000	-0.147833	0.281613	-0.171443	0.070196	-0.988952	0.097967
0.940000	-0.144962	0.273823	-0.169515	0.069876	-0.988152	0.098585
0.960000	-0.145569	0.264513	-0.167317	0.069457	-0.987323	0.098948
0.980000	-0.149863	0.253756	-0.164828	0.068943	-0.986471	0.099042
1.000000	-0.157591	0.241778	-0.162075	0.068350	-0.985604	0.098888
1.020000	-0.168451	0.228823	-0.159088	0.067700	-0.984725	0.098510
1.040000	-0.182139	0.215134	-0.155897	0.067011	-0.983840	0.097932
1.060000	-0.198355	0.200954	-0.152530	0.066304	-0.982955	0.097180
1.080000	-0.216795	0.186526	-0.149020	0.065599	-0.982076	0.096277
1.100000	-0.237156	0.172094	-0.145394	0.064916	-0.981207	0.095248
1.120000	-0.259137	0.157901	-0.141684	0.064273	-0.980355	0.094117
1.140000	-0.282434	0.144190	-0.137920	0.063692	-0.979525	0.092908
1.160000	-0.306745	0.131204	-0.134130	0.063193	-0.978723	0.091647
1.180000	-0.331769	0.119187	-0.130346	0.062794	-0.977953	0.090358
1.200000	-0.357201	0.108382	-0.126597	0.062516	-0.977222	0.089064
1.220000	-0.382740	0.099032	-0.122913	0.062379	-0.976535	0.087791
1.240000	-0.408084	0.091380	-0.119324	0.062402	-0.975898	0.086563
1.260000	-0.432929	0.085669	-0.115860	0.062606	-0.975316	0.085404
1.280000	-0.456975	0.082127	-0.112551	0.063009	-0.974794	0.084337
1.300000	-0.479937	0.080719	-0.109424	0.063604	-0.974334	0.083372
1.320000	-0.501544	0.081215	-0.106505	0.064367	-0.973936	0.082505
1.340000	-0.521526	0.083375	-0.103819	0.065272	-0.973598	0.081733
1.360000	-0.539613	0.086962	-0.101391	0.066292	-0.973318	0.081051
1.380000	-0.555535	0.091737	-0.099248	0.067403	-0.973097	0.080458
1.400000	-0.569020	0.097462	-0.097415	0.068579	-0.972933	0.079949
1.420000	-0.579799	0.103899	-0.095916	0.069794	-0.972825	0.079521
1.440000	-0.587601	0.110810	-0.094779	0.071023	-0.972772	0.079171
1.460000	-0.592156	0.117957	-0.094027	0.072239	-0.972773	0.078895
1.480000	-0.593193	0.125102	-0.093687	0.073417	-0.972826	0.078689
1.500000	-0.590442	0.132006	-0.093784	0.074532	-0.972932	0.078551
1.520000	-0.583633	0.138431	-0.094343	0.075557	-0.973088	0.078477
1.540000	-0.572495	0.144140	-0.095391	0.076468	-0.973294	0.078463
1.560000	-0.556757	0.148893	-0.096952	0.077238	-0.973549	0.078507
1.580000	-0.536150	0.152454	-0.099052	0.077842	-0.973852	0.078604
1.600000	-0.510547	0.154625	-0.101700	0.078259	-0.974200	0.078751
1.620000	-0.480553	0.155422	-0.104826	0.078496	-0.974587	0.078941
1.640000	-0.446999	0.154927	-0.108333	0.078566	-0.975005	0.079170
1.660000	-0.410719	0.153222	-0.112124	0.078485	-0.975446	0.079429
1.680000	-0.372545	0.150388	-0.116103	0.078266	-0.975902	0.079714
1.700000	-0.333311	0.146508	-0.120174	0.077923	-0.976364	0.080016
1.720000	-0.293850	0.141663	-0.124241	0.077472	-0.976825	0.080330
1.740000	-0.254994	0.135935	-0.128206	0.076927	-0.977275	0.080650
1.760000	-0.217576	0.129406	-0.131973	0.076301	-0.977708	0.080968
1.780000	-0.182430	0.122158	-0.135447	0.075610	-0.978115	0.081279
1.800000	-0.150388	0.114273	-0.138529	0.074867	-0.978488	0.081576
1.820000	-0.122284	0.105832	-0.141125	0.074087	-0.978818	0.081852
1.840000	-0.098949	0.096918	-0.143138	0.073284	-0.979098	0.082102
1.860000	-0.081218	0.087612	-0.144471	0.072473	-0.979319	0.082318
1.880000	-0.069923	0.077996	-0.145028	0.071668	-0.979473	0.082494
1.900000	-0.065741	0.068161	-0.144733	0.070883	-0.979554	0.082625
1.920000	-0.068301	0.058259	-0.143660	0.070126	-0.979566	0.082711
1.940000	-0.076803	0.048465	-0.141940	0.069402	-0.979517	0.082756
1.960000	-0.090443	0.038956	-0.139706	0.068718	-0.979414	0.082763
1.980000	-0.108418	0.029909	-0.137090	0.068079	-0.979267	0.082736
2.000000	-0.129926	0.021499	-0.134224	0.067492	-0.979084	0.082678
2.020000	-0.154162	0.013902	-0.131241	0.066963	-0.978873	0.082592
2.040000	-0.180324	0.007296	-0.128273	0.066497	-0.978642	0.082482
2.060000	-0.207610	0.001857	-0.125453	0.066101	-0.978399	0.082351
2.080000	-0.235215	-0.002240	-0.122913	0.065780	-0.978154	0.082202
2.100000	-0.262337	-0.004818	-0.120785	0.065541	-0.977913	0.082039
2.120000	-0.288173	-0.005700	-0.119202	0.065389	-0.977685	0.081865
2.140000	-0.311920	-0.004711	-0.118296	0.065330	-0.977479	0.081684
2.160000	-0.332775	-0.001674	-0.118200	0.065371	-0.977303	0.081499
2.180000	-0.349935	0.003588	-0.119046	0.065517	-0.977165	0.081314
2.200000	-0.362597	0.011250	-0.120966	0.065774	-0.977074	0.081131
2.220000	-0.370005	0.021472	-0.124083	0.066148	-0.977036	0.080954
2.240000	-0.372175	0.034126	-0.128343	0.066632	-0.977056	0.080786
2.260000	-0.369758	0.048850	-0.133553	0.067211	-0.977130	0.080630
2.280000	-0.363426	0.065275	-0.139511	0.067869	-0.977256	0.080489
2.300000	-0.353846	0.083032	-0.146020	0.068591	-0.977432	0.080365
2.320000	-0.341688	0.101753	-0.152879	0.069362	-0.977657	0.080262
2.340000	-0.327623	0.121067	-0.159890	0.070165	-0.977926	0.080182
2.360000	-0.312319	0.140605	-0.166852	0.070985	-0.978240	0.080127
2.380000	-0.296448	0.160000	-0.173568	0.071806	-0.978594	0.080101
2.400000	-0.280677	0.178881	-0.179836	0.072612	-0.978987	0.080106
2.420000	-0.265677	0.196880	-0.185458	0.073389	-0.979416	0.080145
2.440000	-0.252118	0.213627	-0.190234	0.074120	-0.979880	0.080221
2.460000	-0.240668	0.228754	-0.193966	0.074790	-0.980376	0.080336
2.480000	-0.231998	0.241892	-0.196453	0.075382	-0.980901	0.080494
2.500000	-0.226778	0.252671	-0.197497	0.075882	-0.981454	0.080697
2.520000	-0.225677	0.260722	-0.196897	0.076274	-0.982032	0.080948
2.540000	-0.229364	0.265677	-0.194455	0.076542	-0.982634	0.081249
2.560000	-0.238509	0.267167	-0.189972	0.076671	-0.983256	0.081604
2.580000	-0.253340	0.265034	-0.183399	0.076652	-0.983895	0.082012
2.600000	-0.272996	0.259647	-0.175061	0.076498	-0.984543	0.082467
2.620000	-0.296445	0.251458	-0.165341	0.076223	-0.985192	0.082961
2.640000	-0.322657	0.240914	-0.154622	0.075842	-0.985833	0.083485
2.660000	-0.350602	0.228466	-0.143286	0.075369	-0.986459	0.084033
2.680000	-0.379250	0.214564	-0.131717	0.074820	-0.987060	0.084596
2.700000	-0.407570	0.199656	-0.120297	0.074209	-0.987630	0.085167
2.720000	-0.434532	0.184194	-0.109409	0.073552	-0.988158	0.085737
2.740000	-0.459105	0.168626	-0.099435	0.072861	-0.988637	0.086299
2.760000	-0.480260	0.153402	-0.090759	0.072153	-0.989059	0.086844
2.780000	-0.496966	0.138972	-0.083763	0.071443	-0.989416	0.087366
2.800000	-0.508192	0.125785	-0.078830	0.070744	-0.989698	0.087857
2.820000	-0.512908	0.114292	-0.076343	0.070071	-0.989898	0.088307
2.840000	-0.510088	0.104940	-0.076682	0.069440	-0.990007	0.088711
2.860000	-0.499276	0.097990	-0.080020	0.068860	-0.990021	0.089060
2.880000	-0.481189	0.093313	-0.086094	0.068334	-0.989945	0.089353
2.900000	-0.456691	0.090732	-0.094591	0.067860	-0.989782	0.089585
2.920000	-0.426643	0.090071	-0.105194	0.067440	-0.989540	0.089754
2.940000	-0.391909	0.091154	-0.117589	0.067074	-0.989221	0.089856
2.960000	-0.353351	0.093805	-0.131462	0.066761	-0.988833	0.089889
2.980000	-0.311832	0.097847	-0.146497	0.066503	-0.988379	0.089849
3.000000	-0.268214	0.103103	-0.162380	0.066298	-0.987864	0.089734
3.020000	-0.223360	0.109399	-0.178796	0.066148	-0.987295	0.089539
3.040000	-0.178132	0.116556	-0.195430	0.066053	-0.986676	0.089263
3.060000	-0.133393	0.124399	-0.211967	0.066013	-0.986012	0.088902
3.080000	-0.090007	0.132751	-0.228093	0.066028	-0.985308	0.088453
3.100000	-0.048834	0.141436	-0.243492	0.066098	-0.984570	0.087913
3.120000	-0.010738	0.150279	-0.257850	0.066224	-0.983802	0.087279
3.140000	0.023418	0.159101	-0.270853	0.066406	-0.983010	0.086547
3.160000	0.052772	0.167728	-0.282184	0.066644	-0.982198	0.085715
3.180000	0.076645	0.176013	-0.291596	0.066936	-0.981374	0.084783
3.200000	0.095154	0.183948	-0.299123	0.067276	-0.980552	0.083760
