0.000000	-0.814747	0.713486	-0.196982	0.454092	-1.193870	-0.484099
0.020000	-0.595369	0.867192	0.016130	0.458720	-1.200328	-0.482079
0.040000	-0.382139	1.017468	0.227962	0.462996	-1.205442	-0.478933
0.060000	-0.178131	1.163775	0.433955	0.466908	-1.209226	-0.474764
0.080000	0.013581	1.305573	0.629553	0.470443	-1.211694	-0.469673
0.100000	0.189923	1.442321	0.810196	0.473590	-1.212861	-0.463763
0.120000	0.347822	1.573479	0.971328	0.476336	-1.212742	-0.457134
0.140000	0.484202	1.698508	1.108390	0.478670	-1.211351	-0.449890
0.160000	0.595991	1.816867	1.216825	0.480580	-1.208703	-0.442130
0.180000	0.680115	1.928015	1.292076	0.482052	-1.204812	-0.433959
0.200000	0.734456	2.031479	1.330613	0.483072	-1.199690	-0.425468
0.220000	0.762107	2.127134	1.334506	0.483593	-1.193329	-0.416708
0.240000	0.767923	2.214978	1.307720	0.483563	-1.185717	-0.407715
0.260000	0.756763	2.295008	1.254223	0.482927	-1.176841	-0.398524
0.280000	0.733483	2.367219	1.177980	0.481634	-1.166688	-0.389170
0.300000	0.702941	2.431609	1.082959	0.479628	-1.155244	-0.379689
0.320000	0.669994	2.488174	0.973126	0.476857	-1.142499	-0.370116
0.340000	0.639499	2.536911	0.852449	0.473267	-1.128437	-0.360486
0.360000	0.616314	2.577816	0.724894	0.468804	-1.113046	-0.350835
0.380000	0.605295	2.610887	0.594427	0.463416	-1.096314	-0.341198
0.400000	0.611301	2.636120	0.465017	0.457048	-1.078228	-0.331610
0.420000	0.639189	2.653511	0.340629	0.449647	-1.058774	-0.322107
0.440000	0.693816	2.663058	0.225230	0.441159	-1.037939	-0.312725
0.460000	0.780038	2.664756	0.122787	0.431532	-1.015712	-0.303498
0.480000	0.902714	2.658603	0.037267	0.420711	-0.992078	-0.294461
0.500000	1.065734	2.644637	-0.027874	0.408667	-0.967060	-0.285648
0.520000	1.265955	2.623189	-0.072899	0.395547	-0.940936	-0.277065
0.540000	1.497122	2.594726	-0.099714	0.381575	-0.914096	-0.268710
0.560000	1.752972	2.559711	-0.110231	0.366977	-0.886930	-0.260578
0.580000	2.027238	2.518609	-0.106363	0.351976	-0.859829	-0.252667
0.600000	2.313653	2.471886	-0.090024	0.336798	-0.833184	-0.244973
0.620000	2.605952	2.420006	-0.063126	0.321668	-0.807385	-0.237494
0.640000	2.897868	2.363434	-0.027582	0.306810	-0.782824	-0.230225
0.660000	3.183137	2.302636	0.014696	0.292450	-0.759891	-0.223163
0.680000	3.455490	2.238075	0.061793	0.278811	-0.738977	-0.216306
0.700000	3.708664	2.170217	0.111798	0.266119	-0.720473	-0.209650
0.720000	3.936391	2.099526	0.162797	0.254599	-0.704769	-0.203191
0.740000	4.132405	2.026468	0.212878	0.244476	-0.692256	-0.196926
0.760000	4.290441	1.951507	0.260127	0.235973	-0.683325	-0.190852
0.780000	4.404232	1.875109	0.302632	0.229317	-0.678366	-0.184966
0.800000	4.467513	1.797737	0.338480	0.224732	-0.677771	-0.179265
0.820000	4.474017	1.719858	0.365757	0.222442	-0.681930	-0.173744
0.840000	4.419423	1.641849	0.382979	0.222596	-0.691064	-0.168404
0.860000	4.307903	1.563716	0.390523	0.225001	-0.704651	-0.163257
0.880000	4.145952	1.485359	0.389277	0.229374	-0.721969	-0.158318
0.900000	3.940065	1.406681	0.380130	0.235430	-0.742292	-0.153604
0.920000	3.696734	1.327583	0.363971	0.242885	-0.764898	-0.149128
0.940000	3.422455	1.247967	0.341686	0.251456	-0.789062	-0.144908
0.960000	3.123721	1.167735	0.314165	0.260858	-0.814059	-0.140959
0.980000	2.807026	1.086787	0.282295	0.270808	-0.839168	-0.137295
1.000000	2.478864	1.005027	0.246964	0.281020	-0.863663	-0.133933
1.020000	2.145729	0.922354	0.209061	0.291212	-0.886820	-0.130889
1.040000	1.814116	0.838672	0.169474	0.301099	-0.907916	-0.128178
1.060000	1.490518	0.753882	0.129091	0.310398	-0.926227	-0.125814
1.080000	1.181430	0.667885	0.088800	0.318823	-0.941028	-0.123815
1.100000	0.893345	0.580584	0.049489	0.326091	-0.951597	-0.122196
1.120000	0.632757	0.491879	0.012047	0.331919	-0.957208	-0.120972
1.140000	0.405029	0.401679	-0.022735	0.336071	-0.957292	-0.120155
1.160000	0.208963	0.309930	-0.054619	0.338598	-0.952164	-0.119741
1.180000	0.041008	0.216591	-0.083566	0.339654	-0.942460	-0.119720
1.200000	-0.102395	0.121620	-0.109541	0.339394	-0.928815	-0.120080
1.220000	-0.224800	0.024978	-0.132504	0.337971	-0.911865	-0.120810
1.240000	-0.329765	-0.073378	-0.152419	0.335539	-0.892244	-0.121899
1.260000	-0.420845	-0.173487	-0.169248	0.332253	-0.870589	-0.123337
1.280000	-0.501597	-0.275391	-0.182954	0.328265	-0.847534	-0.125113
1.300000	-0.575577	-0.379130	-0.193498	0.323731	-0.823715	-0.127215
1.320000	-0.646341	-0.484745	-0.200843	0.318804	-0.799769	-0.129634
1.340000	-0.717445	-0.592278	-0.204952	0.313638	-0.776329	-0.132357
1.360000	-0.792447	-0.701768	-0.205787	0.308387	-0.754031	-0.135374
1.380000	-0.874902	-0.813258	-0.203311	0.303205	-0.733512	-0.138674
1.400000	-0.968366	-0.926787	-0.197486	0.298247	-0.715406	-0.142247
1.420000	-1.076396	-1.042397	-0.188274	0.293665	-0.700349	-0.146080
1.440000	-1.202548	-1.160128	-0.175638	0.289614	-0.688976	-0.150164
1.460000	-1.350378	-1.280022	-0.159540	0.286248	-0.681923	-0.154488
1.480000	-1.521870	-1.401826	-0.140091	0.283686	-0.679623	-0.159045
1.500000	-1.713480	-1.524264	-0.117925	0.281921	-0.681803	-0.163843
1.520000	-1.920451	-1.645831	-0.093791	0.280920	-0.688033	-0.168897
1.540000	-2.138025	-1.765023	-0.068435	0.280650	-0.697883	-0.174217
1.560000	-2.361444	-1.880338	-0.042607	0.281078	-0.710924	-0.179817
1.580000	-2.585950	-1.990270	-0.017054	0.282169	-0.726726	-0.185708
1.600000	-2.806785	-2.093317	0.007474	0.283891	-0.744860	-0.191905
1.620000	-3.019193	-2.187976	0.030231	0.286210	-0.764896	-0.198418
1.640000	-3.218414	-2.272741	0.050468	0.289093	-0.786404	-0.205260
1.660000	-3.399692	-2.346110	0.067436	0.292507	-0.808955	-0.212445
1.680000	-3.558268	-2.406579	0.080387	0.296417	-0.832119	-0.219983
1.700000	-3.689384	-2.452644	0.088573	0.300792	-0.855466	-0.227889
1.720000	-3.788284	-2.482802	0.091247	0.305597	-0.878567	-0.236173
1.740000	-3.850208	-2.495548	0.087659	0.310798	-0.900993	-0.244850
1.760000	-3.870400	-2.489380	0.077062	0.316364	-0.922313	-0.253931
1.780000	-3.845443	-2.463310	0.058968	0.322253	-0.942164	-0.263416
1.800000	-3.778160	-2.418756	0.034102	0.328393	-0.960488	-0.273251
1.820000	-3.673182	-2.357831	0.003542	0.334703	-0.977316	-0.283363
1.840000	-3.535142	-2.282650	-0.031636	0.341103	-0.992681	-0.293682
1.860000	-3.368671	-2.195327	-0.070353	0.347511	-1.006612	-0.304135
1.880000	-3.178403	-2.097977	-0.111534	0.353845	-1.019140	-0.314652
1.900000	-2.968968	-1.992713	-0.154100	0.360025	-1.030298	-0.325160
1.920000	-2.745000	-1.881649	-0.196975	0.365969	-1.040117	-0.335589
1.940000	-2.511130	-1.766901	-0.239082	0.371597	-1.048626	-0.345865
1.960000	-2.271990	-1.650582	-0.279343	0.376827	-1.055859	-0.355919
1.980000	-2.032214	-1.534807	-0.316680	0.381578	-1.061845	-0.365678
2.000000	-1.796432	-1.421689	-0.350018	0.385768	-1.066616	-0.375071
2.020000	-1.569278	-1.313343	-0.378279	0.389317	-1.070203	-0.384027
2.040000	-1.355383	-1.211884	-0.400385	0.392143	-1.072637	-0.392473
2.060000	-1.159380	-1.119425	-0.415260	0.394166	-1.073950	-0.400339
2.080000	-0.985901	-1.038081	-0.421826	0.395304	-1.074173	-0.407552
2.100000	-0.839575	-0.969965	-0.419007	0.395476	-1.073336	-0.414041
2.120000	-0.723303	-0.916285	-0.406260	0.394646	-1.071505	-0.419767
2.140000	-0.635072	-0.875680	-0.384554	0.392907	-1.068835	-0.424780
2.160000	-0.572003	-0.846336	-0.355129	0.390375	-1.065500	-0.429146
2.180000	-0.531218	-0.826438	-0.319222	0.387166	-1.061673	-0.432931
2.200000	-0.509837	-0.814173	-0.278070	0.383395	-1.057528	-0.436202
2.220000	-0.504982	-0.807726	-0.232910	0.379178	-1.053237	-0.439025
2.240000	-0.513775	-0.805283	-0.184982	0.374631	-1.048974	-0.441467
2.260000	-0.533336	-0.805029	-0.135522	0.369869	-1.044913	-0.443593
2.280000	-0.560786	-0.805152	-0.085768	0.365009	-1.041226	-0.445471
2.300000	-0.593248	-0.803836	-0.036957	0.360165	-1.038087	-0.447165
2.320000	-0.627843	-0.799268	0.009672	0.355455	-1.035668	-0.448744
2.340000	-0.661691	-0.789633	0.052883	0.350992	-1.034144	-0.450272
2.360000	-0.691914	-0.773117	0.091436	0.346894	-1.033688	-0.451816
2.380000	-0.715633	-0.747906	0.124096	0.343275	-1.034472	-0.453443
2.400000	-0.729970	-0.712186	0.149623	0.340252	-1.036670	-0.455219
2.420000	-0.732097	-0.664182	0.166811	0.337937	-1.040448	-0.457207
2.440000	-0.720762	-0.603351	0.175378	0.336351	-1.045752	-0.459385
2.460000	-0.696545	-0.530577	0.176120	0.335409	-1.052271	-0.461629
2.480000	-0.660127	-0.446826	0.169892	0.335019	-1.059681	-0.463810
2.500000	-0.612191	-0.353064	0.157550	0.335090	-1.067657	-0.465800
2.520000	-0.553420	-0.250256	0.139950	0.335529	-1.075874	-0.467470
2.540000	-0.484496	-0.139368	0.117948	0.336246	-1.084008	-0.468690
2.560000	-0.406102	-0.021365	0.092400	0.337149	-1.091733	-0.469333
2.580000	-0.318919	0.102787	0.064162	0.338146	-1.098725	-0.469269
2.600000	-0.223631	0.232122	0.034090	0.339145	-1.104659	-0.468369
2.620000	-0.120919	0.365675	0.003039	0.340056	-1.109211	-0.466504
2.640000	-0.011466	0.502480	-0.028134	0.340786	-1.112055	-0.463546
2.660000	0.104045	0.641571	-0.058574	0.341244	-1.112866	-0.459365
2.680000	0.224932	0.781983	-0.087424	0.341338	-1.111321	-0.453834
2.700000	0.350512	0.922751	-0.113829	0.340977	-1.107094	-0.446822
2.720000	0.480104	1.062908	-0.136933	0.340069	-1.099860	-0.438202
2.740000	0.613025	1.201489	-0.155882	0.338523	-1.089296	-0.427844
2.760000	0.748677	1.337692	-0.170269	0.336295	-1.075298	-0.415727
2.780000	0.886659	1.471084	-0.180720	0.333448	-1.058273	-0.402077
2.800000	1.026593	1.601288	-0.188003	0.330063	-1.038697	-0.387152
2.820000	1.168106	1.727923	-0.192891	0.326220	-1.017050	-0.371213
