0.000000	1.125121	1.710811	0.054104	0.417435	-1.020424	-0.345225
0.020000	1.229624	1.790094	0.070379	0.417602	-1.017204	-0.337979
0.040000	1.352493	1.867823	0.093405	0.417188	-1.010129	-0.329184
0.060000	1.494379	1.943209	0.123738	0.416124	-0.998946	-0.318785
0.080000	1.651993	2.014886	0.160385	0.414457	-0.984107	-0.306961
0.100000	1.821243	2.081370	0.202040	0.412259	-0.966207	-0.293937
0.120000	1.998038	2.141179	0.247395	0.409599	-0.945840	-0.279938
0.140000	2.178285	2.192829	0.295142	0.406549	-0.923604	-0.265189
0.160000	2.357893	2.234837	0.343974	0.403179	-0.900091	-0.249916
0.180000	2.532769	2.265719	0.392584	0.399559	-0.875899	-0.234343
0.200000	2.698822	2.283993	0.439664	0.395760	-0.851621	-0.218696
0.220000	2.851961	2.288176	0.483908	0.391853	-0.827854	-0.203199
0.240000	2.988093	2.276783	0.524006	0.387908	-0.805192	-0.188079
0.260000	3.103126	2.248332	0.558653	0.383996	-0.784231	-0.173559
0.280000	3.192968	2.201339	0.586540	0.380187	-0.765565	-0.159866
0.300000	3.253529	2.134322	0.606361	0.376553	-0.749791	-0.147225
0.320000	3.280715	2.045796	0.616808	0.373162	-0.737503	-0.135860
0.340000	3.270435	1.934280	0.616573	0.370087	-0.729296	-0.125996
0.360000	3.218692	1.798348	0.604378	0.367397	-0.725755	-0.117856
0.380000	3.125286	1.638958	0.580137	0.365129	-0.726991	-0.111481
0.400000	2.995022	1.460203	0.545330	0.363276	-0.732500	-0.106682
0.420000	2.833048	1.266392	0.501546	0.361831	-0.741732	-0.103252
0.440000	2.644511	1.061834	0.450373	0.360785	-0.754139	-0.100987
0.460000	2.434558	0.850835	0.393400	0.360128	-0.769172	-0.099678
0.480000	2.208335	0.637706	0.332214	0.359852	-0.786283	-0.099121
0.500000	1.970990	0.426753	0.268403	0.359948	-0.804922	-0.099110
0.520000	1.727669	0.222286	0.203557	0.360408	-0.824542	-0.099437
0.540000	1.483521	0.028612	0.139264	0.361221	-0.844593	-0.099897
0.560000	1.243692	-0.149960	0.077111	0.362380	-0.864528	-0.100285
0.580000	1.013328	-0.309123	0.018688	0.363876	-0.883796	-0.100393
0.600000	0.797578	-0.444567	-0.034418	0.365700	-0.901851	-0.100015
0.620000	0.601587	-0.551984	-0.080619	0.367843	-0.918143	-0.098947
0.640000	0.430504	-0.627067	-0.118325	0.370296	-0.932123	-0.096980
0.660000	0.288593	-0.666396	-0.146227	0.373047	-0.943338	-0.093949
0.680000	0.175090	-0.671638	-0.164593	0.376061	-0.951868	-0.089904
0.700000	0.087440	-0.646259	-0.174255	0.379295	-0.957988	-0.084977
0.720000	0.023092	-0.593731	-0.176045	0.382707	-0.961970	-0.079296
0.740000	-0.020508	-0.517523	-0.170795	0.386254	-0.964088	-0.072994
0.760000	-0.045915	-0.421104	-0.159337	0.389894	-0.964614	-0.066199
0.780000	-0.055681	-0.307946	-0.142503	0.393584	-0.963821	-0.059041
0.800000	-0.052361	-0.181519	-0.121125	0.397283	-0.961983	-0.051652
0.820000	-0.038507	-0.045291	-0.096034	0.400947	-0.959372	-0.044161
0.840000	-0.016675	0.097266	-0.068063	0.404533	-0.956262	-0.036698
0.860000	0.010584	0.242682	-0.038044	0.408000	-0.952925	-0.029394
0.880000	0.040714	0.387489	-0.006807	0.411305	-0.949636	-0.022378
0.900000	0.071163	0.528214	0.024814	0.414405	-0.946666	-0.015782
0.920000	0.099377	0.661389	0.055988	0.417257	-0.944289	-0.009734
0.940000	0.122802	0.783544	0.085883	0.419820	-0.942777	-0.004366
0.960000	0.138884	0.891208	0.113667	0.422051	-0.942405	0.000192
0.980000	0.145071	0.980911	0.138508	0.423907	-0.943445	0.003811
1.000000	0.139594	1.050049	0.159816	0.425349	-0.946041	0.006394
1.020000	0.123411	1.099022	0.177836	0.426344	-0.949893	0.007961
1.040000	0.098073	1.128877	0.192997	0.426865	-0.954603	0.008560
1.060000	0.065128	1.140667	0.205725	0.426881	-0.959773	0.008235
1.080000	0.026126	1.135439	0.216449	0.426363	-0.965005	0.007034
1.100000	-0.017384	1.114244	0.225596	0.425282	-0.969903	0.005002
1.120000	-0.063853	1.078131	0.233593	0.423609	-0.974068	0.002185
1.140000	-0.111731	1.028149	0.240868	0.421314	-0.977102	-0.001369
1.160000	-0.159470	0.965350	0.247849	0.418369	-0.978609	-0.005616
1.180000	-0.205520	0.890781	0.254963	0.414744	-0.978190	-0.010508
1.200000	-0.248331	0.805493	0.262638	0.410409	-0.975447	-0.016001
1.220000	-0.286355	0.710536	0.271300	0.405336	-0.969984	-0.022046
1.240000	-0.318042	0.606958	0.281379	0.399494	-0.961402	-0.028599
1.260000	-0.341843	0.495810	0.293300	0.392856	-0.949305	-0.035613
1.280000	-0.356209	0.378142	0.307493	0.385391	-0.933293	-0.043042
1.300000	-0.359590	0.255002	0.324384	0.377070	-0.912970	-0.050840
1.320000	-0.350716	0.127450	0.344276	0.367883	-0.888041	-0.058960
1.340000	-0.330425	-0.003389	0.366532	0.357956	-0.858987	-0.067362
1.360000	-0.300515	-0.136358	0.390087	0.347479	-0.826645	-0.076005
1.380000	-0.262789	-0.270302	0.413871	0.336644	-0.791852	-0.084850
1.400000	-0.219051	-0.404063	0.436816	0.325639	-0.755446	-0.093856
1.420000	-0.171103	-0.536485	0.457855	0.314655	-0.718265	-0.102983
1.440000	-0.120750	-0.666413	0.475919	0.303884	-0.681146	-0.112191
1.460000	-0.069794	-0.792688	0.489939	0.293514	-0.644928	-0.121441
1.480000	-0.020039	-0.914156	0.498848	0.283737	-0.610447	-0.130692
1.500000	0.026712	-1.029659	0.501577	0.274743	-0.578542	-0.139904
1.520000	0.068656	-1.138041	0.497058	0.266722	-0.550051	-0.149038
1.540000	0.103989	-1.238145	0.484223	0.259864	-0.525810	-0.158052
1.560000	0.130908	-1.328816	0.462002	0.254360	-0.506659	-0.166909
1.580000	0.147610	-1.408896	0.429329	0.250400	-0.493434	-0.175566
1.600000	0.152291	-1.477229	0.385135	0.248175	-0.486974	-0.183985
1.620000	0.143149	-1.532660	0.328352	0.247875	-0.488115	-0.192124
1.640000	0.119167	-1.574473	0.258638	0.249599	-0.497293	-0.199960
1.660000	0.081524	-1.603189	0.177682	0.253199	-0.513816	-0.207507
1.680000	0.031783	-1.619542	0.087523	0.258478	-0.536795	-0.214786
1.700000	-0.028494	-1.624266	-0.009796	0.265243	-0.565342	-0.221819
1.720000	-0.097744	-1.618097	-0.112235	0.273300	-0.598570	-0.228629
1.740000	-0.174406	-1.601770	-0.217752	0.282453	-0.635591	-0.235238
1.760000	-0.256917	-1.576019	-0.324307	0.292509	-0.675516	-0.241667
1.780000	-0.343715	-1.541578	-0.429858	0.303273	-0.717458	-0.247939
1.800000	-0.433237	-1.499183	-0.532364	0.314551	-0.760528	-0.254075
1.820000	-0.523922	-1.449569	-0.629784	0.326147	-0.803839	-0.260098
1.840000	-0.614207	-1.393469	-0.720078	0.337869	-0.846503	-0.266028
1.860000	-0.702530	-1.331620	-0.801203	0.349521	-0.887632	-0.271889
1.880000	-0.787328	-1.264755	-0.871119	0.360910	-0.926337	-0.277703
1.900000	-0.867040	-1.193609	-0.927784	0.371839	-0.961731	-0.283490
1.920000	-0.940102	-1.118918	-0.969158	0.382116	-0.992926	-0.289274
1.940000	-1.004978	-1.041414	-0.993261	0.391550	-1.019054	-0.295075
1.960000	-1.060841	-0.961799	-0.999948	0.400057	-1.039856	-0.300900
1.980000	-1.107688	-0.880735	-0.991186	0.407681	-1.055772	-0.306738
2.000000	-1.145560	-0.798884	-0.969055	0.414470	-1.067281	-0.312577
2.020000	-1.174498	-0.716907	-0.935638	0.420473	-1.074861	-0.318403
2.040000	-1.194542	-0.635465	-0.893017	0.425738	-1.078992	-0.324206
2.060000	-1.205735	-0.555218	-0.843273	0.430316	-1.080152	-0.329973
2.080000	-1.208117	-0.476829	-0.788489	0.434255	-1.078819	-0.335691
2.100000	-1.201729	-0.400957	-0.730747	0.437604	-1.075474	-0.341349
2.120000	-1.186612	-0.328264	-0.672128	0.440413	-1.070593	-0.346935
2.140000	-1.162808	-0.259411	-0.614715	0.442729	-1.064657	-0.352436
2.160000	-1.130357	-0.195059	-0.560588	0.444602	-1.058143	-0.357840
2.180000	-1.089300	-0.135869	-0.511831	0.446081	-1.051531	-0.363135
2.200000	-1.039679	-0.082502	-0.470525	0.447215	-1.045299	-0.368309
2.220000	-0.981534	-0.035619	-0.438751	0.448053	-1.039926	-0.373349
2.240000	-0.914906	0.004119	-0.418593	0.448644	-1.035890	-0.378243
2.260000	-0.839839	0.036054	-0.412126	0.449037	-1.033671	-0.382980
2.280000	-0.756699	0.060166	-0.420256	0.449270	-1.033528	-0.387529
2.300000	-0.666594	0.077893	-0.441216	0.449354	-1.035232	-0.391820
2.320000	-0.570735	0.090874	-0.472872	0.449298	-1.038483	-0.395777
2.340000	-0.470332	0.100748	-0.513089	0.449109	-1.042984	-0.399324
2.360000	-0.366595	0.109153	-0.559731	0.448798	-1.048433	-0.402384
2.380000	-0.260733	0.117728	-0.610664	0.448371	-1.054534	-0.404884
2.400000	-0.153959	0.128113	-0.663752	0.447837	-1.060987	-0.406745
2.420000	-0.047481	0.141946	-0.716861	0.447205	-1.067494	-0.407893
2.440000	0.057490	0.160865	-0.767855	0.446483	-1.073754	-0.408251
2.460000	0.159744	0.186510	-0.814599	0.445678	-1.079470	-0.407743
2.480000	0.258071	0.220519	-0.854958	0.444800	-1.084342	-0.406295
2.500000	0.351260	0.264532	-0.886797	0.443857	-1.088073	-0.403829
2.520000	0.438101	0.320187	-0.907981	0.442858	-1.090362	-0.400270
2.540000	0.517384	0.389122	-0.916375	0.441809	-1.090911	-0.395541
2.560000	0.587898	0.472978	-0.909844	0.440721	-1.089421	-0.389568
2.580000	0.648501	0.573292	-0.886354	0.439600	-1.085606	-0.382279
2.600000	0.699469	0.689511	-0.845993	0.438443	-1.079446	-0.373718
2.620000	0.742425	0.819088	-0.790873	0.437234	-1.071178	-0.364037
2.640000	0.779047	0.959398	-0.723182	0.435959	-1.061045	-0.353392
2.660000	0.811014	1.107816	-0.645109	0.434601	-1.049294	-0.341940
2.680000	0.840003	1.261717	-0.558846	0.433145	-1.036169	-0.329836
2.700000	0.867692	1.418475	-0.466580	0.431577	-1.021915	-0.317238
2.720000	0.895758	1.575466	-0.370501	0.429879	-1.006777	-0.304301
2.740000	0.925880	1.730064	-0.272800	0.428038	-0.991001	-0.291182
2.760000	0.959736	1.879644	-0.175665	0.426036	-0.974831	-0.278037
2.780000	0.999002	2.021581	-0.081287	0.423860	-0.958512	-0.265022
2.800000	1.045358	2.153249	0.008146	0.421493	-0.942291	-0.252294
2.820000	1.100480	2.272025	0.090444	0.418920	-0.926411	-0.240009
2.840000	1.166047	2.375281	0.163416	0.416125	-0.911118	-0.228322
2.860000	1.243737	2.460394	0.224875	0.413094	-0.896656	-0.217392
2.880000	1.335227	2.524738	0.272629	0.409809	-0.883272	-0.207373
2.900000	1.442180	2.565704	0.304503	0.406258	-0.871209	-0.198421
