0.000000	1.564700	2.582357	0.319648	0.402459	-0.860616	-0.190596
0.020000	1.699981	2.576882	0.319688	0.398504	-0.851460	-0.183781
0.040000	1.844904	2.551802	0.306520	0.394488	-0.843694	-0.177837
0.060000	1.996349	2.509642	0.282038	0.390508	-0.837266	-0.172629
0.080000	2.151194	2.452926	0.248137	0.386660	-0.832125	-0.168018
0.100000	2.306319	2.384179	0.206714	0.383041	-0.828223	-0.163867
0.120000	2.458604	2.305925	0.159663	0.379747	-0.825508	-0.160040
0.140000	2.604928	2.220688	0.108879	0.376876	-0.823931	-0.156400
0.160000	2.742170	2.130993	0.056258	0.374523	-0.823442	-0.152808
0.180000	2.867210	2.039364	0.003695	0.372785	-0.823989	-0.149128
0.200000	2.976927	1.948325	-0.046915	0.371759	-0.825523	-0.145222
0.220000	3.068200	1.860400	-0.093676	0.371540	-0.827994	-0.140954
0.240000	3.137910	1.778115	-0.134694	0.372227	-0.831352	-0.136186
0.260000	3.182935	1.703993	-0.168073	0.373914	-0.835546	-0.130781
0.280000	3.200155	1.640558	-0.191918	0.376699	-0.840526	-0.124602
0.300000	3.186637	1.590190	-0.204444	0.380669	-0.846240	-0.117522
0.320000	3.142350	1.553022	-0.205567	0.385762	-0.852600	-0.109563
0.340000	3.069544	1.527423	-0.196545	0.391799	-0.859489	-0.100870
0.360000	2.970531	1.511713	-0.178669	0.398599	-0.866791	-0.091588
0.380000	2.847624	1.504211	-0.153232	0.405980	-0.874389	-0.081863
0.400000	2.703134	1.503238	-0.121526	0.413761	-0.882165	-0.071842
0.420000	2.539375	1.507115	-0.084843	0.421759	-0.890004	-0.061670
0.440000	2.358657	1.514161	-0.044476	0.429793	-0.897789	-0.051493
0.460000	2.163293	1.522698	-0.001716	0.437682	-0.905402	-0.041457
0.480000	1.955596	1.531044	0.042143	0.445243	-0.912726	-0.031709
0.500000	1.737877	1.537521	0.085810	0.452296	-0.919646	-0.022394
0.520000	1.512448	1.540448	0.127992	0.458657	-0.926044	-0.013659
0.540000	1.281622	1.538147	0.167397	0.464147	-0.931802	-0.005649
0.560000	1.047711	1.528937	0.202732	0.468583	-0.936806	0.001489
0.580000	0.813027	1.511138	0.232706	0.471783	-0.940936	0.007609
0.600000	0.579882	1.483071	0.256027	0.473565	-0.944078	0.012566
0.620000	0.350582	1.443076	0.271415	0.473751	-0.946115	0.016215
0.640000	0.127086	1.390705	0.278428	0.472303	-0.947022	0.018510
0.660000	-0.089183	1.327359	0.277897	0.469398	-0.946910	0.019557
0.680000	-0.296843	1.254595	0.270763	0.465234	-0.945904	0.019474
0.700000	-0.494516	1.173974	0.257968	0.460006	-0.944126	0.018378
0.720000	-0.680821	1.087053	0.240451	0.453912	-0.941700	0.016389
0.740000	-0.854380	0.995390	0.219154	0.447148	-0.938750	0.013624
0.760000	-1.013811	0.900545	0.195017	0.439910	-0.935399	0.010201
0.780000	-1.157736	0.804076	0.168981	0.432395	-0.931770	0.006238
0.800000	-1.284774	0.707541	0.141986	0.424800	-0.927987	0.001854
0.820000	-1.393546	0.612499	0.114974	0.417321	-0.924174	-0.002834
0.840000	-1.482672	0.520508	0.088884	0.410155	-0.920453	-0.007706
0.860000	-1.550773	0.433127	0.064658	0.403498	-0.916948	-0.012646
0.880000	-1.596467	0.351914	0.043237	0.397547	-0.913784	-0.017535
0.900000	-1.618377	0.278428	0.025561	0.392499	-0.911082	-0.022255
0.920000	-1.615135	0.214220	0.012566	0.388548	-0.908966	-0.026688
0.940000	-1.587057	0.159904	0.004689	0.385788	-0.907491	-0.030764
0.960000	-1.537770	0.114247	0.001378	0.384104	-0.906579	-0.034508
0.980000	-1.471290	0.075801	0.001967	0.383360	-0.906133	-0.037957
1.000000	-1.391632	0.043118	0.005788	0.383417	-0.906059	-0.041146
1.020000	-1.302811	0.014750	0.012176	0.384140	-0.906262	-0.044111
1.040000	-1.208843	-0.010752	0.020464	0.385391	-0.906648	-0.046889
1.060000	-1.113742	-0.034836	0.029985	0.387032	-0.907122	-0.049514
1.080000	-1.021524	-0.058950	0.040073	0.388927	-0.907589	-0.052024
1.100000	-0.936203	-0.084542	0.050060	0.390937	-0.907953	-0.054453
1.120000	-0.861796	-0.113061	0.059281	0.392927	-0.908122	-0.056838
1.140000	-0.802317	-0.145955	0.067069	0.394759	-0.907998	-0.059216
1.160000	-0.761781	-0.184671	0.072757	0.396295	-0.907488	-0.061621
1.180000	-0.744204	-0.230659	0.075678	0.397399	-0.906497	-0.064090
1.200000	-0.753600	-0.285366	0.075166	0.397933	-0.904930	-0.066658
1.220000	-0.793985	-0.350241	0.070555	0.397759	-0.902693	-0.069363
1.240000	-0.869375	-0.426731	0.061177	0.396742	-0.899689	-0.072239
1.260000	-0.982261	-0.515697	0.046533	0.394792	-0.895870	-0.075318
1.280000	-1.128885	-0.615574	0.026807	0.392018	-0.891366	-0.078613
1.300000	-1.303877	-0.724180	0.002358	0.388583	-0.886356	-0.082132
1.320000	-1.501872	-0.839329	-0.026453	0.384646	-0.881018	-0.085882
1.340000	-1.717500	-0.958838	-0.059268	0.380370	-0.875532	-0.089873
1.360000	-1.945396	-1.080520	-0.095725	0.375915	-0.870074	-0.094111
1.380000	-2.180190	-1.202193	-0.135465	0.371442	-0.864825	-0.098604
1.400000	-2.416517	-1.321671	-0.178128	0.367113	-0.859961	-0.103362
1.420000	-2.649008	-1.436770	-0.223355	0.363088	-0.855662	-0.108391
1.440000	-2.872296	-1.545305	-0.270786	0.359528	-0.852106	-0.113700
1.460000	-3.081013	-1.645092	-0.320060	0.356595	-0.849471	-0.119296
1.480000	-3.269793	-1.733947	-0.370818	0.354450	-0.847936	-0.125188
1.500000	-3.433267	-1.809684	-0.422700	0.353253	-0.847680	-0.131384
1.520000	-3.566068	-1.870120	-0.475346	0.353165	-0.848880	-0.137891
1.540000	-3.662829	-1.913070	-0.528396	0.354349	-0.851715	-0.144717
1.560000	-3.718182	-1.936349	-0.581491	0.356964	-0.856364	-0.151871
1.580000	-3.727409	-1.938042	-0.634261	0.361151	-0.862977	-0.159356
1.600000	-3.691706	-1.918682	-0.686246	0.366852	-0.871461	-0.167137
1.620000	-3.615420	-1.880105	-0.736940	0.373907	-0.881589	-0.175155
1.640000	-3.502930	-1.824162	-0.785837	0.382153	-0.893134	-0.183354
1.660000	-3.358614	-1.752704	-0.832428	0.391429	-0.905868	-0.191677
1.680000	-3.186851	-1.667579	-0.876207	0.401571	-0.919564	-0.200065
1.700000	-2.992017	-1.570640	-0.916667	0.412419	-0.933996	-0.208463
1.720000	-2.778493	-1.463735	-0.953300	0.423809	-0.948935	-0.216813
1.740000	-2.550655	-1.348714	-0.985599	0.435580	-0.964155	-0.225057
1.760000	-2.312882	-1.227429	-1.013058	0.447569	-0.979427	-0.233138
1.780000	-2.069553	-1.101729	-1.035168	0.459614	-0.994525	-0.240999
1.800000	-1.825045	-0.973464	-1.051424	0.471554	-1.009222	-0.248583
1.820000	-1.583737	-0.844485	-1.061317	0.483225	-1.023290	-0.255832
1.840000	-1.350007	-0.716641	-1.064341	0.494466	-1.036502	-0.262689
1.860000	-1.128233	-0.591783	-1.059988	0.505115	-1.048631	-0.269097
1.880000	-0.922794	-0.471760	-1.047752	0.515009	-1.059449	-0.274998
1.900000	-0.737953	-0.358382	-1.027151	0.523990	-1.068734	-0.280338
1.920000	-0.575139	-0.252415	-0.998341	0.531981	-1.076398	-0.285116
1.940000	-0.432811	-0.153536	-0.962145	0.538991	-1.082490	-0.289386
1.960000	-0.309292	-0.061372	-0.919418	0.545034	-1.087067	-0.293207
1.980000	-0.202904	0.024451	-0.871014	0.550122	-1.090186	-0.296637
2.000000	-0.111967	0.104307	-0.817787	0.554271	-1.091903	-0.299734
2.020000	-0.034803	0.178569	-0.760593	0.557492	-1.092275	-0.302556
2.040000	0.030266	0.247611	-0.700285	0.559799	-1.091358	-0.305161
2.060000	0.084918	0.311806	-0.637718	0.561206	-1.089208	-0.307607
2.080000	0.130833	0.371529	-0.573746	0.561726	-1.085884	-0.309953
2.100000	0.169688	0.427153	-0.509224	0.561373	-1.081440	-0.312256
2.120000	0.203161	0.479052	-0.445006	0.560159	-1.075934	-0.314574
2.140000	0.232933	0.527599	-0.381947	0.558099	-1.069422	-0.316966
2.160000	0.260680	0.573167	-0.320901	0.555205	-1.061960	-0.319489
2.180000	0.288081	0.616132	-0.262723	0.551491	-1.053606	-0.322202
2.200000	0.316800	0.656861	-0.208258	0.546971	-1.044416	-0.325160
2.220000	0.347842	0.695524	-0.157994	0.541689	-1.034469	-0.328344
2.240000	0.381340	0.732022	-0.111937	0.535728	-1.023873	-0.331629
2.260000	0.417368	0.766239	-0.070064	0.529176	-1.012736	-0.334885
2.280000	0.455995	0.798058	-0.032349	0.522118	-1.001169	-0.337982
2.300000	0.497295	0.827364	0.001232	0.514640	-0.989280	-0.340788
2.320000	0.541339	0.854039	0.030706	0.506830	-0.977179	-0.343173
2.340000	0.588200	0.877967	0.056096	0.498773	-0.964975	-0.345006
2.360000	0.637949	0.899032	0.077429	0.490555	-0.952778	-0.346158
2.380000	0.690657	0.917117	0.094729	0.482264	-0.940698	-0.346496
2.400000	0.746398	0.932106	0.108021	0.473984	-0.928842	-0.345892
2.420000	0.805243	0.943882	0.117330	0.465804	-0.917321	-0.344213
2.440000	0.867264	0.952329	0.122682	0.457809	-0.906245	-0.341330
2.460000	0.932532	0.957330	0.124101	0.450085	-0.895722	-0.337111
2.480000	1.001121	0.958769	0.121613	0.442719	-0.885863	-0.331427
2.500000	1.073101	0.956530	0.115242	0.435797	-0.876775	-0.324147
2.520000	1.148545	0.950496	0.105014	0.429406	-0.868570	-0.315139
2.540000	1.227485	0.940578	0.090972	0.423629	-0.861351	-0.304284
2.560000	1.309251	0.927199	0.073473	0.418505	-0.855147	-0.291650
2.580000	1.392565	0.911221	0.053152	0.414037	-0.849918	-0.277469
2.600000	1.476128	0.893521	0.030648	0.410224	-0.845623	-0.261977
2.620000	1.558643	0.874977	0.006604	0.407066	-0.842220	-0.245411
2.640000	1.638810	0.856464	-0.018340	0.404562	-0.839668	-0.228008
