0.000000	0.773803	1.209074	-0.153228	0.537702	-1.074893	-0.242663
0.020000	1.022121	1.302778	-0.142603	0.530195	-1.060273	-0.233923
0.040000	1.306678	1.411257	-0.131153	0.520564	-1.041355	-0.225194
0.060000	1.620288	1.531431	-0.118929	0.509102	-1.018790	-0.216485
0.080000	1.955766	1.660221	-0.105985	0.496102	-0.993229	-0.207806
0.100000	2.305923	1.794547	-0.092373	0.481856	-0.965323	-0.199167
0.120000	2.663575	1.931330	-0.078148	0.466658	-0.935722	-0.190576
0.140000	3.021535	2.067490	-0.063361	0.450799	-0.905078	-0.182045
0.160000	3.372616	2.199947	-0.048066	0.434574	-0.874042	-0.173581
0.180000	3.709633	2.325622	-0.032316	0.418273	-0.843264	-0.165196
0.200000	4.025398	2.441435	-0.016164	0.402191	-0.813396	-0.156898
0.220000	4.312727	2.544307	0.000336	0.386621	-0.785088	-0.148697
0.240000	4.564431	2.631158	0.017132	0.371854	-0.758992	-0.140602
0.260000	4.773326	2.698909	0.034171	0.358183	-0.735758	-0.132624
0.280000	4.932224	2.744480	0.051400	0.345902	-0.716037	-0.124771
0.300000	5.033940	2.764791	0.068765	0.335303	-0.700481	-0.117054
0.320000	5.071287	2.756763	0.086213	0.326679	-0.689740	-0.109482
0.340000	5.037871	2.717683	0.103681	0.320295	-0.684399	-0.102065
0.360000	4.935721	2.648743	0.120990	0.316127	-0.684343	-0.094809
0.380000	4.771950	2.553487	0.137888	0.313977	-0.689033	-0.087724
0.400000	4.553740	2.435496	0.154128	0.313642	-0.697924	-0.080817
0.420000	4.288273	2.298346	0.169457	0.314923	-0.710472	-0.074094
0.440000	3.982732	2.145618	0.183627	0.317616	-0.726133	-0.067563
0.460000	3.644301	1.980889	0.196386	0.321521	-0.744361	-0.061232
0.480000	3.280160	1.807738	0.207485	0.326436	-0.764614	-0.055108
0.500000	2.897493	1.629744	0.216673	0.332160	-0.786345	-0.049198
0.520000	2.503482	1.450485	0.223701	0.338492	-0.809011	-0.043510
0.540000	2.105310	1.273540	0.228317	0.345230	-0.832067	-0.038050
0.560000	1.710160	1.102488	0.230271	0.352173	-0.854968	-0.032828
0.580000	1.325213	0.940907	0.229314	0.359120	-0.877171	-0.027849
0.600000	0.957652	0.792375	0.225195	0.365868	-0.898131	-0.023122
0.620000	0.614661	0.660472	0.217664	0.372217	-0.917303	-0.018653
0.640000	0.303421	0.548776	0.206471	0.377966	-0.934142	-0.014451
0.660000	0.030973	0.460784	0.191377	0.382916	-0.948116	-0.010521
0.680000	-0.200115	0.397420	0.172541	0.386991	-0.959050	-0.006868
0.700000	-0.392537	0.356583	0.150584	0.390255	-0.967192	-0.003487
0.720000	-0.549288	0.335998	0.126155	0.392780	-0.972813	-0.000374
0.740000	-0.673363	0.333388	0.099902	0.394638	-0.976185	0.002474
0.760000	-0.767759	0.346479	0.072476	0.395902	-0.977579	0.005060
0.780000	-0.835470	0.372996	0.044523	0.396644	-0.977267	0.007389
0.800000	-0.879494	0.410662	0.016693	0.396937	-0.975521	0.009463
0.820000	-0.902824	0.457203	-0.010365	0.396853	-0.972612	0.011287
0.840000	-0.908457	0.510343	-0.036003	0.396464	-0.968811	0.012865
0.860000	-0.899388	0.567807	-0.059572	0.395842	-0.964392	0.014199
0.880000	-0.878613	0.627319	-0.080423	0.395061	-0.959624	0.015295
0.900000	-0.849128	0.686605	-0.097908	0.394191	-0.954779	0.016154
0.920000	-0.813927	0.743388	-0.111378	0.393307	-0.950130	0.016782
0.940000	-0.776008	0.795393	-0.120183	0.392479	-0.945948	0.017181
0.960000	-0.738364	0.840345	-0.123676	0.391781	-0.942504	0.017356
0.980000	-0.703990	0.875971	-0.121209	0.391285	-0.940070	0.017309
1.000000	-0.675178	0.900584	-0.112573	0.391020	-0.938778	0.017045
1.020000	-0.652589	0.913871	-0.098581	0.390923	-0.938438	0.016568
1.040000	-0.636648	0.915710	-0.080189	0.390913	-0.938813	0.015880
1.060000	-0.627782	0.905984	-0.058356	0.390910	-0.939666	0.014986
1.080000	-0.626417	0.884572	-0.034041	0.390835	-0.940760	0.013889
1.100000	-0.632981	0.851355	-0.008201	0.390609	-0.941860	0.012593
1.120000	-0.647899	0.806213	0.018205	0.390153	-0.942729	0.011102
1.140000	-0.671599	0.749028	0.044220	0.389385	-0.943129	0.009419
1.160000	-0.704505	0.679680	0.068886	0.388228	-0.942824	0.007547
1.180000	-0.747046	0.598050	0.091244	0.386601	-0.941578	0.005491
1.200000	-0.799647	0.504018	0.110336	0.384425	-0.939153	0.003254
1.220000	-0.862735	0.397464	0.125205	0.381621	-0.935314	0.000839
1.240000	-0.936737	0.278270	0.134892	0.378109	-0.929823	-0.001749
1.260000	-1.022079	0.146315	0.138439	0.373809	-0.922444	-0.004507
1.280000	-1.119187	0.001482	0.134888	0.368642	-0.912941	-0.007432
1.300000	-1.228488	-0.156351	0.123281	0.362528	-0.901076	-0.010519
1.320000	-1.350079	-0.326904	0.102904	0.355427	-0.886707	-0.013769
1.340000	-1.482433	-0.507934	0.074244	0.347490	-0.870158	-0.017202
1.360000	-1.623521	-0.696591	0.038159	0.338926	-0.851897	-0.020842
1.380000	-1.771313	-0.890024	-0.004491	0.329946	-0.832390	-0.024714
1.400000	-1.923780	-1.085383	-0.052848	0.320760	-0.812106	-0.028844
1.420000	-2.078893	-1.279818	-0.106054	0.311579	-0.791513	-0.033257
1.440000	-2.234622	-1.470479	-0.163249	0.302611	-0.771076	-0.037977
1.460000	-2.388939	-1.654516	-0.223574	0.294068	-0.751264	-0.043030
1.480000	-2.539814	-1.829078	-0.286172	0.286159	-0.732545	-0.048441
1.500000	-2.685218	-1.991315	-0.350183	0.279095	-0.715386	-0.054236
1.520000	-2.823122	-2.138378	-0.414748	0.273085	-0.700254	-0.060438
1.540000	-2.951496	-2.267415	-0.479010	0.268341	-0.687617	-0.067074
1.560000	-3.068311	-2.375577	-0.542109	0.265071	-0.677943	-0.074168
1.580000	-3.171538	-2.460014	-0.603186	0.263486	-0.671698	-0.081746
1.600000	-3.259148	-2.517874	-0.661383	0.263796	-0.669351	-0.089832
1.620000	-3.329120	-2.546326	-0.715843	0.266211	-0.671366	-0.098452
1.640000	-3.380394	-2.544443	-0.765968	0.270795	-0.677910	-0.107606
1.660000	-3.413747	-2.514945	-0.811646	0.277341	-0.688578	-0.117245
1.680000	-3.430162	-2.460958	-0.852826	0.285610	-0.702901	-0.127317
1.700000	-3.430622	-2.385612	-0.889452	0.295365	-0.720411	-0.137768
1.720000	-3.416108	-2.292034	-0.921470	0.306365	-0.740640	-0.148546
1.740000	-3.387605	-2.183352	-0.948828	0.318374	-0.763119	-0.159597
1.760000	-3.346095	-2.062695	-0.971469	0.331152	-0.787379	-0.170868
1.780000	-3.292561	-1.933190	-0.989342	0.344461	-0.812952	-0.182307
1.800000	-3.227986	-1.797966	-1.002391	0.358062	-0.839370	-0.193860
1.820000	-3.153352	-1.660151	-1.010562	0.371717	-0.866164	-0.205473
1.840000	-3.069642	-1.522873	-1.013803	0.385188	-0.892865	-0.217095
1.860000	-2.977840	-1.389260	-1.012057	0.398236	-0.919005	-0.228671
1.880000	-2.878927	-1.262441	-1.005273	0.410622	-0.944116	-0.240149
1.900000	-2.773887	-1.145542	-0.993395	0.422107	-0.967728	-0.251475
1.920000	-2.663703	-1.041693	-0.976369	0.432455	-0.989374	-0.262597
1.940000	-2.549357	-0.954022	-0.954143	0.441425	-1.008585	-0.273462
1.960000	-2.431727	-0.884805	-0.926814	0.448845	-1.025008	-0.284022
1.980000	-2.311267	-0.832942	-0.895096	0.454804	-1.038747	-0.294258
2.000000	-2.188331	-0.796491	-0.859850	0.459456	-1.050021	-0.304156
2.020000	-2.063269	-0.773511	-0.821939	0.462954	-1.059050	-0.313703
2.040000	-1.936432	-0.762061	-0.782228	0.465451	-1.066051	-0.322884
2.060000	-1.808173	-0.760200	-0.741578	0.467102	-1.071243	-0.331687
2.080000	-1.678842	-0.765986	-0.700853	0.468060	-1.074845	-0.340097
2.100000	-1.548792	-0.777479	-0.660916	0.468478	-1.077076	-0.348101
2.120000	-1.418372	-0.792738	-0.622629	0.468510	-1.078154	-0.355685
2.140000	-1.287936	-0.809822	-0.586857	0.468310	-1.078298	-0.362836
2.160000	-1.157835	-0.826789	-0.554461	0.468032	-1.077727	-0.369540
2.180000	-1.028419	-0.841698	-0.526305	0.467829	-1.076658	-0.375783
2.200000	-0.900040	-0.852609	-0.503252	0.467854	-1.075312	-0.381551
2.220000	-0.773051	-0.857580	-0.486165	0.468261	-1.073906	-0.386832
2.240000	-0.647801	-0.854671	-0.475907	0.469205	-1.072660	-0.391612
2.260000	-0.524643	-0.841952	-0.473327	0.470836	-1.071789	-0.395876
2.280000	-0.403860	-0.818301	-0.478418	0.473205	-1.071391	-0.399609
2.300000	-0.285635	-0.783856	-0.489833	0.476202	-1.071371	-0.402792
2.320000	-0.170142	-0.738868	-0.506106	0.479705	-1.071622	-0.405407
2.340000	-0.057554	-0.683584	-0.525770	0.483590	-1.072033	-0.407435
2.360000	0.051954	-0.618255	-0.547359	0.487734	-1.072495	-0.408856
2.380000	0.158211	-0.543129	-0.569407	0.492012	-1.072898	-0.409652
2.400000	0.261042	-0.458455	-0.590450	0.496303	-1.073134	-0.409803
2.420000	0.360273	-0.364484	-0.609020	0.500482	-1.073092	-0.409292
2.440000	0.455732	-0.261465	-0.623651	0.504426	-1.072663	-0.408098
2.460000	0.547244	-0.149645	-0.632878	0.508012	-1.071738	-0.406203
2.480000	0.634637	-0.029276	-0.635236	0.511116	-1.070207	-0.403588
2.500000	0.717735	0.099394	-0.629257	0.513615	-1.067961	-0.400234
2.520000	0.796367	0.236116	-0.613476	0.515386	-1.064891	-0.396123
2.540000	0.870359	0.380641	-0.586427	0.516306	-1.060886	-0.391234
2.560000	0.939538	0.532714	-0.546651	0.516250	-1.055839	-0.385550
2.580000	1.003978	0.691533	-0.493707	0.515154	-1.049709	-0.379074
2.600000	1.064244	0.855184	-0.429208	0.513063	-1.042595	-0.371859
2.620000	1.120960	1.021617	-0.355013	0.510038	-1.034615	-0.363961
2.640000	1.174753	1.188783	-0.272981	0.506140	-1.025885	-0.355438
2.660000	1.226248	1.354636	-0.184974	0.501429	-1.016520	-0.346346
2.680000	1.276068	1.517125	-0.092850	0.495966	-1.006638	-0.336743
2.700000	1.324841	1.674203	0.001530	0.489811	-0.996355	-0.326686
2.720000	1.373190	1.823821	0.096308	0.483026	-0.985788	-0.316231
2.740000	1.421741	1.963930	0.189622	0.475670	-0.975052	-0.305436
2.760000	1.471118	2.092483	0.279613	0.467804	-0.964264	-0.294358
2.780000	1.521948	2.207430	0.364422	0.459489	-0.953541	-0.283054
2.800000	1.574855	2.306723	0.442188	0.450785	-0.942999	-0.271581
2.820000	1.630464	2.388313	0.511052	0.441753	-0.932754	-0.259996
2.840000	1.689401	2.450152	0.569154	0.432454	-0.922924	-0.248356
2.860000	1.752290	2.490192	0.614634	0.422947	-0.913623	-0.236719
