0.000000	2.351686	2.266110	0.019480	0.343598	-0.755038	-0.245245
0.020000	2.400514	2.329687	0.036935	0.339665	-0.743227	-0.232185
0.040000	2.427113	2.378977	0.042859	0.337818	-0.735886	-0.218790
0.060000	2.432274	2.414374	0.037961	0.337958	-0.732824	-0.205129
0.080000	2.417694	2.436819	0.023563	0.339879	-0.733629	-0.191286
0.100000	2.385076	2.447260	0.000987	0.343375	-0.737887	-0.177348
0.120000	2.336119	2.446640	-0.028447	0.348238	-0.745184	-0.163401
0.140000	2.272525	2.435905	-0.063415	0.354264	-0.755109	-0.149529
0.160000	2.195994	2.415999	-0.102597	0.361246	-0.767248	-0.135820
0.180000	2.108226	2.387868	-0.144670	0.368977	-0.781188	-0.122358
0.200000	2.010921	2.352456	-0.188313	0.377251	-0.796515	-0.109229
0.220000	1.905782	2.310708	-0.232203	0.385862	-0.812817	-0.096520
0.240000	1.794507	2.263569	-0.275018	0.394603	-0.829680	-0.084314
0.260000	1.678798	2.211984	-0.315438	0.403269	-0.846692	-0.072700
0.280000	1.560355	2.156898	-0.352139	0.411652	-0.863439	-0.061761
0.300000	1.440879	2.099256	-0.383801	0.419547	-0.879508	-0.051584
0.320000	1.322070	2.040003	-0.409101	0.426747	-0.894487	-0.042255
0.340000	1.205629	1.980084	-0.426718	0.433047	-0.907961	-0.033859
0.360000	1.093257	1.920443	-0.435329	0.438239	-0.919518	-0.026482
0.380000	0.986294	1.861844	-0.434110	0.442179	-0.928860	-0.020178
0.400000	0.884864	1.804440	-0.423923	0.444930	-0.936085	-0.014893
0.420000	0.788828	1.748248	-0.405988	0.446601	-0.941372	-0.010551
0.440000	0.698052	1.693290	-0.381527	0.447300	-0.944901	-0.007076
0.460000	0.612396	1.639585	-0.351761	0.447134	-0.946852	-0.004392
0.480000	0.531726	1.587154	-0.317910	0.446212	-0.947405	-0.002421
0.500000	0.455903	1.536016	-0.281195	0.444641	-0.946741	-0.001088
0.520000	0.384791	1.486192	-0.242837	0.442531	-0.945039	-0.000317
0.540000	0.318253	1.437701	-0.204057	0.439988	-0.942480	-0.000030
0.560000	0.256153	1.390564	-0.166076	0.437121	-0.939243	-0.000152
0.580000	0.198352	1.344801	-0.130114	0.434037	-0.935509	-0.000607
0.600000	0.144715	1.300432	-0.097393	0.430846	-0.931457	-0.001317
0.620000	0.095105	1.257477	-0.069133	0.427655	-0.927268	-0.002207
0.640000	0.049384	1.215955	-0.046555	0.424571	-0.923122	-0.003200
0.660000	0.007416	1.175888	-0.030880	0.421704	-0.919198	-0.004220
0.680000	-0.030936	1.137294	-0.023328	0.419160	-0.915678	-0.005190
0.700000	-0.065822	1.100183	-0.024919	0.417037	-0.912722	-0.006042
0.720000	-0.097493	1.064474	-0.035172	0.415339	-0.910358	-0.006766
0.740000	-0.126245	1.030049	-0.052940	0.414034	-0.908554	-0.007377
0.760000	-0.152372	0.996790	-0.077070	0.413085	-0.907276	-0.007890
0.780000	-0.176170	0.964575	-0.106412	0.412460	-0.906491	-0.008320
0.800000	-0.197934	0.933288	-0.139812	0.412123	-0.906167	-0.008683
0.820000	-0.217960	0.902809	-0.176119	0.412040	-0.906270	-0.008995
0.840000	-0.236543	0.873018	-0.214181	0.412178	-0.906767	-0.009271
0.860000	-0.253979	0.843797	-0.252847	0.412501	-0.907625	-0.009527
0.880000	-0.270563	0.815027	-0.290964	0.412975	-0.908812	-0.009777
0.900000	-0.286591	0.786588	-0.327381	0.413566	-0.910293	-0.010038
0.920000	-0.302357	0.758363	-0.360945	0.414240	-0.912037	-0.010324
0.940000	-0.318157	0.730231	-0.390506	0.414962	-0.914010	-0.010652
0.960000	-0.334287	0.702074	-0.414911	0.415697	-0.916179	-0.011037
0.980000	-0.351043	0.673773	-0.433008	0.416412	-0.918511	-0.011493
1.000000	-0.368718	0.645208	-0.443646	0.417072	-0.920973	-0.012037
1.020000	-0.387661	0.616063	-0.446164	0.417645	-0.923520	-0.012684
1.040000	-0.408358	0.585475	-0.441244	0.418107	-0.926076	-0.013443
1.060000	-0.431318	0.552491	-0.429796	0.418435	-0.928557	-0.014327
1.080000	-0.457054	0.516157	-0.412731	0.418606	-0.930882	-0.015347
1.100000	-0.486074	0.475520	-0.390962	0.418596	-0.932968	-0.016513
1.120000	-0.518890	0.429625	-0.365399	0.418382	-0.934733	-0.017837
1.140000	-0.556012	0.377518	-0.336952	0.417942	-0.936093	-0.019329
1.160000	-0.597950	0.318245	-0.306533	0.417252	-0.936968	-0.021000
1.180000	-0.645215	0.250853	-0.275053	0.416289	-0.937274	-0.022862
1.200000	-0.698317	0.174388	-0.243423	0.415029	-0.936929	-0.024925
1.220000	-0.757767	0.087896	-0.212554	0.413451	-0.935851	-0.027201
1.240000	-0.824075	-0.009577	-0.183357	0.411530	-0.933957	-0.029700
1.260000	-0.897752	-0.118986	-0.156744	0.409243	-0.931164	-0.032433
1.280000	-0.979308	-0.241283	-0.133624	0.406568	-0.927391	-0.035412
1.300000	-1.069254	-0.377423	-0.114909	0.403481	-0.922555	-0.038647
1.320000	-1.168067	-0.528296	-0.101490	0.399961	-0.916579	-0.042150
1.340000	-1.275300	-0.692947	-0.093639	0.396052	-0.909532	-0.045936
1.360000	-1.389455	-0.868338	-0.090937	0.391873	-0.901651	-0.050027
1.380000	-1.508982	-1.051319	-0.092924	0.387544	-0.893181	-0.054444
1.400000	-1.632327	-1.238742	-0.099143	0.383188	-0.884367	-0.059209
1.420000	-1.757939	-1.427457	-0.109136	0.378926	-0.875453	-0.064344
1.440000	-1.884265	-1.614314	-0.122444	0.374879	-0.866687	-0.069871
1.460000	-2.009754	-1.796164	-0.138610	0.371169	-0.858311	-0.075810
1.480000	-2.132852	-1.969858	-0.157174	0.367917	-0.850572	-0.082183
1.500000	-2.252010	-2.132245	-0.177679	0.365246	-0.843715	-0.089013
1.520000	-2.365673	-2.280177	-0.199667	0.363277	-0.837984	-0.096321
1.540000	-2.472290	-2.410504	-0.222679	0.362131	-0.833625	-0.104128
1.560000	-2.570309	-2.520076	-0.246258	0.361930	-0.830883	-0.112456
1.580000	-2.658177	-2.605745	-0.269945	0.362796	-0.830003	-0.121326
1.600000	-2.734344	-2.664360	-0.293281	0.364849	-0.831231	-0.130761
1.620000	-2.797255	-2.692772	-0.315809	0.368213	-0.834810	-0.140782
1.640000	-2.845547	-2.688330	-0.337098	0.372982	-0.840942	-0.151401
1.660000	-2.879326	-2.652312	-0.356922	0.379052	-0.849470	-0.162559
1.680000	-2.899397	-2.587857	-0.375156	0.386220	-0.860070	-0.174162
1.700000	-2.906569	-2.498116	-0.391675	0.394285	-0.872417	-0.186118
1.720000	-2.901650	-2.386238	-0.406354	0.403045	-0.886185	-0.198331
1.740000	-2.885450	-2.255375	-0.419067	0.412299	-0.901048	-0.210709
1.760000	-2.858777	-2.108678	-0.429690	0.421844	-0.916681	-0.223158
1.780000	-2.822442	-1.949295	-0.438098	0.431478	-0.932759	-0.235584
1.800000	-2.777251	-1.780379	-0.444165	0.441000	-0.948956	-0.247893
1.820000	-2.724015	-1.605080	-0.447766	0.450208	-0.964946	-0.259993
1.840000	-2.663542	-1.426548	-0.448776	0.458900	-0.980405	-0.271788
1.860000	-2.596641	-1.247933	-0.447070	0.466874	-0.995006	-0.283186
1.880000	-2.524122	-1.072386	-0.442523	0.473929	-1.008425	-0.294092
1.900000	-2.446792	-0.903058	-0.435010	0.479861	-1.020335	-0.304414
1.920000	-2.365461	-0.743100	-0.424405	0.484471	-1.030412	-0.314057
1.940000	-2.280938	-0.595660	-0.410584	0.487555	-1.038329	-0.322928
1.960000	-2.193942	-0.462948	-0.393539	0.489011	-1.043899	-0.330964
1.980000	-2.104931	-0.344430	-0.373608	0.489027	-1.047332	-0.338198
2.000000	-2.014313	-0.239075	-0.351191	0.487842	-1.048911	-0.344677
2.020000	-1.922500	-0.145853	-0.326686	0.485696	-1.048919	-0.350449
2.040000	-1.829902	-0.063734	-0.300495	0.482828	-1.047639	-0.355562
2.060000	-1.736928	0.008313	-0.273015	0.479477	-1.045354	-0.360064
2.080000	-1.643989	0.071319	-0.244647	0.475884	-1.042347	-0.364003
2.100000	-1.551495	0.126313	-0.215791	0.472287	-1.038900	-0.367427
2.120000	-1.459855	0.174328	-0.186845	0.468927	-1.035298	-0.370383
2.140000	-1.369480	0.216392	-0.158210	0.466042	-1.031822	-0.372920
2.160000	-1.280780	0.253537	-0.130285	0.463873	-1.028755	-0.375086
2.180000	-1.194165	0.286793	-0.103470	0.462659	-1.026382	-0.376929
2.200000	-1.110045	0.317190	-0.078164	0.462639	-1.024983	-0.378496
2.220000	-1.028830	0.345760	-0.054767	0.464054	-1.024844	-0.379835
2.240000	-0.950930	0.373532	-0.033679	0.467142	-1.026245	-0.380996
2.260000	-0.876736	0.401522	-0.015292	0.472135	-1.029463	-0.382023
2.280000	-0.805997	0.430280	0.000192	0.479013	-1.034492	-0.382924
2.300000	-0.737701	0.459797	0.012803	0.487453	-1.040997	-0.383656
2.320000	-0.670792	0.490033	0.022584	0.497116	-1.048623	-0.384175
2.340000	-0.604212	0.520948	0.029577	0.507663	-1.057015	-0.384435
2.360000	-0.536906	0.552500	0.033827	0.518754	-1.065818	-0.384392
2.380000	-0.467816	0.584650	0.035375	0.530050	-1.074677	-0.384002
2.400000	-0.395886	0.617356	0.034265	0.541212	-1.083238	-0.383219
2.420000	-0.320059	0.650580	0.030539	0.551899	-1.091144	-0.381998
2.440000	-0.239278	0.684279	0.024240	0.561774	-1.098041	-0.380294
2.460000	-0.152486	0.718414	0.015412	0.570495	-1.103574	-0.378064
2.480000	-0.058628	0.752944	0.004098	0.577724	-1.107388	-0.375262
2.500000	0.043355	0.787829	-0.009661	0.583122	-1.109128	-0.371842
2.520000	0.154518	0.823029	-0.025820	0.586348	-1.108440	-0.367761
2.540000	0.275918	0.858502	-0.044337	0.587064	-1.104967	-0.362974
2.560000	0.408612	0.894208	-0.065169	0.584930	-1.098355	-0.357435
2.580000	0.553654	0.930108	-0.088273	0.579608	-1.088250	-0.351100
2.600000	0.711097	0.966075	-0.113525	0.570964	-1.074529	-0.343950
2.620000	0.878630	1.001790	-0.140608	0.559354	-1.057618	-0.336032
2.640000	1.053600	1.036903	-0.169178	0.545203	-1.038024	-0.327399
2.660000	1.233355	1.071064	-0.198891	0.528936	-1.016250	-0.318106
2.680000	1.415241	1.103924	-0.229405	0.510979	-0.992802	-0.308207
2.700000	1.596607	1.135133	-0.260373	0.491756	-0.968186	-0.297756
2.720000	1.774799	1.164340	-0.291454	0.471693	-0.942907	-0.286807
