0.000000	0.966445	1.453163	-0.437033	0.392300	-0.938847	-0.378190
0.020000	1.069857	1.518580	-0.388516	0.392657	-0.924177	-0.367469
0.040000	1.189174	1.587099	-0.336290	0.392270	-0.909333	-0.356313
0.060000	1.326246	1.659351	-0.280207	0.391050	-0.894446	-0.344763
0.080000	1.481726	1.735683	-0.220329	0.388941	-0.879651	-0.332863
0.100000	1.651985	1.815437	-0.157462	0.386015	-0.865094	-0.320683
0.120000	1.832444	1.897728	-0.092583	0.382367	-0.850926	-0.308296
0.140000	2.018523	1.981671	-0.026666	0.378097	-0.837297	-0.295773
0.160000	2.205642	2.066383	0.039314	0.373300	-0.824357	-0.283187
0.180000	2.389221	2.150979	0.104382	0.368076	-0.812257	-0.270612
0.200000	2.564680	2.234575	0.167564	0.362520	-0.801147	-0.258121
0.220000	2.727441	2.316286	0.227886	0.356732	-0.791176	-0.245785
0.240000	2.872922	2.395229	0.284371	0.350807	-0.782496	-0.233678
0.260000	2.996543	2.470519	0.336045	0.344844	-0.775257	-0.221872
0.280000	3.093726	2.541272	0.381934	0.338941	-0.769608	-0.210441
0.300000	3.159890	2.606604	0.421063	0.333194	-0.765701	-0.199457
0.320000	3.190455	2.665629	0.452456	0.327701	-0.763685	-0.188992
0.340000	3.180841	2.717465	0.475140	0.322560	-0.763710	-0.179120
0.360000	3.126469	2.761227	0.488139	0.317867	-0.765927	-0.169914
0.380000	3.024263	2.796137	0.490753	0.313706	-0.770427	-0.161427
0.400000	2.878233	2.821918	0.483572	0.310081	-0.777022	-0.153628
0.420000	2.694476	2.838443	0.467565	0.306976	-0.785443	-0.146460
0.440000	2.479086	2.845582	0.443703	0.304376	-0.795420	-0.139865
0.460000	2.238160	2.843208	0.412956	0.302264	-0.806685	-0.133786
0.480000	1.977792	2.831190	0.376292	0.300624	-0.818967	-0.128165
0.500000	1.704078	2.809401	0.334684	0.299440	-0.831996	-0.122946
0.520000	1.423114	2.777711	0.289099	0.298696	-0.845504	-0.118070
0.540000	1.140995	2.735993	0.240508	0.298375	-0.859221	-0.113482
0.560000	0.863817	2.684118	0.189882	0.298462	-0.872878	-0.109123
0.580000	0.597676	2.621956	0.138189	0.298940	-0.886205	-0.104936
0.600000	0.348667	2.549380	0.086400	0.299793	-0.898932	-0.100863
0.620000	0.122885	2.466261	0.035485	0.301006	-0.910790	-0.096848
0.640000	-0.073574	2.372469	-0.013586	0.302561	-0.921509	-0.092833
0.660000	-0.234614	2.267877	-0.059844	0.304444	-0.930821	-0.088762
0.680000	-0.354140	2.152356	-0.102319	0.306637	-0.938456	-0.084575
0.700000	-0.426688	2.025873	-0.140114	0.309122	-0.944169	-0.080222
0.720000	-0.453523	1.889431	-0.173120	0.311863	-0.947996	-0.075700
0.740000	-0.439968	1.744651	-0.201705	0.314809	-0.950137	-0.071041
0.760000	-0.391400	1.593167	-0.226240	0.317911	-0.950795	-0.066273
0.780000	-0.313200	1.436610	-0.247097	0.321119	-0.950176	-0.061429
0.800000	-0.210745	1.276613	-0.264650	0.324383	-0.948481	-0.056537
0.820000	-0.089414	1.114807	-0.279270	0.327655	-0.945915	-0.051629
0.840000	0.045413	0.952825	-0.291331	0.330883	-0.942681	-0.046734
0.860000	0.188358	0.792299	-0.301205	0.334019	-0.938983	-0.041884
0.880000	0.334041	0.634860	-0.309265	0.337013	-0.935024	-0.037108
0.900000	0.477085	0.482141	-0.315882	0.339814	-0.931008	-0.032437
0.920000	0.612110	0.335774	-0.321430	0.342374	-0.927138	-0.027901
0.940000	0.733737	0.197391	-0.326281	0.344643	-0.923619	-0.023531
0.960000	0.836588	0.068624	-0.330807	0.346571	-0.920653	-0.019356
0.980000	0.915284	-0.048895	-0.335382	0.348108	-0.918444	-0.015408
1.000000	0.964446	-0.153534	-0.340378	0.349205	-0.917196	-0.011717
1.020000	0.978805	-0.243703	-0.346156	0.349813	-0.917106	-0.008313
1.040000	0.956591	-0.319169	-0.352742	0.349929	-0.918202	-0.005227
1.060000	0.900146	-0.381290	-0.359767	0.349604	-0.920306	-0.002491
1.080000	0.812047	-0.431517	-0.366839	0.348891	-0.923230	-0.000138
1.100000	0.694872	-0.471301	-0.373565	0.347843	-0.926787	0.001801
1.120000	0.551199	-0.502091	-0.379553	0.346512	-0.930789	0.003294
1.140000	0.383606	-0.525340	-0.384411	0.344953	-0.935048	0.004309
1.160000	0.194671	-0.542497	-0.387747	0.343218	-0.939375	0.004813
1.180000	-0.013028	-0.555014	-0.389168	0.341360	-0.943583	0.004775
1.200000	-0.236913	-0.564340	-0.388281	0.339433	-0.947483	0.004163
1.220000	-0.474406	-0.571926	-0.384696	0.337490	-0.950889	0.002944
1.240000	-0.722930	-0.579224	-0.378019	0.335584	-0.953611	0.001086
1.260000	-0.979907	-0.587683	-0.367859	0.333768	-0.955462	-0.001442
1.280000	-1.242757	-0.598754	-0.353822	0.332095	-0.956254	-0.004672
1.300000	-1.508905	-0.613888	-0.335517	0.330619	-0.955799	-0.008637
1.320000	-1.775771	-0.634536	-0.312552	0.329393	-0.953909	-0.013369
1.340000	-2.040779	-0.662145	-0.284536	0.328469	-0.950397	-0.018899
1.360000	-2.301572	-0.697427	-0.251492	0.327889	-0.945221	-0.025247
1.380000	-2.556307	-0.739375	-0.214414	0.327667	-0.938679	-0.032402
1.400000	-2.803215	-0.786736	-0.174430	0.327813	-0.931118	-0.040348
1.420000	-3.040526	-0.838260	-0.132673	0.328336	-0.922886	-0.049071
1.440000	-3.266472	-0.892692	-0.090272	0.329247	-0.914329	-0.058555
1.460000	-3.479282	-0.948781	-0.048358	0.330556	-0.905796	-0.068785
1.480000	-3.677188	-1.005275	-0.008060	0.332271	-0.897631	-0.079747
1.500000	-3.858421	-1.060921	0.029490	0.334403	-0.890184	-0.091424
1.520000	-4.021210	-1.114466	0.063162	0.336962	-0.883800	-0.103801
1.540000	-4.163787	-1.164660	0.091826	0.339958	-0.878828	-0.116864
1.560000	-4.284383	-1.210248	0.114351	0.343400	-0.875613	-0.130597
1.580000	-4.381228	-1.249980	0.129608	0.347299	-0.874503	-0.144986
1.600000	-4.452552	-1.282602	0.136465	0.351664	-0.875845	-0.160014
1.620000	-4.496588	-1.306863	0.133792	0.356505	-0.879987	-0.175667
1.640000	-4.511565	-1.321510	0.120459	0.361832	-0.887274	-0.191929
1.660000	-4.496596	-1.325745	0.095876	0.367630	-0.897882	-0.208759
1.680000	-4.453489	-1.320156	0.061098	0.373815	-0.911455	-0.226029
1.700000	-4.384559	-1.305594	0.017493	0.380285	-0.927538	-0.243596
1.720000	-4.292126	-1.282910	-0.033568	0.386940	-0.945675	-0.261319
1.740000	-4.178507	-1.252955	-0.090716	0.393679	-0.965413	-0.279055
1.760000	-4.046019	-1.216579	-0.152584	0.400404	-0.986296	-0.296661
1.780000	-3.896982	-1.174635	-0.217801	0.407013	-1.007868	-0.313995
1.800000	-3.733711	-1.127974	-0.284999	0.413406	-1.029674	-0.330915
1.820000	-3.558526	-1.077446	-0.352809	0.419483	-1.051259	-0.347277
1.840000	-3.373745	-1.023902	-0.419862	0.425144	-1.072169	-0.362940
1.860000	-3.181684	-0.968195	-0.484789	0.430288	-1.091947	-0.377760
1.880000	-2.984662	-0.911174	-0.546220	0.434816	-1.110140	-0.391596
1.900000	-2.784997	-0.853691	-0.602787	0.438627	-1.126290	-0.404305
1.920000	-2.585007	-0.796597	-0.653121	0.441621	-1.139944	-0.415744
1.940000	-2.387009	-0.740743	-0.695852	0.443697	-1.150647	-0.425772
1.960000	-2.193321	-0.686980	-0.729612	0.444756	-1.157942	-0.434244
1.980000	-2.006254	-0.636156	-0.753038	0.444698	-1.161378	-0.441021
2.000000	-1.827345	-0.588723	-0.765478	0.443486	-1.160769	-0.446057
2.020000	-1.656651	-0.544373	-0.767638	0.441209	-1.156444	-0.449495
2.040000	-1.494064	-0.502718	-0.760377	0.437965	-1.148789	-0.451498
2.060000	-1.339474	-0.463366	-0.744552	0.433856	-1.138189	-0.452229
2.080000	-1.192772	-0.425925	-0.721022	0.428983	-1.125029	-0.451851
2.100000	-1.053851	-0.390007	-0.690646	0.423444	-1.109696	-0.450527
2.120000	-0.922600	-0.355218	-0.654281	0.417341	-1.092575	-0.448421
2.140000	-0.798911	-0.321170	-0.612787	0.410774	-1.074051	-0.445695
2.160000	-0.682675	-0.287471	-0.567022	0.403844	-1.054511	-0.442513
2.180000	-0.573784	-0.253731	-0.517845	0.396650	-1.034339	-0.439037
2.200000	-0.472128	-0.219558	-0.466113	0.389294	-1.013921	-0.435431
2.220000	-0.377598	-0.184562	-0.412685	0.381876	-0.993644	-0.431858
2.240000	-0.290086	-0.148353	-0.358419	0.374495	-0.973892	-0.428481
2.260000	-0.209483	-0.110538	-0.304175	0.367253	-0.955052	-0.425463
2.280000	-0.135680	-0.070729	-0.250810	0.360249	-0.937509	-0.422967
2.300000	-0.068569	-0.028559	-0.199159	0.353584	-0.921635	-0.421150
2.320000	-0.008055	0.015920	-0.149684	0.347339	-0.907602	-0.420056
2.340000	0.045945	0.062324	-0.102544	0.341582	-0.895417	-0.419640
2.360000	0.093516	0.110257	-0.057891	0.336380	-0.885083	-0.419855
2.380000	0.134739	0.159326	-0.015876	0.331801	-0.876603	-0.420655
2.400000	0.169700	0.209134	0.023351	0.327912	-0.869980	-0.421991
2.420000	0.198481	0.259287	0.059637	0.324782	-0.865217	-0.423816
2.440000	0.221166	0.309392	0.092832	0.322476	-0.862317	-0.426083
2.460000	0.237838	0.359051	0.122784	0.321064	-0.861282	-0.428745
2.480000	0.248581	0.407872	0.149342	0.320612	-0.862115	-0.431755
2.500000	0.253478	0.455460	0.172355	0.321188	-0.864821	-0.435065
2.520000	0.252612	0.501419	0.191672	0.322859	-0.869401	-0.438627
2.540000	0.246068	0.545354	0.207141	0.325694	-0.875858	-0.442395
2.560000	0.233929	0.586872	0.218612	0.329759	-0.884195	-0.446322
2.580000	0.216278	0.625577	0.225932	0.335121	-0.894416	-0.450359
2.600000	0.193199	0.661075	0.228952	0.341849	-0.906523	-0.454460
2.620000	0.164954	0.693095	0.227586	0.349971	-0.920476	-0.458572
2.640000	0.132752	0.722029	0.222108	0.359313	-0.936003	-0.462610
2.660000	0.098109	0.748480	0.212904	0.369632	-0.952760	-0.466479
2.680000	0.062544	0.773055	0.200364	0.380688	-0.970400	-0.470084
2.700000	0.027572	0.796359	0.184876	0.392238	-0.988578	-0.473331
2.720000	-0.005288	0.818997	0.166828	0.404042	-1.006948	-0.476125
2.740000	-0.034519	0.841574	0.146608	0.415856	-1.025164	-0.478371
2.760000	-0.058604	0.864697	0.124605	0.427441	-1.042881	-0.479975
2.780000	-0.076026	0.888971	0.101207	0.438555	-1.059752	-0.480841
2.800000	-0.085268	0.915000	0.076801	0.448955	-1.075432	-0.480876
2.820000	-0.084811	0.943392	0.051778	0.458400	-1.089575	-0.479983
2.840000	-0.073139	0.974750	0.026524	0.466649	-1.101836	-0.478069
2.860000	-0.048735	1.009681	0.001428	0.473460	-1.111868	-0.475039
2.880000	-0.010081	1.048789	-0.023122	0.478591	-1.119326	-0.470798
2.900000	0.044340	1.092682	-0.046737	0.481802	-1.123864	-0.465250
