0.000000	1.378577	-0.298454	-1.086866	-0.222430	-1.041263	-0.079001
0.020000	1.389577	-0.380735	-1.146942	-0.222697	-1.032411	-0.073188
0.040000	1.406035	-0.455239	-1.200086	-0.222664	-1.023272	-0.067832
0.060000	1.428841	-0.520170	-1.245485	-0.222279	-1.013990	-0.062997
0.080000	1.458887	-0.573728	-1.282326	-0.221488	-1.004709	-0.058747
0.100000	1.497062	-0.614118	-1.309797	-0.220237	-0.995572	-0.055145
0.120000	1.544259	-0.639540	-1.327085	-0.218473	-0.986721	-0.052254
0.140000	1.601012	-0.648613	-1.333644	-0.216151	-0.978287	-0.050118
0.160000	1.665913	-0.642221	-1.330380	-0.213278	-0.970324	-0.048665
0.180000	1.736896	-0.622016	-1.318691	-0.209876	-0.962861	-0.047784
0.200000	1.811895	-0.589650	-1.299975	-0.205966	-0.955925	-0.047364
0.220000	1.888844	-0.546774	-1.275631	-0.201571	-0.949545	-0.047295
0.240000	1.965677	-0.495041	-1.247055	-0.196714	-0.943749	-0.047468
0.260000	2.040328	-0.436102	-1.215647	-0.191416	-0.938567	-0.047770
0.280000	2.110731	-0.371610	-1.182804	-0.185701	-0.934027	-0.048093
0.300000	2.174820	-0.303216	-1.149925	-0.179590	-0.930157	-0.048325
0.320000	2.230528	-0.232572	-1.118406	-0.173106	-0.926985	-0.048355
0.340000	2.275790	-0.161331	-1.089648	-0.166271	-0.924541	-0.048074
0.360000	2.308539	-0.091143	-1.065047	-0.159107	-0.922852	-0.047371
0.380000	2.326710	-0.023662	-1.046002	-0.151638	-0.921948	-0.046136
0.400000	2.328236	0.039461	-1.033911	-0.143884	-0.921856	-0.044258
0.420000	2.311051	0.096574	-1.030171	-0.135869	-0.922605	-0.041626
0.440000	2.273530	0.146223	-1.035952	-0.127618	-0.924211	-0.038148
0.460000	2.217259	0.188392	-1.050753	-0.119188	-0.926594	-0.033863
0.480000	2.145242	0.223701	-1.073333	-0.110644	-0.929635	-0.028865
0.500000	2.060487	0.252772	-1.102452	-0.102054	-0.933211	-0.023251
0.520000	1.966005	0.276227	-1.136867	-0.093487	-0.937203	-0.017116
0.540000	1.864806	0.294690	-1.175336	-0.085010	-0.941489	-0.010557
0.560000	1.759899	0.308784	-1.216617	-0.076689	-0.945949	-0.003669
0.580000	1.654295	0.319129	-1.259467	-0.068594	-0.950461	0.003452
0.600000	1.551003	0.326350	-1.302644	-0.060790	-0.954905	0.010710
0.620000	1.453034	0.331069	-1.344907	-0.053347	-0.959159	0.018008
0.640000	1.363396	0.333908	-1.385012	-0.046331	-0.963104	0.025251
0.660000	1.285101	0.335489	-1.421718	-0.039809	-0.966618	0.032344
0.680000	1.221157	0.336437	-1.453782	-0.033851	-0.969580	0.039190
0.700000	1.174575	0.337372	-1.479963	-0.028522	-0.971869	0.045693
0.720000	1.148365	0.338918	-1.499017	-0.023890	-0.973364	0.051757
0.740000	1.145537	0.341697	-1.509704	-0.020024	-0.973946	0.057287
0.760000	1.168911	0.346350	-1.510852	-0.016986	-0.973499	0.062191
0.780000	1.217860	0.353839	-1.502601	-0.014761	-0.972047	0.066462
0.800000	1.288736	0.365411	-1.486236	-0.013265	-0.969733	0.070166
0.820000	1.377789	0.382321	-1.463084	-0.012413	-0.966703	0.073373
0.840000	1.481270	0.405824	-1.434468	-0.012118	-0.963103	0.076151
0.860000	1.595428	0.437176	-1.401713	-0.012293	-0.959080	0.078570
0.880000	1.716515	0.477633	-1.366146	-0.012854	-0.954780	0.080699
0.900000	1.840780	0.528450	-1.329089	-0.013713	-0.950350	0.082606
0.920000	1.964473	0.590882	-1.291869	-0.014785	-0.945935	0.084360
0.940000	2.083845	0.666185	-1.255810	-0.015984	-0.941683	0.086031
0.960000	2.195147	0.755615	-1.222238	-0.017223	-0.937740	0.087688
0.980000	2.294627	0.860426	-1.192476	-0.018416	-0.934252	0.089399
1.000000	2.378538	0.981875	-1.167851	-0.019478	-0.931365	0.091234
1.020000	2.443128	1.121217	-1.149686	-0.020321	-0.929227	0.093261
1.040000	2.484648	1.279707	-1.139307	-0.020861	-0.927983	0.095550
1.060000	2.499436	1.458509	-1.137980	-0.021012	-0.927775	0.098167
1.080000	2.486295	1.656188	-1.145298	-0.020743	-0.928603	0.101113
1.100000	2.446777	1.868411	-1.158990	-0.020077	-0.930309	0.104318
1.120000	2.382582	2.090693	-1.176687	-0.019042	-0.932727	0.107705
1.140000	2.295406	2.318549	-1.196020	-0.017667	-0.935692	0.111198
1.160000	2.186950	2.547492	-1.214618	-0.015978	-0.939038	0.114724
1.180000	2.058909	2.773038	-1.230113	-0.014004	-0.942599	0.118205
1.200000	1.912982	2.990701	-1.240136	-0.011773	-0.946208	0.121566
1.220000	1.750868	3.195996	-1.242317	-0.009312	-0.949701	0.124733
1.240000	1.574265	3.384437	-1.234286	-0.006649	-0.952911	0.127628
1.260000	1.384869	3.551539	-1.213675	-0.003811	-0.955671	0.130178
1.280000	1.184381	3.692816	-1.178114	-0.000827	-0.957818	0.132306
1.300000	0.974497	3.803782	-1.125233	0.002276	-0.959183	0.133938
1.320000	0.756915	3.879954	-1.052664	0.005470	-0.959603	0.134996
1.340000	0.533334	3.916844	-0.958037	0.008728	-0.958910	0.135407
1.360000	0.305452	3.909968	-0.838982	0.012021	-0.956939	0.135094
1.380000	0.074965	3.854855	-0.693141	0.015321	-0.953524	0.133982
1.400000	-0.156730	3.750003	-0.520183	0.018586	-0.948601	0.132019
1.420000	-0.388900	3.600456	-0.324251	0.021734	-0.942328	0.129207
1.440000	-0.620899	3.412134	-0.110087	0.024682	-0.934893	0.125551
1.460000	-0.852081	3.190956	0.117567	0.027344	-0.926483	0.121059
1.480000	-1.081801	2.942842	0.353971	0.029637	-0.917286	0.115739
1.500000	-1.309413	2.673711	0.594382	0.031475	-0.907490	0.109597
1.520000	-1.534272	2.389482	0.834059	0.032774	-0.897282	0.102642
1.540000	-1.755731	2.096075	1.068262	0.033450	-0.886850	0.094880
1.560000	-1.973147	1.799408	1.292248	0.033418	-0.876383	0.086319
1.580000	-2.185872	1.505401	1.501276	0.032593	-0.866066	0.076966
1.600000	-2.393261	1.219974	1.690605	0.030890	-0.856089	0.066828
1.620000	-2.594670	0.949045	1.855493	0.028227	-0.846639	0.055913
1.640000	-2.789451	0.698534	1.991199	0.024516	-0.837904	0.044227
1.660000	-2.976960	0.474361	2.092982	0.019675	-0.830071	0.031778
1.680000	-3.156552	0.282444	2.156099	0.013619	-0.823328	0.018574
1.700000	-3.327579	0.128703	2.175811	0.006262	-0.817863	0.004622
1.720000	-3.489276	0.017543	2.148854	-0.002434	-0.813821	-0.010052
1.740000	-3.640306	-0.053669	2.078844	-0.012300	-0.811157	-0.025331
1.760000	-3.779168	-0.089608	1.971390	-0.023107	-0.809764	-0.041072
1.780000	-3.904361	-0.094950	1.832103	-0.034622	-0.809541	-0.057132
1.800000	-4.014386	-0.074369	1.666593	-0.046617	-0.810384	-0.073369
1.820000	-4.107741	-0.032541	1.480471	-0.058861	-0.812189	-0.089638
1.840000	-4.182926	0.025858	1.279346	-0.071124	-0.814852	-0.105799
1.860000	-4.238440	0.096152	1.068830	-0.083175	-0.818270	-0.121707
1.880000	-4.272783	0.173668	0.854532	-0.094785	-0.822338	-0.137219
1.900000	-4.284453	0.253728	0.642063	-0.105723	-0.826955	-0.152194
1.920000	-4.271951	0.331658	0.437033	-0.115758	-0.832015	-0.166487
1.940000	-4.233775	0.402783	0.245052	-0.124661	-0.837416	-0.179957
1.960000	-4.168425	0.462426	0.071732	-0.132202	-0.843054	-0.192460
1.980000	-4.074400	0.505913	-0.077319	-0.138149	-0.848825	-0.203853
2.000000	-3.950200	0.528567	-0.196489	-0.142273	-0.854625	-0.213993
2.020000	-3.794324	0.525715	-0.280168	-0.144344	-0.860351	-0.222739
2.040000	-3.605591	0.493143	-0.323306	-0.144161	-0.865910	-0.229961
2.060000	-3.386173	0.431500	-0.326710	-0.141842	-0.871312	-0.235692
2.080000	-3.140236	0.344328	-0.294681	-0.137692	-0.876632	-0.240059
2.100000	-2.871975	0.235206	-0.231566	-0.132019	-0.881946	-0.243191
2.120000	-2.585585	0.107717	-0.141711	-0.125132	-0.887327	-0.245216
2.140000	-2.285259	-0.034559	-0.029463	-0.117340	-0.892851	-0.246262
2.160000	-1.975193	-0.188040	0.100832	-0.108949	-0.898592	-0.246459
2.180000	-1.659581	-0.349146	0.244826	-0.100269	-0.904627	-0.245933
2.200000	-1.342617	-0.514296	0.398172	-0.091608	-0.911029	-0.244815
2.220000	-1.028495	-0.679909	0.556525	-0.083274	-0.917873	-0.243232
2.240000	-0.721410	-0.842404	0.715537	-0.075575	-0.925235	-0.241312
2.260000	-0.425557	-0.998200	0.870861	-0.068820	-0.933189	-0.239185
2.280000	-0.145130	-1.143715	1.018152	-0.063317	-0.941811	-0.236979
2.300000	0.115678	-1.275370	1.153061	-0.059374	-0.951175	-0.234821
2.320000	0.352671	-1.389582	1.271243	-0.057300	-0.961356	-0.232841
2.340000	0.561655	-1.482772	1.368351	-0.057402	-0.972430	-0.231168
2.360000	0.739435	-1.552306	1.441105	-0.059892	-0.984428	-0.229898
2.380000	0.886558	-1.599091	1.490213	-0.064622	-0.997226	-0.229016
2.400000	1.004438	-1.624863	1.517315	-0.071358	-1.010663	-0.228480
2.420000	1.094495	-1.631356	1.524050	-0.079867	-1.024575	-0.228247
2.440000	1.158144	-1.620306	1.512059	-0.089914	-1.038802	-0.228275
2.460000	1.196804	-1.593448	1.482981	-0.101268	-1.053181	-0.228521
2.480000	1.211892	-1.552517	1.438454	-0.113694	-1.067551	-0.228943
2.500000	1.204824	-1.499246	1.380120	-0.126959	-1.081749	-0.229498
2.520000	1.177018	-1.435373	1.309617	-0.140830	-1.095615	-0.230145
2.540000	1.129892	-1.362631	1.228585	-0.155074	-1.108985	-0.230840
2.560000	1.064863	-1.282755	1.138664	-0.169456	-1.121699	-0.231542
2.580000	0.983347	-1.197481	1.041493	-0.183744	-1.133594	-0.232206
2.600000	0.886763	-1.108543	0.938711	-0.197705	-1.144508	-0.232793
2.620000	0.776527	-1.017676	0.831959	-0.211104	-1.154280	-0.233258
2.640000	0.654056	-0.926616	0.722876	-0.223709	-1.162748	-0.233559
2.660000	0.520769	-0.837096	0.613102	-0.235286	-1.169749	-0.233654
2.680000	0.378158	-0.750697	0.504219	-0.245622	-1.175141	-0.233506
2.700000	0.228334	-0.667717	0.397348	-0.254670	-1.178936	-0.233118
2.720000	0.073713	-0.587830	0.293385	-0.262461	-1.181221	-0.232513
2.740000	-0.083288	-0.510705	0.193222	-0.269029	-1.182082	-0.231715
2.760000	-0.240254	-0.436011	0.097751	-0.274407	-1.181609	-0.230748
2.780000	-0.394767	-0.363419	0.007868	-0.278629	-1.179888	-0.229636
2.800000	-0.544411	-0.292596	-0.075536	-0.281728	-1.177007	-0.228401
2.820000	-0.686768	-0.223214	-0.151568	-0.283737	-1.173054	-0.227069
2.840000	-0.819422	-0.154941	-0.219333	-0.284690	-1.168117	-0.225661
2.860000	-0.939957	-0.087446	-0.277940	-0.284620	-1.162282	-0.224203
2.880000	-1.045956	-0.020400	-0.326494	-0.283560	-1.155639	-0.222717
2.900000	-1.135001	0.046529	-0.364103	-0.281543	-1.148274	-0.221227
2.920000	-1.204676	0.113671	-0.389874	-0.278603	-1.140275	-0.219757
2.940000	-1.252565	0.181357	-0.402913	-0.274774	-1.131730	-0.218331
2.960000	-1.276251	0.249918	-0.402328	-0.270087	-1.122726	-0.216972
2.980000	-1.273317	0.319683	-0.387225	-0.264577	-1.113351	-0.215704
3.000000	-1.242567	0.390673	-0.357401	-0.258300	-1.103700	-0.214540
3.020000	-1.186474	0.461974	-0.314728	-0.251377	-1.093888	-0.213460
3.040000	-1.108201	0.532495	-0.261468	-0.243945	-1.084033	-0.212439
3.060000	-1.010911	0.601148	-0.199883	-0.236138	-1.074255	-0.211451
3.080000	-0.897765	0.666841	-0.132233	-0.228093	-1.064673	-0.210472
3.100000	-0.771928	0.728486	-0.060781	-0.219943	-1.055406	-0.209475
3.120000	-0.636560	0.784993	0.012212	-0.211825	-1.046572	-0.208436
3.140000	-0.494826	0.835271	0.084484	-0.203874	-1.038291	-0.207329
3.160000	-0.349888	0.878232	0.153773	-0.196226	-1.030682	-0.206129
3.180000	-0.204907	0.912785	0.217819	-0.189014	-1.023864	-0.204809
3.200000	-0.063048	0.937841	0.274359	-0.182376	-1.017956	-0.203346
3.220000	0.072528	0.952309	0.321131	-0.176445	-1.013077	-0.201712
3.240000	0.198658	0.955101	0.355875	-0.171358	-1.009346	-0.199884
3.260000	0.312179	0.945126	0.376328	-0.167250	-1.006882	-0.197835
3.280000	0.409928	0.921294	0.380230	-0.164256	-1.005804	-0.195541
3.300000	0.488820	0.882556	0.365369	-0.162507	-1.006226	-0.192976
3.320000	0.548359	0.829203	0.331327	-0.162005	-1.008117	-0.190138
3.340000	0.591233	0.763176	0.279876	-0.162591	-1.011263	-0.187055
3.360000	0.620325	0.686519	0.212924	-0.164094	-1.015441	-0.183753
3.380000	0.638516	0.601272	0.132380	-0.166347	-1.020426	-0.180262
3.400000	0.648690	0.509477	0.040153	-0.169181	-1.025994	-0.176610
3.420000	0.653728	0.413177	-0.061851	-0.172425	-1.031922	-0.172824
3.440000	0.656514	0.314413	-0.171722	-0.175912	-1.037985	-0.168932
3.460000	0.659928	0.215228	-0.287554	-0.179473	-1.043959	-0.164964
3.480000	0.666854	0.117663	-0.407436	-0.182938	-1.049621	-0.160947
3.500000	0.680175	0.023760	-0.529462	-0.186138	-1.054746	-0.156908
3.520000	0.702771	-0.064439	-0.651723	-0.188905	-1.059111	-0.152877
3.540000	0.737526	-0.144891	-0.772311	-0.191069	-1.062491	-0.148882
3.560000	0.787322	-0.215556	-0.889318	-0.192461	-1.064662	-0.144950
3.580000	0.855041	-0.274391	-1.000835	-0.192913	-1.065401	-0.141109
3.600000	0.943566	-0.319354	-1.104955	-0.192255	-1.064483	-0.137389
3.620000	1.055340	-0.348660	-1.199930	-0.190338	-1.061714	-0.133812
3.640000	1.188973	-0.362772	-1.285421	-0.187185	-1.057157	-0.130364
3.660000	1.341089	-0.363318	-1.361815	-0.182908	-1.051008	-0.127009
3.680000	1.508295	-0.351933	-1.429507	-0.177619	-1.043463	-0.123714
3.700000	1.687200	-0.330254	-1.488893	-0.171431	-1.034722	-0.120443
3.720000	1.874411	-0.299918	-1.540366	-0.164457	-1.024979	-0.117161
3.740000	2.066535	-0.262560	-1.584320	-0.156808	-1.014434	-0.113834
3.760000	2.260181	-0.219817	-1.621151	-0.148599	-1.003283	-0.110426
3.780000	2.451957	-0.173326	-1.651253	-0.139941	-0.991723	-0.106903
