0.000000	2.699204	0.169747	-0.838892	-0.131520	-0.907260	-0.237218
0.020000	2.846453	0.231601	-0.936526	-0.123866	-0.905489	-0.228216
0.040000	2.977423	0.303100	-1.028663	-0.116711	-0.904884	-0.218720
0.060000	3.091373	0.383771	-1.114473	-0.110078	-0.905415	-0.208787
0.080000	3.189248	0.472002	-1.193977	-0.103949	-0.906951	-0.198521
0.100000	3.272076	0.566127	-1.267234	-0.098304	-0.909359	-0.188031
0.120000	3.340879	0.664478	-1.334304	-0.093124	-0.912502	-0.177424
0.140000	3.396684	0.765390	-1.395246	-0.088387	-0.916247	-0.166809
0.160000	3.440514	0.867196	-1.450122	-0.084073	-0.920457	-0.156293
0.180000	3.473396	0.968230	-1.498990	-0.080163	-0.924999	-0.145985
0.200000	3.496355	1.066825	-1.541910	-0.076637	-0.929736	-0.135991
0.220000	3.510414	1.161314	-1.578942	-0.073473	-0.934535	-0.126421
0.240000	3.516600	1.250032	-1.610145	-0.070653	-0.939260	-0.117381
0.260000	3.515937	1.331312	-1.635581	-0.068155	-0.943776	-0.108981
0.280000	3.509450	1.403487	-1.655308	-0.065960	-0.947949	-0.101326
0.300000	3.498164	1.464891	-1.669386	-0.064047	-0.951642	-0.094527
0.320000	3.483105	1.513857	-1.677875	-0.062397	-0.954722	-0.088690
0.340000	3.465296	1.548720	-1.680835	-0.060989	-0.957054	-0.083923
0.360000	3.445761	1.567819	-1.678326	-0.059803	-0.958502	-0.080334
0.380000	3.425037	1.570419	-1.670503	-0.058815	-0.959006	-0.077939
0.400000	3.402676	1.557682	-1.657713	-0.057992	-0.958658	-0.076565
0.420000	3.378108	1.530999	-1.640324	-0.057303	-0.957565	-0.076017
0.440000	3.350763	1.491762	-1.618708	-0.056713	-0.955837	-0.076102
0.460000	3.320072	1.441363	-1.593233	-0.056190	-0.953583	-0.076624
0.480000	3.285465	1.381192	-1.564271	-0.055701	-0.950912	-0.077388
0.500000	3.246373	1.312643	-1.532191	-0.055212	-0.947933	-0.078201
0.520000	3.202225	1.237107	-1.497362	-0.054690	-0.944755	-0.078867
0.540000	3.152452	1.155975	-1.460156	-0.054104	-0.941488	-0.079191
0.560000	3.096485	1.070639	-1.420942	-0.053419	-0.938239	-0.078979
0.580000	3.033753	0.982491	-1.380090	-0.052602	-0.935118	-0.078037
0.600000	2.963688	0.892923	-1.337970	-0.051621	-0.932235	-0.076168
0.620000	2.885719	0.803327	-1.294951	-0.050442	-0.929697	-0.073180
0.640000	2.799277	0.715094	-1.251405	-0.049032	-0.927615	-0.068877
0.660000	2.703793	0.629615	-1.207700	-0.047359	-0.926097	-0.063064
0.680000	2.599125	0.548166	-1.164271	-0.045408	-0.925216	-0.055644
0.700000	2.486269	0.471709	-1.121714	-0.043211	-0.924947	-0.046776
0.720000	2.366407	0.401157	-1.080656	-0.040812	-0.925251	-0.036661
0.740000	2.240722	0.337422	-1.041723	-0.038252	-0.926086	-0.025502
0.760000	2.110394	0.281416	-1.005540	-0.035573	-0.927414	-0.013500
0.780000	1.976607	0.234052	-0.972733	-0.032816	-0.929194	-0.000856
0.800000	1.840543	0.196240	-0.943929	-0.030023	-0.931385	0.012228
0.820000	1.703384	0.168894	-0.919753	-0.027237	-0.933949	0.025550
0.840000	1.566311	0.152926	-0.900830	-0.024498	-0.936843	0.038910
0.860000	1.430507	0.149248	-0.887787	-0.021849	-0.940029	0.052104
0.880000	1.297155	0.158771	-0.881249	-0.019331	-0.943466	0.064932
0.900000	1.167436	0.182409	-0.881843	-0.016987	-0.947115	0.077193
0.920000	1.042532	0.221073	-0.890194	-0.014857	-0.950934	0.088683
0.940000	0.923626	0.275676	-0.906927	-0.012985	-0.954884	0.099203
0.960000	0.811899	0.347129	-0.932669	-0.011410	-0.958925	0.108550
0.980000	0.707947	0.435503	-0.967518	-0.010155	-0.963004	0.116567
1.000000	0.610312	0.537921	-1.009730	-0.009161	-0.967029	0.123249
1.020000	0.517090	0.650869	-1.057160	-0.008357	-0.970895	0.128627
1.040000	0.426377	0.770830	-1.107663	-0.007671	-0.974501	0.132730
1.060000	0.336268	0.894288	-1.159093	-0.007028	-0.977743	0.135587
1.080000	0.244858	1.017725	-1.209304	-0.006358	-0.980519	0.137229
1.100000	0.150244	1.137627	-1.256151	-0.005586	-0.982726	0.137684
1.120000	0.050520	1.250476	-1.297490	-0.004640	-0.984261	0.136983
1.140000	-0.056217	1.352756	-1.331173	-0.003448	-0.985022	0.135154
1.160000	-0.171872	1.440951	-1.355057	-0.001936	-0.984905	0.132228
1.180000	-0.298350	1.511544	-1.366994	-0.000033	-0.983808	0.128233
1.200000	-0.437556	1.561019	-1.364841	0.002335	-0.981628	0.123200
1.220000	-0.591392	1.585860	-1.346452	0.005241	-0.978262	0.117159
1.240000	-0.761765	1.582550	-1.309681	0.008756	-0.973608	0.110138
1.260000	-0.950578	1.547573	-1.252382	0.012954	-0.967562	0.102167
1.280000	-1.159735	1.477412	-1.172411	0.017908	-0.960023	0.093276
1.300000	-1.390967	1.369217	-1.068108	0.023661	-0.950911	0.083501
1.320000	-1.644666	1.225185	-0.941505	0.030047	-0.940340	0.072922
1.340000	-1.920614	1.049835	-0.796333	0.036800	-0.928509	0.061642
1.360000	-2.218589	0.847697	-0.636329	0.043654	-0.915618	0.049763
1.380000	-2.538370	0.623301	-0.465230	0.050342	-0.901868	0.037386
1.400000	-2.879735	0.381177	-0.286774	0.056598	-0.887457	0.024615
1.420000	-3.242461	0.125855	-0.104699	0.062158	-0.872588	0.011550
1.440000	-3.626327	-0.138135	0.077258	0.066753	-0.857458	-0.001704
1.460000	-4.031111	-0.406262	0.255359	0.070120	-0.842270	-0.015048
1.480000	-4.456591	-0.673998	0.425866	0.071990	-0.827222	-0.028377
1.500000	-4.902545	-0.936811	0.585042	0.072099	-0.812515	-0.041591
1.520000	-5.368752	-1.190172	0.729148	0.070181	-0.798349	-0.054587
1.540000	-5.854990	-1.429550	0.854448	0.065968	-0.784923	-0.067263
1.560000	-6.361036	-1.650416	0.957203	0.059196	-0.772439	-0.079516
1.580000	-6.886669	-1.848240	1.033676	0.049598	-0.761096	-0.091245
1.600000	-7.431665	-2.018493	1.080132	0.036909	-0.751094	-0.102347
1.620000	-7.993501	-2.158127	1.094545	0.021018	-0.742607	-0.112770
1.640000	-8.563183	-2.268272	1.079717	0.002256	-0.735735	-0.122601
1.660000	-9.130577	-2.350787	1.039293	-0.018970	-0.730565	-0.131951
1.680000	-9.685554	-2.407531	0.976920	-0.042252	-0.727183	-0.140931
1.700000	-10.217984	-2.440364	0.896243	-0.067183	-0.725677	-0.149652
1.720000	-10.717734	-2.451145	0.800908	-0.093355	-0.726133	-0.158225
1.740000	-11.174675	-2.441735	0.694560	-0.120362	-0.728638	-0.166763
1.760000	-11.578675	-2.413993	0.580847	-0.147795	-0.733279	-0.175376
1.780000	-11.919605	-2.369778	0.463412	-0.175247	-0.740142	-0.184175
1.800000	-12.187333	-2.310950	0.345903	-0.202311	-0.749316	-0.193271
1.820000	-12.371728	-2.239368	0.231965	-0.228580	-0.760886	-0.202776
1.840000	-12.462660	-2.156892	0.125244	-0.253646	-0.774939	-0.212802
1.860000	-12.449998	-2.065382	0.029385	-0.277102	-0.791562	-0.223458
1.880000	-12.323611	-1.966698	-0.051966	-0.298540	-0.810843	-0.234857
1.900000	-12.073369	-1.862698	-0.115162	-0.317553	-0.832868	-0.247110
1.920000	-11.689140	-1.755242	-0.156559	-0.333733	-0.857723	-0.260328
1.940000	-11.163887	-1.646094	-0.173178	-0.346744	-0.885427	-0.274585
1.960000	-10.509254	-1.536434	-0.166083	-0.356667	-0.915578	-0.289729
1.980000	-9.743869	-1.427226	-0.137846	-0.363743	-0.947618	-0.305524
2.000000	-8.886372	-1.319431	-0.091042	-0.368212	-0.980989	-0.321735
2.020000	-7.955403	-1.214013	-0.028247	-0.370316	-1.015134	-0.338125
2.040000	-6.969601	-1.111934	0.047966	-0.370295	-1.049494	-0.354458
2.060000	-5.947605	-1.014158	0.135020	-0.368389	-1.083511	-0.370499
2.080000	-4.908056	-0.921646	0.230340	-0.364839	-1.116627	-0.386010
2.100000	-3.869594	-0.835361	0.331352	-0.359885	-1.148284	-0.400757
2.120000	-2.850857	-0.756266	0.435481	-0.353769	-1.177925	-0.414502
2.140000	-1.870485	-0.685324	0.540150	-0.346730	-1.204991	-0.427011
2.160000	-0.947119	-0.623497	0.642786	-0.339009	-1.228923	-0.438046
2.180000	-0.099397	-0.571748	0.740814	-0.330847	-1.249165	-0.447372
2.200000	0.654039	-0.531040	0.831657	-0.322484	-1.265157	-0.454753
2.220000	1.294552	-0.502335	0.912741	-0.314161	-1.276343	-0.459953
2.240000	1.803537	-0.486593	0.981495	-0.306118	-1.282165	-0.462736
2.260000	2.170941	-0.484061	1.036208	-0.298523	-1.282368	-0.463002
2.280000	2.406310	-0.493355	1.077138	-0.291383	-1.277393	-0.460964
2.300000	2.521921	-0.512860	1.104821	-0.284679	-1.267774	-0.456877
2.320000	2.530054	-0.540966	1.119791	-0.278394	-1.254047	-0.450996
2.340000	2.442986	-0.576057	1.122583	-0.272509	-1.236748	-0.443577
2.360000	2.272996	-0.616522	1.113732	-0.267008	-1.216413	-0.434874
2.380000	2.032362	-0.660748	1.093773	-0.261872	-1.193577	-0.425143
2.400000	1.733363	-0.707122	1.063239	-0.257084	-1.168776	-0.414640
2.420000	1.388276	-0.754030	1.022666	-0.252625	-1.142545	-0.403619
2.440000	1.009379	-0.799860	0.972589	-0.248479	-1.115421	-0.392336
2.460000	0.608952	-0.843000	0.913542	-0.244627	-1.087939	-0.381047
2.480000	0.199273	-0.881836	0.846059	-0.241052	-1.060634	-0.370006
2.500000	-0.207381	-0.914755	0.770677	-0.237736	-1.034043	-0.359469
2.520000	-0.598731	-0.940145	0.687928	-0.234662	-1.008700	-0.349692
2.540000	-0.962499	-0.956392	0.598348	-0.231811	-0.985142	-0.340928
2.560000	-1.286407	-0.961884	0.502472	-0.229165	-0.963904	-0.333435
2.580000	-1.560351	-0.955374	0.400932	-0.226710	-0.945428	-0.327413
2.600000	-1.784767	-0.937385	0.294836	-0.224436	-0.929698	-0.322804
2.620000	-1.963273	-0.908979	0.185437	-0.222339	-0.916561	-0.319472
2.640000	-2.099487	-0.871215	0.073986	-0.220412	-0.905863	-0.317281
2.660000	-2.197028	-0.825153	-0.038265	-0.218651	-0.897451	-0.316093
2.680000	-2.259516	-0.771852	-0.150065	-0.217049	-0.891170	-0.315771
2.700000	-2.290570	-0.712374	-0.260160	-0.215600	-0.886869	-0.316181
2.720000	-2.293808	-0.647778	-0.367301	-0.214301	-0.884392	-0.317183
2.740000	-2.272849	-0.579123	-0.470234	-0.213144	-0.883588	-0.318643
2.760000	-2.231313	-0.507470	-0.567708	-0.212124	-0.884301	-0.320423
2.780000	-2.172817	-0.433879	-0.658472	-0.211236	-0.886379	-0.322388
2.800000	-2.100982	-0.359410	-0.741273	-0.210474	-0.889669	-0.324399
2.820000	-2.019427	-0.285123	-0.814859	-0.209832	-0.894016	-0.326321
2.840000	-1.931769	-0.212077	-0.877979	-0.209305	-0.899267	-0.328017
2.860000	-1.841628	-0.141334	-0.929381	-0.208888	-0.905269	-0.329350
2.880000	-1.752623	-0.073951	-0.967813	-0.208575	-0.911868	-0.330184
2.900000	-1.668111	-0.010943	-0.992186	-0.208359	-0.918915	-0.330393
2.920000	-1.588563	0.047201	-1.003189	-0.208235	-0.926316	-0.329975
2.940000	-1.512671	0.100314	-1.002613	-0.208192	-0.934009	-0.329001
2.960000	-1.439097	0.148235	-0.992265	-0.208222	-0.941933	-0.327545
2.980000	-1.366504	0.190800	-0.973951	-0.208318	-0.950027	-0.325681
3.000000	-1.293556	0.227849	-0.949479	-0.208469	-0.958229	-0.323483
3.020000	-1.218916	0.259219	-0.920655	-0.208669	-0.966479	-0.321024
3.040000	-1.141248	0.284748	-0.889287	-0.208907	-0.974715	-0.318378
3.060000	-1.059215	0.304275	-0.857180	-0.209175	-0.982876	-0.315618
3.080000	-0.971480	0.317636	-0.826142	-0.209466	-0.990900	-0.312818
3.100000	-0.876707	0.324670	-0.797979	-0.209769	-0.998728	-0.310052
3.120000	-0.773559	0.325215	-0.774499	-0.210077	-1.006297	-0.307393
3.140000	-0.660700	0.319109	-0.757508	-0.210381	-1.013547	-0.304916
3.160000	-0.536792	0.306190	-0.748813	-0.210673	-1.020415	-0.302693
3.180000	-0.400499	0.286296	-0.750221	-0.210943	-1.026842	-0.300798
3.200000	-0.250485	0.259265	-0.763538	-0.211184	-1.032766	-0.299305
3.220000	-0.086073	0.225272	-0.789977	-0.211378	-1.038134	-0.298255
3.240000	0.090842	0.185809	-0.828437	-0.211479	-1.042923	-0.297565
3.260000	0.277741	0.142687	-0.877250	-0.211434	-1.047118	-0.297121
3.280000	0.472103	0.097715	-0.934753	-0.211188	-1.050707	-0.296807
3.300000	0.671409	0.052706	-0.999279	-0.210686	-1.053672	-0.296510
3.320000	0.873139	0.009469	-1.069164	-0.209876	-1.056000	-0.296116
3.340000	1.074773	-0.030184	-1.142742	-0.208703	-1.057677	-0.295511
3.360000	1.273791	-0.064442	-1.218348	-0.207112	-1.058687	-0.294579
3.380000	1.467674	-0.091495	-1.294316	-0.205051	-1.059015	-0.293208
3.400000	1.653900	-0.109532	-1.368982	-0.202464	-1.058648	-0.291282
3.420000	1.829951	-0.116742	-1.440679	-0.199298	-1.057570	-0.288688
3.440000	1.993307	-0.111313	-1.507743	-0.195499	-1.055767	-0.285311
3.460000	2.141447	-0.091437	-1.568508	-0.191012	-1.053224	-0.281037
3.480000	2.271852	-0.055300	-1.621310	-0.185784	-1.049926	-0.275752
3.500000	2.382001	-0.001094	-1.664482	-0.179761	-1.045859	-0.269342
3.520000	2.469402	0.072963	-1.696378	-0.172890	-1.041009	-0.261693
3.540000	2.533085	0.166798	-1.716508	-0.165177	-1.035404	-0.252791
3.560000	2.574431	0.277489	-1.726158	-0.156722	-1.029141	-0.242766
3.580000	2.595022	0.401872	-1.726767	-0.147633	-1.022318	-0.231765
3.600000	2.596440	0.536781	-1.719773	-0.138017	-1.015037	-0.219931
