0.000000	1.169431	0.603014	-0.804095	-0.160017	-1.059720	-0.241753
0.020000	1.179635	0.643556	-0.875316	-0.156795	-1.054178	-0.237013
0.040000	1.153086	0.699314	-0.947659	-0.153871	-1.048061	-0.232072
0.060000	1.095485	0.767963	-1.020517	-0.151191	-1.041376	-0.226972
0.080000	1.012536	0.847177	-1.093282	-0.148703	-1.034129	-0.221751
0.100000	0.909939	0.934632	-1.165349	-0.146354	-1.026329	-0.216451
0.120000	0.793396	1.028001	-1.236110	-0.144091	-1.017982	-0.211113
0.140000	0.668609	1.124959	-1.304958	-0.141862	-1.009094	-0.205776
0.160000	0.541280	1.223182	-1.371286	-0.139615	-0.999674	-0.200482
0.180000	0.417110	1.320342	-1.434488	-0.137296	-0.989727	-0.195271
0.200000	0.301802	1.414116	-1.493956	-0.134853	-0.979262	-0.190184
0.220000	0.201057	1.502177	-1.549084	-0.132233	-0.968284	-0.185260
0.240000	0.120578	1.582200	-1.599265	-0.129384	-0.956802	-0.180541
0.260000	0.066065	1.651859	-1.643891	-0.126252	-0.944822	-0.176067
0.280000	0.043220	1.708830	-1.682357	-0.122786	-0.932351	-0.171879
0.300000	0.057746	1.750787	-1.714054	-0.118932	-0.919395	-0.168017
0.320000	0.114972	1.775528	-1.738412	-0.114642	-0.905969	-0.164519
0.340000	0.214186	1.782871	-1.755419	-0.109936	-0.892170	-0.161379
0.360000	0.349789	1.774266	-1.765521	-0.104887	-0.878167	-0.158554
0.380000	0.516037	1.751211	-1.769175	-0.099571	-0.864133	-0.156001
0.400000	0.707186	1.715204	-1.766840	-0.094063	-0.850238	-0.153677
0.420000	0.917495	1.667743	-1.758974	-0.088439	-0.836654	-0.151539
0.440000	1.141221	1.610325	-1.746034	-0.082775	-0.823553	-0.149544
0.460000	1.372621	1.544448	-1.728478	-0.077145	-0.811104	-0.147648
0.480000	1.605951	1.471611	-1.706766	-0.071627	-0.799481	-0.145808
0.500000	1.835470	1.393310	-1.681354	-0.066295	-0.788854	-0.143981
0.520000	2.055435	1.311045	-1.652700	-0.061224	-0.779394	-0.142124
0.540000	2.260102	1.226312	-1.621264	-0.056491	-0.771273	-0.140194
0.560000	2.443729	1.140610	-1.587502	-0.052171	-0.764662	-0.138148
0.580000	2.600573	1.055436	-1.551873	-0.048340	-0.759733	-0.135941
0.600000	2.724892	0.972289	-1.514835	-0.045073	-0.756656	-0.133532
0.620000	2.810943	0.892665	-1.476846	-0.042445	-0.755604	-0.130876
0.640000	2.854147	0.817836	-1.438331	-0.040514	-0.756703	-0.127940
0.660000	2.856097	0.747870	-1.399549	-0.039233	-0.759847	-0.124732
0.680000	2.820414	0.682439	-1.360699	-0.038523	-0.764850	-0.121279
0.700000	2.750724	0.621213	-1.321984	-0.038304	-0.771530	-0.117604
0.720000	2.650653	0.563863	-1.283603	-0.038498	-0.779701	-0.113733
0.740000	2.523825	0.510062	-1.245760	-0.039025	-0.789181	-0.109690
0.760000	2.373866	0.459481	-1.208654	-0.039805	-0.799783	-0.105500
0.780000	2.204400	0.411790	-1.172486	-0.040760	-0.811326	-0.101188
0.800000	2.019052	0.366661	-1.137458	-0.041809	-0.823623	-0.096778
0.820000	1.821448	0.323765	-1.103772	-0.042874	-0.836492	-0.092296
0.840000	1.615212	0.282774	-1.071627	-0.043875	-0.849747	-0.087767
0.860000	1.403970	0.243358	-1.041226	-0.044732	-0.863205	-0.083214
0.880000	1.191346	0.205190	-1.012769	-0.045367	-0.876682	-0.078663
0.900000	0.980966	0.167940	-0.986457	-0.045700	-0.889993	-0.074138
0.920000	0.776454	0.131280	-0.962492	-0.045652	-0.902954	-0.069665
0.940000	0.581436	0.094881	-0.941075	-0.045143	-0.915382	-0.065268
0.960000	0.399536	0.058414	-0.922406	-0.044093	-0.927091	-0.060972
0.980000	0.233408	0.021718	-0.906458	-0.042457	-0.937929	-0.056806
1.000000	0.082571	-0.014825	-0.892456	-0.040287	-0.947843	-0.052814
1.020000	-0.054083	-0.050728	-0.879482	-0.037660	-0.956801	-0.049043
1.040000	-0.177661	-0.085500	-0.866613	-0.034651	-0.964770	-0.045541
1.060000	-0.289273	-0.118654	-0.852928	-0.031336	-0.971717	-0.042353
1.080000	-0.390026	-0.149700	-0.837507	-0.027789	-0.977610	-0.039527
1.100000	-0.481030	-0.178150	-0.819429	-0.024087	-0.982416	-0.037110
1.120000	-0.563392	-0.203513	-0.797772	-0.020305	-0.986103	-0.035149
1.140000	-0.638221	-0.225301	-0.771616	-0.016518	-0.988637	-0.033690
1.160000	-0.706625	-0.243026	-0.740039	-0.012802	-0.989987	-0.032780
1.180000	-0.769713	-0.256198	-0.702121	-0.009231	-0.990119	-0.032467
1.200000	-0.828594	-0.264328	-0.656941	-0.005883	-0.989002	-0.032797
1.220000	-0.884374	-0.266927	-0.603577	-0.002831	-0.986602	-0.033817
1.240000	-0.938164	-0.263506	-0.541109	-0.000152	-0.982887	-0.035574
1.260000	-0.991071	-0.253576	-0.468615	0.002080	-0.977825	-0.038115
1.280000	-1.044202	-0.236666	-0.385202	0.003789	-0.971385	-0.041486
1.300000	-1.098585	-0.212967	-0.291028	0.004954	-0.963627	-0.045671
1.320000	-1.155149	-0.183541	-0.187623	0.005619	-0.954734	-0.050578
1.340000	-1.214814	-0.149502	-0.076609	0.005833	-0.944892	-0.056108
1.360000	-1.278502	-0.111969	0.040393	0.005644	-0.934289	-0.062163
1.380000	-1.347133	-0.072059	0.161760	0.005103	-0.923115	-0.068645
1.400000	-1.421629	-0.030889	0.285872	0.004256	-0.911557	-0.075456
1.420000	-1.502910	0.010423	0.411106	0.003155	-0.899803	-0.082498
1.440000	-1.591898	0.050762	0.535840	0.001847	-0.888041	-0.089671
1.460000	-1.689514	0.089009	0.658453	0.000382	-0.876461	-0.096879
1.480000	-1.796678	0.124047	0.777323	-0.001192	-0.865249	-0.104023
1.500000	-1.914311	0.154760	0.890829	-0.002825	-0.854594	-0.111005
1.520000	-2.043336	0.180030	0.997348	-0.004468	-0.844685	-0.117726
1.540000	-2.184672	0.198739	1.095259	-0.006074	-0.835709	-0.124089
1.560000	-2.339241	0.209772	1.182941	-0.007592	-0.827854	-0.129994
1.580000	-2.507964	0.212010	1.258771	-0.008974	-0.821309	-0.135345
1.600000	-2.691759	0.204337	1.321129	-0.010170	-0.816262	-0.140042
1.620000	-2.890173	0.186182	1.369029	-0.011170	-0.812835	-0.144050
1.640000	-3.099177	0.158390	1.403139	-0.012062	-0.810977	-0.147497
1.660000	-3.314170	0.122035	1.424394	-0.012947	-0.810611	-0.150538
1.680000	-3.530548	0.078191	1.433728	-0.013930	-0.811658	-0.153325
1.700000	-3.743706	0.027932	1.432075	-0.015114	-0.814041	-0.156012
1.720000	-3.949043	-0.027667	1.420370	-0.016602	-0.817680	-0.158754
1.740000	-4.141955	-0.087534	1.399547	-0.018497	-0.822500	-0.161705
1.760000	-4.317838	-0.150593	1.370541	-0.020902	-0.828420	-0.165018
1.780000	-4.472090	-0.215771	1.334286	-0.023921	-0.835364	-0.168847
1.800000	-4.600107	-0.281994	1.291716	-0.027657	-0.843253	-0.173347
1.820000	-4.697286	-0.348188	1.243765	-0.032213	-0.852009	-0.178670
1.840000	-4.759023	-0.413279	1.191369	-0.037692	-0.861555	-0.184972
1.860000	-4.780716	-0.476193	1.135461	-0.044197	-0.871811	-0.192406
1.880000	-4.757761	-0.535856	1.076975	-0.051832	-0.882701	-0.201125
1.900000	-4.685556	-0.591194	1.016847	-0.060700	-0.894146	-0.211284
1.920000	-4.559696	-0.641156	0.955996	-0.070898	-0.906068	-0.223029
1.940000	-4.381053	-0.685273	0.894964	-0.082386	-0.918394	-0.236317
1.960000	-4.156178	-0.723708	0.833885	-0.094970	-0.931054	-0.250899
1.980000	-3.891902	-0.756656	0.772874	-0.108451	-0.943978	-0.266514
2.000000	-3.595059	-0.784309	0.712044	-0.122630	-0.957099	-0.282905
2.020000	-3.272479	-0.806862	0.651512	-0.137306	-0.970346	-0.299811
2.040000	-2.930996	-0.824507	0.591389	-0.152280	-0.983650	-0.316974
2.060000	-2.577440	-0.837438	0.531792	-0.167352	-0.996943	-0.334133
2.080000	-2.218643	-0.845849	0.472834	-0.182323	-1.010155	-0.351031
2.100000	-1.861439	-0.849934	0.414629	-0.196992	-1.023216	-0.367407
2.120000	-1.512658	-0.849885	0.357292	-0.211160	-1.036059	-0.383002
2.140000	-1.179132	-0.845897	0.300937	-0.224628	-1.048613	-0.397557
2.160000	-0.867695	-0.838163	0.245679	-0.237195	-1.060809	-0.410813
2.180000	-0.585176	-0.826877	0.191632	-0.248662	-1.072578	-0.422511
2.200000	-0.338410	-0.812232	0.138909	-0.258830	-1.083852	-0.432391
2.220000	-0.134126	-0.794423	0.087628	-0.267500	-1.094561	-0.440198
2.240000	0.025413	-0.773680	0.037975	-0.274593	-1.104653	-0.445859
2.260000	0.144084	-0.750285	-0.009762	-0.280186	-1.114100	-0.449549
2.280000	0.226211	-0.724523	-0.055290	-0.284368	-1.122875	-0.451463
2.300000	0.276116	-0.696679	-0.098315	-0.287231	-1.130951	-0.451794
2.320000	0.298123	-0.667038	-0.138542	-0.288863	-1.138300	-0.450737
2.340000	0.296555	-0.635885	-0.175679	-0.289355	-1.144896	-0.448485
2.360000	0.275735	-0.603504	-0.209430	-0.288796	-1.150712	-0.445233
2.380000	0.239986	-0.570181	-0.239503	-0.287275	-1.155720	-0.441175
2.400000	0.193632	-0.536200	-0.265603	-0.284884	-1.159895	-0.436505
2.420000	0.140996	-0.501848	-0.287436	-0.281711	-1.163208	-0.431417
2.440000	0.086401	-0.467407	-0.304710	-0.277847	-1.165634	-0.426105
2.460000	0.034170	-0.433165	-0.317128	-0.273381	-1.167144	-0.420763
2.480000	-0.011554	-0.399395	-0.324430	-0.268402	-1.167716	-0.415577
2.500000	-0.049244	-0.366245	-0.326803	-0.262984	-1.167381	-0.410626
2.520000	-0.079348	-0.333758	-0.324774	-0.257191	-1.166215	-0.405906
2.540000	-0.102363	-0.301980	-0.318879	-0.251086	-1.164290	-0.401412
2.560000	-0.118785	-0.270953	-0.309656	-0.244731	-1.161683	-0.397137
2.580000	-0.129109	-0.240722	-0.297639	-0.238191	-1.158468	-0.393075
2.600000	-0.133832	-0.211329	-0.283366	-0.231527	-1.154720	-0.389221
2.620000	-0.133450	-0.182820	-0.267371	-0.224803	-1.150514	-0.385570
2.640000	-0.128460	-0.155236	-0.250192	-0.218081	-1.145924	-0.382115
2.660000	-0.119356	-0.128623	-0.232364	-0.211426	-1.141026	-0.378851
2.680000	-0.106636	-0.103023	-0.214424	-0.204901	-1.135894	-0.375771
2.700000	-0.090796	-0.078480	-0.196908	-0.198567	-1.130603	-0.372871
2.720000	-0.072331	-0.055038	-0.180351	-0.192488	-1.125227	-0.370145
2.740000	-0.051738	-0.032741	-0.165290	-0.186728	-1.119843	-0.367586
2.760000	-0.029513	-0.011632	-0.152262	-0.181349	-1.114524	-0.365189
2.780000	-0.006153	0.008246	-0.141801	-0.176415	-1.109345	-0.362948
2.800000	0.017848	0.026848	-0.134445	-0.171988	-1.104381	-0.360858
2.820000	0.041992	0.044131	-0.130729	-0.168131	-1.099707	-0.358912
2.840000	0.065783	0.060051	-0.131190	-0.164908	-1.095398	-0.357105
2.860000	0.088725	0.074565	-0.136364	-0.162382	-1.091529	-0.355431
2.880000	0.110399	0.087718	-0.146708	-0.160599	-1.088159	-0.353882
2.900000	0.130832	0.100087	-0.162213	-0.159511	-1.085267	-0.352425
2.920000	0.150219	0.112441	-0.182698	-0.159034	-1.082798	-0.351022
2.940000	0.168753	0.125551	-0.207985	-0.159085	-1.080697	-0.349635
2.960000	0.186628	0.140186	-0.237892	-0.159580	-1.078910	-0.348225
2.980000	0.204038	0.157117	-0.272240	-0.160435	-1.077384	-0.346753
3.000000	0.221176	0.177115	-0.310847	-0.161566	-1.076065	-0.345180
3.020000	0.238237	0.200949	-0.353535	-0.162889	-1.074897	-0.343468
3.040000	0.255414	0.229389	-0.400122	-0.164322	-1.073827	-0.341577
3.060000	0.272900	0.263206	-0.450429	-0.165780	-1.072802	-0.339470
3.080000	0.290890	0.303171	-0.504275	-0.167179	-1.071765	-0.337107
3.100000	0.309578	0.350053	-0.561480	-0.168436	-1.070665	-0.334450
3.120000	0.329156	0.404622	-0.621865	-0.169467	-1.069446	-0.331460
3.140000	0.349820	0.467649	-0.685247	-0.170188	-1.068054	-0.328098
3.160000	0.371762	0.539904	-0.751448	-0.170516	-1.066435	-0.324326
