0.000000	-38.228283	-36.758486	34.160981	-0.266302	4.181169	-2.691935
0.020000	-38.439874	-37.002982	34.386390	-0.267957	4.215696	-2.709353
0.040000	-38.650044	-37.246452	34.610839	-0.269605	4.250100	-2.726698
0.060000	-38.858794	-37.488897	34.834329	-0.271249	4.284380	-2.743970
0.080000	-39.066128	-37.730318	35.056862	-0.272886	4.318536	-2.761169
0.100000	-39.272047	-37.970716	35.278439	-0.274519	4.352569	-2.778296
0.120000	-39.476556	-38.210093	35.499061	-0.276146	4.386479	-2.795349
0.140000	-39.679655	-38.448451	35.718729	-0.277767	4.420265	-2.812330
0.160000	-39.881348	-38.685790	35.937446	-0.279383	4.453929	-2.829239
0.180000	-40.081638	-38.922113	36.155212	-0.280993	4.487470	-2.846074
0.200000	-40.280526	-39.157421	36.372028	-0.282598	4.520889	-2.862838
0.220000	-40.478015	-39.391714	36.587897	-0.284197	4.554185	-2.879530
0.240000	-40.674108	-39.624995	36.802818	-0.285791	4.587358	-2.896149
0.260000	-40.868808	-39.857265	37.016795	-0.287380	4.620410	-2.912696
0.280000	-41.062116	-40.088526	37.229827	-0.288963	4.653339	-2.929172
0.300000	-41.254036	-40.318778	37.441917	-0.290541	4.686147	-2.945575
0.320000	-41.444570	-40.548023	37.653066	-0.292113	4.718832	-2.961907
0.340000	-41.633721	-40.776263	37.863274	-0.293680	4.751397	-2.978167
0.360000	-41.821490	-41.003499	38.072544	-0.295241	4.783840	-2.994356
0.380000	-42.007882	-41.229733	38.280877	-0.296797	4.816161	-3.010473
0.400000	-42.192897	-41.454965	38.488274	-0.298348	4.848361	-3.026520
0.420000	-42.376539	-41.679198	38.694736	-0.299893	4.880441	-3.042494
0.440000	-42.558811	-41.902433	38.900265	-0.301433	4.912399	-3.058398
0.460000	-42.739714	-42.124671	39.104862	-0.302967	4.944237	-3.074231
0.480000	-42.919251	-42.345913	39.308529	-0.304497	4.975955	-3.089993
0.500000	-43.097426	-42.566162	39.511266	-0.306020	5.007552	-3.105684
0.520000	-43.274239	-42.785418	39.713075	-0.307539	5.039028	-3.121304
0.540000	-43.449695	-43.003682	39.913958	-0.309052	5.070385	-3.136854
0.560000	-43.623796	-43.220957	40.113916	-0.310560	5.101622	-3.152333
0.580000	-43.796543	-43.437244	40.312950	-0.312062	5.132738	-3.167742
0.600000	-43.967940	-43.652544	40.511061	-0.313559	5.163736	-3.183081
0.620000	-44.137989	-43.866859	40.708251	-0.315051	5.194613	-3.198350
0.640000	-44.306693	-44.080189	40.904522	-0.316537	5.225372	-3.213548
0.660000	-44.474054	-44.292537	41.099874	-0.318018	5.256011	-3.228676
0.680000	-44.640074	-44.503904	41.294309	-0.319494	5.286531	-3.243735
0.700000	-44.804758	-44.714291	41.487828	-0.320965	5.316932	-3.258724
0.720000	-44.968105	-44.923700	41.680432	-0.322430	5.347214	-3.273643
0.740000	-45.130121	-45.132132	41.872124	-0.323890	5.377378	-3.288492
0.760000	-45.290806	-45.339588	42.062903	-0.325344	5.407423	-3.303272
0.780000	-45.450164	-45.546070	42.252773	-0.326794	5.437350	-3.317983
0.800000	-45.608197	-45.751580	42.441733	-0.328238	5.467159	-3.332625
0.820000	-45.764907	-45.956119	42.629786	-0.329677	5.496850	-3.347197
0.840000	-45.920297	-46.159688	42.816932	-0.331111	5.526422	-3.361700
0.860000	-46.074370	-46.362288	43.003173	-0.332539	5.555878	-3.376134
0.880000	-46.227129	-46.563922	43.188510	-0.333962	5.585215	-3.390500
0.900000	-46.378575	-46.764590	43.372946	-0.335380	5.614435	-3.404796
0.920000	-46.528711	-46.964294	43.556480	-0.336793	5.643538	-3.419024
0.940000	-46.677540	-47.163035	43.739114	-0.338200	5.672524	-3.433184
0.960000	-46.825064	-47.360815	43.920850	-0.339603	5.701392	-3.447275
0.980000	-46.971287	-47.557635	44.101689	-0.341000	5.730144	-3.461297
1.000000	-47.116209	-47.753497	44.281633	-0.342392	5.758779	-3.475252
1.020000	-47.259835	-47.948402	44.460682	-0.343778	5.787298	-3.489138
1.040000	-47.402167	-48.142351	44.638838	-0.345160	5.815700	-3.502956
1.060000	-47.543206	-48.335347	44.816103	-0.346536	5.843986	-3.516707
1.080000	-47.682956	-48.527389	44.992477	-0.347908	5.872156	-3.530389
1.100000	-47.821419	-48.718481	45.167963	-0.349274	5.900209	-3.544004
1.120000	-47.958598	-48.908622	45.342561	-0.350635	5.928147	-3.557551
1.140000	-48.094495	-49.097815	45.516273	-0.351990	5.955970	-3.571030
1.160000	-48.229113	-49.286061	45.689099	-0.353341	5.983677	-3.584442
1.180000	-48.362454	-49.473362	45.861043	-0.354686	6.011268	-3.597787
1.200000	-48.494521	-49.659718	46.032104	-0.356027	6.038744	-3.611065
1.220000	-48.625317	-49.845132	46.202284	-0.357362	6.066105	-3.624275
1.240000	-48.754843	-50.029604	46.371584	-0.358692	6.093352	-3.637419
1.260000	-48.883103	-50.213137	46.540007	-0.360017	6.120483	-3.650495
1.280000	-49.010099	-50.395731	46.707553	-0.361337	6.147500	-3.663505
1.300000	-49.135833	-50.577388	46.874223	-0.362652	6.174402	-3.676448
1.320000	-49.260309	-50.758109	47.040019	-0.363961	6.201190	-3.689324
1.340000	-49.383528	-50.937897	47.204942	-0.365266	6.227864	-3.702134
1.360000	-49.505494	-51.116751	47.368994	-0.366566	6.254424	-3.714877
1.380000	-49.626208	-51.294674	47.532176	-0.367860	6.280870	-3.727554
1.400000	-49.745674	-51.471668	47.694488	-0.369150	6.307202	-3.740165
1.420000	-49.863893	-51.647732	47.855934	-0.370434	6.333421	-3.752710
1.440000	-49.980869	-51.822870	48.016513	-0.371713	6.359526	-3.765189
1.460000	-50.096604	-51.997082	48.176228	-0.372988	6.385518	-3.777601
1.480000	-50.211100	-52.170370	48.335079	-0.374257	6.411396	-3.789948
1.500000	-50.324360	-52.342735	48.493068	-0.375521	6.437162	-3.802230
1.520000	-50.436387	-52.514179	48.650197	-0.376780	6.462815	-3.814445
1.540000	-50.547183	-52.684702	48.806466	-0.378035	6.488355	-3.826596
1.560000	-50.656750	-52.854308	48.961877	-0.379284	6.513783	-3.838681
1.580000	-50.765092	-53.022996	49.116431	-0.380528	6.539098	-3.850700
1.600000	-50.872210	-53.190768	49.270131	-0.381767	6.564301	-3.862654
1.620000	-50.978108	-53.357626	49.422976	-0.383001	6.589392	-3.874544
1.640000	-51.082787	-53.523572	49.574968	-0.384231	6.614370	-3.886368
1.660000	-51.186251	-53.688606	49.726109	-0.385455	6.639237	-3.898127
1.680000	-51.288502	-53.852730	49.876400	-0.386674	6.663993	-3.909822
1.700000	-51.389542	-54.015945	50.025843	-0.387889	6.688636	-3.921452
1.720000	-51.489374	-54.178253	50.174438	-0.389098	6.713169	-3.933017
1.740000	-51.588000	-54.339656	50.322187	-0.390302	6.737590	-3.944518
1.760000	-51.685424	-54.500154	50.469092	-0.391502	6.761900	-3.955955
1.780000	-51.781647	-54.659750	50.615153	-0.392697	6.786099	-3.967327
1.800000	-51.876673	-54.818444	50.760373	-0.393886	6.810188	-3.978635
1.820000	-51.970503	-54.976238	50.904752	-0.395071	6.834166	-3.989879
1.840000	-52.063140	-55.133133	51.048292	-0.396251	6.858033	-4.001059
1.860000	-52.154587	-55.289131	51.190994	-0.397426	6.881790	-4.012175
1.880000	-52.244846	-55.444234	51.332859	-0.398596	6.905436	-4.023227
1.900000	-52.333920	-55.598442	51.473889	-0.399761	6.928973	-4.034216
1.920000	-52.421812	-55.751757	51.614085	-0.400921	6.952400	-4.045141
1.940000	-52.508524	-55.904181	51.753449	-0.402076	6.975717	-4.056003
1.960000	-52.594058	-56.055715	51.891982	-0.403227	6.998924	-4.066801
1.980000	-52.678417	-56.206360	52.029685	-0.404372	7.022022	-4.077536
2.000000	-52.761603	-56.356118	52.166559	-0.405513	7.045011	-4.088208
2.020000	-52.843620	-56.504990	52.302606	-0.406649	7.067891	-4.098817
2.040000	-52.924469	-56.652978	52.437828	-0.407780	7.090661	-4.109363
2.060000	-53.004154	-56.800083	52.572224	-0.408906	7.113323	-4.119846
2.080000	-53.082676	-56.946306	52.705798	-0.410028	7.135876	-4.130266
2.100000	-53.160039	-57.091649	52.838550	-0.411144	7.158320	-4.140624
2.120000	-53.236244	-57.236114	52.970482	-0.412256	7.180656	-4.150919
2.140000	-53.311295	-57.379701	53.101595	-0.413363	7.202884	-4.161152
2.160000	-53.385194	-57.522413	53.231890	-0.414465	7.225003	-4.171322
2.180000	-53.457943	-57.664250	53.361368	-0.415562	7.247015	-4.181430
2.200000	-53.529545	-57.805214	53.490032	-0.416655	7.268919	-4.191476
2.220000	-53.600002	-57.945307	53.617881	-0.417743	7.290715	-4.201460
2.240000	-53.669318	-58.084529	53.744919	-0.418826	7.312403	-4.211382
2.260000	-53.737494	-58.222883	53.871145	-0.419904	7.333985	-4.221242
2.280000	-53.804534	-58.360369	53.996562	-0.420977	7.355459	-4.231041
2.300000	-53.870439	-58.496990	54.121170	-0.422046	7.376825	-4.240777
2.320000	-53.935213	-58.632746	54.244971	-0.423110	7.398085	-4.250453
2.340000	-53.998857	-58.767640	54.367967	-0.424169	7.419238	-4.260066
2.360000	-54.061374	-58.901671	54.490159	-0.425223	7.440285	-4.269619
2.380000	-54.122768	-59.034843	54.611547	-0.426273	7.461225	-4.279110
2.400000	-54.183040	-59.167156	54.732134	-0.427318	7.482059	-4.288540
2.420000	-54.242192	-59.298611	54.851920	-0.428358	7.502786	-4.297910
2.440000	-54.300229	-59.429211	54.970908	-0.429394	7.523407	-4.307218
2.460000	-54.357151	-59.558956	55.089098	-0.430425	7.543923	-4.316465
2.480000	-54.412962	-59.687848	55.206492	-0.431451	7.564333	-4.325652
2.500000	-54.467664	-59.815888	55.323091	-0.432472	7.584637	-4.334778
2.520000	-54.521260	-59.943079	55.438896	-0.433489	7.604835	-4.343844
2.540000	-54.573752	-60.069420	55.553910	-0.434501	7.624929	-4.352849
2.560000	-54.625142	-60.194914	55.668132	-0.435508	7.644917	-4.361794
2.580000	-54.675434	-60.319563	55.781565	-0.436511	7.664800	-4.370678
2.600000	-54.724630	-60.443366	55.894209	-0.437509	7.684578	-4.379503
2.620000	-54.772732	-60.566327	56.006067	-0.438503	7.704252	-4.388267
2.640000	-54.819743	-60.688446	56.117139	-0.439492	7.723821	-4.396972
2.660000	-54.865666	-60.809725	56.227427	-0.440476	7.743285	-4.405617
2.680000	-54.910503	-60.930165	56.336933	-0.441455	7.762646	-4.414202
2.700000	-54.954256	-61.049767	56.445656	-0.442430	7.781902	-4.422728
2.720000	-54.996928	-61.168534	56.553600	-0.443400	7.801054	-4.431194
2.740000	-55.038522	-61.286466	56.660765	-0.444366	7.820102	-4.439601
