0.000000	4.414479	0.380203	-2.252713	-0.105467	-0.893315	-0.172071
0.020000	4.336572	0.360928	-2.230668	-0.100340	-0.893706	-0.158178
0.040000	4.241868	0.350536	-2.204302	-0.095507	-0.894344	-0.144181
0.060000	4.133596	0.351295	-2.174583	-0.091030	-0.895167	-0.130183
0.080000	4.014983	0.365473	-2.142479	-0.086966	-0.896115	-0.116289
0.100000	3.889229	0.395293	-2.108947	-0.083376	-0.897128	-0.102604
0.120000	3.758307	0.441171	-2.074529	-0.080281	-0.898175	-0.089200
0.140000	3.622553	0.501107	-2.039211	-0.077652	-0.899268	-0.076107
0.160000	3.482192	0.572937	-2.002942	-0.075460	-0.900420	-0.063350
0.180000	3.337447	0.654494	-1.965669	-0.073672	-0.901643	-0.050958
0.200000	3.188542	0.743611	-1.927341	-0.072258	-0.902951	-0.038957
0.220000	3.035700	0.838124	-1.887905	-0.071186	-0.904358	-0.027374
0.240000	2.879145	0.935865	-1.847310	-0.070426	-0.905876	-0.016235
0.260000	2.719102	1.034669	-1.805504	-0.069946	-0.907520	-0.005567
0.280000	2.555793	1.132370	-1.762434	-0.069716	-0.909301	0.004603
0.300000	2.389442	1.226802	-1.718048	-0.069703	-0.911234	0.014248
0.320000	2.220273	1.315798	-1.672296	-0.069878	-0.913332	0.023342
0.340000	2.048510	1.397193	-1.625123	-0.070208	-0.915608	0.031857
0.360000	1.874376	1.468821	-1.576480	-0.070663	-0.918075	0.039768
0.380000	1.698095	1.528515	-1.526313	-0.071212	-0.920747	0.047046
0.400000	1.519891	1.574110	-1.474572	-0.071823	-0.923637	0.053666
0.420000	1.339987	1.603439	-1.421202	-0.072466	-0.926758	0.059601
0.440000	1.158655	1.614453	-1.366173	-0.073109	-0.930121	0.064827
0.460000	0.977023	1.607187	-1.309784	-0.073723	-0.933702	0.069377
0.480000	0.796956	1.583480	-1.252626	-0.074276	-0.937446	0.073334
0.500000	0.620349	1.545231	-1.195299	-0.074741	-0.941295	0.076781
0.520000	0.449092	1.494338	-1.138404	-0.075086	-0.945193	0.079804
0.540000	0.285078	1.432699	-1.082540	-0.075283	-0.949083	0.082486
0.560000	0.130199	1.362213	-1.028308	-0.075301	-0.952909	0.084911
0.580000	-0.013654	1.284779	-0.976308	-0.075112	-0.956614	0.087163
0.600000	-0.144588	1.202295	-0.927140	-0.074685	-0.960141	0.089326
0.620000	-0.260712	1.116659	-0.881404	-0.073991	-0.963434	0.091485
0.640000	-0.360133	1.029770	-0.839700	-0.073001	-0.966436	0.093723
0.660000	-0.440959	0.943528	-0.802629	-0.071683	-0.969091	0.096124
0.680000	-0.501298	0.859829	-0.770790	-0.070010	-0.971341	0.098774
0.700000	-0.539259	0.780573	-0.744783	-0.067951	-0.973131	0.101755
0.720000	-0.552949	0.707657	-0.725209	-0.065477	-0.974403	0.105151
0.740000	-0.540564	0.642940	-0.712645	-0.062558	-0.975103	0.109045
0.760000	-0.502733	0.587103	-0.707025	-0.059207	-0.975222	0.113454
0.780000	-0.442766	0.539538	-0.707574	-0.055474	-0.974801	0.118323
0.800000	-0.364111	0.499571	-0.713484	-0.051414	-0.973887	0.123594
0.820000	-0.270215	0.466527	-0.723944	-0.047083	-0.972522	0.129209
0.840000	-0.164528	0.439730	-0.738143	-0.042534	-0.970753	0.135111
0.860000	-0.050497	0.418505	-0.755271	-0.037821	-0.968624	0.141241
0.880000	0.068430	0.402177	-0.774518	-0.033001	-0.966180	0.147540
0.900000	0.188804	0.390071	-0.795074	-0.028126	-0.963464	0.153953
0.920000	0.307178	0.381513	-0.816128	-0.023252	-0.960523	0.160419
0.940000	0.420104	0.375826	-0.836871	-0.018434	-0.957401	0.166882
0.960000	0.524133	0.372337	-0.856491	-0.013725	-0.954143	0.173283
0.980000	0.615817	0.370369	-0.874180	-0.009180	-0.950792	0.179564
1.000000	0.691708	0.369248	-0.889125	-0.004854	-0.947395	0.185668
1.020000	0.748358	0.368299	-0.900518	-0.000801	-0.943996	0.191535
1.040000	0.782319	0.366846	-0.907548	0.002924	-0.940640	0.197110
1.060000	0.790516	0.364298	-0.909465	0.006272	-0.937371	0.202333
1.080000	0.772735	0.360690	-0.905992	0.009240	-0.934240	0.207160
1.100000	0.730084	0.356353	-0.897065	0.011844	-0.931297	0.211548
1.120000	0.663675	0.351616	-0.882624	0.014102	-0.928595	0.215455
1.140000	0.574624	0.346809	-0.862607	0.016032	-0.926185	0.218839
1.160000	0.464044	0.342262	-0.836953	0.017649	-0.924117	0.221658
1.180000	0.333049	0.338306	-0.805602	0.018972	-0.922445	0.223870
1.200000	0.182754	0.335270	-0.768493	0.020017	-0.921218	0.225434
1.220000	0.014274	0.333485	-0.725564	0.020801	-0.920489	0.226307
1.240000	-0.171279	0.333282	-0.676754	0.021342	-0.920309	0.226448
1.260000	-0.372790	0.334989	-0.622002	0.021657	-0.920729	0.225814
1.280000	-0.589144	0.338938	-0.561247	0.021762	-0.921801	0.224364
1.300000	-0.819227	0.345457	-0.494429	0.021676	-0.923576	0.222055
1.320000	-1.061926	0.354879	-0.421486	0.021415	-0.926106	0.218846
1.340000	-1.316126	0.367532	-0.342357	0.020996	-0.929442	0.214695
1.360000	-1.580713	0.383747	-0.256981	0.020436	-0.933636	0.209560
1.380000	-1.854557	0.403671	-0.165577	0.019747	-0.938667	0.203429
1.400000	-2.136481	0.426934	-0.069157	0.018920	-0.944314	0.196378
1.420000	-2.425301	0.453074	0.031128	0.017945	-0.950319	0.188500
1.440000	-2.719833	0.481629	0.134125	0.016811	-0.956424	0.179884
1.460000	-3.018892	0.512138	0.238685	0.015507	-0.962371	0.170622
1.480000	-3.321294	0.544138	0.343654	0.014023	-0.967902	0.160805
1.500000	-3.625855	0.577169	0.447881	0.012347	-0.972761	0.150525
1.520000	-3.931391	0.610769	0.550216	0.010470	-0.976689	0.139872
1.540000	-4.236717	0.644475	0.649506	0.008380	-0.979428	0.128938
1.560000	-4.540649	0.677826	0.744599	0.006066	-0.980720	0.117813
1.580000	-4.842002	0.710360	0.834345	0.003518	-0.980309	0.106590
1.600000	-5.139593	0.741616	0.917592	0.000725	-0.977936	0.095359
1.620000	-5.432236	0.771132	0.993187	-0.002324	-0.973343	0.084211
1.640000	-5.718749	0.798447	1.059980	-0.005639	-0.966273	0.073238
1.660000	-5.997945	0.823098	1.116819	-0.009231	-0.956468	0.062530
1.680000	-6.268642	0.844623	1.162553	-0.013112	-0.943670	0.052180
1.700000	-6.529601	0.862496	1.196305	-0.017295	-0.927709	0.042256
1.720000	-6.779260	0.875783	1.218880	-0.021817	-0.908946	0.032702
1.740000	-7.015937	0.883401	1.231713	-0.026722	-0.887942	0.023412
1.760000	-7.237946	0.884266	1.236241	-0.032057	-0.865257	0.014280
1.780000	-7.443604	0.877294	1.233900	-0.037864	-0.841454	0.005200
1.800000	-7.631228	0.861400	1.226128	-0.044190	-0.817093	-0.003932
1.820000	-7.799132	0.835502	1.214359	-0.051079	-0.792736	-0.013224
1.840000	-7.945634	0.798513	1.200032	-0.058576	-0.768944	-0.022781
1.860000	-8.069048	0.749351	1.184583	-0.066726	-0.746279	-0.032708
1.880000	-8.167692	0.686932	1.169448	-0.075574	-0.725301	-0.043111
1.900000	-8.239880	0.610171	1.156064	-0.085164	-0.706571	-0.054096
1.920000	-8.283930	0.517984	1.145867	-0.095542	-0.690652	-0.065768
1.940000	-8.298157	0.409287	1.140295	-0.106752	-0.678104	-0.078234
1.960000	-8.280878	0.282995	1.140783	-0.118839	-0.669488	-0.091599
1.980000	-8.230432	0.138056	1.148750	-0.131846	-0.665359	-0.105967
2.000000	-8.146496	-0.024998	1.164629	-0.145734	-0.665908	-0.121342
2.020000	-8.030724	-0.203272	1.187386	-0.160338	-0.670780	-0.137583
2.040000	-7.884935	-0.393680	1.215871	-0.175484	-0.679582	-0.154534
2.060000	-7.710946	-0.593136	1.248932	-0.190999	-0.691916	-0.172041
2.080000	-7.510574	-0.798553	1.285417	-0.206709	-0.707387	-0.189950
2.100000	-7.285636	-1.006846	1.324175	-0.222439	-0.725598	-0.208106
2.120000	-7.037949	-1.214928	1.364055	-0.238016	-0.746153	-0.226354
2.140000	-6.769332	-1.419714	1.403905	-0.253265	-0.768657	-0.244540
2.160000	-6.481600	-1.618117	1.442573	-0.268013	-0.792714	-0.262510
2.180000	-6.176572	-1.807052	1.478909	-0.282086	-0.817926	-0.280109
2.200000	-5.856064	-1.983432	1.511761	-0.295309	-0.843899	-0.297182
2.220000	-5.521894	-2.144171	1.539978	-0.307509	-0.870236	-0.313575
2.240000	-5.175880	-2.286183	1.562407	-0.318513	-0.896542	-0.329134
2.260000	-4.819837	-2.406382	1.577898	-0.328144	-0.922419	-0.343703
2.280000	-4.455585	-2.501682	1.585299	-0.336231	-0.947473	-0.357129
2.300000	-4.084939	-2.568997	1.583459	-0.342599	-0.971306	-0.369257
2.320000	-3.709717	-2.605241	1.571226	-0.347074	-0.993523	-0.379933
2.340000	-3.331745	-2.607377	1.547467	-0.349484	-1.013732	-0.389003
2.360000	-2.953290	-2.574947	1.511975	-0.349815	-1.031734	-0.396402
2.380000	-2.577266	-2.511278	1.465904	-0.348278	-1.047615	-0.402197
2.400000	-2.206637	-2.419999	1.410517	-0.345103	-1.061483	-0.406463
2.420000	-1.844371	-2.304740	1.347077	-0.340521	-1.073445	-0.409273
2.440000	-1.493431	-2.169129	1.276847	-0.334760	-1.083612	-0.410705
2.460000	-1.156785	-2.016796	1.201090	-0.328053	-1.092090	-0.410832
2.480000	-0.837398	-1.851369	1.121068	-0.320627	-1.098988	-0.409731
2.500000	-0.538234	-1.676478	1.038044	-0.312715	-1.104415	-0.407476
2.520000	-0.262261	-1.495751	0.953282	-0.304545	-1.108478	-0.404143
2.540000	-0.012443	-1.312818	0.868043	-0.296348	-1.111287	-0.399807
2.560000	0.208253	-1.131307	0.783591	-0.288354	-1.112949	-0.394544
2.580000	0.396863	-0.954849	0.701189	-0.280793	-1.113572	-0.388428
2.600000	0.550421	-0.787071	0.622100	-0.273895	-1.113266	-0.381536
2.620000	0.665960	-0.631603	0.547585	-0.267890	-1.112138	-0.373941
2.640000	0.740536	-0.492060	0.478904	-0.263007	-1.110297	-0.365720
2.660000	0.773461	-0.370465	0.416729	-0.259364	-1.107834	-0.356962
2.680000	0.768300	-0.265847	0.360635	-0.256862	-1.104813	-0.347780
2.700000	0.729092	-0.176897	0.310072	-0.255383	-1.101293	-0.338291
2.720000	0.659873	-0.102312	0.264493	-0.254806	-1.097334	-0.328612
2.740000	0.564682	-0.040784	0.223350	-0.255011	-1.092994	-0.318860
2.760000	0.447556	0.008991	0.186093	-0.255880	-1.088333	-0.309152
2.780000	0.312533	0.048321	0.152176	-0.257291	-1.083410	-0.299605
2.800000	0.163651	0.078509	0.121048	-0.259124	-1.078285	-0.290335
2.820000	0.004947	0.100864	0.092162	-0.261261	-1.073017	-0.281459
2.840000	-0.159541	0.116689	0.064970	-0.263581	-1.067665	-0.273094
2.860000	-0.325775	0.127292	0.038923	-0.265963	-1.062290	-0.265358
2.880000	-0.489718	0.133977	0.013473	-0.268289	-1.056949	-0.258366
2.900000	-0.647332	0.138051	-0.011929	-0.270438	-1.051703	-0.252235
2.920000	-0.794579	0.140820	-0.037830	-0.272291	-1.046611	-0.247083
2.940000	-0.927421	0.143589	-0.064780	-0.273727	-1.041732	-0.243027
2.960000	-1.041973	0.147616	-0.093298	-0.274632	-1.037124	-0.240174
2.980000	-1.136751	0.153392	-0.123473	-0.274978	-1.032816	-0.238503
3.000000	-1.212177	0.160801	-0.155044	-0.274805	-1.028812	-0.237888
3.020000	-1.268730	0.169709	-0.187745	-0.274155	-1.025118	-0.238201
3.040000	-1.306887	0.179981	-0.221307	-0.273072	-1.021740	-0.239313
3.060000	-1.327124	0.191483	-0.255462	-0.271597	-1.018682	-0.241095
3.080000	-1.329920	0.204083	-0.289943	-0.269773	-1.015948	-0.243419
3.100000	-1.315752	0.217645	-0.324479	-0.267642	-1.013545	-0.246156
3.120000	-1.285097	0.232036	-0.358805	-0.265247	-1.011477	-0.249178
3.140000	-1.238432	0.247121	-0.392652	-0.262629	-1.009750	-0.252356
3.160000	-1.176234	0.262767	-0.425751	-0.259831	-1.008367	-0.255561
3.180000	-1.098982	0.278840	-0.457834	-0.256896	-1.007335	-0.258665
3.200000	-1.007152	0.295206	-0.488634	-0.253866	-1.006657	-0.261540
3.220000	-0.901222	0.311731	-0.517882	-0.250784	-1.006340	-0.264056
3.240000	-0.781668	0.328281	-0.545311	-0.247691	-1.006389	-0.266085
3.260000	-0.648969	0.344721	-0.570652	-0.244630	-1.006807	-0.267498
3.280000	-0.503601	0.360919	-0.593637	-0.241643	-1.007601	-0.268167
3.300000	-0.346043	0.376739	-0.613998	-0.238773	-1.008775	-0.267964
3.320000	-0.177171	0.391933	-0.631724	-0.236047	-1.010314	-0.266816
3.340000	0.001181	0.405971	-0.647416	-0.233453	-1.012159	-0.264791
3.360000	0.187039	0.418286	-0.661767	-0.230976	-1.014240	-0.261976
3.380000	0.378428	0.428307	-0.675470	-0.228599	-1.016489	-0.258456
3.400000	0.573372	0.435467	-0.689217	-0.226306	-1.018839	-0.254318
3.420000	0.769896	0.439196	-0.703701	-0.224080	-1.021222	-0.249650
3.440000	0.966026	0.438926	-0.719615	-0.221905	-1.023569	-0.244538
3.460000	1.159785	0.434086	-0.737651	-0.219766	-1.025813	-0.239068
3.480000	1.349200	0.424110	-0.758502	-0.217645	-1.027885	-0.233328
3.500000	1.532295	0.408426	-0.782861	-0.215527	-1.029718	-0.227404
3.520000	1.707095	0.386467	-0.811421	-0.213394	-1.031242	-0.221382
3.540000	1.871624	0.357664	-0.844874	-0.211232	-1.032392	-0.215350
3.560000	2.023909	0.321447	-0.883913	-0.209023	-1.033097	-0.209394
3.580000	2.161973	0.277247	-0.929230	-0.206751	-1.033291	-0.203601
3.600000	2.283842	0.224496	-0.981519	-0.204400	-1.032906	-0.198058
3.620000	2.388306	0.163257	-1.041089	-0.201957	-1.031891	-0.192824
3.640000	2.476567	0.095586	-1.107040	-0.199417	-1.030260	-0.187879
3.660000	2.550303	0.023930	-1.178237	-0.196778	-1.028036	-0.183185
3.680000	2.611191	-0.049260	-1.253543	-0.194037	-1.025243	-0.178702
3.700000	2.660911	-0.121538	-1.331819	-0.191193	-1.021905	-0.174395
3.720000	2.701139	-0.190454	-1.411931	-0.188243	-1.018045	-0.170223
3.740000	2.733553	-0.253560	-1.492740	-0.185184	-1.013687	-0.166151
3.760000	2.759831	-0.308407	-1.573110	-0.182015	-1.008855	-0.162138
3.780000	2.781651	-0.352547	-1.651905	-0.178732	-1.003573	-0.158148
3.800000	2.800691	-0.383531	-1.727987	-0.175334	-0.997865	-0.154143
3.820000	2.818628	-0.398910	-1.800219	-0.171818	-0.991754	-0.150084
3.840000	2.837140	-0.396237	-1.867464	-0.168181	-0.985264	-0.145934
3.860000	2.857906	-0.373062	-1.928587	-0.164422	-0.978419	-0.141655
3.880000	2.882602	-0.326938	-1.982449	-0.160538	-0.971242	-0.137208
3.900000	2.912907	-0.255415	-2.027915	-0.156526	-0.963758	-0.132556
3.920000	2.950498	-0.156045	-2.063847	-0.152385	-0.955990	-0.127660
3.940000	2.997045	-0.026398	-2.089113	-0.148111	-0.947963	-0.122483
3.960000	3.053091	0.133697	-2.103285	-0.143710	-0.939722	-0.116996
