0.000000	1.109551	0.454893	-1.503199	-0.202124	-0.916249	-0.163978
0.020000	1.321709	0.396621	-1.531040	-0.198934	-0.913764	-0.161282
0.040000	1.545508	0.335928	-1.530862	-0.195831	-0.912277	-0.159115
0.060000	1.779352	0.273514	-1.503493	-0.192819	-0.911748	-0.157456
0.080000	2.020035	0.210502	-1.452261	-0.189877	-0.912072	-0.156190
0.100000	2.264317	0.148027	-1.380552	-0.186983	-0.913144	-0.155202
0.120000	2.508958	0.087222	-1.291749	-0.184113	-0.914857	-0.154376
0.140000	2.750718	0.029223	-1.189238	-0.181248	-0.917105	-0.153597
0.160000	2.986356	-0.024838	-1.076403	-0.178363	-0.919783	-0.152748
0.180000	3.212632	-0.073827	-0.956628	-0.175438	-0.922784	-0.151715
0.200000	3.426305	-0.116609	-0.833298	-0.172449	-0.926003	-0.150382
0.220000	3.624136	-0.152050	-0.709797	-0.169376	-0.929334	-0.148632
0.240000	3.802883	-0.179017	-0.589511	-0.166195	-0.932670	-0.146351
0.260000	3.959307	-0.196376	-0.475823	-0.162886	-0.935906	-0.143423
0.280000	4.090167	-0.202992	-0.372119	-0.159425	-0.938936	-0.139731
0.300000	4.192222	-0.197732	-0.281782	-0.155790	-0.941653	-0.135161
0.320000	4.262233	-0.179461	-0.208198	-0.151961	-0.943953	-0.129597
0.340000	4.296959	-0.147046	-0.154751	-0.147913	-0.945728	-0.122923
0.360000	4.294097	-0.099813	-0.124022	-0.143641	-0.946896	-0.115067
0.380000	4.255697	-0.039225	-0.114859	-0.139208	-0.947480	-0.106159
0.400000	4.185072	0.032634	-0.125030	-0.134698	-0.947533	-0.096390
0.420000	4.085537	0.113681	-0.152298	-0.130194	-0.947111	-0.085948
0.440000	3.960405	0.201832	-0.194429	-0.125780	-0.946266	-0.075024
0.460000	3.812991	0.295004	-0.249188	-0.121540	-0.945053	-0.063805
0.480000	3.646609	0.391112	-0.314342	-0.117557	-0.943525	-0.052483
0.500000	3.464573	0.488073	-0.387654	-0.113917	-0.941738	-0.041247
0.520000	3.270196	0.583803	-0.466891	-0.110701	-0.939743	-0.030285
0.540000	3.066793	0.676219	-0.549817	-0.107994	-0.937597	-0.019788
0.560000	2.857678	0.763237	-0.634198	-0.105880	-0.935351	-0.009944
0.580000	2.646164	0.842773	-0.717800	-0.104443	-0.933062	-0.000944
0.600000	2.435566	0.912744	-0.798387	-0.103766	-0.930781	0.007023
0.620000	2.229197	0.971065	-0.873725	-0.103933	-0.928564	0.013768
0.640000	2.030373	1.015653	-0.941579	-0.105028	-0.926464	0.019102
0.660000	1.842392	1.044440	-0.999727	-0.107133	-0.924535	0.022836
0.680000	1.667313	1.056702	-1.047056	-0.110244	-0.922810	0.024918
0.700000	1.504941	1.054151	-1.084462	-0.114195	-0.921282	0.025542
0.720000	1.354851	1.038753	-1.113048	-0.118806	-0.919941	0.024930
0.740000	1.216614	1.012477	-1.133921	-0.123895	-0.918777	0.023299
0.760000	1.089802	0.977287	-1.148186	-0.129280	-0.917779	0.020871
0.780000	0.973987	0.935152	-1.156948	-0.134781	-0.916938	0.017865
0.800000	0.868742	0.888037	-1.161312	-0.140215	-0.916244	0.014500
0.820000	0.773639	0.837910	-1.162384	-0.145402	-0.915686	0.010998
0.840000	0.688250	0.786737	-1.161269	-0.150161	-0.915253	0.007578
0.860000	0.612146	0.736485	-1.159071	-0.154309	-0.914937	0.004460
0.880000	0.544901	0.689121	-1.156897	-0.157666	-0.914726	0.001863
0.900000	0.486087	0.646611	-1.155851	-0.160050	-0.914611	0.000007
0.920000	0.435275	0.610923	-1.157038	-0.161280	-0.914581	-0.000886
0.940000	0.392038	0.584022	-1.161565	-0.161174	-0.914626	-0.000599
0.960000	0.355948	0.567877	-1.170536	-0.159552	-0.914736	0.001090
0.980000	0.326580	0.564327	-1.184983	-0.156245	-0.914901	0.004385
1.000000	0.303567	0.573365	-1.204855	-0.151287	-0.915121	0.009268
1.020000	0.286580	0.593569	-1.229276	-0.144864	-0.915403	0.015549
1.040000	0.275294	0.623482	-1.257348	-0.137169	-0.915752	0.023037
1.060000	0.269382	0.661647	-1.288171	-0.128393	-0.916177	0.031538
1.080000	0.268518	0.706608	-1.320850	-0.118725	-0.916683	0.040858
1.100000	0.272377	0.756907	-1.354485	-0.108357	-0.917277	0.050806
1.120000	0.280632	0.811087	-1.388178	-0.097480	-0.917966	0.061187
1.140000	0.292957	0.867691	-1.421032	-0.086286	-0.918756	0.071809
1.160000	0.309027	0.925262	-1.452149	-0.074965	-0.919655	0.082479
1.180000	0.328514	0.982343	-1.480631	-0.063708	-0.920669	0.093004
1.200000	0.351094	1.037478	-1.505579	-0.052706	-0.921804	0.103191
1.220000	0.376439	1.089209	-1.526096	-0.042150	-0.923067	0.112847
1.240000	0.404224	1.136079	-1.541284	-0.032232	-0.924466	0.121778
1.260000	0.434123	1.176631	-1.550245	-0.023142	-0.926006	0.129792
1.280000	0.465810	1.209408	-1.552081	-0.015071	-0.927694	0.136696
1.300000	0.498958	1.232954	-1.545893	-0.008210	-0.929537	0.142297
1.320000	0.533239	1.245814	-1.530787	-0.002750	-0.931542	0.146402
1.340000	0.567734	1.247391	-1.506286	0.001205	-0.933683	0.148922
1.360000	0.600159	1.239061	-1.472888	0.003754	-0.935861	0.150011
1.380000	0.628041	1.222476	-1.431229	0.005023	-0.937966	0.149856
1.400000	0.648904	1.199289	-1.381940	0.005137	-0.939889	0.148641
1.420000	0.660273	1.171153	-1.325658	0.004224	-0.941520	0.146555
1.440000	0.659676	1.139721	-1.263015	0.002409	-0.942750	0.143783
1.460000	0.644636	1.106647	-1.194647	-0.000183	-0.943468	0.140512
1.480000	0.612679	1.073582	-1.121186	-0.003423	-0.943565	0.136928
1.500000	0.561331	1.042180	-1.043268	-0.007188	-0.942932	0.133218
1.520000	0.488117	1.014094	-0.961526	-0.011349	-0.941459	0.129569
1.540000	0.390563	0.990977	-0.876595	-0.015782	-0.939037	0.126166
1.560000	0.266195	0.974481	-0.789108	-0.020359	-0.935555	0.123196
1.580000	0.112536	0.966260	-0.699700	-0.024956	-0.930904	0.120846
1.600000	-0.072886	0.967966	-0.609004	-0.029445	-0.924975	0.119302
1.620000	-0.292547	0.981253	-0.517655	-0.033701	-0.917658	0.118751
1.640000	-0.548735	1.007690	-0.426286	-0.037600	-0.908853	0.119368
1.660000	-0.839768	1.047086	-0.335485	-0.041063	-0.898676	0.121100
1.680000	-1.160135	1.097549	-0.245802	-0.044056	-0.887450	0.123673
1.700000	-1.504175	1.157120	-0.157784	-0.046549	-0.875505	0.126805
1.720000	-1.866223	1.223839	-0.071979	-0.048508	-0.863174	0.130212
1.740000	-2.240617	1.295748	0.011066	-0.049901	-0.850787	0.133612
1.760000	-2.621692	1.370885	0.090804	-0.050698	-0.838675	0.136722
1.780000	-3.003786	1.447293	0.166687	-0.050865	-0.827170	0.139260
1.800000	-3.381236	1.523011	0.238168	-0.050370	-0.816602	0.140942
1.820000	-3.748377	1.596080	0.304699	-0.049182	-0.807303	0.141485
1.840000	-4.099547	1.664541	0.365733	-0.047269	-0.799603	0.140607
1.860000	-4.429083	1.726434	0.420723	-0.044598	-0.793835	0.138026
1.880000	-4.731320	1.779800	0.469121	-0.041137	-0.790329	0.133457
1.900000	-5.000596	1.822679	0.510380	-0.036855	-0.789416	0.126619
1.920000	-5.231248	1.853112	0.543952	-0.031719	-0.791427	0.117229
1.940000	-5.417611	1.869139	0.569290	-0.025698	-0.796694	0.105003
1.960000	-5.554887	1.869024	0.586013	-0.018787	-0.805472	0.089723
1.980000	-5.643879	1.852474	0.594817	-0.011168	-0.817527	0.071576
2.000000	-5.687624	1.819774	0.596828	-0.003096	-0.832429	0.050914
2.020000	-5.689165	1.771208	0.593172	0.005175	-0.849747	0.028088
2.040000	-5.651546	1.707063	0.584976	0.013390	-0.869051	0.003451
2.060000	-5.577811	1.627623	0.573367	0.021293	-0.889911	-0.022646
2.080000	-5.471002	1.533174	0.559471	0.028631	-0.911896	-0.049852
2.100000	-5.334162	1.424001	0.544417	0.035149	-0.934576	-0.077815
2.120000	-5.170336	1.300390	0.529330	0.040590	-0.957521	-0.106182
2.140000	-4.982567	1.162627	0.515337	0.044702	-0.980300	-0.134603
2.160000	-4.773897	1.010996	0.503565	0.047228	-1.002483	-0.162725
2.180000	-4.547370	0.845783	0.495142	0.047914	-1.023639	-0.190196
2.200000	-4.306030	0.667273	0.491193	0.046505	-1.043339	-0.216666
2.220000	-4.052920	0.475752	0.492845	0.042746	-1.061151	-0.241783
2.240000	-3.791083	0.271505	0.501226	0.036383	-1.076645	-0.265193
2.260000	-3.523563	0.054818	0.517463	0.027160	-1.089392	-0.286547
2.280000	-3.253370	-0.173915	0.542586	0.014847	-1.098987	-0.305508
2.300000	-2.983018	-0.412598	0.576139	-0.000427	-1.105460	-0.321982
2.320000	-2.714622	-0.657776	0.616475	-0.018240	-1.109184	-0.336071
2.340000	-2.450283	-0.905957	0.661918	-0.038165	-1.110540	-0.347881
2.360000	-2.192108	-1.153650	0.710788	-0.059771	-1.109911	-0.357519
2.380000	-1.942198	-1.397364	0.761409	-0.082633	-1.107678	-0.365090
2.400000	-1.702658	-1.633606	0.812102	-0.106320	-1.104224	-0.370701
2.420000	-1.475592	-1.858885	0.861189	-0.130405	-1.099931	-0.374459
2.440000	-1.263103	-2.069710	0.906993	-0.154459	-1.095181	-0.376469
2.460000	-1.067296	-2.262590	0.947836	-0.178054	-1.090355	-0.376839
2.480000	-0.890272	-2.434031	0.982040	-0.200761	-1.085837	-0.375674
2.500000	-0.734137	-2.580544	1.007927	-0.222153	-1.082007	-0.373080
2.520000	-0.600995	-2.698636	1.023820	-0.241800	-1.079249	-0.369165
2.540000	-0.492948	-2.784816	1.028039	-0.259274	-1.077943	-0.364033
2.560000	-0.412100	-2.835592	1.018908	-0.274147	-1.078473	-0.357792
2.580000	-0.360556	-2.847473	0.994749	-0.285991	-1.081221	-0.350549
2.600000	-0.340381	-2.817018	0.953909	-0.294382	-1.086562	-0.342408
2.620000	-0.351378	-2.743865	0.896253	-0.299190	-1.094565	-0.333488
2.640000	-0.389848	-2.632422	0.824003	-0.300741	-1.104817	-0.323923
2.660000	-0.451784	-2.487506	0.739580	-0.299399	-1.116863	-0.313847
2.680000	-0.533185	-2.313935	0.645406	-0.295530	-1.130250	-0.303396
2.700000	-0.630046	-2.116528	0.543904	-0.289497	-1.144524	-0.292705
2.720000	-0.738364	-1.900102	0.437496	-0.281666	-1.159231	-0.281909
2.740000	-0.854135	-1.669475	0.328603	-0.272401	-1.173916	-0.271143
2.760000	-0.973356	-1.429465	0.219649	-0.262067	-1.188126	-0.260543
2.780000	-1.092023	-1.184890	0.113056	-0.251028	-1.201407	-0.250243
2.800000	-1.206133	-0.940569	0.011245	-0.239649	-1.213305	-0.240379
2.820000	-1.311682	-0.701318	-0.083360	-0.228294	-1.223365	-0.231087
2.840000	-1.404666	-0.471956	-0.168339	-0.217329	-1.231134	-0.222500
2.860000	-1.481082	-0.257301	-0.241268	-0.207119	-1.236158	-0.214755
2.880000	-1.536927	-0.062171	-0.299725	-0.198026	-1.237983	-0.207987
2.900000	-1.568196	0.108617	-0.341288	-0.190418	-1.236154	-0.202330
2.920000	-1.571205	0.250605	-0.363752	-0.184631	-1.230266	-0.197908
2.940000	-1.546072	0.363648	-0.367494	-0.180693	-1.220475	-0.194696
2.960000	-1.495409	0.450431	-0.354586	-0.178426	-1.207307	-0.192573
2.980000	-1.421876	0.513688	-0.327133	-0.177650	-1.191298	-0.191414
3.000000	-1.328129	0.556153	-0.287239	-0.178182	-1.172979	-0.191097
3.020000	-1.216828	0.580562	-0.237005	-0.179843	-1.152886	-0.191499
3.040000	-1.090630	0.589649	-0.178536	-0.182450	-1.131552	-0.192496
3.060000	-0.952193	0.586149	-0.113935	-0.185823	-1.109509	-0.193964
3.080000	-0.804175	0.572796	-0.045306	-0.189781	-1.087293	-0.195781
3.100000	-0.649234	0.552325	0.025248	-0.194142	-1.065436	-0.197824
3.120000	-0.490028	0.527470	0.095624	-0.198725	-1.044472	-0.199968
3.140000	-0.329214	0.500966	0.163719	-0.203349	-1.024935	-0.202092
3.160000	-0.169452	0.475548	0.227429	-0.207833	-1.007359	-0.204070
3.180000	-0.013398	0.453950	0.284650	-0.211996	-0.992276	-0.205781
3.200000	0.136289	0.438907	0.333279	-0.215657	-0.980221	-0.207100
3.220000	0.277040	0.433024	0.371294	-0.218642	-0.971701	-0.207910
3.240000	0.407818	0.436691	0.398035	-0.220907	-0.966757	-0.208161
3.260000	0.528870	0.448438	0.413992	-0.222519	-0.965042	-0.207869
3.280000	0.640481	0.466737	0.419691	-0.223545	-0.966196	-0.207046
3.300000	0.742940	0.490060	0.415657	-0.224055	-0.969860	-0.205709
3.320000	0.836532	0.516879	0.402413	-0.224119	-0.975675	-0.203873
3.340000	0.921544	0.545667	0.380486	-0.223804	-0.983281	-0.201551
3.360000	0.998263	0.574895	0.350400	-0.223180	-0.992317	-0.198760
3.380000	1.066977	0.603035	0.312679	-0.222316	-1.002426	-0.195514
3.400000	1.127971	0.628561	0.267850	-0.221281	-1.013247	-0.191828
3.420000	1.181532	0.649943	0.216437	-0.220143	-1.024420	-0.187717
3.440000	1.227947	0.665654	0.158964	-0.218972	-1.035586	-0.183196
3.460000	1.267504	0.674166	0.095958	-0.217837	-1.046386	-0.178279
3.480000	1.300488	0.673951	0.027942	-0.216806	-1.056460	-0.172983
3.500000	1.327186	0.663482	-0.044559	-0.215949	-1.065448	-0.167321
3.520000	1.347885	0.641230	-0.121019	-0.215334	-1.072990	-0.161309
3.540000	1.362875	0.605685	-0.200911	-0.215030	-1.078731	-0.154961
3.560000	1.372662	0.556522	-0.283608	-0.215061	-1.082492	-0.148311
3.580000	1.378103	0.495359	-0.368312	-0.215381	-1.084389	-0.141419
3.600000	1.380091	0.423995	-0.454210	-0.215936	-1.084566	-0.134349
3.620000	1.379515	0.344226	-0.540489	-0.216673	-1.083167	-0.127164
3.640000	1.377267	0.257851	-0.626338	-0.217538	-1.080334	-0.119928
3.660000	1.374239	0.166668	-0.710942	-0.218478	-1.076211	-0.112705
3.680000	1.371322	0.072473	-0.793490	-0.219440	-1.070941	-0.105558
3.700000	1.369405	-0.022934	-0.873169	-0.220369	-1.064668	-0.098550
3.720000	1.369382	-0.117756	-0.949167	-0.221213	-1.057535	-0.091746
3.740000	1.372142	-0.210195	-1.020670	-0.221918	-1.049686	-0.085208
3.760000	1.378577	-0.298454	-1.086866	-0.222430	-1.041263	-0.079001
