0.000000	-0.290998	0.167268	-0.260372	-0.563880	-0.587357	0.416468
0.020000	-0.290041	0.168825	-0.258114	-0.563568	-0.588369	0.415631
0.040000	-0.292511	0.171151	-0.253626	-0.563289	-0.589142	0.415079
0.060000	-0.298018	0.174126	-0.247165	-0.563047	-0.589691	0.414785
0.080000	-0.306158	0.177624	-0.238995	-0.562842	-0.590037	0.414719
0.100000	-0.316524	0.181518	-0.229381	-0.562675	-0.590197	0.414853
0.120000	-0.328709	0.185683	-0.218587	-0.562547	-0.590190	0.415157
0.140000	-0.342309	0.189993	-0.206880	-0.562460	-0.590033	0.415603
0.160000	-0.356916	0.194321	-0.194524	-0.562415	-0.589746	0.416160
0.180000	-0.372126	0.198543	-0.181784	-0.562412	-0.589347	0.416801
0.200000	-0.387530	0.202531	-0.168925	-0.562453	-0.588854	0.417496
0.220000	-0.402724	0.206160	-0.156213	-0.562539	-0.588285	0.418217
0.240000	-0.417302	0.209304	-0.143912	-0.562671	-0.587660	0.418933
0.260000	-0.430857	0.211837	-0.132287	-0.562851	-0.586995	0.419616
0.280000	-0.442983	0.213632	-0.121603	-0.563079	-0.586311	0.420237
0.300000	-0.453274	0.214565	-0.112125	-0.563356	-0.585624	0.420767
0.320000	-0.461324	0.214508	-0.104119	-0.563684	-0.584954	0.421176
0.340000	-0.466728	0.213338	-0.097849	-0.564065	-0.584318	0.421436
0.360000	-0.469297	0.210994	-0.093436	-0.564495	-0.583731	0.421532
0.380000	-0.469253	0.207553	-0.090733	-0.564966	-0.583193	0.421478
0.400000	-0.466869	0.203101	-0.089558	-0.565470	-0.582705	0.421289
0.420000	-0.462417	0.197729	-0.089730	-0.565997	-0.582270	0.420982
0.440000	-0.456169	0.191525	-0.091067	-0.566538	-0.581888	0.420574
0.460000	-0.448397	0.184578	-0.093389	-0.567085	-0.581559	0.420081
0.480000	-0.439372	0.176977	-0.096515	-0.567628	-0.581286	0.419518
0.500000	-0.429367	0.168811	-0.100264	-0.568158	-0.581068	0.418903
0.520000	-0.418653	0.160168	-0.104453	-0.568666	-0.580907	0.418252
0.540000	-0.407503	0.151137	-0.108904	-0.569143	-0.580804	0.417582
0.560000	-0.396188	0.141808	-0.113433	-0.569580	-0.580760	0.416908
0.580000	-0.384981	0.132270	-0.117861	-0.569968	-0.580776	0.416247
0.600000	-0.374153	0.122610	-0.122006	-0.570298	-0.580853	0.415615
0.620000	-0.363977	0.112918	-0.125687	-0.570560	-0.580992	0.415030
0.640000	-0.354724	0.103283	-0.128723	-0.570747	-0.581194	0.414506
0.660000	-0.346652	0.093797	-0.130940	-0.570849	-0.581460	0.414060
0.680000	-0.339802	0.084595	-0.132298	-0.570873	-0.581785	0.413696
0.700000	-0.334032	0.075849	-0.132863	-0.570838	-0.582163	0.413408
0.720000	-0.329194	0.067734	-0.132703	-0.570761	-0.582585	0.413190
0.740000	-0.325144	0.060421	-0.131889	-0.570661	-0.583045	0.413035
0.760000	-0.321733	0.054085	-0.130489	-0.570558	-0.583533	0.412938
0.780000	-0.318817	0.048899	-0.128573	-0.570469	-0.584044	0.412893
0.800000	-0.316248	0.045035	-0.126211	-0.570413	-0.584568	0.412893
0.820000	-0.313879	0.042668	-0.123471	-0.570409	-0.585099	0.412933
0.840000	-0.311565	0.041971	-0.120424	-0.570475	-0.585628	0.413006
0.860000	-0.309159	0.043117	-0.117138	-0.570630	-0.586149	0.413106
0.880000	-0.306514	0.046279	-0.113684	-0.570893	-0.586652	0.413228
0.900000	-0.303485	0.051630	-0.110130	-0.571282	-0.587132	0.413364
0.920000	-0.299923	0.059344	-0.106545	-0.571815	-0.587579	0.413510
0.940000	-0.295684	0.069595	-0.103000	-0.572512	-0.587986	0.413659
0.960000	-0.290620	0.082554	-0.099563	-0.573390	-0.588347	0.413805
0.980000	-0.284622	0.098286	-0.096297	-0.574463	-0.588653	0.413942
1.000000	-0.277783	0.116254	-0.093226	-0.575709	-0.588904	0.414067
1.020000	-0.270262	0.135724	-0.090359	-0.577096	-0.589102	0.414181
1.040000	-0.262218	0.155962	-0.087708	-0.578592	-0.589248	0.414279
1.060000	-0.253810	0.176233	-0.085283	-0.580164	-0.589342	0.414362
1.080000	-0.245198	0.195804	-0.083094	-0.581781	-0.589386	0.414428
1.100000	-0.236542	0.213938	-0.081152	-0.583409	-0.589380	0.414474
1.120000	-0.228000	0.229902	-0.079468	-0.585018	-0.589327	0.414499
1.140000	-0.219731	0.242962	-0.078053	-0.586575	-0.589227	0.414503
1.160000	-0.211896	0.252382	-0.076916	-0.588047	-0.589081	0.414482
1.180000	-0.204654	0.257429	-0.076068	-0.589402	-0.588890	0.414436
1.200000	-0.198163	0.257367	-0.075520	-0.590609	-0.588656	0.414363
1.220000	-0.192583	0.251463	-0.075283	-0.591634	-0.588380	0.414262
1.240000	-0.188074	0.238982	-0.075367	-0.592446	-0.588062	0.414130
1.260000	-0.184794	0.219189	-0.075782	-0.593013	-0.587705	0.413967
1.280000	-0.182904	0.191355	-0.076540	-0.593302	-0.587308	0.413770
1.300000	-0.182474	0.155551	-0.077631	-0.593299	-0.586877	0.413541
1.320000	-0.183398	0.113497	-0.079009	-0.593025	-0.586421	0.413286
1.340000	-0.185550	0.067114	-0.080621	-0.592506	-0.585952	0.413011
1.360000	-0.188801	0.018323	-0.082415	-0.591768	-0.585481	0.412722
1.380000	-0.193024	-0.030954	-0.084340	-0.590836	-0.585019	0.412427
1.400000	-0.198090	-0.078796	-0.086343	-0.589738	-0.584577	0.412132
1.420000	-0.203872	-0.123281	-0.088373	-0.588497	-0.584167	0.411844
1.440000	-0.210241	-0.162487	-0.090377	-0.587141	-0.583799	0.411569
1.460000	-0.217071	-0.194493	-0.092303	-0.585696	-0.583485	0.411314
1.480000	-0.224233	-0.217377	-0.094099	-0.584186	-0.583236	0.411086
1.500000	-0.231599	-0.229218	-0.095714	-0.582637	-0.583063	0.410890
1.520000	-0.239042	-0.228094	-0.097096	-0.581077	-0.582977	0.410735
1.540000	-0.246433	-0.212083	-0.098191	-0.579530	-0.582990	0.410625
1.560000	-0.253645	-0.179265	-0.098949	-0.578022	-0.583112	0.410569
1.580000	-0.260550	-0.127717	-0.099318	-0.576579	-0.583354	0.410572
1.600000	-0.267021	-0.055517	-0.099245	-0.575228	-0.583729	0.410642
1.620000	-0.272941	0.038451	-0.098704	-0.573988	-0.584241	0.410783
1.640000	-0.278250	0.151840	-0.097786	-0.572861	-0.584874	0.410997
1.660000	-0.282900	0.281367	-0.096610	-0.571841	-0.585604	0.411283
1.680000	-0.286844	0.423750	-0.095296	-0.570922	-0.586409	0.411640
1.700000	-0.290036	0.575706	-0.093964	-0.570101	-0.587263	0.412068
1.720000	-0.292429	0.733955	-0.092734	-0.569371	-0.588145	0.412566
1.740000	-0.293975	0.895213	-0.091727	-0.568726	-0.589031	0.413134
1.760000	-0.294628	1.056198	-0.091062	-0.568163	-0.589898	0.413771
1.780000	-0.294340	1.213629	-0.090859	-0.567676	-0.590722	0.414476
1.800000	-0.293066	1.364223	-0.091239	-0.567259	-0.591480	0.415250
1.820000	-0.290757	1.504697	-0.092322	-0.566907	-0.592149	0.416092
1.840000	-0.287367	1.631770	-0.094226	-0.566615	-0.592705	0.417000
1.860000	-0.282849	1.742159	-0.097074	-0.566377	-0.593125	0.417975
1.880000	-0.277156	1.832583	-0.100984	-0.566189	-0.593386	0.419016
1.900000	-0.270241	1.899759	-0.106076	-0.566046	-0.593464	0.420122
1.920000	-0.262057	1.940405	-0.112472	-0.565941	-0.593337	0.421293
1.940000	-0.252573	1.951625	-0.120267	-0.565870	-0.592984	0.422527
1.960000	-0.241909	1.934241	-0.129338	-0.565831	-0.592416	0.423809
1.980000	-0.230271	1.891140	-0.139440	-0.565821	-0.591662	0.425116
2.000000	-0.217862	1.825235	-0.150324	-0.565841	-0.590751	0.426427
2.020000	-0.204889	1.739437	-0.161744	-0.565888	-0.589713	0.427719
2.040000	-0.191558	1.636660	-0.173451	-0.565962	-0.588575	0.428970
2.060000	-0.178074	1.519813	-0.185199	-0.566061	-0.587366	0.430157
2.080000	-0.164642	1.391811	-0.196739	-0.566184	-0.586117	0.431259
2.100000	-0.151468	1.255563	-0.207825	-0.566330	-0.584855	0.432252
2.120000	-0.138758	1.113983	-0.218208	-0.566497	-0.583610	0.433115
2.140000	-0.126717	0.969982	-0.227642	-0.566684	-0.582410	0.433825
2.160000	-0.115551	0.826471	-0.235878	-0.566891	-0.581284	0.434360
2.180000	-0.105465	0.686364	-0.242670	-0.567116	-0.580262	0.434697
2.200000	-0.096665	0.552571	-0.247769	-0.567357	-0.579372	0.434815
2.220000	-0.089356	0.428005	-0.250929	-0.567613	-0.578643	0.434690
2.240000	-0.083744	0.315577	-0.251901	-0.567884	-0.578104	0.434301
2.260000	-0.079981	0.217492	-0.250536	-0.568167	-0.577775	0.433636
2.280000	-0.078038	0.133502	-0.247017	-0.568457	-0.577640	0.432718
2.300000	-0.077844	0.062827	-0.241601	-0.568747	-0.577681	0.431578
2.320000	-0.079330	0.004687	-0.234547	-0.569033	-0.577874	0.430249
2.340000	-0.082425	-0.041699	-0.226110	-0.569307	-0.578199	0.428760
2.360000	-0.087059	-0.077109	-0.216549	-0.569564	-0.578634	0.427144
2.380000	-0.093162	-0.102325	-0.206121	-0.569798	-0.579159	0.425432
2.400000	-0.100665	-0.118125	-0.195083	-0.570003	-0.579752	0.423654
2.420000	-0.109498	-0.125291	-0.183691	-0.570173	-0.580392	0.421844
2.440000	-0.119590	-0.124601	-0.172204	-0.570302	-0.581058	0.420031
2.460000	-0.130871	-0.116836	-0.160878	-0.570385	-0.581729	0.418247
2.480000	-0.143272	-0.102775	-0.149971	-0.570414	-0.582383	0.416523
2.500000	-0.156722	-0.083199	-0.139740	-0.570385	-0.582999	0.414891
2.520000	-0.171152	-0.058888	-0.130442	-0.570291	-0.583557	0.413383
2.540000	-0.186491	-0.030621	-0.122334	-0.570126	-0.584034	0.412028
2.560000	-0.202670	0.000822	-0.115674	-0.569884	-0.584410	0.410860
2.580000	-0.219606	0.034639	-0.110690	-0.569562	-0.584666	0.409904
2.600000	-0.237123	0.069877	-0.107387	-0.569167	-0.584807	0.409156
2.620000	-0.254999	0.105510	-0.105671	-0.568713	-0.584848	0.408598
2.640000	-0.273016	0.140513	-0.105447	-0.568215	-0.584804	0.408211
2.660000	-0.290952	0.173859	-0.106620	-0.567688	-0.584689	0.407974
2.680000	-0.308589	0.204523	-0.109094	-0.567145	-0.584519	0.407870
2.700000	-0.325705	0.231479	-0.112774	-0.566600	-0.584308	0.407880
2.720000	-0.342080	0.253702	-0.117565	-0.566068	-0.584070	0.407983
2.740000	-0.357496	0.270166	-0.123371	-0.565564	-0.583822	0.408163
2.760000	-0.371730	0.279845	-0.130098	-0.565100	-0.583578	0.408398
2.780000	-0.384563	0.281714	-0.137650	-0.564692	-0.583352	0.408671
2.800000	-0.395776	0.274746	-0.145932	-0.564354	-0.583160	0.408962
2.820000	-0.405147	0.257917	-0.154849	-0.564099	-0.583016	0.409252
2.840000	-0.412457	0.230200	-0.164304	-0.563943	-0.582936	0.409523
2.860000	-0.417485	0.190570	-0.174204	-0.563899	-0.582933	0.409755
2.880000	-0.420012	0.138003	-0.184453	-0.563982	-0.583024	0.409929
2.900000	-0.419940	0.072746	-0.194883	-0.564198	-0.583216	0.410037
