0.000000	0.027767	0.359994	0.450431	-0.755819	-0.534531	0.320855
0.020000	0.402904	0.422055	0.242594	-0.748779	-0.529914	0.321376
0.040000	0.780019	0.483571	0.029725	-0.740904	-0.525486	0.321937
0.060000	1.152698	0.542652	-0.184271	-0.732344	-0.521311	0.322519
0.080000	1.514530	0.597410	-0.395490	-0.723245	-0.517452	0.323107
0.100000	1.859100	0.645955	-0.600028	-0.713757	-0.513973	0.323682
0.120000	2.179998	0.686400	-0.793981	-0.704028	-0.510938	0.324227
0.140000	2.470809	0.716855	-0.973444	-0.694207	-0.508410	0.324725
0.160000	2.725122	0.735432	-1.134515	-0.684442	-0.506454	0.325159
0.180000	2.936542	0.740249	-1.273298	-0.674881	-0.505133	0.325510
0.200000	3.101550	0.730458	-1.387597	-0.665642	-0.504479	0.325772
0.220000	3.222625	0.707367	-1.478752	-0.656780	-0.504462	0.325955
0.240000	3.302993	0.672555	-1.548543	-0.648341	-0.505039	0.326071
0.260000	3.345880	0.627600	-1.598751	-0.640371	-0.506172	0.326133
0.280000	3.354512	0.574080	-1.631155	-0.632919	-0.507819	0.326155
0.300000	3.332115	0.513572	-1.647538	-0.626029	-0.509942	0.326148
0.320000	3.281917	0.447656	-1.649680	-0.619748	-0.512499	0.326127
0.340000	3.207143	0.377908	-1.639361	-0.614124	-0.515451	0.326103
0.360000	3.111020	0.305907	-1.618362	-0.609202	-0.518757	0.326090
0.380000	2.996775	0.233231	-1.588465	-0.605029	-0.522377	0.326101
0.400000	2.867632	0.161457	-1.551449	-0.601652	-0.526271	0.326148
0.420000	2.726820	0.092165	-1.509095	-0.599118	-0.530399	0.326244
0.440000	2.577564	0.026932	-1.463185	-0.597472	-0.534721	0.326402
0.460000	2.423091	-0.032665	-1.415498	-0.596762	-0.539196	0.326635
0.480000	2.266627	-0.085046	-1.367816	-0.597034	-0.543784	0.326957
0.500000	2.111398	-0.128635	-1.321919	-0.598334	-0.548446	0.327378
0.520000	1.960148	-0.162115	-1.279294	-0.600680	-0.553138	0.327910
0.540000	1.813516	-0.185318	-1.240139	-0.603957	-0.557812	0.328540
0.560000	1.671562	-0.198389	-1.204303	-0.608015	-0.562414	0.329255
0.580000	1.534347	-0.201473	-1.171633	-0.612704	-0.566894	0.330038
0.600000	1.401935	-0.194716	-1.141976	-0.617875	-0.571197	0.330874
0.620000	1.274386	-0.178261	-1.115182	-0.623377	-0.575272	0.331749
0.640000	1.151762	-0.152255	-1.091096	-0.629061	-0.579068	0.332648
0.660000	1.034125	-0.116842	-1.069567	-0.634776	-0.582531	0.333554
0.680000	0.921536	-0.072166	-1.050442	-0.640373	-0.585609	0.334452
0.700000	0.814057	-0.018374	-1.033570	-0.645701	-0.588251	0.335328
0.720000	0.711749	0.044390	-1.018797	-0.650612	-0.590403	0.336167
0.740000	0.614675	0.115981	-1.005972	-0.654954	-0.592015	0.336952
0.760000	0.522896	0.196254	-0.994943	-0.658579	-0.593032	0.337669
0.780000	0.436473	0.285064	-0.985556	-0.661335	-0.593404	0.338303
0.800000	0.355469	0.382266	-0.977660	-0.663074	-0.593078	0.338838
0.820000	0.279944	0.487714	-0.971102	-0.663645	-0.592002	0.339259
0.840000	0.209840	0.601017	-0.965683	-0.662919	-0.590137	0.339553
0.860000	0.143921	0.719365	-0.960746	-0.660958	-0.587580	0.339724
0.880000	0.080287	0.838586	-0.955375	-0.657937	-0.584506	0.339789
0.900000	0.017030	0.954491	-0.948651	-0.654028	-0.581088	0.339763
0.920000	-0.047758	1.062893	-0.939655	-0.649407	-0.577500	0.339660
0.940000	-0.115983	1.159605	-0.927469	-0.644247	-0.573918	0.339497
0.960000	-0.189553	1.240439	-0.911175	-0.638723	-0.570516	0.339290
0.980000	-0.270377	1.301207	-0.889853	-0.633009	-0.567467	0.339053
1.000000	-0.360360	1.337721	-0.862585	-0.627279	-0.564947	0.338802
1.020000	-0.461411	1.345794	-0.828452	-0.621707	-0.563130	0.338552
1.040000	-0.575438	1.321238	-0.786535	-0.616468	-0.562190	0.338320
1.060000	-0.704347	1.259866	-0.735916	-0.611735	-0.562301	0.338120
1.080000	-0.850046	1.157489	-0.675677	-0.607684	-0.563638	0.337968
1.100000	-1.014443	1.009921	-0.604898	-0.604487	-0.566375	0.337880
1.120000	-1.199445	0.812973	-0.522660	-0.602320	-0.570687	0.337870
1.140000	-1.406722	0.562982	-0.428130	-0.601343	-0.576727	0.337954
1.160000	-1.634685	0.263449	-0.321615	-0.601531	-0.584356	0.338119
1.180000	-1.879393	-0.076947	-0.204250	-0.602726	-0.593224	0.338336
1.200000	-2.136851	-0.449408	-0.077190	-0.604766	-0.602979	0.338577
1.220000	-2.403064	-0.845139	0.058412	-0.607490	-0.613265	0.338812
1.240000	-2.674037	-1.255343	0.201401	-0.610736	-0.623729	0.339012
1.260000	-2.945776	-1.671224	0.350625	-0.614344	-0.634017	0.339146
1.280000	-3.214285	-2.083986	0.504930	-0.618150	-0.643774	0.339187
1.300000	-3.475570	-2.484833	0.663161	-0.621994	-0.652647	0.339103
1.320000	-3.725636	-2.864969	0.824165	-0.625715	-0.660282	0.338868
1.340000	-3.960488	-3.215597	0.986788	-0.629150	-0.666324	0.338449
1.360000	-4.176131	-3.527920	1.149876	-0.632138	-0.670419	0.337819
1.380000	-4.368571	-3.793144	1.312275	-0.634518	-0.672214	0.336949
1.400000	-4.533813	-4.002472	1.472832	-0.636128	-0.671354	0.335808
1.420000	-4.667861	-4.147107	1.630394	-0.636807	-0.667486	0.334367
1.440000	-4.766722	-4.218253	1.783805	-0.636393	-0.660255	0.332597
1.460000	-4.826447	-4.207276	1.931902	-0.634728	-0.649315	0.330469
1.480000	-4.845326	-4.113118	2.073054	-0.631792	-0.634704	0.327980
1.500000	-4.824793	-3.945389	2.204969	-0.627761	-0.616998	0.325164
1.520000	-4.766519	-3.714497	2.325307	-0.622827	-0.596814	0.322055
1.540000	-4.672176	-3.430854	2.431726	-0.617181	-0.574769	0.318690
1.560000	-4.543434	-3.104869	2.521887	-0.611013	-0.551480	0.315104
1.580000	-4.381967	-2.746953	2.593449	-0.604515	-0.527565	0.311333
1.600000	-4.189444	-2.367517	2.644072	-0.597878	-0.503639	0.307412
1.620000	-3.967537	-1.976970	2.671413	-0.591292	-0.480320	0.303379
1.640000	-3.717917	-1.585722	2.673134	-0.584950	-0.458224	0.299267
1.660000	-3.442257	-1.204185	2.646893	-0.579041	-0.437970	0.295114
1.680000	-3.142226	-0.842768	2.590350	-0.573758	-0.420174	0.290955
1.700000	-2.819497	-0.511881	2.501165	-0.569290	-0.405452	0.286825
1.720000	-2.475741	-0.221935	2.376996	-0.565829	-0.394422	0.282760
1.740000	-2.112629	0.016660	2.215502	-0.563567	-0.387701	0.278797
1.760000	-1.731833	0.193493	2.014345	-0.562694	-0.385905	0.274970
1.780000	-1.335024	0.298161	1.771184	-0.563401	-0.389652	0.271316
1.800000	-0.924601	0.324916	1.485794	-0.565785	-0.399245	0.267869
1.820000	-0.505021	0.281244	1.163944	-0.569673	-0.414100	0.264662
1.840000	-0.081104	0.176958	0.812460	-0.574846	-0.433477	0.261727
1.860000	0.342328	0.021873	0.438166	-0.581084	-0.456634	0.259096
1.880000	0.760455	-0.174196	0.047889	-0.588169	-0.482832	0.256801
1.900000	1.168457	-0.401435	-0.351545	-0.595881	-0.511329	0.254873
1.920000	1.561512	-0.650028	-0.753313	-0.604000	-0.541385	0.253345
1.940000	1.934801	-0.910163	-1.150586	-0.612307	-0.572260	0.252249
1.960000	2.283503	-1.172022	-1.536542	-0.620582	-0.603212	0.251616
1.980000	2.602797	-1.425793	-1.904352	-0.628607	-0.633502	0.251480
2.000000	2.887862	-1.661661	-2.247193	-0.636162	-0.662388	0.251870
2.020000	3.133878	-1.869810	-2.558238	-0.643026	-0.689130	0.252821
2.040000	3.336025	-2.040427	-2.830662	-0.648982	-0.712987	0.254363
2.060000	3.489481	-2.163696	-3.057639	-0.653810	-0.733219	0.256528
2.080000	3.589426	-2.229802	-3.232344	-0.657289	-0.749086	0.259349
2.100000	3.632784	-2.231907	-3.349985	-0.659266	-0.760057	0.262835
2.120000	3.622995	-2.174282	-3.413369	-0.659829	-0.766392	0.266912
2.140000	3.565022	-2.063796	-3.427079	-0.659122	-0.768537	0.271487
2.160000	3.463827	-1.907319	-3.395698	-0.657290	-0.766935	0.276467
2.180000	3.324373	-1.711718	-3.323807	-0.654477	-0.762031	0.281757
2.200000	3.151622	-1.483862	-3.215990	-0.650829	-0.754269	0.287265
2.220000	2.950538	-1.230621	-3.076829	-0.646489	-0.744094	0.292897
2.240000	2.726082	-0.958862	-2.910905	-0.641603	-0.731949	0.298560
2.260000	2.483217	-0.675454	-2.722802	-0.636315	-0.718280	0.304159
2.280000	2.226907	-0.387267	-2.517103	-0.630770	-0.703530	0.309603
2.300000	1.962112	-0.101168	-2.298388	-0.625113	-0.688145	0.314797
2.320000	1.693797	0.175973	-2.071242	-0.619487	-0.672567	0.319648
2.340000	1.426923	0.437288	-1.840246	-0.614039	-0.657242	0.324062
2.360000	1.166454	0.675908	-1.609982	-0.608911	-0.642614	0.327947
2.380000	0.917351	0.884965	-1.385034	-0.604250	-0.629127	0.331208
