0.000000	-0.309939	-0.169981	-0.425073	0.253657	-0.895518	0.363387
0.020000	-0.307507	-0.122424	-0.358993	0.256727	-0.902814	0.364413
0.040000	-0.292539	-0.058591	-0.285276	0.259866	-0.908870	0.364209
0.060000	-0.267233	0.018738	-0.205292	0.263009	-0.913607	0.362841
0.080000	-0.233784	0.106782	-0.120414	0.266092	-0.916946	0.360375
0.100000	-0.194388	0.202760	-0.032014	0.269050	-0.918809	0.356879
0.120000	-0.151243	0.303892	0.058537	0.271818	-0.919116	0.352418
0.140000	-0.106543	0.407397	0.149867	0.274332	-0.917790	0.347060
0.160000	-0.062486	0.510495	0.240602	0.276528	-0.914752	0.340871
0.180000	-0.021268	0.610404	0.329373	0.278340	-0.909923	0.333918
0.200000	0.014915	0.704344	0.414806	0.279704	-0.903224	0.326268
0.220000	0.043867	0.789535	0.495529	0.280555	-0.894578	0.317987
0.240000	0.063391	0.863195	0.570171	0.280830	-0.883904	0.309141
0.260000	0.071291	0.922544	0.637360	0.280462	-0.871125	0.299798
0.280000	0.065389	0.964819	0.695730	0.279389	-0.856165	0.290025
0.300000	0.045007	0.988646	0.744452	0.277604	-0.839117	0.279909
0.320000	0.012025	0.995025	0.783607	0.275199	-0.820368	0.269579
0.340000	-0.031425	0.985186	0.813369	0.272276	-0.800333	0.259164
0.360000	-0.083213	0.960361	0.833911	0.268937	-0.779427	0.248795
0.380000	-0.141206	0.921783	0.845405	0.265283	-0.758065	0.238601
0.400000	-0.203274	0.870682	0.848023	0.261415	-0.736663	0.228714
0.420000	-0.267285	0.808290	0.841938	0.257437	-0.715635	0.219263
0.440000	-0.331108	0.735840	0.827324	0.253448	-0.695396	0.210378
0.460000	-0.392611	0.654561	0.804352	0.249552	-0.676362	0.202191
0.480000	-0.449662	0.565687	0.773194	0.245849	-0.658947	0.194831
0.500000	-0.500132	0.470448	0.734025	0.242442	-0.643566	0.188429
0.520000	-0.541888	0.370077	0.687015	0.239433	-0.630635	0.183115
0.540000	-0.572799	0.265805	0.632339	0.236922	-0.620569	0.179019
0.560000	-0.590733	0.158863	0.570168	0.235011	-0.613782	0.176271
0.580000	-0.593560	0.050483	0.500675	0.233803	-0.610689	0.175002
0.600000	-0.579147	-0.058103	0.424033	0.233399	-0.611706	0.175343
0.620000	-0.546432	-0.165771	0.340667	0.233869	-0.617100	0.177359
0.640000	-0.498101	-0.271775	0.251898	0.235175	-0.626613	0.180893
0.660000	-0.437668	-0.375451	0.159240	0.237252	-0.639875	0.185739
0.680000	-0.368643	-0.476137	0.064207	0.240037	-0.656515	0.191691
0.700000	-0.294539	-0.573168	-0.031685	0.243466	-0.676162	0.198541
0.720000	-0.218868	-0.665882	-0.126922	0.247476	-0.698445	0.206084
0.740000	-0.145143	-0.753615	-0.219988	0.252004	-0.722994	0.214113
0.760000	-0.076874	-0.835703	-0.309369	0.256985	-0.749436	0.222422
0.780000	-0.017575	-0.911484	-0.393551	0.262357	-0.777402	0.230803
0.800000	0.029242	-0.980294	-0.471017	0.268055	-0.806520	0.239051
0.820000	0.060067	-1.041469	-0.540253	0.274017	-0.836420	0.246959
0.840000	0.071385	-1.094347	-0.599745	0.280178	-0.866730	0.254320
0.860000	0.059687	-1.138264	-0.647978	0.286476	-0.897079	0.260928
0.880000	0.021458	-1.172556	-0.683436	0.292846	-0.927097	0.266577
0.900000	-0.046812	-1.196560	-0.704605	0.299225	-0.956413	0.271060
0.920000	-0.148561	-1.209623	-0.709996	0.305550	-0.984657	0.274173
0.940000	-0.283705	-1.211510	-0.699382	0.311766	-1.011571	0.275859
0.960000	-0.447207	-1.202584	-0.674305	0.317831	-1.037046	0.276265
0.980000	-0.633657	-1.183251	-0.636444	0.323703	-1.060987	0.275552
1.000000	-0.837645	-1.153915	-0.587474	0.329341	-1.083298	0.273882
1.020000	-1.053760	-1.114984	-0.529073	0.334703	-1.103883	0.271419
1.040000	-1.276593	-1.066861	-0.462918	0.339748	-1.122647	0.268324
1.060000	-1.500733	-1.009955	-0.390685	0.344435	-1.139494	0.264759
1.080000	-1.720769	-0.944669	-0.314053	0.348723	-1.154328	0.260887
1.100000	-1.931293	-0.871411	-0.234698	0.352568	-1.167054	0.256869
1.120000	-2.126894	-0.790585	-0.154296	0.355932	-1.177575	0.252867
1.140000	-2.302161	-0.702598	-0.074525	0.358771	-1.185795	0.249045
1.160000	-2.451684	-0.607855	0.002937	0.361044	-1.191620	0.245564
1.180000	-2.570054	-0.506762	0.076415	0.362711	-1.194953	0.242586
1.200000	-2.651859	-0.399725	0.144230	0.363729	-1.195699	0.240273
1.220000	-2.691691	-0.287150	0.204707	0.364057	-1.193762	0.238788
1.240000	-2.684684	-0.169483	0.256288	0.363659	-1.189062	0.238277
1.260000	-2.631682	-0.047608	0.298673	0.362555	-1.181694	0.238716
1.280000	-2.536929	0.077336	0.332311	0.360798	-1.171854	0.239983
1.300000	-2.404718	0.204204	0.357662	0.358441	-1.159742	0.241954
1.320000	-2.239339	0.331853	0.375186	0.355537	-1.145556	0.244503
1.340000	-2.045083	0.459137	0.385341	0.352139	-1.129495	0.247507
1.360000	-1.826242	0.584913	0.388587	0.348302	-1.111758	0.250841
1.380000	-1.587106	0.708037	0.385383	0.344078	-1.092542	0.254380
1.400000	-1.331967	0.827364	0.376189	0.339522	-1.072047	0.258000
1.420000	-1.065115	0.941751	0.361464	0.334685	-1.050471	0.261576
1.440000	-0.790842	1.050052	0.341667	0.329622	-1.028013	0.264984
1.460000	-0.513439	1.151124	0.317258	0.324386	-1.004871	0.268100
1.480000	-0.237196	1.243823	0.288696	0.319030	-0.981245	0.270798
1.500000	0.033595	1.327004	0.256440	0.313607	-0.957333	0.272955
1.520000	0.294644	1.399523	0.220950	0.308172	-0.933333	0.274445
1.540000	0.541658	1.460237	0.182685	0.302777	-0.909444	0.275146
1.560000	0.770396	1.508043	0.142104	0.297475	-0.885864	0.274934
1.580000	0.978112	1.543142	0.099653	0.292302	-0.862795	0.273798
1.600000	1.163797	1.567254	0.055763	0.287276	-0.840436	0.271852
1.620000	1.326543	1.582179	0.010865	0.282411	-0.818989	0.269214
1.640000	1.465440	1.589721	-0.034612	0.277723	-0.798656	0.266005
1.660000	1.579579	1.591682	-0.080237	0.273228	-0.779638	0.262346
1.680000	1.668050	1.589864	-0.125580	0.268942	-0.762136	0.258357
1.700000	1.729944	1.586072	-0.170210	0.264880	-0.746352	0.254158
1.720000	1.764351	1.582106	-0.213698	0.261058	-0.732487	0.249869
1.740000	1.770363	1.579770	-0.255612	0.257491	-0.720742	0.245610
1.760000	1.747069	1.580867	-0.295523	0.254195	-0.711319	0.241503
1.780000	1.693560	1.587198	-0.333001	0.251186	-0.704419	0.237665
1.800000	1.608927	1.600567	-0.367615	0.248479	-0.700244	0.234219
1.820000	1.492261	1.622776	-0.398935	0.246090	-0.698994	0.231285
1.840000	1.342651	1.655627	-0.426530	0.244035	-0.700872	0.228982
1.860000	1.159189	1.700924	-0.449971	0.242328	-0.706078	0.227430
1.880000	0.940975	1.760464	-0.468828	0.240987	-0.714813	0.226751
