0.000000	0.700326	2.492747	-0.478622	0.232785	-0.730028	0.128363
0.020000	0.614679	2.502454	-0.485658	0.231895	-0.734269	0.128206
0.040000	0.508964	2.503846	-0.488922	0.232167	-0.740572	0.129457
0.060000	0.386852	2.496881	-0.488859	0.233449	-0.748718	0.131963
0.080000	0.252033	2.481517	-0.485917	0.235587	-0.758485	0.135570
0.100000	0.108194	2.457711	-0.480545	0.238430	-0.769649	0.140123
0.120000	-0.040975	2.425421	-0.473191	0.241825	-0.781991	0.145468
0.140000	-0.191787	2.384605	-0.464303	0.245618	-0.795286	0.151450
0.160000	-0.340551	2.335220	-0.454330	0.249656	-0.809315	0.157915
0.180000	-0.483580	2.277224	-0.443718	0.253787	-0.823855	0.164709
0.200000	-0.617185	2.210574	-0.432918	0.257858	-0.838683	0.171678
0.220000	-0.737676	2.135228	-0.422377	0.261716	-0.853579	0.178666
0.240000	-0.841366	2.051144	-0.412543	0.265208	-0.868320	0.185519
0.260000	-0.924566	1.958279	-0.403864	0.268181	-0.882684	0.192084
0.280000	-0.983587	1.856591	-0.396790	0.270483	-0.896450	0.198205
0.300000	-1.014740	1.746037	-0.391767	0.271960	-0.909395	0.203728
0.320000	-1.014337	1.626575	-0.389245	0.272461	-0.921297	0.208500
0.340000	-0.980247	1.498388	-0.389495	0.271885	-0.931970	0.212406
0.360000	-0.915602	1.362414	-0.392199	0.270319	-0.941343	0.215474
0.380000	-0.824640	1.219753	-0.396911	0.267886	-0.949368	0.217761
0.400000	-0.711602	1.071503	-0.403186	0.264710	-0.956000	0.219323
0.420000	-0.580727	0.918764	-0.410581	0.260915	-0.961193	0.220216
0.440000	-0.436254	0.762634	-0.418650	0.256626	-0.964899	0.220497
0.460000	-0.282424	0.604213	-0.426948	0.251965	-0.967074	0.220222
0.480000	-0.123476	0.444600	-0.435031	0.247058	-0.967669	0.219449
0.500000	0.036351	0.284893	-0.442454	0.242027	-0.966640	0.218233
0.520000	0.192816	0.126192	-0.448772	0.236996	-0.963939	0.216631
0.540000	0.341680	-0.030404	-0.453541	0.232090	-0.959521	0.214699
0.560000	0.478704	-0.183796	-0.456315	0.227433	-0.953339	0.212495
0.580000	0.599647	-0.332885	-0.456651	0.223148	-0.945346	0.210073
0.600000	0.700270	-0.476573	-0.454103	0.219359	-0.935497	0.207492
0.620000	0.776334	-0.613759	-0.448226	0.216191	-0.923745	0.204808
0.640000	0.823667	-0.743353	-0.438587	0.213765	-0.910048	0.202076
0.660000	0.841055	-0.864588	-0.425203	0.212135	-0.894534	0.199340
0.680000	0.831298	-0.977135	-0.408710	0.211261	-0.877566	0.196628
0.700000	0.797481	-1.080699	-0.389785	0.211098	-0.859522	0.193962
0.720000	0.742691	-1.174985	-0.369105	0.211599	-0.840781	0.191370
0.740000	0.670014	-1.259696	-0.347349	0.212718	-0.821722	0.188876
0.760000	0.582536	-1.334537	-0.325194	0.214409	-0.802721	0.186505
0.780000	0.483344	-1.399212	-0.303318	0.216625	-0.784159	0.184283
0.800000	0.375523	-1.453425	-0.282399	0.219320	-0.766414	0.182233
0.820000	0.262160	-1.496880	-0.263115	0.222448	-0.749864	0.180383
0.840000	0.146340	-1.529281	-0.246143	0.225963	-0.734887	0.178756
0.860000	0.031150	-1.550333	-0.232161	0.229818	-0.721863	0.177378
0.880000	-0.080323	-1.559739	-0.221848	0.233968	-0.711170	0.176274
0.900000	-0.184995	-1.557205	-0.215880	0.238366	-0.703185	0.175470
0.920000	-0.279777	-1.542433	-0.214936	0.242966	-0.698288	0.174989
0.940000	-0.361586	-1.515129	-0.219693	0.247722	-0.696858	0.174859
0.960000	-0.427335	-1.474997	-0.230829	0.252586	-0.699272	0.175102
0.980000	-0.475163	-1.422136	-0.248598	0.257520	-0.705710	0.175727
1.000000	-0.506544	-1.357717	-0.272098	0.262498	-0.715808	0.176686
1.020000	-0.523514	-1.283097	-0.300233	0.267497	-0.729113	0.177927
1.040000	-0.528110	-1.199628	-0.331907	0.272495	-0.745170	0.179395
1.060000	-0.522370	-1.108666	-0.366024	0.277469	-0.763525	0.181036
1.080000	-0.508330	-1.011566	-0.401487	0.282397	-0.783722	0.182795
1.100000	-0.488028	-0.909680	-0.437200	0.287256	-0.805307	0.184619
1.120000	-0.463501	-0.804365	-0.472066	0.292024	-0.827826	0.186453
1.140000	-0.436785	-0.696974	-0.504990	0.296679	-0.850825	0.188244
1.160000	-0.409918	-0.588861	-0.534875	0.301197	-0.873848	0.189936
1.180000	-0.384936	-0.481382	-0.560625	0.305557	-0.896441	0.191476
1.200000	-0.363877	-0.375890	-0.581143	0.309736	-0.918149	0.192810
1.220000	-0.348778	-0.273740	-0.595333	0.313711	-0.938518	0.193883
1.240000	-0.341676	-0.176287	-0.602100	0.317461	-0.957094	0.194641
1.260000	-0.344608	-0.084884	-0.600345	0.320961	-0.973422	0.195031
1.280000	-0.359543	-0.000868	-0.589013	0.324192	-0.987059	0.194999
1.300000	-0.386536	0.074975	-0.568142	0.327147	-0.997893	0.194545
1.320000	-0.423490	0.142470	-0.539007	0.329843	-1.006187	0.193724
1.340000	-0.468193	0.201478	-0.502945	0.332296	-1.012221	0.192595
1.360000	-0.518433	0.251857	-0.461296	0.334522	-1.016276	0.191217
1.380000	-0.572001	0.293466	-0.415396	0.336538	-1.018632	0.189650
1.400000	-0.626683	0.326166	-0.366586	0.338359	-1.019572	0.187952
1.420000	-0.680270	0.349814	-0.316204	0.340003	-1.019376	0.186182
1.440000	-0.730550	0.364271	-0.265587	0.341484	-1.018325	0.184398
1.460000	-0.775312	0.369396	-0.216074	0.342821	-1.016700	0.182661
1.480000	-0.812345	0.365048	-0.169004	0.344029	-1.014781	0.181029
1.500000	-0.839436	0.351086	-0.125716	0.345124	-1.012851	0.179560
1.520000	-0.854376	0.327370	-0.087547	0.346123	-1.011190	0.178314
1.540000	-0.854953	0.293758	-0.055836	0.347042	-1.010079	0.177350
1.560000	-0.838955	0.250110	-0.031922	0.347898	-1.009799	0.176727
1.580000	-0.804172	0.196286	-0.017143	0.348706	-1.010630	0.176504
1.600000	-0.748774	0.132303	-0.012631	0.349478	-1.012812	0.176729
1.620000	-0.673918	0.059420	-0.017903	0.350190	-1.016239	0.177377
1.640000	-0.582171	-0.020522	-0.031715	0.350797	-1.020649	0.178385
1.660000	-0.476104	-0.105675	-0.052821	0.351259	-1.025776	0.179692
1.680000	-0.358291	-0.194195	-0.079971	0.351530	-1.031357	0.181236
1.700000	-0.231306	-0.284234	-0.111918	0.351570	-1.037127	0.182953
1.720000	-0.097720	-0.373948	-0.147413	0.351335	-1.042820	0.184783
1.740000	0.039892	-0.461489	-0.185210	0.350782	-1.048173	0.186662
1.760000	0.178958	-0.545013	-0.224060	0.349869	-1.052920	0.188528
1.780000	0.316905	-0.622674	-0.262715	0.348552	-1.056798	0.190320
1.800000	0.451159	-0.692624	-0.299927	0.346789	-1.059540	0.191976
1.820000	0.579148	-0.753019	-0.334448	0.344537	-1.060884	0.193432
1.840000	0.698298	-0.802012	-0.365030	0.341754	-1.060564	0.194628
1.860000	0.806037	-0.837757	-0.390425	0.338396	-1.058315	0.195500
1.880000	0.899791	-0.858409	-0.409386	0.334420	-1.053873	0.195986
1.900000	0.976988	-0.862122	-0.420665	0.329784	-1.046973	0.196026
1.920000	1.035949	-0.847918	-0.423485	0.324483	-1.037487	0.195581
1.940000	1.077584	-0.817325	-0.418435	0.318621	-1.025673	0.194691
1.960000	1.103267	-0.772325	-0.406349	0.312320	-1.011865	0.193408
1.980000	1.114372	-0.714898	-0.388061	0.305703	-0.996392	0.191785
2.000000	1.112276	-0.647025	-0.364405	0.298895	-0.979587	0.189874
2.020000	1.098352	-0.570687	-0.336214	0.292019	-0.961780	0.187726
2.040000	1.073975	-0.487865	-0.304323	0.285197	-0.943303	0.185395
2.060000	1.040519	-0.400539	-0.269565	0.278552	-0.924486	0.182932
2.080000	0.999360	-0.310689	-0.232775	0.272209	-0.905661	0.180389
2.100000	0.951873	-0.220298	-0.194786	0.266290	-0.887159	0.177820
2.120000	0.899431	-0.131345	-0.156433	0.260919	-0.869311	0.175276
2.140000	0.843409	-0.045811	-0.118549	0.256219	-0.852449	0.172809
2.160000	0.785183	0.034322	-0.081967	0.252313	-0.836903	0.170472
2.180000	0.726127	0.107075	-0.047523	0.249324	-0.823004	0.168317
2.200000	0.667616	0.170466	-0.016050	0.247376	-0.811085	0.166396
2.220000	0.611024	0.222515	0.011618	0.246592	-0.801476	0.164761
2.240000	0.557578	0.261601	0.034743	0.247067	-0.794449	0.163461
2.260000	0.507585	0.288341	0.053176	0.248728	-0.789918	0.162516
2.280000	0.460998	0.304210	0.066995	0.251435	-0.787654	0.161936
2.300000	0.417771	0.310684	0.076282	0.255048	-0.787431	0.161732
2.320000	0.377857	0.309240	0.081113	0.259427	-0.789022	0.161915
2.340000	0.341209	0.301356	0.081569	0.264433	-0.792199	0.162493
2.360000	0.307781	0.288507	0.077729	0.269926	-0.796735	0.163479
2.380000	0.277524	0.272171	0.069672	0.275766	-0.802403	0.164882
2.400000	0.250393	0.253824	0.057477	0.281813	-0.808975	0.166713
2.420000	0.226341	0.234944	0.041223	0.287928	-0.816226	0.168982
2.440000	0.205320	0.217006	0.020990	0.293971	-0.823926	0.171699
2.460000	0.187285	0.201487	-0.003144	0.299802	-0.831850	0.174874
2.480000	0.172187	0.189865	-0.031098	0.305282	-0.839770	0.178519
