0.000000	0.250243	-0.231576	-0.256408	0.243331	-0.724577	0.208858
0.020000	0.310231	-0.226917	-0.293605	0.243919	-0.722971	0.208896
0.040000	0.387617	-0.215964	-0.329375	0.245318	-0.724264	0.210273
0.060000	0.479609	-0.199247	-0.363564	0.247448	-0.728170	0.212880
0.080000	0.583138	-0.177399	-0.396037	0.250222	-0.734370	0.216591
0.100000	0.695139	-0.151049	-0.426663	0.253549	-0.742545	0.221282
0.120000	0.812543	-0.120830	-0.455306	0.257341	-0.752378	0.226826
0.140000	0.932284	-0.087373	-0.481833	0.261509	-0.763548	0.233099
0.160000	1.051295	-0.051309	-0.506112	0.265965	-0.775737	0.239975
0.180000	1.166509	-0.013270	-0.528009	0.270620	-0.788627	0.247329
0.200000	1.274858	0.026113	-0.547390	0.275384	-0.801898	0.255036
0.220000	1.373276	0.066210	-0.564121	0.280169	-0.815232	0.262970
0.240000	1.458695	0.106387	-0.578070	0.284887	-0.828310	0.271006
0.260000	1.528048	0.146014	-0.589103	0.289447	-0.840814	0.279019
0.280000	1.578269	0.184461	-0.597086	0.293762	-0.852423	0.286884
0.300000	1.606290	0.221094	-0.601887	0.297743	-0.862820	0.294475
0.320000	1.609044	0.255284	-0.603371	0.301300	-0.871686	0.301667
0.340000	1.583712	0.286429	-0.601414	0.304351	-0.878722	0.308340
0.360000	1.530773	0.314343	-0.596007	0.306882	-0.883900	0.314443
0.380000	1.453050	0.339130	-0.587226	0.308933	-0.887380	0.319973
0.400000	1.353415	0.360902	-0.575145	0.310541	-0.889330	0.324929
0.420000	1.234740	0.379773	-0.559841	0.311747	-0.889917	0.329311
0.440000	1.099897	0.395852	-0.541389	0.312588	-0.889305	0.333116
0.460000	0.951760	0.409252	-0.519867	0.313105	-0.887662	0.336344
0.480000	0.793201	0.420086	-0.495349	0.313336	-0.885153	0.338993
0.500000	0.627091	0.428464	-0.467912	0.313321	-0.881946	0.341062
0.520000	0.456303	0.434499	-0.437631	0.313098	-0.878206	0.342551
0.540000	0.283709	0.438302	-0.404584	0.312707	-0.874100	0.343457
0.560000	0.112183	0.439986	-0.368845	0.312187	-0.869794	0.343780
0.580000	-0.055404	0.439662	-0.330491	0.311577	-0.865454	0.343518
0.600000	-0.216179	0.437442	-0.289598	0.310916	-0.861247	0.342670
0.620000	-0.367271	0.433438	-0.246241	0.310243	-0.857338	0.341235
0.640000	-0.505806	0.427761	-0.200497	0.309597	-0.853895	0.339212
0.660000	-0.629303	0.420469	-0.152505	0.309010	-0.851055	0.336617
0.680000	-0.737065	0.411365	-0.102684	0.308482	-0.848828	0.333546
0.700000	-0.828897	0.400180	-0.051537	0.308002	-0.847185	0.330119
0.720000	-0.904609	0.386646	0.000434	0.307559	-0.846100	0.326454
0.740000	-0.964007	0.370495	0.052728	0.307145	-0.845546	0.322670
0.760000	-1.006900	0.351458	0.104843	0.306748	-0.845494	0.318888
0.780000	-1.033096	0.329268	0.156278	0.306359	-0.845917	0.315224
0.800000	-1.042402	0.303657	0.206529	0.305967	-0.846789	0.311800
0.820000	-1.034626	0.274355	0.255097	0.305562	-0.848082	0.308733
0.840000	-1.009576	0.241095	0.301479	0.305135	-0.849767	0.306143
0.860000	-0.967059	0.203608	0.345174	0.304674	-0.851819	0.304148
0.880000	-0.906884	0.161626	0.385679	0.304170	-0.854209	0.302869
0.900000	-0.828858	0.114881	0.422493	0.303613	-0.856910	0.302423
0.920000	-0.732789	0.063105	0.455115	0.302992	-0.859894	0.302930
0.940000	-0.618485	0.006029	0.483042	0.302297	-0.863135	0.304510
0.960000	-0.485754	-0.056615	0.505773	0.301518	-0.866605	0.307280
0.980000	-0.334617	-0.124968	0.522796	0.300649	-0.870276	0.311340
1.000000	-0.167275	-0.197862	0.533498	0.299709	-0.874121	0.316585
1.020000	0.012794	-0.273368	0.537203	0.298738	-0.878110	0.322789
1.040000	0.202096	-0.349546	0.533237	0.297775	-0.882216	0.329725
1.060000	0.397137	-0.424454	0.520924	0.296857	-0.886410	0.337167
1.080000	0.594424	-0.496153	0.499591	0.296024	-0.890663	0.344888
1.100000	0.790462	-0.562702	0.468562	0.295314	-0.894947	0.352661
1.120000	0.981758	-0.622161	0.427162	0.294765	-0.899234	0.360259
1.140000	1.164818	-0.672590	0.374716	0.294416	-0.903495	0.367456
1.160000	1.336148	-0.712047	0.310550	0.294307	-0.907701	0.374025
1.180000	1.492254	-0.738594	0.233987	0.294475	-0.911825	0.379738
1.200000	1.629642	-0.750289	0.144354	0.294958	-0.915837	0.384370
1.220000	1.744819	-0.745192	0.040976	0.295797	-0.919709	0.387693
1.240000	1.834291	-0.721363	-0.076823	0.297028	-0.923414	0.389481
1.260000	1.894571	-0.676867	-0.209712	0.298692	-0.926921	0.389507
1.280000	1.923734	-0.611094	-0.357005	0.300793	-0.930189	0.387658
1.300000	1.923438	-0.526470	-0.514911	0.303268	-0.933144	0.384075
1.320000	1.895842	-0.425845	-0.679207	0.306041	-0.935706	0.378936
1.340000	1.843103	-0.312069	-0.845669	0.309035	-0.937797	0.372421
1.360000	1.767378	-0.187991	-1.010072	0.312175	-0.939338	0.364707
1.380000	1.670826	-0.056461	-1.168194	0.315387	-0.940250	0.355973
1.400000	1.555605	0.079672	-1.315809	0.318594	-0.940454	0.346396
1.420000	1.423871	0.217557	-1.448696	0.321720	-0.939871	0.336156
1.440000	1.277784	0.354345	-1.562629	0.324691	-0.938422	0.325431
1.460000	1.119500	0.487187	-1.653385	0.327431	-0.936030	0.314398
1.480000	0.951177	0.613232	-1.716740	0.329863	-0.932613	0.303236
1.500000	0.774974	0.729632	-1.748470	0.331913	-0.928095	0.292124
1.520000	0.593047	0.833536	-1.744351	0.333505	-0.922396	0.281239
1.540000	0.407555	0.922094	-1.700161	0.334564	-0.915437	0.270760
1.560000	0.220656	0.992458	-1.611674	0.335013	-0.907140	0.260865
1.580000	0.034507	1.041777	-1.474667	0.334778	-0.897425	0.251732
1.600000	-0.148733	1.067243	-1.285014	0.333783	-0.886216	0.243539
1.620000	-0.326828	1.068165	-1.043637	0.331994	-0.873597	0.236374
1.640000	-0.497434	1.046941	-0.758817	0.329436	-0.859878	0.230198
1.660000	-0.658194	1.006215	-0.439421	0.326138	-0.845391	0.224962
1.680000	-0.806756	0.948628	-0.094315	0.322129	-0.830467	0.220618
1.700000	-0.940764	0.876824	0.267637	0.317437	-0.815435	0.217118
1.720000	-1.057865	0.793445	0.637569	0.312093	-0.800627	0.214411
1.740000	-1.155703	0.701135	1.006614	0.306125	-0.786373	0.212450
1.760000	-1.231925	0.602536	1.365907	0.299562	-0.773003	0.211185
1.780000	-1.284175	0.500291	1.706583	0.292433	-0.760849	0.210568
1.800000	-1.310100	0.397043	2.019776	0.284769	-0.750240	0.210550
1.820000	-1.307346	0.295435	2.296620	0.276597	-0.741508	0.211082
1.840000	-1.273557	0.198109	2.528249	0.267946	-0.734983	0.212116
1.860000	-1.206379	0.107708	2.705799	0.258847	-0.730995	0.213602
1.880000	-1.103458	0.026876	2.820402	0.249328	-0.729875	0.215491
1.900000	-0.963077	-0.042233	2.864802	0.239442	-0.731909	0.217756
1.920000	-0.787619	-0.100607	2.842087	0.229398	-0.737101	0.220492
1.940000	-0.581093	-0.150476	2.759448	0.219464	-0.745339	0.223848
1.960000	-0.347514	-0.194076	2.624087	0.209910	-0.756515	0.227972
1.980000	-0.090893	-0.233642	2.443203	0.201006	-0.770516	0.233011
2.000000	0.184755	-0.271409	2.223998	0.193021	-0.787233	0.239114
2.020000	0.475418	-0.309611	1.973672	0.186225	-0.806556	0.246427
2.040000	0.777083	-0.350485	1.699425	0.180887	-0.828374	0.255099
2.060000	1.085736	-0.396265	1.408459	0.177277	-0.852576	0.265278
2.080000	1.397364	-0.449185	1.107973	0.175664	-0.879053	0.277111
2.100000	1.707954	-0.511482	0.805170	0.176318	-0.907695	0.290746
2.120000	2.013493	-0.585390	0.507248	0.179508	-0.938390	0.306330
2.140000	2.309967	-0.673143	0.221410	0.185505	-0.971028	0.324013
2.160000	2.593364	-0.776978	-0.045144	0.194576	-1.005499	0.343941
2.180000	2.859670	-0.899128	-0.285215	0.206993	-1.041694	0.366262
2.200000	3.104872	-1.041830	-0.491600	0.223024	-1.079500	0.391125
2.220000	3.325243	-1.207083	-0.657499	0.242909	-1.118801	0.418657
2.240000	3.521515	-1.393223	-0.782351	0.266419	-1.159360	0.448681
2.260000	3.697949	-1.595687	-0.870529	0.292955	-1.200845	0.480780
2.280000	3.858902	-1.809834	-0.926544	0.321906	-1.242922	0.514530
2.300000	4.008732	-2.031020	-0.954905	0.352664	-1.285260	0.549505
2.320000	4.151797	-2.254605	-0.960121	0.384619	-1.327522	0.585281
2.340000	4.292453	-2.475945	-0.946701	0.417160	-1.369378	0.621435
2.360000	4.435059	-2.690398	-0.919156	0.449679	-1.410491	0.657540
2.380000	4.583971	-2.893322	-0.881995	0.481566	-1.450530	0.693174
2.400000	4.743548	-3.080076	-0.839726	0.512210	-1.489160	0.727910
2.420000	4.918146	-3.246016	-0.796861	0.541003	-1.526048	0.761326
2.440000	5.112123	-3.386500	-0.757907	0.567335	-1.560861	0.792996
2.460000	5.329836	-3.496887	-0.727375	0.590596	-1.593264	0.822495
2.480000	5.575644	-3.572534	-0.709775	0.610176	-1.622924	0.849400
2.500000	5.853902	-3.608799	-0.709614	0.625466	-1.649508	0.873286
2.520000	6.168671	-3.601195	-0.731249	0.635878	-1.672686	0.893736
2.540000	6.517021	-3.548863	-0.775404	0.641308	-1.692215	0.910542
