0.000000	1.483218	0.429732	-0.347051	0.263932	-0.740714	0.325177
0.020000	1.411711	0.379160	-0.274700	0.265150	-0.755208	0.322673
0.040000	1.329324	0.332248	-0.198793	0.266432	-0.769804	0.319902
0.060000	1.236448	0.289236	-0.120868	0.267736	-0.784145	0.316894
0.080000	1.133473	0.250364	-0.042462	0.269021	-0.797872	0.313676
0.100000	1.020790	0.215874	0.034886	0.270245	-0.810627	0.310276
0.120000	0.898790	0.186006	0.109640	0.271366	-0.822053	0.306723
0.140000	0.767864	0.161000	0.180260	0.272343	-0.831791	0.303044
0.160000	0.628403	0.141098	0.245210	0.273133	-0.839484	0.299268
0.180000	0.480797	0.126539	0.302951	0.273696	-0.844773	0.295422
0.200000	0.325436	0.117565	0.351946	0.273988	-0.847300	0.291535
0.220000	0.162712	0.114416	0.390657	0.273970	-0.846708	0.287634
0.240000	-0.006892	0.117267	0.417749	0.273606	-0.842709	0.283748
0.260000	-0.182222	0.125808	0.433376	0.272917	-0.835543	0.279909
0.280000	-0.361821	0.139514	0.438356	0.271949	-0.825680	0.276150
0.300000	-0.544235	0.157860	0.433508	0.270748	-0.813593	0.272504
0.320000	-0.728005	0.180319	0.419652	0.269359	-0.799755	0.269004
0.340000	-0.911677	0.206365	0.397607	0.267828	-0.784638	0.265683
0.360000	-1.093792	0.235472	0.368194	0.266200	-0.768714	0.262574
0.380000	-1.272896	0.267115	0.332233	0.264521	-0.752456	0.259711
0.400000	-1.447532	0.300768	0.290542	0.262836	-0.736336	0.257126
0.420000	-1.616242	0.335904	0.243942	0.261192	-0.720827	0.254853
0.440000	-1.777572	0.371998	0.193253	0.259633	-0.706401	0.252925
0.460000	-1.930064	0.408523	0.139294	0.258206	-0.693532	0.251375
0.480000	-2.072262	0.444954	0.082885	0.256955	-0.682690	0.250236
0.500000	-2.202709	0.480765	0.024846	0.255928	-0.674349	0.249541
0.520000	-2.319950	0.515430	-0.034003	0.255168	-0.668982	0.249323
0.540000	-2.422528	0.548422	-0.092842	0.254722	-0.667060	0.249616
0.560000	-2.508986	0.579217	-0.150853	0.254635	-0.669057	0.250452
0.580000	-2.578164	0.607234	-0.207299	0.254942	-0.675301	0.251849
0.600000	-2.630211	0.631660	-0.261820	0.255629	-0.685496	0.253750
0.620000	-2.665630	0.651615	-0.314159	0.256669	-0.699171	0.256080
0.640000	-2.684929	0.666222	-0.364058	0.258034	-0.715856	0.258763
0.660000	-2.688613	0.674602	-0.411257	0.259697	-0.735081	0.261724
0.680000	-2.677187	0.675876	-0.455501	0.261630	-0.756376	0.264888
0.700000	-2.651158	0.669165	-0.496530	0.263807	-0.779270	0.268177
0.720000	-2.611031	0.653591	-0.534088	0.266200	-0.803294	0.271518
0.740000	-2.557312	0.628276	-0.567915	0.268781	-0.827976	0.274834
0.760000	-2.490507	0.592340	-0.597754	0.271524	-0.852847	0.278049
0.780000	-2.411122	0.544905	-0.623348	0.274400	-0.877437	0.281089
0.800000	-2.319662	0.485093	-0.644438	0.277384	-0.901275	0.283877
0.820000	-2.216633	0.412025	-0.660766	0.280446	-0.923892	0.286338
0.840000	-2.102541	0.324822	-0.672076	0.283561	-0.944816	0.288397
0.860000	-1.978095	0.223271	-0.678203	0.286708	-0.963689	0.290006
0.880000	-1.844735	0.109548	-0.679334	0.289894	-0.980541	0.291223
0.900000	-1.704061	-0.013634	-0.675726	0.293132	-0.995496	0.292127
0.920000	-1.557677	-0.143565	-0.667643	0.296435	-1.008674	0.292800
0.940000	-1.407185	-0.277533	-0.655343	0.299816	-1.020196	0.293322
0.960000	-1.254186	-0.412827	-0.639088	0.303288	-1.030183	0.293772
0.980000	-1.100284	-0.546736	-0.619139	0.306863	-1.038758	0.294231
1.000000	-0.947081	-0.676547	-0.595755	0.310556	-1.046040	0.294780
1.020000	-0.796178	-0.799549	-0.569198	0.314379	-1.052152	0.295498
1.040000	-0.649178	-0.913031	-0.539729	0.318345	-1.057215	0.296467
1.060000	-0.507684	-1.014282	-0.507607	0.322466	-1.061350	0.297766
1.080000	-0.373298	-1.100590	-0.473094	0.326756	-1.064677	0.299475
1.100000	-0.247621	-1.169243	-0.436450	0.331228	-1.067319	0.301675
1.120000	-0.132257	-1.217529	-0.397936	0.335895	-1.069397	0.304446
1.140000	-0.028807	-1.242739	-0.357812	0.340769	-1.071031	0.307869
1.160000	0.061126	-1.242159	-0.316340	0.345864	-1.072344	0.312023
1.180000	0.135946	-1.213088	-0.273780	0.351192	-1.073456	0.316989
1.200000	0.195294	-1.154607	-0.230536	0.356729	-1.074408	0.322762
1.220000	0.241558	-1.069763	-0.187328	0.362363	-1.075066	0.329152
1.240000	0.277498	-0.962133	-0.144918	0.367973	-1.075270	0.335942
1.260000	0.305869	-0.835298	-0.104068	0.373438	-1.074863	0.342916
1.280000	0.329432	-0.692835	-0.065540	0.378636	-1.073685	0.349858
1.300000	0.350943	-0.538323	-0.030098	0.383445	-1.071579	0.356551
1.320000	0.373160	-0.375342	0.001498	0.387744	-1.068384	0.362781
1.340000	0.398842	-0.207469	0.028485	0.391411	-1.063943	0.368329
1.360000	0.430747	-0.038284	0.050101	0.394324	-1.058096	0.372982
1.380000	0.471633	0.128635	0.065583	0.396363	-1.050686	0.376521
1.400000	0.524257	0.289708	0.074169	0.397404	-1.041554	0.378732
1.420000	0.591378	0.441357	0.075097	0.397327	-1.030540	0.379397
1.440000	0.675753	0.580004	0.067605	0.396011	-1.017487	0.378302
1.460000	0.780141	0.702068	0.050931	0.393332	-1.002235	0.375229
1.480000	0.907300	0.803973	0.024313	0.389170	-0.984625	0.369963
1.500000	1.059988	0.882138	-0.013013	0.383404	-0.964500	0.362287
1.520000	1.239826	0.933900	-0.061489	0.375964	-0.941791	0.352074
1.540000	1.443128	0.960870	-0.120070	0.367032	-0.916851	0.339613
1.560000	1.664652	0.965912	-0.187275	0.356862	-0.890156	0.325314
1.580000	1.899156	0.951888	-0.261623	0.345708	-0.862183	0.309586
1.600000	2.141400	0.921659	-0.341633	0.333824	-0.833409	0.292840
1.620000	2.386143	0.878089	-0.425825	0.321464	-0.804310	0.275486
1.640000	2.628143	0.824041	-0.512718	0.308882	-0.775362	0.257934
1.660000	2.862161	0.762375	-0.600830	0.296332	-0.747043	0.240593
1.680000	3.082954	0.695957	-0.688680	0.284068	-0.719828	0.223874
1.700000	3.285281	0.627646	-0.774788	0.272344	-0.694194	0.208186
1.720000	3.463903	0.560307	-0.857674	0.261414	-0.670618	0.193941
1.740000	3.613577	0.496802	-0.935855	0.251532	-0.649577	0.181547
1.760000	3.729063	0.439992	-1.007851	0.242952	-0.631546	0.171415
1.780000	3.805119	0.392742	-1.072181	0.235928	-0.617002	0.163955
1.800000	3.836505	0.357912	-1.127364	0.230713	-0.606423	0.159577
1.820000	3.817980	0.338366	-1.171920	0.227563	-0.600284	0.158690
1.840000	3.744912	0.336656	-1.204484	0.226702	-0.599003	0.161656
1.860000	3.619107	0.352061	-1.224934	0.228045	-0.602383	0.168315
1.880000	3.446229	0.381898	-1.233889	0.231321	-0.609857	0.178197
1.900000	3.231995	0.423457	-1.231979	0.236257	-0.620852	0.190826
1.920000	2.982122	0.474028	-1.219834	0.242581	-0.634796	0.205726
1.940000	2.702327	0.530901	-1.198083	0.250020	-0.651118	0.222423
1.960000	2.398326	0.591366	-1.167358	0.258300	-0.669244	0.240441
1.980000	2.075836	0.652714	-1.128288	0.267150	-0.688604	0.259306
