0.000000	-0.019190	1.907021	-0.270322	0.296136	-0.757769	0.422412
0.020000	-0.083833	1.847473	-0.259562	0.301016	-0.767801	0.433570
0.040000	-0.140186	1.778912	-0.252299	0.304680	-0.776965	0.443480
0.060000	-0.188495	1.702101	-0.248187	0.307157	-0.785199	0.452094
0.080000	-0.229417	1.617909	-0.246659	0.308524	-0.792480	0.459407
0.100000	-0.263609	1.527203	-0.247150	0.308857	-0.798788	0.465416
0.120000	-0.291727	1.430851	-0.249092	0.308235	-0.804101	0.470115
0.140000	-0.314427	1.329721	-0.251920	0.306733	-0.808398	0.473498
0.160000	-0.332366	1.224681	-0.255067	0.304430	-0.811658	0.475562
0.180000	-0.346200	1.116599	-0.257966	0.301402	-0.813860	0.476301
0.200000	-0.356586	1.006342	-0.260052	0.297727	-0.814981	0.475711
0.220000	-0.364179	0.894779	-0.260758	0.293481	-0.815002	0.473786
0.240000	-0.369637	0.782777	-0.259518	0.288742	-0.813901	0.470522
0.260000	-0.373615	0.671205	-0.255765	0.283587	-0.811656	0.465914
0.280000	-0.376771	0.560930	-0.248933	0.278093	-0.808247	0.459957
0.300000	-0.379760	0.452820	-0.238456	0.272337	-0.803652	0.452646
0.320000	-0.383239	0.347743	-0.223767	0.266396	-0.797850	0.443977
0.340000	-0.387864	0.246567	-0.204299	0.260347	-0.790820	0.433943
0.360000	-0.394236	0.150146	-0.179593	0.254266	-0.782557	0.422560
0.380000	-0.402458	0.059207	-0.150119	0.248213	-0.773205	0.409998
0.400000	-0.412372	-0.025590	-0.116839	0.242239	-0.762983	0.396515
0.420000	-0.423821	-0.103584	-0.080719	0.236396	-0.752114	0.382367
0.440000	-0.436644	-0.174115	-0.042725	0.230737	-0.740819	0.367812
0.460000	-0.450682	-0.236522	-0.003821	0.225312	-0.729320	0.353107
0.480000	-0.465775	-0.290146	0.035026	0.220174	-0.717837	0.338508
0.500000	-0.481765	-0.334326	0.072851	0.215375	-0.706592	0.324273
0.520000	-0.498492	-0.368401	0.108689	0.210965	-0.695807	0.310659
0.540000	-0.515797	-0.391712	0.141573	0.206998	-0.685703	0.297922
0.560000	-0.533520	-0.403599	0.170539	0.203524	-0.676501	0.286320
0.580000	-0.551502	-0.403400	0.194620	0.200596	-0.668423	0.276110
0.600000	-0.569584	-0.390456	0.212851	0.198265	-0.661690	0.267548
0.620000	-0.587606	-0.364106	0.224267	0.196584	-0.656523	0.260892
0.640000	-0.605410	-0.323690	0.227902	0.195603	-0.653144	0.256400
0.660000	-0.622834	-0.268549	0.222790	0.195375	-0.651775	0.254327
0.680000	-0.639722	-0.198020	0.207965	0.195951	-0.652636	0.254931
0.700000	-0.655966	-0.111882	0.182781	0.197370	-0.655903	0.258397
0.720000	-0.671742	-0.012203	0.148263	0.199597	-0.661507	0.264533
0.740000	-0.687320	0.098195	0.105984	0.202575	-0.669300	0.273021
0.760000	-0.702968	0.216489	0.057517	0.206245	-0.679134	0.283545
0.780000	-0.718953	0.339859	0.004437	0.210550	-0.690861	0.295789
0.800000	-0.735545	0.465483	-0.051683	0.215432	-0.704332	0.309436
0.820000	-0.753011	0.590538	-0.109269	0.220833	-0.719399	0.324170
0.840000	-0.771621	0.712203	-0.166748	0.226695	-0.735913	0.339673
0.860000	-0.791643	0.827656	-0.222546	0.232960	-0.753727	0.355629
0.880000	-0.813344	0.934075	-0.275089	0.239571	-0.772692	0.371722
0.900000	-0.836995	1.028638	-0.322805	0.246470	-0.792661	0.387635
0.920000	-0.862862	1.108524	-0.364118	0.253598	-0.813483	0.403051
0.940000	-0.891214	1.170911	-0.397456	0.260899	-0.835013	0.417654
0.960000	-0.922321	1.212977	-0.421244	0.268313	-0.857100	0.431127
0.980000	-0.956450	1.231899	-0.433910	0.275784	-0.879597	0.443153
1.000000	-0.993866	1.224870	-0.433886	0.283252	-0.902356	0.453418
1.020000	-1.034395	1.190855	-0.420491	0.290658	-0.925200	0.461740
1.040000	-1.076972	1.132402	-0.394835	0.297929	-0.947896	0.468216
1.060000	-1.120425	1.052494	-0.358242	0.304996	-0.970206	0.472971
1.080000	-1.163585	0.954110	-0.312038	0.311787	-0.991891	0.476133
1.100000	-1.205278	0.840233	-0.257547	0.318230	-1.012711	0.477830
1.120000	-1.244334	0.713842	-0.196095	0.324256	-1.032427	0.478190
1.140000	-1.279581	0.577919	-0.129007	0.329793	-1.050801	0.477339
1.160000	-1.309849	0.435445	-0.057607	0.334769	-1.067592	0.475406
1.180000	-1.333964	0.289401	0.016778	0.339114	-1.082562	0.472517
1.200000	-1.350758	0.142767	0.092825	0.342756	-1.095472	0.468801
1.220000	-1.359057	-0.001475	0.169209	0.345625	-1.106082	0.464383
1.240000	-1.357690	-0.140344	0.244603	0.347649	-1.114154	0.459393
1.260000	-1.345487	-0.270860	0.317684	0.348758	-1.119447	0.453958
1.280000	-1.321275	-0.390041	0.387126	0.348880	-1.121724	0.448204
1.300000	-1.283885	-0.494909	0.451605	0.347943	-1.120746	0.442259
1.320000	-1.232735	-0.583477	0.510070	0.345921	-1.116403	0.436221
1.340000	-1.168792	-0.656364	0.562189	0.342897	-1.108931	0.430110
1.360000	-1.093270	-0.714613	0.607746	0.338971	-1.098619	0.423932
1.380000	-1.007385	-0.759265	0.646525	0.334248	-1.085758	0.417694
1.400000	-0.912354	-0.791362	0.678311	0.328828	-1.070638	0.411402
1.420000	-0.809391	-0.811944	0.702887	0.322813	-1.053549	0.405064
1.440000	-0.699714	-0.822055	0.720039	0.316306	-1.034780	0.398686
1.460000	-0.584538	-0.822734	0.729550	0.309407	-1.014623	0.392275
1.480000	-0.465078	-0.815025	0.731204	0.302220	-0.993366	0.385838
1.500000	-0.342550	-0.799968	0.724786	0.294846	-0.971301	0.379381
1.520000	-0.218171	-0.778605	0.710080	0.287387	-0.948717	0.372912
1.540000	-0.093156	-0.751977	0.686870	0.279945	-0.925905	0.366437
1.560000	0.031280	-0.721127	0.654941	0.272622	-0.903154	0.359962
1.580000	0.153919	-0.687096	0.614076	0.265519	-0.880754	0.353496
1.600000	0.273548	-0.650926	0.564060	0.258739	-0.858996	0.347044
1.620000	0.388948	-0.613657	0.504677	0.252384	-0.838169	0.340613
1.640000	0.498910	-0.576326	0.435720	0.246555	-0.818563	0.334211
1.660000	0.602493	-0.539576	0.357645	0.241317	-0.800366	0.327876
1.680000	0.699211	-0.503393	0.272001	0.236671	-0.783599	0.321698
1.700000	0.788620	-0.467704	0.180442	0.232615	-0.768269	0.315772
1.720000	0.870276	-0.432437	0.084621	0.229146	-0.754382	0.310194
1.740000	0.943734	-0.397516	-0.013808	0.226261	-0.741945	0.305059
1.760000	1.008551	-0.362870	-0.113192	0.223956	-0.730964	0.300462
1.780000	1.064283	-0.328423	-0.211877	0.222229	-0.721445	0.296498
1.800000	1.110485	-0.294103	-0.308210	0.221076	-0.713395	0.293263
1.820000	1.146713	-0.259837	-0.400538	0.220494	-0.706820	0.290851
1.840000	1.172523	-0.225550	-0.487207	0.220481	-0.701726	0.289358
1.860000	1.187472	-0.191169	-0.566564	0.221033	-0.698119	0.288879
