0.000000	1.404939	0.647409	-0.081354	0.245340	-0.790297	0.145908
0.020000	1.344290	0.536237	-0.022658	0.247492	-0.795483	0.153802
0.040000	1.275826	0.425247	0.036798	0.249914	-0.801995	0.162346
0.060000	1.201337	0.316617	0.095701	0.252534	-0.809577	0.171401
0.080000	1.122613	0.212524	0.152737	0.255281	-0.817972	0.180830
0.100000	1.041443	0.115145	0.206590	0.258082	-0.826924	0.190494
0.120000	0.959618	0.026656	0.255946	0.260866	-0.836176	0.200254
0.140000	0.878928	-0.050765	0.299491	0.263560	-0.845473	0.209973
0.160000	0.801162	-0.114943	0.335911	0.266094	-0.854557	0.219512
0.180000	0.728112	-0.163698	0.363891	0.268395	-0.863173	0.228732
0.200000	0.661565	-0.194856	0.382117	0.270391	-0.871063	0.237495
0.220000	0.603313	-0.206239	0.389275	0.272011	-0.877973	0.245664
0.240000	0.554827	-0.196196	0.384340	0.273194	-0.883682	0.253115
0.260000	0.515561	-0.166398	0.368119	0.273952	-0.888215	0.259839
0.280000	0.484191	-0.119806	0.342130	0.274323	-0.891687	0.265864
0.300000	0.459387	-0.059381	0.307891	0.274348	-0.894215	0.271221
0.320000	0.439822	0.011913	0.266923	0.274065	-0.895915	0.275940
0.340000	0.424168	0.091113	0.220744	0.273514	-0.896904	0.280052
0.360000	0.411097	0.175257	0.170874	0.272733	-0.897299	0.283587
0.380000	0.399280	0.261380	0.118832	0.271764	-0.897216	0.286575
0.400000	0.387390	0.346520	0.066137	0.270643	-0.896772	0.289047
0.420000	0.374098	0.427714	0.014309	0.269412	-0.896083	0.291032
0.440000	0.358076	0.501999	-0.035134	0.268110	-0.895265	0.292561
0.460000	0.337996	0.566412	-0.080671	0.266774	-0.894436	0.293664
0.480000	0.312531	0.617990	-0.120783	0.265446	-0.893711	0.294372
0.500000	0.280351	0.653770	-0.153952	0.264164	-0.893208	0.294715
0.520000	0.240130	0.670789	-0.178658	0.262968	-0.893043	0.294723
0.540000	0.190720	0.666494	-0.193571	0.261894	-0.893314	0.294425
0.560000	0.132528	0.641818	-0.198961	0.260949	-0.893981	0.293841
0.580000	0.066738	0.599452	-0.195910	0.260128	-0.894925	0.292985
0.600000	-0.005456	0.542103	-0.185503	0.259424	-0.896032	0.291872
0.620000	-0.082862	0.472474	-0.168827	0.258832	-0.897185	0.290517
0.640000	-0.164288	0.393272	-0.146968	0.258345	-0.898268	0.288933
0.660000	-0.248542	0.307200	-0.121013	0.257958	-0.899165	0.287136
0.680000	-0.334430	0.216964	-0.092048	0.257664	-0.899760	0.285140
0.700000	-0.420761	0.125269	-0.061160	0.257456	-0.899936	0.282959
0.720000	-0.506342	0.034821	-0.029434	0.257330	-0.899578	0.280609
0.740000	-0.589981	-0.051676	0.002043	0.257278	-0.898569	0.278103
0.760000	-0.670485	-0.131517	0.032184	0.257295	-0.896793	0.275457
0.780000	-0.746663	-0.201996	0.059903	0.257375	-0.894134	0.272684
0.800000	-0.817320	-0.260409	0.084113	0.257511	-0.890475	0.269800
0.820000	-0.881266	-0.304051	0.103729	0.257697	-0.885702	0.266819
0.840000	-0.937308	-0.330215	0.117664	0.257928	-0.879696	0.263755
0.860000	-0.984306	-0.336316	0.124868	0.258196	-0.872352	0.260623
0.880000	-1.022334	-0.322414	0.125109	0.258502	-0.863745	0.257445
0.900000	-1.052664	-0.291203	0.118969	0.258845	-0.854139	0.254249
0.920000	-1.076621	-0.245485	0.107061	0.259230	-0.843801	0.251064
0.940000	-1.095529	-0.188064	0.090001	0.259658	-0.833003	0.247917
0.960000	-1.110714	-0.121744	0.068405	0.260131	-0.822013	0.244837
0.980000	-1.123498	-0.049328	0.042887	0.260652	-0.811102	0.241853
1.000000	-1.135207	0.026380	0.014062	0.261223	-0.800537	0.238993
1.020000	-1.147165	0.102576	-0.017453	0.261847	-0.790590	0.236285
1.040000	-1.160696	0.176458	-0.051045	0.262526	-0.781530	0.233758
1.060000	-1.177126	0.245221	-0.086098	0.263262	-0.773625	0.231440
1.080000	-1.197778	0.306061	-0.121996	0.264057	-0.767147	0.229360
1.100000	-1.223977	0.356176	-0.158126	0.264914	-0.762363	0.227546
1.120000	-1.257047	0.392762	-0.193871	0.265835	-0.759545	0.226026
1.140000	-1.298313	0.413014	-0.228616	0.266823	-0.758960	0.224829
1.160000	-1.349100	0.414130	-0.261747	0.267880	-0.760880	0.223984
1.180000	-1.410392	0.393805	-0.292707	0.269007	-0.765520	0.223508
1.200000	-1.480896	0.353099	-0.321337	0.270202	-0.772749	0.223355
1.220000	-1.558380	0.294455	-0.347641	0.271460	-0.782288	0.223452
1.240000	-1.640608	0.220318	-0.371625	0.272777	-0.793858	0.223724
1.260000	-1.725345	0.133137	-0.393294	0.274148	-0.807183	0.224098
1.280000	-1.810356	0.035359	-0.412652	0.275569	-0.821982	0.224499
1.300000	-1.893406	-0.070569	-0.429704	0.277035	-0.837980	0.224854
1.320000	-1.972260	-0.182201	-0.444455	0.278542	-0.854896	0.225089
1.340000	-2.044681	-0.297088	-0.456910	0.280085	-0.872453	0.225130
1.360000	-2.108436	-0.412784	-0.467074	0.281660	-0.890372	0.224903
1.380000	-2.161289	-0.526842	-0.474952	0.283262	-0.908376	0.224334
1.400000	-2.201004	-0.636814	-0.480549	0.284886	-0.926186	0.223349
1.420000	-2.225347	-0.740254	-0.483870	0.286529	-0.943525	0.221875
1.440000	-2.232082	-0.834713	-0.484919	0.288185	-0.960113	0.219837
1.460000	-2.218974	-0.917746	-0.483702	0.289851	-0.975672	0.217162
1.480000	-2.183790	-0.986906	-0.480223	0.291521	-0.989926	0.213776
1.500000	-2.125503	-1.040586	-0.474511	0.293192	-1.002691	0.209655
1.520000	-2.046122	-1.079285	-0.466655	0.294862	-1.014033	0.204905
1.540000	-1.948129	-1.103833	-0.456750	0.296530	-1.024051	0.199649
1.560000	-1.834004	-1.115057	-0.444896	0.298193	-1.032846	0.194012
1.580000	-1.706229	-1.113787	-0.431189	0.299850	-1.040521	0.188117
1.600000	-1.567287	-1.100851	-0.415726	0.301500	-1.047176	0.182089
1.620000	-1.419658	-1.077078	-0.398605	0.303141	-1.052913	0.176053
1.640000	-1.265824	-1.043296	-0.379922	0.304771	-1.057831	0.170132
1.660000	-1.108266	-1.000334	-0.359776	0.306389	-1.062033	0.164451
1.680000	-0.949466	-0.949021	-0.338263	0.307994	-1.065620	0.159134
1.700000	-0.791905	-0.890184	-0.315482	0.309582	-1.068692	0.154305
1.720000	-0.638065	-0.824653	-0.291528	0.311154	-1.071351	0.150089
1.740000	-0.490427	-0.753257	-0.266500	0.312707	-1.073698	0.146609
1.760000	-0.351473	-0.676823	-0.240495	0.314240	-1.075834	0.143991
1.780000	-0.223685	-0.596181	-0.213610	0.315751	-1.077861	0.142357
1.800000	-0.109543	-0.512159	-0.185942	0.317239	-1.079878	0.141833
1.820000	-0.011028	-0.425559	-0.157637	0.318697	-1.081957	0.142508
1.840000	0.072566	-0.337043	-0.129103	0.320094	-1.084004	0.144288
1.860000	0.142846	-0.247226	-0.100834	0.321389	-1.085869	0.147017
1.880000	0.201417	-0.156723	-0.073323	0.322544	-1.087403	0.150539
1.900000	0.249885	-0.066148	-0.047066	0.323518	-1.088457	0.154697
1.920000	0.289856	0.023884	-0.022556	0.324271	-1.088880	0.159337
1.940000	0.322937	0.112758	-0.000289	0.324763	-1.088525	0.164301
1.960000	0.350732	0.199860	0.019243	0.324955	-1.087241	0.169434
1.980000	0.374849	0.284574	0.035544	0.324806	-1.084880	0.174579
2.000000	0.396893	0.366287	0.048119	0.324276	-1.081291	0.179582
2.020000	0.418470	0.444383	0.056476	0.323326	-1.076327	0.184285
2.040000	0.441186	0.518248	0.060119	0.321916	-1.069836	0.188533
2.060000	0.466647	0.587267	0.058554	0.320006	-1.061671	0.192169
2.080000	0.496459	0.650825	0.051287	0.317555	-1.051681	0.195038
2.100000	0.532228	0.708308	0.037824	0.314525	-1.039718	0.196983
2.120000	0.575554	0.759103	0.017672	0.310875	-1.025633	0.197849
2.140000	0.627072	0.803018	-0.009233	0.306603	-1.009435	0.197575
2.160000	0.685435	0.840723	-0.042079	0.301784	-0.991459	0.196288
2.180000	0.749053	0.872991	-0.079946	0.296500	-0.972077	0.194142
2.200000	0.816333	0.900600	-0.121913	0.290837	-0.951663	0.191289
2.220000	0.885684	0.924323	-0.167060	0.284878	-0.930590	0.187883
2.240000	0.955515	0.944938	-0.214467	0.278708	-0.909233	0.184075
2.260000	1.024234	0.963219	-0.263214	0.272409	-0.887964	0.180020
2.280000	1.090249	0.979941	-0.312380	0.266066	-0.867158	0.175869
2.300000	1.151970	0.995881	-0.361046	0.259763	-0.847187	0.171775
2.320000	1.207804	1.011813	-0.408290	0.253583	-0.828425	0.167892
2.340000	1.256161	1.028513	-0.453192	0.247611	-0.811246	0.164371
2.360000	1.295449	1.046757	-0.494833	0.241931	-0.796024	0.161366
2.380000	1.324077	1.067320	-0.532291	0.236625	-0.783131	0.159029
2.400000	1.340452	1.090977	-0.564648	0.231780	-0.772941	0.157513
2.420000	1.342986	1.118504	-0.590982	0.227477	-0.765828	0.156971
2.440000	1.330871	1.150161	-0.610716	0.223778	-0.762002	0.157499
