0.000000	-0.105128	-0.882348	-0.130289	0.275182	-0.980111	0.330834
0.020000	-0.093194	-0.845893	-0.201623	0.276161	-0.980441	0.340605
0.040000	-0.048327	-0.788990	-0.282300	0.276495	-0.978063	0.349735
0.060000	0.024812	-0.715057	-0.369854	0.276266	-0.973289	0.358240
0.080000	0.121563	-0.627508	-0.461815	0.275554	-0.966429	0.366138
0.100000	0.237264	-0.529761	-0.555718	0.274441	-0.957795	0.373448
0.120000	0.367255	-0.425231	-0.649095	0.273008	-0.947698	0.380186
0.140000	0.506876	-0.317336	-0.739478	0.271336	-0.936450	0.386371
0.160000	0.651465	-0.209491	-0.824400	0.269508	-0.924361	0.392021
0.180000	0.796362	-0.105112	-0.901393	0.267603	-0.911742	0.397153
0.200000	0.936905	-0.007617	-0.967990	0.265703	-0.898905	0.401785
0.220000	1.068435	0.079578	-1.021724	0.263891	-0.886161	0.405935
0.240000	1.186290	0.153058	-1.060127	0.262246	-0.873821	0.409620
0.260000	1.285809	0.209406	-1.080731	0.260851	-0.862196	0.412860
0.280000	1.362333	0.245206	-1.081070	0.259786	-0.851597	0.415670
0.300000	1.411503	0.257374	-1.058945	0.259125	-0.842314	0.418068
0.320000	1.432444	0.246636	-1.015242	0.258852	-0.834398	0.420041
0.340000	1.426498	0.216149	-0.952812	0.258894	-0.827746	0.421563
0.360000	1.395041	0.169106	-0.874536	0.259177	-0.822252	0.422605
0.380000	1.339452	0.108700	-0.783298	0.259627	-0.817812	0.423139
0.400000	1.261106	0.038127	-0.681979	0.260170	-0.814320	0.423138
0.420000	1.161383	-0.039421	-0.573462	0.260731	-0.811671	0.422572
0.440000	1.041658	-0.120748	-0.460630	0.261238	-0.809759	0.421416
0.460000	0.903310	-0.202662	-0.346364	0.261615	-0.808479	0.419639
0.480000	0.747715	-0.281967	-0.233548	0.261789	-0.807727	0.417215
0.500000	0.576251	-0.355470	-0.125063	0.261686	-0.807397	0.414115
0.520000	0.390296	-0.419976	-0.023792	0.261232	-0.807383	0.410312
0.540000	0.191226	-0.472292	0.067383	0.260353	-0.807580	0.405777
0.560000	-0.019581	-0.509224	0.145580	0.258974	-0.807884	0.400483
0.580000	-0.240748	-0.527578	0.207915	0.257023	-0.808188	0.394401
0.600000	-0.470897	-0.524158	0.251507	0.254424	-0.808388	0.387504
0.620000	-0.708650	-0.495773	0.273474	0.251104	-0.808378	0.379764
0.640000	-0.952467	-0.439912	0.271512	0.247009	-0.808071	0.371171
0.660000	-1.199719	-0.358574	0.247135	0.242224	-0.807488	0.361851
0.680000	-1.447340	-0.255577	0.203395	0.236888	-0.806698	0.351977
0.700000	-1.692264	-0.134745	0.143351	0.231138	-0.805769	0.341725
0.720000	-1.931423	0.000097	0.070060	0.225116	-0.804768	0.331273
0.740000	-2.161750	0.145127	-0.013420	0.218960	-0.803763	0.320795
0.760000	-2.380178	0.296520	-0.104031	0.212810	-0.802823	0.310467
0.780000	-2.583640	0.450452	-0.198716	0.206803	-0.802016	0.300465
0.800000	-2.769069	0.603099	-0.294417	0.201081	-0.801408	0.290965
0.820000	-2.933398	0.750639	-0.388076	0.195782	-0.801069	0.282143
0.840000	-3.073560	0.889246	-0.476635	0.191045	-0.801066	0.274174
0.860000	-3.186488	1.015097	-0.557037	0.187009	-0.801467	0.267235
0.880000	-3.269114	1.124368	-0.626223	0.183814	-0.802340	0.261501
0.900000	-3.318372	1.213235	-0.681137	0.181599	-0.803752	0.257147
0.920000	-3.331194	1.277875	-0.718720	0.180504	-0.805773	0.254351
0.940000	-3.305021	1.314891	-0.736269	0.180650	-0.808463	0.253264
0.960000	-3.241797	1.324685	-0.734233	0.182016	-0.811839	0.253837
0.980000	-3.145827	1.309650	-0.714712	0.184504	-0.815889	0.255914
1.000000	-3.021437	1.272195	-0.679820	0.188015	-0.820602	0.259336
1.020000	-2.872951	1.214730	-0.631671	0.192450	-0.825968	0.263946
1.040000	-2.704696	1.139664	-0.572380	0.197711	-0.831976	0.269588
1.060000	-2.520998	1.049408	-0.504060	0.203697	-0.838615	0.276103
1.080000	-2.326180	0.946371	-0.428826	0.210312	-0.845874	0.283334
1.100000	-2.124570	0.832962	-0.348792	0.217455	-0.853742	0.291124
1.120000	-1.920492	0.711592	-0.266072	0.225028	-0.862209	0.299315
1.140000	-1.718271	0.584669	-0.182781	0.232933	-0.871264	0.307750
1.160000	-1.522234	0.454604	-0.101032	0.241069	-0.880896	0.316271
1.180000	-1.336707	0.323806	-0.022940	0.249339	-0.891094	0.324722
1.200000	-1.166013	0.194686	0.049381	0.257644	-0.901847	0.332944
1.220000	-1.014479	0.069651	0.113816	0.265885	-0.913145	0.340781
1.240000	-0.886431	-0.048887	0.168252	0.273962	-0.924976	0.348074
1.260000	-0.786193	-0.158519	0.210574	0.281778	-0.937331	0.354667
1.280000	-0.717077	-0.257166	0.239107	0.289243	-0.950174	0.360426
1.300000	-0.677058	-0.344490	0.254482	0.296317	-0.963356	0.365345
1.320000	-0.662365	-0.420720	0.258088	0.302977	-0.976685	0.369461
1.340000	-0.669226	-0.486088	0.251312	0.309199	-0.989971	0.372809
1.360000	-0.693867	-0.540825	0.235542	0.314961	-1.003023	0.375425
1.380000	-0.732518	-0.585161	0.212166	0.320239	-1.015651	0.377346
1.400000	-0.781405	-0.619327	0.182572	0.325010	-1.027664	0.378607
1.420000	-0.836757	-0.643555	0.148148	0.329251	-1.038872	0.379243
1.440000	-0.894799	-0.658074	0.110282	0.332938	-1.049084	0.379292
1.460000	-0.951762	-0.663117	0.070361	0.336048	-1.058109	0.378789
1.480000	-1.003871	-0.658914	0.029774	0.338557	-1.065758	0.377770
1.500000	-1.047354	-0.645696	-0.010092	0.340444	-1.071839	0.376271
1.520000	-1.078440	-0.623693	-0.047848	0.341683	-1.076162	0.374328
1.540000	-1.093356	-0.593137	-0.082107	0.342253	-1.078537	0.371977
1.560000	-1.088329	-0.554259	-0.111480	0.342129	-1.078773	0.369253
1.580000	-1.059601	-0.507291	-0.134585	0.341289	-1.076680	0.366193
1.600000	-1.005486	-0.452767	-0.150686	0.339737	-1.072191	0.362836
1.620000	-0.928475	-0.391823	-0.160358	0.337534	-1.065488	0.359225
1.640000	-0.831562	-0.325670	-0.164333	0.334747	-1.056781	0.355404
1.660000	-0.717743	-0.255519	-0.163342	0.331443	-1.046281	0.351418
1.680000	-0.590014	-0.182578	-0.158118	0.327689	-1.034200	0.347313
1.700000	-0.451368	-0.108059	-0.149392	0.323553	-1.020747	0.343131
1.720000	-0.304802	-0.033172	-0.137896	0.319102	-1.006135	0.338918
1.740000	-0.153309	0.040873	-0.124362	0.314403	-0.990573	0.334718
1.760000	0.000114	0.112865	-0.109523	0.309523	-0.974272	0.330575
1.780000	0.152472	0.181595	-0.094109	0.304530	-0.957444	0.326535
1.800000	0.300772	0.245853	-0.078853	0.299491	-0.940300	0.322641
1.820000	0.442016	0.304427	-0.064487	0.294472	-0.923050	0.318938
1.840000	0.573212	0.356108	-0.051742	0.289542	-0.905904	0.315471
1.860000	0.691362	0.399686	-0.041351	0.284767	-0.889075	0.312283
1.880000	0.793473	0.433949	-0.034046	0.280215	-0.872773	0.309420
1.900000	0.876549	0.457689	-0.030558	0.275953	-0.857208	0.306926
1.920000	0.938327	0.470024	-0.031404	0.272037	-0.842563	0.304837
1.940000	0.979635	0.471460	-0.036196	0.268475	-0.828894	0.303148
1.960000	1.002117	0.462873	-0.044305	0.265265	-0.816226	0.301846
1.980000	1.007416	0.445136	-0.055102	0.262401	-0.804584	0.300919
2.000000	0.997176	0.419125	-0.067958	0.259881	-0.793993	0.300352
2.020000	0.973041	0.385712	-0.082246	0.257701	-0.784477	0.300131
2.040000	0.936655	0.345772	-0.097336	0.255857	-0.776061	0.300244
2.060000	0.889661	0.300180	-0.112600	0.254345	-0.768769	0.300677
2.080000	0.833704	0.249810	-0.127409	0.253161	-0.762627	0.301416
2.100000	0.770427	0.195535	-0.141135	0.252302	-0.757658	0.302447
2.120000	0.701474	0.138231	-0.153149	0.251765	-0.753887	0.303758
2.140000	0.628489	0.078771	-0.162823	0.251545	-0.751339	0.305335
2.160000	0.553115	0.018029	-0.169527	0.251638	-0.750039	0.307163
2.180000	0.476997	-0.043120	-0.172634	0.252041	-0.750011	0.309230
2.200000	0.401778	-0.103802	-0.171515	0.252750	-0.751280	0.311523
2.220000	0.329096	-0.163146	-0.165549	0.253762	-0.753870	0.314026
2.240000	0.260158	-0.220507	-0.154658	0.255060	-0.757739	0.316726
2.260000	0.195456	-0.275613	-0.139666	0.256612	-0.762740	0.319604
2.280000	0.135416	-0.328227	-0.121482	0.258380	-0.768714	0.322643
2.300000	0.080464	-0.378113	-0.101015	0.260329	-0.775503	0.325823
2.320000	0.031024	-0.425035	-0.079173	0.262423	-0.782948	0.329126
2.340000	-0.012477	-0.468756	-0.056864	0.264625	-0.790891	0.332535
2.360000	-0.049615	-0.509040	-0.034998	0.266901	-0.799175	0.336031
2.380000	-0.079963	-0.545650	-0.014482	0.269214	-0.807639	0.339595
2.400000	-0.103098	-0.578350	0.003774	0.271528	-0.816127	0.343210
