0.000000	-1.022238	0.216420	-0.436850	0.232298	-0.821362	0.150436
0.020000	-0.982363	0.186351	-0.462639	0.233567	-0.825476	0.149998
0.040000	-0.920978	0.146169	-0.483597	0.234792	-0.830340	0.149604
0.060000	-0.837136	0.095344	-0.498640	0.235932	-0.835880	0.149254
0.080000	-0.732851	0.035089	-0.508038	0.236982	-0.841983	0.148965
0.100000	-0.610613	-0.033100	-0.512279	0.237942	-0.848532	0.148757
0.120000	-0.472915	-0.107731	-0.511850	0.238815	-0.855405	0.148651
0.140000	-0.322247	-0.187308	-0.507237	0.239601	-0.862485	0.148664
0.160000	-0.161099	-0.270336	-0.498928	0.240302	-0.869654	0.148819
0.180000	0.008036	-0.355322	-0.487410	0.240918	-0.876790	0.149133
0.200000	0.182669	-0.440772	-0.473169	0.241451	-0.883777	0.149627
0.220000	0.360307	-0.525190	-0.456694	0.241902	-0.890495	0.150320
0.240000	0.538461	-0.607082	-0.438471	0.242273	-0.896825	0.151233
0.260000	0.714638	-0.684955	-0.418987	0.242564	-0.902648	0.152385
0.280000	0.886349	-0.757313	-0.398729	0.242777	-0.907845	0.153796
0.300000	1.051102	-0.822662	-0.378185	0.242912	-0.912298	0.155486
0.320000	1.206406	-0.879509	-0.357842	0.242972	-0.915887	0.157473
0.340000	1.349769	-0.926357	-0.338186	0.242957	-0.918494	0.159779
0.360000	1.478720	-0.961760	-0.319691	0.242869	-0.920003	0.162422
0.380000	1.591235	-0.985468	-0.302475	0.242718	-0.920412	0.165385
0.400000	1.685781	-0.998529	-0.286268	0.242519	-0.919838	0.168616
0.420000	1.760847	-1.002052	-0.270785	0.242292	-0.918404	0.172060
0.440000	1.814926	-0.997148	-0.255738	0.242055	-0.916233	0.175662
0.460000	1.846505	-0.984926	-0.240841	0.241825	-0.913448	0.179369
0.480000	1.854075	-0.966497	-0.225807	0.241621	-0.910173	0.183124
0.500000	1.836127	-0.942970	-0.210349	0.241460	-0.906529	0.186874
0.520000	1.791150	-0.915456	-0.194181	0.241361	-0.902642	0.190564
0.540000	1.717635	-0.885065	-0.177015	0.241341	-0.898632	0.194139
0.560000	1.614072	-0.852907	-0.158565	0.241418	-0.894624	0.197544
0.580000	1.478950	-0.820093	-0.138544	0.241610	-0.890741	0.200725
0.600000	1.310760	-0.787731	-0.116666	0.241936	-0.887106	0.203628
0.620000	1.107992	-0.756933	-0.092643	0.242413	-0.883841	0.206196
0.640000	0.869135	-0.728808	-0.066188	0.243059	-0.881070	0.208377
0.660000	0.592681	-0.704467	-0.037016	0.243892	-0.878917	0.210114
0.680000	0.277120	-0.685019	-0.004839	0.244930	-0.877503	0.211354
0.700000	-0.078647	-0.671495	0.030580	0.246190	-0.876945	0.212046
0.720000	-0.470367	-0.663895	0.068835	0.247668	-0.877252	0.212209
0.740000	-0.890054	-0.661499	0.109072	0.249346	-0.878362	0.211905
0.760000	-1.329647	-0.663571	0.150426	0.251206	-0.880210	0.211199
0.780000	-1.781086	-0.669377	0.192034	0.253231	-0.882734	0.210156
0.800000	-2.236308	-0.678182	0.233032	0.255402	-0.885868	0.208839
0.820000	-2.687252	-0.689251	0.272555	0.257702	-0.889549	0.207314
0.840000	-3.125857	-0.701850	0.309742	0.260112	-0.893712	0.205645
0.860000	-3.544061	-0.715244	0.343727	0.262614	-0.898293	0.203897
0.880000	-3.933804	-0.728697	0.373646	0.265192	-0.903229	0.202133
0.900000	-4.287024	-0.741476	0.398636	0.267826	-0.908455	0.200419
0.920000	-4.595660	-0.752845	0.417834	0.270499	-0.913908	0.198819
0.940000	-4.851649	-0.762069	0.430375	0.273193	-0.919522	0.197397
0.960000	-5.046932	-0.768415	0.435395	0.275890	-0.925234	0.196218
0.980000	-5.173447	-0.771146	0.432031	0.278573	-0.930981	0.195346
1.000000	-5.223552	-0.769563	0.419478	0.281222	-0.936699	0.194843
1.020000	-5.197533	-0.763612	0.398060	0.283827	-0.942370	0.194716
1.040000	-5.102737	-0.753818	0.369104	0.286381	-0.948011	0.194919
1.060000	-4.946758	-0.740723	0.333971	0.288877	-0.953641	0.195407
1.080000	-4.737189	-0.724872	0.294025	0.291308	-0.959280	0.196136
1.100000	-4.481625	-0.706808	0.250627	0.293669	-0.964947	0.197059
1.120000	-4.187659	-0.687076	0.205140	0.295952	-0.970660	0.198130
1.140000	-3.862887	-0.666218	0.158926	0.298150	-0.976440	0.199305
1.160000	-3.514901	-0.644780	0.113346	0.300258	-0.982305	0.200538
1.180000	-3.151296	-0.623305	0.069764	0.302269	-0.988274	0.201783
1.200000	-2.779666	-0.602336	0.029542	0.304175	-0.994368	0.202994
1.220000	-2.407605	-0.582418	-0.005958	0.305971	-1.000604	0.204127
1.240000	-2.042706	-0.564093	-0.035375	0.307650	-1.007002	0.205135
1.260000	-1.692564	-0.547907	-0.057345	0.309205	-1.013581	0.205973
1.280000	-1.364774	-0.534403	-0.070507	0.310629	-1.020360	0.206596
1.300000	-1.066928	-0.524124	-0.073497	0.311917	-1.027359	0.206958
1.320000	-0.806576	-0.517609	-0.064968	0.313061	-1.034597	0.207013
1.340000	-0.587473	-0.514900	-0.044669	0.314057	-1.042047	0.206751
1.360000	-0.406775	-0.515176	-0.014262	0.314905	-1.049610	0.206218
1.380000	-0.260975	-0.517532	0.024398	0.315603	-1.057177	0.205466
1.400000	-0.146566	-0.521059	0.069457	0.316152	-1.064640	0.204549
1.420000	-0.060042	-0.524853	0.119061	0.316551	-1.071890	0.203518
1.440000	0.002103	-0.528006	0.171355	0.316801	-1.078819	0.202427
1.460000	0.043377	-0.529610	0.224486	0.316900	-1.085318	0.201329
1.480000	0.067285	-0.528761	0.276599	0.316848	-1.091280	0.200275
1.500000	0.077334	-0.524551	0.325840	0.316645	-1.096595	0.199318
1.520000	0.077031	-0.516073	0.370355	0.316291	-1.101155	0.198512
1.540000	0.069882	-0.502421	0.408289	0.315785	-1.104853	0.197908
1.560000	0.059393	-0.482689	0.437789	0.315126	-1.107578	0.197560
1.580000	0.049072	-0.455968	0.456999	0.314316	-1.109224	0.197519
1.600000	0.042424	-0.421354	0.464067	0.313353	-1.109682	0.197840
1.620000	0.042956	-0.377939	0.457137	0.312236	-1.108842	0.198573
1.640000	0.053989	-0.324904	0.434510	0.310966	-1.106605	0.199766
1.660000	0.076226	-0.262668	0.396651	0.309538	-1.102960	0.201386
1.680000	0.108448	-0.192557	0.345616	0.307945	-1.097968	0.203338
1.700000	0.149389	-0.115919	0.283501	0.306180	-1.091690	0.205528
1.720000	0.197784	-0.034104	0.212401	0.304236	-1.084188	0.207859
1.740000	0.252367	0.051540	0.134412	0.302106	-1.075524	0.210239
1.760000	0.311873	0.139665	0.051627	0.299784	-1.065758	0.212571
1.780000	0.375036	0.228922	-0.033859	0.297262	-1.054953	0.214760
1.800000	0.440591	0.317963	-0.119949	0.294533	-1.043170	0.216711
1.820000	0.507272	0.405439	-0.204550	0.291590	-1.030471	0.218330
1.840000	0.573815	0.490002	-0.285566	0.288427	-1.016916	0.219522
1.860000	0.638954	0.570304	-0.360903	0.285036	-1.002569	0.220190
1.880000	0.701423	0.644995	-0.428465	0.281410	-0.987489	0.220242
1.900000	0.759957	0.712727	-0.486157	0.277542	-0.971739	0.219580
1.920000	0.813290	0.772153	-0.531885	0.273426	-0.955380	0.218111
1.940000	0.860158	0.821922	-0.563554	0.269055	-0.938474	0.215740
1.960000	0.899480	0.861023	-0.579610	0.264432	-0.921100	0.212406
1.980000	0.931058	0.890030	-0.581072	0.259619	-0.903429	0.208223
2.000000	0.954955	0.909989	-0.569717	0.254692	-0.885655	0.203350
2.020000	0.971232	0.921945	-0.547325	0.249727	-0.867974	0.197951
2.040000	0.979954	0.926945	-0.515675	0.244803	-0.850580	0.192187
2.060000	0.981182	0.926035	-0.476546	0.239996	-0.833669	0.186219
2.080000	0.974978	0.920261	-0.431716	0.235381	-0.817437	0.180210
2.100000	0.961406	0.910668	-0.382965	0.231037	-0.802078	0.174321
2.120000	0.940529	0.898302	-0.332072	0.227040	-0.787788	0.168715
2.140000	0.912407	0.884209	-0.280816	0.223467	-0.774762	0.163552
2.160000	0.877105	0.869436	-0.230974	0.220394	-0.763196	0.158994
2.180000	0.834685	0.855028	-0.184328	0.217899	-0.753284	0.155204
2.200000	0.785209	0.842031	-0.142655	0.216057	-0.745222	0.152343
2.220000	0.728740	0.831490	-0.107734	0.214947	-0.739206	0.150573
2.240000	0.665340	0.824452	-0.081344	0.214644	-0.735430	0.150056
2.260000	0.595073	0.821963	-0.065265	0.215226	-0.734090	0.150953
2.280000	0.518000	0.825068	-0.061274	0.216770	-0.735381	0.153427
2.300000	0.434471	0.834287	-0.070345	0.219303	-0.739391	0.157554
2.320000	0.345660	0.848616	-0.091120	0.222720	-0.745891	0.163170
2.340000	0.252891	0.866777	-0.121822	0.226885	-0.754601	0.170066
2.360000	0.157488	0.887494	-0.160674	0.231667	-0.765237	0.178032
2.380000	0.060775	0.909490	-0.205899	0.236932	-0.777516	0.186860
2.400000	-0.035924	0.931486	-0.255720	0.242549	-0.791156	0.196341
2.420000	-0.131286	0.952205	-0.308359	0.248382	-0.805874	0.206266
2.440000	-0.223986	0.970371	-0.362040	0.254301	-0.821387	0.216425
2.460000	-0.312701	0.984705	-0.414985	0.260171	-0.837413	0.226610
2.480000	-0.396107	0.993931	-0.465417	0.265860	-0.853669	0.236612
2.500000	-0.472880	0.996771	-0.511561	0.271235	-0.869872	0.246222
2.520000	-0.541696	0.991947	-0.551637	0.276163	-0.885739	0.255230
2.540000	-0.601232	0.978183	-0.583869	0.280511	-0.900988	0.263428
2.560000	-0.650163	0.954200	-0.606481	0.284146	-0.915335	0.270607
2.580000	-0.687166	0.918723	-0.617695	0.286935	-0.928499	0.276558
2.600000	-0.710943	0.870512	-0.615782	0.288748	-0.940201	0.281076
2.620000	-0.721056	0.809617	-0.600543	0.289559	-0.950288	0.284104
2.640000	-0.718079	0.737606	-0.573595	0.289462	-0.958759	0.285756
2.660000	-0.702647	0.656135	-0.536657	0.288559	-0.965620	0.286156
2.680000	-0.675394	0.566862	-0.491447	0.286951	-0.970879	0.285431
2.700000	-0.636953	0.471441	-0.439687	0.284740	-0.974543	0.283704
