0.000000	0.133112	0.604310	0.150723	0.274018	-0.750514	0.273331
0.020000	0.004047	0.656817	0.188947	0.279772	-0.761252	0.283964
0.040000	-0.120651	0.706468	0.225643	0.285617	-0.772912	0.295009
0.060000	-0.238482	0.751683	0.259824	0.291374	-0.785177	0.306251
0.080000	-0.346946	0.790883	0.290504	0.296861	-0.797732	0.317474
0.100000	-0.443541	0.822489	0.316699	0.301899	-0.810259	0.328463
0.120000	-0.525768	0.844920	0.337421	0.306306	-0.822443	0.339002
0.140000	-0.591127	0.856599	0.351686	0.309902	-0.833967	0.348878
0.160000	-0.637116	0.855946	0.358507	0.312506	-0.844516	0.357875
0.180000	-0.661953	0.841698	0.357091	0.313972	-0.853812	0.365804
0.200000	-0.667976	0.814420	0.347760	0.314344	-0.861801	0.372633
0.220000	-0.658996	0.775327	0.331232	0.313734	-0.868510	0.378384
0.240000	-0.638825	0.725634	0.308223	0.312256	-0.873965	0.383081
0.260000	-0.611277	0.666558	0.279453	0.310024	-0.878194	0.386746
0.280000	-0.580165	0.599315	0.245640	0.307149	-0.881221	0.389403
0.300000	-0.549300	0.525121	0.207502	0.303746	-0.883075	0.391073
0.320000	-0.522496	0.445192	0.165757	0.299928	-0.883781	0.391779
0.340000	-0.503565	0.360744	0.121123	0.295807	-0.883365	0.391546
0.360000	-0.496319	0.272993	0.074320	0.291496	-0.881855	0.390394
0.380000	-0.504573	0.183155	0.026065	0.287110	-0.879277	0.388348
0.400000	-0.532138	0.092446	-0.022924	0.282761	-0.875657	0.385430
0.420000	-0.582827	0.002083	-0.071929	0.278561	-0.871022	0.381662
0.440000	-0.660452	-0.086720	-0.120230	0.274625	-0.865399	0.377068
0.460000	-0.768827	-0.172745	-0.167111	0.271066	-0.858813	0.371671
0.480000	-0.911765	-0.254776	-0.211852	0.267995	-0.851291	0.365492
0.500000	-1.093076	-0.331598	-0.253736	0.265528	-0.842860	0.358556
0.520000	-1.314541	-0.402227	-0.292167	0.263743	-0.833586	0.350905
0.540000	-1.570833	-0.466491	-0.326980	0.262603	-0.823675	0.342653
0.560000	-1.855077	-0.524394	-0.358106	0.262046	-0.813361	0.333930
0.580000	-2.160399	-0.575942	-0.385471	0.262011	-0.802881	0.324865
0.600000	-2.479921	-0.621139	-0.409006	0.262434	-0.792470	0.315588
0.620000	-2.806770	-0.659990	-0.428639	0.263253	-0.782363	0.306228
0.640000	-3.134070	-0.692499	-0.444300	0.264406	-0.772797	0.296914
0.660000	-3.454945	-0.718673	-0.455917	0.265831	-0.764006	0.287777
0.680000	-3.762521	-0.738514	-0.463420	0.267466	-0.756227	0.278945
0.700000	-4.049921	-0.752029	-0.466736	0.269247	-0.749695	0.270549
0.720000	-4.310272	-0.759222	-0.465796	0.271113	-0.744645	0.262717
0.740000	-4.536696	-0.760098	-0.460528	0.273002	-0.741313	0.255579
0.760000	-4.722319	-0.754662	-0.450862	0.274851	-0.739935	0.249265
0.780000	-4.860267	-0.742918	-0.436725	0.276598	-0.740746	0.243904
0.800000	-4.943662	-0.724872	-0.418048	0.278181	-0.743982	0.239625
0.820000	-4.965631	-0.700528	-0.394759	0.279537	-0.749878	0.236559
0.840000	-4.920455	-0.669981	-0.366843	0.280616	-0.758628	0.234816
0.860000	-4.811212	-0.634006	-0.334712	0.281458	-0.770108	0.234374
0.880000	-4.645020	-0.593692	-0.298974	0.282148	-0.784049	0.235148
0.900000	-4.429016	-0.550129	-0.260236	0.282768	-0.800179	0.237052
0.920000	-4.170338	-0.504407	-0.219108	0.283402	-0.818228	0.240000
0.940000	-3.876123	-0.457616	-0.176198	0.284131	-0.837926	0.243908
0.960000	-3.553511	-0.410847	-0.132115	0.285041	-0.859001	0.248689
0.980000	-3.209637	-0.365189	-0.087466	0.286213	-0.881183	0.254259
1.000000	-2.851641	-0.321733	-0.042862	0.287731	-0.904202	0.260531
1.020000	-2.486659	-0.281568	0.001091	0.289678	-0.927786	0.267422
1.040000	-2.121831	-0.245786	0.043782	0.292137	-0.951666	0.274844
1.060000	-1.764293	-0.215475	0.084605	0.295191	-0.975570	0.282712
1.080000	-1.421184	-0.191727	0.122949	0.298924	-0.999228	0.290942
1.100000	-1.099641	-0.175631	0.158207	0.303419	-1.022369	0.299448
1.120000	-0.806802	-0.168277	0.189771	0.308758	-1.044723	0.308144
1.140000	-0.549230	-0.170588	0.217062	0.315010	-1.066024	0.316943
1.160000	-0.327519	-0.181745	0.239837	0.322081	-1.086062	0.325738
1.180000	-0.138725	-0.199900	0.258046	0.329784	-1.104657	0.334410
1.200000	0.020141	-0.223188	0.271641	0.337930	-1.121634	0.342841
1.220000	0.152068	-0.249747	0.280578	0.346327	-1.136813	0.350912
1.240000	0.260047	-0.277713	0.284808	0.354789	-1.150016	0.358504
1.260000	0.347066	-0.305224	0.284285	0.363125	-1.161067	0.365499
1.280000	0.416116	-0.330416	0.278963	0.371145	-1.169787	0.371778
1.300000	0.470185	-0.351427	0.268794	0.378662	-1.175998	0.377222
1.320000	0.512263	-0.366392	0.253733	0.385484	-1.179523	0.381713
1.340000	0.545340	-0.373450	0.233733	0.391424	-1.180183	0.385131
1.360000	0.572405	-0.370736	0.208746	0.396291	-1.177801	0.387358
1.380000	0.596447	-0.356388	0.178727	0.399896	-1.172199	0.388275
1.400000	0.620457	-0.328542	0.143629	0.402051	-1.163199	0.387765
1.420000	0.647423	-0.285336	0.103404	0.402565	-1.150623	0.385707
1.440000	0.680336	-0.224906	0.058007	0.401249	-1.134294	0.381983
1.460000	0.722096	-0.145456	0.007409	0.397922	-1.114045	0.376480
1.480000	0.772938	-0.047213	-0.047860	0.392606	-1.090061	0.369271
1.500000	0.830014	0.067254	-0.106625	0.385566	-1.062934	0.360640
1.520000	0.890301	0.195250	-0.167674	0.377077	-1.033275	0.350882
1.540000	0.950781	0.334075	-0.229798	0.367417	-1.001700	0.340296
1.560000	1.008431	0.481033	-0.291783	0.356861	-0.968822	0.329177
1.580000	1.060231	0.633425	-0.352421	0.345686	-0.935254	0.317821
1.600000	1.103161	0.788554	-0.410498	0.334169	-0.901610	0.306526
1.620000	1.134200	0.943722	-0.464805	0.322586	-0.868504	0.295587
1.640000	1.150326	1.096231	-0.514130	0.311213	-0.836548	0.285302
1.660000	1.148519	1.243385	-0.557262	0.300327	-0.806357	0.275966
1.680000	1.125759	1.382485	-0.592991	0.290205	-0.778544	0.267876
1.700000	1.079025	1.510833	-0.620104	0.281122	-0.753723	0.261329
1.720000	1.005295	1.625733	-0.637390	0.273356	-0.732507	0.256621
1.740000	0.901550	1.724485	-0.643640	0.267182	-0.715510	0.254049
1.760000	0.764827	1.804426	-0.637664	0.262874	-0.703337	0.253904
1.780000	0.595310	1.864621	-0.619446	0.260524	-0.696184	0.256263
1.800000	0.397826	1.906693	-0.590708	0.259954	-0.693639	0.260879
1.820000	0.177574	1.932471	-0.553307	0.260966	-0.695240	0.267481
1.840000	-0.060245	1.943783	-0.509103	0.263363	-0.700528	0.275796
1.860000	-0.310431	1.942458	-0.459955	0.266945	-0.709041	0.285553
1.880000	-0.567783	1.930325	-0.407722	0.271516	-0.720319	0.296480
1.900000	-0.827101	1.909211	-0.354264	0.276876	-0.733901	0.308306
1.920000	-1.083185	1.880945	-0.301439	0.282827	-0.749326	0.320759
1.940000	-1.330835	1.847356	-0.251107	0.289171	-0.766134	0.333567
1.960000	-1.564850	1.810273	-0.205127	0.295710	-0.783863	0.346458
1.980000	-1.780029	1.771523	-0.165357	0.302245	-0.802054	0.359161
2.000000	-1.971173	1.732937	-0.133657	0.308579	-0.820245	0.371404
2.020000	-2.133081	1.696341	-0.111887	0.314513	-0.837976	0.382916
2.040000	-2.260553	1.663564	-0.101904	0.319849	-0.854786	0.393423
