0.000000	1.818213	1.926211	-0.289252	0.224092	-0.585094	0.218899
0.020000	1.633091	1.812984	-0.273912	0.228900	-0.607430	0.238341
0.040000	1.421713	1.685231	-0.261576	0.234297	-0.632263	0.259541
0.060000	1.191100	1.546765	-0.252785	0.240109	-0.658901	0.281944
0.080000	0.948272	1.401402	-0.248079	0.246160	-0.686653	0.304995
0.100000	0.700247	1.252955	-0.247998	0.252275	-0.714826	0.328139
0.120000	0.454046	1.105241	-0.253081	0.258279	-0.742728	0.350822
0.140000	0.216687	0.962073	-0.263867	0.263997	-0.769669	0.372490
0.160000	-0.004809	0.827265	-0.280897	0.269254	-0.794955	0.392587
0.180000	-0.203424	0.704633	-0.304711	0.273874	-0.817895	0.410560
0.200000	-0.372137	0.597991	-0.335848	0.277683	-0.837798	0.425853
0.220000	-0.503947	0.511147	-0.374846	0.280506	-0.853972	0.437914
0.240000	-0.595372	0.446429	-0.421686	0.282252	-0.866002	0.446439
0.260000	-0.650800	0.402859	-0.475109	0.283022	-0.874089	0.451688
0.280000	-0.675688	0.379015	-0.533688	0.282940	-0.878516	0.453994
0.300000	-0.675489	0.373470	-0.595997	0.282132	-0.879568	0.453693
0.320000	-0.655658	0.384801	-0.660608	0.280724	-0.877527	0.451118
0.340000	-0.621651	0.411583	-0.726094	0.278841	-0.872678	0.446605
0.360000	-0.578921	0.452390	-0.791028	0.276607	-0.865305	0.440487
0.380000	-0.532924	0.505799	-0.853984	0.274149	-0.855690	0.433100
0.400000	-0.489115	0.570385	-0.913533	0.271592	-0.844117	0.424777
0.420000	-0.452948	0.644723	-0.968250	0.269060	-0.830872	0.415852
0.440000	-0.429877	0.727388	-1.016707	0.266680	-0.816236	0.406662
0.460000	-0.425359	0.816957	-1.057477	0.264577	-0.800494	0.397539
0.480000	-0.444847	0.912004	-1.089133	0.262875	-0.783929	0.388819
0.500000	-0.493797	1.011104	-1.110248	0.261701	-0.766826	0.380835
0.520000	-0.577663	1.112834	-1.119395	0.261180	-0.749467	0.373923
0.540000	-0.701900	1.215768	-1.115147	0.261436	-0.732138	0.368417
0.560000	-0.870128	1.318466	-1.096501	0.262562	-0.715110	0.364578
0.580000	-1.077319	1.419414	-1.064447	0.264490	-0.698615	0.362327
0.600000	-1.315903	1.517076	-1.020565	0.267107	-0.682867	0.361482
0.620000	-1.578312	1.609916	-0.966434	0.270299	-0.668083	0.361864
0.640000	-1.856973	1.696398	-0.903631	0.273952	-0.654479	0.363291
0.660000	-2.144318	1.774986	-0.833735	0.277952	-0.642269	0.365582
0.680000	-2.432775	1.844144	-0.758324	0.282186	-0.631671	0.368558
0.700000	-2.714775	1.902335	-0.678978	0.286539	-0.622900	0.372037
0.720000	-2.982746	1.948025	-0.597275	0.290898	-0.616172	0.375838
0.740000	-3.229120	1.979676	-0.514792	0.295150	-0.611702	0.379781
0.760000	-3.446325	1.995754	-0.433110	0.299179	-0.609707	0.383685
0.780000	-3.626791	1.994721	-0.353806	0.302873	-0.610402	0.387369
0.800000	-3.762949	1.975042	-0.278459	0.306118	-0.614004	0.390653
0.820000	-3.847226	1.935181	-0.208647	0.308799	-0.620728	0.393356
0.840000	-3.872055	1.873602	-0.145949	0.310804	-0.630790	0.395297
0.860000	-3.831357	1.789182	-0.091707	0.312039	-0.644344	0.396326
0.880000	-3.728402	1.683389	-0.045778	0.312551	-0.661159	0.396482
0.900000	-3.570070	1.558690	-0.007448	0.312435	-0.680856	0.395878
0.920000	-3.363249	1.417554	0.023998	0.311789	-0.703052	0.394626
0.940000	-3.114823	1.262450	0.049276	0.310710	-0.727369	0.392841
0.960000	-2.831681	1.095846	0.069103	0.309296	-0.753426	0.390634
0.980000	-2.520710	0.920212	0.084194	0.307644	-0.780842	0.388119
1.000000	-2.188795	0.738017	0.095264	0.305851	-0.809237	0.385408
1.020000	-1.842825	0.551731	0.103030	0.304015	-0.838230	0.382614
1.040000	-1.489685	0.363821	0.108207	0.302232	-0.867441	0.379851
1.060000	-1.136263	0.176758	0.111511	0.300601	-0.896490	0.377230
1.080000	-0.789446	-0.006991	0.113657	0.299218	-0.924997	0.374866
1.100000	-0.456120	-0.184954	0.115362	0.298181	-0.952580	0.372871
1.120000	-0.143172	-0.354665	0.117341	0.297587	-0.978860	0.371357
1.140000	0.142510	-0.513653	0.120310	0.297533	-1.003455	0.370439
1.160000	0.394041	-0.659450	0.124985	0.298117	-1.025987	0.370227
1.180000	0.604532	-0.789586	0.132082	0.299436	-1.046073	0.370837
1.200000	0.767265	-0.901635	0.142295	0.301583	-1.063341	0.372375
1.220000	0.880777	-0.994513	0.155682	0.304535	-1.077619	0.374819
1.240000	0.949792	-1.068715	0.171547	0.308130	-1.088973	0.377989
1.260000	0.979388	-1.124826	0.189152	0.312197	-1.097483	0.381697
1.280000	0.974645	-1.163432	0.207758	0.316567	-1.103230	0.385755
1.300000	0.940641	-1.185119	0.226628	0.321070	-1.106294	0.389973
1.320000	0.882455	-1.190473	0.245023	0.325535	-1.106756	0.394165
1.340000	0.805166	-1.180078	0.262205	0.329793	-1.104696	0.398141
1.360000	0.713853	-1.154522	0.277434	0.333674	-1.100193	0.401714
1.380000	0.613594	-1.114388	0.289974	0.337008	-1.093329	0.404695
1.400000	0.509467	-1.060264	0.299085	0.339625	-1.084183	0.406895
1.420000	0.406553	-0.992734	0.304030	0.341354	-1.072835	0.408127
1.440000	0.309930	-0.912384	0.304069	0.342027	-1.059367	0.408201
1.460000	0.224675	-0.819800	0.298466	0.341472	-1.043859	0.406931
1.480000	0.155869	-0.715567	0.286480	0.339521	-1.026389	0.404127
1.500000	0.108538	-0.600278	0.267386	0.336005	-1.007042	0.399604
1.520000	0.084787	-0.474845	0.241088	0.330907	-0.985985	0.393351
1.540000	0.082333	-0.340668	0.208445	0.324435	-0.963521	0.385617
1.560000	0.098531	-0.199185	0.170390	0.316814	-0.939962	0.376673
1.580000	0.130734	-0.051835	0.127861	0.308270	-0.915621	0.366790
1.600000	0.176296	0.099944	0.081790	0.299029	-0.890811	0.356238
1.620000	0.232572	0.254711	0.033116	0.289316	-0.865843	0.345289
1.640000	0.296915	0.411030	-0.017229	0.279358	-0.841031	0.334213
1.660000	0.366679	0.567460	-0.068307	0.269381	-0.816687	0.323282
1.680000	0.439218	0.722564	-0.119185	0.259610	-0.793123	0.312766
1.700000	0.511886	0.874902	-0.168925	0.250271	-0.770652	0.302936
1.720000	0.582037	1.023036	-0.216594	0.241591	-0.749587	0.294064
1.740000	0.647026	1.165527	-0.261255	0.233794	-0.730240	0.286419
1.760000	0.704205	1.300936	-0.301974	0.227107	-0.712924	0.280273
1.780000	0.750930	1.427825	-0.337815	0.221755	-0.697951	0.275897
1.800000	0.784553	1.544754	-0.367843	0.217965	-0.685634	0.273562
1.820000	0.802430	1.650285	-0.391122	0.215962	-0.676285	0.273538
1.840000	0.802870	1.743342	-0.407081	0.215877	-0.670089	0.275983
1.860000	0.787097	1.823953	-0.416258	0.217550	-0.666846	0.280707
1.880000	0.756890	1.892354	-0.419404	0.220763	-0.666278	0.287457
1.900000	0.714029	1.948784	-0.417268	0.225303	-0.668110	0.295976
1.920000	0.660292	1.993481	-0.410599	0.230952	-0.672067	0.306010
1.940000	0.597459	2.026683	-0.400147	0.237496	-0.677872	0.317304
1.960000	0.527309	2.048628	-0.386663	0.244717	-0.685251	0.329603
1.980000	0.451620	2.059553	-0.370895	0.252402	-0.693926	0.342652
2.000000	0.372172	2.059697	-0.353594	0.260333	-0.703622	0.356195
2.020000	0.290744	2.049298	-0.335508	0.268295	-0.714064	0.369979
2.040000	0.209115	2.028592	-0.317389	0.276072	-0.724975	0.383747
2.060000	0.129063	1.997819	-0.299985	0.283448	-0.736080	0.397245
2.080000	0.052369	1.957216	-0.284046	0.290208	-0.747103	0.410219
