0.000000	-0.977536	2.133257	-0.231352	0.260142	-0.897120	0.244156
0.020000	-0.976049	2.222776	-0.239734	0.262590	-0.896450	0.243282
0.040000	-0.967698	2.292755	-0.249081	0.265070	-0.895894	0.242689
0.060000	-0.952854	2.340371	-0.259415	0.267561	-0.895558	0.242501
0.080000	-0.931890	2.362824	-0.270754	0.270046	-0.895543	0.242844
0.100000	-0.905586	2.359101	-0.283015	0.272502	-0.895885	0.243764
0.120000	-0.875400	2.331168	-0.295946	0.274901	-0.896501	0.245177
0.140000	-0.842854	2.281274	-0.309277	0.277216	-0.897297	0.246987
0.160000	-0.809471	2.211669	-0.322739	0.279418	-0.898182	0.249099
0.180000	-0.776771	2.124601	-0.336064	0.281478	-0.899061	0.251416
0.200000	-0.746278	2.022319	-0.348981	0.283370	-0.899842	0.253844
0.220000	-0.719513	1.907073	-0.361222	0.285064	-0.900432	0.256285
0.240000	-0.697998	1.781111	-0.372518	0.286533	-0.900738	0.258645
0.260000	-0.683254	1.646681	-0.382599	0.287748	-0.900666	0.260827
0.280000	-0.676805	1.506034	-0.391197	0.288681	-0.900123	0.262735
0.300000	-0.680171	1.361419	-0.398042	0.289305	-0.899017	0.264274
0.320000	-0.694876	1.215083	-0.402865	0.289589	-0.897254	0.265347
0.340000	-0.722440	1.069276	-0.405397	0.289508	-0.894742	0.265859
0.360000	-0.764386	0.926248	-0.405369	0.289032	-0.891387	0.265714
0.380000	-0.822235	0.788246	-0.402511	0.288133	-0.887096	0.264817
0.400000	-0.897510	0.657521	-0.396555	0.286783	-0.881776	0.263070
0.420000	-0.990868	0.535851	-0.387335	0.284975	-0.875395	0.260422
0.440000	-1.100004	0.423413	-0.375040	0.282768	-0.868129	0.256966
0.460000	-1.221982	0.320037	-0.359935	0.280239	-0.860199	0.252830
0.480000	-1.353866	0.225557	-0.342284	0.277465	-0.851825	0.248137
0.500000	-1.492718	0.139805	-0.322353	0.274519	-0.843229	0.243015
0.520000	-1.635603	0.062612	-0.300407	0.271479	-0.834631	0.237588
0.540000	-1.779583	-0.006189	-0.276710	0.268421	-0.826251	0.231983
0.560000	-1.921723	-0.066766	-0.251527	0.265419	-0.818311	0.226326
0.580000	-2.059085	-0.119286	-0.225123	0.262551	-0.811031	0.220743
0.600000	-2.188733	-0.163919	-0.197763	0.259891	-0.804632	0.215358
0.620000	-2.307730	-0.200831	-0.169712	0.257516	-0.799335	0.210298
0.640000	-2.413140	-0.230191	-0.141234	0.255501	-0.795360	0.205689
0.660000	-2.502026	-0.252166	-0.112595	0.253922	-0.792928	0.201657
0.680000	-2.571452	-0.266924	-0.084059	0.252855	-0.792260	0.198327
0.700000	-2.618481	-0.274633	-0.055892	0.252376	-0.793576	0.195825
0.720000	-2.640177	-0.275462	-0.028357	0.252561	-0.797098	0.194277
0.740000	-2.634093	-0.269654	-0.001717	0.253472	-0.803004	0.193785
0.760000	-2.601431	-0.258034	0.023790	0.255068	-0.811169	0.194271
0.780000	-2.545036	-0.241684	0.047937	0.257266	-0.821327	0.195575
0.800000	-2.467760	-0.221689	0.070495	0.259979	-0.833214	0.197539
0.820000	-2.372457	-0.199132	0.091239	0.263121	-0.846564	0.200004
0.840000	-2.261979	-0.175098	0.109939	0.266608	-0.861111	0.202810
0.860000	-2.139178	-0.150671	0.126369	0.270352	-0.876591	0.205798
0.880000	-2.006906	-0.126936	0.140302	0.274270	-0.892739	0.208810
0.900000	-1.868018	-0.104976	0.151508	0.278275	-0.909288	0.211685
0.920000	-1.725365	-0.085876	0.159762	0.282281	-0.925975	0.214265
0.940000	-1.581800	-0.070720	0.164836	0.286203	-0.942533	0.216390
0.960000	-1.440175	-0.060591	0.166502	0.289955	-0.958698	0.217902
0.980000	-1.303343	-0.056576	0.164532	0.293452	-0.974203	0.218641
1.000000	-1.174157	-0.059757	0.158700	0.296608	-0.988785	0.218447
1.020000	-1.055470	-0.071218	0.148777	0.299338	-1.002177	0.217163
1.040000	-0.949911	-0.091890	0.134583	0.301563	-1.014137	0.214647
1.060000	-0.857861	-0.121133	0.116400	0.303284	-1.024647	0.210953
1.080000	-0.778390	-0.157395	0.094782	0.304546	-1.033819	0.206247
1.100000	-0.710550	-0.199113	0.070287	0.305396	-1.041770	0.200696
1.120000	-0.653397	-0.244724	0.043473	0.305880	-1.048613	0.194468
1.140000	-0.605984	-0.292664	0.014896	0.306043	-1.054463	0.187729
1.160000	-0.567364	-0.341370	-0.014887	0.305933	-1.059435	0.180647
1.180000	-0.536591	-0.389280	-0.045317	0.305595	-1.063645	0.173389
1.200000	-0.512720	-0.434830	-0.075837	0.305076	-1.067206	0.166123
1.220000	-0.494803	-0.476456	-0.105891	0.304422	-1.070234	0.159016
1.240000	-0.481895	-0.512596	-0.134920	0.303678	-1.072843	0.152234
1.260000	-0.473050	-0.541687	-0.162368	0.302892	-1.075148	0.145946
1.280000	-0.467321	-0.562165	-0.187677	0.302109	-1.077264	0.140318
1.300000	-0.463761	-0.572467	-0.210290	0.301376	-1.079306	0.135518
1.320000	-0.461426	-0.571029	-0.229649	0.300739	-1.081388	0.131713
1.340000	-0.459368	-0.556290	-0.245197	0.300244	-1.083626	0.129070
1.360000	-0.456647	-0.526732	-0.256394	0.299935	-1.086129	0.127751
1.380000	-0.452485	-0.482225	-0.263214	0.299816	-1.088880	0.127764
1.400000	-0.446286	-0.424208	-0.266211	0.299843	-1.091714	0.128939
1.420000	-0.437468	-0.354208	-0.265972	0.299969	-1.094459	0.131098
1.440000	-0.425446	-0.273750	-0.263084	0.300145	-1.096943	0.134063
1.460000	-0.409636	-0.184359	-0.258133	0.300327	-1.098993	0.137655
1.480000	-0.389454	-0.087561	-0.251706	0.300466	-1.100438	0.141696
1.500000	-0.364315	0.015118	-0.244390	0.300516	-1.101105	0.146007
1.520000	-0.333635	0.122153	-0.236771	0.300430	-1.100823	0.150410
1.540000	-0.296831	0.232018	-0.229436	0.300160	-1.099418	0.154727
1.560000	-0.253318	0.343187	-0.222972	0.299661	-1.096720	0.158778
1.580000	-0.202511	0.454136	-0.217965	0.298884	-1.092555	0.162387
1.600000	-0.143828	0.563338	-0.215002	0.297784	-1.086751	0.165374
1.620000	-0.076683	0.669268	-0.214670	0.296312	-1.079136	0.167560
1.640000	-0.000492	0.770399	-0.217556	0.294423	-1.069539	0.168768
1.660000	0.085310	0.865217	-0.224235	0.292070	-1.057790	0.168822
1.680000	0.180380	0.952656	-0.234747	0.289254	-1.043911	0.167681
1.700000	0.283052	1.032307	-0.248357	0.286043	-1.028197	0.165499
1.720000	0.391557	1.103814	-0.264266	0.282512	-1.010966	0.162448
1.740000	0.504128	1.166820	-0.281677	0.278735	-0.992535	0.158696
1.760000	0.618996	1.220967	-0.299793	0.274785	-0.973220	0.154415
1.780000	0.734391	1.265899	-0.317815	0.270737	-0.953341	0.149774
1.800000	0.848546	1.301259	-0.334946	0.266665	-0.933213	0.144944
1.820000	0.959692	1.326689	-0.350388	0.262643	-0.913153	0.140095
1.840000	1.066060	1.341832	-0.363344	0.258745	-0.893480	0.135397
1.860000	1.165883	1.346332	-0.373016	0.255045	-0.874511	0.131020
1.880000	1.257390	1.339832	-0.378606	0.251616	-0.856562	0.127135
1.900000	1.338814	1.321973	-0.379317	0.248533	-0.839951	0.123911
1.920000	1.408386	1.292400	-0.374351	0.245871	-0.824996	0.121519
1.940000	1.464338	1.250756	-0.362911	0.243702	-0.812013	0.120128
1.960000	1.504900	1.196682	-0.344199	0.242102	-0.801319	0.119910
1.980000	1.528306	1.129824	-0.317417	0.241143	-0.793233	0.121035
2.000000	1.533583	1.050390	-0.282241	0.240868	-0.787942	0.123602
2.020000	1.522094	0.960255	-0.239733	0.241222	-0.785260	0.127512
2.040000	1.495631	0.861595	-0.191206	0.242133	-0.784929	0.132625
2.060000	1.455982	0.756588	-0.137975	0.243530	-0.786694	0.138803
2.080000	1.404939	0.647409	-0.081354	0.245340	-0.790297	0.145908
