0.000000	1.516660	0.146857	-0.040982	0.221335	-0.746237	0.135116
0.020000	1.525662	0.062316	-0.047587	0.223469	-0.752485	0.141592
0.040000	1.517893	-0.019178	-0.055024	0.226216	-0.760905	0.149243
0.060000	1.494939	-0.096415	-0.063371	0.229495	-0.771169	0.157878
0.080000	1.458382	-0.168185	-0.072706	0.233225	-0.782948	0.167305
0.100000	1.409808	-0.233281	-0.083105	0.237328	-0.795914	0.177331
0.120000	1.350802	-0.290492	-0.094646	0.241722	-0.809738	0.187764
0.140000	1.282946	-0.338609	-0.107406	0.246326	-0.824091	0.198412
0.160000	1.207827	-0.376423	-0.121461	0.251062	-0.838646	0.209084
0.180000	1.127027	-0.402725	-0.136890	0.255847	-0.853074	0.219586
0.200000	1.042132	-0.416306	-0.153769	0.260603	-0.867046	0.229727
0.220000	0.954726	-0.415956	-0.172175	0.265248	-0.880234	0.239314
0.240000	0.866393	-0.400467	-0.192185	0.269703	-0.892309	0.248156
0.260000	0.778711	-0.368654	-0.213873	0.273887	-0.902946	0.256061
0.280000	0.692886	-0.320744	-0.237083	0.277752	-0.911979	0.262931
0.300000	0.609572	-0.259051	-0.261319	0.281299	-0.919478	0.268801
0.320000	0.529382	-0.186062	-0.286059	0.284529	-0.925535	0.273718
0.340000	0.452924	-0.104264	-0.310781	0.287445	-0.930240	0.277729
0.360000	0.380809	-0.016142	-0.334960	0.290051	-0.933682	0.280879
0.380000	0.313648	0.075818	-0.358076	0.292350	-0.935953	0.283216
0.400000	0.252051	0.169130	-0.379604	0.294344	-0.937142	0.284787
0.420000	0.196628	0.261307	-0.399023	0.296037	-0.937341	0.285637
0.440000	0.147989	0.349865	-0.415809	0.297431	-0.936638	0.285814
0.460000	0.106746	0.432316	-0.429441	0.298530	-0.935126	0.285365
0.480000	0.073508	0.506175	-0.439395	0.299336	-0.932893	0.284335
0.500000	0.048885	0.568955	-0.445148	0.299852	-0.930031	0.282772
0.520000	0.033489	0.618171	-0.446178	0.300081	-0.926629	0.280722
0.540000	0.027929	0.651337	-0.441962	0.300027	-0.922779	0.278233
0.560000	0.032807	0.665980	-0.431980	0.299692	-0.918570	0.275349
0.580000	0.047738	0.661082	-0.416040	0.299090	-0.914078	0.272119
0.600000	0.070454	0.638410	-0.394571	0.298253	-0.909354	0.268587
0.620000	0.098472	0.600040	-0.368073	0.297217	-0.904444	0.264800
0.640000	0.129312	0.548051	-0.337049	0.296015	-0.899395	0.260803
0.660000	0.160494	0.484520	-0.301997	0.294684	-0.894253	0.256642
0.680000	0.189536	0.411526	-0.263419	0.293259	-0.889066	0.252363
0.700000	0.213958	0.331147	-0.221815	0.291774	-0.883880	0.248011
0.720000	0.231278	0.245459	-0.177685	0.290264	-0.878741	0.243633
0.740000	0.239015	0.156541	-0.131530	0.288764	-0.873697	0.239273
0.760000	0.234689	0.066471	-0.083851	0.287310	-0.868795	0.234978
0.780000	0.215819	-0.022673	-0.035148	0.285936	-0.864080	0.230794
0.800000	0.179924	-0.108814	0.014079	0.284677	-0.859601	0.226765
0.820000	0.124523	-0.189873	0.063328	0.283568	-0.855402	0.222939
0.840000	0.047134	-0.263774	0.112100	0.282645	-0.851532	0.219360
0.860000	-0.054723	-0.328437	0.159894	0.281941	-0.848037	0.216075
0.880000	-0.183528	-0.381785	0.206209	0.281493	-0.844964	0.213129
0.900000	-0.340564	-0.422298	0.250578	0.281324	-0.842354	0.210558
0.920000	-0.522344	-0.450668	0.292665	0.281410	-0.840224	0.208363
0.940000	-0.724200	-0.468140	0.332166	0.281718	-0.838586	0.206534
0.960000	-0.941463	-0.475954	0.368777	0.282213	-0.837453	0.205062
0.980000	-1.169464	-0.475356	0.402194	0.282862	-0.836836	0.203937
1.000000	-1.403533	-0.467587	0.432115	0.283629	-0.836748	0.203151
1.020000	-1.639002	-0.453891	0.458235	0.284481	-0.837199	0.202694
1.040000	-1.871202	-0.435511	0.480251	0.285383	-0.838204	0.202556
1.060000	-2.095464	-0.413690	0.497860	0.286301	-0.839773	0.202728
1.080000	-2.307119	-0.389670	0.510756	0.287201	-0.841918	0.203201
1.100000	-2.501497	-0.364695	0.518637	0.288049	-0.844651	0.203966
1.120000	-2.673930	-0.340008	0.521200	0.288810	-0.847985	0.205014
1.140000	-2.819749	-0.316851	0.518140	0.289450	-0.851931	0.206334
1.160000	-2.934285	-0.296468	0.509154	0.289936	-0.856501	0.207918
1.180000	-3.012869	-0.280102	0.493938	0.290232	-0.861708	0.209757
1.200000	-3.050831	-0.268996	0.472188	0.290304	-0.867563	0.211840
1.220000	-3.044172	-0.264269	0.443688	0.290125	-0.874075	0.214156
1.240000	-2.994753	-0.265965	0.408975	0.289714	-0.881218	0.216654
1.260000	-2.907464	-0.273572	0.368978	0.289120	-0.888951	0.219267
1.280000	-2.787222	-0.286570	0.324630	0.288390	-0.897230	0.221928
1.300000	-2.638944	-0.304441	0.276863	0.287572	-0.906014	0.224569
1.320000	-2.467546	-0.326669	0.226608	0.286711	-0.915259	0.227122
1.340000	-2.277945	-0.352733	0.174799	0.285857	-0.924925	0.229521
1.360000	-2.075057	-0.382117	0.122367	0.285056	-0.934968	0.231696
1.380000	-1.863799	-0.414301	0.070245	0.284355	-0.945346	0.233582
1.400000	-1.649089	-0.448769	0.019364	0.283802	-0.956017	0.235109
1.420000	-1.435841	-0.485002	-0.029342	0.283445	-0.966938	0.236211
1.440000	-1.228974	-0.522482	-0.074942	0.283331	-0.978067	0.236820
1.460000	-1.033403	-0.560690	-0.116504	0.283507	-0.989361	0.236869
1.480000	-0.854045	-0.599109	-0.153094	0.284020	-1.000778	0.236289
1.500000	-0.695818	-0.637221	-0.183782	0.284918	-1.012277	0.235013
1.520000	-0.563636	-0.674506	-0.207635	0.286248	-1.023813	0.232974
1.540000	-0.460819	-0.710434	-0.224079	0.288033	-1.035329	0.230139
1.560000	-0.385577	-0.744423	-0.233686	0.290212	-1.046711	0.226589
1.580000	-0.335098	-0.775883	-0.237258	0.292711	-1.057836	0.222428
1.600000	-0.306572	-0.804226	-0.235596	0.295454	-1.068581	0.217758
1.620000	-0.297189	-0.828862	-0.229501	0.298365	-1.078822	0.212682
1.640000	-0.304137	-0.849201	-0.219774	0.301368	-1.088435	0.207305
1.660000	-0.324607	-0.864653	-0.207217	0.304389	-1.097298	0.201730
1.680000	-0.355788	-0.874630	-0.192630	0.307352	-1.105286	0.196059
1.700000	-0.394869	-0.878541	-0.176815	0.310181	-1.112276	0.190396
1.720000	-0.439040	-0.875797	-0.160573	0.312801	-1.118145	0.184844
1.740000	-0.485490	-0.865809	-0.144705	0.315136	-1.122769	0.179506
1.760000	-0.531409	-0.847987	-0.130013	0.317110	-1.126024	0.174486
1.780000	-0.573985	-0.821741	-0.117297	0.318649	-1.127788	0.169887
1.800000	-0.610409	-0.786482	-0.107358	0.319676	-1.127937	0.165812
1.820000	-0.637870	-0.741620	-0.100999	0.320117	-1.126347	0.162365
1.840000	-0.653596	-0.686588	-0.099004	0.319896	-1.122898	0.159647
1.860000	-0.656325	-0.621694	-0.101562	0.319003	-1.117587	0.157681
1.880000	-0.646749	-0.548375	-0.108085	0.317504	-1.110564	0.156393
1.900000	-0.625689	-0.468144	-0.117935	0.315471	-1.101988	0.155700
1.920000	-0.593966	-0.382515	-0.130475	0.312979	-1.092021	0.155520
1.940000	-0.552402	-0.293000	-0.145066	0.310098	-1.080821	0.155772
1.960000	-0.501817	-0.201112	-0.161071	0.306903	-1.068549	0.156372
1.980000	-0.443034	-0.108366	-0.177851	0.303465	-1.055364	0.157238
2.000000	-0.376873	-0.016273	-0.194768	0.299857	-1.041427	0.158289
2.020000	-0.304156	0.073653	-0.211184	0.296153	-1.026896	0.159442
2.040000	-0.225703	0.159900	-0.226461	0.292424	-1.011933	0.160616
2.060000	-0.142337	0.240953	-0.239961	0.288743	-0.996697	0.161727
2.080000	-0.054878	0.315300	-0.251046	0.285183	-0.981348	0.162694
2.100000	0.035852	0.381427	-0.259078	0.281817	-0.966046	0.163435
2.120000	0.129032	0.437823	-0.263419	0.278718	-0.950950	0.163867
2.140000	0.223840	0.482973	-0.263431	0.275957	-0.936221	0.163909
2.160000	0.319456	0.515366	-0.258475	0.273608	-0.922018	0.163478
2.180000	0.414987	0.534194	-0.248284	0.271714	-0.908469	0.162534
2.200000	0.509358	0.540473	-0.233541	0.270244	-0.895617	0.161147
2.220000	0.601465	0.535508	-0.215081	0.269152	-0.883493	0.159404
2.240000	0.690203	0.520605	-0.193741	0.268395	-0.872126	0.157392
2.260000	0.774469	0.497072	-0.170356	0.267928	-0.861546	0.155198
2.280000	0.853158	0.466214	-0.145761	0.267708	-0.851783	0.152910
2.300000	0.925166	0.429337	-0.120794	0.267690	-0.842867	0.150613
2.320000	0.989388	0.387748	-0.096290	0.267830	-0.834828	0.148395
2.340000	1.044721	0.342753	-0.073084	0.268084	-0.827697	0.146343
2.360000	1.090061	0.295658	-0.052012	0.268407	-0.821502	0.144545
2.380000	1.124302	0.247769	-0.033911	0.268757	-0.816275	0.143087
2.400000	1.146340	0.200393	-0.019616	0.269088	-0.812044	0.142055
