0.000000	-0.291254	0.650238	-0.150582	0.326621	-0.845013	0.373940
0.020000	-0.305270	0.661651	-0.143744	0.325895	-0.844836	0.372658
0.040000	-0.319031	0.687361	-0.143399	0.324785	-0.844038	0.371711
0.060000	-0.331704	0.723271	-0.147634	0.323323	-0.842681	0.371094
0.080000	-0.342450	0.765284	-0.154538	0.321542	-0.840825	0.370802
0.100000	-0.350436	0.809303	-0.162199	0.319475	-0.838530	0.370831
0.120000	-0.354825	0.851231	-0.168706	0.317156	-0.835859	0.371177
0.140000	-0.354782	0.886970	-0.172147	0.314618	-0.832870	0.371833
0.160000	-0.349470	0.912424	-0.170610	0.311893	-0.829626	0.372797
0.180000	-0.338055	0.923495	-0.162183	0.309015	-0.826187	0.374062
0.200000	-0.319927	0.916736	-0.145282	0.306019	-0.822614	0.375623
0.220000	-0.295872	0.892700	-0.120345	0.302946	-0.818972	0.377462
0.240000	-0.267208	0.853466	-0.088580	0.299843	-0.815323	0.379555
0.260000	-0.235254	0.801119	-0.051196	0.296754	-0.811733	0.381879
0.280000	-0.201329	0.737740	-0.009401	0.293726	-0.808267	0.384413
0.300000	-0.166753	0.665411	0.035594	0.290803	-0.804989	0.387133
0.320000	-0.132844	0.586217	0.082580	0.288032	-0.801964	0.390017
0.340000	-0.100921	0.502239	0.130348	0.285457	-0.799256	0.393042
0.360000	-0.072304	0.415561	0.177688	0.283125	-0.796929	0.396186
0.380000	-0.048313	0.328264	0.223392	0.281081	-0.795049	0.399424
0.400000	-0.030265	0.242432	0.266249	0.279371	-0.793679	0.402736
0.420000	-0.019479	0.160147	0.305051	0.278039	-0.792885	0.406098
0.440000	-0.017276	0.083492	0.338588	0.277132	-0.792730	0.409487
0.460000	-0.024975	0.014550	0.365651	0.276695	-0.793281	0.412880
0.480000	-0.043893	-0.044596	0.385031	0.276773	-0.794600	0.416256
0.500000	-0.075351	-0.091865	0.395518	0.277413	-0.796752	0.419591
0.520000	-0.120525	-0.125294	0.395985	0.278653	-0.799792	0.422861
0.540000	-0.178489	-0.144711	0.386542	0.280443	-0.803614	0.426014
0.560000	-0.246710	-0.151308	0.368235	0.282665	-0.807994	0.428980
0.580000	-0.322616	-0.146315	0.342136	0.285197	-0.812702	0.431686
0.600000	-0.403634	-0.130958	0.309319	0.287919	-0.817509	0.434060
0.620000	-0.487190	-0.106466	0.270854	0.290711	-0.822187	0.436030
0.640000	-0.570712	-0.074066	0.227814	0.293452	-0.826507	0.437525
0.660000	-0.651627	-0.034985	0.181271	0.296021	-0.830240	0.438472
0.680000	-0.727362	0.009547	0.132297	0.298298	-0.833158	0.438800
0.700000	-0.795345	0.058304	0.081965	0.300162	-0.835031	0.438436
0.720000	-0.853003	0.110057	0.031346	0.301493	-0.835632	0.437309
0.740000	-0.897762	0.163579	-0.018488	0.302169	-0.834731	0.435347
0.760000	-0.927050	0.217642	-0.066465	0.302071	-0.832099	0.432477
0.780000	-0.938294	0.271018	-0.111512	0.301077	-0.827508	0.428628
0.800000	-0.928921	0.322480	-0.152558	0.299067	-0.820730	0.423727
0.820000	-0.896358	0.370799	-0.188530	0.295921	-0.811534	0.417704
0.840000	-0.838934	0.414883	-0.218514	0.291559	-0.799784	0.410524
0.860000	-0.759431	0.454303	-0.242378	0.286103	-0.785791	0.402341
0.880000	-0.662005	0.488836	-0.260229	0.279739	-0.770004	0.393371
0.900000	-0.550811	0.518261	-0.272177	0.272652	-0.752873	0.383827
0.920000	-0.430006	0.542353	-0.278329	0.265026	-0.734848	0.373921
0.940000	-0.303746	0.560890	-0.278793	0.257047	-0.716377	0.363868
0.960000	-0.176187	0.573650	-0.273678	0.248901	-0.697912	0.353880
0.980000	-0.051485	0.580409	-0.263092	0.240771	-0.679901	0.344173
1.000000	0.066204	0.580945	-0.247143	0.232844	-0.662794	0.334958
1.020000	0.172723	0.575035	-0.225939	0.225304	-0.647041	0.326451
1.040000	0.263917	0.562456	-0.199589	0.218336	-0.633091	0.318863
1.060000	0.335630	0.542985	-0.168201	0.212126	-0.621395	0.312409
1.080000	0.383705	0.516400	-0.131883	0.206859	-0.612401	0.307302
1.100000	0.403987	0.482477	-0.090743	0.202720	-0.606560	0.303757
1.120000	0.392319	0.440994	-0.044890	0.199893	-0.604321	0.301985
1.140000	0.344544	0.391728	0.005569	0.198565	-0.606134	0.302202
1.160000	0.256991	0.334573	0.060468	0.198903	-0.612401	0.304598
1.180000	0.131417	0.270733	0.119011	0.200886	-0.623004	0.309122
1.200000	-0.027000	0.202235	0.180002	0.204376	-0.637495	0.315569
1.220000	-0.213029	0.131123	0.242239	0.209231	-0.655418	0.323730
1.240000	-0.421439	0.059437	0.304520	0.215310	-0.676322	0.333398
1.260000	-0.646997	-0.010781	0.365644	0.222471	-0.699752	0.344365
1.280000	-0.884472	-0.077489	0.424408	0.230574	-0.725254	0.356424
1.300000	-1.128634	-0.138645	0.479611	0.239476	-0.752375	0.369365
1.320000	-1.374250	-0.192209	0.530050	0.249037	-0.780662	0.382982
1.340000	-1.616090	-0.236138	0.574525	0.259115	-0.809661	0.397067
1.360000	-1.848922	-0.268390	0.611832	0.269569	-0.838917	0.411412
1.380000	-2.067514	-0.286925	0.640771	0.280257	-0.867978	0.425810
1.400000	-2.266635	-0.289700	0.660140	0.291039	-0.896390	0.440051
1.420000	-2.441054	-0.274674	0.668735	0.301773	-0.923699	0.453929
1.440000	-2.585539	-0.239805	0.665357	0.312318	-0.949452	0.467236
1.460000	-2.694859	-0.183052	0.648802	0.322532	-0.973195	0.479763
1.480000	-2.765200	-0.103263	0.618346	0.332287	-0.994551	0.491325
1.500000	-2.798381	-0.002824	0.575156	0.341500	-1.013444	0.501819
1.520000	-2.797617	0.115001	0.520871	0.350104	-1.029875	0.511164
1.540000	-2.766125	0.246949	0.457130	0.358028	-1.043843	0.519278
1.560000	-2.707122	0.389755	0.385569	0.365204	-1.055349	0.526079
1.580000	-2.623825	0.540155	0.307828	0.371562	-1.064393	0.531487
1.600000	-2.519450	0.694886	0.225545	0.377033	-1.070975	0.535420
1.620000	-2.397213	0.850684	0.140358	0.381548	-1.075094	0.537797
1.640000	-2.260331	1.004284	0.053906	0.385038	-1.076752	0.538536
1.660000	-2.112021	1.152423	-0.032175	0.387434	-1.075948	0.537555
1.680000	-1.955499	1.291837	-0.116244	0.388666	-1.072682	0.534774
1.700000	-1.793983	1.419261	-0.196665	0.388665	-1.066955	0.530111
1.720000	-1.630687	1.531433	-0.271798	0.387362	-1.058765	0.523485
1.740000	-1.468830	1.625087	-0.340006	0.384688	-1.048115	0.514814
1.760000	-1.311627	1.696961	-0.399650	0.380574	-1.035002	0.504017
1.780000	-1.161886	1.744496	-0.449413	0.374985	-1.019471	0.491062
1.800000	-1.020261	1.768852	-0.489659	0.368073	-1.001788	0.476184
1.820000	-0.886700	1.772403	-0.521303	0.360048	-0.982291	0.459700
1.840000	-0.761152	1.757524	-0.545264	0.351122	-0.961322	0.441931
1.860000	-0.643566	1.726593	-0.562457	0.341506	-0.939219	0.423196
1.880000	-0.533891	1.681984	-0.573798	0.331412	-0.916323	0.403814
1.900000	-0.432074	1.626073	-0.580205	0.321050	-0.892972	0.384106
1.920000	-0.338065	1.561236	-0.582594	0.310632	-0.869508	0.364390
1.940000	-0.251812	1.489850	-0.581880	0.300370	-0.846268	0.344986
1.960000	-0.173263	1.414289	-0.578981	0.290474	-0.823594	0.326214
1.980000	-0.102367	1.336929	-0.574813	0.281156	-0.801825	0.308393
2.000000	-0.039073	1.260147	-0.570292	0.272627	-0.781301	0.291843
2.020000	0.016671	1.186318	-0.566335	0.265098	-0.762361	0.276882
2.040000	0.064917	1.117817	-0.563859	0.258781	-0.745344	0.263832
2.060000	0.105715	1.057022	-0.563780	0.253887	-0.730592	0.253010
2.080000	0.139117	1.006306	-0.567014	0.250627	-0.718443	0.244737
2.100000	0.165176	0.968047	-0.574477	0.249213	-0.709237	0.239333
2.120000	0.183943	0.944528	-0.587048	0.249846	-0.703301	0.237102
2.140000	0.195526	0.935864	-0.604670	0.252514	-0.700640	0.238043
