0.000000	-0.881857	1.100453	-0.629452	0.272643	-0.850573	0.277897
0.020000	-0.819405	1.028808	-0.650871	0.274053	-0.854440	0.280219
0.040000	-0.734006	0.949744	-0.665921	0.275634	-0.857280	0.282574
0.060000	-0.625510	0.864233	-0.674340	0.277363	-0.858987	0.284930
0.080000	-0.497261	0.773617	-0.676537	0.279214	-0.859687	0.287272
0.100000	-0.353164	0.679301	-0.673023	0.281156	-0.859544	0.289588
0.120000	-0.197119	0.582687	-0.664313	0.283160	-0.858723	0.291866
0.140000	-0.033031	0.485180	-0.650919	0.285196	-0.857386	0.294095
0.160000	0.135198	0.388183	-0.633355	0.287234	-0.855698	0.296263
0.180000	0.303664	0.293100	-0.612135	0.289246	-0.853823	0.298358
0.200000	0.468465	0.201335	-0.587770	0.291200	-0.851924	0.300369
0.220000	0.625699	0.114290	-0.560776	0.293069	-0.850165	0.302283
0.240000	0.771461	0.033370	-0.531665	0.294822	-0.848710	0.304089
0.260000	0.901849	-0.040022	-0.500951	0.296429	-0.847724	0.305776
0.280000	1.012960	-0.104483	-0.469146	0.297862	-0.847368	0.307331
0.300000	1.100891	-0.158608	-0.436765	0.299090	-0.847809	0.308743
0.320000	1.161739	-0.200994	-0.404320	0.300084	-0.849208	0.310000
0.340000	1.191602	-0.230237	-0.372325	0.300814	-0.851731	0.311090
0.360000	1.188068	-0.245576	-0.341186	0.301257	-0.855459	0.311996
0.380000	1.153797	-0.248430	-0.310938	0.301414	-0.860190	0.312680
0.400000	1.092522	-0.240679	-0.281543	0.301287	-0.865667	0.313098
0.420000	1.007980	-0.224207	-0.252960	0.300882	-0.871628	0.313210
0.440000	0.903906	-0.200895	-0.225148	0.300203	-0.877816	0.312972
0.460000	0.784035	-0.172624	-0.198067	0.299253	-0.883969	0.312342
0.480000	0.652103	-0.141277	-0.171676	0.298038	-0.889830	0.311277
0.500000	0.511844	-0.108736	-0.145935	0.296562	-0.895137	0.309736
0.520000	0.366994	-0.076882	-0.120804	0.294828	-0.899632	0.307676
0.540000	0.221289	-0.047597	-0.096241	0.292842	-0.903055	0.305054
0.560000	0.078462	-0.022764	-0.072208	0.290607	-0.905147	0.301828
0.580000	-0.057749	-0.004263	-0.048662	0.288128	-0.905647	0.297956
0.600000	-0.183611	0.006023	-0.025564	0.285409	-0.904297	0.293395
0.620000	-0.295387	0.006213	-0.002874	0.282454	-0.900837	0.288103
0.640000	-0.389343	-0.005576	0.019450	0.279268	-0.895006	0.282038
0.660000	-0.461743	-0.031226	0.041447	0.275854	-0.886547	0.275156
0.680000	-0.509536	-0.072192	0.063142	0.272224	-0.875266	0.267437
0.700000	-0.534717	-0.126790	0.084431	0.268424	-0.861468	0.259012
0.720000	-0.541544	-0.191932	0.105156	0.264521	-0.845679	0.250079
0.740000	-0.534280	-0.264520	0.125157	0.260582	-0.828427	0.240838
0.760000	-0.517193	-0.341458	0.144276	0.256672	-0.810240	0.231489
0.780000	-0.494548	-0.419650	0.162354	0.252857	-0.791645	0.222232
0.800000	-0.470611	-0.496000	0.179231	0.249205	-0.773170	0.213265
0.820000	-0.449649	-0.567412	0.194749	0.245780	-0.755343	0.204790
0.840000	-0.435927	-0.630788	0.208748	0.242649	-0.738690	0.197004
0.860000	-0.433712	-0.683033	0.221070	0.239878	-0.723741	0.190109
0.880000	-0.447269	-0.721050	0.231555	0.237533	-0.711023	0.184303
0.900000	-0.480864	-0.741743	0.240044	0.235681	-0.701062	0.179787
0.920000	-0.538763	-0.742016	0.246378	0.234387	-0.694387	0.176759
0.940000	-0.625233	-0.718772	0.250399	0.233718	-0.691526	0.175419
0.960000	-0.744539	-0.668916	0.251946	0.233740	-0.693006	0.175968
0.980000	-0.900345	-0.589787	0.250888	0.234510	-0.699291	0.178576
1.000000	-1.090246	-0.483116	0.247352	0.235997	-0.710207	0.183143
1.020000	-1.308332	-0.353175	0.241620	0.238118	-0.725209	0.189406
1.040000	-1.548649	-0.204264	0.233973	0.240790	-0.743747	0.197104
1.060000	-1.805246	-0.040685	0.224694	0.243930	-0.765274	0.205972
1.080000	-2.072167	0.133262	0.214065	0.247454	-0.789241	0.215747
1.100000	-2.343461	0.313276	0.202367	0.251280	-0.815098	0.226168
1.120000	-2.613174	0.495055	0.189884	0.255325	-0.842297	0.236969
1.140000	-2.875352	0.674298	0.176897	0.259504	-0.870289	0.247890
1.160000	-3.124043	0.846705	0.163688	0.263735	-0.898525	0.258666
1.180000	-3.353293	1.007974	0.150540	0.267936	-0.926456	0.269034
1.200000	-3.557149	1.153804	0.137735	0.272021	-0.953534	0.278732
1.220000	-3.729658	1.279894	0.125555	0.275909	-0.979209	0.287496
1.240000	-3.864866	1.381943	0.114282	0.279517	-1.002934	0.295063
1.260000	-3.956820	1.455649	0.104199	0.282760	-1.024158	0.301170
1.280000	-3.999568	1.496713	0.095587	0.285556	-1.042334	0.305555
1.300000	-3.987332	1.500958	0.088718	0.287824	-1.056925	0.307962
1.320000	-3.919463	1.467854	0.083578	0.289545	-1.067801	0.308360
1.340000	-3.801093	1.400986	0.079825	0.290773	-1.075284	0.306972
1.360000	-3.637670	1.304157	0.077101	0.291563	-1.079721	0.304037
1.380000	-3.434636	1.181173	0.075048	0.291972	-1.081460	0.299789
1.400000	-3.197438	1.035837	0.073309	0.292056	-1.080847	0.294467
1.420000	-2.931521	0.871956	0.071524	0.291871	-1.078231	0.288307
1.440000	-2.642328	0.693333	0.069336	0.291475	-1.073957	0.281547
1.460000	-2.335305	0.503773	0.066387	0.290923	-1.068374	0.274422
1.480000	-2.015897	0.307081	0.062319	0.290272	-1.061828	0.267170
1.500000	-1.689549	0.107061	0.056773	0.289578	-1.054667	0.260028
1.520000	-1.361706	-0.092482	0.049391	0.288897	-1.047237	0.253232
1.540000	-1.037812	-0.287743	0.039816	0.288287	-1.039887	0.247020
1.560000	-0.723313	-0.474918	0.027689	0.287802	-1.032963	0.241628
1.580000	-0.423653	-0.650202	0.012652	0.287500	-1.026813	0.237293
1.600000	-0.144278	-0.809791	-0.005653	0.287438	-1.021784	0.234252
1.620000	0.109377	-0.949885	-0.027583	0.287670	-1.018221	0.232742
1.640000	0.333823	-1.067946	-0.053251	0.288224	-1.016299	0.232869
1.660000	0.529922	-1.164252	-0.082228	0.289057	-1.015802	0.234454
1.680000	0.699123	-1.239462	-0.114011	0.290117	-1.016463	0.237275
1.700000	0.842877	-1.294232	-0.148094	0.291355	-1.018015	0.241114
1.720000	0.962634	-1.329224	-0.183975	0.292718	-1.020190	0.245751
1.740000	1.059845	-1.345094	-0.221151	0.294155	-1.022722	0.250966
1.760000	1.135960	-1.342502	-0.259116	0.295616	-1.025342	0.256539
1.780000	1.192429	-1.322106	-0.297369	0.297049	-1.027785	0.262251
1.800000	1.230703	-1.284565	-0.335405	0.298403	-1.029782	0.267882
1.820000	1.252232	-1.230538	-0.372720	0.299627	-1.031066	0.273211
1.840000	1.258467	-1.160683	-0.408812	0.300669	-1.031371	0.278020
1.860000	1.250857	-1.075659	-0.443175	0.301478	-1.030428	0.282089
1.880000	1.230854	-0.976125	-0.475308	0.302004	-1.027971	0.285197
1.900000	1.199907	-0.862739	-0.504705	0.302195	-1.023732	0.287126
1.920000	1.159467	-0.736160	-0.530864	0.302000	-1.017444	0.287655
1.940000	1.110969	-0.597083	-0.553294	0.301370	-1.008855	0.286574
1.960000	1.055551	-0.446963	-0.571768	0.300309	-0.998004	0.283877
1.980000	0.994070	-0.287961	-0.586308	0.298869	-0.985209	0.279745
2.000000	0.927371	-0.122267	-0.596945	0.297104	-0.970794	0.274367
2.020000	0.856301	0.047931	-0.603708	0.295069	-0.955086	0.267932
2.040000	0.781706	0.220442	-0.606629	0.292818	-0.938411	0.260629
2.060000	0.704434	0.393079	-0.605737	0.290405	-0.921095	0.252648
2.080000	0.625330	0.563652	-0.601065	0.287884	-0.903464	0.244177
2.100000	0.545241	0.729972	-0.592642	0.285309	-0.885844	0.235405
2.120000	0.465014	0.889849	-0.580498	0.282735	-0.868561	0.226522
2.140000	0.385493	1.041096	-0.564665	0.280215	-0.851941	0.217716
2.160000	0.307527	1.181521	-0.545173	0.277804	-0.836311	0.209177
2.180000	0.231962	1.308938	-0.522052	0.275557	-0.821996	0.201094
2.200000	0.159643	1.421155	-0.495333	0.273527	-0.809322	0.193656
2.220000	0.091418	1.515985	-0.465047	0.271768	-0.798616	0.187051
2.240000	0.028132	1.591238	-0.431224	0.270336	-0.790204	0.181469
2.260000	-0.029367	1.644724	-0.393894	0.269283	-0.784411	0.177099
2.280000	-0.080346	1.674542	-0.353131	0.268657	-0.781529	0.174112
2.300000	-0.125257	1.681823	-0.309450	0.268438	-0.781481	0.172479
2.320000	-0.165271	1.669533	-0.263634	0.268561	-0.783971	0.172054
2.340000	-0.201566	1.640664	-0.216470	0.268962	-0.788696	0.172687
2.360000	-0.235324	1.598206	-0.168746	0.269577	-0.795356	0.174231
2.380000	-0.267725	1.545150	-0.121249	0.270342	-0.803649	0.176536
2.400000	-0.299947	1.484487	-0.074765	0.271193	-0.813274	0.179452
2.420000	-0.333171	1.419209	-0.030083	0.272066	-0.823930	0.182833
2.440000	-0.368577	1.352306	0.012011	0.272896	-0.835317	0.186528
2.460000	-0.407345	1.286769	0.050730	0.273619	-0.847132	0.190389
2.480000	-0.450655	1.225589	0.085287	0.274172	-0.859074	0.194267
2.500000	-0.499687	1.171757	0.114893	0.274490	-0.870844	0.198013
2.520000	-0.555620	1.128265	0.138763	0.274509	-0.882138	0.201479
