0.000000	0.518060	0.335280	-0.999933	0.274356	-0.865066	0.182301
0.020000	0.439280	0.382745	-1.076123	0.278039	-0.867450	0.188707
0.040000	0.350192	0.436111	-1.146141	0.282005	-0.869554	0.195032
0.060000	0.253277	0.493750	-1.209435	0.286173	-0.871422	0.201251
0.080000	0.151019	0.554032	-1.265453	0.290464	-0.873097	0.207335
0.100000	0.045899	0.615325	-1.313643	0.294799	-0.874622	0.213258
0.120000	-0.059600	0.676002	-1.353454	0.299097	-0.876038	0.218990
0.140000	-0.162997	0.734430	-1.384333	0.303281	-0.877390	0.224506
0.160000	-0.261809	0.788981	-1.405729	0.307269	-0.878720	0.229776
0.180000	-0.353554	0.838025	-1.417090	0.310982	-0.880071	0.234775
0.200000	-0.435750	0.879931	-1.417863	0.314342	-0.881486	0.239474
0.220000	-0.505914	0.913070	-1.407497	0.317268	-0.883008	0.243845
0.240000	-0.561565	0.935811	-1.385441	0.319680	-0.884679	0.247861
0.260000	-0.600221	0.946525	-1.351141	0.321500	-0.886543	0.251496
0.280000	-0.619398	0.943582	-1.304047	0.322647	-0.888642	0.254720
0.300000	-0.616615	0.925351	-1.243606	0.323043	-0.891020	0.257507
0.320000	-0.589724	0.890409	-1.169398	0.322615	-0.893710	0.259830
0.340000	-0.540263	0.839613	-1.082454	0.321381	-0.896660	0.261687
0.360000	-0.472069	0.775238	-0.984709	0.319410	-0.899758	0.263088
0.380000	-0.389012	0.699582	-0.878114	0.316774	-0.902895	0.264041
0.400000	-0.294960	0.614941	-0.764615	0.313547	-0.905960	0.264559
0.420000	-0.193785	0.523614	-0.646163	0.309799	-0.908842	0.264650
0.440000	-0.089357	0.427896	-0.524707	0.305602	-0.911430	0.264325
0.460000	0.014456	0.330086	-0.402194	0.301028	-0.913615	0.263595
0.480000	0.113783	0.232481	-0.280575	0.296149	-0.915285	0.262468
0.500000	0.204753	0.137377	-0.161798	0.291037	-0.916331	0.260956
0.520000	0.283498	0.047072	-0.047812	0.285763	-0.916640	0.259069
0.540000	0.346148	-0.036136	0.059434	0.280400	-0.916103	0.256817
0.560000	0.388831	-0.109951	0.157991	0.275019	-0.914610	0.254210
0.580000	0.407679	-0.172076	0.245910	0.269692	-0.912049	0.251257
0.600000	0.398821	-0.220213	0.321243	0.264491	-0.908309	0.247970
0.620000	0.358388	-0.252065	0.382039	0.259488	-0.903282	0.244359
0.640000	0.283850	-0.266119	0.426939	0.254747	-0.896917	0.240443
0.660000	0.177929	-0.263939	0.456884	0.250298	-0.889414	0.236280
0.680000	0.044634	-0.247841	0.473380	0.246166	-0.881032	0.231935
0.700000	-0.112027	-0.220141	0.477932	0.242374	-0.872027	0.227476
0.720000	-0.288043	-0.183155	0.472048	0.238947	-0.862658	0.222969
0.740000	-0.479408	-0.139200	0.457232	0.235907	-0.853184	0.218481
0.760000	-0.682111	-0.090591	0.434991	0.233278	-0.843864	0.214078
0.780000	-0.892144	-0.039645	0.406831	0.231085	-0.834954	0.209827
0.800000	-1.105498	0.011321	0.374258	0.229350	-0.826713	0.205794
0.820000	-1.318164	0.059992	0.338778	0.228097	-0.819401	0.202045
0.840000	-1.526133	0.104051	0.301897	0.227351	-0.813274	0.198648
0.860000	-1.725397	0.141181	0.265120	0.227134	-0.808592	0.195668
0.880000	-1.911947	0.169068	0.229955	0.227471	-0.805612	0.193172
0.900000	-2.081773	0.185394	0.197906	0.228385	-0.804593	0.191227
0.920000	-2.230868	0.187843	0.170480	0.229899	-0.805793	0.189899
0.940000	-2.355221	0.174099	0.149183	0.232038	-0.809471	0.189255
0.960000	-2.451259	0.142196	0.135354	0.234819	-0.815844	0.189351
0.980000	-2.519150	0.093194	0.128886	0.238200	-0.824795	0.190155
1.000000	-2.560974	0.029698	0.128936	0.242110	-0.836031	0.191592
1.020000	-2.578828	-0.045675	0.134655	0.246480	-0.849258	0.193584
1.040000	-2.574807	-0.130309	0.145194	0.251238	-0.864184	0.196054
1.060000	-2.551008	-0.221587	0.159703	0.256313	-0.880513	0.198926
1.080000	-2.509526	-0.316890	0.177333	0.261634	-0.897954	0.202124
1.100000	-2.452457	-0.413603	0.197234	0.267131	-0.916212	0.205569
1.120000	-2.381898	-0.509107	0.218557	0.272732	-0.934994	0.209186
1.140000	-2.299945	-0.600787	0.240453	0.278368	-0.954007	0.212898
1.160000	-2.208692	-0.686024	0.262072	0.283966	-0.972957	0.216628
1.180000	-2.110238	-0.762203	0.282564	0.289457	-0.991550	0.220300
1.200000	-2.006677	-0.826705	0.301082	0.294768	-1.009493	0.223836
1.220000	-1.900105	-0.876913	0.316774	0.299831	-1.026492	0.227159
1.240000	-1.792618	-0.910212	0.328793	0.304572	-1.042255	0.230194
1.260000	-1.686313	-0.923983	0.336288	0.308923	-1.056486	0.232863
1.280000	-1.582862	-0.916700	0.338665	0.312824	-1.068972	0.235104
1.300000	-1.482599	-0.890279	0.336140	0.316256	-1.079739	0.236902
1.320000	-1.385599	-0.847313	0.329084	0.319208	-1.088865	0.238252
1.340000	-1.291932	-0.790392	0.317870	0.321668	-1.096426	0.239147
1.360000	-1.201671	-0.722112	0.302872	0.323626	-1.102500	0.239581
1.380000	-1.114889	-0.645063	0.284461	0.325069	-1.107161	0.239549
1.400000	-1.031658	-0.561839	0.263011	0.325987	-1.110489	0.239044
1.420000	-0.952050	-0.475032	0.238895	0.326367	-1.112558	0.238060
1.440000	-0.876137	-0.387235	0.212484	0.326199	-1.113445	0.236592
1.460000	-0.803993	-0.301041	0.184152	0.325472	-1.113228	0.234634
1.480000	-0.735689	-0.219042	0.154272	0.324173	-1.111982	0.232179
1.500000	-0.671297	-0.143831	0.123217	0.322292	-1.109786	0.229222
1.520000	-0.610890	-0.078000	0.091359	0.319817	-1.106714	0.225757
1.540000	-0.554541	-0.024142	0.059070	0.316737	-1.102844	0.221777
1.560000	-0.502321	0.015150	0.026725	0.313040	-1.098253	0.217278
1.580000	-0.454299	0.037338	-0.005307	0.308716	-1.093016	0.212252
1.600000	-0.410402	0.041923	-0.036692	0.303798	-1.087201	0.206725
1.620000	-0.370375	0.031019	-0.067154	0.298371	-1.080859	0.200755
1.640000	-0.333949	0.006905	-0.096415	0.292527	-1.074044	0.194405
1.660000	-0.300857	-0.028136	-0.124201	0.286355	-1.066807	0.187735
1.680000	-0.270833	-0.071821	-0.150235	0.279946	-1.059201	0.180809
1.700000	-0.243610	-0.121870	-0.174243	0.273389	-1.051277	0.173688
1.720000	-0.218919	-0.176001	-0.195949	0.266776	-1.043087	0.166434
1.740000	-0.196494	-0.231931	-0.215076	0.260195	-1.034685	0.159108
1.760000	-0.176067	-0.287379	-0.231350	0.253737	-1.026121	0.151773
1.780000	-0.157371	-0.340062	-0.244495	0.247493	-1.017449	0.144491
1.800000	-0.140140	-0.387700	-0.254235	0.241552	-1.008720	0.137323
1.820000	-0.124104	-0.428010	-0.260295	0.236005	-0.999987	0.130332
1.840000	-0.108999	-0.458711	-0.262399	0.230942	-0.991301	0.123579
1.860000	-0.094555	-0.477520	-0.260272	0.226452	-0.982714	0.117127
1.880000	-0.080506	-0.482155	-0.253638	0.222627	-0.974280	0.111036
1.900000	-0.066585	-0.470338	-0.242222	0.219556	-0.966050	0.105370
1.920000	-0.052622	-0.440808	-0.226094	0.217290	-0.958070	0.100177
1.940000	-0.038699	-0.394914	-0.206205	0.215777	-0.950371	0.095472
1.960000	-0.024935	-0.334411	-0.183645	0.214949	-0.942981	0.091267
1.980000	-0.011451	-0.261060	-0.159505	0.214741	-0.935930	0.087572
2.000000	0.001634	-0.176617	-0.134873	0.215083	-0.929245	0.084399
2.020000	0.014199	-0.082840	-0.110840	0.215909	-0.922956	0.081757
2.040000	0.026123	0.018512	-0.088497	0.217152	-0.917091	0.079657
2.060000	0.037288	0.125682	-0.068932	0.218744	-0.911678	0.078111
2.080000	0.047573	0.236911	-0.053235	0.220618	-0.906746	0.077128
2.100000	0.056857	0.350443	-0.042498	0.222706	-0.902323	0.076719
2.120000	0.065021	0.464518	-0.037809	0.224942	-0.898438	0.076896
2.140000	0.071944	0.577380	-0.040258	0.227257	-0.895120	0.077669
2.160000	0.077507	0.687269	-0.050936	0.229585	-0.892396	0.079048
2.180000	0.081588	0.792429	-0.070933	0.231858	-0.890297	0.081044
2.200000	0.084069	0.891101	-0.101337	0.234009	-0.888849	0.083668
2.220000	0.084955	0.981824	-0.142711	0.235986	-0.888067	0.086922
2.240000	0.084676	1.064130	-0.193840	0.237788	-0.887908	0.090772
2.260000	0.083749	1.137758	-0.253140	0.239426	-0.888323	0.095181
2.280000	0.082694	1.202449	-0.319026	0.240912	-0.889259	0.100110
2.300000	0.082028	1.257942	-0.389914	0.242254	-0.890666	0.105520
2.320000	0.082270	1.303978	-0.464217	0.243465	-0.892491	0.111374
2.340000	0.083937	1.340297	-0.540352	0.244553	-0.894683	0.117632
2.360000	0.087548	1.366638	-0.616734	0.245531	-0.897190	0.124256
2.380000	0.093620	1.382741	-0.691778	0.246408	-0.899962	0.131207
2.400000	0.102674	1.388347	-0.763898	0.247196	-0.902947	0.138447
2.420000	0.115225	1.383195	-0.831511	0.247904	-0.906092	0.145937
2.440000	0.131793	1.367025	-0.893030	0.248543	-0.909348	0.153639
2.460000	0.152896	1.339578	-0.946873	0.249124	-0.912662	0.161514
