0.000000	1.305400	1.184836	-0.624186	0.220679	-0.761237	0.159036
0.020000	1.268212	1.221193	-0.631878	0.218169	-0.763235	0.161498
0.040000	1.220947	1.257891	-0.634280	0.216233	-0.767698	0.164801
0.060000	1.165243	1.293593	-0.631879	0.214859	-0.774329	0.168861
0.080000	1.102740	1.326959	-0.625162	0.214033	-0.782829	0.173593
0.100000	1.035076	1.356650	-0.614616	0.213744	-0.792901	0.178913
0.120000	0.963891	1.381330	-0.600727	0.213976	-0.804247	0.184735
0.140000	0.890825	1.399658	-0.583984	0.214719	-0.816569	0.190977
0.160000	0.817516	1.410296	-0.564873	0.215958	-0.829570	0.197552
0.180000	0.745603	1.411905	-0.543880	0.217680	-0.842950	0.204377
0.200000	0.676726	1.403147	-0.521494	0.219873	-0.856413	0.211367
0.220000	0.612524	1.382684	-0.498201	0.222523	-0.869660	0.218438
0.240000	0.554636	1.349176	-0.474489	0.225618	-0.882394	0.225505
0.260000	0.504702	1.301285	-0.450843	0.229144	-0.894316	0.232484
0.280000	0.464360	1.237672	-0.427752	0.233088	-0.905130	0.239290
0.300000	0.435235	1.157015	-0.405699	0.237437	-0.914538	0.245840
0.320000	0.417904	1.059289	-0.384955	0.242149	-0.922368	0.252065
0.340000	0.411167	0.946653	-0.365428	0.247131	-0.928659	0.257927
0.360000	0.413655	0.821475	-0.346991	0.252289	-0.933466	0.263389
0.380000	0.424000	0.686128	-0.329518	0.257525	-0.936847	0.268416
0.400000	0.440833	0.542979	-0.312882	0.262744	-0.938860	0.272971
0.420000	0.462785	0.394400	-0.296957	0.267849	-0.939562	0.277019
0.440000	0.488485	0.242761	-0.281615	0.272745	-0.939011	0.280523
0.460000	0.516567	0.090431	-0.266731	0.277335	-0.937263	0.283447
0.480000	0.545660	-0.060220	-0.252178	0.281524	-0.934377	0.285754
0.500000	0.574396	-0.206821	-0.237829	0.285214	-0.930409	0.287410
0.520000	0.601405	-0.347003	-0.223558	0.288311	-0.925417	0.288377
0.540000	0.625319	-0.478396	-0.209239	0.290717	-0.919458	0.288619
0.560000	0.644768	-0.598629	-0.194744	0.292337	-0.912590	0.288101
0.580000	0.658384	-0.705334	-0.179947	0.293074	-0.904869	0.286786
0.600000	0.664800	-0.796144	-0.164722	0.292833	-0.896355	0.284638
0.620000	0.663017	-0.869761	-0.149020	0.291583	-0.887134	0.281662
0.640000	0.652841	-0.927200	-0.132960	0.289430	-0.877364	0.277954
0.660000	0.634182	-0.969783	-0.116683	0.286502	-0.867211	0.273617
0.680000	0.606952	-0.998833	-0.100330	0.282924	-0.856839	0.268760
0.700000	0.571062	-1.015670	-0.084044	0.278823	-0.846416	0.263486
0.720000	0.526423	-1.021617	-0.067963	0.274326	-0.836106	0.257904
0.740000	0.472945	-1.017995	-0.052231	0.269558	-0.826075	0.252118
0.760000	0.410541	-1.006126	-0.036988	0.264646	-0.816488	0.246235
0.780000	0.339120	-0.987332	-0.022375	0.259716	-0.807512	0.240360
0.800000	0.258594	-0.962935	-0.008533	0.254895	-0.799312	0.234600
0.820000	0.168874	-0.934255	0.004396	0.250308	-0.792053	0.229061
0.840000	0.069871	-0.902616	0.016271	0.246082	-0.785902	0.223848
0.860000	-0.038504	-0.869338	0.026951	0.242344	-0.781023	0.219068
0.880000	-0.156339	-0.835744	0.036295	0.239219	-0.777582	0.214826
0.900000	-0.283725	-0.803155	0.044162	0.236835	-0.775746	0.211230
0.920000	-0.420750	-0.772892	0.050411	0.235317	-0.775679	0.208383
0.940000	-0.567475	-0.746257	0.054901	0.234789	-0.777544	0.206392
0.960000	-0.722734	-0.723573	0.057573	0.235285	-0.781349	0.205288
0.980000	-0.883647	-0.703807	0.058472	0.236710	-0.786885	0.205000
1.000000	-1.047209	-0.685823	0.057654	0.238962	-0.793931	0.205452
1.020000	-1.210417	-0.668487	0.055174	0.241937	-0.802262	0.206565
1.040000	-1.370264	-0.650666	0.051088	0.245532	-0.811655	0.208264
1.060000	-1.523747	-0.631225	0.045451	0.249644	-0.821887	0.210470
1.080000	-1.667860	-0.609029	0.038318	0.254169	-0.832735	0.213106
1.100000	-1.799599	-0.582945	0.029743	0.259004	-0.843975	0.216095
1.120000	-1.915959	-0.551838	0.019783	0.264046	-0.855384	0.219360
1.140000	-2.013934	-0.514573	0.008493	0.269192	-0.866739	0.222823
1.160000	-2.090521	-0.470017	-0.004073	0.274337	-0.877817	0.226407
1.180000	-2.142714	-0.417036	-0.017859	0.279380	-0.888393	0.230034
1.200000	-2.167508	-0.354494	-0.032810	0.284216	-0.898246	0.233628
1.220000	-2.161900	-0.281258	-0.048870	0.288743	-0.907151	0.237111
1.240000	-2.122908	-0.196205	-0.065984	0.292858	-0.914887	0.240405
1.260000	-2.049825	-0.099374	-0.084057	0.296503	-0.921357	0.243467
1.280000	-1.945996	0.007134	-0.102923	0.299702	-0.926687	0.246308
1.300000	-1.815185	0.121003	-0.122407	0.302489	-0.931029	0.248948
1.320000	-1.661153	0.239917	-0.142337	0.304895	-0.934532	0.251403
1.340000	-1.487666	0.361561	-0.162538	0.306953	-0.937345	0.253693
1.360000	-1.298485	0.483617	-0.182838	0.308697	-0.939619	0.255836
1.380000	-1.097375	0.603770	-0.203062	0.310157	-0.941504	0.257851
1.400000	-0.888099	0.719704	-0.223038	0.311367	-0.943149	0.259755
1.420000	-0.674420	0.829104	-0.242590	0.312359	-0.944705	0.261567
1.440000	-0.460102	0.929653	-0.261547	0.313166	-0.946321	0.263305
1.460000	-0.248908	1.019035	-0.279734	0.313820	-0.948148	0.264989
1.480000	-0.044601	1.094934	-0.296979	0.314354	-0.950336	0.266635
1.500000	0.149055	1.155035	-0.313106	0.314800	-0.953033	0.268262
1.520000	0.328296	1.197022	-0.327943	0.315191	-0.956392	0.269890
1.540000	0.489361	1.218578	-0.341316	0.315559	-0.960560	0.271535
1.560000	0.628484	1.217387	-0.353052	0.315937	-0.965689	0.273217
1.580000	0.741992	1.191220	-0.362975	0.316356	-0.971922	0.274952
1.600000	0.828847	1.140427	-0.370858	0.316814	-0.979215	0.276710
1.620000	0.891046	1.068324	-0.376412	0.317270	-0.987311	0.278405
1.640000	0.930754	0.978389	-0.379346	0.317681	-0.995940	0.279950
1.660000	0.950135	0.874101	-0.379369	0.318003	-1.004832	0.281256
1.680000	0.951353	0.758940	-0.376189	0.318194	-1.013717	0.282236
1.700000	0.936572	0.636385	-0.369514	0.318210	-1.022324	0.282802
1.720000	0.907956	0.509914	-0.359053	0.318008	-1.030385	0.282865
1.740000	0.867670	0.383007	-0.344515	0.317545	-1.037629	0.282338
1.760000	0.817878	0.259143	-0.325609	0.316778	-1.043786	0.281132
1.780000	0.760744	0.141801	-0.302042	0.315663	-1.048586	0.279160
1.800000	0.698433	0.034460	-0.273523	0.314158	-1.051759	0.276334
1.820000	0.633107	-0.059401	-0.239761	0.312218	-1.053036	0.272564
1.840000	0.566933	-0.136303	-0.200465	0.309802	-1.052146	0.267765
1.860000	0.502073	-0.192767	-0.155342	0.306866	-1.048820	0.261847
1.880000	0.440692	-0.225313	-0.104103	0.303367	-1.042788	0.254722
1.900000	0.384777	-0.230948	-0.046586	0.299273	-1.033829	0.246326
1.920000	0.334886	-0.210576	0.016299	0.294649	-1.022130	0.236779
1.940000	0.290887	-0.166987	0.083131	0.289607	-1.008072	0.226292
1.960000	0.252644	-0.102985	0.152484	0.284259	-0.992038	0.215075
1.980000	0.220020	-0.021371	0.222931	0.278716	-0.974411	0.203339
2.000000	0.192880	0.075053	0.293047	0.273090	-0.955572	0.191295
2.020000	0.171086	0.183485	0.361405	0.267493	-0.935906	0.179154
2.040000	0.154502	0.301122	0.426580	0.262036	-0.915794	0.167128
2.060000	0.142992	0.425162	0.487146	0.256831	-0.895619	0.155426
2.080000	0.136419	0.552803	0.541676	0.251989	-0.875764	0.144259
2.100000	0.134648	0.681244	0.588745	0.247624	-0.856612	0.133840
2.120000	0.137541	0.807681	0.626928	0.243845	-0.838545	0.124378
2.140000	0.144963	0.929312	0.654797	0.240765	-0.821947	0.116084
2.160000	0.156777	1.043336	0.670927	0.238495	-0.807199	0.109169
2.180000	0.172846	1.146950	0.673892	0.237148	-0.794684	0.103845
2.200000	0.193035	1.237353	0.662267	0.236835	-0.784785	0.100321
2.220000	0.217112	1.312460	0.635311	0.237613	-0.777748	0.098724
2.240000	0.244569	1.372318	0.594317	0.239379	-0.773408	0.098925
2.260000	0.274844	1.417371	0.540955	0.242000	-0.771526	0.100749
2.280000	0.307378	1.448061	0.476898	0.245342	-0.771862	0.104020
2.300000	0.341609	1.464829	0.403814	0.249274	-0.774178	0.108563
2.320000	0.376976	1.468118	0.323374	0.253661	-0.778234	0.114203
2.340000	0.412918	1.458372	0.237250	0.258370	-0.783791	0.120765
2.360000	0.448874	1.436031	0.147110	0.263269	-0.790609	0.128072
2.380000	0.484284	1.401538	0.054627	0.268223	-0.798448	0.135951
2.400000	0.518587	1.355336	-0.038531	0.273101	-0.807070	0.144224
2.420000	0.551221	1.297867	-0.130691	0.277768	-0.816236	0.152719
2.440000	0.581627	1.229573	-0.220185	0.282092	-0.825705	0.161257
2.460000	0.609242	1.150897	-0.305341	0.285940	-0.835238	0.169666
2.480000	0.633507	1.062281	-0.384488	0.289178	-0.844597	0.177768
2.500000	0.653860	0.964167	-0.455957	0.291674	-0.853541	0.185390
