0.000000	0.159980	0.183616	-0.062795	0.310270	-0.847459	0.182643
0.020000	0.150618	0.184217	-0.098155	0.314627	-0.854689	0.187257
0.040000	0.144052	0.193141	-0.137097	0.318214	-0.861234	0.192371
0.060000	0.140131	0.211064	-0.179316	0.320947	-0.866943	0.197970
0.080000	0.138453	0.236784	-0.223973	0.322871	-0.871847	0.203977
0.100000	0.138580	0.268829	-0.270153	0.324054	-0.876001	0.210306
0.120000	0.140077	0.305727	-0.316943	0.324560	-0.879462	0.216874
0.140000	0.142506	0.346008	-0.363426	0.324455	-0.882284	0.223595
0.160000	0.145430	0.388198	-0.408688	0.323805	-0.884524	0.230383
0.180000	0.148412	0.430826	-0.451815	0.322674	-0.886238	0.237155
0.200000	0.151016	0.472421	-0.491892	0.321130	-0.887482	0.243824
0.220000	0.152804	0.511511	-0.528004	0.319237	-0.888310	0.250307
0.240000	0.153340	0.546625	-0.559237	0.317060	-0.888780	0.256517
0.260000	0.152187	0.576290	-0.584675	0.314666	-0.888947	0.262369
0.280000	0.148907	0.599034	-0.603404	0.312120	-0.888867	0.267780
0.300000	0.143064	0.613387	-0.614510	0.309488	-0.888596	0.272663
0.320000	0.134221	0.617877	-0.617077	0.306834	-0.888189	0.276933
0.340000	0.121941	0.611031	-0.610191	0.304226	-0.887703	0.280506
0.360000	0.105797	0.591449	-0.592986	0.301726	-0.887191	0.283300
0.380000	0.085575	0.559267	-0.565700	0.299366	-0.886680	0.285296
0.400000	0.061269	0.516132	-0.529645	0.297146	-0.886167	0.286541
0.420000	0.032885	0.463756	-0.486181	0.295063	-0.885646	0.287082
0.440000	0.000426	0.403848	-0.436667	0.293117	-0.885114	0.286969
0.460000	-0.036104	0.338119	-0.382463	0.291304	-0.884567	0.286249
0.480000	-0.076701	0.268278	-0.324927	0.289624	-0.884000	0.284971
0.500000	-0.121361	0.196035	-0.265420	0.288074	-0.883410	0.283183
0.520000	-0.170080	0.123102	-0.205300	0.286652	-0.882791	0.280933
0.540000	-0.222855	0.051187	-0.145927	0.285356	-0.882140	0.278270
0.560000	-0.279680	-0.017998	-0.088660	0.284185	-0.881452	0.275242
0.580000	-0.340553	-0.082744	-0.034857	0.283137	-0.880723	0.271897
0.600000	-0.405469	-0.141340	0.014121	0.282209	-0.879949	0.268284
0.620000	-0.474424	-0.192076	0.056915	0.281400	-0.879125	0.264450
0.640000	-0.547415	-0.233243	0.092166	0.280708	-0.878248	0.260445
0.660000	-0.624437	-0.263130	0.118515	0.280132	-0.877313	0.256317
0.680000	-0.705486	-0.280026	0.134602	0.279668	-0.876316	0.252113
0.700000	-0.790481	-0.282408	0.139224	0.279315	-0.875255	0.247882
0.720000	-0.878456	-0.270861	0.132932	0.279065	-0.874147	0.243657
0.740000	-0.967886	-0.247308	0.117392	0.278903	-0.873024	0.239466
0.760000	-1.057237	-0.213692	0.094288	0.278818	-0.871919	0.235335
0.780000	-1.144974	-0.171956	0.065302	0.278796	-0.870863	0.231291
0.800000	-1.229565	-0.124044	0.032118	0.278824	-0.869888	0.227361
0.820000	-1.309474	-0.071900	-0.003581	0.278890	-0.869025	0.223572
0.840000	-1.383168	-0.017467	-0.040111	0.278981	-0.868307	0.219950
0.860000	-1.449113	0.037311	-0.075790	0.279084	-0.867766	0.216521
0.880000	-1.505774	0.090491	-0.108934	0.279186	-0.867432	0.213314
0.900000	-1.551618	0.140130	-0.137860	0.279273	-0.867338	0.210353
0.920000	-1.585111	0.184283	-0.160884	0.279334	-0.867516	0.207667
0.940000	-1.604718	0.221008	-0.176324	0.279356	-0.867998	0.205281
0.960000	-1.608905	0.248361	-0.182497	0.279324	-0.868815	0.203223
0.980000	-1.596139	0.264398	-0.177718	0.279228	-0.869999	0.201519
1.000000	-1.564885	0.267176	-0.160305	0.279053	-0.871582	0.200195
1.020000	-1.514262	0.255405	-0.129287	0.278795	-0.873594	0.199269
1.040000	-1.445993	0.230411	-0.086537	0.278481	-0.876060	0.198714
1.060000	-1.362455	0.194175	-0.034642	0.278148	-0.879001	0.198492
1.080000	-1.266023	0.148678	0.023811	0.277831	-0.882440	0.198568
1.100000	-1.159075	0.095898	0.086237	0.277566	-0.886399	0.198905
1.120000	-1.043987	0.037817	0.150049	0.277388	-0.890900	0.199465
1.140000	-0.923134	-0.023586	0.212660	0.277334	-0.895967	0.200213
1.160000	-0.798892	-0.086330	0.271485	0.277440	-0.901620	0.201111
1.180000	-0.673639	-0.148435	0.323937	0.277740	-0.907884	0.202123
1.200000	-0.549751	-0.207920	0.367430	0.278271	-0.914779	0.203212
1.220000	-0.429603	-0.262806	0.399378	0.279069	-0.922329	0.204341
1.240000	-0.315571	-0.311113	0.417194	0.280169	-0.930555	0.205473
1.260000	-0.210033	-0.350859	0.418291	0.281608	-0.939481	0.206572
1.280000	-0.115363	-0.380066	0.400085	0.283420	-0.949128	0.207601
1.300000	-0.033940	-0.396752	0.359988	0.285642	-0.959518	0.208523
1.320000	0.031863	-0.398937	0.295414	0.288310	-0.970675	0.209302
1.340000	0.079949	-0.384915	0.204227	0.291449	-0.982603	0.209904
1.360000	0.110719	-0.355392	0.088256	0.295003	-0.995154	0.210319
1.380000	0.125865	-0.312328	-0.048607	0.298870	-1.008101	0.210551
1.400000	0.127095	-0.257694	-0.202449	0.302948	-1.021215	0.210606
1.420000	0.116114	-0.193463	-0.369359	0.307136	-1.034269	0.210486
1.440000	0.094628	-0.121607	-0.545426	0.311332	-1.047034	0.210196
1.460000	0.064342	-0.044096	-0.726740	0.315436	-1.059282	0.209740
1.480000	0.026963	0.037096	-0.909388	0.319344	-1.070784	0.209122
1.500000	-0.015804	0.119999	-1.089460	0.322956	-1.081314	0.208346
1.520000	-0.062252	0.202640	-1.263044	0.326170	-1.090642	0.207417
1.540000	-0.110676	0.283049	-1.426229	0.328885	-1.098540	0.206338
1.560000	-0.159370	0.359252	-1.575105	0.330999	-1.104781	0.205113
1.580000	-0.206628	0.429279	-1.705759	0.332410	-1.109135	0.203747
1.600000	-0.250744	0.491157	-1.814281	0.333017	-1.111376	0.202244
1.620000	-0.290012	0.542915	-1.896760	0.332718	-1.111274	0.200608
1.640000	-0.322727	0.582581	-1.949284	0.331412	-1.108601	0.198842
1.660000	-0.347754	0.608862	-1.969409	0.329042	-1.103233	0.196954
1.680000	-0.365802	0.622647	-1.959416	0.325695	-1.095374	0.194958
1.700000	-0.377948	0.625265	-1.922533	0.321489	-1.085296	0.192870
1.720000	-0.385270	0.618043	-1.861989	0.316538	-1.073270	0.190705
1.740000	-0.388845	0.602310	-1.781014	0.310960	-1.059568	0.188480
1.760000	-0.389751	0.579395	-1.682836	0.304872	-1.044463	0.186212
1.780000	-0.389067	0.550626	-1.570684	0.298389	-1.028225	0.183915
1.800000	-0.387870	0.517332	-1.447789	0.291628	-1.011126	0.181606
1.820000	-0.387237	0.480839	-1.317377	0.284706	-0.993438	0.179302
1.840000	-0.388247	0.442478	-1.182680	0.277739	-0.975433	0.177017
1.860000	-0.391977	0.403576	-1.046925	0.270843	-0.957382	0.174768
1.880000	-0.399505	0.365462	-0.913343	0.264135	-0.939557	0.172571
1.900000	-0.411909	0.329464	-0.785161	0.257732	-0.922230	0.170443
1.920000	-0.430267	0.296911	-0.665609	0.251749	-0.905672	0.168398
1.940000	-0.455656	0.269130	-0.557916	0.246304	-0.890155	0.166453
1.960000	-0.489154	0.247450	-0.465312	0.241513	-0.875950	0.164625
1.980000	-0.531550	0.232969	-0.390583	0.237476	-0.863299	0.162926
2.000000	-0.581618	0.225173	-0.333441	0.234184	-0.852233	0.161358
2.020000	-0.637277	0.222865	-0.292289	0.231580	-0.842692	0.159913
2.040000	-0.696442	0.224845	-0.265525	0.229610	-0.834617	0.158586
2.060000	-0.757028	0.229912	-0.251548	0.228215	-0.827948	0.157370
2.080000	-0.816951	0.236866	-0.248755	0.227340	-0.822625	0.156260
2.100000	-0.874124	0.244508	-0.255546	0.226929	-0.818589	0.155249
2.120000	-0.926464	0.251636	-0.270317	0.226925	-0.815780	0.154332
2.140000	-0.971885	0.257051	-0.291468	0.227272	-0.814139	0.153501
2.160000	-1.008302	0.259553	-0.317396	0.227914	-0.813606	0.152751
2.180000	-1.033631	0.257940	-0.346500	0.228793	-0.814121	0.152075
2.200000	-1.045786	0.251014	-0.377179	0.229855	-0.815626	0.151469
2.220000	-1.042684	0.237574	-0.407829	0.231042	-0.818059	0.150924
