0.000000	-0.465198	0.140995	-0.133510	-0.047717	-0.984998	-0.022143
0.020000	-0.463026	0.161118	-0.135910	-0.047969	-0.985101	-0.021987
0.040000	-0.456699	0.181362	-0.139319	-0.048110	-0.985534	-0.021917
0.060000	-0.445867	0.201554	-0.143845	-0.048116	-0.986336	-0.021949
0.080000	-0.430260	0.221515	-0.149571	-0.047966	-0.987534	-0.022099
0.100000	-0.410268	0.241038	-0.156379	-0.047669	-0.989097	-0.022363
0.120000	-0.386602	0.259897	-0.164052	-0.047247	-0.990961	-0.022728
0.140000	-0.359972	0.277866	-0.172375	-0.046724	-0.993064	-0.023184
0.160000	-0.331090	0.294722	-0.181130	-0.046121	-0.995341	-0.023718
0.180000	-0.300668	0.310239	-0.190101	-0.045463	-0.997730	-0.024317
0.200000	-0.269418	0.324193	-0.199073	-0.044770	-1.000168	-0.024971
0.220000	-0.238051	0.336359	-0.207828	-0.044067	-1.002592	-0.025666
0.240000	-0.207279	0.346511	-0.216150	-0.043376	-1.004939	-0.026392
0.260000	-0.177814	0.354426	-0.223823	-0.042720	-1.007145	-0.027136
0.280000	-0.150366	0.359877	-0.230630	-0.042121	-1.009147	-0.027886
0.300000	-0.125648	0.362641	-0.236355	-0.041602	-1.010882	-0.028630
0.320000	-0.104372	0.362493	-0.240781	-0.041186	-1.012288	-0.029356
0.340000	-0.087248	0.359207	-0.243692	-0.040896	-1.013301	-0.030052
0.360000	-0.074989	0.352558	-0.244872	-0.040754	-1.013857	-0.030707
0.380000	-0.068306	0.342323	-0.244105	-0.040783	-1.013895	-0.031307
0.400000	-0.067605	0.328431	-0.241273	-0.040996	-1.013378	-0.031845
0.420000	-0.072385	0.311274	-0.236556	-0.041377	-1.012360	-0.032320
0.440000	-0.081978	0.291327	-0.230191	-0.041906	-1.010905	-0.032732
0.460000	-0.095713	0.269068	-0.222412	-0.042559	-1.009082	-0.033085
0.480000	-0.112922	0.244972	-0.213453	-0.043317	-1.006957	-0.033378
0.500000	-0.132936	0.219516	-0.203551	-0.044158	-1.004596	-0.033613
0.520000	-0.155086	0.193177	-0.192940	-0.045061	-1.002068	-0.033792
0.540000	-0.178703	0.166431	-0.181855	-0.046004	-0.999438	-0.033916
0.560000	-0.203118	0.139753	-0.170531	-0.046965	-0.996773	-0.033986
0.580000	-0.227661	0.113622	-0.159204	-0.047925	-0.994141	-0.034004
0.600000	-0.251665	0.088512	-0.148107	-0.048861	-0.991608	-0.033970
0.620000	-0.274459	0.064901	-0.137478	-0.049752	-0.989241	-0.033887
0.640000	-0.295375	0.043264	-0.127549	-0.050577	-0.987107	-0.033755
0.660000	-0.313744	0.024079	-0.118557	-0.051314	-0.985273	-0.033577
0.680000	-0.328896	0.007821	-0.110737	-0.051943	-0.983805	-0.033352
0.700000	-0.340176	-0.005042	-0.104319	-0.052442	-0.982769	-0.033083
0.720000	-0.347362	-0.014364	-0.099390	-0.052805	-0.982184	-0.032775
0.740000	-0.350757	-0.020386	-0.095861	-0.053045	-0.982010	-0.032437
0.760000	-0.350698	-0.023373	-0.093636	-0.053176	-0.982206	-0.032078
0.780000	-0.347521	-0.023588	-0.092614	-0.053210	-0.982730	-0.031707
0.800000	-0.341562	-0.021297	-0.092697	-0.053162	-0.983538	-0.031335
0.820000	-0.333156	-0.016763	-0.093787	-0.053044	-0.984590	-0.030971
0.840000	-0.322640	-0.010252	-0.095786	-0.052870	-0.985843	-0.030624
0.860000	-0.310349	-0.002028	-0.098594	-0.052654	-0.987255	-0.030303
0.880000	-0.296619	0.007645	-0.102114	-0.052410	-0.988783	-0.030019
0.900000	-0.281786	0.018502	-0.106246	-0.052149	-0.990386	-0.029780
0.920000	-0.266186	0.030279	-0.110893	-0.051887	-0.992021	-0.029596
0.940000	-0.250155	0.042711	-0.115955	-0.051637	-0.993647	-0.029476
0.960000	-0.234029	0.055533	-0.121334	-0.051411	-0.995221	-0.029431
0.980000	-0.218144	0.068482	-0.126933	-0.051224	-0.996701	-0.029469
1.000000	-0.202835	0.081293	-0.132651	-0.051089	-0.998044	-0.029600
1.020000	-0.188438	0.093702	-0.138391	-0.051019	-0.999210	-0.029833
1.040000	-0.175195	0.105484	-0.144063	-0.051022	-1.000170	-0.030172
1.060000	-0.163121	0.116516	-0.149598	-0.051097	-1.000932	-0.030603
1.080000	-0.152198	0.126688	-0.154930	-0.051236	-1.001510	-0.031112
1.100000	-0.142408	0.135891	-0.159994	-0.051436	-1.001917	-0.031684
1.120000	-0.133732	0.144014	-0.164724	-0.051690	-1.002167	-0.032305
1.140000	-0.126152	0.150949	-0.169053	-0.051993	-1.002273	-0.032959
1.160000	-0.119651	0.156585	-0.172917	-0.052341	-1.002248	-0.033632
1.180000	-0.114209	0.160813	-0.176250	-0.052728	-1.002105	-0.034309
1.200000	-0.109808	0.163522	-0.178985	-0.053149	-1.001859	-0.034974
1.220000	-0.106431	0.164604	-0.181058	-0.053598	-1.001521	-0.035614
1.240000	-0.104059	0.163949	-0.182401	-0.054070	-1.001107	-0.036213
1.260000	-0.102674	0.161446	-0.182951	-0.054561	-1.000628	-0.036756
1.280000	-0.102257	0.156987	-0.182640	-0.055064	-1.000099	-0.037229
1.300000	-0.102791	0.150462	-0.181403	-0.055575	-0.999532	-0.037617
1.320000	-0.104256	0.141760	-0.179175	-0.056089	-0.998941	-0.037904
1.340000	-0.106636	0.130772	-0.175889	-0.056599	-0.998340	-0.038077
1.360000	-0.109907	0.117462	-0.171514	-0.057102	-0.997740	-0.038124
1.380000	-0.114025	0.102163	-0.166188	-0.057592	-0.997145	-0.038048
1.400000	-0.118938	0.085329	-0.160103	-0.058064	-0.996555	-0.037860
1.420000	-0.124594	0.067412	-0.153453	-0.058514	-0.995972	-0.037569
1.440000	-0.130941	0.048865	-0.146430	-0.058938	-0.995397	-0.037186
1.460000	-0.137928	0.030141	-0.139228	-0.059330	-0.994831	-0.036719
1.480000	-0.145503	0.011693	-0.132040	-0.059686	-0.994275	-0.036178
1.500000	-0.153614	-0.006026	-0.125059	-0.060001	-0.993730	-0.035574
1.520000	-0.162210	-0.022563	-0.118477	-0.060271	-0.993197	-0.034915
1.540000	-0.171238	-0.037466	-0.112488	-0.060490	-0.992677	-0.034212
1.560000	-0.180647	-0.050281	-0.107284	-0.060655	-0.992171	-0.033474
1.580000	-0.190386	-0.060556	-0.103059	-0.060761	-0.991680	-0.032710
1.600000	-0.200402	-0.067838	-0.100006	-0.060802	-0.991206	-0.031932
1.620000	-0.210643	-0.071673	-0.098317	-0.060775	-0.990748	-0.031147
1.640000	-0.221059	-0.071610	-0.098186	-0.060674	-0.990309	-0.030366
1.660000	-0.231596	-0.067196	-0.099805	-0.060496	-0.989889	-0.029599
1.680000	-0.242153	-0.058280	-0.103238	-0.060235	-0.989491	-0.028851
1.700000	-0.252525	-0.045291	-0.108305	-0.059888	-0.989120	-0.028123
1.720000	-0.262500	-0.028730	-0.114792	-0.059453	-0.988781	-0.027411
1.740000	-0.271861	-0.009095	-0.122489	-0.058926	-0.988480	-0.026714
1.760000	-0.280396	0.013114	-0.131182	-0.058305	-0.988223	-0.026031
1.780000	-0.287889	0.037397	-0.140662	-0.057586	-0.988015	-0.025360
