0.000000	-0.452253	0.316526	-0.177717	-0.046525	-0.990552	0.013784
0.020000	-0.474838	0.323005	-0.174107	-0.045911	-0.989974	0.013165
0.040000	-0.494695	0.326765	-0.170949	-0.045514	-0.989264	0.012531
0.060000	-0.511963	0.327996	-0.168184	-0.045318	-0.988442	0.011880
0.080000	-0.526801	0.326908	-0.165746	-0.045304	-0.987528	0.011211
0.100000	-0.539366	0.323710	-0.163571	-0.045452	-0.986541	0.010522
0.120000	-0.549819	0.318612	-0.161593	-0.045743	-0.985501	0.009813
0.140000	-0.558317	0.311823	-0.159748	-0.046158	-0.984430	0.009080
0.160000	-0.565020	0.303553	-0.157970	-0.046679	-0.983346	0.008324
0.180000	-0.570087	0.294012	-0.156195	-0.047285	-0.982270	0.007543
0.200000	-0.573676	0.283408	-0.154358	-0.047958	-0.981223	0.006734
0.220000	-0.575946	0.271952	-0.152393	-0.048679	-0.980223	0.005897
0.240000	-0.577056	0.259853	-0.150236	-0.049428	-0.979292	0.005030
0.260000	-0.577165	0.247320	-0.147822	-0.050187	-0.978449	0.004132
0.280000	-0.576431	0.234564	-0.145085	-0.050937	-0.977715	0.003201
0.300000	-0.575014	0.221793	-0.141960	-0.051658	-0.977109	0.002235
0.320000	-0.573072	0.209217	-0.138384	-0.052331	-0.976652	0.001234
0.340000	-0.570744	0.197038	-0.134300	-0.052938	-0.976361	0.000197
0.360000	-0.567999	0.185396	-0.129742	-0.053472	-0.976237	-0.000863
0.380000	-0.564717	0.174396	-0.124791	-0.053931	-0.976267	-0.001927
0.400000	-0.560776	0.164144	-0.119525	-0.054313	-0.976442	-0.002977
0.420000	-0.556057	0.154746	-0.114024	-0.054616	-0.976751	-0.003993
0.440000	-0.550438	0.146308	-0.108369	-0.054839	-0.977183	-0.004957
0.460000	-0.543798	0.138935	-0.102639	-0.054978	-0.977727	-0.005849
0.480000	-0.536017	0.132735	-0.096915	-0.055033	-0.978373	-0.006650
0.500000	-0.526973	0.127811	-0.091275	-0.055001	-0.979110	-0.007342
0.520000	-0.516547	0.124270	-0.085800	-0.054881	-0.979927	-0.007904
0.540000	-0.504617	0.122219	-0.080570	-0.054670	-0.980814	-0.008319
0.560000	-0.491062	0.121762	-0.075664	-0.054367	-0.981761	-0.008568
0.580000	-0.475762	0.123006	-0.071163	-0.053969	-0.982755	-0.008630
0.600000	-0.458595	0.126056	-0.067145	-0.053475	-0.983787	-0.008488
0.620000	-0.439442	0.131019	-0.063692	-0.052883	-0.984846	-0.008123
0.640000	-0.418180	0.137999	-0.060882	-0.052191	-0.985921	-0.007514
0.660000	-0.394790	0.146990	-0.058755	-0.051401	-0.987002	-0.006655
0.680000	-0.369566	0.157622	-0.057212	-0.050530	-0.988080	-0.005576
0.700000	-0.342871	0.169451	-0.056130	-0.049596	-0.989147	-0.004314
0.720000	-0.315063	0.182036	-0.055387	-0.048620	-0.990193	-0.002907
0.740000	-0.286502	0.194933	-0.054858	-0.047620	-0.991212	-0.001391
0.760000	-0.257550	0.207701	-0.054419	-0.046616	-0.992193	0.000197
0.780000	-0.228566	0.219897	-0.053948	-0.045627	-0.993129	0.001818
0.800000	-0.199910	0.231078	-0.053321	-0.044671	-0.994010	0.003435
0.820000	-0.171943	0.240802	-0.052413	-0.043769	-0.994829	0.005012
0.840000	-0.145024	0.248626	-0.051103	-0.042939	-0.995577	0.006511
0.860000	-0.119514	0.254109	-0.049265	-0.042201	-0.996245	0.007895
0.880000	-0.095773	0.256807	-0.046777	-0.041573	-0.996824	0.009126
0.900000	-0.074161	0.256277	-0.043515	-0.041075	-0.997307	0.010168
0.920000	-0.055038	0.252079	-0.039356	-0.040727	-0.997684	0.010982
0.940000	-0.038764	0.243768	-0.034175	-0.040547	-0.997947	0.011532
0.960000	-0.025693	0.230913	-0.027854	-0.040554	-0.998088	0.011781
0.980000	-0.015927	0.213515	-0.020419	-0.040751	-0.998104	0.011724
1.000000	-0.009244	0.192129	-0.012085	-0.041122	-0.997999	0.011397
1.020000	-0.005398	0.167349	-0.003082	-0.041647	-0.997778	0.010840
1.040000	-0.004146	0.139769	0.006361	-0.042308	-0.997447	0.010090
1.060000	-0.005242	0.109982	0.016017	-0.043086	-0.997010	0.009186
1.080000	-0.008442	0.078583	0.025656	-0.043964	-0.996472	0.008167
1.100000	-0.013502	0.046164	0.035049	-0.044922	-0.995839	0.007072
1.120000	-0.020177	0.013319	0.043969	-0.045942	-0.995114	0.005940
1.140000	-0.028222	-0.019357	0.052186	-0.047006	-0.994304	0.004808
1.160000	-0.037393	-0.051272	0.059472	-0.048094	-0.993413	0.003716
1.180000	-0.047445	-0.081832	0.065597	-0.049188	-0.992446	0.002703
1.200000	-0.058134	-0.110442	0.070334	-0.050271	-0.991409	0.001807
1.220000	-0.069215	-0.136510	0.073453	-0.051322	-0.990305	0.001067
1.240000	-0.080443	-0.159441	0.074726	-0.052325	-0.989141	0.000521
1.260000	-0.091575	-0.178643	0.073925	-0.053259	-0.987920	0.000208
1.280000	-0.102365	-0.193521	0.070820	-0.054107	-0.986649	0.000168
1.300000	-0.112578	-0.203511	0.065196	-0.054852	-0.985332	0.000435
1.320000	-0.122133	-0.208558	0.057076	-0.055489	-0.983981	0.001006
1.340000	-0.131081	-0.209031	0.046681	-0.056030	-0.982611	0.001840
1.360000	-0.139474	-0.205313	0.034237	-0.056484	-0.981238	0.002896
1.380000	-0.147368	-0.197788	0.019971	-0.056862	-0.979879	0.004134
1.400000	-0.154815	-0.186840	0.004111	-0.057175	-0.978549	0.005513
1.420000	-0.161870	-0.172851	-0.013117	-0.057432	-0.977265	0.006991
1.440000	-0.168585	-0.156205	-0.031485	-0.057643	-0.976043	0.008529
1.460000	-0.175016	-0.137286	-0.050768	-0.057820	-0.974898	0.010084
1.480000	-0.181216	-0.116476	-0.070737	-0.057973	-0.973847	0.011616
1.500000	-0.187238	-0.094159	-0.091166	-0.058111	-0.972906	0.013085
1.520000	-0.193137	-0.070719	-0.111828	-0.058245	-0.972091	0.014449
1.540000	-0.198966	-0.046538	-0.132496	-0.058385	-0.971419	0.015667
1.560000	-0.204778	-0.022000	-0.152943	-0.058542	-0.970904	0.016699
1.580000	-0.210629	0.002512	-0.172941	-0.058727	-0.970563	0.017504
1.600000	-0.216570	0.026620	-0.192269	-0.058948	-0.970412	0.018042
1.620000	-0.222615	0.050112	-0.210806	-0.059207	-0.970451	0.018306
1.640000	-0.228736	0.072949	-0.228542	-0.059496	-0.970666	0.018327
1.660000	-0.234906	0.095102	-0.245474	-0.059806	-0.971041	0.018136
1.680000	-0.241095	0.116543	-0.261598	-0.060128	-0.971561	0.017762
1.700000	-0.247273	0.137242	-0.276910	-0.060453	-0.972209	0.017239
1.720000	-0.253411	0.157169	-0.291405	-0.060772	-0.972971	0.016597
1.740000	-0.259481	0.176295	-0.305080	-0.061077	-0.973830	0.015867
1.760000	-0.265454	0.194592	-0.317931	-0.061359	-0.974771	0.015080
1.780000	-0.271299	0.212030	-0.329953	-0.061608	-0.975778	0.014268
1.800000	-0.276989	0.228579	-0.341144	-0.061817	-0.976836	0.013462
1.820000	-0.282494	0.244211	-0.351498	-0.061975	-0.977930	0.012692
1.840000	-0.287785	0.258896	-0.361011	-0.062075	-0.979043	0.011991
1.860000	-0.292832	0.272605	-0.369681	-0.062107	-0.980159	0.011389
1.880000	-0.297608	0.285309	-0.377502	-0.062063	-0.981265	0.010917
1.900000	-0.302082	0.296978	-0.384471	-0.061933	-0.982342	0.010607
1.920000	-0.306225	0.307584	-0.390584	-0.061710	-0.983377	0.010490
1.940000	-0.309977	0.317121	-0.395836	-0.061390	-0.984357	0.010582
