0.000000	-0.118353	0.289956	-0.191662	-0.050753	-0.995741	-0.003925
0.020000	-0.090737	0.297230	-0.197816	-0.052283	-0.996030	-0.004203
0.040000	-0.068005	0.302556	-0.202863	-0.053670	-0.996237	-0.004275
0.060000	-0.051162	0.305690	-0.206616	-0.054865	-0.996349	-0.004105
0.080000	-0.040774	0.306518	-0.208974	-0.055838	-0.996359	-0.003675
0.100000	-0.036322	0.305250	-0.210053	-0.056597	-0.996276	-0.003010
0.120000	-0.037121	0.302149	-0.210006	-0.057160	-0.996108	-0.002143
0.140000	-0.042485	0.297475	-0.208984	-0.057543	-0.995867	-0.001107
0.160000	-0.051728	0.291491	-0.207137	-0.057761	-0.995563	0.000066
0.180000	-0.064165	0.284458	-0.204617	-0.057832	-0.995206	0.001343
0.200000	-0.079110	0.276637	-0.201574	-0.057771	-0.994806	0.002692
0.220000	-0.095877	0.268289	-0.198160	-0.057596	-0.994374	0.004079
0.240000	-0.113780	0.259677	-0.194526	-0.057321	-0.993920	0.005473
0.260000	-0.132135	0.251062	-0.190822	-0.056964	-0.993455	0.006840
0.280000	-0.150254	0.242705	-0.187201	-0.056540	-0.992988	0.008148
0.300000	-0.167454	0.234868	-0.183813	-0.056067	-0.992530	0.009364
0.320000	-0.183047	0.227811	-0.180809	-0.055560	-0.992091	0.010456
0.340000	-0.196348	0.221798	-0.178340	-0.055036	-0.991682	0.011391
0.360000	-0.206671	0.217088	-0.176558	-0.054511	-0.991313	0.012136
0.380000	-0.213332	0.213944	-0.175612	-0.054001	-0.990994	0.012659
0.400000	-0.215803	0.212557	-0.175623	-0.053521	-0.990733	0.012935
0.420000	-0.214406	0.212746	-0.176536	-0.053079	-0.990528	0.012976
0.440000	-0.209739	0.214209	-0.178239	-0.052679	-0.990372	0.012809
0.460000	-0.202402	0.216642	-0.180621	-0.052325	-0.990259	0.012460
0.480000	-0.192995	0.219743	-0.183572	-0.052022	-0.990183	0.011955
0.500000	-0.182116	0.223208	-0.186980	-0.051774	-0.990138	0.011319
0.520000	-0.170366	0.226735	-0.190734	-0.051587	-0.990116	0.010581
0.540000	-0.158344	0.230021	-0.194722	-0.051465	-0.990113	0.009764
0.560000	-0.146649	0.232762	-0.198835	-0.051411	-0.990121	0.008895
0.580000	-0.135880	0.234655	-0.202959	-0.051432	-0.990134	0.008001
0.600000	-0.126638	0.235399	-0.206985	-0.051531	-0.990145	0.007107
0.620000	-0.119521	0.234689	-0.210802	-0.051713	-0.990150	0.006240
0.640000	-0.115129	0.232222	-0.214297	-0.051983	-0.990140	0.005426
0.660000	-0.114061	0.227696	-0.217360	-0.052345	-0.990111	0.004690
0.680000	-0.116918	0.220808	-0.219880	-0.052803	-0.990055	0.004059
0.700000	-0.124295	0.211256	-0.221746	-0.053363	-0.989966	0.003558
0.720000	-0.136418	0.198940	-0.222895	-0.054020	-0.989843	0.003203
0.740000	-0.152759	0.184171	-0.223364	-0.054754	-0.989691	0.002981
0.760000	-0.172698	0.167309	-0.223202	-0.055543	-0.989517	0.002881
0.780000	-0.195615	0.148713	-0.222456	-0.056363	-0.989330	0.002888
0.800000	-0.220889	0.128744	-0.221175	-0.057193	-0.989135	0.002989
0.820000	-0.247900	0.107762	-0.219407	-0.058010	-0.988941	0.003170
0.840000	-0.276029	0.086127	-0.217201	-0.058792	-0.988754	0.003419
0.860000	-0.304654	0.064198	-0.214604	-0.059516	-0.988582	0.003722
0.880000	-0.333157	0.042337	-0.211666	-0.060159	-0.988432	0.004065
0.900000	-0.360917	0.020903	-0.208433	-0.060699	-0.988311	0.004435
0.920000	-0.387313	0.000256	-0.204956	-0.061113	-0.988227	0.004819
0.940000	-0.411727	-0.019243	-0.201281	-0.061379	-0.988187	0.005203
0.960000	-0.433537	-0.037236	-0.197458	-0.061475	-0.988197	0.005574
0.980000	-0.452123	-0.053361	-0.193534	-0.061378	-0.988266	0.005918
1.000000	-0.466866	-0.067258	-0.189559	-0.061065	-0.988400	0.006222
1.020000	-0.477145	-0.078568	-0.185579	-0.060514	-0.988607	0.006472
1.040000	-0.482353	-0.086936	-0.181645	-0.059703	-0.988894	0.006656
1.060000	-0.482382	-0.092238	-0.177839	-0.058635	-0.989257	0.006769
1.080000	-0.477773	-0.094649	-0.174287	-0.057347	-0.989682	0.006818
1.100000	-0.469112	-0.094362	-0.171120	-0.055876	-0.990151	0.006811
1.120000	-0.456984	-0.091573	-0.168467	-0.054262	-0.990649	0.006755
1.140000	-0.441974	-0.086476	-0.166456	-0.052542	-0.991158	0.006658
1.160000	-0.424668	-0.079266	-0.165219	-0.050755	-0.991663	0.006528
1.180000	-0.405650	-0.070138	-0.164883	-0.048940	-0.992146	0.006372
1.200000	-0.385507	-0.059285	-0.165579	-0.047133	-0.992592	0.006199
1.220000	-0.364822	-0.046904	-0.167437	-0.045374	-0.992983	0.006016
1.240000	-0.344183	-0.033187	-0.170585	-0.043702	-0.993304	0.005830
1.260000	-0.324173	-0.018331	-0.175153	-0.042154	-0.993537	0.005651
1.280000	-0.305378	-0.002529	-0.181271	-0.040768	-0.993667	0.005484
1.300000	-0.288384	0.014024	-0.189068	-0.039584	-0.993677	0.005339
1.320000	-0.273776	0.031133	-0.198673	-0.038639	-0.993550	0.005222
1.340000	-0.262138	0.048604	-0.210217	-0.037971	-0.993270	0.005142
1.360000	-0.253994	0.066243	-0.223797	-0.037615	-0.992823	0.005105
1.380000	-0.249276	0.083875	-0.239222	-0.037557	-0.992222	0.005108
1.400000	-0.247588	0.101333	-0.256139	-0.037759	-0.991495	0.005144
1.420000	-0.248534	0.118450	-0.274192	-0.038181	-0.990670	0.005204
1.440000	-0.251715	0.135060	-0.293028	-0.038786	-0.989773	0.005280
1.460000	-0.256736	0.150995	-0.312292	-0.039534	-0.988834	0.005364
1.480000	-0.263198	0.166089	-0.331630	-0.040387	-0.987879	0.005448
1.500000	-0.270704	0.180176	-0.350688	-0.041306	-0.986936	0.005524
1.520000	-0.278855	0.193088	-0.369110	-0.042252	-0.986034	0.005584
1.540000	-0.287256	0.204659	-0.386543	-0.043187	-0.985199	0.005619
1.560000	-0.295509	0.214722	-0.402632	-0.044071	-0.984460	0.005622
1.580000	-0.303215	0.223110	-0.417022	-0.044866	-0.983844	0.005585
1.600000	-0.309978	0.229657	-0.429360	-0.045534	-0.983380	0.005498
1.620000	-0.315400	0.234195	-0.439290	-0.046035	-0.983094	0.005355
1.640000	-0.319084	0.236559	-0.446458	-0.046331	-0.983014	0.005147
1.660000	-0.320632	0.236582	-0.450510	-0.046383	-0.983169	0.004866
1.680000	-0.319777	0.234169	-0.451217	-0.046165	-0.983573	0.004507
1.700000	-0.316695	0.229475	-0.448778	-0.045695	-0.984198	0.004073
1.720000	-0.311658	0.222710	-0.443484	-0.045001	-0.985008	0.003571
1.740000	-0.304937	0.214082	-0.435627	-0.044110	-0.985965	0.003007
1.760000	-0.296804	0.203798	-0.425497	-0.043049	-0.987032	0.002387
1.780000	-0.287530	0.192067	-0.413386	-0.041846	-0.988172	0.001716
1.800000	-0.277387	0.179099	-0.399585	-0.040529	-0.989349	0.001002
1.820000	-0.266646	0.165100	-0.384384	-0.039124	-0.990524	0.000249
1.840000	-0.255579	0.150280	-0.368076	-0.037660	-0.991661	-0.000536
1.860000	-0.244457	0.134847	-0.350951	-0.036163	-0.992722	-0.001347
1.880000	-0.233552	0.119009	-0.333300	-0.034661	-0.993672	-0.002178
1.900000	-0.223136	0.102975	-0.315414	-0.033182	-0.994472	-0.003024
1.920000	-0.213480	0.086954	-0.297585	-0.031752	-0.995085	-0.003877
1.940000	-0.204854	0.071152	-0.280103	-0.030401	-0.995475	-0.004732
1.960000	-0.197532	0.055780	-0.263260	-0.029153	-0.995604	-0.005583
1.980000	-0.191785	0.041046	-0.247347	-0.028039	-0.995435	-0.006424
2.000000	-0.187850	0.027144	-0.232624	-0.027080	-0.994939	-0.007248
2.020000	-0.185727	0.014175	-0.219118	-0.026273	-0.994142	-0.008048
2.040000	-0.185305	0.002198	-0.206750	-0.025601	-0.993099	-0.008812
2.060000	-0.186472	-0.008732	-0.195442	-0.025049	-0.991860	-0.009532
2.080000	-0.189116	-0.018556	-0.185117	-0.024598	-0.990480	-0.010198
2.100000	-0.193127	-0.027218	-0.175695	-0.024234	-0.989011	-0.010800
2.120000	-0.198393	-0.034660	-0.167098	-0.023939	-0.987506	-0.011328
2.140000	-0.204803	-0.040825	-0.159248	-0.023696	-0.986018	-0.011772
2.160000	-0.212245	-0.045656	-0.152066	-0.023490	-0.984599	-0.012123
2.180000	-0.220608	-0.049096	-0.145474	-0.023304	-0.983302	-0.012371
2.200000	-0.229781	-0.051087	-0.139394	-0.023121	-0.982181	-0.012506
2.220000	-0.239652	-0.051572	-0.133747	-0.022924	-0.981288	-0.012519
2.240000	-0.250110	-0.050494	-0.128455	-0.022697	-0.980675	-0.012399
2.260000	-0.261044	-0.047796	-0.123438	-0.022424	-0.980396	-0.012138
2.280000	-0.272342	-0.043420	-0.118620	-0.022088	-0.980504	-0.011724
