0.000000	-0.226209	0.179714	-0.126604	-0.047263	-0.990159	0.017536
0.020000	-0.255506	0.166204	-0.124937	-0.048430	-0.989247	0.018004
0.040000	-0.285871	0.154387	-0.123666	-0.049547	-0.988339	0.018407
0.060000	-0.316458	0.144915	-0.122960	-0.050581	-0.987458	0.018728
0.080000	-0.346419	0.138437	-0.122986	-0.051496	-0.986630	0.018950
0.100000	-0.374908	0.135605	-0.123909	-0.052258	-0.985876	0.019055
0.120000	-0.401078	0.137068	-0.125897	-0.052834	-0.985223	0.019026
0.140000	-0.424084	0.143478	-0.129117	-0.053188	-0.984692	0.018844
0.160000	-0.443192	0.155339	-0.133696	-0.053293	-0.984307	0.018497
0.180000	-0.458428	0.172201	-0.139508	-0.053163	-0.984070	0.017991
0.200000	-0.470119	0.193230	-0.146321	-0.052827	-0.983981	0.017343
0.220000	-0.478596	0.217588	-0.153905	-0.052315	-0.984036	0.016570
0.240000	-0.484189	0.244438	-0.162029	-0.051658	-0.984234	0.015687
0.260000	-0.487228	0.272945	-0.170463	-0.050885	-0.984571	0.014713
0.280000	-0.488043	0.302270	-0.178975	-0.050027	-0.985047	0.013662
0.300000	-0.486964	0.331578	-0.187335	-0.049114	-0.985658	0.012552
0.320000	-0.484321	0.360032	-0.195312	-0.048175	-0.986402	0.011398
0.340000	-0.480443	0.386794	-0.202675	-0.047242	-0.987276	0.010219
0.360000	-0.475661	0.411029	-0.209193	-0.046343	-0.988280	0.009029
0.380000	-0.470305	0.431899	-0.214636	-0.045509	-0.989409	0.007845
0.400000	-0.464704	0.448568	-0.218773	-0.044771	-0.990663	0.006685
0.420000	-0.459189	0.460199	-0.221372	-0.044157	-0.992038	0.005564
0.440000	-0.454090	0.465955	-0.222204	-0.043699	-0.993533	0.004499
0.460000	-0.449735	0.465001	-0.221038	-0.043426	-0.995144	0.003506
0.480000	-0.446337	0.456932	-0.217758	-0.043356	-0.996863	0.002596
0.500000	-0.443810	0.442413	-0.212533	-0.043471	-0.998662	0.001766
0.520000	-0.442027	0.422268	-0.205577	-0.043752	-1.000511	0.001012
0.540000	-0.440857	0.397324	-0.197102	-0.044178	-1.002380	0.000326
0.560000	-0.440174	0.368407	-0.187320	-0.044727	-1.004239	-0.000294
0.580000	-0.439847	0.336342	-0.176444	-0.045378	-1.006058	-0.000856
0.600000	-0.439748	0.301955	-0.164687	-0.046111	-1.007807	-0.001364
0.620000	-0.439749	0.266073	-0.152261	-0.046905	-1.009455	-0.001823
0.640000	-0.439720	0.229520	-0.139379	-0.047739	-1.010973	-0.002239
0.660000	-0.439533	0.193124	-0.126254	-0.048592	-1.012330	-0.002616
0.680000	-0.439059	0.157708	-0.113097	-0.049443	-1.013497	-0.002961
0.700000	-0.438170	0.124101	-0.100123	-0.050271	-1.014443	-0.003277
0.720000	-0.436736	0.093127	-0.087543	-0.051055	-1.015139	-0.003571
0.740000	-0.434628	0.065612	-0.075570	-0.051775	-1.015553	-0.003848
0.760000	-0.431719	0.042382	-0.064416	-0.052409	-1.015657	-0.004113
0.780000	-0.427880	0.024263	-0.054295	-0.052937	-1.015420	-0.004371
0.800000	-0.423010	0.011899	-0.045392	-0.053341	-1.014821	-0.004626
0.820000	-0.417166	0.004977	-0.037755	-0.053626	-1.013885	-0.004871
0.840000	-0.410455	0.002874	-0.031385	-0.053803	-1.012653	-0.005096
0.860000	-0.402983	0.004962	-0.026286	-0.053883	-1.011166	-0.005291
0.880000	-0.394857	0.010618	-0.022458	-0.053878	-1.009464	-0.005448
0.900000	-0.386183	0.019216	-0.019905	-0.053797	-1.007588	-0.005556
0.920000	-0.377068	0.030129	-0.018626	-0.053653	-1.005578	-0.005605
0.940000	-0.367619	0.042734	-0.018626	-0.053457	-1.003476	-0.005586
0.960000	-0.357942	0.056404	-0.019905	-0.053219	-1.001322	-0.005489
0.980000	-0.348145	0.070514	-0.022466	-0.052952	-0.999157	-0.005305
1.000000	-0.338333	0.084440	-0.026310	-0.052665	-0.997021	-0.005023
1.020000	-0.328614	0.097555	-0.031440	-0.052370	-0.994955	-0.004635
1.040000	-0.319093	0.109234	-0.037858	-0.052078	-0.993000	-0.004129
1.060000	-0.309878	0.118852	-0.045565	-0.051801	-0.991197	-0.003497
1.080000	-0.301075	0.125784	-0.054563	-0.051549	-0.989585	-0.002729
1.100000	-0.292792	0.129404	-0.064855	-0.051333	-0.988207	-0.001815
1.120000	-0.285124	0.129140	-0.076431	-0.051165	-0.987099	-0.000748
1.140000	-0.278051	0.125065	-0.089136	-0.051046	-0.986266	0.000463
1.160000	-0.271475	0.117681	-0.102721	-0.050973	-0.985688	0.001790
1.180000	-0.265295	0.107497	-0.116936	-0.050944	-0.985347	0.003211
1.200000	-0.259410	0.095023	-0.131529	-0.050955	-0.985224	0.004698
1.220000	-0.253722	0.080768	-0.146249	-0.051004	-0.985300	0.006228
1.240000	-0.248128	0.065242	-0.160845	-0.051087	-0.985554	0.007776
1.260000	-0.242530	0.048954	-0.175066	-0.051201	-0.985969	0.009316
1.280000	-0.236826	0.032413	-0.188660	-0.051343	-0.986524	0.010824
1.300000	-0.230917	0.016130	-0.201378	-0.051511	-0.987202	0.012274
1.320000	-0.224703	0.000614	-0.212966	-0.051701	-0.987982	0.013642
1.340000	-0.218082	-0.013627	-0.223175	-0.051911	-0.988846	0.014901
1.360000	-0.210955	-0.026081	-0.231753	-0.052136	-0.989774	0.016029
1.380000	-0.203222	-0.036241	-0.238450	-0.052374	-0.990747	0.016999
1.400000	-0.194781	-0.043595	-0.243013	-0.052623	-0.991747	0.017786
1.420000	-0.185545	-0.047660	-0.245206	-0.052879	-0.992753	0.018367
1.440000	-0.175615	-0.048367	-0.245039	-0.053143	-0.993751	0.018740
1.460000	-0.165255	-0.046005	-0.242731	-0.053416	-0.994727	0.018925
1.480000	-0.154736	-0.040874	-0.238507	-0.053704	-0.995667	0.018940
1.500000	-0.144327	-0.033273	-0.232593	-0.054008	-0.996557	0.018804
1.520000	-0.134298	-0.023501	-0.225215	-0.054332	-0.997385	0.018536
1.540000	-0.124918	-0.011859	-0.216598	-0.054678	-0.998137	0.018155
1.560000	-0.116458	0.001355	-0.206969	-0.055049	-0.998800	0.017680
1.580000	-0.109186	0.015840	-0.196553	-0.055450	-0.999359	0.017131
1.600000	-0.103374	0.031297	-0.185575	-0.055882	-0.999803	0.016525
1.620000	-0.099290	0.047426	-0.174262	-0.056349	-1.000117	0.015883
1.640000	-0.097205	0.063928	-0.162839	-0.056853	-1.000288	0.015222
1.660000	-0.097388	0.080503	-0.151532	-0.057399	-1.000302	0.014563
1.680000	-0.100109	0.096852	-0.140567	-0.057988	-1.000146	0.013924
1.700000	-0.105638	0.112675	-0.130169	-0.058624	-0.999807	0.013324
1.720000	-0.114244	0.127673	-0.120564	-0.059309	-0.999272	0.012782
1.740000	-0.126193	0.141547	-0.111977	-0.060048	-0.998526	0.012317
1.760000	-0.141482	0.154146	-0.104537	-0.060837	-0.997572	0.011939
1.780000	-0.159659	0.165559	-0.098217	-0.061665	-0.996432	0.011640
1.800000	-0.180231	0.175899	-0.092976	-0.062520	-0.995134	0.011415
1.820000	-0.202703	0.185276	-0.088772	-0.063390	-0.993703	0.011255
1.840000	-0.226582	0.193804	-0.085563	-0.064262	-0.992166	0.011154
1.860000	-0.251375	0.201593	-0.083308	-0.065125	-0.990549	0.011102
1.880000	-0.276588	0.208757	-0.081965	-0.065966	-0.988878	0.011094
1.900000	-0.301727	0.215406	-0.081493	-0.066773	-0.987181	0.011120
1.920000	-0.326299	0.221653	-0.081849	-0.067535	-0.985482	0.011175
1.940000	-0.349811	0.227610	-0.082992	-0.068239	-0.983808	0.011250
1.960000	-0.371768	0.233389	-0.084880	-0.068872	-0.982186	0.011338
1.980000	-0.391677	0.239102	-0.087472	-0.069423	-0.980642	0.011432
