0.000000	-0.119851	0.300146	-0.199050	-0.017372	-0.996772	-0.054309
0.020000	-0.104934	0.304622	-0.216013	-0.017100	-0.996596	-0.052412
0.040000	-0.091506	0.307161	-0.232879	-0.016882	-0.996378	-0.050368
0.060000	-0.079933	0.307799	-0.249293	-0.016717	-0.996133	-0.048204
0.080000	-0.070582	0.306575	-0.264898	-0.016602	-0.995874	-0.045948
0.100000	-0.063820	0.303527	-0.279337	-0.016538	-0.995618	-0.043629
0.120000	-0.060012	0.298693	-0.292253	-0.016522	-0.995378	-0.041275
0.140000	-0.059526	0.292110	-0.303290	-0.016554	-0.995168	-0.038914
0.160000	-0.062727	0.283815	-0.312092	-0.016631	-0.995004	-0.036573
0.180000	-0.069983	0.273848	-0.318302	-0.016753	-0.994900	-0.034281
0.200000	-0.081648	0.262247	-0.321570	-0.016918	-0.994871	-0.032066
0.220000	-0.097689	0.249126	-0.321810	-0.017124	-0.994917	-0.029949
0.240000	-0.117571	0.234691	-0.319270	-0.017369	-0.995028	-0.027945
0.260000	-0.140730	0.219155	-0.314221	-0.017649	-0.995188	-0.026067
0.280000	-0.166601	0.202731	-0.306933	-0.017962	-0.995384	-0.024327
0.300000	-0.194618	0.185631	-0.297675	-0.018306	-0.995603	-0.022741
0.320000	-0.224216	0.168069	-0.286718	-0.018676	-0.995830	-0.021321
0.340000	-0.254830	0.150256	-0.274331	-0.019071	-0.996052	-0.020080
0.360000	-0.285896	0.132405	-0.260786	-0.019488	-0.996254	-0.019033
0.380000	-0.316847	0.114730	-0.246351	-0.019924	-0.996424	-0.018192
0.400000	-0.347119	0.097442	-0.231297	-0.020375	-0.996547	-0.017571
0.420000	-0.376146	0.080755	-0.215894	-0.020841	-0.996609	-0.017183
0.440000	-0.403364	0.064880	-0.200412	-0.021316	-0.996597	-0.017042
0.460000	-0.428207	0.050031	-0.185121	-0.021800	-0.996496	-0.017161
0.480000	-0.450111	0.036421	-0.170291	-0.022288	-0.996294	-0.017554
0.500000	-0.468509	0.024262	-0.156192	-0.022779	-0.995975	-0.018234
0.520000	-0.482838	0.013766	-0.143094	-0.023269	-0.995527	-0.019214
0.540000	-0.492776	0.005068	-0.131178	-0.023755	-0.994945	-0.020494
0.560000	-0.498620	-0.001893	-0.120395	-0.024232	-0.994249	-0.022034
0.580000	-0.500763	-0.007211	-0.110662	-0.024695	-0.993461	-0.023789
0.600000	-0.499599	-0.010978	-0.101897	-0.025140	-0.992606	-0.025716
0.620000	-0.495521	-0.013288	-0.094017	-0.025561	-0.991705	-0.027770
0.640000	-0.488923	-0.014233	-0.086938	-0.025952	-0.990783	-0.029905
0.660000	-0.480196	-0.013906	-0.080577	-0.026309	-0.989863	-0.032078
0.680000	-0.469736	-0.012400	-0.074851	-0.026628	-0.988968	-0.034243
0.700000	-0.457936	-0.009807	-0.069678	-0.026902	-0.988121	-0.036357
0.720000	-0.445188	-0.006222	-0.064974	-0.027127	-0.987345	-0.038374
0.740000	-0.431886	-0.001736	-0.060655	-0.027297	-0.986664	-0.040251
0.760000	-0.418424	0.003557	-0.056640	-0.027409	-0.986101	-0.041941
0.780000	-0.405194	0.009565	-0.052845	-0.027455	-0.985680	-0.043402
0.800000	-0.392591	0.016194	-0.049186	-0.027433	-0.985423	-0.044587
0.820000	-0.381007	0.023352	-0.045581	-0.027336	-0.985353	-0.045453
0.840000	-0.370745	0.030937	-0.041966	-0.027163	-0.985485	-0.045971
0.860000	-0.361807	0.038817	-0.038341	-0.026925	-0.985802	-0.046166
0.880000	-0.354129	0.046852	-0.034719	-0.026638	-0.986280	-0.046074
0.900000	-0.347651	0.054905	-0.031114	-0.026315	-0.986894	-0.045731
0.920000	-0.342309	0.062836	-0.027539	-0.025970	-0.987623	-0.045174
0.940000	-0.338042	0.070508	-0.024008	-0.025617	-0.988441	-0.044437
0.960000	-0.334789	0.077780	-0.020534	-0.025270	-0.989326	-0.043558
0.980000	-0.332486	0.084516	-0.017131	-0.024945	-0.990253	-0.042573
1.000000	-0.331073	0.090576	-0.013812	-0.024654	-0.991199	-0.041517
1.020000	-0.330486	0.095821	-0.010590	-0.024411	-0.992141	-0.040426
1.040000	-0.330665	0.100113	-0.007479	-0.024232	-0.993055	-0.039338
1.060000	-0.331546	0.103314	-0.004492	-0.024130	-0.993917	-0.038286
1.080000	-0.333069	0.105284	-0.001643	-0.024120	-0.994703	-0.037309
1.100000	-0.335170	0.105885	0.001055	-0.024214	-0.995391	-0.036442
1.120000	-0.337789	0.104979	0.003588	-0.024429	-0.995955	-0.035721
1.140000	-0.340862	0.102427	0.005943	-0.024777	-0.996374	-0.035181
1.160000	-0.344329	0.098090	0.008107	-0.025273	-0.996622	-0.034860
1.180000	-0.348109	0.091976	0.010036	-0.025920	-0.996691	-0.034775
1.200000	-0.352091	0.084383	0.011632	-0.026703	-0.996597	-0.034907
1.220000	-0.356156	0.075650	0.012785	-0.027602	-0.996361	-0.035232
1.240000	-0.360187	0.066115	0.013387	-0.028598	-0.996004	-0.035727
1.260000	-0.364067	0.056116	0.013331	-0.029672	-0.995548	-0.036367
1.280000	-0.367678	0.045989	0.012509	-0.030804	-0.995012	-0.037130
1.300000	-0.370903	0.036073	0.010811	-0.031976	-0.994419	-0.037991
1.320000	-0.373624	0.026705	0.008131	-0.033167	-0.993788	-0.038927
1.340000	-0.375724	0.018224	0.004360	-0.034360	-0.993141	-0.039913
1.360000	-0.377085	0.010966	-0.000610	-0.035534	-0.992499	-0.040928
1.380000	-0.377590	0.005269	-0.006886	-0.036670	-0.991882	-0.041945
1.400000	-0.377122	0.001472	-0.014578	-0.037750	-0.991311	-0.042943
1.420000	-0.375562	-0.000089	-0.023793	-0.038755	-0.990808	-0.043897
1.440000	-0.372794	0.000924	-0.034638	-0.039664	-0.990392	-0.044784
1.460000	-0.368700	0.004850	-0.047223	-0.040458	-0.990086	-0.045579
1.480000	-0.363172	0.012004	-0.061641	-0.041121	-0.989909	-0.046260
1.500000	-0.356272	0.022315	-0.077728	-0.041647	-0.989864	-0.046816
1.520000	-0.348209	0.035374	-0.095099	-0.042049	-0.989937	-0.047249
1.540000	-0.339198	0.050761	-0.113357	-0.042337	-0.990117	-0.047558
1.560000	-0.329453	0.068055	-0.132110	-0.042522	-0.990389	-0.047744
1.580000	-0.319189	0.086837	-0.150962	-0.042615	-0.990742	-0.047809
1.600000	-0.308620	0.106686	-0.169520	-0.042627	-0.991161	-0.047753
1.620000	-0.297961	0.127182	-0.187388	-0.042570	-0.991634	-0.047577
1.640000	-0.287426	0.147906	-0.204172	-0.042454	-0.992149	-0.047283
1.660000	-0.277229	0.168436	-0.219479	-0.042289	-0.992691	-0.046870
1.680000	-0.267586	0.188353	-0.232913	-0.042088	-0.993248	-0.046340
1.700000	-0.258710	0.207237	-0.244080	-0.041862	-0.993807	-0.045693
1.720000	-0.250816	0.224667	-0.252585	-0.041620	-0.994354	-0.044930
1.740000	-0.244119	0.240223	-0.258035	-0.041375	-0.994877	-0.044053
1.760000	-0.238833	0.253485	-0.260035	-0.041137	-0.995363	-0.043062
1.780000	-0.235167	0.264046	-0.258205	-0.040917	-0.995799	-0.041959
1.800000	-0.233188	0.271848	-0.252589	-0.040722	-0.996180	-0.040753
1.820000	-0.232805	0.277221	-0.243695	-0.040554	-0.996509	-0.039467
1.840000	-0.233918	0.280516	-0.232061	-0.040413	-0.996790	-0.038123
1.860000	-0.236427	0.282085	-0.218219	-0.040302	-0.997027	-0.036742
1.880000	-0.240233	0.282278	-0.202705	-0.040223	-0.997223	-0.035347
1.900000	-0.245237	0.281446	-0.186053	-0.040176	-0.997383	-0.033960
1.920000	-0.251337	0.279939	-0.168799	-0.040163	-0.997510	-0.032602
1.940000	-0.258436	0.278109	-0.151477	-0.040186	-0.997607	-0.031297
1.960000	-0.266432	0.276307	-0.134621	-0.040246	-0.997680	-0.030065
1.980000	-0.275227	0.274882	-0.118768	-0.040345	-0.997731	-0.028929
2.000000	-0.284720	0.274187	-0.104450	-0.040485	-0.997765	-0.027912
2.020000	-0.294813	0.274572	-0.092204	-0.040666	-0.997785	-0.027034
2.040000	-0.305405	0.276388	-0.082564	-0.040891	-0.997794	-0.026318
2.060000	-0.316396	0.279985	-0.076064	-0.041161	-0.997798	-0.025787
2.080000	-0.327688	0.285714	-0.073240	-0.041478	-0.997799	-0.025461
2.100000	-0.339180	0.293927	-0.074626	-0.041843	-0.997801	-0.025364
2.120000	-0.350773	0.304942	-0.080710	-0.042257	-0.997808	-0.025515
2.140000	-0.362365	0.318631	-0.091349	-0.042711	-0.997816	-0.025907
2.160000	-0.373851	0.334552	-0.105942	-0.043190	-0.997819	-0.026513
