0.000000	-0.429084	0.295870	-0.198887	-0.058050	-0.986696	0.041079
0.020000	-0.451469	0.292138	-0.201486	-0.057276	-0.987008	0.040766
0.040000	-0.474277	0.286629	-0.205593	-0.056222	-0.987364	0.040319
0.060000	-0.497222	0.279539	-0.210904	-0.054929	-0.987753	0.039754
0.080000	-0.520021	0.271065	-0.217116	-0.053438	-0.988166	0.039087
0.100000	-0.542388	0.261402	-0.223927	-0.051793	-0.988595	0.038334
0.120000	-0.564039	0.250746	-0.231034	-0.050033	-0.989030	0.037511
0.140000	-0.584689	0.239292	-0.238134	-0.048201	-0.989462	0.036633
0.160000	-0.604052	0.227238	-0.244924	-0.046338	-0.989882	0.035719
0.180000	-0.621844	0.214779	-0.251103	-0.044487	-0.990281	0.034782
0.200000	-0.637780	0.202110	-0.256365	-0.042687	-0.990649	0.033841
0.220000	-0.651576	0.189427	-0.260411	-0.040982	-0.990977	0.032910
0.240000	-0.662946	0.176927	-0.262935	-0.039413	-0.991257	0.032005
0.260000	-0.671606	0.164806	-0.263636	-0.038021	-0.991478	0.031144
0.280000	-0.677270	0.153258	-0.262211	-0.036848	-0.991633	0.030342
0.300000	-0.679656	0.142480	-0.258359	-0.035936	-0.991711	0.029615
0.320000	-0.678620	0.132590	-0.251980	-0.035304	-0.991709	0.028969
0.340000	-0.674298	0.123558	-0.243373	-0.034932	-0.991633	0.028391
0.360000	-0.666858	0.115335	-0.232884	-0.034794	-0.991491	0.027864
0.380000	-0.656469	0.107871	-0.220858	-0.034865	-0.991290	0.027374
0.400000	-0.643298	0.101119	-0.207639	-0.035117	-0.991040	0.026903
0.420000	-0.627513	0.095029	-0.193574	-0.035527	-0.990746	0.026437
0.440000	-0.609283	0.089554	-0.179006	-0.036066	-0.990417	0.025960
0.460000	-0.588776	0.084643	-0.164283	-0.036711	-0.990060	0.025454
0.480000	-0.566159	0.080249	-0.149747	-0.037434	-0.989683	0.024906
0.500000	-0.541601	0.076323	-0.135746	-0.038211	-0.989295	0.024299
0.520000	-0.515270	0.072816	-0.122624	-0.039015	-0.988901	0.023617
0.540000	-0.487335	0.069679	-0.110726	-0.039820	-0.988512	0.022844
0.560000	-0.457962	0.066864	-0.100397	-0.040601	-0.988132	0.021964
0.580000	-0.427320	0.064323	-0.091983	-0.041331	-0.987772	0.020962
0.600000	-0.395578	0.062005	-0.085829	-0.041986	-0.987438	0.019822
0.620000	-0.362913	0.059864	-0.082260	-0.042539	-0.987138	0.018529
0.640000	-0.329684	0.057864	-0.081262	-0.042983	-0.986876	0.017093
0.660000	-0.296395	0.055980	-0.082538	-0.043325	-0.986654	0.015543
0.680000	-0.263555	0.054188	-0.085786	-0.043570	-0.986474	0.013908
0.700000	-0.231673	0.052462	-0.090699	-0.043724	-0.986337	0.012219
0.720000	-0.201261	0.050777	-0.096975	-0.043795	-0.986246	0.010505
0.740000	-0.172825	0.049111	-0.104309	-0.043788	-0.986202	0.008796
0.760000	-0.146877	0.047436	-0.112396	-0.043711	-0.986208	0.007122
0.780000	-0.123925	0.045730	-0.120933	-0.043569	-0.986264	0.005512
0.800000	-0.104480	0.043967	-0.129616	-0.043368	-0.986373	0.003997
0.820000	-0.089050	0.042123	-0.138139	-0.043116	-0.986536	0.002605
0.840000	-0.078144	0.040172	-0.146199	-0.042819	-0.986755	0.001368
0.860000	-0.072273	0.038091	-0.153492	-0.042482	-0.987033	0.000314
0.880000	-0.071946	0.035854	-0.159713	-0.042113	-0.987370	-0.000526
0.900000	-0.077672	0.033436	-0.164558	-0.041718	-0.987768	-0.001124
0.920000	-0.089960	0.030814	-0.167722	-0.041303	-0.988230	-0.001448
0.940000	-0.109143	0.027961	-0.168964	-0.040874	-0.988756	-0.001477
0.960000	-0.134591	0.024836	-0.168376	-0.040438	-0.989337	-0.001228
0.980000	-0.165347	0.021398	-0.166162	-0.039998	-0.989964	-0.000731
1.000000	-0.200455	0.017604	-0.162528	-0.039561	-0.990625	-0.000017
1.020000	-0.238957	0.013411	-0.157680	-0.039131	-0.991309	0.000883
1.040000	-0.279896	0.008775	-0.151824	-0.038714	-0.992007	0.001940
1.060000	-0.322316	0.003654	-0.145165	-0.038315	-0.992707	0.003122
1.080000	-0.365261	-0.001995	-0.137909	-0.037939	-0.993399	0.004398
1.100000	-0.407772	-0.008215	-0.130261	-0.037591	-0.994072	0.005739
1.120000	-0.448894	-0.015049	-0.122427	-0.037277	-0.994716	0.007114
1.140000	-0.487670	-0.022539	-0.114613	-0.037001	-0.995319	0.008491
1.160000	-0.523143	-0.030729	-0.107024	-0.036769	-0.995871	0.009841
1.180000	-0.554356	-0.039662	-0.099866	-0.036586	-0.996363	0.011133
1.200000	-0.580352	-0.049380	-0.093344	-0.036457	-0.996781	0.012337
1.220000	-0.600174	-0.059926	-0.087664	-0.036387	-0.997118	0.013421
1.240000	-0.612870	-0.071343	-0.083031	-0.036382	-0.997360	0.014355
1.260000	-0.617979	-0.083537	-0.079577	-0.036442	-0.997505	0.015124
1.280000	-0.616073	-0.096132	-0.077282	-0.036558	-0.997561	0.015740
1.300000	-0.607853	-0.108719	-0.076106	-0.036721	-0.997537	0.016221
1.320000	-0.594018	-0.120887	-0.076010	-0.036921	-0.997444	0.016584
1.340000	-0.575270	-0.132226	-0.076955	-0.037147	-0.997293	0.016847
1.360000	-0.552308	-0.142324	-0.078901	-0.037390	-0.997092	0.017027
1.380000	-0.525833	-0.150771	-0.081808	-0.037641	-0.996853	0.017141
1.400000	-0.496545	-0.157158	-0.085637	-0.037888	-0.996586	0.017206
1.420000	-0.465144	-0.161073	-0.090350	-0.038123	-0.996300	0.017240
1.440000	-0.432331	-0.162105	-0.095905	-0.038335	-0.996005	0.017260
1.460000	-0.398806	-0.159845	-0.102265	-0.038515	-0.995713	0.017284
1.480000	-0.365269	-0.153882	-0.109388	-0.038652	-0.995432	0.017328
1.500000	-0.332420	-0.143806	-0.117237	-0.038737	-0.995174	0.017410
1.520000	-0.300961	-0.129205	-0.125772	-0.038760	-0.994947	0.017547
1.540000	-0.271590	-0.109669	-0.134953	-0.038711	-0.994763	0.017757
1.560000	-0.245009	-0.084789	-0.144741	-0.038579	-0.994632	0.018056
1.580000	-0.221787	-0.054337	-0.155075	-0.038359	-0.994561	0.018457
1.600000	-0.201922	-0.018896	-0.165807	-0.038056	-0.994549	0.018948
1.620000	-0.185256	0.020735	-0.176763	-0.037679	-0.994591	0.019509
1.640000	-0.171629	0.063752	-0.187769	-0.037236	-0.994684	0.020123
1.660000	-0.160886	0.109356	-0.198651	-0.036738	-0.994822	0.020770
1.680000	-0.152865	0.156744	-0.209236	-0.036192	-0.995003	0.021431
1.700000	-0.147411	0.205116	-0.219349	-0.035609	-0.995222	0.022089
1.720000	-0.144364	0.253670	-0.228817	-0.034998	-0.995474	0.022725
1.740000	-0.143567	0.301605	-0.237467	-0.034366	-0.995755	0.023319
1.760000	-0.144860	0.348119	-0.245123	-0.033725	-0.996061	0.023853
1.780000	-0.148087	0.392411	-0.251614	-0.033082	-0.996388	0.024309
1.800000	-0.153088	0.433680	-0.256764	-0.032447	-0.996732	0.024667
1.820000	-0.159705	0.471125	-0.260401	-0.031828	-0.997087	0.024909
1.840000	-0.167780	0.503943	-0.262349	-0.031236	-0.997452	0.025017
1.860000	-0.177156	0.531334	-0.262436	-0.030679	-0.997820	0.024971
1.880000	-0.187673	0.552497	-0.260488	-0.030165	-0.998187	0.024754
1.900000	-0.199174	0.566701	-0.256361	-0.029705	-0.998550	0.024349
1.920000	-0.211501	0.573912	-0.250192	-0.029305	-0.998901	0.023769
1.940000	-0.224498	0.574488	-0.242282	-0.028969	-0.999232	0.023046
