0.000000	-0.351655	0.264483	-0.229776	-0.059818	-0.989232	-0.010138
0.020000	-0.344359	0.278909	-0.234019	-0.060212	-0.989913	-0.010492
0.040000	-0.335141	0.292432	-0.237416	-0.060642	-0.990605	-0.010780
0.060000	-0.324382	0.305002	-0.240008	-0.061089	-0.991296	-0.011009
0.080000	-0.312460	0.316566	-0.241837	-0.061534	-0.991974	-0.011185
0.100000	-0.299756	0.327074	-0.242945	-0.061959	-0.992626	-0.011318
0.120000	-0.286650	0.336473	-0.243375	-0.062343	-0.993240	-0.011414
0.140000	-0.273521	0.344714	-0.243167	-0.062669	-0.993803	-0.011481
0.160000	-0.260750	0.351744	-0.242364	-0.062917	-0.994303	-0.011526
0.180000	-0.248716	0.357512	-0.241008	-0.063069	-0.994728	-0.011556
0.200000	-0.237799	0.361968	-0.239141	-0.063104	-0.995064	-0.011580
0.220000	-0.228379	0.365059	-0.236805	-0.063005	-0.995300	-0.011604
0.240000	-0.220837	0.366734	-0.234041	-0.062752	-0.995423	-0.011636
0.260000	-0.215551	0.366943	-0.230892	-0.062327	-0.995421	-0.011683
0.280000	-0.212891	0.365634	-0.227400	-0.061711	-0.995281	-0.011754
0.300000	-0.212909	0.362796	-0.223604	-0.060909	-0.995003	-0.011851
0.320000	-0.215298	0.358459	-0.219547	-0.059957	-0.994597	-0.011979
0.340000	-0.219728	0.352655	-0.215267	-0.058887	-0.994077	-0.012138
0.360000	-0.225871	0.345416	-0.210804	-0.057737	-0.993455	-0.012330
0.380000	-0.233398	0.336775	-0.206200	-0.056540	-0.992743	-0.012558
0.400000	-0.241981	0.326765	-0.201492	-0.055331	-0.991952	-0.012823
0.420000	-0.251292	0.315418	-0.196723	-0.054145	-0.991096	-0.013126
0.440000	-0.261001	0.302766	-0.191931	-0.053018	-0.990187	-0.013470
0.460000	-0.270780	0.288842	-0.187157	-0.051985	-0.989237	-0.013857
0.480000	-0.280301	0.273679	-0.182441	-0.051079	-0.988258	-0.014288
0.500000	-0.289235	0.257308	-0.177822	-0.050337	-0.987262	-0.014765
0.520000	-0.297253	0.239763	-0.173341	-0.049793	-0.986262	-0.015291
0.540000	-0.304028	0.221075	-0.169038	-0.049483	-0.985270	-0.015866
0.560000	-0.309230	0.201278	-0.164953	-0.049440	-0.984299	-0.016493
0.580000	-0.312531	0.180404	-0.161125	-0.049701	-0.983359	-0.017174
0.600000	-0.313648	0.158504	-0.157591	-0.050293	-0.982465	-0.017908
0.620000	-0.312670	0.135787	-0.154348	-0.051194	-0.981625	-0.018687
0.640000	-0.309860	0.112535	-0.151379	-0.052356	-0.980848	-0.019495
0.660000	-0.305483	0.089032	-0.148664	-0.053731	-0.980144	-0.020316
0.680000	-0.299807	0.065560	-0.146184	-0.055272	-0.979520	-0.021136
0.700000	-0.293096	0.042404	-0.143920	-0.056929	-0.978988	-0.021940
0.720000	-0.285616	0.019845	-0.141853	-0.058656	-0.978554	-0.022712
0.740000	-0.277632	-0.001832	-0.139965	-0.060405	-0.978228	-0.023436
0.760000	-0.269411	-0.022345	-0.138235	-0.062128	-0.978020	-0.024099
0.780000	-0.261218	-0.041410	-0.136646	-0.063776	-0.977937	-0.024685
0.800000	-0.253319	-0.058744	-0.135178	-0.065303	-0.977990	-0.025178
0.820000	-0.245979	-0.074064	-0.133812	-0.066659	-0.978186	-0.025563
0.840000	-0.239464	-0.087087	-0.132529	-0.067798	-0.978535	-0.025826
0.860000	-0.234040	-0.097530	-0.131310	-0.068672	-0.979046	-0.025951
0.880000	-0.229972	-0.105109	-0.130137	-0.069231	-0.979727	-0.025922
0.900000	-0.227506	-0.109573	-0.128992	-0.069434	-0.980586	-0.025727
0.920000	-0.226662	-0.111019	-0.127874	-0.069285	-0.981614	-0.025368
0.940000	-0.227321	-0.109761	-0.126795	-0.068818	-0.982787	-0.024857
0.960000	-0.229363	-0.106116	-0.125767	-0.068069	-0.984085	-0.024208
0.980000	-0.232668	-0.100399	-0.124799	-0.067071	-0.985487	-0.023433
1.000000	-0.237114	-0.092928	-0.123905	-0.065861	-0.986970	-0.022544
1.020000	-0.242582	-0.084019	-0.123093	-0.064473	-0.988514	-0.021556
1.040000	-0.248950	-0.073988	-0.122376	-0.062943	-0.990097	-0.020480
1.060000	-0.256098	-0.063151	-0.121765	-0.061304	-0.991698	-0.019330
1.080000	-0.263905	-0.051826	-0.121271	-0.059593	-0.993294	-0.018118
1.100000	-0.272252	-0.040329	-0.120905	-0.057844	-0.994865	-0.016857
1.120000	-0.281016	-0.028977	-0.120678	-0.056092	-0.996389	-0.015559
1.140000	-0.290079	-0.018085	-0.120602	-0.054372	-0.997845	-0.014239
1.160000	-0.299318	-0.007970	-0.120687	-0.052718	-0.999210	-0.012908
1.180000	-0.308614	0.001050	-0.120945	-0.051167	-1.000465	-0.011580
1.200000	-0.317846	0.008661	-0.121386	-0.049753	-1.001586	-0.010266
1.220000	-0.326893	0.014544	-0.122023	-0.048511	-1.002553	-0.008981
1.240000	-0.335634	0.018445	-0.122867	-0.047471	-1.003348	-0.007736
1.260000	-0.343941	0.020488	-0.123939	-0.046630	-1.003968	-0.006538
1.280000	-0.351682	0.020950	-0.125266	-0.045974	-1.004422	-0.005393
1.300000	-0.358727	0.020107	-0.126870	-0.045488	-1.004716	-0.004307
1.320000	-0.364945	0.018234	-0.128777	-0.045156	-1.004855	-0.003284
1.340000	-0.370205	0.015609	-0.131012	-0.044964	-1.004847	-0.002331
1.360000	-0.374376	0.012506	-0.133599	-0.044896	-1.004698	-0.001453
1.380000	-0.377328	0.009203	-0.136563	-0.044938	-1.004414	-0.000655
1.400000	-0.378929	0.005975	-0.139929	-0.045075	-1.004003	0.000057
1.420000	-0.379048	0.003097	-0.143721	-0.045292	-1.003470	0.000678
1.440000	-0.377556	0.000847	-0.147964	-0.045573	-1.002822	0.001203
1.460000	-0.374321	-0.000499	-0.152684	-0.045904	-1.002066	0.001625
1.480000	-0.369211	-0.000667	-0.157904	-0.046271	-1.001208	0.001939
1.500000	-0.362097	0.000622	-0.163649	-0.046657	-1.000255	0.002140
1.520000	-0.352848	0.003641	-0.169944	-0.047048	-0.999213	0.002222
1.540000	-0.341332	0.008668	-0.176814	-0.047428	-0.998089	0.002181
1.560000	-0.327581	0.015835	-0.184251	-0.047789	-0.996889	0.002014
1.580000	-0.312010	0.024939	-0.192165	-0.048130	-0.995623	0.001731
1.600000	-0.295090	0.035725	-0.200458	-0.048454	-0.994297	0.001344
1.620000	-0.277293	0.047937	-0.209030	-0.048763	-0.992920	0.000862
1.640000	-0.259091	0.061322	-0.217782	-0.049060	-0.991501	0.000298
1.660000	-0.240955	0.075623	-0.226613	-0.049347	-0.990048	-0.000338
1.680000	-0.223358	0.090588	-0.235425	-0.049627	-0.988569	-0.001035
1.700000	-0.206771	0.105961	-0.244118	-0.049902	-0.987072	-0.001782
1.720000	-0.191666	0.121487	-0.252592	-0.050175	-0.985565	-0.002568
1.740000	-0.178515	0.136911	-0.260748	-0.050447	-0.984058	-0.003382
1.760000	-0.167788	0.151980	-0.268486	-0.050722	-0.982557	-0.004214
1.780000	-0.159959	0.166437	-0.275706	-0.051002	-0.981071	-0.005051
1.800000	-0.155499	0.180030	-0.282310	-0.051289	-0.979609	-0.005884
1.820000	-0.154879	0.192502	-0.288197	-0.051586	-0.978179	-0.006701
1.840000	-0.158571	0.203599	-0.293267	-0.051896	-0.976788	-0.007491
1.860000	-0.167047	0.213067	-0.297422	-0.052220	-0.975446	-0.008243
1.880000	-0.180634	0.220704	-0.300580	-0.052560	-0.974161	-0.008947
