0.000000	-0.053350	0.125441	-0.207302	-0.025110	-0.991854	0.022037
0.020000	-0.071768	0.127479	-0.201260	-0.025459	-0.992524	0.022888
0.040000	-0.092539	0.131769	-0.197006	-0.025735	-0.993179	0.023818
0.060000	-0.115497	0.138343	-0.194588	-0.025929	-0.993810	0.024813
0.080000	-0.140277	0.146897	-0.193738	-0.026045	-0.994411	0.025853
0.100000	-0.166497	0.157102	-0.194164	-0.026086	-0.994972	0.026913
0.120000	-0.193776	0.168632	-0.195577	-0.026056	-0.995486	0.027973
0.140000	-0.221733	0.181159	-0.197685	-0.025958	-0.995946	0.029008
0.160000	-0.249988	0.194357	-0.200199	-0.025798	-0.996342	0.029998
0.180000	-0.278160	0.207897	-0.202828	-0.025577	-0.996668	0.030919
0.200000	-0.305868	0.221452	-0.205282	-0.025302	-0.996915	0.031749
0.220000	-0.332730	0.234696	-0.207270	-0.024974	-0.997076	0.032466
0.240000	-0.358366	0.247301	-0.208502	-0.024598	-0.997142	0.033047
0.260000	-0.382396	0.258939	-0.208688	-0.024178	-0.997105	0.033469
0.280000	-0.404438	0.269284	-0.207537	-0.023717	-0.996958	0.033711
0.300000	-0.424111	0.278007	-0.204759	-0.023220	-0.996692	0.033749
0.320000	-0.441035	0.284783	-0.200063	-0.022690	-0.996300	0.033561
0.340000	-0.454828	0.289283	-0.193159	-0.022131	-0.995774	0.033125
0.360000	-0.465155	0.291215	-0.183796	-0.021547	-0.995108	0.032422
0.380000	-0.472100	0.290621	-0.172100	-0.020952	-0.994310	0.031469
0.400000	-0.475979	0.287725	-0.158403	-0.020363	-0.993400	0.030303
0.420000	-0.477111	0.282752	-0.143040	-0.019796	-0.992397	0.028959
0.440000	-0.475815	0.275931	-0.126344	-0.019270	-0.991318	0.027476
0.460000	-0.472409	0.267486	-0.108650	-0.018801	-0.990182	0.025889
0.480000	-0.467212	0.257643	-0.090293	-0.018407	-0.989009	0.024235
0.500000	-0.460544	0.246630	-0.071607	-0.018105	-0.987816	0.022552
0.520000	-0.452722	0.234673	-0.052927	-0.017912	-0.986621	0.020875
0.540000	-0.444066	0.221997	-0.034586	-0.017846	-0.985445	0.019241
0.560000	-0.434894	0.208830	-0.016920	-0.017924	-0.984304	0.017687
0.580000	-0.425525	0.195397	-0.000262	-0.018162	-0.983219	0.016251
0.600000	-0.416277	0.181924	0.015052	-0.018579	-0.982206	0.014968
0.620000	-0.407470	0.168638	0.028690	-0.019191	-0.981285	0.013875
0.640000	-0.399422	0.155766	0.040315	-0.020017	-0.980475	0.013009
0.660000	-0.392452	0.143533	0.049594	-0.021072	-0.979794	0.012406
0.680000	-0.386872	0.132160	0.056202	-0.022374	-0.979259	0.012103
0.700000	-0.382808	0.121716	0.060089	-0.023911	-0.978878	0.012101
0.720000	-0.380191	0.112108	0.061496	-0.025643	-0.978639	0.012367
0.740000	-0.378938	0.103233	0.060679	-0.027528	-0.978536	0.012865
0.760000	-0.378970	0.094991	0.057896	-0.029524	-0.978558	0.013560
0.780000	-0.380205	0.087279	0.053402	-0.031589	-0.978696	0.014416
0.800000	-0.382562	0.079996	0.047455	-0.033682	-0.978941	0.015399
0.820000	-0.385960	0.073039	0.040311	-0.035759	-0.979285	0.016473
0.840000	-0.390319	0.066308	0.032226	-0.037781	-0.979717	0.017602
0.860000	-0.395558	0.059701	0.023458	-0.039704	-0.980228	0.018751
0.880000	-0.401595	0.053115	0.014262	-0.041487	-0.980811	0.019885
0.900000	-0.408350	0.046449	0.004895	-0.043087	-0.981454	0.020969
0.920000	-0.415741	0.039601	-0.004387	-0.044464	-0.982149	0.021966
0.940000	-0.423689	0.032470	-0.013325	-0.045574	-0.982888	0.022843
0.960000	-0.432112	0.024954	-0.021666	-0.046377	-0.983660	0.023562
0.980000	-0.440928	0.016950	-0.029150	-0.046830	-0.984456	0.024090
1.000000	-0.450061	0.008371	-0.035554	-0.046898	-0.985268	0.024396
1.020000	-0.459448	-0.000779	-0.040879	-0.046603	-0.986086	0.024493
1.040000	-0.469040	-0.010451	-0.045230	-0.045990	-0.986902	0.024413
1.060000	-0.478783	-0.020597	-0.048713	-0.045104	-0.987706	0.024187
1.080000	-0.488627	-0.031170	-0.051433	-0.043990	-0.988489	0.023849
1.100000	-0.498519	-0.042120	-0.053497	-0.042694	-0.989242	0.023430
1.120000	-0.508407	-0.053400	-0.055010	-0.041262	-0.989957	0.022961
1.140000	-0.518240	-0.064962	-0.056077	-0.039739	-0.990623	0.022476
1.160000	-0.527966	-0.076757	-0.056804	-0.038170	-0.991233	0.022005
1.180000	-0.537533	-0.088737	-0.057298	-0.036600	-0.991777	0.021581
1.200000	-0.546889	-0.100854	-0.057663	-0.035076	-0.992246	0.021235
1.220000	-0.555983	-0.113059	-0.058005	-0.033643	-0.992631	0.021001
1.240000	-0.564762	-0.125305	-0.058429	-0.032345	-0.992924	0.020909
1.260000	-0.573176	-0.137544	-0.059043	-0.031230	-0.993114	0.020991
1.280000	-0.581171	-0.149726	-0.059950	-0.030341	-0.993193	0.021281
1.300000	-0.588697	-0.161804	-0.061257	-0.029725	-0.993152	0.021808
1.320000	-0.595667	-0.173691	-0.063035	-0.029407	-0.992988	0.022590
1.340000	-0.601897	-0.185190	-0.065262	-0.029359	-0.992714	0.023594
1.360000	-0.607188	-0.196088	-0.067897	-0.029543	-0.992347	0.024780
1.380000	-0.611340	-0.206170	-0.070903	-0.029922	-0.991901	0.026110
1.400000	-0.614153	-0.215223	-0.074239	-0.030457	-0.991394	0.027543
1.420000	-0.615429	-0.223031	-0.077867	-0.031112	-0.990841	0.029040
1.440000	-0.614968	-0.229382	-0.081748	-0.031849	-0.990259	0.030562
1.460000	-0.612569	-0.234060	-0.085842	-0.032629	-0.989663	0.032069
1.480000	-0.608034	-0.236852	-0.090110	-0.033416	-0.989070	0.033522
1.500000	-0.601162	-0.237543	-0.094513	-0.034172	-0.988495	0.034881
1.520000	-0.591755	-0.235920	-0.099013	-0.034858	-0.987955	0.036106
1.540000	-0.579612	-0.231768	-0.103569	-0.035438	-0.987465	0.037158
1.560000	-0.564534	-0.224872	-0.108143	-0.035874	-0.987043	0.037999
1.580000	-0.546321	-0.215019	-0.112695	-0.036128	-0.986703	0.038587
1.600000	-0.524774	-0.201995	-0.117187	-0.036162	-0.986461	0.038883
1.620000	-0.499693	-0.185585	-0.121579	-0.035938	-0.986335	0.038849
1.640000	-0.470966	-0.165650	-0.125835	-0.035429	-0.986337	0.038453
1.660000	-0.438994	-0.142492	-0.129931	-0.034653	-0.986458	0.037720
1.680000	-0.404368	-0.116573	-0.133849	-0.033651	-0.986685	0.036693
1.700000	-0.367679	-0.088357	-0.137572	-0.032463	-0.987004	0.035415
1.720000	-0.329517	-0.058309	-0.141081	-0.031126	-0.987398	0.033930
1.740000	-0.290474	-0.026890	-0.144358	-0.029680	-0.987855	0.032281
1.760000	-0.251140	0.005433	-0.147386	-0.028166	-0.988358	0.030512
1.780000	-0.212106	0.038200	-0.150146	-0.026620	-0.988894	0.028667
1.800000	-0.173963	0.070945	-0.152621	-0.025084	-0.989448	0.026789
1.820000	-0.137301	0.103205	-0.154792	-0.023597	-0.990006	0.024921
1.840000	-0.102712	0.134516	-0.156641	-0.022197	-0.990551	0.023108
