0.000000	-0.334469	0.292183	-0.177113	-0.055978	-0.993663	-0.008892
0.020000	-0.339890	0.298830	-0.174587	-0.054206	-0.994942	-0.009550
0.040000	-0.344770	0.304103	-0.171922	-0.052319	-0.996254	-0.010282
0.060000	-0.349067	0.307906	-0.169237	-0.050365	-0.997559	-0.011078
0.080000	-0.352738	0.310145	-0.166652	-0.048391	-0.998818	-0.011928
0.100000	-0.355740	0.310722	-0.164288	-0.046446	-0.999991	-0.012821
0.120000	-0.358031	0.309543	-0.162266	-0.044577	-1.001039	-0.013746
0.140000	-0.359566	0.306511	-0.160705	-0.042832	-1.001922	-0.014694
0.160000	-0.360303	0.301531	-0.159726	-0.041259	-1.002601	-0.015653
0.180000	-0.360198	0.294507	-0.159450	-0.039906	-1.003036	-0.016614
0.200000	-0.359210	0.285344	-0.159996	-0.038819	-1.003187	-0.017564
0.220000	-0.357303	0.273985	-0.161469	-0.038043	-1.003021	-0.018496
0.240000	-0.354523	0.260754	-0.163829	-0.037575	-1.002553	-0.019403
0.260000	-0.350961	0.246178	-0.166953	-0.037386	-1.001828	-0.020282
0.280000	-0.346705	0.230792	-0.170720	-0.037450	-1.000889	-0.021132
0.300000	-0.341848	0.215127	-0.175006	-0.037737	-0.999780	-0.021950
0.320000	-0.336479	0.199714	-0.179690	-0.038220	-0.998546	-0.022733
0.340000	-0.330688	0.185087	-0.184648	-0.038871	-0.997231	-0.023478
0.360000	-0.324567	0.171777	-0.189759	-0.039661	-0.995879	-0.024184
0.380000	-0.318205	0.160317	-0.194901	-0.040563	-0.994534	-0.024847
0.400000	-0.311693	0.151238	-0.199950	-0.041549	-0.993240	-0.025465
0.420000	-0.305121	0.145072	-0.204784	-0.042591	-0.992041	-0.026036
0.440000	-0.298581	0.142352	-0.209282	-0.043660	-0.990981	-0.026557
0.460000	-0.292161	0.143611	-0.213320	-0.044728	-0.990105	-0.027026
0.480000	-0.285953	0.149379	-0.216776	-0.045769	-0.989457	-0.027439
0.500000	-0.280047	0.160189	-0.219527	-0.046752	-0.989080	-0.027795
0.520000	-0.274533	0.176573	-0.221452	-0.047652	-0.989019	-0.028090
0.540000	-0.269478	0.198642	-0.222459	-0.048445	-0.989301	-0.028325
0.560000	-0.264870	0.225065	-0.222566	-0.049133	-0.989894	-0.028503
0.580000	-0.260678	0.254201	-0.221811	-0.049719	-0.990755	-0.028633
0.600000	-0.256871	0.284411	-0.220235	-0.050211	-0.991840	-0.028719
0.620000	-0.253419	0.314054	-0.217877	-0.050612	-0.993104	-0.028769
0.640000	-0.250292	0.341492	-0.214778	-0.050928	-0.994504	-0.028788
0.660000	-0.247460	0.365085	-0.210978	-0.051163	-0.995996	-0.028784
0.680000	-0.244892	0.383192	-0.206515	-0.051324	-0.997536	-0.028762
0.700000	-0.242558	0.394174	-0.201430	-0.051414	-0.999081	-0.028729
0.720000	-0.240427	0.396392	-0.195763	-0.051440	-1.000585	-0.028692
0.740000	-0.238470	0.388204	-0.189554	-0.051405	-1.002006	-0.028656
0.760000	-0.236656	0.367973	-0.182842	-0.051316	-1.003299	-0.028629
0.780000	-0.234954	0.334057	-0.175667	-0.051177	-1.004421	-0.028615
0.800000	-0.233335	0.284818	-0.168069	-0.050994	-1.005327	-0.028623
0.820000	-0.231767	0.218615	-0.160088	-0.050772	-1.005974	-0.028658
0.840000	-0.230221	0.133809	-0.151764	-0.050515	-1.006318	-0.028727
0.860000	-0.228667	0.028768	-0.143136	-0.050228	-1.006315	-0.028836
0.880000	-0.227085	-0.096563	-0.134270	-0.049919	-1.005949	-0.028984
0.900000	-0.225480	-0.238900	-0.125282	-0.049593	-1.005260	-0.029157
0.920000	-0.223859	-0.394531	-0.116295	-0.049257	-1.004296	-0.029336
0.940000	-0.222230	-0.559745	-0.107434	-0.048920	-1.003108	-0.029505
0.960000	-0.220601	-0.730828	-0.098823	-0.048587	-1.001741	-0.029646
0.980000	-0.218979	-0.904071	-0.090584	-0.048268	-1.000246	-0.029742
1.000000	-0.217372	-1.075760	-0.082841	-0.047967	-0.998670	-0.029775
1.020000	-0.215787	-1.242184	-0.075718	-0.047694	-0.997063	-0.029729
1.040000	-0.214233	-1.399631	-0.069339	-0.047455	-0.995471	-0.029587
1.060000	-0.212716	-1.544389	-0.063828	-0.047257	-0.993944	-0.029330
1.080000	-0.211244	-1.672746	-0.059307	-0.047107	-0.992530	-0.028942
1.100000	-0.209825	-1.780990	-0.055901	-0.047013	-0.991277	-0.028406
1.120000	-0.208466	-1.865410	-0.053732	-0.046982	-0.990235	-0.027703
1.140000	-0.207175	-1.922294	-0.052926	-0.047022	-0.989450	-0.026818
1.160000	-0.205960	-1.947932	-0.053605	-0.047138	-0.988972	-0.025732
1.180000	-0.204811	-1.940277	-0.055820	-0.047335	-0.988828	-0.024440
1.200000	-0.203674	-1.901880	-0.059422	-0.047601	-0.988987	-0.022968
1.220000	-0.202485	-1.836081	-0.064226	-0.047925	-0.989408	-0.021349
1.240000	-0.201182	-1.746217	-0.070048	-0.048294	-0.990049	-0.019613
1.260000	-0.199701	-1.635630	-0.076704	-0.048696	-0.990870	-0.017792
1.280000	-0.197980	-1.507656	-0.084010	-0.049119	-0.991829	-0.015919
1.300000	-0.195956	-1.365636	-0.091782	-0.049550	-0.992886	-0.014026
1.320000	-0.193566	-1.212908	-0.099835	-0.049977	-0.993999	-0.012143
1.340000	-0.190747	-1.052812	-0.107986	-0.050388	-0.995128	-0.010302
1.360000	-0.187437	-0.888687	-0.116049	-0.050770	-0.996231	-0.008536
1.380000	-0.183571	-0.723871	-0.123842	-0.051111	-0.997267	-0.006877
1.400000	-0.179088	-0.561703	-0.131179	-0.051399	-0.998196	-0.005355
1.420000	-0.173924	-0.405523	-0.137877	-0.051621	-0.998975	-0.004003
1.440000	-0.168016	-0.258670	-0.143752	-0.051766	-0.999565	-0.002853
1.460000	-0.161302	-0.124483	-0.148618	-0.051820	-0.999924	-0.001936
1.480000	-0.153719	-0.006301	-0.152293	-0.051772	-1.000011	-0.001284
1.500000	-0.145240	0.093071	-0.154630	-0.051612	-0.999793	-0.000922
1.520000	-0.136059	0.173983	-0.155708	-0.051351	-0.999293	-0.000831
1.540000	-0.126450	0.237939	-0.155689	-0.051004	-0.998548	-0.000979
1.560000	-0.116685	0.286448	-0.154736	-0.050589	-0.997600	-0.001331
1.580000	-0.107039	0.321017	-0.153009	-0.050122	-0.996488	-0.001854
1.600000	-0.097785	0.343155	-0.150670	-0.049619	-0.995253	-0.002514
1.620000	-0.089197	0.354369	-0.147883	-0.049098	-0.993934	-0.003277
1.640000	-0.081548	0.356166	-0.144808	-0.048576	-0.992571	-0.004111
1.660000	-0.075111	0.350054	-0.141608	-0.048068	-0.991204	-0.004981
1.680000	-0.070161	0.337541	-0.138444	-0.047591	-0.989873	-0.005854
1.700000	-0.066971	0.320134	-0.135479	-0.047162	-0.988619	-0.006696
1.720000	-0.065814	0.299342	-0.132874	-0.046799	-0.987480	-0.007474
1.740000	-0.066965	0.276671	-0.130791	-0.046516	-0.986498	-0.008153
1.760000	-0.070696	0.253631	-0.129392	-0.046332	-0.985712	-0.008701
1.780000	-0.077281	0.231727	-0.128840	-0.046263	-0.985161	-0.009083
1.800000	-0.086994	0.212468	-0.129295	-0.046325	-0.984887	-0.009267
1.820000	-0.100085	0.197286	-0.130907	-0.046533	-0.984925	-0.009220
1.840000	-0.116460	0.186544	-0.133640	-0.046886	-0.985267	-0.008949
1.860000	-0.135778	0.179819	-0.137321	-0.047367	-0.985871	-0.008483
1.880000	-0.157689	0.176669	-0.141775	-0.047958	-0.986694	-0.007855
1.900000	-0.181845	0.176655	-0.146825	-0.048645	-0.987691	-0.007096
1.920000	-0.207897	0.179334	-0.152298	-0.049410	-0.988821	-0.006238
1.940000	-0.235497	0.184266	-0.158016	-0.050237	-0.990041	-0.005313
1.960000	-0.264295	0.191009	-0.163805	-0.051110	-0.991306	-0.004353
1.980000	-0.293943	0.199123	-0.169489	-0.052011	-0.992575	-0.003389
2.000000	-0.324092	0.208166	-0.174892	-0.052925	-0.993804	-0.002453
2.020000	-0.354394	0.217696	-0.179840	-0.053835	-0.994950	-0.001577
2.040000	-0.384499	0.227274	-0.184156	-0.054725	-0.995969	-0.000792
2.060000	-0.414059	0.236457	-0.187665	-0.055577	-0.996819	-0.000131
2.080000	-0.442725	0.244804	-0.190191	-0.056376	-0.997458	0.000376
2.100000	-0.470148	0.251876	-0.191559	-0.057106	-0.997840	0.000695
