0.000000	-0.266338	-0.112676	-0.064845	-0.055799	-0.840783	0.421314
0.020000	-0.264014	-0.124398	-0.056921	-0.055500	-0.840594	0.421084
0.040000	-0.261346	-0.132845	-0.051006	-0.055158	-0.840278	0.420781
0.060000	-0.258408	-0.138214	-0.047000	-0.054780	-0.839854	0.420412
0.080000	-0.255274	-0.140704	-0.044803	-0.054372	-0.839336	0.419984
0.100000	-0.252018	-0.140514	-0.044315	-0.053939	-0.838741	0.419501
0.120000	-0.248714	-0.137843	-0.045436	-0.053488	-0.838085	0.418970
0.140000	-0.245435	-0.132887	-0.048067	-0.053026	-0.837385	0.418398
0.160000	-0.242257	-0.125847	-0.052108	-0.052558	-0.836656	0.417789
0.180000	-0.239252	-0.116920	-0.057458	-0.052091	-0.835916	0.417150
0.200000	-0.236494	-0.106305	-0.064019	-0.051630	-0.835180	0.416487
0.220000	-0.234058	-0.094200	-0.071689	-0.051182	-0.834465	0.415806
0.240000	-0.232017	-0.080805	-0.080370	-0.050753	-0.833787	0.415114
0.260000	-0.230445	-0.066316	-0.089961	-0.050349	-0.833163	0.414415
0.280000	-0.229416	-0.050933	-0.100363	-0.049977	-0.832608	0.413716
0.300000	-0.229004	-0.034855	-0.111475	-0.049642	-0.832138	0.413022
0.320000	-0.229274	-0.018275	-0.123195	-0.049350	-0.831770	0.412341
0.340000	-0.230202	-0.001359	-0.135391	-0.049105	-0.831502	0.411678
0.360000	-0.231719	0.015747	-0.147916	-0.048907	-0.831326	0.411040
0.380000	-0.233757	0.032895	-0.160623	-0.048757	-0.831235	0.410434
0.400000	-0.236245	0.049937	-0.173364	-0.048658	-0.831221	0.409866
0.420000	-0.239115	0.066728	-0.185993	-0.048610	-0.831275	0.409342
0.440000	-0.242296	0.083119	-0.198362	-0.048614	-0.831390	0.408870
0.460000	-0.245719	0.098964	-0.210324	-0.048672	-0.831557	0.408455
0.480000	-0.249315	0.114114	-0.221732	-0.048784	-0.831770	0.408105
0.500000	-0.253013	0.128424	-0.232439	-0.048953	-0.832019	0.407826
0.520000	-0.256745	0.141745	-0.242298	-0.049179	-0.832296	0.407624
0.540000	-0.260442	0.153931	-0.251161	-0.049464	-0.832595	0.407507
0.560000	-0.264033	0.164834	-0.258882	-0.049809	-0.832906	0.407480
0.580000	-0.267449	0.174307	-0.265313	-0.050214	-0.833222	0.407551
0.600000	-0.270620	0.182202	-0.270306	-0.050682	-0.833534	0.407725
0.620000	-0.273478	0.188374	-0.273716	-0.051214	-0.833836	0.408010
0.640000	-0.275953	0.192680	-0.275401	-0.051810	-0.834118	0.408412
0.660000	-0.278009	0.195154	-0.275376	-0.052465	-0.834375	0.408930
0.680000	-0.279639	0.196008	-0.273820	-0.053166	-0.834605	0.409556
0.700000	-0.280841	0.195463	-0.270920	-0.053902	-0.834803	0.410283
0.720000	-0.281610	0.193739	-0.266863	-0.054659	-0.834967	0.411101
0.740000	-0.281942	0.191057	-0.261835	-0.055424	-0.835093	0.412003
0.760000	-0.281834	0.187639	-0.256023	-0.056186	-0.835178	0.412981
0.780000	-0.281282	0.183704	-0.249613	-0.056931	-0.835220	0.414026
0.800000	-0.280281	0.179475	-0.242792	-0.057647	-0.835214	0.415130
0.820000	-0.278828	0.175172	-0.235746	-0.058321	-0.835158	0.416285
0.840000	-0.276920	0.171016	-0.228663	-0.058940	-0.835048	0.417483
0.860000	-0.274552	0.167227	-0.221728	-0.059493	-0.834882	0.418715
0.880000	-0.271720	0.164027	-0.215129	-0.059965	-0.834655	0.419974
0.900000	-0.268421	0.161636	-0.209051	-0.060344	-0.834366	0.421251
0.920000	-0.264650	0.160275	-0.203682	-0.060619	-0.834010	0.422538
0.940000	-0.260405	0.160166	-0.199209	-0.060776	-0.833585	0.423827
0.960000	-0.255692	0.161499	-0.195798	-0.060804	-0.833089	0.425109
0.980000	-0.250604	0.164250	-0.193484	-0.060709	-0.832533	0.426370
1.000000	-0.245268	0.168301	-0.192242	-0.060502	-0.831934	0.427595
1.020000	-0.239814	0.173535	-0.192047	-0.060195	-0.831307	0.428767
1.040000	-0.234369	0.179834	-0.192875	-0.059800	-0.830670	0.429871
1.060000	-0.229063	0.187079	-0.194700	-0.059329	-0.830039	0.430891
1.080000	-0.224023	0.195153	-0.197497	-0.058792	-0.829430	0.431812
1.100000	-0.219378	0.203938	-0.201241	-0.058203	-0.828861	0.432617
1.120000	-0.215257	0.213315	-0.205908	-0.057572	-0.828346	0.433291
1.140000	-0.211787	0.223167	-0.211473	-0.056911	-0.827903	0.433817
1.160000	-0.209098	0.233375	-0.217910	-0.056233	-0.827548	0.434181
1.180000	-0.207318	0.243823	-0.225194	-0.055548	-0.827298	0.434366
1.200000	-0.206575	0.254391	-0.233301	-0.054869	-0.827169	0.434357
1.220000	-0.206998	0.264961	-0.242206	-0.054207	-0.827178	0.434137
1.240000	-0.208715	0.275417	-0.251883	-0.053574	-0.827341	0.433692
1.260000	-0.211855	0.285639	-0.262309	-0.052982	-0.827674	0.433004
1.280000	-0.216535	0.295509	-0.273450	-0.052441	-0.828193	0.432061
1.300000	-0.222693	0.304905	-0.285163	-0.051952	-0.828889	0.430878
1.320000	-0.230104	0.313700	-0.297202	-0.051506	-0.829737	0.429496
1.340000	-0.238542	0.321766	-0.309320	-0.051091	-0.830706	0.427958
1.360000	-0.247779	0.328976	-0.321270	-0.050699	-0.831770	0.426307
1.380000	-0.257588	0.335202	-0.332803	-0.050320	-0.832900	0.424585
1.400000	-0.267741	0.340319	-0.343673	-0.049943	-0.834068	0.422835
1.420000	-0.278010	0.344198	-0.353631	-0.049558	-0.835245	0.421100
1.440000	-0.288168	0.346712	-0.362431	-0.049157	-0.836404	0.419422
1.460000	-0.297987	0.347735	-0.369824	-0.048728	-0.837516	0.417843
1.480000	-0.307239	0.347138	-0.375563	-0.048262	-0.838554	0.416407
1.500000	-0.315698	0.344796	-0.379400	-0.047749	-0.839489	0.415155
1.520000	-0.323135	0.340579	-0.381088	-0.047179	-0.840292	0.414131
1.540000	-0.329324	0.334363	-0.380380	-0.046542	-0.840937	0.413377
1.560000	-0.334035	0.326018	-0.377027	-0.045829	-0.841394	0.412935
1.580000	-0.337050	0.315425	-0.370791	-0.045029	-0.841637	0.412847
1.600000	-0.338356	0.302626	-0.361698	-0.044146	-0.841661	0.413118
1.620000	-0.338167	0.287846	-0.350061	-0.043195	-0.841491	0.413713
1.640000	-0.336713	0.271319	-0.336210	-0.042194	-0.841150	0.414594
1.660000	-0.334219	0.253280	-0.320473	-0.041159	-0.840662	0.415726
1.680000	-0.330915	0.233961	-0.303180	-0.040107	-0.840052	0.417069
1.700000	-0.327026	0.213598	-0.284661	-0.039054	-0.839343	0.418589
1.720000	-0.322781	0.192425	-0.265244	-0.038019	-0.838562	0.420247
1.740000	-0.318407	0.170675	-0.245259	-0.037016	-0.837730	0.422007
1.760000	-0.314132	0.148582	-0.225034	-0.036064	-0.836874	0.423832
1.780000	-0.310183	0.126382	-0.204899	-0.035179	-0.836017	0.425684
