0.000000	-0.444616	0.135195	-0.146511	-0.043823	-0.879554	0.354562
0.020000	-0.458590	0.107400	-0.134146	-0.043569	-0.879424	0.353832
0.040000	-0.470951	0.080318	-0.122074	-0.043322	-0.879300	0.353040
0.060000	-0.481409	0.054370	-0.110473	-0.043088	-0.879183	0.352191
0.080000	-0.489675	0.029977	-0.099524	-0.042871	-0.879073	0.351289
0.100000	-0.495459	0.007557	-0.089404	-0.042678	-0.878971	0.350337
0.120000	-0.498471	-0.012467	-0.080293	-0.042512	-0.878878	0.349341
0.140000	-0.498424	-0.029678	-0.072370	-0.042379	-0.878794	0.348303
0.160000	-0.495026	-0.043653	-0.065812	-0.042285	-0.878721	0.347228
0.180000	-0.487989	-0.053974	-0.060800	-0.042235	-0.878658	0.346120
0.200000	-0.477171	-0.060380	-0.057449	-0.042231	-0.878607	0.344985
0.220000	-0.462918	-0.063139	-0.055668	-0.042275	-0.878566	0.343835
0.240000	-0.445677	-0.062630	-0.055322	-0.042363	-0.878533	0.342683
0.260000	-0.425895	-0.059232	-0.056278	-0.042495	-0.878507	0.341544
0.280000	-0.404019	-0.053321	-0.058402	-0.042669	-0.878486	0.340431
0.300000	-0.380496	-0.045276	-0.061558	-0.042884	-0.878468	0.339358
0.320000	-0.355773	-0.035475	-0.065614	-0.043137	-0.878451	0.338338
0.340000	-0.330298	-0.024295	-0.070434	-0.043428	-0.878435	0.337385
0.360000	-0.304516	-0.012116	-0.075885	-0.043754	-0.878416	0.336513
0.380000	-0.278876	0.000685	-0.081833	-0.044114	-0.878394	0.335735
0.400000	-0.253823	0.013730	-0.088142	-0.044507	-0.878368	0.335066
0.420000	-0.229806	0.026641	-0.094680	-0.044931	-0.878334	0.334518
0.440000	-0.207271	0.039040	-0.101311	-0.045384	-0.878292	0.334105
0.460000	-0.186666	0.050549	-0.107902	-0.045864	-0.878240	0.333842
0.480000	-0.168436	0.060790	-0.114319	-0.046371	-0.878176	0.333741
0.500000	-0.152950	0.069461	-0.120442	-0.046902	-0.878099	0.333811
0.520000	-0.140224	0.076595	-0.126222	-0.047452	-0.878013	0.334037
0.540000	-0.130182	0.082315	-0.131627	-0.048015	-0.877919	0.334398
0.560000	-0.122745	0.086745	-0.136627	-0.048585	-0.877823	0.334874
0.580000	-0.117836	0.090009	-0.141188	-0.049157	-0.877726	0.335442
0.600000	-0.115376	0.092230	-0.145281	-0.049725	-0.877633	0.336081
0.620000	-0.115289	0.093533	-0.148872	-0.050283	-0.877546	0.336772
0.640000	-0.117495	0.094040	-0.151932	-0.050825	-0.877470	0.337491
0.660000	-0.121919	0.093876	-0.154428	-0.051346	-0.877408	0.338219
0.680000	-0.128481	0.093164	-0.156329	-0.051840	-0.877363	0.338934
0.700000	-0.137104	0.092028	-0.157604	-0.052301	-0.877338	0.339615
0.720000	-0.147710	0.090592	-0.158221	-0.052723	-0.877337	0.340241
0.740000	-0.160222	0.088978	-0.158148	-0.053100	-0.877364	0.340791
0.760000	-0.174562	0.087312	-0.157355	-0.053427	-0.877421	0.341243
0.780000	-0.190651	0.085716	-0.155809	-0.053698	-0.877513	0.341576
0.800000	-0.208413	0.084314	-0.153479	-0.053908	-0.877642	0.341770
0.820000	-0.227754	0.083225	-0.150345	-0.054050	-0.877812	0.341806
0.840000	-0.248436	0.082518	-0.146494	-0.054127	-0.878026	0.341689
0.860000	-0.270141	0.082234	-0.142074	-0.054142	-0.878289	0.341439
0.880000	-0.292547	0.082412	-0.137234	-0.054100	-0.878603	0.341076
0.900000	-0.315334	0.083095	-0.132122	-0.054005	-0.878973	0.340620
0.920000	-0.338181	0.084321	-0.126886	-0.053863	-0.879402	0.340091
0.940000	-0.360767	0.086132	-0.121677	-0.053677	-0.879894	0.339508
0.960000	-0.382773	0.088568	-0.116641	-0.053452	-0.880451	0.338891
0.980000	-0.403876	0.091671	-0.111929	-0.053193	-0.881079	0.338260
1.000000	-0.423758	0.095479	-0.107688	-0.052904	-0.881780	0.337634
1.020000	-0.442096	0.100035	-0.104068	-0.052589	-0.882559	0.337034
1.040000	-0.458571	0.105377	-0.101216	-0.052253	-0.883418	0.336480
1.060000	-0.472862	0.111548	-0.099282	-0.051901	-0.884361	0.335991
1.080000	-0.484648	0.118587	-0.098414	-0.051537	-0.885393	0.335586
1.100000	-0.493608	0.126535	-0.098761	-0.051166	-0.886516	0.335287
1.120000	-0.499446	0.135426	-0.100459	-0.050792	-0.887733	0.335110
1.140000	-0.502184	0.145198	-0.103483	-0.050420	-0.889033	0.335058
1.160000	-0.502075	0.155720	-0.107687	-0.050056	-0.890396	0.335116
1.180000	-0.499378	0.166861	-0.112923	-0.049706	-0.891799	0.335273
1.200000	-0.494352	0.178487	-0.119045	-0.049375	-0.893221	0.335515
1.220000	-0.487255	0.190468	-0.125905	-0.049069	-0.894641	0.335830
1.240000	-0.478346	0.202671	-0.133356	-0.048793	-0.896037	0.336205
1.260000	-0.467885	0.214963	-0.141251	-0.048554	-0.897389	0.336626
1.280000	-0.456128	0.227214	-0.149441	-0.048357	-0.898675	0.337082
1.300000	-0.443336	0.239290	-0.157780	-0.048207	-0.899873	0.337560
1.320000	-0.429767	0.251061	-0.166120	-0.048110	-0.900963	0.338046
1.340000	-0.415680	0.262392	-0.174314	-0.048073	-0.901922	0.338527
1.360000	-0.401333	0.273154	-0.182215	-0.048099	-0.902730	0.338992
1.380000	-0.386984	0.283213	-0.189675	-0.048196	-0.903365	0.339426
1.400000	-0.372894	0.292437	-0.196547	-0.048369	-0.903806	0.339818
1.420000	-0.359320	0.300694	-0.202683	-0.048623	-0.904031	0.340154
1.440000	-0.346519	0.307854	-0.207938	-0.048965	-0.904020	0.340422
1.460000	-0.334636	0.313856	-0.212246	-0.049392	-0.903769	0.340618
1.480000	-0.323658	0.318734	-0.215655	-0.049895	-0.903300	0.340750
1.500000	-0.313564	0.322532	-0.218219	-0.050464	-0.902637	0.340826
1.520000	-0.304329	0.325293	-0.219996	-0.051087	-0.901804	0.340857
1.540000	-0.295931	0.327060	-0.221039	-0.051754	-0.900824	0.340851
1.560000	-0.288345	0.327876	-0.221405	-0.052454	-0.899722	0.340817
1.580000	-0.281549	0.327784	-0.221149	-0.053176	-0.898519	0.340765
1.600000	-0.275519	0.326826	-0.220328	-0.053910	-0.897242	0.340703
1.620000	-0.270232	0.325047	-0.218996	-0.054644	-0.895913	0.340641
1.640000	-0.265665	0.322488	-0.217210	-0.055369	-0.894555	0.340587
1.660000	-0.261793	0.319193	-0.215024	-0.056073	-0.893194	0.340550
1.680000	-0.258595	0.315206	-0.212495	-0.056745	-0.891851	0.340541
1.700000	-0.256046	0.310568	-0.209678	-0.057376	-0.890552	0.340568
1.720000	-0.254123	0.305323	-0.206628	-0.057953	-0.889320	0.340639
1.740000	-0.252803	0.299514	-0.203402	-0.058467	-0.888178	0.340764
1.760000	-0.252062	0.293184	-0.200055	-0.058906	-0.887151	0.340953
1.780000	-0.251877	0.286377	-0.196642	-0.059261	-0.886261	0.341213
1.800000	-0.252216	0.279145	-0.193212	-0.059530	-0.885514	0.341541
1.820000	-0.253038	0.271553	-0.189810	-0.059720	-0.884903	0.341923
1.840000	-0.254305	0.263663	-0.186477	-0.059838	-0.884418	0.342343
1.860000	-0.255975	0.255539	-0.183259	-0.059892	-0.884051	0.342788
1.880000	-0.258010	0.247244	-0.180197	-0.059890	-0.883792	0.343242
1.900000	-0.260369	0.238841	-0.177337	-0.059839	-0.883633	0.343690
1.920000	-0.263012	0.230393	-0.174719	-0.059745	-0.883564	0.344117
1.940000	-0.265900	0.221964	-0.172390	-0.059617	-0.883577	0.344510
1.960000	-0.268992	0.213617	-0.170390	-0.059461	-0.883663	0.344852
1.980000	-0.272248	0.205416	-0.168765	-0.059286	-0.883813	0.345129
2.000000	-0.275629	0.197423	-0.167557	-0.059099	-0.884018	0.345326
2.020000	-0.279095	0.189702	-0.166810	-0.058906	-0.884268	0.345429
2.040000	-0.282605	0.182315	-0.166567	-0.058715	-0.884556	0.345422
2.060000	-0.286120	0.175328	-0.166871	-0.058534	-0.884872	0.345290
2.080000	-0.289600	0.168802	-0.167766	-0.058371	-0.885207	0.345020
2.100000	-0.293002	0.162784	-0.169281	-0.058230	-0.885552	0.344599
2.120000	-0.296271	0.157223	-0.171354	-0.058113	-0.885900	0.344042
2.140000	-0.299346	0.152030	-0.173891	-0.058018	-0.886245	0.343371
2.160000	-0.302164	0.147115	-0.176798	-0.057943	-0.886578	0.342607
2.180000	-0.304666	0.142389	-0.179979	-0.057886	-0.886893	0.341773
2.200000	-0.306789	0.137762	-0.183339	-0.057844	-0.887184	0.340892
2.220000	-0.308473	0.133146	-0.186785	-0.057816	-0.887442	0.339986
2.240000	-0.309657	0.128450	-0.190221	-0.057801	-0.887661	0.339078
2.260000	-0.310278	0.123587	-0.193553	-0.057795	-0.887835	0.338189
2.280000	-0.310277	0.118466	-0.196685	-0.057797	-0.887956	0.337342
2.300000	-0.309591	0.112998	-0.199524	-0.057805	-0.888017	0.336559
2.320000	-0.308160	0.107093	-0.201974	-0.057818	-0.888011	0.335863
