0.000000	-0.427629	0.003119	-0.054144	-0.058927	-0.883237	0.351096
0.020000	-0.424902	0.000806	-0.060166	-0.059555	-0.883674	0.350810
0.040000	-0.420887	-0.000444	-0.066712	-0.060112	-0.884093	0.350460
0.060000	-0.415659	-0.000778	-0.073551	-0.060571	-0.884491	0.350053
0.080000	-0.409292	-0.000341	-0.080454	-0.060906	-0.884865	0.349594
0.100000	-0.401861	0.000719	-0.087192	-0.061092	-0.885213	0.349089
0.120000	-0.393440	0.002256	-0.093534	-0.061103	-0.885533	0.348544
0.140000	-0.384105	0.004125	-0.099253	-0.060912	-0.885821	0.347965
0.160000	-0.373928	0.006178	-0.104118	-0.060495	-0.886075	0.347358
0.180000	-0.362986	0.008270	-0.107901	-0.059825	-0.886293	0.346729
0.200000	-0.351388	0.010305	-0.110513	-0.058900	-0.886473	0.346082
0.220000	-0.339296	0.012273	-0.112096	-0.057750	-0.886616	0.345414
0.240000	-0.326881	0.014170	-0.112812	-0.056411	-0.886720	0.344726
0.260000	-0.314313	0.015993	-0.112824	-0.054919	-0.886788	0.344015
0.280000	-0.301760	0.017739	-0.112295	-0.053310	-0.886818	0.343281
0.300000	-0.289393	0.019404	-0.111388	-0.051619	-0.886812	0.342523
0.320000	-0.277380	0.020987	-0.110265	-0.049881	-0.886769	0.341738
0.340000	-0.265892	0.022483	-0.109091	-0.048132	-0.886690	0.340926
0.360000	-0.255099	0.023889	-0.108027	-0.046408	-0.886574	0.340086
0.380000	-0.245168	0.025202	-0.107236	-0.044744	-0.886423	0.339216
0.400000	-0.236271	0.026420	-0.106882	-0.043175	-0.886236	0.338315
0.420000	-0.228577	0.027538	-0.107127	-0.041738	-0.886014	0.337381
0.440000	-0.222254	0.028554	-0.108135	-0.040467	-0.885757	0.336414
0.460000	-0.217474	0.029465	-0.110068	-0.039399	-0.885465	0.335413
0.480000	-0.214405	0.030268	-0.113089	-0.038568	-0.885138	0.334375
0.500000	-0.213194	0.030964	-0.117346	-0.038009	-0.884777	0.333301
0.520000	-0.213705	0.031637	-0.122793	-0.037720	-0.884384	0.332204
0.540000	-0.215597	0.032426	-0.129248	-0.037681	-0.883960	0.331106
0.560000	-0.218526	0.033468	-0.136525	-0.037869	-0.883507	0.330031
0.580000	-0.222147	0.034905	-0.144438	-0.038260	-0.883029	0.329002
0.600000	-0.226116	0.036876	-0.152800	-0.038833	-0.882527	0.328041
0.620000	-0.230090	0.039520	-0.161428	-0.039563	-0.882003	0.327172
0.640000	-0.233722	0.042977	-0.170134	-0.040430	-0.881461	0.326417
0.660000	-0.236671	0.047387	-0.178732	-0.041409	-0.880902	0.325799
0.680000	-0.238590	0.052888	-0.187038	-0.042478	-0.880328	0.325341
0.700000	-0.239136	0.059621	-0.194865	-0.043615	-0.879742	0.325067
0.720000	-0.237965	0.067726	-0.202028	-0.044796	-0.879146	0.324999
0.740000	-0.234732	0.077341	-0.208340	-0.045999	-0.878543	0.325160
0.760000	-0.229094	0.088606	-0.213616	-0.047202	-0.877934	0.325573
0.780000	-0.220705	0.101661	-0.217671	-0.048381	-0.877323	0.326260
0.800000	-0.209221	0.116646	-0.220318	-0.049513	-0.876710	0.327246
0.820000	-0.194299	0.133700	-0.221371	-0.050577	-0.876099	0.328553
0.840000	-0.175680	0.152913	-0.220678	-0.051552	-0.875493	0.330198
0.860000	-0.153751	0.174009	-0.218326	-0.052437	-0.874894	0.332155
0.880000	-0.129188	0.196548	-0.214512	-0.053242	-0.874309	0.334383
0.900000	-0.102669	0.220087	-0.209433	-0.053975	-0.873742	0.336836
0.920000	-0.074872	0.244184	-0.203286	-0.054645	-0.873197	0.339470
0.940000	-0.046475	0.268398	-0.196269	-0.055261	-0.872681	0.342242
0.960000	-0.018155	0.292287	-0.188578	-0.055832	-0.872197	0.345108
0.980000	0.009410	0.315408	-0.180411	-0.056366	-0.871751	0.348024
1.000000	0.035543	0.337320	-0.171966	-0.056872	-0.871348	0.350946
1.020000	0.059564	0.357581	-0.163438	-0.057360	-0.870991	0.353830
1.040000	0.080798	0.375749	-0.155026	-0.057836	-0.870688	0.356631
1.060000	0.098565	0.391383	-0.146926	-0.058312	-0.870441	0.359307
1.080000	0.112189	0.404040	-0.139336	-0.058795	-0.870257	0.361813
1.100000	0.120991	0.413278	-0.132453	-0.059293	-0.870139	0.364106
1.120000	0.124293	0.418656	-0.126474	-0.059817	-0.870094	0.366141
1.140000	0.121419	0.419732	-0.121596	-0.060374	-0.870125	0.367874
1.160000	0.112036	0.416280	-0.117948	-0.060970	-0.870234	0.369278
1.180000	0.096764	0.408673	-0.115471	-0.061598	-0.870409	0.370372
1.200000	0.076388	0.397386	-0.114071	-0.062251	-0.870637	0.371180
1.220000	0.051693	0.382892	-0.113659	-0.062919	-0.870905	0.371729
1.240000	0.023462	0.365666	-0.114140	-0.063596	-0.871199	0.372045
1.260000	-0.007521	0.346184	-0.115424	-0.064274	-0.871505	0.372153
1.280000	-0.040471	0.324918	-0.117417	-0.064944	-0.871812	0.372080
1.300000	-0.074603	0.302346	-0.120029	-0.065598	-0.872105	0.371850
1.320000	-0.109134	0.278939	-0.123168	-0.066229	-0.872371	0.371490
1.340000	-0.143280	0.255174	-0.126740	-0.066828	-0.872596	0.371026
1.360000	-0.176255	0.231525	-0.130654	-0.067387	-0.872769	0.370483
1.380000	-0.207277	0.208466	-0.134819	-0.067899	-0.872874	0.369888
1.400000	-0.235560	0.186472	-0.139141	-0.068355	-0.872899	0.369266
1.420000	-0.260320	0.166018	-0.143530	-0.068748	-0.872831	0.368643
1.440000	-0.280774	0.147578	-0.147892	-0.069069	-0.872657	0.368045
1.460000	-0.296136	0.131627	-0.152137	-0.069311	-0.872362	0.367497
1.480000	-0.305784	0.118560	-0.156178	-0.069467	-0.871938	0.367022
1.500000	-0.310046	0.108307	-0.159977	-0.069540	-0.871395	0.366619
1.520000	-0.309599	0.100626	-0.163507	-0.069536	-0.870753	0.366276
1.540000	-0.305120	0.095278	-0.166745	-0.069464	-0.870032	0.365985
1.560000	-0.297288	0.092019	-0.169665	-0.069329	-0.869251	0.365736
1.580000	-0.286779	0.090608	-0.172244	-0.069138	-0.868428	0.365519
1.600000	-0.274272	0.090804	-0.174456	-0.068898	-0.867583	0.365324
