0.000000	-0.280194	0.372904	-0.399707	-0.064465	-0.879606	0.356640
0.020000	-0.287119	0.377372	-0.409963	-0.064400	-0.878891	0.356178
0.040000	-0.294609	0.382056	-0.419152	-0.064356	-0.878030	0.355736
0.060000	-0.302583	0.386500	-0.427069	-0.064334	-0.877053	0.355305
0.080000	-0.310958	0.390251	-0.433509	-0.064333	-0.875990	0.354878
0.100000	-0.319652	0.392857	-0.438267	-0.064353	-0.874870	0.354446
0.120000	-0.328582	0.393863	-0.441139	-0.064396	-0.873725	0.354003
0.140000	-0.337667	0.392816	-0.441919	-0.064460	-0.872584	0.353539
0.160000	-0.346825	0.389263	-0.440402	-0.064546	-0.871477	0.353048
0.180000	-0.355972	0.382750	-0.436384	-0.064654	-0.870435	0.352521
0.200000	-0.365027	0.372824	-0.429660	-0.064785	-0.869487	0.351950
0.220000	-0.373907	0.359031	-0.420025	-0.064939	-0.868664	0.351329
0.240000	-0.382540	0.341059	-0.407351	-0.065115	-0.867990	0.350652
0.260000	-0.390891	0.319188	-0.391840	-0.065314	-0.867459	0.349937
0.280000	-0.398939	0.293854	-0.373777	-0.065534	-0.867062	0.349203
0.300000	-0.406658	0.265492	-0.353450	-0.065776	-0.866786	0.348471
0.320000	-0.414026	0.234538	-0.331143	-0.066039	-0.866620	0.347762
0.340000	-0.421020	0.201428	-0.307145	-0.066322	-0.866553	0.347097
0.360000	-0.427616	0.166597	-0.281741	-0.066626	-0.866573	0.346495
0.380000	-0.433791	0.130481	-0.255218	-0.066949	-0.866670	0.345979
0.400000	-0.439521	0.093515	-0.227861	-0.067291	-0.866831	0.345567
0.420000	-0.444784	0.056134	-0.199957	-0.067652	-0.867046	0.345282
0.440000	-0.449555	0.018776	-0.171793	-0.068031	-0.867303	0.345143
0.460000	-0.453812	-0.018126	-0.143655	-0.068428	-0.867590	0.345171
0.480000	-0.457530	-0.054135	-0.115829	-0.068842	-0.867897	0.345387
0.500000	-0.460688	-0.088815	-0.088602	-0.069274	-0.868212	0.345811
0.520000	-0.463261	-0.121732	-0.062260	-0.069721	-0.868524	0.346464
0.540000	-0.465226	-0.152450	-0.037089	-0.070185	-0.868820	0.347367
0.560000	-0.466554	-0.180538	-0.013375	-0.070663	-0.869092	0.348536
0.580000	-0.467168	-0.205625	0.008597	-0.071154	-0.869333	0.349953
0.600000	-0.466964	-0.227368	0.028545	-0.071651	-0.869542	0.351578
0.620000	-0.465837	-0.245425	0.046187	-0.072150	-0.869718	0.353374
0.640000	-0.463683	-0.259454	0.061240	-0.072645	-0.869859	0.355300
0.660000	-0.460397	-0.269115	0.073422	-0.073132	-0.869963	0.357319
0.680000	-0.455874	-0.274065	0.082449	-0.073605	-0.870029	0.359391
0.700000	-0.450011	-0.273962	0.088039	-0.074059	-0.870054	0.361479
0.720000	-0.442703	-0.268464	0.089910	-0.074490	-0.870039	0.363542
0.740000	-0.433844	-0.257230	0.087778	-0.074893	-0.869980	0.365543
0.760000	-0.423332	-0.239918	0.081362	-0.075261	-0.869876	0.367442
0.780000	-0.411060	-0.216186	0.070379	-0.075591	-0.869726	0.369202
0.800000	-0.396926	-0.185693	0.054547	-0.075877	-0.869528	0.370782
0.820000	-0.380823	-0.148096	0.033581	-0.076114	-0.869281	0.372144
0.840000	-0.362649	-0.103054	0.007201	-0.076297	-0.868982	0.373250
0.860000	-0.342298	-0.050226	-0.024877	-0.076421	-0.868631	0.374061
0.880000	-0.319761	0.010395	-0.062688	-0.076483	-0.868228	0.374551
0.900000	-0.295352	0.077679	-0.105438	-0.076484	-0.867781	0.374738
0.920000	-0.269455	0.150256	-0.152154	-0.076427	-0.867303	0.374653
0.940000	-0.242449	0.226757	-0.201865	-0.076315	-0.866803	0.374322
0.960000	-0.214719	0.305813	-0.253601	-0.076150	-0.866291	0.373774
0.980000	-0.186645	0.386055	-0.306390	-0.075935	-0.865780	0.373037
1.000000	-0.158611	0.466114	-0.359261	-0.075673	-0.865279	0.372140
1.020000	-0.130997	0.544620	-0.411243	-0.075366	-0.864800	0.371111
1.040000	-0.104186	0.620205	-0.461365	-0.075018	-0.864352	0.369978
1.060000	-0.078561	0.691498	-0.508654	-0.074631	-0.863947	0.368770
1.080000	-0.054502	0.757132	-0.552141	-0.074208	-0.863595	0.367515
1.100000	-0.032393	0.815737	-0.590854	-0.073752	-0.863307	0.366241
1.120000	-0.012616	0.865943	-0.623822	-0.073265	-0.863094	0.364977
1.140000	0.004449	0.906382	-0.650073	-0.072750	-0.862966	0.363751
1.160000	0.018417	0.935684	-0.668637	-0.072209	-0.862934	0.362590
1.180000	0.028908	0.952480	-0.678542	-0.071647	-0.863009	0.361525
1.200000	0.035602	0.955622	-0.678980	-0.071064	-0.863199	0.360579
1.220000	0.038641	0.945572	-0.670335	-0.070466	-0.863498	0.359755
1.240000	0.038371	0.923512	-0.653525	-0.069857	-0.863893	0.359045
1.260000	0.035138	0.890627	-0.629466	-0.069242	-0.864369	0.358440
1.280000	0.029291	0.848101	-0.599078	-0.068624	-0.864915	0.357932
1.300000	0.021176	0.797117	-0.563278	-0.068008	-0.865515	0.357514
1.320000	0.011141	0.738862	-0.522985	-0.067399	-0.866158	0.357178
1.340000	-0.000467	0.674519	-0.479116	-0.066800	-0.866830	0.356914
1.360000	-0.013302	0.605272	-0.432591	-0.066218	-0.867517	0.356714
1.380000	-0.027014	0.532306	-0.384327	-0.065655	-0.868205	0.356572
1.400000	-0.041259	0.456805	-0.335243	-0.065117	-0.868883	0.356478
1.420000	-0.055688	0.379954	-0.286257	-0.064607	-0.869535	0.356424
1.440000	-0.069954	0.302937	-0.238286	-0.064131	-0.870150	0.356402
1.460000	-0.083709	0.226939	-0.192250	-0.063692	-0.870713	0.356405
1.480000	-0.096608	0.153143	-0.149067	-0.063296	-0.871211	0.356423
1.500000	-0.108302	0.082735	-0.109654	-0.062946	-0.871631	0.356449
1.520000	-0.118559	0.016621	-0.074665	-0.062645	-0.871965	0.356477
1.540000	-0.127462	-0.045042	-0.044033	-0.062389	-0.872218	0.356511
1.560000	-0.135144	-0.102226	-0.017569	-0.062174	-0.872397	0.356556
1.580000	-0.141740	-0.154903	0.004917	-0.061995	-0.872510	0.356615
1.600000	-0.147385	-0.203046	0.023612	-0.061848	-0.872566	0.356694
