0.000000	-0.390764	0.044887	-0.222871	-0.050817	-0.840695	0.429723
0.020000	-0.387960	0.035436	-0.217544	-0.051087	-0.840554	0.429343
0.040000	-0.382805	0.026213	-0.211184	-0.051325	-0.840372	0.428979
0.060000	-0.375614	0.017293	-0.203968	-0.051533	-0.840154	0.428627
0.080000	-0.366703	0.008753	-0.196073	-0.051711	-0.839909	0.428278
0.100000	-0.356386	0.000669	-0.187676	-0.051858	-0.839641	0.427925
0.120000	-0.344978	-0.006884	-0.178953	-0.051977	-0.839358	0.427563
0.140000	-0.332794	-0.013829	-0.170081	-0.052066	-0.839066	0.427184
0.160000	-0.320149	-0.020090	-0.161236	-0.052126	-0.838771	0.426782
0.180000	-0.307359	-0.025591	-0.152597	-0.052159	-0.838480	0.426349
0.200000	-0.294737	-0.030256	-0.144338	-0.052163	-0.838199	0.425878
0.220000	-0.282599	-0.034010	-0.136637	-0.052140	-0.837935	0.425364
0.240000	-0.271261	-0.036775	-0.129672	-0.052090	-0.837694	0.424799
0.260000	-0.261036	-0.038476	-0.123618	-0.052013	-0.837482	0.424177
0.280000	-0.252239	-0.039037	-0.118652	-0.051909	-0.837307	0.423489
0.300000	-0.245187	-0.038382	-0.114951	-0.051780	-0.837174	0.422731
0.320000	-0.240137	-0.036453	-0.112657	-0.051625	-0.837090	0.421897
0.340000	-0.236993	-0.033311	-0.111692	-0.051441	-0.837053	0.420997
0.360000	-0.235514	-0.029064	-0.111890	-0.051225	-0.837062	0.420046
0.380000	-0.235462	-0.023819	-0.113087	-0.050973	-0.837113	0.419060
0.400000	-0.236599	-0.017683	-0.115115	-0.050681	-0.837205	0.418055
0.420000	-0.238684	-0.010764	-0.117810	-0.050345	-0.837334	0.417046
0.440000	-0.241480	-0.003170	-0.121007	-0.049962	-0.837499	0.416048
0.460000	-0.244746	0.004993	-0.124539	-0.049528	-0.837697	0.415077
0.480000	-0.248245	0.013615	-0.128241	-0.049039	-0.837924	0.414148
0.500000	-0.251737	0.022591	-0.131947	-0.048492	-0.838180	0.413277
0.520000	-0.254983	0.031812	-0.135492	-0.047883	-0.838460	0.412479
0.540000	-0.257744	0.041170	-0.138710	-0.047207	-0.838764	0.411771
0.560000	-0.259781	0.050559	-0.141436	-0.046462	-0.839087	0.411166
0.580000	-0.260855	0.059871	-0.143504	-0.045643	-0.839428	0.410682
0.600000	-0.260727	0.068998	-0.144749	-0.044748	-0.839784	0.410332
0.620000	-0.259159	0.077833	-0.145005	-0.043771	-0.840152	0.410133
0.640000	-0.256033	0.086300	-0.144186	-0.042716	-0.840530	0.410094
0.660000	-0.251529	0.094398	-0.142400	-0.041603	-0.840909	0.410205
0.680000	-0.245868	0.102140	-0.139783	-0.040451	-0.841284	0.410455
0.700000	-0.239272	0.109534	-0.136468	-0.039283	-0.841647	0.410833
0.720000	-0.231962	0.116594	-0.132593	-0.038120	-0.841992	0.411329
0.740000	-0.224161	0.123328	-0.128292	-0.036982	-0.842311	0.411930
0.760000	-0.216089	0.129750	-0.123700	-0.035891	-0.842597	0.412625
0.780000	-0.207970	0.135869	-0.118954	-0.034869	-0.842844	0.413404
0.800000	-0.200024	0.141696	-0.114187	-0.033937	-0.843045	0.414256
0.820000	-0.192474	0.147243	-0.109537	-0.033115	-0.843192	0.415169
0.840000	-0.185541	0.152520	-0.105138	-0.032426	-0.843278	0.416131
0.860000	-0.179448	0.157539	-0.101125	-0.031890	-0.843297	0.417132
0.880000	-0.174415	0.162310	-0.097635	-0.031528	-0.843242	0.418161
0.900000	-0.170664	0.166844	-0.094801	-0.031362	-0.843105	0.419207
0.920000	-0.168418	0.171153	-0.092761	-0.031414	-0.842880	0.420257
0.940000	-0.167898	0.175247	-0.091649	-0.031703	-0.842560	0.421302
0.960000	-0.169277	0.179137	-0.091573	-0.032246	-0.842140	0.422330
0.980000	-0.172470	0.182824	-0.092504	-0.033018	-0.841632	0.423333
1.000000	-0.177314	0.186311	-0.094367	-0.033988	-0.841053	0.424303
1.020000	-0.183644	0.189599	-0.097088	-0.035120	-0.840416	0.425232
1.040000	-0.191297	0.192689	-0.100594	-0.036381	-0.839740	0.426113
1.060000	-0.200106	0.195582	-0.104809	-0.037739	-0.839040	0.426938
1.080000	-0.209909	0.198280	-0.109661	-0.039158	-0.838331	0.427698
1.100000	-0.220541	0.200783	-0.115074	-0.040605	-0.837631	0.428386
1.120000	-0.231837	0.203094	-0.120975	-0.042047	-0.836954	0.428995
1.140000	-0.243633	0.205213	-0.127289	-0.043450	-0.836317	0.429516
1.160000	-0.255764	0.207141	-0.133942	-0.044781	-0.835735	0.429941
1.180000	-0.268067	0.208880	-0.140861	-0.046004	-0.835226	0.430264
1.200000	-0.280376	0.210430	-0.147971	-0.047088	-0.834804	0.430475
1.220000	-0.292528	0.211794	-0.155197	-0.047998	-0.834487	0.430568
1.240000	-0.304358	0.212973	-0.162467	-0.048700	-0.834289	0.430534
1.260000	-0.315702	0.213967	-0.169705	-0.049161	-0.834227	0.430366
1.280000	-0.326433	0.214763	-0.176832	-0.049367	-0.834305	0.430063
1.300000	-0.336502	0.215320	-0.183761	-0.049340	-0.834509	0.429639
1.320000	-0.345866	0.215592	-0.190403	-0.049107	-0.834819	0.429111
1.340000	-0.354484	0.215535	-0.196667	-0.048695	-0.835217	0.428494
1.360000	-0.362313	0.215104	-0.202464	-0.048133	-0.835685	0.427803
1.380000	-0.369312	0.214254	-0.207706	-0.047446	-0.836204	0.427055
1.400000	-0.375439	0.212939	-0.212303	-0.046662	-0.836756	0.426266
1.420000	-0.380651	0.211115	-0.216165	-0.045808	-0.837322	0.425450
1.440000	-0.384907	0.208737	-0.219203	-0.044912	-0.837884	0.424625
1.460000	-0.388166	0.205760	-0.221329	-0.044000	-0.838423	0.423805
1.480000	-0.390384	0.202138	-0.222452	-0.043100	-0.838921	0.423007
1.500000	-0.391520	0.197828	-0.222483	-0.042239	-0.839359	0.422246
1.520000	-0.391533	0.192783	-0.221333	-0.041444	-0.839719	0.421538
1.540000	-0.390380	0.186960	-0.218913	-0.040742	-0.839984	0.420899
1.560000	-0.388020	0.180312	-0.215133	-0.040161	-0.840133	0.420345
1.580000	-0.384410	0.172796	-0.209905	-0.039727	-0.840148	0.419892
1.600000	-0.379510	0.164368	-0.203142	-0.039467	-0.840013	0.419554
1.620000	-0.373341	0.155071	-0.194905	-0.039386	-0.839727	0.419336
1.640000	-0.365997	0.145056	-0.185443	-0.039463	-0.839313	0.419227
1.660000	-0.357580	0.134483	-0.175012	-0.039675	-0.838798	0.419214
1.680000	-0.348190	0.123507	-0.163871	-0.039997	-0.838206	0.419286
1.700000	-0.337928	0.112289	-0.152278	-0.040407	-0.837563	0.419429
1.720000	-0.326895	0.100984	-0.140493	-0.040881	-0.836893	0.419633
1.740000	-0.315191	0.089753	-0.128772	-0.041396	-0.836222	0.419885
1.760000	-0.302917	0.078752	-0.117374	-0.041928	-0.835575	0.420173
1.780000	-0.290173	0.068140	-0.106559	-0.042454	-0.834977	0.420485
1.800000	-0.277061	0.058075	-0.096583	-0.042951	-0.834454	0.420808
1.820000	-0.263681	0.048714	-0.087705	-0.043394	-0.834030	0.421131
1.840000	-0.250133	0.040216	-0.080185	-0.043761	-0.833731	0.421442
1.860000	-0.236519	0.032739	-0.074279	-0.044029	-0.833582	0.421727
1.880000	-0.222939	0.026441	-0.070246	-0.044174	-0.833609	0.421976
