0.000000	-0.258592	0.089880	-0.112197	-0.045653	-0.835140	0.415594
0.020000	-0.256261	0.075232	-0.097216	-0.045781	-0.834620	0.415592
0.040000	-0.253940	0.061265	-0.082888	-0.045856	-0.834140	0.415657
0.060000	-0.251616	0.048170	-0.069547	-0.045869	-0.833719	0.415796
0.080000	-0.249275	0.036135	-0.057527	-0.045810	-0.833378	0.416014
0.100000	-0.246903	0.025349	-0.047162	-0.045668	-0.833136	0.416317
0.120000	-0.244486	0.015999	-0.038786	-0.045435	-0.833012	0.416710
0.140000	-0.242023	0.008240	-0.032667	-0.045103	-0.833023	0.417196
0.160000	-0.239589	0.002041	-0.028738	-0.044678	-0.833163	0.417763
0.180000	-0.237284	-0.002689	-0.026820	-0.044171	-0.833419	0.418391
0.200000	-0.235206	-0.006040	-0.026737	-0.043590	-0.833782	0.419063
0.220000	-0.233455	-0.008102	-0.028310	-0.042948	-0.834238	0.419761
0.240000	-0.232128	-0.008967	-0.031363	-0.042252	-0.834776	0.420467
0.260000	-0.231325	-0.008724	-0.035718	-0.041515	-0.835384	0.421161
0.280000	-0.231145	-0.007463	-0.041198	-0.040745	-0.836050	0.421828
0.300000	-0.231687	-0.005276	-0.047624	-0.039953	-0.836762	0.422447
0.320000	-0.233049	-0.002252	-0.054820	-0.039149	-0.837509	0.423001
0.340000	-0.235331	0.001517	-0.062608	-0.038343	-0.838279	0.423472
0.360000	-0.238631	0.005943	-0.070811	-0.037545	-0.839060	0.423842
0.380000	-0.243048	0.010934	-0.079251	-0.036765	-0.839840	0.424092
0.400000	-0.248681	0.016399	-0.087750	-0.036014	-0.840607	0.424205
0.420000	-0.255629	0.022249	-0.096132	-0.035301	-0.841349	0.424162
0.440000	-0.263991	0.028393	-0.104218	-0.034637	-0.842055	0.423945
0.460000	-0.273849	0.034746	-0.111840	-0.034031	-0.842714	0.423538
0.480000	-0.285073	0.041285	-0.118923	-0.033485	-0.843320	0.422949
0.500000	-0.297399	0.048025	-0.125455	-0.032999	-0.843873	0.422203
0.520000	-0.310557	0.054986	-0.131426	-0.032571	-0.844372	0.421325
0.540000	-0.324282	0.062184	-0.136825	-0.032198	-0.844818	0.420337
0.560000	-0.338303	0.069638	-0.141642	-0.031879	-0.845209	0.419266
0.580000	-0.352353	0.077364	-0.145865	-0.031613	-0.845544	0.418136
0.600000	-0.366165	0.085381	-0.149485	-0.031398	-0.845824	0.416971
0.620000	-0.379469	0.093707	-0.152491	-0.031231	-0.846048	0.415797
0.640000	-0.391998	0.102358	-0.154871	-0.031112	-0.846215	0.414636
0.660000	-0.403484	0.111353	-0.156616	-0.031039	-0.846325	0.413515
0.680000	-0.413658	0.120709	-0.157715	-0.031010	-0.846377	0.412457
0.700000	-0.422253	0.130445	-0.158157	-0.031022	-0.846370	0.411487
0.720000	-0.429001	0.140577	-0.157931	-0.031076	-0.846305	0.410630
0.740000	-0.433632	0.151123	-0.157028	-0.031168	-0.846181	0.409910
0.760000	-0.435881	0.162102	-0.155436	-0.031297	-0.845997	0.409351
0.780000	-0.435477	0.173530	-0.153144	-0.031462	-0.845752	0.408980
0.800000	-0.432211	0.185421	-0.150161	-0.031661	-0.845448	0.408814
0.820000	-0.426263	0.197765	-0.146618	-0.031894	-0.845092	0.408842
0.840000	-0.417977	0.210537	-0.142699	-0.032162	-0.844698	0.409040
0.860000	-0.407699	0.223715	-0.138586	-0.032468	-0.844276	0.409382
0.880000	-0.395771	0.237276	-0.134464	-0.032811	-0.843839	0.409842
0.900000	-0.382540	0.251197	-0.130516	-0.033193	-0.843398	0.410396
0.920000	-0.368349	0.265456	-0.126926	-0.033616	-0.842966	0.411019
0.940000	-0.353543	0.280030	-0.123877	-0.034080	-0.842555	0.411684
0.960000	-0.338467	0.294895	-0.121552	-0.034586	-0.842176	0.412368
0.980000	-0.323465	0.310030	-0.120137	-0.035136	-0.841841	0.413044
1.000000	-0.308881	0.325410	-0.119813	-0.035731	-0.841563	0.413688
1.020000	-0.295061	0.341014	-0.120764	-0.036372	-0.841353	0.414274
1.040000	-0.282349	0.356819	-0.123175	-0.037061	-0.841224	0.414777
1.060000	-0.271089	0.372801	-0.127228	-0.037797	-0.841186	0.415172
1.080000	-0.261626	0.388938	-0.133107	-0.038584	-0.841253	0.415434
1.100000	-0.254305	0.405207	-0.140997	-0.039420	-0.841436	0.415538
1.120000	-0.249450	0.421575	-0.151062	-0.040309	-0.841746	0.415459
1.140000	-0.247050	0.437833	-0.163174	-0.041243	-0.842175	0.415201
1.160000	-0.246816	0.453629	-0.176962	-0.042213	-0.842703	0.414788
1.180000	-0.248451	0.468604	-0.192046	-0.043208	-0.843306	0.414245
1.200000	-0.251657	0.482401	-0.208046	-0.044217	-0.843962	0.413596
1.220000	-0.256136	0.494662	-0.224583	-0.045229	-0.844648	0.412868
1.240000	-0.261592	0.505029	-0.241277	-0.046234	-0.845342	0.412085
1.260000	-0.267726	0.513145	-0.257747	-0.047221	-0.846022	0.411271
1.280000	-0.274241	0.518652	-0.273615	-0.048180	-0.846665	0.410453
1.300000	-0.280839	0.521192	-0.288502	-0.049098	-0.847249	0.409655
1.320000	-0.287223	0.520407	-0.302026	-0.049967	-0.847750	0.408901
1.340000	-0.293096	0.515940	-0.313809	-0.050775	-0.848148	0.408218
1.360000	-0.298159	0.507432	-0.323471	-0.051511	-0.848419	0.407631
1.380000	-0.302116	0.494527	-0.330633	-0.052165	-0.848540	0.407163
1.400000	-0.304669	0.476866	-0.334914	-0.052726	-0.848490	0.406840
1.420000	-0.305529	0.454111	-0.335949	-0.053184	-0.848247	0.406688
1.440000	-0.304648	0.426409	-0.333705	-0.053537	-0.847808	0.406712
1.460000	-0.302232	0.394423	-0.328504	-0.053791	-0.847192	0.406902
1.480000	-0.298498	0.358840	-0.320686	-0.053956	-0.846418	0.407248
1.500000	-0.293663	0.320348	-0.310589	-0.054039	-0.845506	0.407738
1.520000	-0.287944	0.279632	-0.298552	-0.054047	-0.844475	0.408360
1.540000	-0.281560	0.237380	-0.284915	-0.053988	-0.843344	0.409104
1.560000	-0.274726	0.194279	-0.270017	-0.053871	-0.842133	0.409957
1.580000	-0.267662	0.151017	-0.254196	-0.053703	-0.840861	0.410909
1.600000	-0.260583	0.108280	-0.237792	-0.053491	-0.839548	0.411948
1.620000	-0.253708	0.066756	-0.221144	-0.053243	-0.838213	0.413063
1.640000	-0.247254	0.027131	-0.204590	-0.052968	-0.836875	0.414242
1.660000	-0.241439	-0.009907	-0.188470	-0.052673	-0.835554	0.415474
