0.000000	-0.236478	-0.043672	-0.173123	-0.052366	-0.834270	0.416749
0.020000	-0.232591	-0.073476	-0.158888	-0.052054	-0.833040	0.418053
0.040000	-0.229995	-0.098633	-0.146104	-0.051746	-0.831886	0.419377
0.060000	-0.228905	-0.118456	-0.135109	-0.051448	-0.830826	0.420709
0.080000	-0.229411	-0.132596	-0.126096	-0.051167	-0.829876	0.422036
0.100000	-0.231337	-0.141398	-0.118957	-0.050899	-0.829044	0.423340
0.120000	-0.234473	-0.145293	-0.113547	-0.050641	-0.828337	0.424604
0.140000	-0.238609	-0.144714	-0.109719	-0.050391	-0.827763	0.425811
0.160000	-0.243536	-0.140094	-0.107327	-0.050146	-0.827328	0.426944
0.180000	-0.249044	-0.131865	-0.106225	-0.049903	-0.827040	0.427984
0.200000	-0.254923	-0.120458	-0.106267	-0.049659	-0.826906	0.428915
0.220000	-0.260964	-0.106307	-0.107308	-0.049411	-0.826932	0.429719
0.240000	-0.266957	-0.089843	-0.109201	-0.049156	-0.827127	0.430379
0.260000	-0.272692	-0.071499	-0.111800	-0.048891	-0.827497	0.430877
0.280000	-0.277960	-0.051706	-0.114960	-0.048613	-0.828048	0.431196
0.300000	-0.282551	-0.030898	-0.118534	-0.048319	-0.828790	0.431318
0.320000	-0.286255	-0.009506	-0.122377	-0.048007	-0.829728	0.431226
0.340000	-0.288863	0.012037	-0.126341	-0.047673	-0.830869	0.430902
0.360000	-0.290166	0.033299	-0.130283	-0.047315	-0.832221	0.430330
0.380000	-0.290051	0.053928	-0.134086	-0.046932	-0.833781	0.429502
0.400000	-0.288676	0.073790	-0.137718	-0.046534	-0.835517	0.428444
0.420000	-0.286240	0.092785	-0.141164	-0.046132	-0.837394	0.427183
0.440000	-0.282945	0.110814	-0.144404	-0.045735	-0.839376	0.425750
0.460000	-0.278992	0.127780	-0.147422	-0.045354	-0.841427	0.424174
0.480000	-0.274580	0.143583	-0.150200	-0.045000	-0.843511	0.422485
0.500000	-0.269911	0.158124	-0.152722	-0.044683	-0.845592	0.420710
0.520000	-0.265185	0.171306	-0.154968	-0.044413	-0.847635	0.418880
0.540000	-0.260604	0.183029	-0.156923	-0.044202	-0.849604	0.417025
0.560000	-0.256368	0.193194	-0.158568	-0.044059	-0.851463	0.415172
0.580000	-0.252677	0.201704	-0.159887	-0.043995	-0.853176	0.413352
0.600000	-0.249733	0.208459	-0.160861	-0.044021	-0.854707	0.411593
0.620000	-0.247735	0.213361	-0.161474	-0.044146	-0.856020	0.409926
0.640000	-0.246886	0.216310	-0.161708	-0.044382	-0.857081	0.408379
0.660000	-0.247385	0.217209	-0.161545	-0.044739	-0.857852	0.406982
0.680000	-0.249433	0.215959	-0.160968	-0.045227	-0.858298	0.405763
0.700000	-0.253229	0.212463	-0.159960	-0.045857	-0.858384	0.404752
0.720000	-0.258795	0.206788	-0.158550	-0.046627	-0.858103	0.403964
0.740000	-0.265851	0.199280	-0.156841	-0.047518	-0.857496	0.403386
0.760000	-0.274088	0.190314	-0.154945	-0.048509	-0.856609	0.403006
0.780000	-0.283196	0.180262	-0.152973	-0.049576	-0.855488	0.402809
0.800000	-0.292867	0.169500	-0.151038	-0.050699	-0.854180	0.402782
0.820000	-0.302792	0.158400	-0.149252	-0.051855	-0.852732	0.402911
0.840000	-0.312661	0.147337	-0.147724	-0.053023	-0.851188	0.403182
0.860000	-0.322165	0.136684	-0.146569	-0.054181	-0.849596	0.403582
0.880000	-0.330995	0.126815	-0.145896	-0.055307	-0.848002	0.404096
0.900000	-0.338841	0.118104	-0.145819	-0.056380	-0.846452	0.404712
0.920000	-0.345396	0.110925	-0.146448	-0.057376	-0.844992	0.405416
0.940000	-0.350349	0.105650	-0.147895	-0.058275	-0.843669	0.406193
0.960000	-0.353391	0.102656	-0.150272	-0.059055	-0.842528	0.407030
0.980000	-0.354213	0.102314	-0.153691	-0.059694	-0.841616	0.407913
1.000000	-0.352506	0.104999	-0.158263	-0.060170	-0.840979	0.408829
1.020000	-0.347990	0.111052	-0.164083	-0.060463	-0.840661	0.409764
1.040000	-0.340778	0.120364	-0.171016	-0.060576	-0.840658	0.410708
1.060000	-0.331270	0.132503	-0.178759	-0.060526	-0.840938	0.411654
1.080000	-0.319870	0.147028	-0.187006	-0.060334	-0.841465	0.412592
1.100000	-0.306985	0.163500	-0.195451	-0.060019	-0.842205	0.413517
1.120000	-0.293018	0.181478	-0.203788	-0.059600	-0.843121	0.414420
1.140000	-0.278376	0.200522	-0.211712	-0.059096	-0.844180	0.415293
1.160000	-0.263464	0.220192	-0.218916	-0.058526	-0.845347	0.416128
1.180000	-0.248686	0.240048	-0.225094	-0.057910	-0.846586	0.416919
1.200000	-0.234449	0.259649	-0.229939	-0.057266	-0.847862	0.417657
1.220000	-0.221157	0.278555	-0.233147	-0.056615	-0.849142	0.418334
1.240000	-0.209216	0.296327	-0.234411	-0.055975	-0.850389	0.418943
1.260000	-0.199031	0.312524	-0.233425	-0.055365	-0.851568	0.419477
1.280000	-0.191007	0.326706	-0.229883	-0.054805	-0.852646	0.419927
1.300000	-0.185549	0.338433	-0.223479	-0.054314	-0.853587	0.420285
1.320000	-0.183063	0.347264	-0.213907	-0.053911	-0.854356	0.420545
1.340000	-0.183948	0.352765	-0.200868	-0.053615	-0.854918	0.420698
1.360000	-0.188278	0.354742	-0.184379	-0.053433	-0.855261	0.420744
1.380000	-0.195679	0.353342	-0.164907	-0.053355	-0.855403	0.420692
1.400000	-0.205737	0.348737	-0.142948	-0.053370	-0.855363	0.420552
1.420000	-0.218043	0.341100	-0.119003	-0.053467	-0.855161	0.420335
1.440000	-0.232185	0.330602	-0.093569	-0.053634	-0.854817	0.420049
