0.000000	-0.452973	0.170700	0.019898	-0.044112	-0.861090	0.391517
0.020000	-0.464443	0.153709	0.038155	-0.044946	-0.861182	0.390680
0.040000	-0.473056	0.136141	0.053690	-0.046016	-0.861122	0.389810
0.060000	-0.479096	0.118164	0.066757	-0.047279	-0.860941	0.388928
0.080000	-0.482846	0.099944	0.077610	-0.048693	-0.860671	0.388059
0.100000	-0.484589	0.081650	0.086502	-0.050215	-0.860340	0.387225
0.120000	-0.484609	0.063449	0.093687	-0.051803	-0.859981	0.386449
0.140000	-0.483190	0.045509	0.099418	-0.053415	-0.859623	0.385755
0.160000	-0.480615	0.027997	0.103949	-0.055008	-0.859298	0.385165
0.180000	-0.477167	0.011081	0.107533	-0.056540	-0.859036	0.384704
0.200000	-0.473131	-0.005071	0.110424	-0.057969	-0.858868	0.384393
0.220000	-0.468790	-0.020293	0.112876	-0.059252	-0.858824	0.384256
0.240000	-0.464425	-0.034417	0.115141	-0.060348	-0.858936	0.384316
0.260000	-0.460178	-0.047336	0.117356	-0.061231	-0.859215	0.384578
0.280000	-0.455943	-0.059049	0.119458	-0.061909	-0.859642	0.385020
0.300000	-0.451587	-0.069566	0.121361	-0.062392	-0.860197	0.385615
0.320000	-0.446978	-0.078897	0.122979	-0.062692	-0.860856	0.386335
0.340000	-0.441983	-0.087052	0.124229	-0.062818	-0.861597	0.387154
0.360000	-0.436470	-0.094040	0.125024	-0.062782	-0.862399	0.388045
0.380000	-0.430306	-0.099873	0.125278	-0.062594	-0.863239	0.388982
0.400000	-0.423360	-0.104559	0.124908	-0.062264	-0.864095	0.389937
0.420000	-0.415498	-0.108108	0.123827	-0.061803	-0.864945	0.390884
0.440000	-0.406588	-0.110531	0.121951	-0.061221	-0.865767	0.391796
0.460000	-0.396499	-0.111837	0.119194	-0.060530	-0.866538	0.392646
0.480000	-0.385097	-0.112036	0.115470	-0.059739	-0.867238	0.393408
0.500000	-0.372250	-0.111139	0.110695	-0.058860	-0.867843	0.394055
0.520000	-0.357826	-0.109154	0.104784	-0.057902	-0.868331	0.394560
0.540000	-0.341693	-0.106093	0.097650	-0.056876	-0.868680	0.394895
0.560000	-0.323717	-0.101964	0.089210	-0.055793	-0.868869	0.395036
0.580000	-0.303776	-0.096779	0.079382	-0.054664	-0.868876	0.394954
0.600000	-0.282031	-0.090568	0.068257	-0.053507	-0.868697	0.394646
0.620000	-0.258964	-0.083386	0.056114	-0.052352	-0.868352	0.394131
0.640000	-0.235077	-0.075289	0.043246	-0.051227	-0.867859	0.393429
0.660000	-0.210869	-0.066333	0.029943	-0.050161	-0.867239	0.392562
0.680000	-0.186843	-0.056572	0.016497	-0.049183	-0.866510	0.391549
0.700000	-0.163499	-0.046063	0.003199	-0.048323	-0.865693	0.390412
0.720000	-0.141338	-0.034861	-0.009659	-0.047609	-0.864806	0.389170
0.740000	-0.120860	-0.023023	-0.021787	-0.047069	-0.863871	0.387846
0.760000	-0.102568	-0.010604	-0.032892	-0.046734	-0.862905	0.386458
0.780000	-0.086961	0.002341	-0.042683	-0.046632	-0.861928	0.385029
0.800000	-0.074540	0.015756	-0.050869	-0.046792	-0.860961	0.383578
0.820000	-0.065807	0.029585	-0.057159	-0.047244	-0.860022	0.382126
0.840000	-0.061262	0.043772	-0.061261	-0.048015	-0.859132	0.380695
0.860000	-0.061406	0.058262	-0.062884	-0.049136	-0.858309	0.379304
0.880000	-0.066740	0.072999	-0.061737	-0.050634	-0.857573	0.377974
0.900000	-0.077667	0.087931	-0.057589	-0.052533	-0.856942	0.376723
0.920000	-0.093795	0.103035	-0.050706	-0.054798	-0.856418	0.375555
0.940000	-0.114355	0.118304	-0.041590	-0.057370	-0.855994	0.374462
0.960000	-0.138576	0.133727	-0.030743	-0.060187	-0.855665	0.373438
0.980000	-0.165683	0.149298	-0.018670	-0.063191	-0.855426	0.372478
1.000000	-0.194906	0.165008	-0.005873	-0.066320	-0.855269	0.371575
1.020000	-0.225471	0.180848	0.007143	-0.069514	-0.855190	0.370723
1.040000	-0.256607	0.196811	0.019877	-0.072713	-0.855183	0.369916
1.060000	-0.287541	0.212887	0.031823	-0.075856	-0.855242	0.369147
1.080000	-0.317501	0.229068	0.042479	-0.078883	-0.855360	0.368412
1.100000	-0.345714	0.245347	0.051342	-0.081733	-0.855532	0.367702
1.120000	-0.371408	0.261714	0.057908	-0.084348	-0.855753	0.367013
1.140000	-0.393810	0.278161	0.061674	-0.086665	-0.856016	0.366338
1.160000	-0.412149	0.294680	0.062136	-0.088624	-0.856315	0.365671
1.180000	-0.425652	0.311263	0.058791	-0.090166	-0.856646	0.365006
1.200000	-0.433547	0.327900	0.051136	-0.091230	-0.857001	0.364337
1.220000	-0.435098	0.344579	0.038694	-0.091759	-0.857375	0.363658
1.240000	-0.430346	0.361148	0.021556	-0.091752	-0.857763	0.362974
1.260000	-0.420064	0.377335	0.000350	-0.091265	-0.858162	0.362301
1.280000	-0.405054	0.392858	-0.024278	-0.090355	-0.858567	0.361655
1.300000	-0.386120	0.407437	-0.051678	-0.089080	-0.858974	0.361051
1.320000	-0.364062	0.420792	-0.081204	-0.087496	-0.859379	0.360506
1.340000	-0.339683	0.432643	-0.112207	-0.085662	-0.859779	0.360034
1.360000	-0.313785	0.442710	-0.144040	-0.083634	-0.860168	0.359653
1.380000	-0.287171	0.450712	-0.176055	-0.081470	-0.860544	0.359377
1.400000	-0.260642	0.456371	-0.207603	-0.079226	-0.860902	0.359223
1.420000	-0.235000	0.459404	-0.238037	-0.076961	-0.861239	0.359206
1.440000	-0.211049	0.459533	-0.266709	-0.074732	-0.861549	0.359342
1.460000	-0.189589	0.456477	-0.292972	-0.072595	-0.861830	0.359648
1.480000	-0.171424	0.449955	-0.316176	-0.070608	-0.862077	0.360138
1.500000	-0.157354	0.439689	-0.335676	-0.068829	-0.862287	0.360830
1.520000	-0.148184	0.425397	-0.350822	-0.067314	-0.862455	0.361737
1.540000	-0.144709	0.406803	-0.360970	-0.066122	-0.862577	0.362877
1.560000	-0.147200	0.383910	-0.365850	-0.065279	-0.862653	0.364249
1.580000	-0.154955	0.357243	-0.365885	-0.064760	-0.862690	0.365820
1.600000	-0.167166	0.327384	-0.361572	-0.064533	-0.862695	0.367557
1.620000	-0.183023	0.294914	-0.353408	-0.064568	-0.862675	0.369423
1.640000	-0.201720	0.260415	-0.341890	-0.064832	-0.862638	0.371385
1.660000	-0.222448	0.224468	-0.327515	-0.065295	-0.862592	0.373408
1.680000	-0.244398	0.187654	-0.310782	-0.065924	-0.862542	0.375456
1.700000	-0.266763	0.150555	-0.292186	-0.066688	-0.862498	0.377495
1.720000	-0.288733	0.113752	-0.272225	-0.067557	-0.862466	0.379490
1.740000	-0.309502	0.077826	-0.251397	-0.068497	-0.862453	0.381407
1.760000	-0.328260	0.043360	-0.230199	-0.069478	-0.862467	0.383210
1.780000	-0.344199	0.010934	-0.209128	-0.070469	-0.862516	0.384865
1.800000	-0.356512	-0.018870	-0.188681	-0.071437	-0.862606	0.386336
1.820000	-0.364390	-0.045471	-0.169356	-0.072352	-0.862745	0.387589
1.840000	-0.367024	-0.068288	-0.151650	-0.073181	-0.862940	0.388590
1.860000	-0.363659	-0.086770	-0.136036	-0.073895	-0.863198	0.389305
1.880000	-0.354344	-0.100860	-0.122627	-0.074479	-0.863515	0.389734
1.900000	-0.339756	-0.110883	-0.111257	-0.074932	-0.863875	0.389904
1.920000	-0.320589	-0.117175	-0.101747	-0.075252	-0.864264	0.389840
1.940000	-0.297538	-0.120071	-0.093924	-0.075437	-0.864668	0.389569
1.960000	-0.271296	-0.119908	-0.087609	-0.075487	-0.865073	0.389117
1.980000	-0.242558	-0.117021	-0.082629	-0.075400	-0.865465	0.388510
2.000000	-0.212019	-0.111746	-0.078806	-0.075175	-0.865828	0.387775
2.020000	-0.180371	-0.104418	-0.075965	-0.074810	-0.866149	0.386938
2.040000	-0.148310	-0.095373	-0.073930	-0.074304	-0.866414	0.386025
2.060000	-0.116530	-0.084947	-0.072525	-0.073655	-0.866607	0.385063
2.080000	-0.085724	-0.073476	-0.071573	-0.072863	-0.866715	0.384077
2.100000	-0.056588	-0.061296	-0.070900	-0.071926	-0.866722	0.383095
2.120000	-0.029815	-0.048741	-0.070329	-0.070843	-0.866616	0.382143
2.140000	-0.006099	-0.036149	-0.069684	-0.069612	-0.866381	0.381246
2.160000	0.013864	-0.023854	-0.068789	-0.068231	-0.866003	0.380431
2.180000	0.029504	-0.012148	-0.067503	-0.066705	-0.865473	0.379721
2.200000	0.040865	-0.001104	-0.065855	-0.065058	-0.864805	0.379116
