0.000000	-2.351817	-0.282653	0.450403	-0.059460	-0.871630	-0.090341
0.020000	-2.546955	-0.183473	0.425309	-0.057538	-0.867106	-0.090543
0.040000	-2.751324	-0.071099	0.396637	-0.054892	-0.864056	-0.089978
0.060000	-2.960444	0.051678	0.365107	-0.051673	-0.862486	-0.088886
0.080000	-3.169836	0.182070	0.331435	-0.048031	-0.862405	-0.087507
0.100000	-3.375019	0.317285	0.296340	-0.044115	-0.863818	-0.086083
0.120000	-3.571514	0.454535	0.260542	-0.040074	-0.866733	-0.084855
0.140000	-3.754839	0.591028	0.224758	-0.036060	-0.871157	-0.084062
0.160000	-3.920515	0.723976	0.189706	-0.032221	-0.877096	-0.083945
0.180000	-4.064063	0.850588	0.156105	-0.028709	-0.884558	-0.084746
0.200000	-4.181001	0.968075	0.124674	-0.025671	-0.893549	-0.086705
0.220000	-4.266850	1.073645	0.096131	-0.023259	-0.904076	-0.090062
0.240000	-4.317130	1.164511	0.071194	-0.021622	-0.916146	-0.095058
0.260000	-4.327361	1.237881	0.050582	-0.020910	-0.929766	-0.101934
0.280000	-4.293063	1.290965	0.035013	-0.021273	-0.944942	-0.110930
0.300000	-4.210138	1.321160	0.025144	-0.022850	-0.961672	-0.122265
0.320000	-4.079839	1.328466	0.020784	-0.025624	-0.979800	-0.135833
0.340000	-3.907364	1.314802	0.021113	-0.029467	-0.999064	-0.151293
0.360000	-3.697999	1.282130	0.025299	-0.034246	-1.019194	-0.168299
0.380000	-3.457033	1.232414	0.032507	-0.039828	-1.039925	-0.186502
0.400000	-3.189752	1.167618	0.041905	-0.046082	-1.060990	-0.205556
0.420000	-2.901446	1.089703	0.052660	-0.052876	-1.082121	-0.225114
0.440000	-2.597401	1.000633	0.063937	-0.060076	-1.103051	-0.244829
0.460000	-2.282905	0.902372	0.074905	-0.067551	-1.123513	-0.264353
0.480000	-1.963245	0.796882	0.084729	-0.075168	-1.143240	-0.283339
0.500000	-1.643710	0.686127	0.092577	-0.082795	-1.161966	-0.301441
0.520000	-1.329587	0.572070	0.097615	-0.090300	-1.179423	-0.318310
0.540000	-1.026164	0.456674	0.099009	-0.097550	-1.195344	-0.333601
0.560000	-0.738727	0.341901	0.095927	-0.104414	-1.209461	-0.346966
0.580000	-0.472566	0.229716	0.087536	-0.110759	-1.221509	-0.358057
0.600000	-0.232968	0.122080	0.073001	-0.116452	-1.231220	-0.366528
0.620000	-0.025220	0.020959	0.051491	-0.121362	-1.238326	-0.372032
0.640000	0.146109	-0.071869	0.022318	-0.125371	-1.242597	-0.374274
0.660000	0.282074	-0.156043	-0.014052	-0.128475	-1.244076	-0.373373
0.680000	0.386381	-0.231877	-0.056610	-0.130724	-1.242937	-0.369641
0.700000	0.462748	-0.299685	-0.104346	-0.132170	-1.239357	-0.363394
0.720000	0.514896	-0.359785	-0.156248	-0.132863	-1.233510	-0.354945
0.740000	0.546544	-0.412492	-0.211305	-0.132852	-1.225571	-0.344608
0.760000	0.561413	-0.458121	-0.268505	-0.132190	-1.215716	-0.332698
0.780000	0.563222	-0.496989	-0.326838	-0.130927	-1.204119	-0.319528
0.800000	0.555692	-0.529412	-0.385293	-0.129112	-1.190956	-0.305413
0.820000	0.542542	-0.555705	-0.442857	-0.126798	-1.176402	-0.290667
0.840000	0.527492	-0.576185	-0.498521	-0.124034	-1.160632	-0.275605
0.860000	0.514263	-0.591168	-0.551272	-0.120871	-1.143821	-0.260539
0.880000	0.506573	-0.600968	-0.600099	-0.117360	-1.126145	-0.245786
0.900000	0.508144	-0.605903	-0.643992	-0.113551	-1.107778	-0.231658
0.920000	0.522694	-0.606288	-0.681939	-0.109495	-1.088896	-0.218469
0.940000	0.553942	-0.602439	-0.712929	-0.105242	-1.069674	-0.206535
0.960000	0.604197	-0.594629	-0.736314	-0.100844	-1.050286	-0.196072
0.980000	0.671679	-0.583008	-0.752494	-0.096352	-1.030906	-0.187019
1.000000	0.753877	-0.567704	-0.762059	-0.091818	-1.011706	-0.179264
1.020000	0.848277	-0.548844	-0.765600	-0.087295	-0.992859	-0.172696
1.040000	0.952365	-0.526555	-0.763705	-0.082833	-0.974538	-0.167202
1.060000	1.063629	-0.500967	-0.756965	-0.078486	-0.956916	-0.162670
1.080000	1.179555	-0.472205	-0.745969	-0.074305	-0.940165	-0.158989
1.100000	1.297631	-0.440397	-0.731307	-0.070342	-0.924458	-0.156047
1.120000	1.415343	-0.405672	-0.713568	-0.066649	-0.909969	-0.153731
1.140000	1.530178	-0.368157	-0.693343	-0.063279	-0.896869	-0.151931
1.160000	1.639623	-0.327979	-0.671221	-0.060282	-0.885332	-0.150534
1.180000	1.741165	-0.285266	-0.647792	-0.057711	-0.875530	-0.149428
1.200000	1.832291	-0.240145	-0.623646	-0.055619	-0.867636	-0.148502
1.220000	1.910488	-0.192744	-0.599371	-0.054056	-0.861823	-0.147643
1.240000	1.973243	-0.143192	-0.575559	-0.053076	-0.858263	-0.146740
1.260000	2.018041	-0.091614	-0.552798	-0.052729	-0.857130	-0.145681
1.280000	2.042785	-0.038227	-0.531602	-0.053054	-0.858551	-0.144367
1.300000	2.047941	0.016209	-0.512000	-0.053995	-0.862366	-0.142778
1.320000	2.034962	0.070723	-0.493838	-0.055464	-0.868308	-0.140925
1.340000	2.005304	0.124345	-0.476963	-0.057372	-0.876108	-0.138818
1.360000	1.960420	0.176106	-0.461219	-0.059628	-0.885499	-0.136469
1.380000	1.901767	0.225033	-0.446452	-0.062144	-0.896211	-0.133888
1.400000	1.830798	0.270158	-0.432509	-0.064830	-0.907978	-0.131085
1.420000	1.748969	0.310510	-0.419233	-0.067597	-0.920530	-0.128073
1.440000	1.657735	0.345118	-0.406471	-0.070355	-0.933599	-0.124861
1.460000	1.558550	0.373012	-0.394069	-0.073014	-0.946918	-0.121461
1.480000	1.452869	0.393222	-0.381872	-0.075487	-0.960217	-0.117882
1.500000	1.342147	0.404776	-0.369725	-0.077682	-0.973229	-0.114136
1.520000	1.227839	0.406706	-0.357474	-0.079511	-0.985686	-0.110234
1.540000	1.111400	0.398040	-0.344965	-0.080885	-0.997319	-0.106187
1.560000	0.994285	0.377807	-0.332043	-0.081713	-1.007859	-0.102005
1.580000	0.877949	0.345039	-0.318554	-0.081907	-1.017039	-0.097698
1.600000	0.763786	0.298901	-0.304354	-0.081383	-1.024603	-0.093280
1.620000	0.652293	0.240605	-0.289467	-0.080156	-1.030477	-0.088781
1.640000	0.543280	0.172936	-0.274044	-0.078311	-1.034727	-0.084247
1.660000	0.436538	0.098716	-0.258241	-0.075938	-1.037422	-0.079724
1.680000	0.331856	0.020769	-0.242211	-0.073127	-1.038632	-0.075258
1.700000	0.229028	-0.058082	-0.226110	-0.069966	-1.038426	-0.070896
1.720000	0.127842	-0.135014	-0.210092	-0.066545	-1.036874	-0.066684
1.740000	0.028091	-0.207202	-0.194312	-0.062952	-1.034046	-0.062668
1.760000	-0.070434	-0.271824	-0.178925	-0.059277	-1.030010	-0.058893
1.780000	-0.167943	-0.326056	-0.164086	-0.055609	-1.024838	-0.055407
1.800000	-0.264645	-0.367075	-0.149949	-0.052037	-1.018597	-0.052256
1.820000	-0.360749	-0.392057	-0.136668	-0.048649	-1.011358	-0.049485
1.840000	-0.456463	-0.398179	-0.124400	-0.045536	-1.003190	-0.047141
1.860000	-0.551998	-0.382618	-0.113298	-0.042786	-0.994164	-0.045270
1.880000	-0.647560	-0.342550	-0.103517	-0.040488	-0.984347	-0.043918
1.900000	-0.743352	-0.275308	-0.095198	-0.038729	-0.973813	-0.043130
1.920000	-0.839368	-0.181704	-0.088168	-0.037526	-0.962701	-0.042942
1.940000	-0.935406	-0.065954	-0.081949	-0.036832	-0.951216	-0.043373
1.960000	-1.031252	0.067581	-0.076047	-0.036597	-0.939563	-0.044446
1.980000	-1.126697	0.214542	-0.069972	-0.036770	-0.927950	-0.046182
2.000000	-1.221528	0.370568	-0.063230	-0.037300	-0.916583	-0.048603
2.020000	-1.315532	0.531302	-0.055330	-0.038137	-0.905671	-0.051729
2.040000	-1.408499	0.692381	-0.045779	-0.039231	-0.895418	-0.055583
2.060000	-1.500217	0.849448	-0.034086	-0.040530	-0.886033	-0.060184
2.080000	-1.590473	0.998141	-0.019759	-0.041984	-0.877722	-0.065556
2.100000	-1.679057	1.134102	-0.002306	-0.043543	-0.870692	-0.071719
