0.000000	0.750813	-0.108278	0.372586	-0.042346	-0.866912	-0.007486
0.020000	0.548195	-0.068416	0.389397	-0.043711	-0.863999	-0.009536
0.040000	0.332732	-0.024274	0.397378	-0.045178	-0.862481	-0.011640
0.060000	0.107013	0.023499	0.397161	-0.046750	-0.862306	-0.013826
0.080000	-0.125936	0.074139	0.389681	-0.048427	-0.863383	-0.016128
0.100000	-0.363089	0.126880	0.375874	-0.050212	-0.865621	-0.018577
0.120000	-0.601420	0.180960	0.356673	-0.052107	-0.868930	-0.021207
0.140000	-0.837901	0.235613	0.333013	-0.054114	-0.873217	-0.024050
0.160000	-1.069508	0.290075	0.305828	-0.056234	-0.878393	-0.027141
0.180000	-1.293215	0.343581	0.276053	-0.058469	-0.884365	-0.030510
0.200000	-1.505994	0.395367	0.244622	-0.060822	-0.891043	-0.034192
0.220000	-1.704820	0.444669	0.212470	-0.063293	-0.898336	-0.038220
0.240000	-1.886668	0.490722	0.180531	-0.065886	-0.906153	-0.042625
0.260000	-2.048510	0.532762	0.149740	-0.068601	-0.914402	-0.047442
0.280000	-2.187320	0.570024	0.121031	-0.071441	-0.922993	-0.052702
0.300000	-2.300074	0.601744	0.095338	-0.074407	-0.931835	-0.058440
0.320000	-2.383743	0.627157	0.073597	-0.077501	-0.940837	-0.064687
0.340000	-2.435303	0.645500	0.056740	-0.080726	-0.949907	-0.071477
0.360000	-2.452178	0.656120	0.045589	-0.084081	-0.958964	-0.078832
0.380000	-2.435685	0.659347	0.039973	-0.087550	-0.968005	-0.086684
0.400000	-2.389125	0.656009	0.039214	-0.091111	-0.977070	-0.094920
0.420000	-2.315819	0.646939	0.042633	-0.094739	-0.986196	-0.103427
0.440000	-2.219086	0.632968	0.049548	-0.098412	-0.995423	-0.112089
0.460000	-2.102244	0.614928	0.059281	-0.102106	-1.004790	-0.120793
0.480000	-1.968612	0.593654	0.071149	-0.105796	-1.014335	-0.129425
0.500000	-1.821511	0.569976	0.084472	-0.109461	-1.024097	-0.137870
0.520000	-1.664258	0.544728	0.098570	-0.113076	-1.034115	-0.146016
0.540000	-1.500173	0.518741	0.112762	-0.116617	-1.044427	-0.153747
0.560000	-1.332576	0.492849	0.126368	-0.120062	-1.055073	-0.160950
0.580000	-1.164784	0.467883	0.138708	-0.123386	-1.066092	-0.167512
0.600000	-1.000118	0.444676	0.149099	-0.126567	-1.077521	-0.173317
0.620000	-0.841897	0.424061	0.156863	-0.129580	-1.089401	-0.178251
0.640000	-0.693439	0.406869	0.161319	-0.132403	-1.101769	-0.182202
0.660000	-0.558064	0.393934	0.161785	-0.135011	-1.114665	-0.185054
0.680000	-0.438969	0.386054	0.157604	-0.137382	-1.128120	-0.186700
0.700000	-0.336534	0.383272	0.148607	-0.139498	-1.142005	-0.187141
0.720000	-0.248310	0.384869	0.135120	-0.141346	-1.156031	-0.186493
0.740000	-0.171727	0.390092	0.117492	-0.142914	-1.169900	-0.184877
0.760000	-0.104214	0.398189	0.096070	-0.144192	-1.183316	-0.182414
0.780000	-0.043200	0.408410	0.071203	-0.145167	-1.195980	-0.179223
0.800000	0.013885	0.420001	0.043237	-0.145827	-1.207595	-0.175426
0.820000	0.069612	0.432210	0.012521	-0.146160	-1.217866	-0.171143
0.840000	0.126554	0.444285	-0.020598	-0.146154	-1.226493	-0.166495
0.860000	0.187279	0.455475	-0.055772	-0.145798	-1.233181	-0.161602
0.880000	0.254360	0.465028	-0.092652	-0.145079	-1.237632	-0.156585
0.900000	0.330366	0.472191	-0.130892	-0.143986	-1.239549	-0.151563
0.920000	0.417870	0.476212	-0.170144	-0.142507	-1.238635	-0.146659
0.940000	0.519441	0.476339	-0.210059	-0.140629	-1.234592	-0.141991
0.960000	0.637651	0.471820	-0.250290	-0.138342	-1.227123	-0.137682
0.980000	0.775071	0.461904	-0.290489	-0.135633	-1.215932	-0.133850
1.000000	0.934252	0.445842	-0.330309	-0.132491	-1.200723	-0.130617
1.020000	1.115319	0.423372	-0.369446	-0.128927	-1.181477	-0.128037
1.040000	1.313615	0.395194	-0.407684	-0.125003	-1.158719	-0.126035
1.060000	1.523925	0.362117	-0.444815	-0.120784	-1.133035	-0.124520
1.080000	1.741034	0.324953	-0.480633	-0.116336	-1.105014	-0.123402
1.100000	1.959728	0.284511	-0.514932	-0.111726	-1.075243	-0.122592
1.120000	2.174789	0.241602	-0.547504	-0.107018	-1.044310	-0.121999
1.140000	2.381005	0.197037	-0.578144	-0.102279	-1.012803	-0.121533
1.160000	2.573159	0.151626	-0.606643	-0.097576	-0.981309	-0.121104
1.180000	2.746035	0.106180	-0.632797	-0.092972	-0.950417	-0.120622
1.200000	2.894420	0.061508	-0.656397	-0.088536	-0.920713	-0.119996
1.220000	3.013098	0.018423	-0.677237	-0.084332	-0.892785	-0.119138
1.240000	3.096853	-0.022267	-0.695111	-0.080427	-0.867222	-0.117955
1.260000	3.140471	-0.059751	-0.709811	-0.076885	-0.844610	-0.116359
1.280000	3.138736	-0.093218	-0.721132	-0.073775	-0.825538	-0.114260
1.300000	3.086434	-0.121857	-0.728866	-0.071160	-0.810593	-0.111566
1.320000	2.978348	-0.144858	-0.732807	-0.069108	-0.800362	-0.108188
1.340000	2.811333	-0.161627	-0.732847	-0.067662	-0.795257	-0.104063
1.360000	2.590742	-0.172451	-0.729288	-0.066778	-0.794958	-0.099235
1.380000	2.324115	-0.177849	-0.722537	-0.066390	-0.798960	-0.093777
1.400000	2.018989	-0.178336	-0.713001	-0.066430	-0.806757	-0.087761
1.420000	1.682904	-0.174429	-0.701085	-0.066832	-0.817843	-0.081262
1.440000	1.323397	-0.166645	-0.687196	-0.067529	-0.831711	-0.074350
1.460000	0.948007	-0.155501	-0.671742	-0.068454	-0.847857	-0.067100
1.480000	0.564272	-0.141513	-0.655129	-0.069541	-0.865774	-0.059584
1.500000	0.179732	-0.125198	-0.637762	-0.070721	-0.884957	-0.051874
1.520000	-0.198076	-0.107072	-0.620050	-0.071929	-0.904899	-0.044044
1.540000	-0.561614	-0.087652	-0.602398	-0.073097	-0.925095	-0.036167
1.560000	-0.903342	-0.067455	-0.585214	-0.074159	-0.945038	-0.028314
1.580000	-1.215723	-0.046997	-0.568903	-0.075048	-0.964223	-0.020560
1.600000	-1.491217	-0.026795	-0.553872	-0.075697	-0.982145	-0.012976
1.620000	-1.722287	-0.007366	-0.540528	-0.076039	-0.998296	-0.005636
1.640000	-1.901394	0.010774	-0.529278	-0.076007	-1.012172	0.001388
1.660000	-2.021913	0.027139	-0.520460	-0.075541	-1.023315	0.008027
1.680000	-2.085518	0.041526	-0.513793	-0.074653	-1.031712	0.014255
1.700000	-2.098317	0.053882	-0.508666	-0.073387	-1.037586	0.020067
1.720000	-2.066455	0.064156	-0.504464	-0.071790	-1.041162	0.025457
1.740000	-1.996080	0.072297	-0.500573	-0.069910	-1.042665	0.030423
1.760000	-1.893338	0.078252	-0.496378	-0.067792	-1.042322	0.034958
1.780000	-1.764377	0.081972	-0.491265	-0.065484	-1.040358	0.039059
1.800000	-1.615344	0.083404	-0.484619	-0.063032	-1.036998	0.042720
1.820000	-1.452386	0.082498	-0.475826	-0.060482	-1.032467	0.045938
1.840000	-1.281650	0.079202	-0.464271	-0.057882	-1.026991	0.048707
1.860000	-1.109282	0.073464	-0.449340	-0.055278	-1.020796	0.051023
1.880000	-0.941431	0.065234	-0.430418	-0.052716	-1.014106	0.052882
1.900000	-0.784242	0.054461	-0.406891	-0.050244	-1.007147	0.054278
1.920000	-0.643863	0.041092	-0.378145	-0.047908	-1.000146	0.055208
1.940000	-0.526441	0.025077	-0.343564	-0.045755	-0.993326	0.055666
1.960000	-0.438123	0.006364	-0.302535	-0.043831	-0.986914	0.055649
1.980000	-0.383136	-0.014906	-0.254795	-0.042167	-0.981079	0.055160
2.000000	-0.359359	-0.037958	-0.201247	-0.040745	-0.975807	0.054236
2.020000	-0.363360	-0.061888	-0.143036	-0.039532	-0.971044	0.052921
2.040000	-0.391707	-0.085790	-0.081305	-0.038499	-0.966738	0.051255
2.060000	-0.440967	-0.108757	-0.017200	-0.037616	-0.962837	0.049282
2.080000	-0.507708	-0.129886	0.048137	-0.036852	-0.959287	0.047045
2.100000	-0.588498	-0.148270	0.113561	-0.036177	-0.956035	0.044586
2.120000	-0.679904	-0.163004	0.177928	-0.035559	-0.953029	0.041948
2.140000	-0.778493	-0.173182	0.240094	-0.034970	-0.950216	0.039173
2.160000	-0.880835	-0.177899	0.298916	-0.034378	-0.947543	0.036304
2.180000	-0.983495	-0.176249	0.353248	-0.033753	-0.944958	0.033384
2.200000	-1.083043	-0.167328	0.401947	-0.033065	-0.942407	0.030455
2.220000	-1.176045	-0.150228	0.443869	-0.032283	-0.939837	0.027560
