0.000000	-1.601880	0.240053	0.703618	-0.044807	-0.930112	0.041710
0.020000	-1.677145	0.262976	0.718909	-0.051088	-0.916738	0.039181
0.040000	-1.746577	0.285064	0.728180	-0.057506	-0.902765	0.036389
0.060000	-1.810301	0.306248	0.731626	-0.063992	-0.888517	0.033345
0.080000	-1.868441	0.326459	0.729441	-0.070477	-0.874319	0.030060
0.100000	-1.921122	0.345630	0.721821	-0.076892	-0.860495	0.026546
0.120000	-1.968470	0.363693	0.708958	-0.083170	-0.847370	0.022816
0.140000	-2.010610	0.380577	0.691048	-0.089240	-0.835268	0.018882
0.160000	-2.047665	0.396217	0.668286	-0.095034	-0.824514	0.014754
0.180000	-2.079761	0.410542	0.640865	-0.100484	-0.815432	0.010446
0.200000	-2.107023	0.423484	0.608980	-0.105521	-0.808347	0.005969
0.220000	-2.129576	0.434977	0.572825	-0.110076	-0.803582	0.001335
0.240000	-2.147545	0.444949	0.532595	-0.114080	-0.801464	-0.003444
0.260000	-2.161054	0.453335	0.488485	-0.117464	-0.802316	-0.008356
0.280000	-2.170229	0.460064	0.440688	-0.120161	-0.806462	-0.013390
0.300000	-2.175194	0.465070	0.389400	-0.122100	-0.814227	-0.018533
0.320000	-2.176072	0.468293	0.334883	-0.123229	-0.825857	-0.023772
0.340000	-2.172970	0.469741	0.277831	-0.123590	-0.841102	-0.029091
0.360000	-2.165988	0.469445	0.219099	-0.123260	-0.859525	-0.034469
0.380000	-2.155227	0.467438	0.159546	-0.122320	-0.880689	-0.039889
0.400000	-2.140788	0.463750	0.100028	-0.120848	-0.904154	-0.045329
0.420000	-2.122772	0.458413	0.041402	-0.118922	-0.929483	-0.050772
0.440000	-2.101279	0.451460	-0.015473	-0.116622	-0.956239	-0.056198
0.460000	-2.076411	0.442922	-0.069741	-0.114026	-0.983981	-0.061588
0.480000	-2.048268	0.432830	-0.120545	-0.111212	-1.012274	-0.066921
0.500000	-2.016951	0.421216	-0.167027	-0.108260	-1.040678	-0.072180
0.520000	-1.982561	0.408113	-0.208330	-0.105248	-1.068756	-0.077345
0.540000	-1.945198	0.393551	-0.243597	-0.102255	-1.096069	-0.082396
0.560000	-1.904964	0.377563	-0.271971	-0.099360	-1.122179	-0.087315
0.580000	-1.861959	0.360179	-0.292594	-0.096641	-1.146649	-0.092082
0.600000	-1.816284	0.341433	-0.304609	-0.094177	-1.169040	-0.096678
0.620000	-1.768041	0.321355	-0.307160	-0.092048	-1.188914	-0.101083
0.640000	-1.717311	0.299973	-0.299468	-0.090326	-1.205854	-0.105277
0.660000	-1.663915	0.277257	-0.281954	-0.089007	-1.219754	-0.109235
0.680000	-1.607474	0.253131	-0.255957	-0.088031	-1.230746	-0.112924
0.700000	-1.547601	0.227517	-0.222839	-0.087333	-1.238971	-0.116310
0.720000	-1.483909	0.200338	-0.183964	-0.086848	-1.244567	-0.119362
0.740000	-1.416013	0.171518	-0.140692	-0.086513	-1.247673	-0.122046
0.760000	-1.343527	0.140980	-0.094388	-0.086265	-1.248427	-0.124331
0.780000	-1.266064	0.108646	-0.046414	-0.086038	-1.246970	-0.126184
0.800000	-1.183239	0.074439	0.001868	-0.085770	-1.243440	-0.127573
0.820000	-1.094666	0.038283	0.049096	-0.085396	-1.237977	-0.128464
0.840000	-0.999958	0.000100	0.093906	-0.084853	-1.230719	-0.128825
0.860000	-0.898729	-0.040186	0.134937	-0.084076	-1.221805	-0.128625
0.880000	-0.790594	-0.082653	0.170825	-0.083002	-1.211374	-0.127829
0.900000	-0.675167	-0.127378	0.200208	-0.081566	-1.199566	-0.126406
0.920000	-0.552060	-0.174437	0.221724	-0.079705	-1.186519	-0.124324
0.940000	-0.420949	-0.223890	0.234060	-0.077357	-1.172374	-0.121551
0.960000	-0.282829	-0.275400	0.237006	-0.074530	-1.157278	-0.118110
0.980000	-0.139992	-0.328238	0.231432	-0.071296	-1.141389	-0.114074
1.000000	0.005215	-0.381661	0.218255	-0.067731	-1.124866	-0.109518
1.020000	0.150447	-0.434928	0.198391	-0.063908	-1.107867	-0.104515
1.040000	0.293357	-0.487293	0.172755	-0.059905	-1.090549	-0.099142
1.060000	0.431599	-0.538015	0.142264	-0.055795	-1.073071	-0.093474
1.080000	0.562827	-0.586350	0.107833	-0.051655	-1.055591	-0.087584
1.100000	0.684694	-0.631554	0.070379	-0.047559	-1.038267	-0.081548
1.120000	0.794855	-0.672885	0.030817	-0.043584	-1.021258	-0.075441
1.140000	0.890964	-0.709600	-0.009937	-0.039804	-1.004720	-0.069337
1.160000	0.970674	-0.740954	-0.050967	-0.036294	-0.988813	-0.063313
1.180000	1.031638	-0.766206	-0.091357	-0.033130	-0.973694	-0.057441
1.200000	1.071512	-0.784611	-0.130191	-0.030387	-0.959521	-0.051798
1.220000	1.087948	-0.795427	-0.166553	-0.028141	-0.946453	-0.046458
1.240000	1.078601	-0.797911	-0.199526	-0.026467	-0.934648	-0.041497
1.260000	1.041139	-0.791324	-0.228200	-0.025439	-0.924263	-0.036988
1.280000	0.975019	-0.775543	-0.252021	-0.025081	-0.915383	-0.032963
1.300000	0.883128	-0.751627	-0.271136	-0.025318	-0.907950	-0.029375
1.320000	0.768743	-0.720769	-0.285766	-0.026065	-0.901892	-0.026164
1.340000	0.635141	-0.684161	-0.296136	-0.027234	-0.897136	-0.023272
1.360000	0.485600	-0.642996	-0.302467	-0.028739	-0.893610	-0.020641
1.380000	0.323396	-0.598466	-0.304985	-0.030495	-0.891240	-0.018213
1.400000	0.151807	-0.551763	-0.303911	-0.032415	-0.889955	-0.015929
1.420000	-0.025892	-0.504080	-0.299469	-0.034413	-0.889681	-0.013730
1.440000	-0.206421	-0.456610	-0.291883	-0.036402	-0.890345	-0.011560
1.460000	-0.386505	-0.410545	-0.281375	-0.038297	-0.891876	-0.009358
1.480000	-0.562867	-0.367078	-0.268168	-0.040011	-0.894200	-0.007068
1.500000	-0.732229	-0.327401	-0.252486	-0.041458	-0.897245	-0.004630
1.520000	-0.891315	-0.292706	-0.234552	-0.042552	-0.900938	-0.001987
1.540000	-1.036847	-0.264187	-0.214590	-0.043207	-0.905206	0.000921
1.560000	-1.165548	-0.243035	-0.192822	-0.043336	-0.909976	0.004150
1.580000	-1.274316	-0.230374	-0.169472	-0.042858	-0.915174	0.007756
1.600000	-1.362868	-0.226213	-0.144785	-0.041775	-0.920690	0.011710
1.620000	-1.433206	-0.229660	-0.119015	-0.040154	-0.926385	0.015922
1.640000	-1.487397	-0.239792	-0.092423	-0.038066	-0.932120	0.020298
1.660000	-1.527511	-0.255692	-0.065264	-0.035579	-0.937757	0.024745
1.680000	-1.555615	-0.276439	-0.037798	-0.032763	-0.943155	0.029169
1.700000	-1.573777	-0.301114	-0.010282	-0.029689	-0.948175	0.033478
1.720000	-1.584064	-0.328795	0.017027	-0.026427	-0.952679	0.037578
1.740000	-1.588545	-0.358565	0.043869	-0.023045	-0.956526	0.041375
1.760000	-1.589289	-0.389502	0.069989	-0.019614	-0.959579	0.044777
1.780000	-1.588362	-0.420687	0.095127	-0.016203	-0.961697	0.047689
1.800000	-1.587833	-0.451201	0.119026	-0.012882	-0.962742	0.050020
1.820000	-1.589769	-0.480123	0.141429	-0.009722	-0.962573	0.051675
1.840000	-1.596239	-0.506533	0.162076	-0.006791	-0.961053	0.052560
1.860000	-1.609312	-0.529512	0.180712	-0.004160	-0.958042	0.052584
1.880000	-1.631053	-0.548140	0.197077	-0.001898	-0.953400	0.051652
1.900000	-1.663114	-0.561635	0.210945	-0.000063	-0.947040	0.049695
1.920000	-1.704928	-0.569937	0.222257	0.001349	-0.939143	0.046768
1.940000	-1.755197	-0.573230	0.231008	0.002365	-0.929983	0.042967
1.960000	-1.812625	-0.571693	0.237193	0.003011	-0.919831	0.038388
1.980000	-1.875913	-0.565510	0.240806	0.003311	-0.908958	0.033129
2.000000	-1.943766	-0.554862	0.241844	0.003292	-0.897636	0.027285
2.020000	-2.014885	-0.539929	0.240302	0.002980	-0.886138	0.020953
2.040000	-2.087973	-0.520894	0.236174	0.002399	-0.874736	0.014229
