0.000000	-1.436354	0.976893	1.073257	0.006119	-0.804463	0.007244
0.020000	-1.474960	0.995008	1.164099	0.005493	-0.792775	0.003704
0.040000	-1.501045	1.003185	1.240621	0.004081	-0.784327	0.000228
0.060000	-1.511585	1.001010	1.300317	0.001777	-0.779614	-0.003174
0.080000	-1.503560	0.988074	1.340677	-0.001521	-0.779129	-0.006493
0.100000	-1.473949	0.963963	1.359193	-0.005919	-0.783368	-0.009721
0.120000	-1.419729	0.928266	1.353356	-0.011520	-0.792824	-0.012849
0.140000	-1.338841	0.880845	1.321365	-0.018387	-0.807836	-0.015870
0.160000	-1.234572	0.823077	1.265340	-0.026339	-0.827870	-0.018782
0.180000	-1.112056	0.756865	1.188758	-0.035118	-0.852091	-0.021583
0.200000	-0.976426	0.684112	1.095094	-0.044460	-0.879664	-0.024274
0.220000	-0.832818	0.606720	0.987826	-0.054106	-0.909753	-0.026853
0.240000	-0.686367	0.526592	0.870432	-0.063793	-0.941523	-0.029321
0.260000	-0.542207	0.445631	0.746388	-0.073262	-0.974140	-0.031677
0.280000	-0.405473	0.365740	0.619171	-0.082250	-1.006769	-0.033921
0.300000	-0.281300	0.288822	0.492259	-0.090497	-1.038573	-0.036051
0.320000	-0.174580	0.216703	0.369006	-0.097752	-1.068750	-0.038069
0.340000	-0.086600	0.150090	0.250960	-0.103942	-1.096955	-0.039982
0.360000	-0.015899	0.088832	0.138291	-0.109123	-1.123198	-0.041804
0.380000	0.039054	0.032760	0.031132	-0.113356	-1.147495	-0.043549
0.400000	0.079791	-0.018299	-0.070382	-0.116703	-1.169865	-0.045232
0.420000	0.107844	-0.064515	-0.166118	-0.119224	-1.190324	-0.046866
0.440000	0.124743	-0.106060	-0.255941	-0.120980	-1.208890	-0.048466
0.460000	0.132019	-0.143105	-0.339718	-0.122033	-1.225579	-0.050045
0.480000	0.131205	-0.175822	-0.417314	-0.122442	-1.240410	-0.051619
0.500000	0.123831	-0.204381	-0.488596	-0.122270	-1.253399	-0.053201
0.520000	0.111429	-0.228953	-0.553428	-0.121577	-1.264565	-0.054805
0.540000	0.095531	-0.249710	-0.611678	-0.120423	-1.273923	-0.056446
0.560000	0.077666	-0.266824	-0.663211	-0.118870	-1.281493	-0.058137
0.580000	0.059367	-0.280464	-0.707892	-0.116980	-1.287290	-0.059893
0.600000	0.042166	-0.290803	-0.745589	-0.114812	-1.291332	-0.061728
0.620000	0.027592	-0.298012	-0.776167	-0.112427	-1.293637	-0.063655
0.640000	0.017179	-0.302261	-0.799491	-0.109888	-1.294222	-0.065690
0.660000	0.012456	-0.303723	-0.815429	-0.107254	-1.293104	-0.067847
0.680000	0.014956	-0.302567	-0.823844	-0.104587	-1.290300	-0.070138
0.700000	0.026210	-0.298967	-0.824605	-0.101947	-1.285828	-0.072580
0.720000	0.047748	-0.293091	-0.817576	-0.099395	-1.279706	-0.075185
0.740000	0.081103	-0.285113	-0.802624	-0.096993	-1.271950	-0.077968
0.760000	0.127805	-0.275203	-0.779614	-0.094801	-1.262577	-0.080943
0.780000	0.188855	-0.263554	-0.748651	-0.092868	-1.251622	-0.084112
0.800000	0.262883	-0.250453	-0.710901	-0.091186	-1.239189	-0.087421
0.820000	0.347860	-0.236217	-0.667827	-0.089731	-1.225402	-0.090801
0.840000	0.441754	-0.221160	-0.620892	-0.088480	-1.210385	-0.094184
0.860000	0.542537	-0.205597	-0.571558	-0.087409	-1.194264	-0.097500
0.880000	0.648178	-0.189843	-0.521287	-0.086494	-1.177163	-0.100681
0.900000	0.756647	-0.174213	-0.471544	-0.085712	-1.159206	-0.103657
0.920000	0.865914	-0.159022	-0.423789	-0.085040	-1.140518	-0.106360
0.940000	0.973949	-0.144585	-0.379487	-0.084453	-1.121223	-0.108720
0.960000	1.078722	-0.131217	-0.340099	-0.083929	-1.101446	-0.110669
0.980000	1.178203	-0.119234	-0.307089	-0.083443	-1.081311	-0.112138
1.000000	1.270362	-0.108949	-0.281919	-0.082973	-1.060943	-0.113058
1.020000	1.353169	-0.100679	-0.266052	-0.082494	-1.040467	-0.113360
1.040000	1.424593	-0.094737	-0.260951	-0.081984	-1.020006	-0.112974
1.060000	1.482606	-0.091440	-0.268077	-0.081417	-0.999686	-0.111833
1.080000	1.525177	-0.091102	-0.288895	-0.080772	-0.979631	-0.109866
1.100000	1.550491	-0.093997	-0.324653	-0.080025	-0.959965	-0.107015
1.120000	1.558884	-0.099984	-0.374472	-0.079161	-0.940813	-0.103313
1.140000	1.551930	-0.108685	-0.436249	-0.078169	-0.922298	-0.098847
1.160000	1.531214	-0.119720	-0.507869	-0.077041	-0.904545	-0.093705
1.180000	1.498323	-0.132708	-0.587213	-0.075765	-0.887678	-0.087975
1.200000	1.454845	-0.147268	-0.672164	-0.074330	-0.871822	-0.081744
1.220000	1.402366	-0.163019	-0.760606	-0.072728	-0.857099	-0.075101
1.240000	1.342473	-0.179581	-0.850422	-0.070946	-0.843634	-0.068134
1.260000	1.276753	-0.196572	-0.939495	-0.068976	-0.831551	-0.060929
1.280000	1.206792	-0.213611	-1.025707	-0.066807	-0.820975	-0.053575
1.300000	1.134179	-0.230319	-1.106941	-0.064428	-0.812029	-0.046159
1.320000	1.060498	-0.246314	-1.181082	-0.061829	-0.804837	-0.038770
1.340000	0.987338	-0.261216	-1.246011	-0.059000	-0.799524	-0.031496
1.360000	0.916285	-0.274642	-1.299611	-0.055930	-0.796214	-0.024423
1.380000	0.848926	-0.286214	-1.339767	-0.052610	-0.795030	-0.017641
1.400000	0.786757	-0.295567	-1.364485	-0.049032	-0.796084	-0.011232
1.420000	0.729985	-0.302587	-1.373531	-0.045219	-0.799301	-0.005224
1.440000	0.677874	-0.307342	-1.367964	-0.041221	-0.804473	0.000394
1.460000	0.629664	-0.309905	-1.348873	-0.037087	-0.811387	0.005637
1.480000	0.584594	-0.310347	-1.317346	-0.032866	-0.819829	0.010519
1.500000	0.541906	-0.308741	-1.274472	-0.028608	-0.829588	0.015053
1.520000	0.500839	-0.305159	-1.221341	-0.024362	-0.840450	0.019254
1.540000	0.460634	-0.299674	-1.159040	-0.020178	-0.852202	0.023135
1.560000	0.420530	-0.292359	-1.088660	-0.016103	-0.864633	0.026710
1.580000	0.379769	-0.283285	-1.011287	-0.012189	-0.877528	0.029992
1.600000	0.337589	-0.272525	-0.928013	-0.008484	-0.890677	0.032997
1.620000	0.293232	-0.260151	-0.839924	-0.005038	-0.903864	0.035737
1.640000	0.245938	-0.246235	-0.748110	-0.001899	-0.916879	0.038226
1.660000	0.194946	-0.230851	-0.653661	0.000882	-0.929508	0.040478
1.680000	0.139497	-0.214069	-0.557664	0.003257	-0.941539	0.042508
1.700000	0.078832	-0.195964	-0.461208	0.005177	-0.952759	0.044328
1.720000	0.012190	-0.176607	-0.365383	0.006591	-0.962954	0.045953
1.740000	-0.061186	-0.156070	-0.271276	0.007451	-0.971913	0.047396
1.760000	-0.141586	-0.134439	-0.179737	0.007727	-0.979486	0.048666
1.780000	-0.228258	-0.111831	-0.091093	0.007435	-0.985662	0.049755
1.800000	-0.320312	-0.088366	-0.005598	0.006594	-0.990450	0.050657
1.820000	-0.416858	-0.064163	0.076495	0.005225	-0.993857	0.051363
1.840000	-0.517005	-0.039343	0.154930	0.003350	-0.995893	0.051866
1.860000	-0.619864	-0.014027	0.229452	0.000989	-0.996564	0.052157
1.880000	-0.724543	0.011667	0.299808	-0.001838	-0.995879	0.052228
1.900000	-0.830151	0.037617	0.365743	-0.005110	-0.993846	0.052073
1.920000	-0.935800	0.063703	0.427002	-0.008806	-0.990473	0.051682
1.940000	-1.040597	0.089806	0.483330	-0.012905	-0.985769	0.051049
1.960000	-1.143654	0.115806	0.534475	-0.017388	-0.979742	0.050164
1.980000	-1.244078	0.141581	0.580179	-0.022232	-0.972399	0.049021
2.000000	-1.340980	0.167012	0.620190	-0.027418	-0.963750	0.047612
2.020000	-1.433470	0.191980	0.654253	-0.032925	-0.953801	0.045928
2.040000	-1.520656	0.216363	0.682113	-0.038732	-0.942562	0.043961
2.060000	-1.601880	0.240053	0.703618	-0.044807	-0.930112	0.041710
