0.000000	-3.296596	-1.139027	1.147037	-0.102355	-0.946933	-0.045565
0.020000	-3.362232	-1.133097	1.134784	-0.105849	-0.954689	-0.048371
0.040000	-3.420031	-1.119555	1.116226	-0.108643	-0.961839	-0.050859
0.060000	-3.468756	-1.098018	1.091224	-0.110651	-0.968203	-0.053038
0.080000	-3.507165	-1.068101	1.059635	-0.111788	-0.973599	-0.054918
0.100000	-3.534019	-1.029420	1.021317	-0.111969	-0.977844	-0.056510
0.120000	-3.548080	-0.981591	0.976130	-0.111108	-0.980756	-0.057822
0.140000	-3.548107	-0.924230	0.923930	-0.109121	-0.982154	-0.058864
0.160000	-3.532861	-0.856953	0.864577	-0.105922	-0.981856	-0.059647
0.180000	-3.501106	-0.779380	0.797935	-0.101428	-0.979683	-0.060180
0.200000	-3.451876	-0.691551	0.724567	-0.095686	-0.975768	-0.060512
0.220000	-3.384706	-0.594274	0.646303	-0.088989	-0.970809	-0.060762
0.240000	-3.299182	-0.488436	0.565112	-0.081652	-0.965569	-0.061057
0.260000	-3.194891	-0.374927	0.482963	-0.073993	-0.960807	-0.061522
0.280000	-3.071420	-0.254635	0.401822	-0.066329	-0.957286	-0.062285
0.300000	-2.928354	-0.128450	0.323658	-0.058976	-0.955765	-0.063471
0.320000	-2.765282	0.002739	0.250440	-0.052252	-0.957006	-0.065208
0.340000	-2.581788	0.138044	0.184134	-0.046472	-0.961769	-0.067622
0.360000	-2.377461	0.276576	0.126708	-0.041955	-0.970816	-0.070838
0.380000	-2.151887	0.417446	0.080132	-0.039017	-0.984906	-0.074984
0.400000	-1.904651	0.559765	0.046372	-0.037975	-1.004802	-0.080186
0.420000	-1.635342	0.702643	0.027397	-0.039146	-1.031263	-0.086571
0.440000	-1.343546	0.845194	0.025175	-0.042846	-1.065051	-0.094264
0.460000	-1.028848	0.986526	0.041674	-0.049393	-1.106926	-0.103392
0.480000	-0.690837	1.125752	0.078861	-0.059103	-1.157649	-0.114083
0.500000	-0.329098	1.261983	0.138704	-0.072294	-1.217982	-0.126461
0.520000	0.054819	1.393820	0.221530	-0.089038	-1.287920	-0.140505
0.540000	0.451936	1.517939	0.321446	-0.108486	-1.364561	-0.155628
0.560000	0.851513	1.630556	0.431085	-0.129571	-1.444318	-0.171110
0.580000	1.242811	1.727892	0.543082	-0.151225	-1.523602	-0.186231
0.600000	1.615090	1.806162	0.650071	-0.172380	-1.598827	-0.200269
0.620000	1.957612	1.861586	0.744685	-0.191969	-1.666405	-0.212505
0.640000	2.259637	1.890382	0.819560	-0.208924	-1.722747	-0.222219
0.660000	2.510426	1.888767	0.867329	-0.222178	-1.764267	-0.228690
0.680000	2.699241	1.852959	0.880627	-0.230662	-1.787377	-0.231198
0.700000	2.815341	1.779177	0.852087	-0.233309	-1.788488	-0.229022
0.720000	2.847987	1.663639	0.774345	-0.229051	-1.764013	-0.221443
0.740000	2.786442	1.502562	0.640033	-0.216821	-1.710365	-0.207741
0.760000	2.619964	1.292165	0.441787	-0.195551	-1.623956	-0.187194
0.780000	2.337816	1.028666	0.172240	-0.164173	-1.501198	-0.159082
0.800000	1.929258	0.708283	-0.175974	-0.121620	-1.338503	-0.122686
0.820000	1.384459	0.327713	-0.609563	-0.066913	-1.132602	-0.077348
0.840000	0.743911	-0.089793	-1.098874	-0.004004	-0.897871	-0.025928
0.860000	0.119205	-0.483569	-1.562922	0.056191	-0.673593	0.023751
0.880000	-0.439573	-0.826929	-1.965801	0.108816	-0.477220	0.068187
0.900000	-0.934057	-1.121640	-2.309464	0.154112	-0.307861	0.107512
0.920000	-1.367186	-1.370191	-2.596821	0.192447	-0.164164	0.141948
0.940000	-1.741900	-1.575067	-2.830780	0.224188	-0.044777	0.171719
0.960000	-2.061139	-1.738755	-3.014253	0.249706	0.051653	0.197048
0.980000	-2.327844	-1.863743	-3.150147	0.269367	0.126480	0.218158
1.000000	-2.544954	-1.952517	-3.241374	0.283540	0.181054	0.235272
1.020000	-2.715409	-2.007564	-3.290841	0.292594	0.216730	0.248614
1.040000	-2.842148	-2.031371	-3.301460	0.296896	0.234860	0.258406
1.060000	-2.928112	-2.026424	-3.276139	0.296816	0.236797	0.264872
1.080000	-2.976242	-1.995211	-3.217787	0.292722	0.223893	0.268234
1.100000	-2.989475	-1.940219	-3.129315	0.284981	0.197500	0.268717
1.120000	-2.970753	-1.863934	-3.013633	0.273963	0.158973	0.266543
1.140000	-2.923016	-1.768843	-2.873648	0.260035	0.109662	0.261935
1.160000	-2.849203	-1.657433	-2.712272	0.243567	0.050921	0.255117
1.180000	-2.752254	-1.532190	-2.532413	0.224925	-0.015897	0.246311
1.200000	-2.635110	-1.395603	-2.336981	0.204480	-0.089439	0.235741
1.220000	-2.500709	-1.250157	-2.128886	0.182598	-0.168354	0.223630
1.240000	-2.351993	-1.098339	-1.911038	0.159649	-0.251289	0.210201
1.260000	-2.191900	-0.942637	-1.686344	0.136001	-0.336890	0.195677
1.280000	-2.023372	-0.785537	-1.457717	0.112022	-0.423805	0.180282
1.300000	-1.849347	-0.629526	-1.228064	0.088081	-0.510681	0.164238
1.320000	-1.672765	-0.477091	-1.000295	0.064545	-0.596166	0.147769
1.340000	-1.496567	-0.330718	-0.777320	0.041783	-0.678907	0.131098
1.360000	-1.323693	-0.192895	-0.562049	0.020164	-0.757552	0.114448
1.380000	-1.157082	-0.066108	-0.357390	0.000056	-0.830747	0.098042
1.400000	-0.999674	0.047155	-0.166254	-0.018173	-0.897141	0.082104
1.420000	-0.854410	0.144408	0.008450	-0.034154	-0.955380	0.066856
1.440000	-0.724229	0.223164	0.163812	-0.047519	-1.004111	0.052521
1.460000	-0.612029	0.280989	0.296979	-0.057908	-1.042011	0.039321
1.480000	-0.519268	0.317273	0.407044	-0.065231	-1.068769	0.027368
1.500000	-0.445609	0.333678	0.495518	-0.069736	-1.085328	0.016644
1.520000	-0.390607	0.332004	0.564066	-0.071692	-1.092712	0.007124
1.540000	-0.353813	0.314052	0.614349	-0.071368	-1.091944	-0.001219
1.560000	-0.334781	0.281626	0.648030	-0.069032	-1.084047	-0.008412
1.580000	-0.333063	0.236525	0.666772	-0.064955	-1.070044	-0.014480
1.600000	-0.348214	0.180551	0.672238	-0.059404	-1.050958	-0.019450
1.620000	-0.379785	0.115505	0.666091	-0.052648	-1.027813	-0.023348
1.640000	-0.427331	0.043190	0.649993	-0.044957	-1.001632	-0.026201
1.660000	-0.490403	-0.034594	0.625608	-0.036599	-0.973437	-0.028035
1.680000	-0.568555	-0.116045	0.594597	-0.027843	-0.944251	-0.028876
1.700000	-0.661340	-0.199361	0.558624	-0.018958	-0.915099	-0.028750
1.720000	-0.768311	-0.282742	0.519352	-0.010213	-0.887002	-0.027685
1.740000	-0.889021	-0.364386	0.478443	-0.001876	-0.860984	-0.025705
1.760000	-1.023023	-0.442491	0.437561	0.005782	-0.838069	-0.022838
1.780000	-1.169867	-0.515257	0.398365	0.012495	-0.819277	-0.019109
1.800000	-1.328313	-0.581312	0.362042	0.018073	-0.805270	-0.014586
1.820000	-1.495158	-0.640341	0.328595	0.022531	-0.795809	-0.009437
1.840000	-1.666899	-0.692191	0.297847	0.025911	-0.790520	-0.003845
1.860000	-1.840037	-0.736710	0.269624	0.028258	-0.789029	0.002007
