0.000000	-1.178156	0.152065	0.079484	0.018929	-0.929817	0.052455
0.020000	-1.290171	0.184017	0.155053	0.022185	-0.913538	0.050806
0.040000	-1.406233	0.217335	0.236231	0.025036	-0.897149	0.048851
0.060000	-1.525228	0.251332	0.321481	0.027440	-0.880954	0.046574
0.080000	-1.646039	0.285324	0.409269	0.029355	-0.865257	0.043957
0.100000	-1.767551	0.318626	0.498059	0.030740	-0.850364	0.040985
0.120000	-1.888648	0.350553	0.586318	0.031553	-0.836579	0.037641
0.140000	-2.008213	0.380420	0.672508	0.031751	-0.824205	0.033908
0.160000	-2.125133	0.407541	0.755096	0.031294	-0.813548	0.029771
0.180000	-2.238290	0.431232	0.832546	0.030139	-0.804911	0.025213
0.200000	-2.346569	0.450808	0.903322	0.028245	-0.798600	0.020217
0.220000	-2.448854	0.465585	0.965891	0.025570	-0.794918	0.014766
0.240000	-2.544030	0.474876	1.018716	0.022072	-0.794170	0.008846
0.260000	-2.630980	0.477997	1.060262	0.017710	-0.796661	0.002438
0.280000	-2.708590	0.474263	1.088995	0.012441	-0.802695	-0.004473
0.300000	-2.775822	0.463184	1.103683	0.006244	-0.812498	-0.011893
0.320000	-2.832100	0.445412	1.104867	-0.000796	-0.825846	-0.019766
0.340000	-2.877015	0.422008	1.093732	-0.008553	-0.842349	-0.028010
0.360000	-2.910158	0.394037	1.071461	-0.016899	-0.861616	-0.036547
0.380000	-2.931119	0.362561	1.039237	-0.025708	-0.883260	-0.045297
0.400000	-2.939489	0.328645	0.998245	-0.034855	-0.906891	-0.054180
0.420000	-2.934860	0.293351	0.949669	-0.044212	-0.932119	-0.063115
0.440000	-2.916821	0.257743	0.894692	-0.053653	-0.958554	-0.072024
0.460000	-2.884964	0.222884	0.834499	-0.063053	-0.985808	-0.080826
0.480000	-2.838880	0.189838	0.770273	-0.072284	-1.013490	-0.089442
0.500000	-2.778159	0.159668	0.703199	-0.081220	-1.041212	-0.097791
0.520000	-2.702392	0.133438	0.634459	-0.089735	-1.068583	-0.105795
0.540000	-2.611169	0.112211	0.565239	-0.097703	-1.095215	-0.113372
0.560000	-2.504083	0.097050	0.496723	-0.104996	-1.120718	-0.120444
0.580000	-2.380723	0.089020	0.430093	-0.111490	-1.144702	-0.126930
0.600000	-2.240680	0.089182	0.366534	-0.117056	-1.166779	-0.132751
0.620000	-2.083592	0.098493	0.307158	-0.121578	-1.186571	-0.137831
0.640000	-1.909729	0.116410	0.252074	-0.125043	-1.203888	-0.142139
0.660000	-1.719825	0.141300	0.200663	-0.127519	-1.218672	-0.145679
0.680000	-1.514625	0.171508	0.152290	-0.129075	-1.230868	-0.148458
0.700000	-1.294872	0.205378	0.106321	-0.129780	-1.240423	-0.150480
0.720000	-1.061309	0.241254	0.062120	-0.129703	-1.247281	-0.151749
0.740000	-0.814682	0.277478	0.019051	-0.128913	-1.251389	-0.152272
0.760000	-0.555733	0.312395	-0.023520	-0.127479	-1.252691	-0.152053
0.780000	-0.285207	0.344348	-0.066228	-0.125469	-1.251134	-0.151097
0.800000	-0.003848	0.371682	-0.109710	-0.122954	-1.246664	-0.149409
0.820000	0.287601	0.392740	-0.154599	-0.120001	-1.239225	-0.146995
0.840000	0.588395	0.405865	-0.201531	-0.116681	-1.228763	-0.143859
0.860000	0.897791	0.409402	-0.251141	-0.113061	-1.215225	-0.140006
0.880000	1.215045	0.401693	-0.304065	-0.109211	-1.198555	-0.135442
0.900000	1.539412	0.381084	-0.360937	-0.105200	-1.178699	-0.130171
0.920000	1.870060	0.346012	-0.422348	-0.101095	-1.155618	-0.124201
0.940000	2.204341	0.296843	-0.487967	-0.096941	-1.129572	-0.117577
0.960000	2.537922	0.235730	-0.556611	-0.092761	-1.101099	-0.110380
0.980000	2.866410	0.164893	-0.627063	-0.088574	-1.070750	-0.102693
1.000000	3.185409	0.086555	-0.698109	-0.084403	-1.039073	-0.094600
1.020000	3.490523	0.002935	-0.768531	-0.080269	-1.006618	-0.086181
1.040000	3.777357	-0.083744	-0.837114	-0.076194	-0.973933	-0.077522
1.060000	4.041516	-0.171263	-0.902642	-0.072198	-0.941570	-0.068703
1.080000	4.278604	-0.257399	-0.963898	-0.068303	-0.910075	-0.059808
1.100000	4.484226	-0.339933	-1.019667	-0.064530	-0.880000	-0.050919
1.120000	4.653987	-0.416642	-1.068733	-0.060901	-0.851894	-0.042120
1.140000	4.783491	-0.485307	-1.109880	-0.057437	-0.826305	-0.033493
1.160000	4.868343	-0.543705	-1.141891	-0.054159	-0.803783	-0.025120
1.180000	4.904147	-0.589616	-1.163551	-0.051089	-0.784878	-0.017085
1.200000	4.886509	-0.620819	-1.173643	-0.048248	-0.770138	-0.009470
1.220000	4.811032	-0.635093	-1.170952	-0.045657	-0.760113	-0.002357
1.240000	4.673364	-0.630232	-1.154272	-0.043337	-0.755349	0.004170
1.260000	4.473135	-0.605552	-1.123302	-0.041294	-0.756020	0.010071
1.280000	4.217217	-0.563133	-1.079395	-0.039506	-0.761627	0.015384
1.300000	3.913250	-0.505345	-1.024077	-0.037945	-0.771601	0.020152
1.320000	3.568870	-0.434559	-0.958872	-0.036587	-0.785370	0.024420
1.340000	3.191716	-0.353147	-0.885306	-0.035404	-0.802364	0.028232
1.360000	2.789427	-0.263479	-0.804905	-0.034372	-0.822014	0.031632
1.380000	2.369641	-0.167928	-0.719195	-0.033464	-0.843749	0.034665
1.400000	1.939996	-0.068864	-0.629701	-0.032654	-0.866998	0.037376
1.420000	1.508130	0.031342	-0.537949	-0.031916	-0.891191	0.039808
1.440000	1.081681	0.130318	-0.445464	-0.031224	-0.915759	0.042007
1.460000	0.668289	0.225694	-0.353772	-0.030553	-0.940131	0.044015
1.480000	0.275590	0.315097	-0.264399	-0.029876	-0.963736	0.045879
1.500000	-0.088777	0.396158	-0.178869	-0.029167	-0.986004	0.047642
1.520000	-0.417172	0.466504	-0.098710	-0.028400	-1.006366	0.049349
1.540000	-0.701959	0.523764	-0.025446	-0.027550	-1.024250	0.051043
1.560000	-0.935500	0.565568	0.039397	-0.026590	-1.039087	0.052770
1.580000	-1.112694	0.590217	0.094733	-0.025502	-1.050446	0.054562
1.600000	-1.238001	0.598543	0.141134	-0.024290	-1.058428	0.056402
1.620000	-1.318126	0.591975	0.179560	-0.022966	-1.063256	0.058265
1.640000	-1.359773	0.571941	0.210971	-0.021541	-1.065154	0.060123
1.660000	-1.369649	0.539869	0.236329	-0.020028	-1.064345	0.061952
1.680000	-1.354458	0.497187	0.256593	-0.018437	-1.061054	0.063723
1.700000	-1.320905	0.445322	0.272724	-0.016780	-1.055505	0.065412
1.720000	-1.275696	0.385704	0.285683	-0.015069	-1.047920	0.066991
1.740000	-1.225535	0.319760	0.296430	-0.013314	-1.038524	0.068433
1.760000	-1.177129	0.248918	0.305925	-0.011527	-1.027541	0.069714
1.780000	-1.137181	0.174606	0.315129	-0.009721	-1.015195	0.070805
1.800000	-1.112398	0.098253	0.325002	-0.007905	-1.001709	0.071681
1.820000	-1.109484	0.021286	0.336506	-0.006093	-0.987306	0.072315
1.840000	-1.135145	-0.054867	0.350600	-0.004294	-0.972212	0.072680
1.860000	-1.195828	-0.128796	0.368213	-0.002522	-0.956650	0.072752
1.880000	-1.292276	-0.199522	0.389570	-0.000790	-0.940838	0.072508
1.900000	-1.419641	-0.266485	0.414206	0.000880	-0.924991	0.071934
1.920000	-1.572843	-0.329142	0.441627	0.002470	-0.909324	0.071015
1.940000	-1.746801	-0.386951	0.471339	0.003959	-0.894052	0.069736
1.960000	-1.936435	-0.439370	0.502848	0.005328	-0.879387	0.068083
1.980000	-2.136663	-0.485855	0.535661	0.006558	-0.865546	0.066039
2.000000	-2.342405	-0.525864	0.569283	0.007628	-0.852742	0.063591
2.020000	-2.548580	-0.558856	0.603221	0.008519	-0.841190	0.060722
2.040000	-2.750108	-0.584287	0.636981	0.009211	-0.831104	0.057420
2.060000	-2.941907	-0.601614	0.670069	0.009684	-0.822698	0.053668
2.080000	-3.118897	-0.610297	0.701991	0.009919	-0.816188	0.049451
