0.000000	-3.090002	-1.138848	0.863950	-0.035876	-0.859636	0.022942
0.020000	-3.124552	-1.076749	0.808834	-0.027353	-0.860838	0.023412
0.040000	-3.121236	-0.989928	0.736370	-0.017616	-0.865485	0.024276
0.060000	-3.084303	-0.882061	0.649009	-0.006930	-0.873227	0.025440
0.080000	-3.018001	-0.756823	0.549200	0.004445	-0.883712	0.026808
0.100000	-2.926579	-0.617889	0.439395	0.016244	-0.896592	0.028284
0.120000	-2.814287	-0.468937	0.322044	0.028205	-0.911515	0.029774
0.140000	-2.685373	-0.313640	0.199596	0.040064	-0.928132	0.031181
0.160000	-2.544086	-0.155674	0.074504	0.051560	-0.946092	0.032411
0.180000	-2.394675	0.001284	-0.050784	0.062429	-0.965045	0.033367
0.200000	-2.241390	0.153560	-0.173817	0.072408	-0.984641	0.033956
0.220000	-2.088478	0.297477	-0.292144	0.081235	-1.004529	0.034080
0.240000	-1.940189	0.429360	-0.403315	0.088646	-1.024359	0.033645
0.260000	-1.800772	0.545534	-0.504879	0.094379	-1.043781	0.032556
0.280000	-1.674476	0.642324	-0.594387	0.098170	-1.062444	0.030716
0.300000	-1.565550	0.716052	-0.669387	0.099758	-1.079998	0.028031
0.320000	-1.478242	0.763044	-0.727430	0.098879	-1.096093	0.024405
0.340000	-1.416344	0.780051	-0.766323	0.095307	-1.110410	0.019758
0.360000	-1.379187	0.767975	-0.786396	0.089183	-1.122928	0.014149
0.380000	-1.363583	0.730061	-0.789399	0.080852	-1.133797	0.007720
0.400000	-1.366318	0.669581	-0.777099	0.070662	-1.143167	0.000611
0.420000	-1.384177	0.589807	-0.751264	0.058962	-1.151189	-0.007036
0.440000	-1.413946	0.494009	-0.713660	0.046098	-1.158015	-0.015079
0.460000	-1.452409	0.385461	-0.666053	0.032419	-1.163795	-0.023379
0.480000	-1.496353	0.267433	-0.610212	0.018274	-1.168680	-0.031792
0.500000	-1.542561	0.143197	-0.547903	0.004009	-1.172822	-0.040179
0.520000	-1.587821	0.016024	-0.480893	-0.010027	-1.176370	-0.048397
0.540000	-1.628916	-0.110813	-0.410948	-0.023485	-1.179477	-0.056305
0.560000	-1.662632	-0.234044	-0.339836	-0.036019	-1.182293	-0.063763
0.580000	-1.685755	-0.350396	-0.269323	-0.047279	-1.184969	-0.070628
0.600000	-1.695069	-0.456598	-0.201177	-0.056918	-1.187656	-0.076760
0.620000	-1.687360	-0.549378	-0.137165	-0.064589	-1.190505	-0.082017
0.640000	-1.659579	-0.625623	-0.078991	-0.069965	-1.193650	-0.086267
0.660000	-1.610941	-0.684374	-0.027513	-0.073040	-1.196990	-0.089502
0.680000	-1.542299	-0.726229	0.017023	-0.074035	-1.200255	-0.091802
0.700000	-1.454540	-0.751824	0.054383	-0.073176	-1.203172	-0.093251
0.720000	-1.348554	-0.761792	0.084337	-0.070690	-1.205466	-0.093933
0.740000	-1.225230	-0.756768	0.106652	-0.066803	-1.206865	-0.093930
0.760000	-1.085457	-0.737386	0.121095	-0.061742	-1.207093	-0.093326
0.780000	-0.930124	-0.704279	0.127435	-0.055734	-1.205878	-0.092204
0.800000	-0.760119	-0.658083	0.125440	-0.049004	-1.202946	-0.090648
0.820000	-0.576331	-0.599432	0.114876	-0.041780	-1.198022	-0.088740
0.840000	-0.379650	-0.528959	0.095512	-0.034288	-1.190834	-0.086563
0.860000	-0.170963	-0.447300	0.067116	-0.026754	-1.181107	-0.084202
0.880000	0.048839	-0.355087	0.029455	-0.019405	-1.168567	-0.081739
0.900000	0.278869	-0.252955	-0.017703	-0.012467	-1.152941	-0.079257
0.920000	0.518237	-0.141540	-0.074589	-0.006168	-1.133956	-0.076840
0.940000	0.766054	-0.021474	-0.141437	-0.000733	-1.111336	-0.074571
0.960000	1.021129	0.106371	-0.218181	0.003655	-1.084937	-0.072515
0.980000	1.280861	0.240021	-0.303367	0.007019	-1.055206	-0.070655
1.000000	1.542239	0.377181	-0.395143	0.009440	-1.022763	-0.068949
1.020000	1.802253	0.515559	-0.491655	0.011000	-0.988228	-0.067355
1.040000	2.057894	0.652859	-0.591047	0.011782	-0.952221	-0.065831
1.060000	2.306152	0.786789	-0.691467	0.011866	-0.915362	-0.064337
1.080000	2.544017	0.915054	-0.791059	0.011336	-0.878273	-0.062829
1.100000	2.768478	1.035360	-0.887971	0.010273	-0.841571	-0.061266
1.120000	2.976525	1.145414	-0.980347	0.008759	-0.805878	-0.059607
1.140000	3.165150	1.242920	-1.066334	0.006876	-0.771814	-0.057810
1.160000	3.331341	1.325586	-1.144077	0.004706	-0.739999	-0.055833
1.180000	3.472089	1.391118	-1.211723	0.002330	-0.711053	-0.053634
1.200000	3.584384	1.437221	-1.267417	-0.000169	-0.685596	-0.051171
1.220000	3.665216	1.461601	-1.309306	-0.002709	-0.664248	-0.048403
1.240000	3.711574	1.461965	-1.335535	-0.005209	-0.647629	-0.045289
1.260000	3.720450	1.436018	-1.344249	-0.007587	-0.636360	-0.041786
1.280000	3.688834	1.381469	-1.333597	-0.009760	-0.631060	-0.037852
1.300000	3.615421	1.297511	-1.302667	-0.011669	-0.632053	-0.033470
1.320000	3.503736	1.187551	-1.253228	-0.013316	-0.638830	-0.028692
1.340000	3.358155	1.055743	-1.187517	-0.014715	-0.650730	-0.023581
1.360000	3.183055	0.906238	-1.107774	-0.015879	-0.667096	-0.018200
1.380000	2.982811	0.743188	-1.016237	-0.016822	-0.687267	-0.012614
1.400000	2.761801	0.570746	-0.915145	-0.017558	-0.710585	-0.006885
1.420000	2.524401	0.393064	-0.806737	-0.018100	-0.736391	-0.001076
1.440000	2.274988	0.214293	-0.693251	-0.018461	-0.764027	0.004747
1.460000	2.017937	0.038585	-0.576927	-0.018656	-0.792832	0.010523
1.480000	1.757626	-0.129906	-0.460002	-0.018697	-0.822150	0.016188
1.500000	1.498430	-0.287030	-0.344717	-0.018598	-0.851319	0.021677
1.520000	1.244727	-0.428635	-0.233309	-0.018374	-0.879683	0.026928
1.540000	1.000892	-0.550567	-0.128018	-0.018036	-0.906580	0.031878
1.560000	0.771303	-0.648676	-0.031081	-0.017599	-0.931354	0.036461
1.580000	0.560335	-0.718809	0.055261	-0.017077	-0.953344	0.040616
1.600000	0.371355	-0.758092	0.129316	-0.016479	-0.972044	0.044294
1.620000	0.203956	-0.768431	0.191424	-0.015797	-0.987514	0.047502
1.640000	0.056848	-0.752845	0.242402	-0.015023	-0.999946	0.050260
1.660000	-0.071258	-0.714355	0.283068	-0.014146	-1.009533	0.052588
1.680000	-0.181652	-0.655982	0.314238	-0.013156	-1.016467	0.054509
1.700000	-0.275622	-0.580745	0.336729	-0.012043	-1.020941	0.056041
1.720000	-0.354457	-0.491666	0.351358	-0.010797	-1.023147	0.057205
1.740000	-0.419447	-0.391764	0.358942	-0.009407	-1.023278	0.058022
1.760000	-0.471881	-0.284060	0.360297	-0.007864	-1.021526	0.058512
1.780000	-0.513048	-0.171574	0.356241	-0.006157	-1.018085	0.058695
1.800000	-0.544237	-0.057326	0.347591	-0.004277	-1.013145	0.058593
1.820000	-0.566738	0.055662	0.335162	-0.002212	-1.006901	0.058225
1.840000	-0.581839	0.164371	0.319773	0.000046	-0.999543	0.057612
