0.000000	1.126869	-0.866010	-0.720310	-0.426570	-0.691716	0.415339
0.020000	0.955079	-0.778249	-0.687331	-0.429153	-0.697286	0.421186
0.040000	0.800324	-0.697444	-0.658216	-0.431473	-0.702360	0.426121
0.060000	0.659876	-0.622192	-0.632909	-0.433443	-0.706871	0.430134
0.080000	0.531009	-0.551091	-0.611354	-0.434975	-0.710750	0.433217
0.100000	0.410994	-0.482739	-0.593495	-0.435980	-0.713930	0.435358
0.120000	0.297104	-0.415733	-0.579276	-0.436370	-0.716342	0.436550
0.140000	0.186611	-0.348673	-0.568642	-0.436056	-0.717918	0.436781
0.160000	0.076788	-0.280154	-0.561537	-0.434950	-0.718590	0.436043
0.180000	-0.035093	-0.208776	-0.557904	-0.432964	-0.718290	0.434325
0.200000	-0.151760	-0.133137	-0.557690	-0.430009	-0.716950	0.431618
0.220000	-0.275939	-0.051833	-0.560836	-0.425998	-0.714501	0.427912
0.240000	-0.410341	0.036522	-0.567282	-0.420842	-0.710877	0.423199
0.260000	-0.556459	0.132281	-0.576530	-0.414554	-0.706109	0.417498
0.280000	-0.713823	0.234124	-0.587380	-0.407303	-0.700384	0.410878
0.300000	-0.881780	0.340581	-0.598567	-0.399273	-0.693906	0.403412
0.320000	-1.059682	0.450180	-0.608826	-0.390649	-0.686876	0.395172
0.340000	-1.246876	0.561450	-0.616893	-0.381614	-0.679498	0.386231
0.360000	-1.442712	0.672919	-0.621503	-0.372353	-0.671973	0.376662
0.380000	-1.646540	0.783116	-0.621393	-0.363051	-0.664505	0.366538
0.400000	-1.857710	0.890571	-0.615296	-0.353890	-0.657296	0.355932
0.420000	-2.075569	0.993810	-0.601949	-0.345055	-0.650549	0.344915
0.440000	-2.299468	1.091364	-0.580087	-0.336732	-0.644466	0.333562
0.460000	-2.528757	1.181761	-0.548446	-0.329102	-0.639249	0.321944
0.480000	-2.762783	1.263529	-0.505760	-0.322352	-0.635101	0.310134
0.500000	-3.000897	1.335197	-0.450766	-0.316665	-0.632225	0.298206
0.520000	-3.242448	1.395294	-0.382198	-0.312225	-0.630824	0.286232
0.540000	-3.486786	1.442348	-0.298793	-0.309217	-0.631099	0.274284
0.560000	-3.733259	1.474889	-0.199285	-0.307824	-0.633253	0.262436
0.580000	-3.980705	1.492088	-0.083236	-0.308174	-0.637414	0.250744
0.600000	-4.226264	1.495245	0.047063	-0.310201	-0.643462	0.239217
0.620000	-4.466729	1.486098	0.188756	-0.313801	-0.651225	0.227852
0.640000	-4.698891	1.466388	0.338988	-0.318871	-0.660530	0.216644
0.660000	-4.919541	1.437853	0.494904	-0.325306	-0.671207	0.205591
0.680000	-5.125470	1.402232	0.653649	-0.333002	-0.683084	0.194690
0.700000	-5.313469	1.361264	0.812365	-0.341855	-0.695990	0.183938
0.720000	-5.480331	1.316689	0.968199	-0.351761	-0.709751	0.173332
0.740000	-5.622847	1.270246	1.118295	-0.362617	-0.724198	0.162869
0.760000	-5.737807	1.223674	1.259797	-0.374317	-0.739158	0.152545
0.780000	-5.822003	1.178711	1.389850	-0.386758	-0.754460	0.142357
0.800000	-5.872227	1.137098	1.505598	-0.399836	-0.769932	0.132303
0.820000	-5.885270	1.100573	1.604186	-0.413446	-0.785402	0.122379
0.840000	-5.857924	1.070875	1.682759	-0.427486	-0.800699	0.112583
0.860000	-5.786979	1.049743	1.738460	-0.441849	-0.815651	0.102910
0.880000	-5.669227	1.038918	1.768436	-0.456434	-0.830087	0.093359
0.900000	-5.502270	1.039811	1.770357	-0.471136	-0.843848	0.083928
0.920000	-5.289523	1.051499	1.745677	-0.485867	-0.856885	0.074633
0.940000	-5.036937	1.072039	1.697499	-0.500540	-0.869191	0.065497
0.960000	-4.750475	1.099484	1.628935	-0.515070	-0.880759	0.056545
0.980000	-4.436099	1.131887	1.543094	-0.529373	-0.891586	0.047798
1.000000	-4.099770	1.167299	1.443088	-0.543364	-0.901664	0.039281
1.020000	-3.747451	1.203773	1.332026	-0.556958	-0.910988	0.031016
1.040000	-3.385103	1.239362	1.213020	-0.570069	-0.919553	0.023028
1.060000	-3.018690	1.272118	1.089180	-0.582612	-0.927353	0.015339
1.080000	-2.654172	1.300094	0.963616	-0.594503	-0.934382	0.007972
1.100000	-2.297512	1.321343	0.839439	-0.605656	-0.940634	0.000951
1.120000	-1.954673	1.333916	0.719759	-0.615986	-0.946105	-0.005701
1.140000	-1.631615	1.335867	0.607687	-0.625409	-0.950787	-0.011961
1.160000	-1.334301	1.325248	0.506334	-0.633838	-0.954676	-0.017804
1.180000	-1.068694	1.300112	0.418809	-0.641190	-0.957766	-0.023209
1.200000	-0.840081	1.258702	0.347909	-0.647386	-0.960051	-0.028152
1.220000	-0.647193	1.201127	0.293350	-0.652406	-0.961518	-0.032615
1.240000	-0.485056	1.128550	0.253116	-0.656266	-0.962152	-0.036582
1.260000	-0.348657	1.042143	0.225169	-0.658983	-0.961938	-0.040036
1.280000	-0.232982	0.943080	0.207473	-0.660572	-0.960859	-0.042963
1.300000	-0.133017	0.832534	0.197990	-0.661050	-0.958900	-0.045346
1.320000	-0.043748	0.711678	0.194683	-0.660432	-0.956047	-0.047169
1.340000	0.039838	0.581686	0.195515	-0.658735	-0.952282	-0.048416
1.360000	0.122756	0.443731	0.198449	-0.655974	-0.947592	-0.049072
1.380000	0.210018	0.298986	0.201449	-0.652165	-0.941959	-0.049120
1.400000	0.306640	0.148625	0.202476	-0.647325	-0.935369	-0.048545
1.420000	0.417635	-0.006179	0.199494	-0.641469	-0.927806	-0.047331
1.440000	0.548017	-0.164253	0.190465	-0.634613	-0.919255	-0.045461
1.460000	0.702799	-0.324423	0.173354	-0.626774	-0.909699	-0.042921
1.480000	0.886996	-0.485517	0.146122	-0.617966	-0.899125	-0.039693
1.500000	1.105621	-0.646360	0.106733	-0.608208	-0.887514	-0.035763
1.520000	1.363688	-0.805780	0.053149	-0.597513	-0.874854	-0.031114
1.540000	1.664778	-0.962627	-0.016169	-0.585915	-0.861151	-0.025735
1.560000	2.004286	-1.115884	-0.099922	-0.573540	-0.846557	-0.019639
1.580000	2.374704	-1.264584	-0.195804	-0.560544	-0.831270	-0.012850
1.600000	2.768519	-1.407757	-0.301507	-0.547089	-0.815490	-0.005390
1.620000	3.178221	-1.544436	-0.414724	-0.533331	-0.799416	0.002718
1.640000	3.596298	-1.673653	-0.533147	-0.519430	-0.783248	0.011451
1.660000	4.015238	-1.794438	-0.654468	-0.505545	-0.767185	0.020786
1.680000	4.427530	-1.905824	-0.776381	-0.491833	-0.751427	0.030701
1.700000	4.825662	-2.006842	-0.896576	-0.478454	-0.736172	0.041172
1.720000	5.202123	-2.096524	-1.012748	-0.465566	-0.721622	0.052177
1.740000	5.549401	-2.173901	-1.122588	-0.453328	-0.707974	0.063693
1.760000	5.859984	-2.238005	-1.223789	-0.441899	-0.695429	0.075698
1.780000	6.126361	-2.287868	-1.314043	-0.431437	-0.684186	0.088167
1.800000	6.341021	-2.322521	-1.391043	-0.422100	-0.674444	0.101079
1.820000	6.496451	-2.340997	-1.452481	-0.414049	-0.666403	0.114411
1.840000	6.585162	-2.342329	-1.496055	-0.407439	-0.660262	0.128139
1.860000	6.603679	-2.326227	-1.520631	-0.402351	-0.656111	0.142227
1.880000	6.557281	-2.293863	-1.527611	-0.398690	-0.653804	0.156603
1.900000	6.452395	-2.246603	-1.518731	-0.396337	-0.653163	0.171192
1.920000	6.295449	-2.185814	-1.495730	-0.395174	-0.654012	0.185919
1.940000	6.092873	-2.112862	-1.460343	-0.395085	-0.656174	0.200711
1.960000	5.851094	-2.029113	-1.414309	-0.395951	-0.659470	0.215492
1.980000	5.576540	-1.935933	-1.359364	-0.397654	-0.663724	0.230186
2.000000	5.275641	-1.834687	-1.297245	-0.400076	-0.668758	0.244720
2.020000	4.954824	-1.726744	-1.229690	-0.403100	-0.674395	0.259018
2.040000	4.620518	-1.613467	-1.158435	-0.406609	-0.680459	0.273006
2.060000	4.279152	-1.496224	-1.085217	-0.410483	-0.686771	0.286608
2.080000	3.937153	-1.376381	-1.011774	-0.414606	-0.693155	0.299750
2.100000	3.600950	-1.255303	-0.939842	-0.418859	-0.699433	0.312357
2.120000	3.276971	-1.134358	-0.871160	-0.423126	-0.705428	0.324355
2.140000	2.971645	-1.014910	-0.807462	-0.427287	-0.710963	0.335667
2.160000	2.691400	-0.898327	-0.750488	-0.431225	-0.715860	0.346220
2.180000	2.441171	-0.785821	-0.701569	-0.434840	-0.719973	0.355947
2.200000	2.219048	-0.677902	-0.660186	-0.438113	-0.723289	0.364815
2.220000	2.021160	-0.574881	-0.625289	-0.441046	-0.725837	0.372803
2.240000	1.843637	-0.477068	-0.595828	-0.443644	-0.727644	0.379889
2.260000	1.682607	-0.384771	-0.570751	-0.445908	-0.728739	0.386053
