0.000000	-1.366991	0.185073	0.367211	-0.609457	-0.903435	0.009185
0.020000	-1.151256	0.133684	0.317600	-0.611243	-0.903428	0.003078
0.040000	-0.946189	0.093632	0.264255	-0.613051	-0.903703	-0.002006
0.060000	-0.750649	0.063691	0.207539	-0.614799	-0.904163	-0.006115
0.080000	-0.563495	0.042630	0.147815	-0.616403	-0.904711	-0.009301
0.100000	-0.383586	0.029221	0.085446	-0.617781	-0.905248	-0.011613
0.120000	-0.209780	0.022235	0.020797	-0.618851	-0.905678	-0.013102
0.140000	-0.040935	0.020444	-0.045769	-0.619530	-0.905903	-0.013818
0.160000	0.124088	0.022618	-0.113890	-0.619735	-0.905825	-0.013810
0.180000	0.286433	0.027529	-0.183201	-0.619383	-0.905347	-0.013129
0.200000	0.447240	0.033949	-0.253340	-0.618393	-0.904371	-0.011826
0.220000	0.607651	0.040648	-0.323942	-0.616681	-0.902801	-0.009949
0.240000	0.768807	0.046398	-0.394645	-0.614164	-0.900538	-0.007549
0.260000	0.931849	0.049970	-0.465085	-0.610761	-0.897486	-0.004677
0.280000	1.097918	0.050135	-0.534899	-0.606388	-0.893546	-0.001383
0.300000	1.268157	0.045664	-0.603723	-0.600963	-0.888621	0.002284
0.320000	1.443700	0.035333	-0.671194	-0.594403	-0.882615	0.006274
0.340000	1.624668	0.018482	-0.736906	-0.586699	-0.875504	0.010550
0.360000	1.809046	-0.004346	-0.800364	-0.577994	-0.867425	0.015109
0.380000	1.994542	-0.032459	-0.861062	-0.568448	-0.858533	0.019951
0.400000	2.178870	-0.065166	-0.918495	-0.558225	-0.848983	0.025074
0.420000	2.359739	-0.101772	-0.972157	-0.547485	-0.838931	0.030478
0.440000	2.534861	-0.141587	-1.021541	-0.536391	-0.828531	0.036163
0.460000	2.701948	-0.183917	-1.066142	-0.525104	-0.817941	0.042128
0.480000	2.858710	-0.228070	-1.105454	-0.513787	-0.807314	0.048373
0.500000	3.002858	-0.273353	-1.138971	-0.502602	-0.796807	0.054897
0.520000	3.132104	-0.319074	-1.166187	-0.491709	-0.786575	0.061701
0.540000	3.244159	-0.364540	-1.186596	-0.481272	-0.776773	0.068782
0.560000	3.336735	-0.409059	-1.199692	-0.471451	-0.767557	0.076142
0.580000	3.407541	-0.451937	-1.204969	-0.462410	-0.759082	0.083779
0.600000	3.454290	-0.492484	-1.201922	-0.454309	-0.751504	0.091693
0.620000	3.474692	-0.530006	-1.190044	-0.447311	-0.744978	0.099883
0.640000	3.466459	-0.563810	-1.168830	-0.441577	-0.739660	0.108350
0.660000	3.428120	-0.593413	-1.137994	-0.437227	-0.735662	0.117088
0.680000	3.361822	-0.619255	-1.098228	-0.434187	-0.732913	0.126079
0.700000	3.270716	-0.642032	-1.050491	-0.432334	-0.731289	0.135296
0.720000	3.157954	-0.662440	-0.995747	-0.431542	-0.730664	0.144716
0.740000	3.026685	-0.681177	-0.934957	-0.431687	-0.730917	0.154314
0.760000	2.880062	-0.698937	-0.869081	-0.432643	-0.731921	0.164066
0.780000	2.721234	-0.716418	-0.799081	-0.434285	-0.733554	0.173946
0.800000	2.553352	-0.734315	-0.725920	-0.436488	-0.735691	0.183931
0.820000	2.379567	-0.753325	-0.650557	-0.439128	-0.738208	0.193995
0.840000	2.203030	-0.774144	-0.573955	-0.442079	-0.740982	0.204115
0.860000	2.026892	-0.797468	-0.497075	-0.445217	-0.743887	0.214265
0.880000	1.854302	-0.823993	-0.420878	-0.448416	-0.746801	0.224421
0.900000	1.688413	-0.854416	-0.346327	-0.451552	-0.749599	0.234559
0.920000	1.532375	-0.889433	-0.274381	-0.454500	-0.752157	0.244653
0.940000	1.389338	-0.929740	-0.206004	-0.457134	-0.754351	0.254679
0.960000	1.262429	-0.976020	-0.142151	-0.459330	-0.756057	0.264613
0.980000	1.152754	-1.027860	-0.083482	-0.461010	-0.757198	0.274403
1.000000	1.057931	-1.082950	-0.030132	-0.462171	-0.757774	0.283952
1.020000	0.975225	-1.138794	0.017813	-0.462821	-0.757794	0.293157
1.040000	0.901906	-1.192892	0.060268	-0.462966	-0.757266	0.301919
1.060000	0.835241	-1.242748	0.097146	-0.462613	-0.756199	0.310134
1.080000	0.772498	-1.285864	0.128363	-0.461769	-0.754601	0.317702
1.100000	0.710946	-1.319742	0.153833	-0.460439	-0.752480	0.324520
1.120000	0.647851	-1.341884	0.173471	-0.458632	-0.749846	0.330487
1.140000	0.580482	-1.349793	0.187192	-0.456354	-0.746707	0.335502
1.160000	0.506108	-1.340971	0.194909	-0.453610	-0.743070	0.339462
1.180000	0.421995	-1.312920	0.196538	-0.450409	-0.738946	0.342267
1.200000	0.325413	-1.263142	0.191994	-0.446756	-0.734341	0.343813
1.220000	0.213628	-1.189140	0.181190	-0.442659	-0.729265	0.344001
1.240000	0.083909	-1.088416	0.164041	-0.438123	-0.723726	0.342727
1.260000	-0.066476	-0.958473	0.140462	-0.433157	-0.717733	0.339891
1.280000	-0.240016	-0.797105	0.110422	-0.427769	-0.711299	0.335403
1.300000	-0.435837	-0.606180	0.074630	-0.422034	-0.704512	0.329329
1.320000	-0.650597	-0.390548	0.034339	-0.416066	-0.697515	0.321852
1.340000	-0.880900	-0.155125	-0.009182	-0.409984	-0.690450	0.313159
1.360000	-1.123350	0.095173	-0.054669	-0.403904	-0.683460	0.303435
1.380000	-1.374549	0.355427	-0.100855	-0.397944	-0.676689	0.292865
1.400000	-1.631100	0.620721	-0.146474	-0.392221	-0.670280	0.281635
1.420000	-1.889609	0.886138	-0.190260	-0.386853	-0.664376	0.269931
1.440000	-2.146676	1.146761	-0.230945	-0.381957	-0.659120	0.257939
1.460000	-2.398907	1.397673	-0.267265	-0.377650	-0.654656	0.245843
1.480000	-2.642904	1.633957	-0.297952	-0.374050	-0.651126	0.233830
1.500000	-2.875270	1.850695	-0.321741	-0.371274	-0.648674	0.222085
1.520000	-3.092610	2.042971	-0.337365	-0.369440	-0.647443	0.210795
1.540000	-3.291525	2.205868	-0.343558	-0.368664	-0.647576	0.200143
1.560000	-3.468620	2.334469	-0.339053	-0.369064	-0.649216	0.190317
1.580000	-3.620499	2.423856	-0.322585	-0.370758	-0.652507	0.181501
1.600000	-3.743803	2.469191	-0.292914	-0.373861	-0.657588	0.173880
1.620000	-3.837097	2.469408	-0.250080	-0.378387	-0.664478	0.167520
1.640000	-3.901681	2.428813	-0.195950	-0.384206	-0.673015	0.162326
1.660000	-3.939063	2.352125	-0.132528	-0.391177	-0.683026	0.158187
1.680000	-3.950753	2.244062	-0.061818	-0.399161	-0.694338	0.154995
1.700000	-3.938259	2.109342	0.014173	-0.408016	-0.706777	0.152641
1.720000	-3.903091	1.952683	0.093441	-0.417602	-0.720170	0.151016
1.740000	-3.846757	1.778804	0.173981	-0.427778	-0.734343	0.150010
1.760000	-3.770767	1.592421	0.253788	-0.438404	-0.749123	0.149515
1.780000	-3.676629	1.398255	0.330857	-0.449338	-0.764336	0.149420
1.800000	-3.565852	1.201022	0.403183	-0.460440	-0.779809	0.149617
1.820000	-3.439946	1.005442	0.468761	-0.471570	-0.795369	0.149997
1.840000	-3.300419	0.816231	0.525587	-0.482586	-0.810841	0.150451
1.860000	-3.148780	0.638109	0.571654	-0.493349	-0.826052	0.150869
1.880000	-2.986538	0.475793	0.604959	-0.503718	-0.840829	0.151143
1.900000	-2.815203	0.334001	0.623496	-0.513551	-0.854999	0.151163
1.920000	-2.636283	0.217450	0.625261	-0.522708	-0.868387	0.150819
1.940000	-2.451236	0.129175	0.609185	-0.531086	-0.880859	0.150040
1.960000	-2.261374	0.067368	0.576892	-0.538683	-0.892390	0.148855
1.980000	-2.067983	0.029359	0.530483	-0.545520	-0.902974	0.147312
2.000000	-1.872350	0.012477	0.472063	-0.551614	-0.912607	0.145461
2.020000	-1.675759	0.014051	0.403735	-0.556985	-0.921282	0.143351
2.040000	-1.479497	0.031410	0.327602	-0.561652	-0.928996	0.141029
2.060000	-1.284849	0.061883	0.245767	-0.565633	-0.935742	0.138545
2.080000	-1.093101	0.102799	0.160334	-0.568947	-0.941515	0.135947
2.100000	-0.905540	0.151487	0.073406	-0.571613	-0.946311	0.133285
2.120000	-0.723451	0.205276	-0.012914	-0.573650	-0.950123	0.130606
2.140000	-0.548120	0.261494	-0.096523	-0.575077	-0.952947	0.127960
2.160000	-0.380833	0.317472	-0.175317	-0.575913	-0.954777	0.125396
2.180000	-0.222875	0.370538	-0.247194	-0.576176	-0.955609	0.122961
2.200000	-0.075533	0.418021	-0.310049	-0.575886	-0.955436	0.120705
2.220000	0.059907	0.457250	-0.361779	-0.575060	-0.954254	0.118677
2.240000	0.182161	0.485554	-0.400282	-0.573719	-0.952057	0.116924
2.260000	0.290297	0.500635	-0.423855	-0.571880	-0.948846	0.115489
2.280000	0.385582	0.502494	-0.433271	-0.569562	-0.944656	0.114369
2.300000	0.470118	0.492009	-0.430245	-0.566780	-0.939536	0.113543
2.320000	0.546010	0.470062	-0.416496	-0.563552	-0.933535	0.112990
2.340000	0.615362	0.437530	-0.393740	-0.559895	-0.926702	0.112690
2.360000	0.680279	0.395294	-0.363697	-0.555824	-0.919084	0.112623
2.380000	0.742865	0.344235	-0.328082	-0.551359	-0.910732	0.112768
2.400000	0.805225	0.285231	-0.288615	-0.546514	-0.901693	0.113104
2.420000	0.869463	0.219163	-0.247012	-0.541307	-0.892016	0.113613
2.440000	0.937683	0.146910	-0.204992	-0.535754	-0.881751	0.114272
2.460000	1.011990	0.069353	-0.164273	-0.529873	-0.870946	0.115062
2.480000	1.094488	-0.012629	-0.126571	-0.523681	-0.859650	0.115962
2.500000	1.187282	-0.098155	-0.093605	-0.517194	-0.847911	0.116952
2.520000	1.292476	-0.186347	-0.067092	-0.510429	-0.835778	0.118011
2.540000	1.412175	-0.276324	-0.048750	-0.503402	-0.823300	0.119119
2.560000	1.548117	-0.367184	-0.040117	-0.496137	-0.810532	0.120261
2.580000	1.699008	-0.457833	-0.041234	-0.488692	-0.797576	0.121472
2.600000	1.862051	-0.547085	-0.051402	-0.481149	-0.784556	0.122812
2.620000	2.034437	-0.633752	-0.069916	-0.473588	-0.771600	0.124339
2.640000	2.213359	-0.716647	-0.096071	-0.466090	-0.758832	0.126114
2.660000	2.396007	-0.794582	-0.129164	-0.458735	-0.746379	0.128194
2.680000	2.579575	-0.866370	-0.168489	-0.451604	-0.734366	0.130640
2.700000	2.761255	-0.930822	-0.213341	-0.444777	-0.722919	0.133511
2.720000	2.938237	-0.986753	-0.263017	-0.438334	-0.712164	0.136866
2.740000	3.107715	-1.032973	-0.316811	-0.432356	-0.702227	0.140764
2.760000	3.266879	-1.068295	-0.374019	-0.426924	-0.693233	0.145265
2.780000	3.412923	-1.091533	-0.433937	-0.422118	-0.685308	0.150428
2.800000	3.543037	-1.101498	-0.495859	-0.418019	-0.678579	0.156313
2.820000	3.654414	-1.097003	-0.559081	-0.414706	-0.673170	0.162978
2.840000	3.744246	-1.076860	-0.622898	-0.412261	-0.669208	0.170483
2.860000	3.809725	-1.039881	-0.686606	-0.410764	-0.666818	0.178887
2.880000	3.848138	-0.984957	-0.749498	-0.410290	-0.666120	0.188246
2.900000	3.858876	-0.912672	-0.810821	-0.410807	-0.667071	0.198520
2.920000	3.843375	-0.825260	-0.869775	-0.412179	-0.669476	0.209581
2.940000	3.803157	-0.725024	-0.925558	-0.414263	-0.673131	0.221295
2.960000	3.739743	-0.614268	-0.977371	-0.416918	-0.677835	0.233529
2.980000	3.654655	-0.495293	-1.024410	-0.420002	-0.683384	0.246149
3.000000	3.549415	-0.370403	-1.065877	-0.423374	-0.689576	0.259023
3.020000	3.425544	-0.241900	-1.100968	-0.426891	-0.696209	0.272016
3.040000	3.284564	-0.112088	-1.128883	-0.430414	-0.703078	0.284997
3.060000	3.127997	0.016731	-1.148821	-0.433799	-0.709982	0.297830
3.080000	2.957363	0.142253	-1.159980	-0.436906	-0.716718	0.310384
3.100000	2.774185	0.262177	-1.161560	-0.439592	-0.723083	0.322525
3.120000	2.579984	0.374198	-1.152759	-0.441717	-0.728875	0.334120
3.140000	2.376282	0.476015	-1.132775	-0.443138	-0.733890	0.345035
3.160000	2.164601	0.565325	-1.100809	-0.443714	-0.737926	0.355137
3.180000	1.946447	0.639863	-1.056085	-0.443307	-0.740785	0.364294
3.200000	1.722827	0.698777	-0.998783	-0.441898	-0.742415	0.372440
3.220000	1.494121	0.742961	-0.930267	-0.439618	-0.742949	0.379586
3.240000	1.260672	0.773418	-0.851975	-0.436608	-0.742532	0.385748
3.260000	1.022824	0.791152	-0.765342	-0.433006	-0.741306	0.390944
3.280000	0.780919	0.797166	-0.671808	-0.428953	-0.739415	0.395190
3.300000	0.535301	0.792464	-0.572808	-0.424588	-0.737005	0.398503
