0.000000	3.401537	-4.834173	-3.345955	-0.574126	-0.476394	0.107228
0.020000	3.424172	-5.108260	-3.581306	-0.553610	-0.464131	0.115669
0.040000	3.430953	-5.354133	-3.800223	-0.533812	-0.452721	0.124612
0.060000	3.421595	-5.564706	-3.998398	-0.514980	-0.442376	0.134114
0.080000	3.395815	-5.732892	-4.171521	-0.497361	-0.433306	0.144235
0.100000	3.353329	-5.851604	-4.315283	-0.481201	-0.425724	0.155034
0.120000	3.293852	-5.913755	-4.425376	-0.466749	-0.419839	0.166570
0.140000	3.217101	-5.912257	-4.497491	-0.454251	-0.415863	0.178901
0.160000	3.122791	-5.840026	-4.527319	-0.443954	-0.414008	0.192088
0.180000	3.011130	-5.692988	-4.512255	-0.436021	-0.414401	0.206148
0.200000	2.883930	-5.476906	-4.455252	-0.430336	-0.416899	0.220970
0.220000	2.743331	-5.199547	-4.360396	-0.426724	-0.421304	0.236418
0.240000	2.591471	-4.868679	-4.231773	-0.425014	-0.427419	0.252352
0.260000	2.430489	-4.492070	-4.073470	-0.425032	-0.435044	0.268637
0.280000	2.262525	-4.077485	-3.889572	-0.426606	-0.443983	0.285132
0.300000	2.089717	-3.632693	-3.684165	-0.429561	-0.454035	0.301702
0.320000	1.914205	-3.165461	-3.461336	-0.433727	-0.465005	0.318208
0.340000	1.738128	-2.683555	-3.225169	-0.438928	-0.476693	0.334513
0.360000	1.563624	-2.194744	-2.979753	-0.444993	-0.488901	0.350478
0.380000	1.392833	-1.706794	-2.729171	-0.451749	-0.501431	0.365967
0.400000	1.227893	-1.227472	-2.477511	-0.459022	-0.514085	0.380841
0.420000	1.070945	-0.764547	-2.228859	-0.466639	-0.526665	0.394963
0.440000	0.924126	-0.325784	-1.987300	-0.474428	-0.538972	0.408194
0.460000	0.789576	0.081048	-1.756920	-0.482215	-0.550809	0.420398
0.480000	0.669435	0.448183	-1.541806	-0.489828	-0.561978	0.431437
0.500000	0.565417	0.768820	-1.345540	-0.497105	-0.572294	0.441186
0.520000	0.476247	1.042996	-1.168146	-0.503958	-0.581674	0.449621
0.540000	0.399361	1.273689	-1.008118	-0.510333	-0.590077	0.456760
0.560000	0.332190	1.463891	-0.863940	-0.516177	-0.597465	0.462620
0.580000	0.272163	1.616594	-0.734099	-0.521435	-0.603798	0.467219
0.600000	0.216712	1.734790	-0.617081	-0.526054	-0.609034	0.470575
0.620000	0.163267	1.821469	-0.511372	-0.529979	-0.613134	0.472706
0.640000	0.109259	1.879624	-0.415458	-0.533156	-0.616059	0.473629
0.660000	0.052118	1.912246	-0.327824	-0.535532	-0.617769	0.473363
0.680000	-0.010724	1.922326	-0.246958	-0.537052	-0.618223	0.471924
0.700000	-0.081839	1.912857	-0.171344	-0.537663	-0.617381	0.469332
0.720000	-0.163794	1.886829	-0.099470	-0.537310	-0.615204	0.465604
0.740000	-0.259159	1.847234	-0.029820	-0.535939	-0.611652	0.460757
0.760000	-0.370504	1.797065	0.039118	-0.533497	-0.606685	0.454810
0.780000	-0.500398	1.739311	0.108860	-0.529929	-0.600263	0.447780
0.800000	-0.651410	1.676965	0.180918	-0.525181	-0.592346	0.439685
0.820000	-0.825948	1.612961	0.256754	-0.519209	-0.582903	0.430545
0.840000	-1.023549	1.549234	0.336886	-0.512126	-0.572072	0.420428
0.860000	-1.241302	1.486862	0.421027	-0.504181	-0.560133	0.409438
0.880000	-1.476214	1.426897	0.508864	-0.495628	-0.547371	0.397685
0.900000	-1.725295	1.370389	0.600084	-0.486722	-0.534070	0.385275
0.920000	-1.985554	1.318389	0.694375	-0.477715	-0.520517	0.372316
0.940000	-2.253998	1.271950	0.791424	-0.468861	-0.506995	0.358915
0.960000	-2.527637	1.232121	0.890917	-0.460415	-0.493790	0.345179
0.980000	-2.803479	1.199954	0.992543	-0.452630	-0.481187	0.331217
1.000000	-3.078532	1.176501	1.095988	-0.445759	-0.469470	0.317135
1.020000	-3.349806	1.162811	1.200939	-0.440057	-0.458925	0.303042
1.040000	-3.614310	1.159938	1.307084	-0.435777	-0.449835	0.289044
1.060000	-3.869050	1.168930	1.414110	-0.433173	-0.442488	0.275249
1.080000	-4.111038	1.190841	1.521704	-0.432498	-0.437166	0.261765
1.100000	-4.337280	1.226720	1.629554	-0.434008	-0.434156	0.248699
1.120000	-4.544834	1.277554	1.737333	-0.437946	-0.433733	0.236156
1.140000	-4.732082	1.342550	1.844395	-0.444356	-0.435940	0.224180
1.160000	-4.898845	1.418979	1.949735	-0.453056	-0.440567	0.212748
1.180000	-5.045018	1.504016	2.052334	-0.463853	-0.447390	0.201836
1.200000	-5.170495	1.594834	2.151171	-0.476555	-0.456184	0.191415
1.220000	-5.275171	1.688607	2.245227	-0.490969	-0.466725	0.181461
1.240000	-5.358942	1.782508	2.333482	-0.506903	-0.478791	0.171948
1.260000	-5.421701	1.873711	2.414914	-0.524164	-0.492156	0.162848
1.280000	-5.463343	1.959390	2.488504	-0.542560	-0.506597	0.154137
1.300000	-5.483763	2.036719	2.553232	-0.561897	-0.521889	0.145788
1.320000	-5.482856	2.102870	2.608077	-0.581984	-0.537810	0.137775
1.340000	-5.460517	2.155019	2.652019	-0.602628	-0.554135	0.130073
1.360000	-5.416640	2.190338	2.684038	-0.623636	-0.570640	0.122654
1.380000	-5.351120	2.206001	2.703114	-0.644815	-0.587101	0.115493
1.400000	-5.263851	2.199182	2.708227	-0.665974	-0.603295	0.108565
1.420000	-5.154729	2.167054	2.698356	-0.686920	-0.618996	0.101842
1.440000	-5.023652	2.106803	2.672485	-0.707460	-0.633983	0.095299
1.460000	-4.871204	2.017526	2.630295	-0.727447	-0.648095	0.088918
1.480000	-4.699445	1.902441	2.572969	-0.746832	-0.661309	0.082697
1.500000	-4.510623	1.765300	2.501880	-0.765579	-0.673623	0.076639
1.520000	-4.306990	1.609854	2.418407	-0.783651	-0.685031	0.070743
1.540000	-4.090797	1.439853	2.323925	-0.801011	-0.695530	0.065011
1.560000	-3.864292	1.259050	2.219809	-0.817623	-0.705114	0.059444
1.580000	-3.629726	1.071195	2.107436	-0.833451	-0.713781	0.054043
1.600000	-3.389350	0.880040	1.988182	-0.848457	-0.721525	0.048810
1.620000	-3.145414	0.689335	1.863423	-0.862605	-0.728343	0.043745
1.640000	-2.900167	0.502833	1.734534	-0.875859	-0.734230	0.038849
1.660000	-2.655861	0.324284	1.602893	-0.888181	-0.739182	0.034124
1.680000	-2.414745	0.157440	1.469874	-0.899536	-0.743195	0.029570
1.700000	-2.179070	0.006052	1.336854	-0.909887	-0.746264	0.025189
1.720000	-1.951086	-0.126130	1.205209	-0.919197	-0.748385	0.020982
1.740000	-1.733043	-0.235352	1.076315	-0.927430	-0.749554	0.016949
1.760000	-1.527191	-0.317865	0.951548	-0.934548	-0.749768	0.013093
1.780000	-1.335347	-0.371003	0.832082	-0.940527	-0.749033	0.009415
1.800000	-1.157360	-0.397002	0.718182	-0.945386	-0.747416	0.005922
1.820000	-0.992527	-0.399489	0.609854	-0.949161	-0.744999	0.002622
1.840000	-0.840144	-0.382088	0.507104	-0.951884	-0.741864	-0.000476
1.860000	-0.699507	-0.348423	0.409939	-0.953592	-0.738093	-0.003363
1.880000	-0.569911	-0.302119	0.318366	-0.954317	-0.733767	-0.006032
1.900000	-0.450652	-0.246799	0.232390	-0.954094	-0.728969	-0.008474
1.920000	-0.341027	-0.186090	0.152020	-0.952958	-0.723779	-0.010680
1.940000	-0.240332	-0.123615	0.077261	-0.950942	-0.718282	-0.012643
1.960000	-0.147861	-0.062999	0.008120	-0.948081	-0.712557	-0.014354
1.980000	-0.062911	-0.007866	-0.055397	-0.944409	-0.706688	-0.015803
2.000000	0.015222	0.038160	-0.113283	-0.939961	-0.700755	-0.016984
2.020000	0.087242	0.071453	-0.165531	-0.934770	-0.694841	-0.017888
2.040000	0.153853	0.088389	-0.212135	-0.928871	-0.689029	-0.018506
2.060000	0.215760	0.085344	-0.253089	-0.922298	-0.683398	-0.018830
2.080000	0.273666	0.058693	-0.288385	-0.915085	-0.678033	-0.018851
2.100000	0.328290	0.005188	-0.318085	-0.907267	-0.673005	-0.018561
2.120000	0.380493	-0.074598	-0.342928	-0.898873	-0.668294	-0.017935
2.140000	0.431219	-0.177870	-0.364052	-0.889934	-0.663825	-0.016942
2.160000	0.481413	-0.301807	-0.382596	-0.880477	-0.659523	-0.015553
2.180000	0.532020	-0.443587	-0.399702	-0.870531	-0.655313	-0.013735
2.200000	0.583985	-0.600387	-0.416511	-0.860126	-0.651119	-0.011457
2.220000	0.638253	-0.769385	-0.434163	-0.849290	-0.646867	-0.008688
2.240000	0.695770	-0.947760	-0.453800	-0.838052	-0.642481	-0.005398
2.260000	0.757481	-1.132688	-0.476563	-0.826440	-0.637886	-0.001556
2.280000	0.824331	-1.321349	-0.503593	-0.814484	-0.633006	0.002871
2.300000	0.897264	-1.510921	-0.536030	-0.802212	-0.627767	0.007913
2.320000	0.977227	-1.698580	-0.575016	-0.789654	-0.622093	0.013601
2.340000	1.065163	-1.881505	-0.621692	-0.776837	-0.615908	0.019966
2.360000	1.162019	-2.056874	-0.677198	-0.763791	-0.609138	0.027039
2.380000	1.268740	-2.221864	-0.742676	-0.750545	-0.601708	0.034851
2.400000	1.386138	-2.373746	-0.819152	-0.737130	-0.593551	0.043431
2.420000	1.513145	-2.511084	-0.906016	-0.723604	-0.584748	0.052764
2.440000	1.647289	-2.633414	-1.001440	-0.710050	-0.575482	0.062806
2.460000	1.786064	-2.740291	-1.103567	-0.696550	-0.565943	0.073510
2.480000	1.926966	-2.831273	-1.210539	-0.683184	-0.556319	0.084830
2.500000	2.067489	-2.905917	-1.320498	-0.670036	-0.546798	0.096721
2.520000	2.205128	-2.963779	-1.431588	-0.657187	-0.537568	0.109136
2.540000	2.337378	-3.004417	-1.541949	-0.644719	-0.528817	0.122029
2.560000	2.461733	-3.027386	-1.649726	-0.632714	-0.520733	0.135355
2.580000	2.575689	-3.032245	-1.753059	-0.621253	-0.513506	0.149067
2.600000	2.676739	-3.018550	-1.850092	-0.610419	-0.507322	0.163119
2.620000	2.762379	-2.985857	-1.938968	-0.600294	-0.502371	0.177466
2.640000	2.830103	-2.933724	-2.017828	-0.590958	-0.498840	0.192062
2.660000	2.877407	-2.861707	-2.084815	-0.582495	-0.496917	0.206859
2.680000	2.901784	-2.769363	-2.138072	-0.574985	-0.496791	0.221814
2.700000	2.900730	-2.656250	-2.175740	-0.568512	-0.498651	0.236878
2.720000	2.871781	-2.521949	-2.195988	-0.563155	-0.502679	0.252007
2.740000	2.814574	-2.367329	-2.198260	-0.558925	-0.508882	0.267142
2.760000	2.731790	-2.195122	-2.183850	-0.555734	-0.516999	0.282208
2.780000	2.626352	-2.008210	-2.154198	-0.553484	-0.526753	0.297127
2.800000	2.501180	-1.809470	-2.110743	-0.552079	-0.537864	0.311824
2.820000	2.359195	-1.601783	-2.054926	-0.551421	-0.550054	0.326222
2.840000	2.203321	-1.388028	-1.988187	-0.551413	-0.563044	0.340242
2.860000	2.036476	-1.171086	-1.911964	-0.551958	-0.576554	0.353810
2.880000	1.861584	-0.953834	-1.827699	-0.552960	-0.590307	0.366848
2.900000	1.681565	-0.739153	-1.736831	-0.554321	-0.604023	0.379279
2.920000	1.499341	-0.529923	-1.640799	-0.555944	-0.617423	0.391027
