0.000000	-0.479712	0.059384	-0.202619	0.124246	-0.972489	0.035889
0.020000	-0.494041	0.073090	-0.206993	0.124543	-0.971876	0.039089
0.040000	-0.504425	0.086550	-0.211222	0.124777	-0.971379	0.042197
0.060000	-0.510014	0.099476	-0.215149	0.124937	-0.971010	0.045131
0.080000	-0.509960	0.111576	-0.218619	0.125015	-0.970781	0.047805
0.100000	-0.503412	0.122560	-0.221477	0.124997	-0.970703	0.050136
0.120000	-0.489822	0.132227	-0.223592	0.124880	-0.970783	0.052062
0.140000	-0.469705	0.140696	-0.224923	0.124679	-0.971006	0.053598
0.160000	-0.443813	0.148158	-0.225449	0.124413	-0.971356	0.054779
0.180000	-0.412896	0.154803	-0.225146	0.124101	-0.971815	0.055636
0.200000	-0.377706	0.160822	-0.223994	0.123764	-0.972365	0.056204
0.220000	-0.338994	0.166405	-0.221970	0.123420	-0.972988	0.056515
0.240000	-0.297511	0.171743	-0.219052	0.123089	-0.973667	0.056603
0.260000	-0.254007	0.177025	-0.215219	0.122791	-0.974384	0.056500
0.280000	-0.209234	0.182442	-0.210447	0.122545	-0.975121	0.056241
0.300000	-0.163943	0.188184	-0.204717	0.122371	-0.975861	0.055858
0.320000	-0.118885	0.194442	-0.198004	0.122289	-0.976586	0.055384
0.340000	-0.074812	0.201405	-0.190289	0.122317	-0.977278	0.054853
0.360000	-0.032473	0.209265	-0.181548	0.122475	-0.977920	0.054298
0.380000	0.007380	0.218212	-0.171759	0.122783	-0.978493	0.053751
0.400000	0.043995	0.228436	-0.160901	0.123261	-0.978981	0.053247
0.420000	0.076703	0.240036	-0.149007	0.123922	-0.979370	0.052813
0.440000	0.105213	0.252689	-0.136368	0.124754	-0.979668	0.052452
0.460000	0.129346	0.265947	-0.123348	0.125736	-0.979890	0.052158
0.480000	0.148922	0.279362	-0.110315	0.126849	-0.980051	0.051929
0.500000	0.163761	0.292486	-0.097633	0.128071	-0.980164	0.051758
0.520000	0.173683	0.304872	-0.085669	0.129384	-0.980245	0.051641
0.540000	0.178510	0.316070	-0.074788	0.130766	-0.980308	0.051574
0.560000	0.178060	0.325635	-0.065357	0.132198	-0.980368	0.051552
0.580000	0.172155	0.333117	-0.057741	0.133658	-0.980439	0.051570
0.600000	0.160615	0.338068	-0.052305	0.135128	-0.980536	0.051624
0.620000	0.143259	0.340042	-0.049417	0.136586	-0.980673	0.051709
0.640000	0.119910	0.338590	-0.049441	0.138013	-0.980865	0.051820
0.660000	0.090386	0.333264	-0.052743	0.139388	-0.981126	0.051953
0.680000	0.054508	0.323616	-0.059690	0.140691	-0.981471	0.052103
0.700000	0.012096	0.309199	-0.070646	0.141902	-0.981914	0.052266
0.720000	-0.037028	0.289565	-0.085979	0.143000	-0.982471	0.052437
0.740000	-0.092970	0.264336	-0.105990	0.143967	-0.983153	0.052611
0.760000	-0.155023	0.233883	-0.130314	0.144798	-0.983951	0.052784
0.780000	-0.221999	0.199026	-0.158188	0.145497	-0.984844	0.052951
0.800000	-0.292703	0.160590	-0.188839	0.146067	-0.985808	0.053107
0.820000	-0.365939	0.119400	-0.221499	0.146514	-0.986821	0.053248
0.840000	-0.440513	0.076281	-0.255397	0.146841	-0.987861	0.053369
0.860000	-0.515228	0.032059	-0.289762	0.147052	-0.988906	0.053466
0.880000	-0.588889	-0.012442	-0.323824	0.147150	-0.989932	0.053533
0.900000	-0.660301	-0.056396	-0.356813	0.147141	-0.990919	0.053567
0.920000	-0.728269	-0.098977	-0.387958	0.147028	-0.991842	0.053562
0.940000	-0.791597	-0.139362	-0.416489	0.146815	-0.992680	0.053514
0.960000	-0.849090	-0.176723	-0.441636	0.146506	-0.993411	0.053419
0.980000	-0.899552	-0.210237	-0.462628	0.146105	-0.994012	0.053271
1.000000	-0.941789	-0.239078	-0.478695	0.145616	-0.994461	0.053066
1.020000	-0.974604	-0.262420	-0.489066	0.145044	-0.994734	0.052800
1.040000	-0.996802	-0.279439	-0.492972	0.144391	-0.994811	0.052468
1.060000	-1.007189	-0.289309	-0.489642	0.143663	-0.994668	0.052065
1.080000	-1.004840	-0.291379	-0.478491	0.142863	-0.994289	0.051587
1.100000	-0.990496	-0.286067	-0.460072	0.142000	-0.993693	0.051039
1.120000	-0.965529	-0.274194	-0.435366	0.141082	-0.992913	0.050427
1.140000	-0.931312	-0.256582	-0.405359	0.140116	-0.991981	0.049758
1.160000	-0.889218	-0.234054	-0.371033	0.139113	-0.990931	0.049038
1.180000	-0.840618	-0.207432	-0.333373	0.138080	-0.989795	0.048274
1.200000	-0.786887	-0.177539	-0.293361	0.137027	-0.988607	0.047472
1.220000	-0.729396	-0.145196	-0.251982	0.135961	-0.987398	0.046638
1.240000	-0.669519	-0.111226	-0.210219	0.134891	-0.986202	0.045781
1.260000	-0.608627	-0.076452	-0.169056	0.133826	-0.985052	0.044905
1.280000	-0.548095	-0.041695	-0.129477	0.132774	-0.983980	0.044018
1.300000	-0.489294	-0.007779	-0.092465	0.131745	-0.983019	0.043126
1.320000	-0.433597	0.024475	-0.059003	0.130746	-0.982202	0.042235
1.340000	-0.382377	0.054245	-0.030076	0.129787	-0.981561	0.041353
1.360000	-0.337007	0.080707	-0.006667	0.128875	-0.981130	0.040486
1.380000	-0.298857	0.103041	0.010242	0.128019	-0.980942	0.039639
1.400000	-0.268725	0.120760	0.020126	0.127229	-0.981009	0.038821
1.420000	-0.246081	0.134155	0.023517	0.126512	-0.981300	0.038037
1.440000	-0.230205	0.143627	0.021099	0.125878	-0.981779	0.037293
1.460000	-0.220378	0.149575	0.013556	0.125334	-0.982406	0.036596
1.480000	-0.215882	0.152401	0.001570	0.124890	-0.983144	0.035952
1.500000	-0.215998	0.152504	-0.014175	0.124555	-0.983956	0.035367
1.520000	-0.220006	0.150285	-0.032996	0.124336	-0.984805	0.034847
1.540000	-0.227188	0.146145	-0.054209	0.124243	-0.985651	0.034399
1.560000	-0.236825	0.140483	-0.077132	0.124284	-0.986458	0.034029
1.580000	-0.248198	0.133701	-0.101081	0.124468	-0.987188	0.033744
1.600000	-0.260588	0.126198	-0.125374	0.124804	-0.987804	0.033549
1.620000	-0.273277	0.118375	-0.149325	0.125300	-0.988266	0.033450
1.640000	-0.285544	0.110633	-0.172253	0.125965	-0.988539	0.033455
1.660000	-0.296672	0.103372	-0.193475	0.126807	-0.988584	0.033569
1.680000	-0.305941	0.096992	-0.212306	0.127836	-0.988364	0.033799
1.700000	-0.312633	0.091893	-0.228064	0.129060	-0.987841	0.034151
1.720000	-0.316174	0.088394	-0.240212	0.130481	-0.986989	0.034627
1.740000	-0.316698	0.086407	-0.248934	0.132077	-0.985849	0.035211
1.760000	-0.314559	0.085718	-0.254634	0.133812	-0.984477	0.035879
1.780000	-0.310110	0.086116	-0.257716	0.135655	-0.982931	0.036609
1.800000	-0.303705	0.087387	-0.258585	0.137573	-0.981270	0.037377
1.820000	-0.295696	0.089320	-0.257646	0.139533	-0.979552	0.038162
1.840000	-0.286437	0.091701	-0.255301	0.141501	-0.977834	0.038941
1.860000	-0.276281	0.094319	-0.251956	0.143445	-0.976175	0.039690
1.880000	-0.265580	0.096961	-0.248016	0.145331	-0.974632	0.040387
1.900000	-0.254690	0.099414	-0.243883	0.147128	-0.973264	0.041009
1.920000	-0.243961	0.101467	-0.239964	0.148801	-0.972128	0.041533
1.940000	-0.233749	0.102905	-0.236661	0.150319	-0.971283	0.041937
1.960000	-0.224405	0.103517	-0.234380	0.151647	-0.970786	0.042198
1.980000	-0.216283	0.103091	-0.233524	0.152754	-0.970695	0.042292
2.000000	-0.209736	0.101414	-0.234499	0.153605	-0.971069	0.042198
2.020000	-0.205115	0.098274	-0.237705	0.154169	-0.971964	0.041892
2.040000	-0.202510	0.093650	-0.243272	0.154433	-0.973398	0.041371
2.060000	-0.201514	0.087873	-0.250811	0.154424	-0.975308	0.040667
2.080000	-0.201666	0.081316	-0.259875	0.154173	-0.977624	0.039817
