0.000000	1.508727	0.243326	-0.197287	0.142429	-0.978925	0.046696
0.020000	1.359874	0.234659	-0.194459	0.142800	-0.978954	0.046432
0.040000	1.199118	0.225740	-0.191190	0.143144	-0.978932	0.046182
0.060000	1.030046	0.216718	-0.187587	0.143453	-0.978863	0.045946
0.080000	0.856244	0.207742	-0.183756	0.143723	-0.978752	0.045724
0.100000	0.681299	0.198961	-0.179801	0.143946	-0.978603	0.045518
0.120000	0.508796	0.190523	-0.175829	0.144117	-0.978422	0.045327
0.140000	0.342323	0.182578	-0.171945	0.144228	-0.978212	0.045154
0.160000	0.185465	0.175273	-0.168255	0.144275	-0.977979	0.044998
0.180000	0.041809	0.168759	-0.164866	0.144250	-0.977728	0.044860
0.200000	-0.085059	0.163182	-0.161881	0.144147	-0.977462	0.044741
0.220000	-0.191605	0.158690	-0.159407	0.143960	-0.977187	0.044641
0.240000	-0.276533	0.155285	-0.157471	0.143690	-0.976907	0.044563
0.260000	-0.341521	0.152781	-0.156003	0.143350	-0.976628	0.044506
0.280000	-0.388457	0.150980	-0.154925	0.142952	-0.976355	0.044474
0.300000	-0.419228	0.149682	-0.154161	0.142508	-0.976093	0.044467
0.320000	-0.435721	0.148688	-0.153632	0.142030	-0.975847	0.044486
0.340000	-0.439823	0.147799	-0.153262	0.141532	-0.975622	0.044535
0.360000	-0.433422	0.146815	-0.152972	0.141025	-0.975424	0.044613
0.380000	-0.418405	0.145539	-0.152685	0.140522	-0.975257	0.044722
0.400000	-0.396659	0.143770	-0.152323	0.140035	-0.975127	0.044865
0.420000	-0.370070	0.141310	-0.151810	0.139578	-0.975039	0.045042
0.440000	-0.340527	0.137960	-0.151068	0.139161	-0.974998	0.045256
0.460000	-0.309917	0.133520	-0.150018	0.138798	-0.975010	0.045507
0.480000	-0.280126	0.127791	-0.148585	0.138501	-0.975078	0.045797
0.500000	-0.253042	0.120574	-0.146689	0.138283	-0.975209	0.046129
0.520000	-0.230542	0.111673	-0.144255	0.138156	-0.975408	0.046502
0.540000	-0.213669	0.101064	-0.141277	0.138124	-0.975675	0.046912
0.560000	-0.202050	0.089020	-0.137872	0.138177	-0.976002	0.047341
0.580000	-0.195167	0.075844	-0.134168	0.138304	-0.976380	0.047771
0.600000	-0.192506	0.061838	-0.130293	0.138494	-0.976802	0.048182
0.620000	-0.193552	0.047303	-0.126376	0.138737	-0.977258	0.048555
0.640000	-0.197788	0.032543	-0.122546	0.139020	-0.977740	0.048873
0.660000	-0.204701	0.017860	-0.118930	0.139332	-0.978239	0.049115
0.680000	-0.213775	0.003555	-0.115657	0.139663	-0.978747	0.049264
0.700000	-0.224494	-0.010068	-0.112855	0.140002	-0.979255	0.049301
0.720000	-0.236344	-0.022708	-0.110653	0.140336	-0.979755	0.049206
0.740000	-0.248808	-0.034062	-0.109179	0.140656	-0.980237	0.048961
0.760000	-0.261373	-0.043828	-0.108561	0.140950	-0.980694	0.048547
0.780000	-0.273522	-0.051704	-0.108929	0.141206	-0.981117	0.047946
0.800000	-0.284740	-0.057388	-0.110409	0.141415	-0.981496	0.047138
0.820000	-0.294512	-0.060577	-0.113131	0.141563	-0.981825	0.046105
0.840000	-0.302343	-0.060988	-0.117209	0.141642	-0.982094	0.044831
0.860000	-0.308017	-0.058606	-0.122562	0.141653	-0.982310	0.043337
0.880000	-0.311517	-0.053608	-0.128970	0.141603	-0.982485	0.041671
0.900000	-0.312832	-0.046175	-0.136207	0.141504	-0.982633	0.039882
0.920000	-0.311950	-0.036490	-0.144050	0.141365	-0.982770	0.038018
0.940000	-0.308860	-0.024733	-0.152275	0.141195	-0.982909	0.036130
0.960000	-0.303551	-0.011087	-0.160657	0.141004	-0.983063	0.034264
0.980000	-0.296012	0.004268	-0.168972	0.140800	-0.983248	0.032471
1.000000	-0.286230	0.021149	-0.176996	0.140595	-0.983477	0.030798
1.020000	-0.274195	0.039376	-0.184504	0.140396	-0.983764	0.029295
1.040000	-0.259895	0.058766	-0.191273	0.140214	-0.984123	0.028010
1.060000	-0.243318	0.079138	-0.197078	0.140059	-0.984569	0.026993
1.080000	-0.224454	0.100310	-0.201695	0.139939	-0.985115	0.026292
1.100000	-0.203290	0.122101	-0.204899	0.139864	-0.985776	0.025955
1.120000	-0.179816	0.144329	-0.206467	0.139844	-0.986566	0.026032
1.140000	-0.154020	0.166814	-0.206174	0.139889	-0.987498	0.026571
1.160000	-0.125987	0.189355	-0.203861	0.140005	-0.988580	0.027605
1.180000	-0.096248	0.211676	-0.199666	0.140194	-0.989778	0.029087
1.200000	-0.065466	0.233476	-0.193818	0.140454	-0.991053	0.030948
1.220000	-0.034303	0.254456	-0.186543	0.140783	-0.992362	0.033119
1.240000	-0.003419	0.274315	-0.178067	0.141181	-0.993662	0.035532
1.260000	0.026523	0.292752	-0.168617	0.141645	-0.994913	0.038117
1.280000	0.054861	0.309468	-0.158420	0.142173	-0.996071	0.040806
1.300000	0.080934	0.324162	-0.147703	0.142765	-0.997096	0.043530
1.320000	0.104080	0.336535	-0.136693	0.143418	-0.997945	0.046219
1.340000	0.123637	0.346284	-0.125616	0.144130	-0.998577	0.048806
1.360000	0.138944	0.353112	-0.114699	0.144902	-0.998948	0.051220
1.380000	0.149339	0.356716	-0.104169	0.145730	-0.999018	0.053394
1.400000	0.154159	0.356798	-0.094252	0.146613	-0.998745	0.055258
1.420000	0.152744	0.353056	-0.085176	0.147549	-0.998086	0.056744
1.440000	0.144431	0.345190	-0.077167	0.148538	-0.997000	0.057782
1.460000	0.128558	0.332900	-0.070452	0.149577	-0.995445	0.058304
1.480000	0.104571	0.315945	-0.065240	0.150664	-0.993386	0.058248
1.500000	0.073023	0.294684	-0.061563	0.151789	-0.990862	0.057640
1.520000	0.035131	0.269842	-0.059345	0.152939	-0.987956	0.056552
1.540000	-0.007880	0.242145	-0.058507	0.154099	-0.984754	0.055061
1.560000	-0.054786	0.212320	-0.058973	0.155254	-0.981340	0.053240
1.580000	-0.104361	0.181095	-0.060666	0.156392	-0.977797	0.051166
1.600000	-0.155381	0.149196	-0.063508	0.157498	-0.974209	0.048913
1.620000	-0.206620	0.117351	-0.067422	0.158557	-0.970662	0.046557
1.640000	-0.256854	0.086287	-0.072330	0.159555	-0.967239	0.044171
1.660000	-0.304857	0.056730	-0.078155	0.160479	-0.964024	0.041833
1.680000	-0.349404	0.029409	-0.084821	0.161314	-0.961102	0.039615
1.700000	-0.389271	0.005051	-0.092249	0.162046	-0.958557	0.037594
1.720000	-0.423232	-0.015618	-0.100362	0.162661	-0.956473	0.035844
1.740000	-0.450063	-0.031871	-0.109084	0.163145	-0.954934	0.034441
1.760000	-0.468538	-0.042980	-0.118336	0.163483	-0.954025	0.033459
1.780000	-0.477518	-0.048271	-0.128039	0.163663	-0.953823	0.032969
1.800000	-0.477135	-0.047862	-0.138080	0.163686	-0.954317	0.032968
1.820000	-0.468489	-0.042473	-0.148322	0.163565	-0.955424	0.033398
1.840000	-0.452705	-0.032839	-0.158625	0.163314	-0.957061	0.034199
1.860000	-0.430907	-0.019696	-0.168851	0.162944	-0.959146	0.035311
1.880000	-0.404222	-0.003781	-0.178861	0.162470	-0.961594	0.036675
1.900000	-0.373773	0.014172	-0.188515	0.161905	-0.964323	0.038231
1.920000	-0.340686	0.033427	-0.197677	0.161261	-0.967249	0.039919
1.940000	-0.306086	0.053247	-0.206205	0.160552	-0.970289	0.041681
1.960000	-0.271098	0.072899	-0.213963	0.159791	-0.973360	0.043456
1.980000	-0.236846	0.091644	-0.220810	0.158992	-0.976378	0.045184
2.000000	-0.204457	0.108749	-0.226609	0.158166	-0.979260	0.046806
2.020000	-0.175054	0.123477	-0.231221	0.157328	-0.981923	0.048263
2.040000	-0.149763	0.135093	-0.234506	0.156491	-0.984284	0.049494
2.060000	-0.129709	0.142860	-0.236326	0.155668	-0.986259	0.050440
2.080000	-0.115974	0.146070	-0.236550	0.154871	-0.987768	0.051044
2.100000	-0.108716	0.144586	-0.235209	0.154108	-0.988791	0.051297
