0.000000	-0.131550	0.037355	-0.077570	0.142855	-0.989809	0.062400
0.020000	-0.160872	0.019161	-0.070665	0.143637	-0.990185	0.062275
0.040000	-0.191223	0.002107	-0.065330	0.144403	-0.990515	0.062035
0.060000	-0.221805	-0.013519	-0.061964	0.145142	-0.990777	0.061692
0.080000	-0.251821	-0.027427	-0.060967	0.145843	-0.990951	0.061259
0.100000	-0.280475	-0.039331	-0.062736	0.146496	-0.991018	0.060747
0.120000	-0.306967	-0.048941	-0.067672	0.147090	-0.990956	0.060169
0.140000	-0.330501	-0.055970	-0.076174	0.147615	-0.990745	0.059537
0.160000	-0.350280	-0.060128	-0.088639	0.148060	-0.990365	0.058862
0.180000	-0.365506	-0.061127	-0.105469	0.148416	-0.989795	0.058157
0.200000	-0.375538	-0.058748	-0.126827	0.148672	-0.989023	0.057433
0.220000	-0.380512	-0.053120	-0.151716	0.148828	-0.988068	0.056687
0.240000	-0.380806	-0.044475	-0.178777	0.148885	-0.986961	0.055918
0.260000	-0.376797	-0.033048	-0.206651	0.148847	-0.985732	0.055122
0.280000	-0.368863	-0.019075	-0.233979	0.148713	-0.984413	0.054296
0.300000	-0.357382	-0.002789	-0.259403	0.148487	-0.983034	0.053435
0.320000	-0.342732	0.015575	-0.281562	0.148169	-0.981625	0.052537
0.340000	-0.325290	0.035783	-0.299098	0.147761	-0.980218	0.051599
0.360000	-0.305434	0.057599	-0.310653	0.147266	-0.978843	0.050616
0.380000	-0.283542	0.080790	-0.314866	0.146684	-0.977531	0.049586
0.400000	-0.259990	0.105120	-0.310379	0.146017	-0.976312	0.048504
0.420000	-0.235158	0.130356	-0.295834	0.145268	-0.975217	0.047369
0.440000	-0.209423	0.156263	-0.269870	0.144438	-0.974277	0.046176
0.460000	-0.183161	0.182606	-0.231129	0.143528	-0.973523	0.044922
0.480000	-0.156752	0.209151	-0.178253	0.142540	-0.972984	0.043603
0.500000	-0.130573	0.235664	-0.109881	0.141477	-0.972693	0.042216
0.520000	-0.104986	0.261904	-0.024829	0.140340	-0.972676	0.040760
0.540000	-0.080181	0.287586	0.076115	0.139141	-0.972925	0.039247
0.560000	-0.056240	0.312392	0.190912	0.137899	-0.973409	0.037702
0.580000	-0.033241	0.336002	0.317503	0.136630	-0.974098	0.036148
0.600000	-0.011265	0.358098	0.453831	0.135354	-0.974960	0.034610
0.620000	0.009611	0.378363	0.597837	0.134087	-0.975964	0.033111
0.640000	0.029306	0.396476	0.747462	0.132848	-0.977079	0.031675
0.660000	0.047741	0.412121	0.900648	0.131654	-0.978274	0.030327
0.680000	0.064838	0.424978	1.055337	0.130524	-0.979517	0.029090
0.700000	0.080516	0.434730	1.209469	0.129476	-0.980778	0.027987
0.720000	0.094697	0.441056	1.360988	0.128526	-0.982025	0.027044
0.740000	0.107301	0.443640	1.507833	0.127694	-0.983226	0.026283
0.760000	0.118249	0.442163	1.647948	0.126997	-0.984352	0.025730
0.780000	0.127462	0.436306	1.779272	0.126452	-0.985371	0.025406
0.800000	0.134860	0.425751	1.899749	0.126078	-0.986252	0.025338
0.820000	0.140371	0.410210	2.007389	0.125892	-0.986964	0.025546
0.840000	0.144021	0.389898	2.101326	0.125891	-0.987504	0.026022
0.860000	0.145917	0.365436	2.181605	0.126059	-0.987885	0.026734
0.880000	0.146170	0.337458	2.248299	0.126379	-0.988124	0.027648
0.900000	0.144888	0.306597	2.301478	0.126833	-0.988235	0.028729
0.920000	0.142182	0.273487	2.341213	0.127403	-0.988235	0.029946
0.940000	0.138161	0.238759	2.367575	0.128074	-0.988139	0.031263
0.960000	0.132936	0.203048	2.380637	0.128827	-0.987962	0.032649
0.980000	0.126615	0.166987	2.380468	0.129644	-0.987720	0.034068
1.000000	0.119308	0.131209	2.367141	0.130510	-0.987428	0.035487
1.020000	0.111126	0.096347	2.340727	0.131406	-0.987102	0.036873
1.040000	0.102177	0.063035	2.301297	0.132315	-0.986757	0.038192
1.060000	0.092572	0.031905	2.248922	0.133221	-0.986409	0.039411
1.080000	0.082420	0.003591	2.183673	0.134105	-0.986073	0.040496
1.100000	0.071832	-0.021274	2.105622	0.134950	-0.985764	0.041413
1.120000	0.060916	-0.042057	2.014840	0.135739	-0.985498	0.042129
1.140000	0.049781	-0.058131	1.911408	0.136455	-0.985291	0.042610
1.160000	0.038453	-0.069268	1.796048	0.137088	-0.985150	0.042846
1.180000	0.026827	-0.075870	1.670486	0.137635	-0.985071	0.042862
1.200000	0.014788	-0.078397	1.536543	0.138099	-0.985049	0.042686
1.220000	0.002218	-0.077305	1.396035	0.138478	-0.985077	0.042345
1.240000	-0.010998	-0.073052	1.250780	0.138774	-0.985151	0.041867
1.260000	-0.024976	-0.066098	1.102597	0.138985	-0.985266	0.041280
1.280000	-0.039833	-0.056899	0.953302	0.139114	-0.985415	0.040613
1.300000	-0.055684	-0.045915	0.804715	0.139159	-0.985594	0.039893
1.320000	-0.072647	-0.033602	0.658653	0.139121	-0.985798	0.039147
1.340000	-0.090836	-0.020419	0.516933	0.139001	-0.986020	0.038405
1.360000	-0.110368	-0.006824	0.381374	0.138798	-0.986256	0.037693
1.380000	-0.131360	0.006726	0.253793	0.138513	-0.986499	0.037040
1.400000	-0.153927	0.019771	0.136009	0.138146	-0.986746	0.036474
1.420000	-0.178186	0.031854	0.029839	0.137697	-0.986990	0.036023
1.440000	-0.204253	0.042517	-0.062899	0.137166	-0.987226	0.035713
1.460000	-0.232218	0.051333	-0.140527	0.136555	-0.987449	0.035572
1.480000	-0.261858	0.058240	-0.203094	0.135871	-0.987659	0.035598
1.500000	-0.292741	0.063424	-0.251797	0.135127	-0.987859	0.035771
1.520000	-0.324429	0.067076	-0.287858	0.134336	-0.988054	0.036071
1.540000	-0.356487	0.069386	-0.312496	0.133511	-0.988246	0.036479
1.560000	-0.388477	0.070543	-0.326934	0.132665	-0.988439	0.036974
1.580000	-0.419963	0.070738	-0.332390	0.131810	-0.988637	0.037537
1.600000	-0.450509	0.070162	-0.330086	0.130961	-0.988843	0.038148
1.620000	-0.479677	0.069003	-0.321243	0.130129	-0.989060	0.038787
1.640000	-0.507032	0.067453	-0.307080	0.129327	-0.989292	0.039434
1.660000	-0.532135	0.065701	-0.288819	0.128569	-0.989543	0.040070
1.680000	-0.554552	0.063938	-0.267679	0.127868	-0.989816	0.040673
1.700000	-0.573845	0.062353	-0.244882	0.127235	-0.990115	0.041226
1.720000	-0.589577	0.061138	-0.221648	0.126685	-0.990442	0.041706
1.740000	-0.601313	0.060481	-0.199198	0.126230	-0.990802	0.042096
1.760000	-0.608614	0.060574	-0.178752	0.125883	-0.991198	0.042375
1.780000	-0.611055	0.061602	-0.161514	0.125657	-0.991634	0.042523
1.800000	-0.608562	0.063618	-0.148044	0.125553	-0.992104	0.042532
1.820000	-0.601530	0.066499	-0.138061	0.125557	-0.992597	0.042410
1.840000	-0.590381	0.070110	-0.131228	0.125656	-0.993097	0.042165
1.860000	-0.575538	0.074317	-0.127210	0.125834	-0.993590	0.041806
1.880000	-0.557426	0.078985	-0.125670	0.126076	-0.994062	0.041340
1.900000	-0.536467	0.083978	-0.126270	0.126370	-0.994498	0.040777
1.920000	-0.513085	0.089163	-0.128675	0.126700	-0.994885	0.040123
1.940000	-0.487704	0.094404	-0.132548	0.127051	-0.995208	0.039389
1.960000	-0.460747	0.099566	-0.137552	0.127409	-0.995453	0.038581
1.980000	-0.432637	0.104516	-0.143352	0.127760	-0.995606	0.037708
2.000000	-0.403798	0.109117	-0.149609	0.128089	-0.995652	0.036779
2.020000	-0.374653	0.113236	-0.155988	0.128382	-0.995577	0.035803
