0.000000	-0.225894	0.175610	-0.205584	0.135278	-0.984638	0.057354
0.020000	-0.255737	0.175118	-0.209177	0.135047	-0.986889	0.057574
0.040000	-0.286556	0.174399	-0.210040	0.134814	-0.989412	0.057879
0.060000	-0.317635	0.173603	-0.208504	0.134589	-0.992138	0.058250
0.080000	-0.348259	0.172879	-0.204903	0.134380	-0.995000	0.058668
0.100000	-0.377712	0.172376	-0.199570	0.134195	-0.997929	0.059114
0.120000	-0.405281	0.172243	-0.192838	0.134043	-1.000858	0.059569
0.140000	-0.430249	0.172630	-0.185039	0.133931	-1.003719	0.060014
0.160000	-0.451901	0.173687	-0.176506	0.133869	-1.006442	0.060429
0.180000	-0.469523	0.175561	-0.167573	0.133864	-1.008961	0.060796
0.200000	-0.482398	0.178403	-0.158573	0.133925	-1.011207	0.061096
0.220000	-0.489812	0.182362	-0.149837	0.134059	-1.013112	0.061310
0.240000	-0.491050	0.187587	-0.141700	0.134277	-1.014608	0.061418
0.260000	-0.485397	0.194227	-0.134493	0.134585	-1.015626	0.061403
0.280000	-0.472136	0.202432	-0.128550	0.134991	-1.016100	0.061244
0.300000	-0.450554	0.212351	-0.124205	0.135505	-1.015960	0.060922
0.320000	-0.419938	0.224132	-0.121787	0.136135	-1.015139	0.060420
0.340000	-0.380206	0.237778	-0.121446	0.136880	-1.013614	0.059731
0.360000	-0.332602	0.252979	-0.122939	0.137719	-1.011462	0.058881
0.380000	-0.278535	0.269391	-0.125975	0.138632	-1.008768	0.057897
0.400000	-0.219419	0.286665	-0.130263	0.139596	-1.005621	0.056808
0.420000	-0.156664	0.304456	-0.135513	0.140588	-1.002107	0.055643
0.440000	-0.091681	0.322415	-0.141432	0.141588	-0.998314	0.054429
0.460000	-0.025883	0.340197	-0.147729	0.142572	-0.994328	0.053195
0.480000	0.039319	0.357454	-0.154115	0.143520	-0.990237	0.051969
0.500000	0.102514	0.373839	-0.160297	0.144408	-0.986128	0.050780
0.520000	0.162290	0.389006	-0.165984	0.145214	-0.982088	0.049655
0.540000	0.217237	0.402608	-0.170886	0.145917	-0.978205	0.048623
0.560000	0.265941	0.414298	-0.174712	0.146495	-0.974565	0.047713
0.580000	0.306993	0.423728	-0.177169	0.146925	-0.971257	0.046953
0.600000	0.338979	0.430553	-0.177967	0.147186	-0.968366	0.046370
0.620000	0.360490	0.434425	-0.176816	0.147255	-0.965980	0.045994
0.640000	0.370180	0.435013	-0.173440	0.147111	-0.964183	0.045850
0.660000	0.367947	0.432265	-0.167875	0.146756	-0.962987	0.045937
0.680000	0.354788	0.426380	-0.160430	0.146209	-0.962342	0.046227
0.700000	0.331739	0.417564	-0.151426	0.145492	-0.962196	0.046689
0.720000	0.299836	0.406024	-0.141181	0.144625	-0.962497	0.047296
0.740000	0.260116	0.391966	-0.130015	0.143629	-0.963193	0.048017
0.760000	0.213614	0.375597	-0.118246	0.142526	-0.964232	0.048824
0.780000	0.161366	0.357124	-0.106195	0.141335	-0.965561	0.049688
0.800000	0.104408	0.336753	-0.094181	0.140079	-0.967129	0.050580
0.820000	0.043776	0.314690	-0.082523	0.138777	-0.968883	0.051469
0.840000	-0.019495	0.291143	-0.071540	0.137452	-0.970772	0.052328
0.860000	-0.084367	0.266318	-0.061552	0.136122	-0.972742	0.053126
0.880000	-0.149806	0.240421	-0.052878	0.134811	-0.974743	0.053836
0.900000	-0.214776	0.213660	-0.045837	0.133538	-0.976721	0.054427
0.920000	-0.278240	0.186240	-0.040748	0.132324	-0.978625	0.054871
0.940000	-0.339163	0.158368	-0.037932	0.131191	-0.980403	0.055139
0.960000	-0.396508	0.130251	-0.037707	0.130158	-0.982002	0.055200
0.980000	-0.449302	0.102086	-0.040356	0.129246	-0.983374	0.055031
1.000000	-0.497175	0.073971	-0.045797	0.128458	-0.984512	0.054642
1.020000	-0.540106	0.045948	-0.053743	0.127785	-0.985428	0.054065
1.040000	-0.578076	0.018059	-0.063902	0.127222	-0.986138	0.053335
1.060000	-0.611068	-0.009654	-0.075982	0.126761	-0.986657	0.052482
1.080000	-0.639063	-0.037150	-0.089693	0.126395	-0.986998	0.051541
1.100000	-0.662044	-0.064386	-0.104743	0.126119	-0.987177	0.050543
1.120000	-0.679992	-0.091321	-0.120842	0.125924	-0.987207	0.049522
1.140000	-0.692889	-0.117913	-0.137697	0.125803	-0.987104	0.048510
1.160000	-0.700718	-0.144120	-0.155018	0.125751	-0.986882	0.047540
1.180000	-0.703460	-0.169902	-0.172514	0.125759	-0.986555	0.046645
1.200000	-0.701098	-0.195215	-0.189893	0.125822	-0.986138	0.045858
1.220000	-0.693613	-0.220018	-0.206865	0.125931	-0.985646	0.045210
1.240000	-0.680987	-0.244270	-0.223137	0.126081	-0.985093	0.044736
1.260000	-0.663202	-0.267928	-0.238420	0.126264	-0.984493	0.044467
1.280000	-0.640240	-0.290952	-0.252421	0.126473	-0.983862	0.044437
1.300000	-0.612240	-0.313262	-0.264904	0.126704	-0.983211	0.044665
1.320000	-0.579899	-0.334650	-0.275825	0.126959	-0.982545	0.045123
1.340000	-0.544037	-0.354878	-0.285183	0.127241	-0.981868	0.045774
1.360000	-0.505476	-0.373709	-0.292978	0.127555	-0.981181	0.046578
1.380000	-0.465037	-0.390904	-0.299209	0.127905	-0.980489	0.047499
1.400000	-0.423540	-0.406227	-0.303876	0.128294	-0.979794	0.048497
1.420000	-0.381807	-0.419439	-0.306978	0.128727	-0.979100	0.049535
1.440000	-0.340659	-0.430303	-0.308514	0.129207	-0.978408	0.050575
1.460000	-0.300918	-0.438581	-0.308483	0.129738	-0.977723	0.051579
1.480000	-0.263403	-0.444036	-0.306885	0.130325	-0.977047	0.052507
1.500000	-0.228936	-0.446428	-0.303720	0.130971	-0.976383	0.053323
1.520000	-0.198339	-0.445522	-0.298986	0.131680	-0.975734	0.053988
1.540000	-0.172431	-0.441079	-0.292683	0.132456	-0.975103	0.054464
1.560000	-0.152036	-0.432862	-0.284811	0.133303	-0.974493	0.054713
1.580000	-0.137972	-0.420632	-0.275368	0.134225	-0.973908	0.054697
1.600000	-0.130841	-0.404252	-0.264378	0.135224	-0.973350	0.054388
1.620000	-0.130205	-0.384050	-0.251981	0.136291	-0.972824	0.053809
1.640000	-0.135319	-0.360493	-0.238347	0.137415	-0.972336	0.052997
1.660000	-0.145439	-0.334047	-0.223650	0.138585	-0.971890	0.051991
1.680000	-0.159820	-0.305180	-0.208062	0.139790	-0.971493	0.050828
1.700000	-0.177720	-0.274356	-0.191753	0.141018	-0.971148	0.049545
1.720000	-0.198393	-0.242044	-0.174898	0.142258	-0.970861	0.048180
1.740000	-0.221095	-0.208709	-0.157668	0.143499	-0.970638	0.046771
1.760000	-0.245083	-0.174818	-0.140236	0.144730	-0.970483	0.045354
1.780000	-0.269612	-0.140838	-0.122773	0.145939	-0.970402	0.043968
1.800000	-0.293938	-0.107235	-0.105451	0.147114	-0.970400	0.042651
1.820000	-0.317316	-0.074475	-0.088444	0.148246	-0.970482	0.041439
1.840000	-0.339003	-0.043025	-0.071923	0.149322	-0.970654	0.040370
1.860000	-0.358255	-0.013353	-0.056060	0.150331	-0.970920	0.039483
1.880000	-0.374326	0.014077	-0.041028	0.151262	-0.971286	0.038813
1.900000	-0.386474	0.038797	-0.026998	0.152104	-0.971757	0.038400
1.920000	-0.394020	0.060380	-0.014135	0.152846	-0.972337	0.038276
1.940000	-0.396989	0.078817	-0.002504	0.153485	-0.973019	0.038434
1.960000	-0.395831	0.094352	0.007888	0.154025	-0.973790	0.038839
1.980000	-0.391003	0.107233	0.017033	0.154468	-0.974636	0.039457
2.000000	-0.382960	0.117705	0.024925	0.154817	-0.975544	0.040255
2.020000	-0.372157	0.126016	0.031557	0.155073	-0.976501	0.041197
2.040000	-0.359051	0.132414	0.036921	0.155240	-0.977492	0.042250
2.060000	-0.344097	0.137145	0.041012	0.155320	-0.978504	0.043380
2.080000	-0.327751	0.140456	0.043822	0.155317	-0.979524	0.044552
2.100000	-0.310469	0.142595	0.045344	0.155231	-0.980537	0.045733
2.120000	-0.292707	0.143808	0.045572	0.155067	-0.981532	0.046888
2.140000	-0.274920	0.144344	0.044498	0.154826	-0.982493	0.047983
2.160000	-0.257564	0.144448	0.042117	0.154512	-0.983408	0.048984
2.180000	-0.241095	0.144368	0.038421	0.154127	-0.984262	0.049856
2.200000	-0.225969	0.144351	0.033403	0.153672	-0.985043	0.050566
2.220000	-0.212641	0.144644	0.027056	0.153152	-0.985737	0.051080
2.240000	-0.201558	0.145490	0.019377	0.152569	-0.986331	0.051364
2.260000	-0.192892	0.146970	0.010452	0.151928	-0.986820	0.051411
2.280000	-0.186489	0.148978	0.000474	0.151237	-0.987214	0.051247
2.300000	-0.182177	0.151398	-0.010356	0.150506	-0.987520	0.050898
2.320000	-0.179782	0.154114	-0.021839	0.149743	-0.987749	0.050391
2.340000	-0.179134	0.157009	-0.033776	0.148957	-0.987907	0.049753
2.360000	-0.180059	0.159967	-0.045968	0.148156	-0.988005	0.049010
