0.000000	0.114514	0.200566	-0.207794	0.128157	-0.984558	0.050434
0.020000	0.125613	0.235685	-0.205146	0.129051	-0.985050	0.052223
0.040000	0.125707	0.261841	-0.204081	0.129912	-0.985309	0.053400
0.060000	0.115985	0.279893	-0.204382	0.130738	-0.985359	0.054023
0.080000	0.097714	0.290765	-0.205819	0.131534	-0.985226	0.054153
0.100000	0.072160	0.295383	-0.208162	0.132300	-0.984937	0.053855
0.120000	0.040590	0.294672	-0.211180	0.133040	-0.984517	0.053188
0.140000	0.004269	0.289555	-0.214644	0.133753	-0.983993	0.052216
0.160000	-0.035536	0.280958	-0.218321	0.134444	-0.983392	0.051002
0.180000	-0.077559	0.269807	-0.221982	0.135112	-0.982739	0.049606
0.200000	-0.120533	0.257024	-0.225397	0.135762	-0.982060	0.048091
0.220000	-0.163192	0.243537	-0.228334	0.136394	-0.981382	0.046521
0.240000	-0.204270	0.230268	-0.230564	0.137010	-0.980732	0.044955
0.260000	-0.242500	0.218144	-0.231857	0.137613	-0.980134	0.043458
0.280000	-0.276617	0.208089	-0.231980	0.138204	-0.979616	0.042091
0.300000	-0.305353	0.201027	-0.230705	0.138785	-0.979204	0.040917
0.320000	-0.327456	0.197874	-0.227804	0.139358	-0.978923	0.039996
0.340000	-0.342424	0.198970	-0.223203	0.139923	-0.978786	0.039354
0.360000	-0.350876	0.203799	-0.217059	0.140474	-0.978782	0.038962
0.380000	-0.353520	0.211775	-0.209550	0.141006	-0.978900	0.038786
0.400000	-0.351068	0.222313	-0.200851	0.141514	-0.979130	0.038792
0.420000	-0.344229	0.234826	-0.191139	0.141992	-0.979459	0.038945
0.440000	-0.333714	0.248729	-0.180590	0.142436	-0.979876	0.039213
0.460000	-0.320233	0.263435	-0.169381	0.142839	-0.980370	0.039561
0.480000	-0.304496	0.278359	-0.157689	0.143196	-0.980929	0.039955
0.500000	-0.287213	0.292914	-0.145688	0.143503	-0.981542	0.040362
0.520000	-0.269095	0.306515	-0.133557	0.143753	-0.982198	0.040748
0.540000	-0.250851	0.318575	-0.121470	0.143942	-0.982885	0.041079
0.560000	-0.233192	0.328509	-0.109605	0.144064	-0.983592	0.041320
0.580000	-0.216827	0.335731	-0.098139	0.144114	-0.984307	0.041439
0.600000	-0.202468	0.339654	-0.087246	0.144086	-0.985019	0.041401
0.620000	-0.190824	0.339693	-0.077104	0.143975	-0.985717	0.041172
0.640000	-0.182605	0.335262	-0.067890	0.143776	-0.986389	0.040719
0.660000	-0.178285	0.326027	-0.059729	0.143489	-0.987025	0.040026
0.680000	-0.177619	0.312421	-0.052600	0.143123	-0.987618	0.039131
0.700000	-0.180225	0.295019	-0.046450	0.142696	-0.988162	0.038083
0.720000	-0.185724	0.274399	-0.041231	0.142220	-0.988650	0.036932
0.740000	-0.193734	0.251136	-0.036889	0.141710	-0.989076	0.035727
0.760000	-0.203875	0.225807	-0.033374	0.141181	-0.989433	0.034517
0.780000	-0.215767	0.198989	-0.030635	0.140647	-0.989716	0.033351
0.800000	-0.229029	0.171258	-0.028621	0.140123	-0.989918	0.032278
0.820000	-0.243280	0.143190	-0.027281	0.139623	-0.990032	0.031346
0.840000	-0.258139	0.115363	-0.026564	0.139161	-0.990052	0.030607
0.860000	-0.273227	0.088352	-0.026419	0.138753	-0.989973	0.030107
0.880000	-0.288162	0.062733	-0.026794	0.138412	-0.989786	0.029897
0.900000	-0.302563	0.039084	-0.027639	0.138153	-0.989487	0.030025
0.920000	-0.316051	0.017981	-0.028903	0.137991	-0.989069	0.030541
0.940000	-0.328244	-0.000000	-0.030534	0.137939	-0.988525	0.031494
0.960000	-0.338825	-0.014427	-0.032486	0.138008	-0.987854	0.032911
0.980000	-0.347728	-0.025448	-0.034730	0.138184	-0.987073	0.034735
1.000000	-0.354948	-0.033356	-0.037242	0.138450	-0.986203	0.036885
1.020000	-0.360483	-0.038444	-0.039996	0.138788	-0.985265	0.039283
1.040000	-0.364328	-0.041004	-0.042968	0.139179	-0.984281	0.041849
1.060000	-0.366481	-0.041330	-0.046134	0.139607	-0.983272	0.044503
1.080000	-0.366938	-0.039714	-0.049468	0.140052	-0.982260	0.047166
1.100000	-0.365696	-0.036448	-0.052948	0.140498	-0.981266	0.049760
1.120000	-0.362750	-0.031826	-0.056547	0.140925	-0.980313	0.052203
1.140000	-0.358098	-0.026141	-0.060241	0.141318	-0.979420	0.054417
1.160000	-0.351736	-0.019684	-0.064006	0.141656	-0.978610	0.056322
1.180000	-0.343660	-0.012750	-0.067816	0.141924	-0.977904	0.057840
1.200000	-0.333867	-0.005631	-0.071649	0.142102	-0.977323	0.058889
1.220000	-0.322354	0.001381	-0.075478	0.142172	-0.976889	0.059392
1.240000	-0.309117	0.007992	-0.079279	0.142118	-0.976624	0.059268
1.260000	-0.294152	0.013910	-0.083029	0.141921	-0.976549	0.058438
1.280000	-0.277476	0.018875	-0.086703	0.141565	-0.976682	0.056835
1.300000	-0.259281	0.022918	-0.090299	0.141058	-0.977012	0.054503
1.320000	-0.239849	0.026222	-0.093823	0.140417	-0.977514	0.051543
1.340000	-0.219465	0.028970	-0.097280	0.139660	-0.978164	0.048057
1.360000	-0.198413	0.031348	-0.100677	0.138807	-0.978934	0.044145
1.380000	-0.176976	0.033538	-0.104019	0.137875	-0.979801	0.039910
1.400000	-0.155437	0.035725	-0.107314	0.136883	-0.980738	0.035453
1.420000	-0.134082	0.038092	-0.110567	0.135848	-0.981720	0.030876
1.440000	-0.113193	0.040824	-0.113783	0.134790	-0.982721	0.026280
1.460000	-0.093055	0.044105	-0.116970	0.133726	-0.983716	0.021767
1.480000	-0.073951	0.048118	-0.120133	0.132674	-0.984680	0.017439
1.500000	-0.056166	0.053048	-0.123279	0.131654	-0.985587	0.013397
1.520000	-0.039983	0.059078	-0.126413	0.130683	-0.986411	0.009743
1.540000	-0.025685	0.066392	-0.129542	0.129779	-0.987128	0.006578
1.560000	-0.013557	0.075175	-0.132671	0.128961	-0.987711	0.004004
1.580000	-0.003883	0.085611	-0.135807	0.128247	-0.988135	0.002123
1.600000	0.003061	0.097870	-0.138956	0.127654	-0.988376	0.001032
1.620000	0.007180	0.111839	-0.142115	0.127186	-0.988432	0.000746
1.640000	0.008562	0.127108	-0.145274	0.126827	-0.988327	0.001193
1.660000	0.007305	0.143256	-0.148423	0.126563	-0.988083	0.002298
1.680000	0.003506	0.159861	-0.151552	0.126380	-0.987726	0.003984
1.700000	-0.002738	0.176501	-0.154650	0.126263	-0.987278	0.006178
1.720000	-0.011329	0.192755	-0.157706	0.126197	-0.986764	0.008802
1.740000	-0.022170	0.208201	-0.160710	0.126168	-0.986207	0.011781
1.760000	-0.035164	0.222417	-0.163652	0.126161	-0.985631	0.015041
1.780000	-0.050214	0.234981	-0.166521	0.126162	-0.985060	0.018505
1.800000	-0.067223	0.245472	-0.169307	0.126155	-0.984518	0.022098
1.820000	-0.086092	0.253468	-0.171998	0.126127	-0.984028	0.025744
1.840000	-0.106726	0.258548	-0.174586	0.126063	-0.983615	0.029368
1.860000	-0.129026	0.260288	-0.177059	0.125947	-0.983302	0.032895
1.880000	-0.152896	0.258269	-0.179406	0.125767	-0.983113	0.036248
1.900000	-0.178237	0.252067	-0.181618	0.125506	-0.983072	0.039352
1.920000	-0.204953	0.241265	-0.183684	0.125150	-0.983202	0.042133
1.940000	-0.232849	0.225783	-0.185590	0.124695	-0.983511	0.044544
1.960000	-0.261538	0.206231	-0.187318	0.124157	-0.983973	0.046601
1.980000	-0.290609	0.183299	-0.188846	0.123552	-0.984559	0.048326
2.000000	-0.319651	0.157676	-0.190156	0.122900	-0.985238	0.049742
2.020000	-0.348256	0.130053	-0.191227	0.122217	-0.985981	0.050870
2.040000	-0.376011	0.101119	-0.192039	0.121521	-0.986759	0.051734
2.060000	-0.402507	0.071566	-0.192572	0.120830	-0.987542	0.052354
2.080000	-0.427333	0.042083	-0.192807	0.120163	-0.988300	0.052755
2.100000	-0.450079	0.013360	-0.192722	0.119536	-0.989004	0.052958
2.120000	-0.470335	-0.013913	-0.192299	0.118968	-0.989623	0.052984
2.140000	-0.487689	-0.039045	-0.191517	0.118476	-0.990129	0.052858
