0.000000	-0.353675	0.469869	-0.148767	0.148466	-1.006272	0.086719
0.020000	-0.319275	0.449652	-0.141557	0.148512	-1.005298	0.086418
0.040000	-0.280109	0.426375	-0.133193	0.148572	-1.004195	0.085686
0.060000	-0.237295	0.400592	-0.123914	0.148641	-1.002981	0.084569
0.080000	-0.191951	0.372856	-0.113958	0.148716	-1.001672	0.083116
0.100000	-0.145198	0.343720	-0.103564	0.148793	-1.000286	0.081372
0.120000	-0.098154	0.313739	-0.092970	0.148867	-0.998839	0.079385
0.140000	-0.051937	0.283465	-0.082415	0.148935	-0.997350	0.077201
0.160000	-0.007666	0.253451	-0.072137	0.148993	-0.995835	0.074869
0.180000	0.033540	0.224252	-0.062374	0.149036	-0.994311	0.072435
0.200000	0.070562	0.196421	-0.053366	0.149060	-0.992796	0.069945
0.220000	0.102281	0.170510	-0.045350	0.149063	-0.991306	0.067448
0.240000	0.127580	0.147074	-0.038564	0.149038	-0.989859	0.064989
0.260000	0.145338	0.126666	-0.033248	0.148984	-0.988473	0.062616
0.280000	0.154446	0.109834	-0.029639	0.148895	-0.987163	0.060376
0.300000	0.154468	0.096757	-0.027846	0.148772	-0.985942	0.058297
0.320000	0.146102	0.086990	-0.027767	0.148618	-0.984812	0.056375
0.340000	0.130157	0.080026	-0.029281	0.148442	-0.983774	0.054603
0.360000	0.107442	0.075359	-0.032263	0.148248	-0.982830	0.052975
0.380000	0.078766	0.072483	-0.036591	0.148043	-0.981981	0.051484
0.400000	0.044937	0.070893	-0.042143	0.147832	-0.981227	0.050124
0.420000	0.006765	0.070083	-0.048796	0.147621	-0.980571	0.048887
0.440000	-0.034942	0.069546	-0.056426	0.147417	-0.980014	0.047767
0.460000	-0.079376	0.068777	-0.064911	0.147225	-0.979556	0.046757
0.480000	-0.125727	0.067269	-0.074128	0.147052	-0.979200	0.045851
0.500000	-0.173187	0.064517	-0.083954	0.146903	-0.978947	0.045042
0.520000	-0.220947	0.060015	-0.094267	0.146784	-0.978797	0.044324
0.540000	-0.268199	0.053257	-0.104944	0.146702	-0.978753	0.043688
0.560000	-0.314133	0.043737	-0.115861	0.146662	-0.978815	0.043130
0.580000	-0.357941	0.030948	-0.126897	0.146670	-0.978985	0.042642
0.600000	-0.398814	0.014386	-0.137928	0.146733	-0.979264	0.042217
0.620000	-0.436114	-0.006081	-0.148837	0.146853	-0.979650	0.041850
0.640000	-0.469794	-0.029279	-0.159531	0.147025	-0.980133	0.041533
0.660000	-0.499938	-0.053755	-0.169916	0.147241	-0.980700	0.041260
0.680000	-0.526627	-0.078054	-0.179905	0.147495	-0.981336	0.041026
0.700000	-0.549942	-0.100720	-0.189405	0.147778	-0.982030	0.040825
0.720000	-0.569967	-0.120299	-0.198326	0.148082	-0.982768	0.040649
0.740000	-0.586783	-0.135337	-0.206577	0.148401	-0.983536	0.040493
0.760000	-0.600472	-0.144378	-0.214069	0.148727	-0.984322	0.040350
0.780000	-0.611117	-0.145969	-0.220710	0.149052	-0.985112	0.040215
0.800000	-0.618798	-0.138653	-0.226410	0.149368	-0.985893	0.040082
0.820000	-0.623600	-0.120978	-0.231078	0.149669	-0.986653	0.039943
0.840000	-0.625603	-0.091487	-0.234623	0.149946	-0.987377	0.039794
0.860000	-0.624889	-0.048726	-0.236956	0.150192	-0.988053	0.039627
0.880000	-0.621541	0.008758	-0.237985	0.150399	-0.988668	0.039437
0.900000	-0.615641	0.082423	-0.237619	0.150561	-0.989208	0.039218
0.920000	-0.607273	0.173682	-0.235772	0.150668	-0.989660	0.038963
0.940000	-0.596571	0.282172	-0.232453	0.150720	-0.990020	0.038671
0.960000	-0.583750	0.405058	-0.227812	0.150718	-0.990292	0.038349
0.980000	-0.569024	0.539318	-0.222011	0.150666	-0.990484	0.038003
1.000000	-0.552611	0.681934	-0.215208	0.150569	-0.990600	0.037641
1.020000	-0.534728	0.829885	-0.207565	0.150429	-0.990649	0.037268
1.040000	-0.515593	0.980153	-0.199241	0.150251	-0.990636	0.036892
1.060000	-0.495420	1.129717	-0.190396	0.150038	-0.990567	0.036520
1.080000	-0.474429	1.275557	-0.181191	0.149795	-0.990449	0.036157
1.100000	-0.452835	1.414654	-0.171786	0.149524	-0.990287	0.035811
1.120000	-0.430855	1.543989	-0.162341	0.149229	-0.990090	0.035488
1.140000	-0.408707	1.660541	-0.153016	0.148915	-0.989862	0.035196
1.160000	-0.386607	1.761290	-0.143971	0.148584	-0.989610	0.034941
1.180000	-0.364772	1.843218	-0.135367	0.148241	-0.989341	0.034729
1.200000	-0.343419	1.903305	-0.127363	0.147889	-0.989061	0.034567
1.220000	-0.322765	1.938529	-0.120120	0.147532	-0.988775	0.034463
1.240000	-0.303027	1.945875	-0.113798	0.147174	-0.988492	0.034423
1.260000	-0.284375	1.923761	-0.108495	0.146817	-0.988214	0.034449
1.280000	-0.266855	1.874630	-0.104138	0.146460	-0.987946	0.034533
1.300000	-0.250487	1.801628	-0.100622	0.146102	-0.987687	0.034664
1.320000	-0.235294	1.707898	-0.097845	0.145742	-0.987440	0.034832
1.340000	-0.221297	1.596584	-0.095701	0.145377	-0.987205	0.035027
1.360000	-0.208517	1.470831	-0.094088	0.145008	-0.986984	0.035238
1.380000	-0.196978	1.333781	-0.092901	0.144631	-0.986779	0.035455
1.400000	-0.186699	1.188580	-0.092037	0.144246	-0.986590	0.035667
1.420000	-0.177704	1.038371	-0.091392	0.143851	-0.986419	0.035863
1.440000	-0.170013	0.886298	-0.090862	0.143445	-0.986267	0.036033
1.460000	-0.163648	0.735506	-0.090343	0.143027	-0.986136	0.036167
1.480000	-0.158632	0.589138	-0.089732	0.142594	-0.986027	0.036254
1.500000	-0.154985	0.450338	-0.088924	0.142146	-0.985942	0.036284
1.520000	-0.152731	0.322250	-0.087816	0.141681	-0.985881	0.036245
1.540000	-0.151889	0.208018	-0.086304	0.141197	-0.985846	0.036129
1.560000	-0.152482	0.110787	-0.084284	0.140694	-0.985839	0.035923
1.580000	-0.154509	0.033180	-0.081675	0.140171	-0.985860	0.035622
1.600000	-0.157824	-0.025301	-0.078533	0.139638	-0.985912	0.035239
1.620000	-0.162230	-0.066314	-0.074966	0.139110	-0.985996	0.034797
1.640000	-0.167530	-0.091516	-0.071078	0.138599	-0.986114	0.034317
1.660000	-0.173527	-0.102567	-0.066978	0.138120	-0.986268	0.033821
1.680000	-0.180022	-0.101126	-0.062771	0.137686	-0.986460	0.033331
1.700000	-0.186820	-0.088852	-0.058566	0.137310	-0.986692	0.032870
1.720000	-0.193722	-0.067404	-0.054468	0.137008	-0.986965	0.032458
1.740000	-0.200530	-0.038440	-0.050584	0.136791	-0.987281	0.032120
1.760000	-0.207049	-0.003620	-0.047021	0.136674	-0.987642	0.031875
1.780000	-0.213079	0.035397	-0.043886	0.136671	-0.988050	0.031746
1.800000	-0.218424	0.076953	-0.041286	0.136794	-0.988507	0.031756
1.820000	-0.222887	0.119388	-0.039327	0.137059	-0.989014	0.031926
1.840000	-0.226270	0.161044	-0.038116	0.137478	-0.989573	0.032278
1.860000	-0.228375	0.200261	-0.037759	0.138066	-0.990187	0.032834
1.880000	-0.229006	0.235383	-0.038364	0.138835	-0.990856	0.033617
1.900000	-0.228103	0.265268	-0.039982	0.139791	-0.991578	0.034632
1.920000	-0.225921	0.289952	-0.042537	0.140917	-0.992338	0.035851
1.940000	-0.222757	0.309629	-0.045938	0.142194	-0.993120	0.037241
1.960000	-0.218908	0.324496	-0.050093	0.143602	-0.993907	0.038768
1.980000	-0.214672	0.334749	-0.054910	0.145124	-0.994682	0.040399
2.000000	-0.210345	0.340584	-0.060295	0.146740	-0.995430	0.042102
2.020000	-0.206226	0.342198	-0.066159	0.148430	-0.996135	0.043841
2.040000	-0.202611	0.339787	-0.072407	0.150176	-0.996779	0.045585
2.060000	-0.199797	0.333547	-0.078949	0.151959	-0.997346	0.047300
2.080000	-0.198083	0.323674	-0.085691	0.153758	-0.997821	0.048952
