0.000000	-0.620188	-2.504872	2.218158	0.262992	-0.623524	-0.334373
0.020000	-0.173599	-2.575898	2.019619	0.214448	-0.793874	-0.284651
0.040000	0.214577	-2.625444	1.836324	0.171127	-0.942862	-0.240300
0.060000	0.529014	-2.648867	1.673193	0.134070	-1.067172	-0.202103
0.080000	0.764599	-2.644905	1.531951	0.103593	-1.166030	-0.170280
0.100000	0.927081	-2.615902	1.410923	0.079245	-1.241367	-0.144448
0.120000	1.022736	-2.564377	1.308272	0.060537	-1.295243	-0.124197
0.140000	1.057840	-2.492847	1.222156	0.046981	-1.329721	-0.109116
0.160000	1.038671	-2.403830	1.150739	0.038087	-1.346862	-0.098793
0.180000	0.971503	-2.299845	1.092182	0.033366	-1.348728	-0.092818
0.200000	0.862613	-2.183409	1.044644	0.032330	-1.337379	-0.090780
0.220000	0.718277	-2.057040	1.006288	0.034489	-1.314878	-0.092267
0.240000	0.544772	-1.923258	0.975274	0.039355	-1.283286	-0.096870
0.260000	0.348374	-1.784578	0.949765	0.046437	-1.244664	-0.104176
0.280000	0.135358	-1.643520	0.927920	0.055249	-1.201074	-0.113775
0.300000	-0.087998	-1.502602	0.907902	0.065300	-1.154578	-0.125255
0.320000	-0.315419	-1.364341	0.887870	0.076101	-1.107237	-0.138207
0.340000	-0.540629	-1.231256	0.865987	0.087164	-1.061112	-0.152218
0.360000	-0.757350	-1.105865	0.840414	0.097999	-1.018265	-0.166878
0.380000	-0.959320	-0.990680	0.809316	0.108120	-0.980754	-0.181777
0.400000	-1.142219	-0.887250	0.771618	0.117201	-0.949864	-0.196591
0.420000	-1.305809	-0.795110	0.727838	0.125263	-0.925269	-0.211178
0.440000	-1.450363	-0.713536	0.678692	0.132372	-0.906438	-0.225419
0.460000	-1.576156	-0.641809	0.624900	0.138590	-0.892843	-0.239196
0.480000	-1.683463	-0.579207	0.567178	0.143983	-0.883952	-0.252391
0.500000	-1.772558	-0.525008	0.506244	0.148613	-0.879235	-0.264884
0.520000	-1.843717	-0.478491	0.442815	0.152546	-0.878162	-0.276557
0.540000	-1.897214	-0.438936	0.377610	0.155845	-0.880203	-0.287291
0.560000	-1.933322	-0.405620	0.311345	0.158574	-0.884828	-0.296968
0.580000	-1.952318	-0.377823	0.244739	0.160798	-0.891507	-0.305468
0.600000	-1.954475	-0.354823	0.178509	0.162581	-0.899708	-0.312674
0.620000	-1.940069	-0.335898	0.113372	0.163987	-0.908903	-0.318467
0.640000	-1.909373	-0.320328	0.050047	0.165079	-0.918561	-0.322727
0.660000	-1.862663	-0.307392	-0.010749	0.165922	-0.928152	-0.325337
0.680000	-1.800213	-0.296368	-0.068299	0.166581	-0.937146	-0.326177
0.700000	-1.722634	-0.286699	-0.122035	0.167105	-0.945154	-0.325202
0.720000	-1.631451	-0.278279	-0.171795	0.167512	-0.952175	-0.322566
0.740000	-1.528345	-0.271077	-0.217487	0.167809	-0.958272	-0.318454
0.760000	-1.414995	-0.265061	-0.259019	0.168006	-0.963510	-0.313055
0.780000	-1.293081	-0.260200	-0.296297	0.168114	-0.967951	-0.306554
0.800000	-1.164284	-0.256462	-0.329231	0.168141	-0.971659	-0.299139
0.820000	-1.030282	-0.253818	-0.357727	0.168096	-0.974699	-0.290996
0.840000	-0.892758	-0.252234	-0.381694	0.167990	-0.977132	-0.282313
0.860000	-0.753389	-0.251681	-0.401038	0.167832	-0.979024	-0.273275
0.880000	-0.613857	-0.252127	-0.415667	0.167630	-0.980438	-0.264070
0.900000	-0.475841	-0.253541	-0.425490	0.167395	-0.981437	-0.254885
0.920000	-0.341021	-0.255891	-0.430413	0.167136	-0.982086	-0.245907
0.940000	-0.211078	-0.259146	-0.430345	0.166862	-0.982446	-0.237322
0.960000	-0.087691	-0.263276	-0.425192	0.166583	-0.982583	-0.229317
0.980000	0.027460	-0.268248	-0.414863	0.166308	-0.982560	-0.222079
1.000000	0.132694	-0.274033	-0.399266	0.166047	-0.982440	-0.215795
1.020000	0.226520	-0.280577	-0.378403	0.165807	-0.982282	-0.210623
1.040000	0.308541	-0.287713	-0.352843	0.165589	-0.982110	-0.206546
1.060000	0.378758	-0.295230	-0.323357	0.165390	-0.981937	-0.203489
1.080000	0.437172	-0.302915	-0.290714	0.165207	-0.981776	-0.201375
1.100000	0.483783	-0.310559	-0.255686	0.165037	-0.981639	-0.200126
1.120000	0.518592	-0.317950	-0.219045	0.164876	-0.981540	-0.199665
1.140000	0.541601	-0.324876	-0.181560	0.164723	-0.981491	-0.199916
1.160000	0.552809	-0.331127	-0.144004	0.164574	-0.981505	-0.200801
1.180000	0.552219	-0.336491	-0.107146	0.164426	-0.981595	-0.202242
1.200000	0.539830	-0.340757	-0.071758	0.164276	-0.981773	-0.204164
1.220000	0.515643	-0.343713	-0.038612	0.164121	-0.982053	-0.206489
1.240000	0.479660	-0.345149	-0.008477	0.163959	-0.982448	-0.209140
