0.000000	0.248982	2.874357	-1.997207	0.289976	-1.736955	-0.714718
0.020000	0.230355	2.672189	-1.869412	0.290677	-1.363437	-0.721714
0.040000	0.183040	2.425981	-1.696043	0.287665	-0.932256	-0.723580
0.060000	0.112281	2.146636	-1.491477	0.281999	-0.462685	-0.721139
0.080000	0.023321	1.845057	-1.270094	0.274739	0.026002	-0.715217
0.100000	-0.078598	1.532147	-1.046272	0.266946	0.514533	-0.706639
0.120000	-0.188232	1.218809	-0.834389	0.259680	0.983635	-0.696230
0.140000	-0.300338	0.915947	-0.648823	0.254001	1.414034	-0.684815
0.160000	-0.409673	0.634462	-0.503954	0.250969	1.786459	-0.673219
0.180000	-0.511028	0.385194	-0.414066	0.251636	2.081763	-0.662264
0.200000	-0.601720	0.174273	-0.386613	0.256515	2.290011	-0.652419
0.220000	-0.683248	0.000030	-0.417736	0.265217	2.416532	-0.643579
0.240000	-0.757503	-0.139938	-0.502510	0.277270	2.468090	-0.635583
0.260000	-0.826377	-0.248033	-0.636010	0.292203	2.451449	-0.628271
0.280000	-0.891764	-0.326660	-0.813312	0.309544	2.373372	-0.621482
0.300000	-0.955554	-0.378219	-1.029490	0.328821	2.240625	-0.615056
0.320000	-1.019640	-0.405114	-1.279622	0.349562	2.059970	-0.608832
0.340000	-1.085914	-0.409749	-1.558781	0.371296	1.838172	-0.602649
0.360000	-1.156268	-0.394524	-1.862044	0.393551	1.581995	-0.596348
0.380000	-1.232595	-0.361845	-2.184486	0.415855	1.298203	-0.589766
0.400000	-1.316786	-0.314113	-2.521181	0.437736	0.993559	-0.582745
0.420000	-1.410734	-0.253731	-2.867207	0.458723	0.674829	-0.575123
0.440000	-1.516331	-0.183101	-3.217637	0.478344	0.348775	-0.566739
0.460000	-1.635468	-0.104628	-3.567547	0.496126	0.022162	-0.557434
0.480000	-1.770039	-0.020713	-3.912013	0.511598	-0.298247	-0.547046
0.500000	-1.921934	0.066241	-4.246110	0.524289	-0.605686	-0.535416
0.520000	-2.093047	0.153830	-4.564914	0.533727	-0.893393	-0.522382
0.540000	-2.285269	0.239653	-4.863500	0.539439	-1.154603	-0.507784
0.560000	-2.500493	0.321306	-5.136943	0.540955	-1.382552	-0.491461
0.580000	-2.740610	0.396386	-5.380319	0.537802	-1.570476	-0.473253
0.600000	-3.007513	0.462491	-5.588702	0.529508	-1.711612	-0.452999
0.620000	-3.303094	0.517217	-5.757170	0.515602	-1.799195	-0.430539
0.640000	-3.629245	0.558163	-5.880796	0.495612	-1.826461	-0.405712
0.660000	-3.987644	0.583017	-5.954871	0.469097	-1.786981	-0.378373
0.680000	-4.375205	0.591499	-5.979448	0.436316	-1.681739	-0.348725
0.700000	-4.784182	0.585322	-5.959243	0.398207	-1.518979	-0.317308
0.720000	-5.206632	0.566281	-5.899167	0.355740	-1.307251	-0.284679
0.740000	-5.634611	0.536170	-5.804134	0.309884	-1.055103	-0.251394
0.760000	-6.060176	0.496783	-5.679053	0.261607	-0.771085	-0.218008
0.780000	-6.475385	0.449917	-5.528839	0.211879	-0.463747	-0.185077
0.800000	-6.872295	0.397366	-5.358401	0.161668	-0.141636	-0.153158
0.820000	-7.242961	0.340924	-5.172653	0.111943	0.186698	-0.122806
0.840000	-7.579443	0.282388	-4.976505	0.063673	0.512705	-0.094577
0.860000	-7.873795	0.223550	-4.774871	0.017827	0.827838	-0.069026
