0.000000	6.474843	2.320590	0.148290	0.087220	0.128058	-0.267338
0.020000	5.513612	2.346828	0.301185	0.069698	0.135112	-0.272300
0.040000	4.621141	2.374798	0.445028	0.051017	0.141454	-0.277503
0.060000	3.830385	2.403743	0.572615	0.031554	0.146943	-0.282869
0.080000	3.174300	2.432905	0.676742	0.011684	0.151439	-0.288322
0.100000	2.685843	2.461526	0.750208	-0.008216	0.154803	-0.293783
0.120000	2.397969	2.488850	0.785807	-0.027772	0.156895	-0.299177
0.140000	2.342840	2.514140	0.776511	-0.046611	0.157578	-0.304425
0.160000	2.525016	2.537426	0.721317	-0.064456	0.156837	-0.309440
0.180000	2.914990	2.559684	0.626663	-0.081152	0.154804	-0.314120
0.200000	3.481153	2.581948	0.499447	-0.096550	0.151620	-0.318366
0.220000	4.191894	2.605252	0.346567	-0.110503	0.147428	-0.322074
0.240000	5.015602	2.630629	0.174921	-0.122863	0.142368	-0.325144
0.260000	5.920666	2.659114	-0.008594	-0.133480	0.136584	-0.327475
0.280000	6.875476	2.691739	-0.197080	-0.142208	0.130216	-0.328964
0.300000	7.848420	2.729540	-0.383640	-0.148897	0.123407	-0.329510
0.320000	8.807889	2.773550	-0.561376	-0.153399	0.116298	-0.329013
0.340000	9.722271	2.824803	-0.723389	-0.155566	0.109030	-0.327370
0.360000	10.559957	2.884332	-0.862783	-0.155251	0.101746	-0.324480
0.380000	11.289334	2.953172	-0.972659	-0.152304	0.094588	-0.320242
0.400000	11.878793	3.032357	-1.046120	-0.146577	0.087696	-0.314554
0.420000	12.296723	3.122919	-1.076269	-0.137923	0.081213	-0.307314
0.440000	12.511841	3.225869	-1.056289	-0.126197	0.075279	-0.298424
0.460000	12.513525	3.340590	-0.984519	-0.111506	0.069926	-0.287937
0.480000	12.323768	3.463909	-0.867435	-0.094353	0.065021	-0.276144
0.500000	11.967436	3.592425	-0.712231	-0.075276	0.060412	-0.263358
0.520000	11.469393	3.722738	-0.526100	-0.054813	0.055948	-0.249892
0.540000	10.854508	3.851447	-0.316234	-0.033502	0.051481	-0.236060
0.560000	10.147645	3.975151	-0.089827	-0.011882	0.046860	-0.222174
0.580000	9.373672	4.090451	0.145928	0.009510	0.041933	-0.208547
0.600000	8.557453	4.193946	0.383838	0.030136	0.036552	-0.195494
0.620000	7.723856	4.282235	0.616710	0.049457	0.030566	-0.183325
0.640000	6.897747	4.351918	0.837351	0.066935	0.023824	-0.172356
0.660000	6.103991	4.399594	1.038567	0.082033	0.016177	-0.162898
0.680000	5.367456	4.421864	1.213166	0.094212	0.007474	-0.155264
0.700000	4.713006	4.415326	1.353954	0.102934	-0.002435	-0.149769
0.720000	4.165509	4.376580	1.453738	0.107662	-0.013700	-0.146724
0.740000	3.749830	4.302226	1.505325	0.107856	-0.026472	-0.146443
0.760000	3.490833	4.188864	1.501523	0.102980	-0.040901	-0.149239
0.780000	3.404439	4.035133	1.437879	0.092753	-0.057016	-0.155272
0.800000	3.477767	3.846246	1.318769	0.077733	-0.074462	-0.164209
0.820000	3.692145	3.628734	1.150342	0.058642	-0.092802	-0.175619
0.840000	4.028901	3.389128	0.938746	0.036205	-0.111604	-0.189070
