0.000000	-1.156794	-1.175001	-0.068545	0.391313	2.033859	-0.870018
0.020000	-0.833766	-1.620325	0.078944	0.389738	1.991073	-0.899987
0.040000	-0.397906	-2.119074	0.235219	0.384143	1.874769	-0.919983
0.060000	0.135059	-2.658445	0.398407	0.375061	1.692713	-0.930642
0.080000	0.745961	-3.223689	0.566480	0.363155	1.454622	-0.932848
0.100000	1.415633	-3.800056	0.737408	0.349085	1.170211	-0.927485
0.120000	2.124907	-4.372797	0.909162	0.333516	0.849198	-0.915437
0.140000	2.854616	-4.927163	1.079713	0.317107	0.501300	-0.897588
0.160000	3.585592	-5.448405	1.247032	0.300522	0.136232	-0.874822
0.180000	4.298668	-5.921773	1.409089	0.284423	-0.236289	-0.848023
0.200000	4.974677	-6.332519	1.563857	0.269472	-0.606545	-0.818076
0.220000	5.594450	-6.665892	1.709305	0.256331	-0.964820	-0.785863
0.240000	6.138821	-6.907144	1.843405	0.245661	-1.301398	-0.752270
0.260000	6.588622	-7.041526	1.964127	0.238126	-1.606562	-0.718181
0.280000	6.924685	-7.054288	2.069443	0.234386	-1.870595	-0.684478
0.300000	7.130206	-6.932906	2.157501	0.235018	-2.084802	-0.651982
0.320000	7.207867	-6.683184	2.227908	0.239871	-2.248904	-0.620974
0.340000	7.169933	-6.319952	2.280990	0.248441	-2.366764	-0.591471
0.360000	7.028740	-5.858098	2.317077	0.260222	-2.442273	-0.563487
0.380000	6.796620	-5.312512	2.336502	0.274706	-2.479325	-0.537038
0.400000	6.485909	-4.698083	2.339593	0.291386	-2.481809	-0.512140
0.420000	6.108940	-4.029703	2.326683	0.309755	-2.453618	-0.488807
0.440000	5.678047	-3.322260	2.298102	0.329307	-2.398645	-0.467055
0.460000	5.205565	-2.590644	2.254181	0.349535	-2.320779	-0.446898
0.480000	4.703828	-1.849746	2.195251	0.369930	-2.223915	-0.428352
0.500000	4.185169	-1.114455	2.121643	0.389987	-2.111942	-0.411432
0.520000	3.661922	-0.399660	2.033686	0.409198	-1.988753	-0.396153
0.540000	3.146423	0.279748	1.931713	0.427057	-1.858240	-0.382530
0.560000	2.651005	0.908880	1.816055	0.443056	-1.724294	-0.370579
0.580000	2.188001	1.472846	1.687041	0.456689	-1.590807	-0.360315
0.600000	1.769747	1.956756	1.545002	0.467448	-1.461671	-0.351752
0.620000	1.408576	2.345720	1.390270	0.474826	-1.340778	-0.344907
0.640000	1.116822	2.624848	1.223176	0.478316	-1.232020	-0.339793
0.660000	0.905264	2.781352	1.044213	0.477483	-1.138895	-0.336411
0.680000	0.772044	2.819497	0.855201	0.472466	-1.061722	-0.334629
0.700000	0.709166	2.751836	0.658606	0.463684	-0.999269	-0.334255
0.720000	0.708593	2.590979	0.456896	0.451559	-0.950297	-0.335094
0.740000	0.762288	2.349534	0.252539	0.436511	-0.913565	-0.336952
0.760000	0.862213	2.040109	0.048004	0.418962	-0.887832	-0.339637
0.780000	1.000331	1.675314	-0.154240	0.399333	-0.871859	-0.342952
0.800000	1.168605	1.267756	-0.351724	0.378045	-0.864405	-0.346706
0.820000	1.358998	0.830045	-0.541979	0.355520	-0.864229	-0.350703
0.840000	1.563473	0.374789	-0.722537	0.332178	-0.870091	-0.354750
0.860000	1.773992	-0.085404	-0.890929	0.308441	-0.880751	-0.358653
0.880000	1.982518	-0.537924	-1.044686	0.284731	-0.894968	-0.362218
0.900000	2.181014	-0.970163	-1.181340	0.261467	-0.911503	-0.365251
0.920000	2.361443	-1.369512	-1.298422	0.239072	-0.929114	-0.367559
0.940000	2.515768	-1.723364	-1.393462	0.217966	-0.946561	-0.368946
0.960000	2.635951	-2.019108	-1.463993	0.198571	-0.962604	-0.369220
0.980000	2.714225	-2.244576	-1.507658	0.181296	-0.976038	-0.368194
1.000000	2.748558	-2.396933	-1.524505	0.166275	-0.986396	-0.365831
1.020000	2.742406	-2.482275	-1.516878	0.153383	-0.993921	-0.362238
1.040000	2.699444	-2.507053	-1.487215	0.142483	-0.998885	-0.357531
1.060000	2.623347	-2.477723	-1.437953	0.133439	-1.001557	-0.351821
1.080000	2.517791	-2.400737	-1.371530	0.126115	-1.002209	-0.345223
1.100000	2.386452	-2.282547	-1.290382	0.120374	-1.001111	-0.337850
1.120000	2.233004	-2.129609	-1.196947	0.116081	-0.998534	-0.329816
1.140000	2.061122	-1.948374	-1.093662	0.113099	-0.994750	-0.321235
1.160000	1.874483	-1.745296	-0.982964	0.111292	-0.990028	-0.312218
1.180000	1.676761	-1.526829	-0.867292	0.110522	-0.984640	-0.302882
1.200000	1.471633	-1.299425	-0.749081	0.110655	-0.978856	-0.293338
1.220000	1.262772	-1.069538	-0.630770	0.111554	-0.972947	-0.283700
1.240000	1.053856	-0.843621	-0.514795	0.113083	-0.967185	-0.274083
1.260000	0.848558	-0.628128	-0.403594	0.115104	-0.961839	-0.264599
1.280000	0.650554	-0.429511	-0.299604	0.117483	-0.957180	-0.255362
1.300000	0.463508	-0.254199	-0.205254	0.120083	-0.953479	-0.246486
1.320000	0.289696	-0.105946	-0.121955	0.122803	-0.950886	-0.238064
1.340000	0.128801	0.016506	-0.049223	0.125611	-0.949326	-0.230155
1.360000	-0.019777	0.114964	0.013641	0.128480	-0.948701	-0.222815
1.380000	-0.156642	0.191238	0.067332	0.131384	-0.948912	-0.216097
1.400000	-0.282395	0.247136	0.112546	0.134297	-0.949861	-0.210058
1.420000	-0.397638	0.284466	0.149979	0.137194	-0.951449	-0.204750
1.440000	-0.502973	0.305038	0.180328	0.140048	-0.953579	-0.200229
1.460000	-0.599003	0.310658	0.204288	0.142832	-0.956150	-0.196551
1.480000	-0.686329	0.303136	0.222557	0.145522	-0.959065	-0.193769
