0.000000	-0.468694	0.673480	-0.187689	0.138518	-0.991048	-0.194556
0.020000	-0.512585	0.631430	-0.189896	0.138695	-0.989951	-0.196549
0.040000	-0.550058	0.580512	-0.191898	0.139072	-0.988788	-0.198881
0.060000	-0.578752	0.522354	-0.193641	0.139685	-0.987597	-0.201531
0.080000	-0.596305	0.458587	-0.195069	0.140569	-0.986420	-0.204479
0.100000	-0.600354	0.390839	-0.196127	0.141759	-0.985295	-0.207702
0.120000	-0.588539	0.320739	-0.196760	0.143290	-0.984262	-0.211180
0.140000	-0.558498	0.249916	-0.196913	0.145197	-0.983361	-0.214891
0.160000	-0.507869	0.180000	-0.196531	0.147516	-0.982631	-0.218814
0.180000	-0.434290	0.112619	-0.195559	0.150281	-0.982113	-0.222927
0.200000	-0.335400	0.049403	-0.193942	0.153528	-0.981846	-0.227210
0.220000	-0.208837	-0.008020	-0.191625	0.157291	-0.981869	-0.231641
0.240000	-0.052781	-0.058135	-0.188564	0.161590	-0.982213	-0.236194
0.260000	0.129344	-0.100540	-0.184821	0.166284	-0.982803	-0.240816
0.280000	0.331176	-0.135456	-0.180519	0.171144	-0.983512	-0.245430
0.300000	0.546318	-0.163111	-0.175781	0.175938	-0.984208	-0.249965
0.320000	0.768376	-0.183733	-0.170729	0.180437	-0.984762	-0.254345
0.340000	0.990953	-0.197549	-0.165487	0.184410	-0.985043	-0.258497
0.360000	1.207655	-0.204788	-0.160178	0.187626	-0.984922	-0.262348
0.380000	1.412085	-0.205677	-0.154925	0.189855	-0.984268	-0.265822
0.400000	1.597849	-0.200444	-0.149850	0.190866	-0.982951	-0.268846
0.420000	1.758550	-0.189318	-0.145077	0.190429	-0.980841	-0.271347
0.440000	1.887794	-0.172525	-0.140729	0.188313	-0.977808	-0.273250
0.460000	1.979184	-0.150295	-0.136928	0.184287	-0.973721	-0.274482
