0.000000	-0.043852	0.210304	-0.110259	0.164962	-0.990745	-0.264448
0.020000	-0.055361	0.189891	-0.112483	0.164693	-0.990096	-0.265678
0.040000	-0.070099	0.169478	-0.114906	0.164339	-0.989637	-0.266751
0.060000	-0.088945	0.149413	-0.117444	0.163896	-0.989412	-0.267623
0.080000	-0.112777	0.130044	-0.120011	0.163364	-0.989460	-0.268249
0.100000	-0.142472	0.111720	-0.122523	0.162738	-0.989826	-0.268587
0.120000	-0.178363	0.094719	-0.124879	0.162024	-0.990526	-0.268615
0.140000	-0.219414	0.079142	-0.126934	0.161245	-0.991522	-0.268377
0.160000	-0.264374	0.065064	-0.128538	0.160428	-0.992765	-0.267923
0.180000	-0.311995	0.052559	-0.129542	0.159599	-0.994207	-0.267306
0.200000	-0.361027	0.041700	-0.129795	0.158784	-0.995798	-0.266577
0.220000	-0.410219	0.032562	-0.129147	0.158011	-0.997490	-0.265788
0.240000	-0.458322	0.025218	-0.127447	0.157304	-0.999235	-0.264990
0.260000	-0.504087	0.019744	-0.124546	0.156691	-1.000985	-0.264235
0.280000	-0.546263	0.016213	-0.120292	0.156198	-1.002689	-0.263575
0.300000	-0.583601	0.014698	-0.114537	0.155852	-1.004301	-0.263061
0.320000	-0.614851	0.015275	-0.107129	0.155678	-1.005771	-0.262746
0.340000	-0.638764	0.018017	-0.097919	0.155703	-1.007051	-0.262680
0.360000	-0.654089	0.022998	-0.086757	0.155954	-1.008092	-0.262915
0.380000	-0.659577	0.030292	-0.073491	0.156457	-1.008846	-0.263503
0.400000	-0.653978	0.039974	-0.057972	0.157238	-1.009263	-0.264496
0.420000	-0.636043	0.052117	-0.040050	0.158324	-1.009297	-0.265946
0.440000	-0.604918	0.066737	-0.019651	0.159730	-1.008908	-0.267888
0.460000	-0.561874	0.083535	0.002885	0.161414	-1.008120	-0.270279
0.480000	-0.508894	0.102108	0.027078	0.163315	-1.006975	-0.273047
0.500000	-0.447959	0.122053	0.052452	0.165370	-1.005516	-0.276122
0.520000	-0.381052	0.142965	0.078528	0.167518	-1.003786	-0.279432
0.540000	-0.310156	0.164440	0.104827	0.169698	-1.001828	-0.282907
0.560000	-0.237253	0.186076	0.130871	0.171848	-0.999684	-0.286474
0.580000	-0.164325	0.207469	0.156182	0.173906	-0.997397	-0.290063
0.600000	-0.093354	0.228214	0.180282	0.175811	-0.995010	-0.293602
0.620000	-0.026324	0.247909	0.202693	0.177500	-0.992565	-0.297021
0.640000	0.034785	0.266150	0.222936	0.178913	-0.990105	-0.300248
0.660000	0.087988	0.282532	0.240532	0.179988	-0.987673	-0.303212
0.680000	0.131305	0.296653	0.255004	0.180663	-0.985312	-0.305841
0.700000	0.162752	0.308108	0.265874	0.180876	-0.983064	-0.308066
0.720000	0.180347	0.316494	0.272663	0.180566	-0.980972	-0.309814
0.740000	0.182116	0.321410	0.274894	0.179672	-0.979078	-0.311014
0.760000	0.167258	0.322641	0.272362	0.178175	-0.977411	-0.311630
0.780000	0.137389	0.320365	0.265417	0.176145	-0.975968	-0.311697
0.800000	0.094423	0.314808	0.254479	0.173662	-0.974741	-0.311256
0.820000	0.040272	0.306194	0.239965	0.170808	-0.973725	-0.310352
0.840000	-0.023150	0.294750	0.222296	0.167664	-0.972913	-0.309025
0.860000	-0.093929	0.280701	0.201891	0.164309	-0.972298	-0.307321
0.880000	-0.170153	0.264272	0.179168	0.160825	-0.971874	-0.305281
0.900000	-0.249907	0.245688	0.154547	0.157293	-0.971634	-0.302948
0.920000	-0.331279	0.225175	0.128446	0.153793	-0.971571	-0.300365
