0.000000	-0.144092	-0.169378	-0.547467	0.158565	-0.991706	-0.226714
0.020000	-0.079994	-0.110538	-0.524842	0.161976	-0.990385	-0.223838
0.040000	-0.028014	-0.052010	-0.501468	0.165269	-0.989602	-0.221071
0.060000	0.010009	0.005133	-0.477633	0.168399	-0.989454	-0.218468
0.080000	0.032541	0.059911	-0.453598	0.171324	-0.990017	-0.216082
0.100000	0.040191	0.111993	-0.429435	0.174030	-0.991252	-0.213933
0.120000	0.034479	0.161323	-0.405139	0.176515	-0.993071	-0.212027
0.140000	0.016928	0.207849	-0.380700	0.178775	-0.995382	-0.210371
0.160000	-0.010938	0.251516	-0.356113	0.180806	-0.998096	-0.208970
0.180000	-0.047597	0.292270	-0.331369	0.182607	-1.001122	-0.207832
0.200000	-0.091525	0.330058	-0.306461	0.184173	-1.004372	-0.206961
0.220000	-0.141199	0.364827	-0.281382	0.185501	-1.007754	-0.206365
0.240000	-0.195096	0.396521	-0.256123	0.186588	-1.011179	-0.206050
0.260000	-0.251693	0.425087	-0.230679	0.187432	-1.014558	-0.206022
0.280000	-0.309466	0.450472	-0.205041	0.188028	-1.017800	-0.206286
0.300000	-0.366893	0.472622	-0.179201	0.188374	-1.020814	-0.206850
0.320000	-0.422450	0.491483	-0.153153	0.188467	-1.023513	-0.207719
0.340000	-0.474614	0.507001	-0.126889	0.188304	-1.025804	-0.208900
0.360000	-0.521862	0.519122	-0.100402	0.187880	-1.027599	-0.210399
0.380000	-0.562671	0.527793	-0.073683	0.187194	-1.028807	-0.212222
0.400000	-0.595517	0.532960	-0.046727	0.186242	-1.029339	-0.214376
0.420000	-0.618902	0.534572	-0.019528	0.185022	-1.029106	-0.216866
0.440000	-0.632249	0.532714	0.007778	0.183552	-1.028095	-0.219675
0.460000	-0.636170	0.527640	0.034874	0.181878	-1.026386	-0.222758
0.480000	-0.631353	0.519619	0.061433	0.180048	-1.024066	-0.226068
0.500000	-0.618489	0.508918	0.087129	0.178110	-1.021224	-0.229558
0.520000	-0.598265	0.495804	0.111635	0.176113	-1.017945	-0.233181
0.540000	-0.571372	0.480544	0.134622	0.174104	-1.014318	-0.236889
0.560000	-0.538499	0.463406	0.155764	0.172130	-1.010429	-0.240635
0.580000	-0.500335	0.444656	0.174733	0.170241	-1.006366	-0.244372
0.600000	-0.457569	0.424563	0.191203	0.168483	-1.002216	-0.248053
0.620000	-0.410890	0.403393	0.204845	0.166905	-0.998066	-0.251631
0.640000	-0.360988	0.381414	0.215333	0.165555	-0.994003	-0.255058
0.660000	-0.308552	0.358893	0.222340	0.164481	-0.990115	-0.258287
0.680000	-0.254271	0.336097	0.225538	0.163730	-0.986489	-0.261272
0.700000	-0.198834	0.313294	0.224600	0.163350	-0.983212	-0.263964
0.720000	-0.142930	0.290751	0.219202	0.163390	-0.980370	-0.266317
0.740000	-0.087212	0.268727	0.209292	0.163853	-0.978010	-0.268305
0.760000	-0.032270	0.247472	0.195258	0.164677	-0.976110	-0.269938
0.780000	0.021308	0.227232	0.177533	0.165790	-0.974644	-0.271226
0.800000	0.072936	0.208254	0.156550	0.167121	-0.973583	-0.272182
0.820000	0.122028	0.190786	0.132738	0.168601	-0.972900	-0.272817
0.840000	0.167998	0.175074	0.106532	0.170158	-0.972569	-0.273144
0.860000	0.210260	0.161366	0.078362	0.171722	-0.972560	-0.273175
0.880000	0.248227	0.149909	0.048660	0.173222	-0.972848	-0.272921
0.900000	0.281313	0.140949	0.017858	0.174588	-0.973404	-0.272395
0.920000	0.308932	0.134735	-0.013612	0.175749	-0.974202	-0.271608
0.940000	0.330497	0.131513	-0.045318	0.176634	-0.975213	-0.270572
0.960000	0.345423	0.131530	-0.076829	0.177173	-0.976411	-0.269300
0.980000	0.353122	0.135033	-0.107712	0.177295	-0.977768	-0.267803
