0.000000	-0.969952	-0.553823	0.196250	0.046890	-0.969418	-0.292812
0.020000	-0.898321	-0.509785	0.180007	0.046702	-0.967985	-0.296078
0.040000	-0.822615	-0.459095	0.162334	0.047095	-0.966686	-0.299299
0.060000	-0.743666	-0.403277	0.143258	0.048009	-0.965557	-0.302415
0.080000	-0.662307	-0.343854	0.122802	0.049382	-0.964634	-0.305369
0.100000	-0.579372	-0.282352	0.100994	0.051153	-0.963952	-0.308102
0.120000	-0.495693	-0.220292	0.077857	0.053262	-0.963547	-0.310555
0.140000	-0.412104	-0.159200	0.053418	0.055648	-0.963455	-0.312670
0.160000	-0.329437	-0.100598	0.027701	0.058249	-0.963711	-0.314388
0.180000	-0.248526	-0.046012	0.000731	0.061006	-0.964351	-0.315652
0.200000	-0.170203	0.003036	-0.027465	0.063857	-0.965411	-0.316402
0.220000	-0.095302	0.045022	-0.056864	0.066742	-0.966926	-0.316579
0.240000	-0.024656	0.078421	-0.087439	0.069599	-0.968932	-0.316127
0.260000	0.040902	0.101711	-0.119166	0.072367	-0.971465	-0.314985
0.280000	0.100580	0.113520	-0.152000	0.074991	-0.974553	-0.313102
0.300000	0.154040	0.114225	-0.185693	0.077457	-0.978154	-0.310501
0.320000	0.201231	0.105304	-0.219863	0.079780	-0.982175	-0.307249
0.340000	0.242110	0.088257	-0.254128	0.081977	-0.986526	-0.303418
0.360000	0.276631	0.064582	-0.288104	0.084064	-0.991115	-0.299076
0.380000	0.304750	0.035776	-0.321409	0.086057	-0.995851	-0.294294
0.400000	0.326420	0.003337	-0.353661	0.087971	-1.000643	-0.289140
0.420000	0.341599	-0.031236	-0.384476	0.089823	-1.005399	-0.283686
0.440000	0.350240	-0.066446	-0.413472	0.091629	-1.010028	-0.278000
0.460000	0.352299	-0.100794	-0.440266	0.093404	-1.014438	-0.272153
0.480000	0.347731	-0.132783	-0.464475	0.095165	-1.018539	-0.266213
0.500000	0.336491	-0.160914	-0.485716	0.096927	-1.022238	-0.260252
0.520000	0.318534	-0.183690	-0.503607	0.098707	-1.025445	-0.254338
0.540000	0.293815	-0.199613	-0.517764	0.100521	-1.028068	-0.248542
0.560000	0.262289	-0.207184	-0.527806	0.102384	-1.030015	-0.242933
0.580000	0.223912	-0.204905	-0.533348	0.104313	-1.031196	-0.237581
0.600000	0.178647	-0.191319	-0.534022	0.106322	-1.031522	-0.232554
0.620000	0.126772	-0.166333	-0.529898	0.108411	-1.030986	-0.227896
0.640000	0.068949	-0.131542	-0.521589	0.110554	-1.029687	-0.223613
0.660000	0.005864	-0.088648	-0.509744	0.112725	-1.027729	-0.219712
0.680000	-0.061795	-0.039349	-0.495012	0.114899	-1.025215	-0.216200
0.700000	-0.133342	0.014654	-0.478039	0.117050	-1.022250	-0.213083
0.720000	-0.208091	0.071662	-0.459474	0.119153	-1.018939	-0.210366
0.740000	-0.285355	0.129974	-0.439964	0.121181	-1.015384	-0.208056
0.760000	-0.364447	0.187891	-0.420159	0.123109	-1.011690	-0.206159
