0.000000	2.763458	-5.237735	-1.381226	-0.065705	-0.053581	-0.339107
0.020000	2.678077	-5.098434	-1.355176	-0.066977	-0.069292	-0.341511
0.040000	2.591718	-4.954247	-1.330009	-0.067890	-0.086710	-0.343982
0.060000	2.504649	-4.805660	-1.305690	-0.068449	-0.105728	-0.346501
0.080000	2.417142	-4.653160	-1.282180	-0.068659	-0.126240	-0.349049
0.100000	2.329465	-4.497233	-1.259444	-0.068525	-0.148140	-0.351607
0.120000	2.241888	-4.338366	-1.237443	-0.068053	-0.171320	-0.354157
0.140000	2.154681	-4.177043	-1.216142	-0.067246	-0.195674	-0.356680
0.160000	2.068114	-4.013752	-1.195502	-0.066111	-0.221096	-0.359156
0.180000	1.982455	-3.848978	-1.175488	-0.064651	-0.247480	-0.361568
0.200000	1.897975	-3.683208	-1.156062	-0.062873	-0.274717	-0.363896
0.220000	1.814943	-3.516928	-1.137186	-0.060780	-0.302703	-0.366121
0.240000	1.733630	-3.350623	-1.118825	-0.058378	-0.331330	-0.368224
0.260000	1.654304	-3.184780	-1.100941	-0.055672	-0.360493	-0.370187
0.280000	1.577235	-3.019886	-1.083498	-0.052666	-0.390083	-0.371991
0.300000	1.502693	-2.856426	-1.066457	-0.049367	-0.419995	-0.373617
0.320000	1.430948	-2.694886	-1.049783	-0.045777	-0.450123	-0.375047
0.340000	1.362269	-2.535752	-1.033438	-0.041904	-0.480359	-0.376260
0.360000	1.296926	-2.379512	-1.017386	-0.037751	-0.510598	-0.377240
0.380000	1.235188	-2.226650	-1.001588	-0.033323	-0.540732	-0.377965
0.400000	1.177326	-2.077653	-0.986010	-0.028625	-0.570655	-0.378419
0.420000	1.123608	-1.933007	-0.970612	-0.023663	-0.600261	-0.378582
0.440000	1.074305	-1.793198	-0.955359	-0.018442	-0.629442	-0.378435
0.460000	1.029686	-1.658712	-0.940213	-0.012965	-0.658093	-0.377960
0.480000	0.990020	-1.530036	-0.925138	-0.007239	-0.686107	-0.377137
0.500000	0.955579	-1.407655	-0.910097	-0.001268	-0.713378	-0.375947
0.520000	0.926630	-1.292056	-0.895051	0.004943	-0.739797	-0.374373
0.540000	0.903443	-1.183725	-0.879966	0.011389	-0.765261	-0.372395
0.560000	0.886290	-1.083148	-0.864803	0.018065	-0.789660	-0.369994
0.580000	0.875438	-0.990811	-0.849526	0.024967	-0.812890	-0.367151
0.600000	0.871157	-0.907200	-0.834097	0.032088	-0.834844	-0.363848
0.620000	0.873718	-0.832801	-0.818480	0.039424	-0.855414	-0.360066
0.640000	0.883390	-0.768101	-0.802637	0.046971	-0.874495	-0.355786
0.660000	0.900443	-0.713586	-0.786533	0.054723	-0.891980	-0.350989
0.680000	0.925146	-0.669741	-0.770129	0.062675	-0.907762	-0.345656
0.700000	0.957335	-0.636667	-0.753388	0.070809	-0.921777	-0.339791
0.720000	0.995363	-0.613146	-0.736266	0.079059	-0.934107	-0.333476
0.740000	1.037266	-0.597675	-0.718722	0.087347	-0.944863	-0.326808
0.760000	1.081080	-0.588755	-0.700711	0.095598	-0.954159	-0.319886
0.780000	1.124841	-0.584884	-0.682190	0.103735	-0.962106	-0.312807
0.800000	1.166584	-0.584561	-0.663115	0.111682	-0.968817	-0.305670
0.820000	1.204345	-0.586286	-0.643444	0.119363	-0.974403	-0.298573
0.840000	1.236160	-0.588556	-0.623134	0.126702	-0.978978	-0.291613
0.860000	1.260065	-0.589872	-0.602140	0.133621	-0.982653	-0.284889
0.880000	1.274095	-0.588731	-0.580419	0.140045	-0.985541	-0.278498
0.900000	1.276287	-0.583633	-0.557928	0.145897	-0.987754	-0.272540
0.920000	1.264676	-0.573078	-0.534624	0.151102	-0.989404	-0.267110
0.940000	1.237297	-0.555563	-0.510463	0.155582	-0.990604	-0.262309
0.960000	1.192188	-0.529589	-0.485403	0.159262	-0.991465	-0.258233
0.980000	1.127383	-0.493653	-0.459399	0.162064	-0.992101	-0.254981
1.000000	1.040971	-0.446290	-0.432413	0.163915	-0.992622	-0.252648
1.020000	0.933345	-0.387537	-0.404619	0.164818	-0.993082	-0.251260
1.040000	0.808068	-0.319506	-0.376484	0.164882	-0.993455	-0.250738
1.060000	0.668933	-0.244456	-0.348494	0.164226	-0.993711	-0.250999
1.080000	0.519733	-0.164647	-0.321138	0.162967	-0.993818	-0.251960
1.100000	0.364260	-0.082339	-0.294902	0.161223	-0.993747	-0.253535
1.120000	0.206307	0.000209	-0.270274	0.159111	-0.993465	-0.255642
1.140000	0.049667	0.080735	-0.247741	0.156750	-0.992943	-0.258196
1.160000	-0.101867	0.156981	-0.227791	0.154257	-0.992148	-0.261113
1.180000	-0.244502	0.226686	-0.210911	0.151750	-0.991051	-0.264310
1.200000	-0.374446	0.287591	-0.197589	0.149347	-0.989620	-0.267703
1.220000	-0.487907	0.337436	-0.188311	0.147165	-0.987824	-0.271207
1.240000	-0.581090	0.373960	-0.183566	0.145322	-0.985633	-0.274739
1.260000	-0.650204	0.394903	-0.183841	0.143936	-0.983015	-0.278215
1.280000	-0.691455	0.398006	-0.189622	0.143125	-0.979940	-0.281551
1.300000	-0.701823	0.381522	-0.201257	0.142986	-0.976390	-0.284670
1.320000	-0.682915	0.346779	-0.218249	0.143498	-0.972429	-0.287539
