0.000000	-0.766288	-0.444875	0.110494	0.154938	-0.901104	-0.288027
0.020000	-0.781001	-0.491906	0.136533	0.153079	-0.904981	-0.285342
0.040000	-0.779970	-0.522362	0.157453	0.150276	-0.913748	-0.281806
0.060000	-0.760234	-0.534058	0.171850	0.146424	-0.928053	-0.277344
0.080000	-0.718832	-0.524806	0.178318	0.141418	-0.948545	-0.271883
0.100000	-0.652805	-0.492420	0.175451	0.135155	-0.975874	-0.265347
0.120000	-0.559256	-0.434752	0.161871	0.127533	-1.010666	-0.257664
0.140000	-0.438831	-0.351834	0.137582	0.118651	-1.052442	-0.248907
0.160000	-0.297398	-0.246913	0.104629	0.108903	-1.099085	-0.239357
0.180000	-0.141246	-0.123494	0.065222	0.098706	-1.148345	-0.229315
0.200000	0.023337	0.014917	0.021573	0.088476	-1.197975	-0.219081
0.220000	0.190061	0.164815	-0.024110	0.078631	-1.245726	-0.208953
0.240000	0.352637	0.322695	-0.069616	0.069588	-1.289348	-0.199233
0.260000	0.504776	0.485052	-0.112733	0.061765	-1.326594	-0.190218
0.280000	0.640189	0.648379	-0.151253	0.055577	-1.355215	-0.182211
0.300000	0.752587	0.809172	-0.182965	0.051443	-1.372962	-0.175509
0.320000	0.835682	0.963925	-0.205659	0.049779	-1.377586	-0.170413
0.340000	0.883184	1.109133	-0.217124	0.051003	-1.366839	-0.167223
0.360000	0.888804	1.241290	-0.215150	0.055531	-1.338472	-0.166239
0.380000	0.846253	1.356891	-0.197527	0.063781	-1.290237	-0.167759
0.400000	0.749242	1.452430	-0.162045	0.076170	-1.219885	-0.172084
0.420000	0.591482	1.524403	-0.106493	0.093115	-1.125167	-0.179515
0.440000	0.367660	1.569513	-0.028914	0.114973	-1.004127	-0.190324
0.460000	0.083354	1.586809	0.069832	0.141435	-0.858065	-0.204508
0.480000	-0.249042	1.576803	0.187121	0.171776	-0.690323	-0.221889
0.500000	-0.617030	1.540033	0.320300	0.205262	-0.504272	-0.242283
0.520000	-1.008112	1.477035	0.466718	0.241161	-0.303283	-0.265510
0.540000	-1.409788	1.388344	0.623724	0.278740	-0.090729	-0.291388
0.560000	-1.809561	1.274497	0.788665	0.317267	0.130019	-0.319734
0.580000	-2.194931	1.136031	0.958892	0.356010	0.355589	-0.350367
0.600000	-2.553400	0.973481	1.131751	0.394235	0.582609	-0.383105
0.620000	-2.872469	0.787384	1.304592	0.431211	0.807708	-0.417766
0.640000	-3.139640	0.578277	1.474762	0.466204	1.027514	-0.454170
0.660000	-3.342415	0.346696	1.639611	0.498482	1.238656	-0.492132
0.680000	-3.468295	0.093176	1.796486	0.527313	1.437761	-0.531473
0.700000	-3.504780	-0.181746	1.942737	0.551964	1.621458	-0.572010
0.720000	-3.439374	-0.477533	2.075711	0.571702	1.786375	-0.613562
0.740000	-3.259576	-0.793649	2.192757	0.585795	1.929141	-0.655946
0.760000	-2.953310	-1.129477	2.291284	0.593530	2.046457	-0.698979
