0.000000	-0.833292	-0.854568	-0.506649	0.094045	-0.987040	-0.206731
0.020000	-0.954097	-0.834108	-0.534080	0.092850	-0.986208	-0.207193
0.040000	-1.064439	-0.803707	-0.555770	0.092222	-0.985777	-0.207739
0.060000	-1.162320	-0.762705	-0.570895	0.092227	-0.985796	-0.208390
0.080000	-1.246027	-0.710632	-0.578772	0.092916	-0.986306	-0.209163
0.100000	-1.315648	-0.648211	-0.579610	0.094247	-0.987284	-0.210037
0.120000	-1.371969	-0.576628	-0.573958	0.096142	-0.988681	-0.210976
0.140000	-1.415775	-0.497070	-0.562368	0.098525	-0.990448	-0.211948
0.160000	-1.447852	-0.410723	-0.545392	0.101317	-0.992538	-0.212915
0.180000	-1.468985	-0.318772	-0.523582	0.104441	-0.994900	-0.213844
0.200000	-1.479960	-0.222405	-0.497488	0.107818	-0.997488	-0.214700
0.220000	-1.481563	-0.122808	-0.467661	0.111372	-1.000252	-0.215447
0.240000	-1.474579	-0.021167	-0.434655	0.115024	-1.003143	-0.216051
0.260000	-1.459795	0.081331	-0.399019	0.118698	-1.006113	-0.216478
0.280000	-1.437996	0.183501	-0.361306	0.122314	-1.009114	-0.216691
0.300000	-1.409967	0.284156	-0.322067	0.125796	-1.012097	-0.216657
0.320000	-1.376494	0.382109	-0.281853	0.129066	-1.015014	-0.216341
0.340000	-1.338364	0.476174	-0.241216	0.132047	-1.017815	-0.215707
0.360000	-1.296361	0.565165	-0.200707	0.134659	-1.020452	-0.214720
0.380000	-1.251273	0.647897	-0.160878	0.136827	-1.022878	-0.213347
0.400000	-1.203910	0.723445	-0.122190	0.138503	-1.025053	-0.211578
0.420000	-1.155151	0.791504	-0.084892	0.139714	-1.026968	-0.209464
0.440000	-1.105881	0.851857	-0.049205	0.140497	-1.028614	-0.207067
0.460000	-1.056987	0.904289	-0.015346	0.140891	-1.029984	-0.204448
0.480000	-1.009355	0.948584	0.016464	0.140931	-1.031071	-0.201666
0.500000	-0.963871	0.984525	0.046007	0.140656	-1.031867	-0.198784
0.520000	-0.921420	1.011897	0.073063	0.140102	-1.032364	-0.195861
0.540000	-0.882890	1.030482	0.097413	0.139308	-1.032556	-0.192958
0.560000	-0.849166	1.040066	0.118839	0.138310	-1.032434	-0.190136
0.580000	-0.821135	1.040431	0.137120	0.137146	-1.031991	-0.187456
0.600000	-0.799681	1.031363	0.152038	0.135853	-1.031220	-0.184979
0.620000	-0.785693	1.012644	0.163374	0.134468	-1.030113	-0.182764
0.640000	-0.780056	0.984058	0.170909	0.133030	-1.028663	-0.180874
0.660000	-0.783655	0.945390	0.174423	0.131574	-1.026861	-0.179368
0.680000	-0.797377	0.896424	0.173697	0.130139	-1.024702	-0.178308
0.700000	-0.822109	0.836942	0.168512	0.128762	-1.022177	-0.177754
0.720000	-0.858273	0.766998	0.158757	0.127476	-1.019291	-0.177752
0.740000	-0.903978	0.687987	0.144852	0.126298	-1.016118	-0.178274
0.760000	-0.956607	0.601724	0.127390	0.125239	-1.012749	-0.179268
