0.000000	-6.475453	2.384596	0.714155	-0.633448	-1.636375	-0.521111
0.020000	-6.421463	2.193066	0.715532	-0.633431	-1.640208	-0.513543
0.040000	-6.342052	1.982206	0.718191	-0.624591	-1.644350	-0.506241
0.060000	-6.238069	1.752794	0.722883	-0.606464	-1.648815	-0.499379
0.080000	-6.114421	1.508722	0.729912	-0.580173	-1.653577	-0.492998
0.100000	-5.976590	1.254320	0.739523	-0.547065	-1.658600	-0.487119
0.120000	-5.830056	0.993923	0.751957	-0.508489	-1.663850	-0.481766
0.140000	-5.680301	0.731860	0.767458	-0.465792	-1.669291	-0.476959
0.160000	-5.532806	0.472466	0.786267	-0.420321	-1.674890	-0.472723
0.180000	-5.393052	0.220071	0.808628	-0.373425	-1.680612	-0.469078
0.200000	-5.266520	-0.020991	0.834784	-0.326450	-1.686422	-0.466047
0.220000	-5.158693	-0.246389	0.864976	-0.280745	-1.692286	-0.463652
0.240000	-5.075050	-0.451791	0.899448	-0.237657	-1.698169	-0.461915
0.260000	-5.021074	-0.632864	0.938442	-0.198533	-1.704035	-0.460859
0.280000	-5.002245	-0.785277	0.982201	-0.164723	-1.709852	-0.460505
0.300000	-5.024045	-0.904696	1.030967	-0.137572	-1.715584	-0.460876
0.320000	-5.091955	-0.986791	1.084984	-0.118428	-1.721196	-0.461995
0.340000	-5.211457	-1.027228	1.144494	-0.108640	-1.726653	-0.463882
0.360000	-5.387641	-1.021878	1.209671	-0.109493	-1.731921	-0.466559
0.380000	-5.617126	-0.971008	1.279211	-0.120920	-1.736934	-0.469994
0.400000	-5.888331	-0.879139	1.350376	-0.141544	-1.741600	-0.474108
0.420000	-6.189338	-0.750967	1.420373	-0.169937	-1.745824	-0.478820
0.440000	-6.508228	-0.591188	1.486406	-0.204669	-1.749515	-0.484049
0.460000	-6.833085	-0.404499	1.545678	-0.244310	-1.752577	-0.489713
0.480000	-7.151989	-0.195595	1.595396	-0.287432	-1.754917	-0.495730
0.500000	-7.453024	0.030827	1.632763	-0.332604	-1.756442	-0.502019
0.520000	-7.724270	0.270070	1.654985	-0.378397	-1.757059	-0.508500
0.540000	-7.953812	0.517440	1.659267	-0.423382	-1.756673	-0.515090
0.560000	-8.129729	0.768240	1.642812	-0.466130	-1.755190	-0.521708
0.580000	-8.240105	1.017774	1.602826	-0.505210	-1.752519	-0.528273
0.600000	-8.273021	1.261345	1.536513	-0.539193	-1.748563	-0.534703
0.620000	-8.216560	1.494257	1.441078	-0.566650	-1.743231	-0.540917
0.640000	-8.058804	1.711815	1.313726	-0.586152	-1.736429	-0.546834
0.660000	-7.787834	1.909323	1.151662	-0.596268	-1.728062	-0.552372
0.680000	-7.394611	2.082608	0.952909	-0.595835	-1.718052	-0.557445
0.700000	-6.888889	2.230932	0.720838	-0.585415	-1.706410	-0.561939
0.720000	-6.287965	2.354931	0.460965	-0.566266	-1.693185	-0.565727
0.740000	-5.609160	2.455246	0.178813	-0.539646	-1.678425	-0.568682
0.760000	-4.869790	2.532518	-0.120093	-0.506814	-1.662181	-0.570678
0.780000	-4.087176	2.587386	-0.430233	-0.469030	-1.644499	-0.571587
0.800000	-3.278635	2.620492	-0.746083	-0.427553	-1.625430	-0.571284
0.820000	-2.461487	2.632477	-1.062121	-0.383641	-1.605023	-0.569642
0.840000	-1.653049	2.623980	-1.372822	-0.338553	-1.583324	-0.566534
0.860000	-0.870641	2.595643	-1.672666	-0.293549	-1.560385	-0.561833
0.880000	-0.131581	2.548107	-1.956128	-0.249887	-1.536253	-0.555413
0.900000	0.546812	2.482011	-2.217687	-0.208827	-1.510977	-0.547147
0.920000	1.147220	2.397997	-2.451819	-0.171626	-1.484607	-0.536908
0.940000	1.652324	2.296705	-2.653001	-0.139545	-1.457190	-0.524570
0.960000	2.044805	2.178776	-2.815711	-0.113843	-1.428776	-0.510007
0.980000	2.307344	2.044850	-2.934426	-0.095777	-1.399414	-0.493091
1.000000	2.423768	1.895659	-3.004015	-0.086530	-1.369162	-0.473718
1.020000	2.396077	1.733371	-3.025581	-0.086047	-1.338251	-0.452131
1.040000	2.240824	1.561305	-3.005219	-0.093285	-1.307043	-0.428850
1.060000	1.974970	1.382812	-2.949160	-0.107172	-1.275907	-0.404404
1.080000	1.615478	1.201245	-2.863638	-0.126637	-1.245212	-0.379322
1.100000	1.179307	1.019954	-2.754887	-0.150608	-1.215325	-0.354132
1.120000	0.683421	0.842292	-2.629140	-0.178016	-1.186615	-0.329363
1.140000	0.144779	0.671608	-2.492631	-0.207787	-1.159449	-0.305544
1.160000	-0.419657	0.511256	-2.351593	-0.238851	-1.134196	-0.283203
1.180000	-0.992925	0.364586	-2.212258	-0.270137	-1.111224	-0.262869
1.200000	-1.558064	0.234950	-2.080862	-0.300573	-1.090901	-0.245071
1.220000	-2.098112	0.125700	-1.963636	-0.329089	-1.073594	-0.230337
1.240000	-2.596109	0.040186	-1.866814	-0.354612	-1.059673	-0.219196
1.260000	-3.035093	-0.018240	-1.796630	-0.376072	-1.049505	-0.212177
1.280000	-3.398103	-0.046226	-1.759318	-0.392397	-1.043459	-0.209809
1.300000	-3.668177	-0.040420	-1.761109	-0.402516	-1.041901	-0.212619
1.320000	-3.831741	0.001549	-1.806609	-0.405604	-1.045081	-0.220970
1.340000	-3.892912	0.076943	-1.891917	-0.402122	-1.052614	-0.234348
1.360000	-3.861560	0.181361	-2.010363	-0.392950	-1.063910	-0.251955
1.380000	-3.747558	0.310400	-2.155276	-0.378969	-1.078380	-0.272995
1.400000	-3.560780	0.459658	-2.319986	-0.361057	-1.095436	-0.296669
1.420000	-3.311101	0.624732	-2.497823	-0.340096	-1.114487	-0.322179
1.440000	-3.008393	0.801219	-2.682116	-0.316965	-1.134945	-0.348729
1.460000	-2.662531	0.984718	-2.866195	-0.292543	-1.156220	-0.375520
1.480000	-2.283387	1.170826	-3.043389	-0.267712	-1.177722	-0.401755
1.500000	-1.880837	1.355141	-3.207027	-0.243351	-1.198864	-0.426636
1.520000	-1.464753	1.533259	-3.350440	-0.220340	-1.219054	-0.449365
1.540000	-1.045010	1.700778	-3.466956	-0.199558	-1.237705	-0.469145
1.560000	-0.631480	1.853297	-3.549905	-0.181887	-1.254226	-0.485178
1.580000	-0.234038	1.986412	-3.592617	-0.168206	-1.268029	-0.496667
1.600000	0.137442	2.095721	-3.588421	-0.159395	-1.278524	-0.502814
1.620000	0.473118	2.176841	-3.530679	-0.156330	-1.285124	-0.502824
1.640000	0.767371	2.227942	-3.417101	-0.159365	-1.287524	-0.496412
1.660000	1.023056	2.252319	-3.254126	-0.167805	-1.285989	-0.484311
1.680000	1.244043	2.253884	-3.049237	-0.180830	-1.280851	-0.467375
1.700000	1.434201	2.236544	-2.809916	-0.197621	-1.272441	-0.446460
1.720000	1.597400	2.204210	-2.543645	-0.217357	-1.261091	-0.422420
1.740000	1.737510	2.160789	-2.257908	-0.239218	-1.247133	-0.396111
1.760000	1.858398	2.110192	-1.960187	-0.262384	-1.230899	-0.368386
1.780000	1.963935	2.056328	-1.657963	-0.286036	-1.212721	-0.340101
1.800000	2.057990	2.003106	-1.358719	-0.309353	-1.192930	-0.312110
1.820000	2.144432	1.954434	-1.069939	-0.331516	-1.171859	-0.285269
1.840000	2.227131	1.914223	-0.799103	-0.351704	-1.149839	-0.260432
1.860000	2.309955	1.886381	-0.553695	-0.369097	-1.127202	-0.238454
1.880000	2.396775	1.874818	-0.341197	-0.382876	-1.104280	-0.220190
1.900000	2.491460	1.883443	-0.169092	-0.392220	-1.081404	-0.206495
1.920000	2.597878	1.916165	-0.044862	-0.396310	-1.058908	-0.198223
1.940000	2.719685	1.976634	0.024399	-0.394372	-1.037111	-0.196180
1.960000	2.856832	2.064005	0.038294	-0.386460	-1.016156	-0.200323
1.980000	3.006139	2.173643	0.002083	-0.373321	-0.996031	-0.209889
2.000000	3.164329	2.300791	-0.078795	-0.355725	-0.976720	-0.224095
2.020000	3.328126	2.440691	-0.198902	-0.334442	-0.958207	-0.242157
2.040000	3.494252	2.588589	-0.352798	-0.310242	-0.940477	-0.263290
2.060000	3.659431	2.739727	-0.535047	-0.283894	-0.923514	-0.286710
2.080000	3.820386	2.889350	-0.740208	-0.256169	-0.907301	-0.311633
2.100000	3.973840	3.032700	-0.962844	-0.227836	-0.891823	-0.337276
2.120000	4.116515	3.165021	-1.197517	-0.199666	-0.877065	-0.362854
2.140000	4.245136	3.281557	-1.438787	-0.172428	-0.863010	-0.387583
2.160000	4.356424	3.377552	-1.681217	-0.146893	-0.849642	-0.410679
2.180000	4.447103	3.448250	-1.919368	-0.123829	-0.836946	-0.431357
2.200000	4.513897	3.488893	-2.147801	-0.104007	-0.824905	-0.448835
2.220000	4.553527	3.494725	-2.361078	-0.088198	-0.813505	-0.462327
2.240000	4.562718	3.460990	-2.553760	-0.077170	-0.802728	-0.471050
2.260000	4.538231	3.382992	-2.720446	-0.071686	-0.792560	-0.474227
2.280000	4.479628	3.260272	-2.858249	-0.072001	-0.783014	-0.471602
2.300000	4.391080	3.099353	-2.968437	-0.077527	-0.774153	-0.463777
2.320000	4.277188	2.907410	-3.052663	-0.087602	-0.766043	-0.451435
2.340000	4.142554	2.691617	-3.112579	-0.101560	-0.758750	-0.435258
2.360000	3.991779	2.459151	-3.149838	-0.118738	-0.752342	-0.415928
2.380000	3.829465	2.217184	-3.166093	-0.138472	-0.746885	-0.394128
2.400000	3.660212	1.972892	-3.162997	-0.160097	-0.742445	-0.370540
2.420000	3.488623	1.733450	-3.142203	-0.182950	-0.739089	-0.345847
2.440000	3.319298	1.506032	-3.105364	-0.206366	-0.736883	-0.320730
2.460000	3.156840	1.297813	-3.054133	-0.229682	-0.735895	-0.295872
2.480000	3.005848	1.115968	-2.990162	-0.252233	-0.736191	-0.271956
2.500000	2.870926	0.967671	-2.915105	-0.273355	-0.737836	-0.249663
2.520000	2.756673	0.860098	-2.830615	-0.292384	-0.740899	-0.229677
2.540000	2.667692	0.800422	-2.738344	-0.308657	-0.745446	-0.212679
2.560000	2.608584	0.795819	-2.639945	-0.321508	-0.751542	-0.199351
2.580000	2.583476	0.852823	-2.537076	-0.330325	-0.759243	-0.190328
2.600000	2.590359	0.969671	-2.431435	-0.335155	-0.768437	-0.185611
2.620000	2.622941	1.138812	-2.324757	-0.336505	-0.778899	-0.184758
2.640000	2.674841	1.352574	-2.218772	-0.334891	-0.790400	-0.187322
2.660000	2.739679	1.603288	-2.115215	-0.330832	-0.802714	-0.192852
2.680000	2.811077	1.883283	-2.015817	-0.324842	-0.815611	-0.200900
2.700000	2.882653	2.184888	-1.922312	-0.317440	-0.828865	-0.211017
2.720000	2.948028	2.500434	-1.836431	-0.309143	-0.842247	-0.222752
2.740000	3.000823	2.822250	-1.759908	-0.300466	-0.855529	-0.235658
2.760000	3.034656	3.142664	-1.694475	-0.291926	-0.868483	-0.249284
2.780000	3.043149	3.454008	-1.641865	-0.284042	-0.880882	-0.263182
2.800000	3.019921	3.748611	-1.603811	-0.277328	-0.892498	-0.276902
