0.000000	0.498776	-2.860943	0.206614	-0.056626	-1.437154	-0.143190
0.020000	0.704703	-2.849402	0.155887	-0.070916	-1.439739	-0.143256
0.040000	0.921015	-2.773507	0.120967	-0.083294	-1.440805	-0.146241
0.060000	1.146266	-2.625515	0.105846	-0.093346	-1.440200	-0.152430
0.080000	1.378640	-2.402723	0.112860	-0.100843	-1.437864	-0.161912
0.100000	1.615417	-2.114598	0.140345	-0.106009	-1.433940	-0.174298
0.120000	1.853748	-1.772404	0.186043	-0.109132	-1.428604	-0.189129
0.140000	2.090783	-1.387406	0.247698	-0.110502	-1.422031	-0.205946
0.160000	2.323671	-0.970869	0.323056	-0.110407	-1.414396	-0.224292
0.180000	2.549560	-0.534057	0.409858	-0.109138	-1.405875	-0.243707
0.200000	2.765602	-0.088234	0.505849	-0.106982	-1.396642	-0.263732
0.220000	2.968945	0.355336	0.608774	-0.104230	-1.386874	-0.283910
0.240000	3.156739	0.785387	0.716375	-0.101170	-1.376745	-0.303781
0.260000	3.326133	1.190655	0.826396	-0.098091	-1.366430	-0.322887
0.280000	3.474278	1.559876	0.936582	-0.095283	-1.356106	-0.340768
0.300000	3.598321	1.881786	1.044676	-0.093034	-1.345946	-0.356968
0.320000	3.695414	2.145119	1.148422	-0.091635	-1.336127	-0.371026
0.340000	3.762705	2.338612	1.245563	-0.091373	-1.326823	-0.382484
0.360000	3.797343	2.451000	1.333844	-0.092538	-1.318210	-0.390884
0.380000	3.796638	2.471455	1.411036	-0.095407	-1.310462	-0.395785
0.400000	3.761558	2.399249	1.475538	-0.099949	-1.303703	-0.397177
0.420000	3.696746	2.243784	1.526383	-0.105831	-1.298013	-0.395480
0.440000	3.607003	2.014906	1.562630	-0.112702	-1.293468	-0.391133
0.460000	3.497134	1.722458	1.583337	-0.120215	-1.290144	-0.384575
0.480000	3.371941	1.376287	1.587564	-0.128021	-1.288118	-0.376246
0.500000	3.236226	0.986236	1.574370	-0.135771	-1.287466	-0.366585
0.520000	3.094793	0.562150	1.542814	-0.143118	-1.288264	-0.356030
0.540000	2.952443	0.113875	1.491955	-0.149711	-1.290590	-0.345021
0.560000	2.813981	-0.348746	1.420852	-0.155204	-1.294519	-0.333996
0.580000	2.684208	-0.815866	1.328565	-0.159246	-1.300129	-0.323395
0.600000	2.567928	-1.277642	1.214152	-0.161490	-1.307494	-0.313658
0.620000	2.469943	-1.724227	1.076673	-0.161588	-1.316693	-0.305222
0.640000	2.395055	-2.145779	0.915187	-0.159189	-1.327800	-0.298527
0.660000	2.348069	-2.532451	0.728753	-0.153947	-1.340893	-0.294013
0.680000	2.333786	-2.874399	0.516430	-0.145512	-1.356049	-0.292118
0.700000	2.357009	-3.161778	0.277277	-0.133536	-1.373342	-0.293281
0.720000	2.421886	-3.385562	0.010779	-0.117719	-1.392827	-0.297898
0.740000	2.524894	-3.546334	-0.278578	-0.098335	-1.414280	-0.305846
0.760000	2.657531	-3.650907	-0.583065	-0.076032	-1.437296	-0.316666
0.780000	2.811208	-3.706204	-0.894897	-0.051463	-1.461470	-0.329896
0.800000	2.977339	-3.719146	-1.206292	-0.025280	-1.486394	-0.345072
0.820000	3.147335	-3.696654	-1.509463	0.001863	-1.511662	-0.361729
0.840000	3.312611	-3.645650	-1.796626	0.029312	-1.536867	-0.379404
0.860000	3.464578	-3.573055	-2.059998	0.056416	-1.561603	-0.397634
0.880000	3.594649	-3.485791	-2.291793	0.082519	-1.585464	-0.415954
0.900000	3.694236	-3.390778	-2.484228	0.106970	-1.608042	-0.433901
0.920000	3.754754	-3.294939	-2.629518	0.129116	-1.628931	-0.451011
0.940000	3.767613	-3.205195	-2.719878	0.148302	-1.647724	-0.466820
0.960000	3.724227	-3.128466	-2.747525	0.163876	-1.664015	-0.480865
0.980000	3.616009	-3.071675	-2.704673	0.175185	-1.677397	-0.492681
1.000000	3.434371	-3.041743	-2.583539	0.181575	-1.687464	-0.501806
1.020000	3.170726	-3.045591	-2.376338	0.182393	-1.693808	-0.507774
1.040000	2.819596	-3.087833	-2.078889	0.177207	-1.696160	-0.510247
1.060000	2.388284	-3.163596	-1.701823	0.166491	-1.694805	-0.509394
1.080000	1.887378	-3.265572	-1.259576	0.150951	-1.690172	-0.505514
1.100000	1.327464	-3.386451	-0.766583	0.131295	-1.682691	-0.498906
1.120000	0.719129	-3.518925	-0.237281	0.108230	-1.672792	-0.489872
1.140000	0.072960	-3.655684	0.313896	0.082463	-1.660904	-0.478710
1.160000	-0.600458	-3.789419	0.872512	0.054700	-1.647456	-0.465720
1.180000	-1.290537	-3.912822	1.424130	0.025649	-1.632878	-0.451202
1.200000	-1.986690	-4.018584	1.954316	-0.003983	-1.617600	-0.435456
1.220000	-2.678332	-4.099395	2.448633	-0.033490	-1.602050	-0.418782
1.240000	-3.354874	-4.147946	2.892647	-0.062164	-1.586658	-0.401478
1.260000	-4.005731	-4.156929	3.271921	-0.089298	-1.571853	-0.383846
1.280000	-4.620316	-4.119034	3.572019	-0.114186	-1.558066	-0.366185
1.300000	-5.188041	-4.026953	3.778507	-0.136120	-1.545725	-0.348795
1.320000	-5.698322	-3.873377	3.876948	-0.154393	-1.535260	-0.331975
1.340000	-6.140570	-3.650996	3.852908	-0.168299	-1.527100	-0.316025
1.360000	-6.505175	-3.353865	3.694098	-0.177213	-1.521616	-0.301220
1.380000	-6.791402	-2.988433	3.407778	-0.181273	-1.518640	-0.287607
1.400000	-7.003253	-2.567766	3.011636	-0.181017	-1.517718	-0.275112
1.420000	-7.144773	-2.104991	2.523457	-0.176992	-1.518393	-0.263657
1.440000	-7.220007	-1.613234	1.961027	-0.169741	-1.520208	-0.253169
1.460000	-7.233002	-1.105622	1.342130	-0.159809	-1.522706	-0.243570
1.480000	-7.187804	-0.595282	0.684554	-0.147741	-1.525430	-0.234786
1.500000	-7.088456	-0.095341	0.006083	-0.134082	-1.527923	-0.226740
1.520000	-6.939007	0.381074	-0.675497	-0.119376	-1.529728	-0.219357
1.540000	-6.743500	0.820837	-1.342401	-0.104167	-1.530388	-0.212561
1.560000	-6.505982	1.210820	-1.976842	-0.089001	-1.529446	-0.206276
1.580000	-6.230499	1.537897	-2.561036	-0.074421	-1.526445	-0.200427
1.600000	-5.921096	1.788941	-3.077196	-0.060974	-1.520928	-0.194937
1.620000	-5.581819	1.950824	-3.507538	-0.049202	-1.512438	-0.189732
1.640000	-5.216713	2.010421	-3.834276	-0.039651	-1.500519	-0.184734
1.660000	-4.829824	1.954605	-4.039625	-0.032865	-1.484712	-0.179869
1.680000	-4.425632	1.776680	-4.112542	-0.029205	-1.464771	-0.175088
1.700000	-4.010049	1.491214	-4.064287	-0.028425	-1.441143	-0.170431
1.720000	-3.589283	1.117173	-3.910728	-0.030151	-1.414419	-0.165958
1.740000	-3.169543	0.673519	-3.667730	-0.034012	-1.385189	-0.161727
1.760000	-2.757038	0.179215	-3.351162	-0.039634	-1.354043	-0.157798
1.780000	-2.357976	-0.346774	-2.976890	-0.046645	-1.321571	-0.154230
1.800000	-1.978566	-0.885486	-2.560780	-0.054673	-1.288365	-0.151082
1.820000	-1.625017	-1.417958	-2.118701	-0.063345	-1.255014	-0.148413
1.840000	-1.303537	-1.925225	-1.666518	-0.072289	-1.222109	-0.146282
1.860000	-1.020334	-2.388325	-1.220098	-0.081131	-1.190241	-0.144749
1.880000	-0.781618	-2.788295	-0.795310	-0.089501	-1.160000	-0.143872
1.900000	-0.593598	-3.106170	-0.408018	-0.097024	-1.131975	-0.143710
1.920000	-0.462480	-3.322987	-0.074091	-0.103328	-1.106758	-0.144323
1.940000	-0.394475	-3.419783	0.190605	-0.108042	-1.084940	-0.145770
1.960000	-0.395791	-3.377596	0.370203	-0.110792	-1.067110	-0.148110
1.980000	-0.469991	-3.183224	0.452990	-0.111296	-1.053687	-0.151372
2.000000	-0.609075	-2.848659	0.445413	-0.109660	-1.044337	-0.155454
2.020000	-0.801886	-2.392771	0.358875	-0.106097	-1.038523	-0.160217
2.040000	-1.037266	-1.834430	0.204780	-0.100823	-1.035706	-0.165524
2.060000	-1.304058	-1.192507	-0.005466	-0.094050	-1.035348	-0.171237
2.080000	-1.591104	-0.485872	-0.260459	-0.085992	-1.036910	-0.177218
2.100000	-1.887246	0.266605	-0.548796	-0.076863	-1.039855	-0.183328
2.120000	-2.181328	1.046053	-0.859071	-0.066877	-1.043642	-0.189430
2.140000	-2.462191	1.833602	-1.179880	-0.056246	-1.047735	-0.195386
2.160000	-2.718679	2.610382	-1.499819	-0.045186	-1.051594	-0.201057
2.180000	-2.939633	3.357523	-1.807483	-0.033909	-1.054682	-0.206306
2.200000	-3.113895	4.056153	-2.091467	-0.022629	-1.056460	-0.210994
2.220000	-3.230310	4.687403	-2.340369	-0.011561	-1.056389	-0.214984
2.240000	-3.277718	5.232402	-2.542782	-0.000917	-1.053932	-0.218138
2.260000	-3.244963	5.672280	-2.687302	0.009089	-1.048549	-0.220317
2.280000	-3.120989	5.988304	-2.762614	0.018243	-1.039708	-0.221385
2.300000	-2.902855	6.172542	-2.764395	0.026401	-1.027205	-0.221304
2.320000	-2.601487	6.235525	-2.700272	0.033530	-1.011411	-0.220203
2.340000	-2.229163	6.189591	-2.579041	0.039612	-0.992749	-0.218230
2.360000	-1.798167	6.047075	-2.409500	0.044627	-0.971644	-0.215531
2.380000	-1.320778	5.820314	-2.200444	0.048554	-0.948519	-0.212252
2.400000	-0.809277	5.521646	-1.960671	0.051375	-0.923798	-0.208542
2.420000	-0.275945	5.163407	-1.698977	0.053068	-0.897907	-0.204545
2.440000	0.266937	4.757934	-1.424159	0.053616	-0.871268	-0.200410
