0.000000	3.217518	-0.593695	-1.004781	-0.024762	-0.435875	-0.354699
0.020000	3.567105	-0.814351	-0.857002	-0.011692	-0.429757	-0.355839
0.040000	3.884253	-1.015629	-0.712406	0.000707	-0.424464	-0.356136
0.060000	4.157808	-1.189808	-0.575509	0.012195	-0.419829	-0.355577
0.080000	4.376617	-1.329168	-0.450827	0.022533	-0.415681	-0.354150
0.100000	4.529528	-1.425989	-0.342874	0.031481	-0.411852	-0.351844
0.120000	4.605388	-1.472552	-0.256166	0.038800	-0.408173	-0.348645
0.140000	4.593044	-1.461136	-0.195219	0.044251	-0.404474	-0.344543
0.160000	4.481377	-1.384044	-0.164537	0.047595	-0.400587	-0.339526
0.180000	4.266665	-1.238623	-0.166328	0.048729	-0.396418	-0.333636
0.200000	3.961931	-1.033638	-0.197599	0.047861	-0.392044	-0.327043
0.220000	3.582500	-0.779423	-0.254640	0.045240	-0.387568	-0.319931
0.240000	3.143698	-0.486312	-0.333745	0.041114	-0.383089	-0.312486
0.260000	2.660848	-0.164639	-0.431203	0.035733	-0.378710	-0.304894
0.280000	2.149275	0.175262	-0.543308	0.029346	-0.374530	-0.297339
0.300000	1.624305	0.523057	-0.666350	0.022202	-0.370652	-0.290007
0.320000	1.101261	0.868412	-0.796622	0.014550	-0.367176	-0.283084
0.340000	0.595469	1.200992	-0.930414	0.006640	-0.364203	-0.276755
0.360000	0.122253	1.510464	-1.064019	-0.001280	-0.361834	-0.271205
0.380000	-0.303061	1.786493	-1.193729	-0.008961	-0.360171	-0.266620
0.400000	-0.665150	2.018746	-1.315834	-0.016152	-0.359314	-0.263185
0.420000	-0.948688	2.196889	-1.426627	-0.022605	-0.359365	-0.261085
0.440000	-1.138351	2.310586	-1.522400	-0.028072	-0.360424	-0.260506
0.460000	-1.218814	2.349505	-1.599443	-0.032302	-0.362593	-0.261633
0.480000	-1.174751	2.303311	-1.654049	-0.035046	-0.365972	-0.264652
0.500000	-0.995489	2.164825	-1.683294	-0.036124	-0.370626	-0.269682
0.520000	-0.692554	1.941932	-1.687999	-0.035673	-0.376440	-0.276529
0.540000	-0.284093	1.647010	-1.670103	-0.033931	-0.383249	-0.284905
0.560000	0.211745	1.292436	-1.631544	-0.031133	-0.390885	-0.294522
0.580000	0.776810	0.890590	-1.574262	-0.027513	-0.399182	-0.305092
0.600000	1.392955	0.453850	-1.500195	-0.023308	-0.407973	-0.316328
0.620000	2.042031	-0.005407	-1.411281	-0.018754	-0.417091	-0.327942
0.640000	2.705888	-0.474802	-1.309460	-0.014085	-0.426370	-0.339645
0.660000	3.366379	-0.941956	-1.196670	-0.009538	-0.435643	-0.351151
0.680000	4.005354	-1.394492	-1.074851	-0.005347	-0.444744	-0.362170
0.700000	4.604665	-1.820031	-0.945939	-0.001749	-0.453505	-0.372415
0.720000	5.146162	-2.206195	-0.811876	0.001021	-0.461760	-0.381598
0.740000	5.611699	-2.540606	-0.674598	0.002728	-0.469343	-0.389432
0.760000	5.983125	-2.810886	-0.536046	0.003135	-0.476086	-0.395628
0.780000	6.242291	-3.004655	-0.398157	0.002008	-0.481823	-0.399899
0.800000	6.371050	-3.109537	-0.262870	-0.000889	-0.486388	-0.401956
0.820000	6.353189	-3.114431	-0.132035	-0.005762	-0.489632	-0.401546
0.840000	6.193413	-3.022061	-0.006530	-0.012479	-0.491611	-0.398779
0.860000	5.909209	-2.843594	0.113360	-0.020708	-0.492507	-0.393986
0.880000	5.518245	-2.590315	0.227356	-0.030112	-0.492501	-0.387506
0.900000	5.038188	-2.273513	0.335181	-0.040354	-0.491777	-0.379672
0.920000	4.486708	-1.904475	0.436558	-0.051096	-0.490515	-0.370821
0.940000	3.881473	-1.494487	0.531209	-0.062004	-0.488900	-0.361289
0.960000	3.240151	-1.054838	0.618857	-0.072739	-0.487112	-0.351412
0.980000	2.580410	-0.596814	0.699224	-0.082964	-0.485336	-0.341525
1.000000	1.919920	-0.131702	0.772032	-0.092344	-0.483752	-0.331965
1.020000	1.276348	0.329209	0.837006	-0.100542	-0.482543	-0.323067
1.040000	0.667362	0.774634	0.893866	-0.107220	-0.481893	-0.315168
1.060000	0.110632	1.193284	0.942335	-0.112042	-0.481982	-0.308602
1.080000	-0.376176	1.573873	0.982136	-0.114672	-0.482995	-0.303706
1.100000	-0.775391	1.905114	1.012992	-0.114772	-0.485112	-0.300817
1.120000	-1.070340	2.176312	1.034664	-0.112031	-0.488505	-0.300246
1.140000	-1.259577	2.385881	1.047503	-0.106530	-0.493178	-0.301955
1.160000	-1.353562	2.539349	1.052327	-0.098654	-0.499002	-0.305630
1.180000	-1.363072	2.642435	1.049961	-0.088799	-0.505845	-0.310949
1.200000	-1.298884	2.700859	1.041234	-0.077358	-0.513575	-0.317592
1.220000	-1.171775	2.720339	1.026974	-0.064726	-0.522059	-0.325237
1.240000	-0.992521	2.706595	1.008007	-0.051297	-0.531165	-0.333563
1.260000	-0.771901	2.665345	0.985162	-0.037466	-0.540762	-0.342249
1.280000	-0.520691	2.602308	0.959266	-0.023627	-0.550718	-0.350973
1.300000	-0.249668	2.523204	0.931146	-0.010174	-0.560900	-0.359415
1.320000	0.030391	2.433751	0.901630	0.002498	-0.571176	-0.367252
1.340000	0.308709	2.339669	0.871546	0.013995	-0.581414	-0.374164
1.360000	0.574509	2.246677	0.841722	0.023922	-0.591482	-0.379829
1.380000	0.817013	2.160493	0.812984	0.031886	-0.601248	-0.383927
1.400000	1.025445	2.086836	0.786160	0.037491	-0.610580	-0.386135
1.420000	1.189029	2.031427	0.762078	0.040344	-0.619346	-0.386133
1.440000	1.297096	1.999912	0.741560	0.040055	-0.627415	-0.383604
1.460000	1.345279	1.993897	0.725060	0.036562	-0.634726	-0.378481
1.480000	1.338799	2.008835	0.712478	0.030297	-0.641325	-0.371075
1.500000	1.283682	2.039659	0.703666	0.021733	-0.647266	-0.361733
1.520000	1.185951	2.081306	0.698475	0.011345	-0.652606	-0.350798
1.540000	1.051632	2.128712	0.696760	-0.000395	-0.657398	-0.338614
1.560000	0.886750	2.176810	0.698371	-0.013011	-0.661698	-0.325528
1.580000	0.697330	2.220537	0.703162	-0.026030	-0.665559	-0.311882
1.600000	0.489397	2.254828	0.710984	-0.038979	-0.669038	-0.298023
1.620000	0.268976	2.274619	0.721690	-0.051384	-0.672189	-0.284294
1.640000	0.042092	2.274844	0.735131	-0.062770	-0.675066	-0.271039
1.660000	-0.185230	2.250439	0.751162	-0.072665	-0.677725	-0.258604
1.680000	-0.406965	2.196340	0.769633	-0.080593	-0.680221	-0.247333
1.700000	-0.617089	2.107481	0.790397	-0.086082	-0.682607	-0.237571
1.720000	-0.809575	1.978799	0.813306	-0.088658	-0.684940	-0.229663
1.740000	-0.978400	1.805228	0.838213	-0.087846	-0.687273	-0.223952
1.760000	-1.117538	1.581705	0.864970	-0.083174	-0.689663	-0.220783
1.780000	-1.222442	1.306326	0.893280	-0.074393	-0.692155	-0.220355
1.800000	-1.293135	0.986964	0.922387	-0.061958	-0.694774	-0.222417
1.820000	-1.330518	0.633376	0.951447	-0.046456	-0.697541	-0.226627
1.840000	-1.335496	0.255318	0.979614	-0.028475	-0.700475	-0.232647
1.860000	-1.308971	-0.137451	1.006044	-0.008605	-0.703595	-0.240137
1.880000	-1.251847	-0.535175	1.029891	0.012566	-0.706922	-0.248759
1.900000	-1.165027	-0.928095	1.050311	0.034451	-0.710475	-0.258171
1.920000	-1.049413	-1.306455	1.066459	0.056460	-0.714274	-0.268036
1.940000	-0.905910	-1.660497	1.077489	0.078006	-0.718339	-0.278013
1.960000	-0.735420	-1.980465	1.082557	0.098500	-0.722690	-0.287763
1.980000	-0.538846	-2.256600	1.080819	0.117353	-0.727345	-0.296947
2.000000	-0.317091	-2.479145	1.071428	0.133978	-0.732327	-0.305225
2.020000	-0.071059	-2.638344	1.053540	0.147785	-0.737653	-0.312258
2.040000	0.198347	-2.724437	1.026311	0.158187	-0.743343	-0.317706
2.060000	0.490225	-2.727670	0.988894	0.164595	-0.749419	-0.321229
2.080000	0.803626	-2.638540	0.940477	0.166434	-0.755897	-0.322497
2.100000	1.135973	-2.456816	0.881355	0.163625	-0.762749	-0.321438
2.120000	1.482646	-2.193913	0.813216	0.156709	-0.769886	-0.318314
2.140000	1.838893	-1.861987	0.737839	0.146269	-0.777216	-0.313404
2.160000	2.199964	-1.473190	0.657003	0.132886	-0.784644	-0.306991
2.180000	2.561106	-1.039679	0.572485	0.117140	-0.792080	-0.299356
2.200000	2.917569	-0.573606	0.486063	0.099614	-0.799430	-0.290779
2.220000	3.264602	-0.087128	0.399515	0.080889	-0.806601	-0.281541
2.240000	3.597453	0.407602	0.314620	0.061546	-0.813501	-0.271924
2.260000	3.911370	0.898429	0.233155	0.042167	-0.820037	-0.262209
2.280000	4.201604	1.373199	0.156899	0.023334	-0.826116	-0.252677
2.300000	4.463402	1.819756	0.087629	0.005628	-0.831645	-0.243609
2.320000	4.692014	2.225947	0.027124	-0.010370	-0.836533	-0.235286
2.340000	4.882687	2.579617	-0.022838	-0.024078	-0.840685	-0.227989
2.360000	5.030672	2.868611	-0.060479	-0.034915	-0.844010	-0.221999
2.380000	5.131216	3.080775	-0.084021	-0.042299	-0.846414	-0.217598
2.400000	5.179576	3.203970	-0.091690	-0.045649	-0.847806	-0.215066
2.420000	5.173754	3.231995	-0.082762	-0.044684	-0.848170	-0.214544
