0.000000	0.582357	0.116298	-0.045648	0.021787	-0.507721	-0.315640
0.020000	0.538391	0.209454	0.056840	0.011636	-0.515654	-0.309591
0.040000	0.443884	0.336001	0.176618	-0.000604	-0.525284	-0.301433
0.060000	0.306913	0.487706	0.310834	-0.014465	-0.536267	-0.291517
0.080000	0.135558	0.656336	0.456634	-0.029479	-0.548255	-0.280190
0.100000	-0.062102	0.833656	0.611167	-0.045179	-0.560902	-0.267803
0.120000	-0.277988	1.011435	0.771580	-0.061098	-0.573861	-0.254704
0.140000	-0.504021	1.181438	0.935020	-0.076768	-0.586786	-0.241243
0.160000	-0.732123	1.335433	1.098634	-0.091722	-0.599331	-0.227768
0.180000	-0.954214	1.465184	1.259571	-0.105493	-0.611148	-0.214629
0.200000	-1.162216	1.562461	1.414977	-0.117613	-0.621892	-0.202175
0.220000	-1.348050	1.619028	1.562000	-0.127615	-0.631216	-0.190756
0.240000	-1.503636	1.626652	1.697787	-0.135031	-0.638774	-0.180719
0.260000	-1.620896	1.577101	1.819485	-0.139394	-0.644218	-0.172416
0.280000	-1.691781	1.462181	1.924252	-0.140239	-0.647204	-0.166192
0.300000	-1.712393	1.279180	2.010502	-0.137391	-0.647601	-0.162221
0.320000	-1.687105	1.036308	2.079158	-0.131255	-0.645699	-0.160323
0.340000	-1.621272	0.743076	2.131440	-0.122304	-0.641843	-0.160277
0.360000	-1.520249	0.408991	2.168569	-0.111012	-0.636373	-0.161863
0.380000	-1.389391	0.043563	2.191766	-0.097852	-0.629632	-0.164858
0.400000	-1.234054	-0.343701	2.202251	-0.083298	-0.621964	-0.169043
0.420000	-1.059592	-0.743291	2.201245	-0.067824	-0.613710	-0.174197
0.440000	-0.871361	-1.145698	2.189969	-0.051902	-0.605213	-0.180099
0.460000	-0.674715	-1.541415	2.169642	-0.036007	-0.596815	-0.186528
0.480000	-0.475011	-1.920933	2.141485	-0.020612	-0.588859	-0.193262
0.500000	-0.277602	-2.274742	2.106720	-0.006190	-0.581687	-0.200082
0.520000	-0.087845	-2.593334	2.066566	0.006785	-0.575642	-0.206766
0.540000	0.088907	-2.867201	2.022244	0.017839	-0.571066	-0.213094
0.560000	0.247297	-3.086834	1.974975	0.026499	-0.568302	-0.218844
0.580000	0.381970	-3.242724	1.925979	0.032292	-0.567692	-0.223796
0.600000	0.487572	-3.325362	1.876477	0.034743	-0.569578	-0.227729
0.620000	0.558887	-3.325452	1.827683	0.033392	-0.574297	-0.230426
0.640000	0.595946	-3.241647	1.780567	0.028232	-0.581912	-0.231823
0.660000	0.605490	-3.082766	1.735786	0.019834	-0.592146	-0.232051
0.680000	0.594698	-2.858295	1.693977	0.008812	-0.604694	-0.231256
0.700000	0.570751	-2.577717	1.655778	-0.004225	-0.619256	-0.229580
0.720000	0.540827	-2.250516	1.621825	-0.018665	-0.635529	-0.227169
0.740000	0.512105	-1.886179	1.592756	-0.033896	-0.653211	-0.224166
0.760000	0.491766	-1.494187	1.569208	-0.049308	-0.672000	-0.220717
0.780000	0.486988	-1.084027	1.551818	-0.064289	-0.691593	-0.216964
0.800000	0.504951	-0.665182	1.541223	-0.078229	-0.711689	-0.213053
0.820000	0.552833	-0.247137	1.538061	-0.090515	-0.731984	-0.209128
0.840000	0.637816	0.160625	1.542968	-0.100537	-0.752178	-0.205333
0.860000	0.767077	0.548618	1.556581	-0.107683	-0.771967	-0.201811
0.880000	0.947796	0.907358	1.579538	-0.111342	-0.791050	-0.198709
0.900000	1.187153	1.227362	1.612476	-0.110904	-0.809124	-0.196168
0.920000	1.492239	1.499212	1.656021	-0.105763	-0.825890	-0.194334
0.940000	1.864037	1.718211	1.710018	-0.095774	-0.841180	-0.193257
0.960000	2.293528	1.887390	1.773034	-0.081545	-0.855051	-0.192838
0.980000	2.770767	2.010493	1.843520	-0.063754	-0.867576	-0.192967
1.000000	3.285810	2.091265	1.919925	-0.043077	-0.878830	-0.193530
1.020000	3.828712	2.133453	2.000697	-0.020192	-0.888889	-0.194416
1.040000	4.389529	2.140799	2.084287	0.004224	-0.897826	-0.195512
1.060000	4.958315	2.117051	2.169143	0.029493	-0.905717	-0.196707
1.080000	5.525127	2.065952	2.253716	0.054939	-0.912637	-0.197889
1.100000	6.080021	1.991247	2.336454	0.079884	-0.918660	-0.198944
1.120000	6.613050	1.896682	2.415807	0.103651	-0.923861	-0.199762
1.140000	7.114272	1.786002	2.490225	0.125562	-0.928314	-0.200231
1.160000	7.573740	1.662952	2.558156	0.144941	-0.932096	-0.200237
1.180000	7.981512	1.531276	2.618050	0.161109	-0.935280	-0.199669
1.200000	8.327642	1.394720	2.668357	0.173390	-0.937941	-0.198416
1.220000	8.602185	1.257029	2.707526	0.181107	-0.940154	-0.196364
1.240000	8.795198	1.121947	2.734006	0.183582	-0.941994	-0.193402
1.260000	8.900162	0.992401	2.746845	0.180405	-0.943532	-0.189472
1.280000	8.922044	0.868569	2.747098	0.172060	-0.944830	-0.184698
1.300000	8.868217	0.750055	2.736240	0.159218	-0.945945	-0.179244
1.320000	8.746054	0.636462	2.715745	0.142552	-0.946938	-0.173271
1.340000	8.562926	0.527394	2.687088	0.122732	-0.947865	-0.166942
1.360000	8.326208	0.422453	2.651744	0.100430	-0.948786	-0.160420
1.380000	8.043271	0.321244	2.611188	0.076317	-0.949760	-0.153867
1.400000	7.721488	0.223371	2.566894	0.051066	-0.950845	-0.147446
1.420000	7.368233	0.128436	2.520337	0.025348	-0.952100	-0.141319
1.440000	6.990876	0.036043	2.472992	-0.000166	-0.953583	-0.135650
1.460000	6.596793	-0.054205	2.426333	-0.024805	-0.955354	-0.130599
1.480000	6.193354	-0.142703	2.381836	-0.047896	-0.957470	-0.126331
1.500000	5.787932	-0.229849	2.340976	-0.068768	-0.959991	-0.123007
1.520000	5.387902	-0.316038	2.305226	-0.086750	-0.962975	-0.120791
1.540000	5.000634	-0.401669	2.276062	-0.101170	-0.966480	-0.119844
1.560000	4.633502	-0.487136	2.254959	-0.111357	-0.970566	-0.120330
1.580000	4.293234	-0.572682	2.243069	-0.116751	-0.975275	-0.122378
1.600000	3.981872	-0.657424	2.239205	-0.117608	-0.980527	-0.125879
1.620000	3.699388	-0.739982	2.241147	-0.114546	-0.986193	-0.130618
1.640000	3.445743	-0.818974	2.246668	-0.108183	-0.992140	-0.136382
1.660000	3.220899	-0.893018	2.253542	-0.099137	-0.998236	-0.142955
1.680000	3.024819	-0.960732	2.259543	-0.088026	-1.004350	-0.150123
1.700000	2.857464	-1.020733	2.262446	-0.075470	-1.010350	-0.157671
1.720000	2.718796	-1.071640	2.260024	-0.062086	-1.016105	-0.165383
1.740000	2.608778	-1.112070	2.250053	-0.048493	-1.021483	-0.173046
1.760000	2.527370	-1.140642	2.230305	-0.035309	-1.026351	-0.180445
1.780000	2.474536	-1.155972	2.198554	-0.023153	-1.030579	-0.187364
1.800000	2.450237	-1.156680	2.152576	-0.012643	-1.034036	-0.193589
1.820000	2.454435	-1.141382	2.090144	-0.004398	-1.036588	-0.198905
1.840000	2.487093	-1.108698	2.009032	0.000964	-1.038105	-0.203098
1.860000	2.548171	-1.057244	1.907014	0.002825	-1.038454	-0.205952
1.880000	2.637632	-0.985638	1.781865	0.000566	-1.037505	-0.207253
1.900000	2.755272	-0.892649	1.631555	-0.006393	-1.035139	-0.206800
1.920000	2.897857	-0.779783	1.457651	-0.017930	-1.031502	-0.204642
1.940000	3.059498	-0.650949	1.264870	-0.033308	-1.026968	-0.201044
1.960000	3.234217	-0.510134	1.058033	-0.051769	-1.021918	-0.196283
1.980000	3.416036	-0.361326	0.841964	-0.072555	-1.016733	-0.190631
2.000000	3.598978	-0.208513	0.621485	-0.094910	-1.011797	-0.184365
2.020000	3.777063	-0.055683	0.401418	-0.118075	-1.007490	-0.177757
2.040000	3.944314	0.093177	0.186585	-0.141293	-1.004194	-0.171083
2.060000	4.094754	0.234078	-0.018191	-0.163806	-1.002292	-0.164617
2.080000	4.222403	0.363032	-0.208087	-0.184856	-1.002164	-0.158634
2.100000	4.321285	0.476052	-0.378282	-0.203686	-1.004192	-0.153408
2.120000	4.385421	0.569150	-0.523953	-0.219539	-1.008759	-0.149213
2.140000	4.408833	0.638337	-0.640278	-0.231656	-1.016246	-0.146323
2.160000	4.385543	0.679626	-0.722434	-0.239281	-1.027035	-0.145015
2.180000	4.309574	0.689028	-0.765598	-0.241654	-1.041508	-0.145561
2.200000	4.175166	0.662687	-0.765110	-0.238045	-1.060031	-0.148226
2.220000	3.982749	0.600419	-0.720842	-0.228435	-1.082566	-0.153007
2.240000	3.739659	0.506144	-0.637728	-0.213602	-1.108620	-0.159597
2.260000	3.453595	0.383994	-0.520968	-0.194368	-1.137677	-0.167677
2.280000	3.132253	0.238105	-0.375762	-0.171553	-1.169219	-0.176923
2.300000	2.783333	0.072610	-0.207308	-0.145977	-1.202729	-0.187017
2.320000	2.414533	-0.108357	-0.020807	-0.118462	-1.237693	-0.197636
2.340000	2.033551	-0.300661	0.178542	-0.089828	-1.273591	-0.208460
2.360000	1.648085	-0.500170	0.385540	-0.060896	-1.309909	-0.219167
2.380000	1.265833	-0.702748	0.594986	-0.032486	-1.346129	-0.229436
2.400000	0.894494	-0.904263	0.801681	-0.005419	-1.381735	-0.238947
2.420000	0.541766	-1.100579	1.000426	0.019484	-1.416209	-0.247377
2.440000	0.215347	-1.287563	1.186022	0.041403	-1.449036	-0.254407
2.460000	-0.077065	-1.461082	1.353267	0.059516	-1.479699	-0.259715
2.480000	-0.327771	-1.617000	1.496964	0.073004	-1.507680	-0.262981
2.500000	-0.529074	-1.751184	1.611912	0.081046	-1.532464	-0.263882
2.520000	-0.673298	-1.859510	1.692925	0.082823	-1.553535	-0.262098
2.540000	-0.757607	-1.939822	1.737535	0.077986	-1.570639	-0.257509
2.560000	-0.789828	-1.994310	1.749268	0.067214	-1.584099	-0.250426
2.580000	-0.779215	-2.025741	1.732451	0.051328	-1.594313	-0.241222
2.600000	-0.735022	-2.036885	1.691411	0.031147	-1.601681	-0.230269
2.620000	-0.666501	-2.030509	1.630474	0.007490	-1.606602	-0.217939
2.640000	-0.582906	-2.009381	1.553966	-0.018823	-1.609477	-0.204603
2.660000	-0.493489	-1.976271	1.466216	-0.046973	-1.610704	-0.190632
2.680000	-0.407505	-1.933947	1.371548	-0.076142	-1.610682	-0.176400
2.700000	-0.334206	-1.885177	1.274291	-0.105509	-1.609811	-0.162278
2.720000	-0.282845	-1.832729	1.178770	-0.134255	-1.608491	-0.148637
2.740000	-0.262676	-1.779373	1.089312	-0.161561	-1.607121	-0.135849
2.760000	-0.282952	-1.727875	1.010244	-0.186608	-1.606099	-0.124287
2.780000	-0.352926	-1.681006	0.945893	-0.208576	-1.605827	-0.114321
2.800000	-0.481851	-1.641533	0.900585	-0.226646	-1.606702	-0.106325
2.820000	-0.678981	-1.612224	0.878647	-0.240000	-1.609124	-0.100669
2.840000	-0.953569	-1.595849	0.884406	-0.247817	-1.613493	-0.097725
2.860000	-1.311457	-1.594432	0.920898	-0.249506	-1.620088	-0.097766
2.880000	-1.742640	-1.606548	0.985170	-0.245537	-1.628630	-0.100593
2.900000	-2.232512	-1.629768	1.072526	-0.236688	-1.638679	-0.105875
2.920000	-2.766467	-1.661666	1.178273	-0.223736	-1.649792	-0.113281
2.940000	-3.329897	-1.699812	1.297717	-0.207459	-1.661530	-0.122477
2.960000	-3.908198	-1.741779	1.426162	-0.188634	-1.673451	-0.133132
2.980000	-4.486763	-1.785139	1.558914	-0.168038	-1.685115	-0.144913
3.000000	-5.050986	-1.827464	1.691280	-0.146449	-1.696080	-0.157489
3.020000	-5.586259	-1.866325	1.818566	-0.124645	-1.705906	-0.170527
3.040000	-6.077978	-1.899295	1.936075	-0.103404	-1.714152	-0.183695
3.060000	-6.511535	-1.923946	2.039115	-0.083501	-1.720377	-0.196661
3.080000	-6.872325	-1.937849	2.122992	-0.065716	-1.724140	-0.209093
3.100000	-7.145741	-1.938578	2.183010	-0.050826	-1.725000	-0.220658
3.120000	-7.317176	-1.923703	2.214475	-0.039607	-1.722516	-0.231026
3.140000	-7.372025	-1.890797	2.212694	-0.032839	-1.716247	-0.239862
3.160000	-7.295681	-1.837431	2.172971	-0.031297	-1.705753	-0.246836
3.180000	-7.075520	-1.761474	2.091249	-0.035673	-1.690660	-0.251648
3.200000	-6.719650	-1.663891	1.970124	-0.045737	-1.671312	-0.254354
3.220000	-6.248540	-1.547491	1.816158	-0.060717	-1.648475	-0.255216
3.240000	-5.682822	-1.415109	1.635967	-0.079830	-1.622923	-0.254502
3.260000	-5.043130	-1.269581	1.436167	-0.102294	-1.595431	-0.252479
3.280000	-4.350096	-1.113742	1.223374	-0.127328	-1.566772	-0.249414
3.300000	-3.624354	-0.950427	1.004203	-0.154150	-1.537719	-0.245573
3.320000	-2.886538	-0.782470	0.785271	-0.181978	-1.509047	-0.241225
3.340000	-2.157279	-0.612707	0.573193	-0.210030	-1.481528	-0.236635
