0.000000	1.507514	1.253494	1.239237	-0.016866	-0.736914	-0.232731
0.020000	0.756385	1.197520	1.343295	-0.037731	-0.731699	-0.219369
0.040000	0.004961	1.125999	1.453056	-0.058621	-0.726033	-0.206067
0.060000	-0.723904	1.040556	1.565926	-0.078873	-0.720100	-0.193135
0.080000	-1.407356	0.942816	1.679308	-0.097823	-0.714086	-0.180882
0.100000	-2.022539	0.834405	1.790605	-0.114808	-0.708175	-0.169617
0.120000	-2.546601	0.716948	1.897223	-0.129165	-0.702552	-0.159651
0.140000	-2.956685	0.592069	1.996564	-0.140230	-0.697402	-0.151291
0.160000	-3.229937	0.461394	2.086032	-0.147341	-0.692909	-0.144849
0.180000	-3.346222	0.326600	2.163223	-0.149918	-0.689239	-0.140593
0.200000	-3.309379	0.189814	2.227418	-0.148123	-0.686391	-0.138455
0.220000	-3.135727	0.053399	2.278776	-0.142504	-0.684279	-0.138187
0.240000	-2.841694	-0.080279	2.317464	-0.133613	-0.682813	-0.139540
0.260000	-2.443706	-0.208855	2.343647	-0.122002	-0.681906	-0.142266
0.280000	-1.958189	-0.329965	2.357493	-0.108220	-0.681470	-0.146116
0.300000	-1.401570	-0.441243	2.359167	-0.092820	-0.681416	-0.150842
0.320000	-0.790276	-0.540324	2.348837	-0.076353	-0.681655	-0.156193
0.340000	-0.140732	-0.624844	2.326669	-0.059370	-0.682101	-0.161923
0.360000	0.530633	-0.692436	2.292829	-0.042423	-0.682664	-0.167781
0.380000	1.207393	-0.740737	2.247484	-0.026062	-0.683257	-0.173520
0.400000	1.873123	-0.767380	2.190801	-0.010840	-0.683791	-0.178891
0.420000	2.511395	-0.770002	2.122945	0.002693	-0.684179	-0.183644
0.440000	3.105783	-0.746236	2.044084	0.013985	-0.684331	-0.187531
0.460000	3.639859	-0.693719	1.954384	0.022485	-0.684160	-0.190304
0.480000	4.097198	-0.610083	1.854011	0.027641	-0.683578	-0.191713
0.500000	4.461373	-0.492966	1.743132	0.028903	-0.682496	-0.191510
0.520000	4.719287	-0.341160	1.622196	0.025869	-0.680843	-0.189517
0.540000	4.875224	-0.159514	1.493130	0.018923	-0.678635	-0.185921
0.560000	4.939126	0.045155	1.358340	0.008704	-0.675918	-0.181032
0.580000	4.920936	0.266030	1.220233	-0.004147	-0.672737	-0.175158
0.600000	4.830600	0.496293	1.081216	-0.018993	-0.669136	-0.168606
0.620000	4.678060	0.729125	0.943696	-0.035193	-0.665161	-0.161684
0.640000	4.473261	0.957707	0.810080	-0.052109	-0.660857	-0.154702
0.660000	4.226147	1.175224	0.682775	-0.069100	-0.656268	-0.147966
0.680000	3.946662	1.374855	0.564188	-0.085527	-0.651440	-0.141786
0.700000	3.644749	1.549783	0.456725	-0.100752	-0.646418	-0.136469
0.720000	3.330354	1.693190	0.362794	-0.114134	-0.641246	-0.132323
0.740000	3.013419	1.798259	0.284803	-0.125034	-0.635971	-0.129658
0.760000	2.703889	1.858170	0.225156	-0.132814	-0.630636	-0.128780
0.780000	2.411708	1.866105	0.186263	-0.136832	-0.625287	-0.129998
0.800000	2.146820	1.815248	0.170528	-0.136451	-0.619970	-0.133620
0.820000	1.919134	1.698813	0.180349	-0.131034	-0.614728	-0.139953
0.840000	1.733803	1.514665	0.216542	-0.120383	-0.609598	-0.149092
0.860000	1.586434	1.269998	0.276756	-0.105183	-0.604598	-0.160711
0.880000	1.471492	0.973120	0.358262	-0.086221	-0.599744	-0.174431
0.900000	1.383445	0.632341	0.458331	-0.064287	-0.595051	-0.189874
0.920000	1.316758	0.255967	0.574234	-0.040170	-0.590535	-0.206662
0.940000	1.265898	-0.147691	0.703240	-0.014657	-0.586212	-0.224418
0.960000	1.225331	-0.570326	0.842622	0.011462	-0.582097	-0.242763
0.980000	1.189523	-1.003629	0.989650	0.037398	-0.578206	-0.261320
1.000000	1.152940	-1.439292	1.141594	0.062363	-0.574556	-0.279710
1.020000	1.110048	-1.869005	1.295725	0.085569	-0.571161	-0.297556
1.040000	1.055314	-2.284461	1.449315	0.106225	-0.568037	-0.314480
1.060000	0.983204	-2.677350	1.599633	0.123544	-0.565201	-0.330103
1.080000	0.888184	-3.039364	1.743951	0.136737	-0.562667	-0.344049
1.100000	0.764721	-3.362195	1.879539	0.145015	-0.560452	-0.355938
1.120000	0.607279	-3.637535	2.003668	0.147590	-0.558572	-0.365393
1.140000	0.410730	-3.857447	2.113722	0.143721	-0.557041	-0.372055
1.160000	0.176910	-4.020448	2.209033	0.133513	-0.555877	-0.375913
1.180000	-0.086455	-4.130503	2.290580	0.117782	-0.555095	-0.377243
1.200000	-0.371458	-4.191749	2.359393	0.097368	-0.554713	-0.376332
1.220000	-0.670189	-4.208320	2.416504	0.073111	-0.554746	-0.373468
1.240000	-0.974740	-4.184354	2.462942	0.045850	-0.555212	-0.368938
1.260000	-1.277201	-4.123986	2.499738	0.016424	-0.556126	-0.363028
1.280000	-1.569665	-4.031353	2.527923	-0.014328	-0.557506	-0.356025
1.300000	-1.844223	-3.910590	2.548526	-0.045565	-0.559367	-0.348217
1.320000	-2.092965	-3.765834	2.562580	-0.076449	-0.561726	-0.339891
1.340000	-2.307983	-3.601221	2.571113	-0.106140	-0.564601	-0.331333
1.360000	-2.481367	-3.420887	2.575157	-0.133799	-0.568006	-0.322830
1.380000	-2.605211	-3.228968	2.575742	-0.158587	-0.571959	-0.314670
1.400000	-2.671603	-3.029600	2.573899	-0.179663	-0.576477	-0.307140
1.420000	-2.672637	-2.826919	2.570658	-0.196189	-0.581575	-0.300526
1.440000	-2.600402	-2.625062	2.567049	-0.207325	-0.587270	-0.295115
1.460000	-2.447082	-2.428149	2.564092	-0.212241	-0.593579	-0.291193
1.480000	-2.211370	-2.239256	2.561985	-0.210681	-0.600479	-0.288868
1.500000	-1.902680	-2.059734	2.559577	-0.203344	-0.607885	-0.287959
1.520000	-1.531429	-1.890772	2.555588	-0.191016	-0.615707	-0.288259
1.540000	-1.108033	-1.733563	2.548741	-0.174483	-0.623854	-0.289561
1.560000	-0.642906	-1.589295	2.537757	-0.154532	-0.632236	-0.291657
1.580000	-0.146465	-1.459159	2.521357	-0.131948	-0.640762	-0.294340
1.600000	0.370873	-1.344347	2.498265	-0.107518	-0.649341	-0.297402
1.620000	0.898695	-1.246047	2.467200	-0.082027	-0.657884	-0.300637
1.640000	1.426583	-1.165450	2.426886	-0.056263	-0.666299	-0.303835
1.660000	1.944121	-1.103747	2.376043	-0.031012	-0.674495	-0.306791
1.680000	2.440895	-1.062128	2.313393	-0.007059	-0.682383	-0.309297
1.700000	2.906488	-1.041783	2.237659	0.014810	-0.689872	-0.311145
1.720000	3.330484	-1.043903	2.147561	0.033807	-0.696871	-0.312128
1.740000	3.702468	-1.069679	2.041821	0.049146	-0.703289	-0.312038
1.760000	4.012024	-1.120299	1.919162	0.060043	-0.709036	-0.310668
1.780000	4.249369	-1.196697	1.778522	0.065769	-0.714032	-0.307828
1.800000	4.412914	-1.296455	1.621663	0.066385	-0.718334	-0.303544
1.820000	4.506794	-1.414819	1.452319	0.062494	-0.722095	-0.297996
1.840000	4.535257	-1.546986	1.274260	0.054711	-0.725469	-0.291366
1.860000	4.502552	-1.688155	1.091260	0.043654	-0.728610	-0.283836
1.880000	4.412928	-1.833522	0.907089	0.029938	-0.731675	-0.275590
1.900000	4.270635	-1.978287	0.725521	0.014178	-0.734816	-0.266808
1.920000	4.079922	-2.117647	0.550327	-0.003010	-0.738188	-0.257673
1.940000	3.845038	-2.246799	0.385279	-0.021009	-0.741947	-0.248368
1.960000	3.570232	-2.360943	0.234150	-0.039204	-0.746247	-0.239075
1.980000	3.259753	-2.455275	0.100712	-0.056980	-0.751242	-0.229976
2.000000	2.917851	-2.524993	-0.011264	-0.073719	-0.757087	-0.221254
2.020000	2.548775	-2.565295	-0.098005	-0.088808	-0.763937	-0.213091
2.040000	2.156773	-2.571380	-0.155738	-0.101628	-0.771946	-0.205668
2.060000	1.746096	-2.538445	-0.180692	-0.111566	-0.781268	-0.199169
2.080000	1.320992	-2.461687	-0.169096	-0.118004	-0.792059	-0.193776
2.100000	0.885867	-2.337974	-0.118593	-0.120504	-0.804425	-0.189631
2.120000	0.445830	-2.171615	-0.033155	-0.119410	-0.818258	-0.186694
2.140000	0.006181	-1.968995	0.081485	-0.115288	-0.833391	-0.184879
2.160000	-0.427775	-1.736497	0.219593	-0.108703	-0.849655	-0.184097
2.180000	-0.850736	-1.480507	0.375438	-0.100218	-0.866885	-0.184258
2.200000	-1.257399	-1.207408	0.543286	-0.090399	-0.884911	-0.185275
2.220000	-1.642462	-0.923585	0.717403	-0.079811	-0.903567	-0.187059
2.240000	-2.000622	-0.635422	0.892056	-0.069017	-0.922684	-0.189521
2.260000	-2.326576	-0.349304	1.061513	-0.058584	-0.942096	-0.192574
2.280000	-2.615022	-0.071615	1.220039	-0.049074	-0.961635	-0.196129
2.300000	-2.860657	0.191261	1.361903	-0.041054	-0.981134	-0.200096
2.320000	-3.058178	0.432939	1.481371	-0.035087	-1.000424	-0.204389
2.340000	-3.202282	0.647034	1.572709	-0.031739	-1.019339	-0.208918
2.360000	-3.287668	0.827164	1.630184	-0.031574	-1.037710	-0.213594
2.380000	-3.309031	0.966942	1.648064	-0.035157	-1.055371	-0.218331
2.400000	-3.261133	1.060030	1.620665	-0.043047	-1.072155	-0.223038
2.420000	-3.144003	1.103871	1.546438	-0.055392	-1.088052	-0.227677
2.440000	-2.966842	1.102487	1.431037	-0.071621	-1.103316	-0.232287
2.460000	-2.739770	1.060561	1.280835	-0.091092	-1.118231	-0.236919
2.480000	-2.472907	0.982778	1.102205	-0.113160	-1.133079	-0.241623
2.500000	-2.176373	0.873819	0.901520	-0.137184	-1.148145	-0.246447
2.520000	-1.860288	0.738369	0.685154	-0.162522	-1.163710	-0.251441
2.540000	-1.534772	0.581109	0.459480	-0.188529	-1.180057	-0.256655
2.560000	-1.209944	0.406723	0.230871	-0.214564	-1.197471	-0.262138
2.580000	-0.895925	0.219893	0.005701	-0.239983	-1.216232	-0.267940
2.600000	-0.602834	0.025304	-0.209657	-0.264144	-1.236625	-0.274111
2.620000	-0.340792	-0.172362	-0.408829	-0.286404	-1.258933	-0.280699
2.640000	-0.119918	-0.368422	-0.585442	-0.306121	-1.283437	-0.287755
2.660000	0.049667	-0.558193	-0.733123	-0.322651	-1.310422	-0.295328
2.680000	0.157844	-0.736993	-0.845499	-0.335352	-1.340170	-0.303467
2.700000	0.194493	-0.900137	-0.916196	-0.343581	-1.372964	-0.312222
2.720000	0.149494	-1.042942	-0.938840	-0.346696	-1.409088	-0.321643
2.740000	0.016546	-1.161838	-0.909413	-0.344310	-1.448633	-0.331732
2.760000	-0.196955	-1.257237	-0.832339	-0.336960	-1.491017	-0.342323
2.780000	-0.480541	-1.330447	-0.713937	-0.325389	-1.535501	-0.353210
2.800000	-0.823743	-1.382775	-0.560526	-0.310341	-1.581349	-0.364190
2.820000	-1.216093	-1.415527	-0.378425	-0.292559	-1.627823	-0.375058
