0.000000	2.614625	1.964324	-3.513843	-0.069685	-0.553134	-0.290507
0.020000	2.684652	2.085000	-3.367831	-0.053420	-0.542325	-0.306594
0.040000	2.655268	2.115059	-3.213606	-0.039486	-0.533264	-0.320113
0.060000	2.536125	2.064317	-3.053282	-0.027843	-0.525880	-0.331203
0.080000	2.338129	1.943796	-2.889038	-0.018423	-0.520093	-0.340035
0.100000	2.072189	1.764522	-2.723051	-0.011158	-0.515821	-0.346777
0.120000	1.749212	1.537517	-2.557500	-0.005982	-0.512985	-0.351600
0.140000	1.380105	1.273807	-2.394562	-0.002825	-0.511503	-0.354674
0.160000	0.975776	0.984414	-2.236416	-0.001622	-0.511296	-0.356170
0.180000	0.547133	0.680364	-2.085240	-0.002304	-0.512283	-0.356257
0.200000	0.105082	0.372679	-1.943212	-0.004803	-0.514383	-0.355105
0.220000	-0.339468	0.072384	-1.812510	-0.009053	-0.517516	-0.352884
0.240000	-0.775611	-0.209497	-1.695313	-0.014986	-0.521601	-0.349765
0.260000	-1.192438	-0.461940	-1.593798	-0.022534	-0.526558	-0.345917
0.280000	-1.579043	-0.673922	-1.510143	-0.031630	-0.532306	-0.341511
0.300000	-1.924517	-0.834417	-1.446527	-0.042206	-0.538765	-0.336716
0.320000	-2.217953	-0.932403	-1.405128	-0.054194	-0.545854	-0.331703
0.340000	-2.448444	-0.956855	-1.388123	-0.067528	-0.553492	-0.326642
0.360000	-2.605450	-0.897294	-1.397570	-0.082134	-0.561599	-0.321699
0.380000	-2.686308	-0.754927	-1.432909	-0.097829	-0.570080	-0.316991
0.400000	-2.695941	-0.542211	-1.491063	-0.114322	-0.578823	-0.312581
0.420000	-2.639577	-0.272056	-1.568853	-0.131318	-0.587721	-0.308531
0.440000	-2.522445	0.042625	-1.663102	-0.148522	-0.596663	-0.304903
0.460000	-2.349774	0.388921	-1.770630	-0.165639	-0.605539	-0.301760
0.480000	-2.126793	0.753921	-1.888260	-0.182375	-0.614239	-0.299162
0.500000	-1.858730	1.124714	-2.012812	-0.198433	-0.622654	-0.297174
0.520000	-1.550814	1.488388	-2.141107	-0.213520	-0.630674	-0.295855
0.540000	-1.208274	1.832032	-2.269969	-0.227340	-0.638188	-0.295269
0.560000	-0.836338	2.142733	-2.396217	-0.239598	-0.645088	-0.295477
0.580000	-0.440236	2.407582	-2.516673	-0.250000	-0.651263	-0.296542
0.600000	-0.025195	2.613666	-2.628159	-0.258250	-0.656603	-0.298525
0.620000	0.403554	2.748074	-2.727496	-0.264053	-0.660998	-0.301489
0.640000	0.840784	2.797894	-2.811506	-0.267115	-0.664340	-0.305495
0.660000	1.281266	2.750215	-2.877010	-0.267141	-0.666517	-0.310606
0.680000	1.719891	2.594988	-2.921304	-0.263898	-0.667432	-0.316852
0.700000	2.152334	2.340719	-2.944767	-0.257569	-0.667068	-0.324050
0.720000	2.574580	2.003314	-2.949003	-0.248499	-0.665437	-0.331938
0.740000	2.982616	1.598701	-2.935622	-0.237035	-0.662552	-0.340249
0.760000	3.372429	1.142807	-2.906233	-0.223523	-0.658428	-0.348720
0.780000	3.740005	0.651558	-2.862446	-0.208309	-0.653078	-0.357085
0.800000	4.081332	0.140880	-2.805869	-0.191740	-0.646516	-0.365080
0.820000	4.392396	-0.373298	-2.738112	-0.174162	-0.638754	-0.372439
0.840000	4.669183	-0.875052	-2.660783	-0.155922	-0.629807	-0.378898
0.860000	4.907680	-1.348453	-2.575493	-0.137365	-0.619687	-0.384192
0.880000	5.103874	-1.777576	-2.483850	-0.118839	-0.608409	-0.388057
0.900000	5.253752	-2.146493	-2.387463	-0.100689	-0.595985	-0.390226
0.920000	5.353299	-2.439279	-2.287942	-0.083261	-0.582430	-0.390437
0.940000	5.398504	-2.640005	-2.186895	-0.066903	-0.567757	-0.388423
0.960000	5.385353	-2.732746	-2.085932	-0.051961	-0.551978	-0.383920
0.980000	5.309832	-2.701575	-1.986663	-0.038780	-0.535109	-0.376663
1.000000	5.168356	-2.531744	-1.890660	-0.027693	-0.517173	-0.366410
1.020000	4.964087	-2.227077	-1.798940	-0.018786	-0.498379	-0.353292
1.040000	4.705555	-1.806176	-1.712075	-0.011956	-0.479077	-0.337734
1.060000	4.401437	-1.288052	-1.630626	-0.007093	-0.459623	-0.320167
1.080000	4.060414	-0.691718	-1.555153	-0.004086	-0.440375	-0.301026
1.100000	3.691164	-0.036186	-1.486215	-0.002826	-0.421687	-0.280743
1.120000	3.302365	0.659533	-1.424372	-0.003202	-0.403916	-0.259752
1.140000	2.902697	1.376425	-1.370186	-0.005105	-0.387418	-0.238484
1.160000	2.500837	2.095480	-1.324215	-0.008425	-0.372548	-0.217374
1.180000	2.105466	2.797686	-1.287020	-0.013051	-0.359663	-0.196854
1.200000	1.725262	3.464030	-1.259162	-0.018873	-0.349118	-0.177358
1.220000	1.368902	4.075500	-1.241199	-0.025783	-0.341270	-0.159317
1.240000	1.045067	4.613085	-1.233693	-0.033669	-0.336475	-0.143166
1.260000	0.762436	5.057773	-1.237202	-0.042421	-0.335087	-0.129338
1.280000	0.529685	5.390551	-1.252289	-0.051931	-0.337465	-0.118264
1.300000	0.355496	5.592407	-1.279511	-0.062087	-0.343962	-0.110379
1.320000	0.246560	5.648822	-1.319011	-0.072774	-0.354817	-0.106011
1.340000	0.199280	5.568568	-1.368755	-0.083849	-0.369643	-0.104947
1.360000	0.206730	5.367944	-1.426006	-0.095159	-0.387857	-0.106797
1.380000	0.261982	5.063253	-1.488027	-0.106553	-0.408872	-0.111174
1.400000	0.358110	4.670797	-1.552082	-0.117878	-0.432103	-0.117689
1.420000	0.488187	4.206879	-1.615435	-0.128980	-0.456965	-0.125953
1.440000	0.645285	3.687802	-1.675348	-0.139709	-0.482873	-0.135579
1.460000	0.822479	3.129870	-1.729084	-0.149911	-0.509242	-0.146177
1.480000	1.012840	2.549384	-1.773909	-0.159435	-0.535486	-0.157359
1.500000	1.209442	1.962647	-1.807083	-0.168127	-0.561020	-0.168736
1.520000	1.405357	1.385963	-1.825872	-0.175835	-0.585259	-0.179920
1.540000	1.593660	0.835634	-1.827538	-0.182408	-0.607617	-0.190522
1.560000	1.767422	0.327963	-1.809344	-0.187692	-0.627509	-0.200155
1.580000	1.919718	-0.120748	-1.768554	-0.191535	-0.644350	-0.208428
1.600000	2.043619	-0.494195	-1.702432	-0.193785	-0.657554	-0.214955
1.620000	2.132228	-0.776136	-1.608258	-0.194290	-0.666540	-0.219347
1.640000	2.182579	-0.958421	-1.485745	-0.193000	-0.671033	-0.221426
1.660000	2.199543	-1.049039	-1.339454	-0.190067	-0.671379	-0.221429
1.680000	2.188923	-1.057892	-1.174521	-0.185666	-0.667998	-0.219640
1.700000	2.156521	-0.994885	-0.996080	-0.179972	-0.661309	-0.216346
1.720000	2.108139	-0.869919	-0.809267	-0.173162	-0.651730	-0.211831
1.740000	2.049579	-0.692898	-0.619218	-0.165412	-0.639681	-0.206382
1.760000	1.986644	-0.473726	-0.431069	-0.156896	-0.625580	-0.200284
1.780000	1.925135	-0.222304	-0.249955	-0.147790	-0.609848	-0.193822
1.800000	1.870855	0.051463	-0.081012	-0.138271	-0.592902	-0.187282
1.820000	1.829607	0.337672	0.070624	-0.128513	-0.575162	-0.180950
1.840000	1.807191	0.626421	0.199819	-0.118693	-0.557047	-0.175111
1.860000	1.809411	0.907807	0.301436	-0.108986	-0.538976	-0.170050
1.880000	1.842069	1.171925	0.370340	-0.099568	-0.521369	-0.166053
1.900000	1.910967	1.408874	0.401395	-0.090614	-0.504643	-0.163406
1.920000	2.021906	1.608749	0.389466	-0.082300	-0.489219	-0.162394
1.940000	2.180690	1.761649	0.329416	-0.074803	-0.475514	-0.163303
1.960000	2.390468	1.860039	0.218099	-0.068262	-0.463863	-0.166322
1.980000	2.643340	1.906262	0.060646	-0.062678	-0.454235	-0.171242
2.000000	2.928527	1.905231	-0.135655	-0.058012	-0.446507	-0.177748
2.020000	3.235251	1.861859	-0.363513	-0.054228	-0.440557	-0.185527
2.040000	3.552734	1.781061	-0.615640	-0.051286	-0.436262	-0.194265
2.060000	3.870197	1.667748	-0.884748	-0.049150	-0.433498	-0.203648
2.080000	4.176862	1.526835	-1.163548	-0.047780	-0.432142	-0.213362
2.100000	4.461951	1.363234	-1.444750	-0.047141	-0.432072	-0.223094
2.120000	4.714685	1.181860	-1.721067	-0.047192	-0.433164	-0.232529
2.140000	4.924287	0.987626	-1.985209	-0.047898	-0.435295	-0.241354
2.160000	5.079977	0.785445	-2.229887	-0.049220	-0.438343	-0.249255
2.180000	5.170978	0.580230	-2.447812	-0.051120	-0.442183	-0.255919
2.200000	5.186511	0.376895	-2.631696	-0.053560	-0.446694	-0.261030
2.220000	5.115798	0.180354	-2.774250	-0.056502	-0.451752	-0.264276
2.240000	4.948061	-0.004481	-2.868186	-0.059909	-0.457234	-0.265342
2.260000	4.672664	-0.172726	-2.906274	-0.063743	-0.463017	-0.263918
2.280000	4.288943	-0.321542	-2.885566	-0.067944	-0.468995	-0.259935
2.300000	3.812558	-0.451444	-2.810110	-0.072418	-0.475092	-0.253717
2.320000	3.260680	-0.563254	-2.684606	-0.077067	-0.481232	-0.245623
2.340000	2.650480	-0.657796	-2.513751	-0.081795	-0.487341	-0.236016
2.360000	1.999128	-0.735893	-2.302244	-0.086504	-0.493344	-0.225255
2.380000	1.323794	-0.798368	-2.054783	-0.091097	-0.499165	-0.213701
2.400000	0.641650	-0.846045	-1.776067	-0.095477	-0.504731	-0.201715
2.420000	-0.030134	-0.879746	-1.470793	-0.099545	-0.509967	-0.189657
2.440000	-0.674387	-0.900296	-1.143660	-0.103206	-0.514797	-0.177888
2.460000	-1.273939	-0.908517	-0.799366	-0.106361	-0.519146	-0.166769
2.480000	-1.811620	-0.905232	-0.442610	-0.108914	-0.522941	-0.156661
2.500000	-2.270257	-0.891266	-0.078089	-0.110766	-0.526106	-0.147923
2.520000	-2.632682	-0.867441	0.289497	-0.111821	-0.528567	-0.140917
2.540000	-2.881723	-0.834580	0.655452	-0.111982	-0.530248	-0.136003
2.560000	-3.000209	-0.793507	1.015076	-0.111150	-0.531075	-0.133542
2.580000	-2.970971	-0.745045	1.363671	-0.109230	-0.530973	-0.133894
2.600000	-2.784487	-0.689965	1.697185	-0.106180	-0.529888	-0.137275
2.620000	-2.456875	-0.628865	2.013732	-0.102151	-0.527834	-0.143407
2.640000	-2.009626	-0.562305	2.311877	-0.097335	-0.524841	-0.151913
2.660000	-1.464229	-0.490848	2.590188	-0.091922	-0.520939	-0.162414
2.680000	-0.842174	-0.415052	2.847230	-0.086104	-0.516156	-0.174532
2.700000	-0.164950	-0.335481	3.081572	-0.080070	-0.510522	-0.187887
2.720000	0.545953	-0.252693	3.291779	-0.074013	-0.504066	-0.202102
2.740000	1.269045	-0.167252	3.476418	-0.068123	-0.496817	-0.216798
2.760000	1.982837	-0.079716	3.634056	-0.062591	-0.488805	-0.231596
2.780000	2.665840	0.009352	3.763259	-0.057609	-0.480058	-0.246118
2.800000	3.296563	0.099393	3.862595	-0.053366	-0.470607	-0.259986
2.820000	3.853518	0.189844	3.930629	-0.050054	-0.460481	-0.272821
2.840000	4.315213	0.280144	3.965929	-0.047864	-0.449708	-0.284243
2.860000	4.660161	0.369734	3.967061	-0.046987	-0.438318	-0.293876
2.880000	4.866871	0.458052	3.932591	-0.047614	-0.426340	-0.301340
