0.000000	2.576947	0.394513	-1.410776	-0.082443	-0.660909	-0.242026
0.020000	2.540259	-0.118322	-1.620964	-0.077130	-0.671732	-0.251084
0.040000	2.487272	-0.632473	-1.813510	-0.071958	-0.682298	-0.259879
0.060000	2.417270	-1.129736	-1.982444	-0.067110	-0.692328	-0.268123
0.080000	2.329541	-1.591903	-2.121797	-0.062767	-0.701543	-0.275525
0.100000	2.223371	-2.000768	-2.225600	-0.059112	-0.709664	-0.281798
0.120000	2.098046	-2.338125	-2.287886	-0.056325	-0.716411	-0.286651
0.140000	1.952853	-2.585768	-2.302684	-0.054590	-0.721506	-0.289795
0.160000	1.787079	-2.725490	-2.264026	-0.054088	-0.724670	-0.290942
0.180000	1.600008	-2.739085	-2.165944	-0.055000	-0.725623	-0.289801
0.200000	1.391473	-2.612983	-2.004186	-0.057455	-0.724153	-0.286166
0.220000	1.164243	-2.358669	-1.783783	-0.061281	-0.720414	-0.280275
0.240000	0.922075	-1.996053	-1.512888	-0.066211	-0.714679	-0.272515
0.260000	0.668731	-1.545052	-1.199656	-0.071974	-0.707224	-0.263274
0.280000	0.407968	-1.025585	-0.852242	-0.078302	-0.698324	-0.252938
0.300000	0.143547	-0.457567	-0.478800	-0.084925	-0.688253	-0.241897
0.320000	-0.120774	0.139083	-0.087486	-0.091573	-0.677286	-0.230537
0.340000	-0.381235	0.744449	0.313545	-0.097978	-0.665698	-0.219246
0.360000	-0.634076	1.338613	0.716138	-0.103870	-0.653764	-0.208411
0.380000	-0.875540	1.901658	1.112138	-0.108979	-0.641758	-0.198420
0.400000	-1.101865	2.413668	1.493391	-0.113037	-0.629956	-0.189661
0.420000	-1.309294	2.854723	1.851741	-0.115774	-0.618633	-0.182520
0.440000	-1.494066	3.204909	2.179033	-0.116920	-0.608063	-0.177386
0.460000	-1.652422	3.444307	2.467113	-0.116207	-0.598521	-0.174647
0.480000	-1.780604	3.552999	2.707825	-0.113364	-0.590282	-0.174688
0.500000	-1.875443	3.514317	2.894087	-0.108181	-0.583584	-0.177829
0.520000	-1.938039	3.335031	3.026564	-0.100868	-0.578395	-0.183874
0.540000	-1.971367	3.032209	3.109326	-0.091816	-0.574566	-0.192407
0.560000	-1.978412	2.622963	3.146455	-0.081421	-0.571946	-0.203008
0.580000	-1.962155	2.124405	3.142033	-0.070077	-0.570386	-0.215259
0.600000	-1.925580	1.553648	3.100143	-0.058179	-0.569735	-0.228742
0.620000	-1.871671	0.927802	3.024869	-0.046120	-0.569843	-0.243037
0.640000	-1.803410	0.263979	2.920292	-0.034295	-0.570561	-0.257726
0.660000	-1.723781	-0.420708	2.790495	-0.023099	-0.571737	-0.272391
0.680000	-1.635766	-1.109147	2.639562	-0.012925	-0.573223	-0.286612
0.700000	-1.542349	-1.784228	2.471575	-0.004168	-0.574868	-0.299971
0.720000	-1.446514	-2.428837	2.290617	0.002777	-0.576522	-0.312050
0.740000	-1.351243	-3.025863	2.100770	0.007517	-0.578034	-0.322429
0.760000	-1.259519	-3.558195	1.906118	0.009657	-0.579256	-0.330690
0.780000	-1.174327	-4.008719	1.710742	0.008802	-0.580036	-0.336414
0.800000	-1.098648	-4.360326	1.518726	0.004559	-0.580224	-0.339184
0.820000	-1.035368	-4.596728	1.334061	-0.003439	-0.579681	-0.338602
0.840000	-0.985604	-4.716629	1.159063	-0.015057	-0.578432	-0.334689
0.860000	-0.948930	-4.731769	0.994593	-0.029722	-0.576650	-0.327827
0.880000	-0.924871	-4.654326	0.841465	-0.046845	-0.574512	-0.318408
0.900000	-0.912951	-4.496475	0.700490	-0.065840	-0.572196	-0.306827
0.920000	-0.912694	-4.270393	0.572481	-0.086118	-0.569880	-0.293478
0.940000	-0.923625	-3.988257	0.458252	-0.107092	-0.567739	-0.278753
0.960000	-0.945267	-3.662244	0.358614	-0.128175	-0.565953	-0.263047
0.980000	-0.977145	-3.304529	0.274379	-0.148778	-0.564697	-0.246753
1.000000	-1.018784	-2.927290	0.206362	-0.168315	-0.564151	-0.230264
1.020000	-1.069706	-2.542703	0.155373	-0.186197	-0.564490	-0.213975
1.040000	-1.129437	-2.162945	0.122227	-0.201838	-0.565892	-0.198278
1.060000	-1.197501	-1.800192	0.107735	-0.214648	-0.568535	-0.183568
1.080000	-1.273421	-1.466621	0.112709	-0.224042	-0.572597	-0.170238
1.100000	-1.356723	-1.174408	0.137964	-0.229431	-0.578253	-0.158682
1.120000	-1.446884	-0.935451	0.184249	-0.230247	-0.585677	-0.149283
1.140000	-1.542110	-0.753854	0.250617	-0.226468	-0.594889	-0.142148
1.160000	-1.639191	-0.625076	0.334233	-0.218677	-0.605741	-0.137078
1.180000	-1.734845	-0.544126	0.432162	-0.207488	-0.618077	-0.133857
1.200000	-1.825790	-0.506015	0.541472	-0.193517	-0.631741	-0.132269
1.220000	-1.908743	-0.505750	0.659230	-0.177377	-0.646577	-0.132098
1.240000	-1.980424	-0.538343	0.782501	-0.159684	-0.662428	-0.133128
1.260000	-2.037548	-0.598803	0.908354	-0.141051	-0.679138	-0.135143
1.280000	-2.076834	-0.682138	1.033855	-0.122095	-0.696551	-0.137928
1.300000	-2.095000	-0.783359	1.156070	-0.103428	-0.714510	-0.141267
1.320000	-2.088764	-0.897475	1.272066	-0.085665	-0.732860	-0.144944
1.340000	-2.054843	-1.019496	1.378910	-0.069422	-0.751444	-0.148743
1.360000	-1.989954	-1.144430	1.473669	-0.055313	-0.770106	-0.152449
1.380000	-1.890817	-1.267288	1.553410	-0.043953	-0.788689	-0.155845
1.400000	-1.754148	-1.383080	1.615198	-0.035955	-0.807038	-0.158716
1.420000	-1.576665	-1.486813	1.656102	-0.031935	-0.824996	-0.160846
1.440000	-1.355105	-1.573508	1.673196	-0.032505	-0.842408	-0.162019
1.460000	-1.089865	-1.639935	1.665234	-0.037915	-0.859189	-0.162124
1.480000	-0.789370	-1.686707	1.634650	-0.047621	-0.875413	-0.161274
1.500000	-0.463109	-1.714946	1.584365	-0.060972	-0.891177	-0.159614
1.520000	-0.120567	-1.725775	1.517301	-0.077317	-0.906575	-0.157288
1.540000	0.228765	-1.720314	1.436378	-0.096007	-0.921703	-0.154439
1.560000	0.575402	-1.699687	1.344519	-0.116391	-0.936655	-0.151212
1.580000	0.909853	-1.665015	1.244643	-0.137819	-0.951527	-0.147750
1.600000	1.222633	-1.617421	1.139674	-0.159639	-0.966415	-0.144198
1.620000	1.504252	-1.558026	1.032531	-0.181203	-0.981412	-0.140700
1.640000	1.745223	-1.487953	0.926136	-0.201859	-0.996616	-0.137399
1.660000	1.936057	-1.408324	0.823411	-0.220958	-1.012121	-0.134440
1.680000	2.067268	-1.320260	0.727277	-0.237848	-1.028021	-0.131967
1.700000	2.129366	-1.224885	0.640655	-0.251880	-1.044413	-0.130123
1.720000	2.112865	-1.123319	0.566466	-0.262403	-1.061392	-0.129053
1.740000	2.008276	-1.016686	0.507632	-0.268766	-1.079052	-0.128901
1.760000	1.806111	-0.906106	0.467074	-0.270321	-1.097490	-0.129811
1.780000	1.500369	-0.792554	0.446922	-0.266617	-1.116771	-0.131895
1.800000	1.101141	-0.676312	0.445656	-0.258144	-1.136827	-0.135124
1.820000	0.623157	-0.557466	0.460702	-0.245655	-1.157552	-0.139425
1.840000	0.081147	-0.436102	0.489487	-0.229908	-1.178838	-0.144727
1.860000	-0.510159	-0.312304	0.529439	-0.211659	-1.200580	-0.150958
1.880000	-1.136030	-0.186158	0.577983	-0.191664	-1.222670	-0.158047
1.900000	-1.781736	-0.057748	0.632548	-0.170679	-1.245001	-0.165922
1.920000	-2.432547	0.072840	0.690559	-0.149460	-1.267468	-0.174511
1.940000	-3.073733	0.205520	0.749443	-0.128763	-1.289962	-0.183742
1.960000	-3.690564	0.340208	0.806628	-0.109344	-1.312379	-0.193544
1.980000	-4.268309	0.476818	0.859540	-0.091960	-1.334610	-0.203844
2.000000	-4.792238	0.615265	0.905606	-0.077367	-1.356549	-0.214573
2.020000	-5.247620	0.755465	0.942253	-0.066321	-1.378089	-0.225656
2.040000	-5.619727	0.897331	0.966907	-0.059578	-1.399124	-0.237024
2.060000	-5.893827	1.040778	0.976996	-0.057893	-1.419547	-0.248603
2.080000	-6.057908	1.185572	0.970483	-0.061865	-1.439264	-0.260334
2.100000	-6.116616	1.330555	0.948625	-0.071114	-1.458256	-0.272222
2.120000	-6.080902	1.474222	0.913925	-0.084890	-1.476534	-0.284296
2.140000	-5.961730	1.615067	0.868888	-0.102446	-1.494110	-0.296589
2.160000	-5.770064	1.751584	0.816018	-0.123030	-1.510994	-0.309131
2.180000	-5.516867	1.882268	0.757822	-0.145895	-1.527197	-0.321951
2.200000	-5.213104	2.005612	0.696804	-0.170289	-1.542731	-0.335082
2.220000	-4.869739	2.120110	0.635470	-0.195465	-1.557604	-0.348553
2.240000	-4.497734	2.224257	0.576324	-0.220672	-1.571830	-0.362395
2.260000	-4.108054	2.316545	0.521872	-0.245161	-1.585418	-0.376639
2.280000	-3.711663	2.395470	0.474619	-0.268183	-1.598380	-0.391315
2.300000	-3.319525	2.459526	0.437070	-0.288988	-1.610726	-0.406455
2.320000	-2.942602	2.507206	0.411731	-0.306827	-1.622467	-0.422088
2.340000	-2.591860	2.537004	0.401106	-0.320950	-1.633615	-0.438245
2.360000	-2.278262	2.547415	0.407701	-0.330608	-1.644179	-0.454957
2.380000	-2.012771	2.536932	0.434021	-0.335051	-1.654172	-0.472255
2.400000	-1.805845	2.504219	0.482280	-0.333596	-1.663598	-0.490150
2.420000	-1.660518	2.450416	0.550450	-0.326515	-1.672395	-0.508368
2.440000	-1.574192	2.378541	0.633275	-0.314807	-1.680446	-0.526419
2.460000	-1.544128	2.291661	0.725422	-0.299490	-1.687634	-0.543808
2.480000	-1.567588	2.192842	0.821560	-0.281580	-1.693842	-0.560040
2.500000	-1.641833	2.085151	0.916353	-0.262095	-1.698951	-0.574619
2.520000	-1.764125	1.971653	1.004469	-0.242052	-1.702845	-0.587050
2.540000	-1.931725	1.855414	1.080574	-0.222468	-1.705406	-0.596839
2.560000	-2.141896	1.739501	1.139336	-0.204360	-1.706516	-0.603489
2.580000	-2.391897	1.626980	1.175420	-0.188745	-1.706058	-0.606505
2.600000	-2.678992	1.520917	1.183493	-0.176641	-1.703914	-0.605393
2.620000	-3.000441	1.424377	1.158223	-0.169064	-1.699967	-0.599656
2.640000	-3.353506	1.340428	1.094275	-0.167031	-1.694100	-0.588801
2.660000	-3.735448	1.272135	0.986317	-0.171561	-1.686194	-0.572330
2.680000	-4.143530	1.222564	0.829014	-0.183669	-1.676133	-0.549750
2.700000	-4.574892	1.194701	0.617331	-0.204321	-1.663809	-0.520599
2.720000	-5.024093	1.189779	0.352674	-0.233323	-1.649349	-0.485154
2.740000	-5.483186	1.207336	0.042684	-0.269367	-1.633105	-0.444405
2.760000	-5.944120	1.246838	-0.304740	-0.311095	-1.615439	-0.399374
2.780000	-6.398849	1.307755	-0.681700	-0.357152	-1.596713	-0.351081
2.800000	-6.839321	1.389554	-1.080298	-0.406182	-1.577287	-0.300546
2.820000	-7.257489	1.491702	-1.492636	-0.456828	-1.557523	-0.248791
2.840000	-7.645303	1.613667	-1.910816	-0.507735	-1.537783	-0.196834
