0.000000	-4.357716	1.844145	-1.298187	-0.204039	-1.734859	-0.588554
0.020000	-4.090290	2.085998	-1.535116	-0.170870	-1.720098	-0.595141
0.040000	-3.861585	2.296635	-1.749399	-0.140292	-1.705771	-0.601766
0.060000	-3.680002	2.466666	-1.934615	-0.113294	-1.692257	-0.608367
0.080000	-3.553945	2.586703	-2.084340	-0.090866	-1.679936	-0.614879
0.100000	-3.491818	2.647357	-2.192150	-0.073996	-1.669186	-0.621238
0.120000	-3.502022	2.639239	-2.251623	-0.063676	-1.660387	-0.627382
0.140000	-3.592947	2.552974	-2.256345	-0.060892	-1.653916	-0.633247
0.160000	-3.767877	2.384298	-2.203130	-0.066112	-1.649987	-0.638799
0.180000	-4.017376	2.141677	-2.096835	-0.078507	-1.648404	-0.644078
0.200000	-4.330059	1.835531	-1.943550	-0.097049	-1.648907	-0.649135
0.220000	-4.694543	1.476275	-1.749362	-0.120710	-1.651235	-0.654022
0.240000	-5.099444	1.074328	-1.520362	-0.148460	-1.655129	-0.658790
0.260000	-5.533378	0.640106	-1.262638	-0.179273	-1.660329	-0.663491
0.280000	-5.984960	0.184027	-0.982279	-0.212120	-1.666575	-0.668176
0.300000	-6.442807	-0.283492	-0.685374	-0.245974	-1.673608	-0.672896
0.320000	-6.895536	-0.752033	-0.378012	-0.279804	-1.681167	-0.677703
0.340000	-7.331761	-1.211179	-0.066283	-0.312585	-1.688993	-0.682647
0.360000	-7.740100	-1.650512	0.243726	-0.343287	-1.696826	-0.687781
0.380000	-8.109168	-2.059617	0.545925	-0.370883	-1.704406	-0.693156
0.400000	-8.427581	-2.428074	0.834225	-0.394344	-1.711474	-0.698822
0.420000	-8.683956	-2.745467	1.102538	-0.412642	-1.717768	-0.704833
0.440000	-8.866908	-3.001378	1.344773	-0.424748	-1.723031	-0.711238
0.460000	-8.965054	-3.185391	1.554843	-0.429636	-1.727001	-0.718089
0.480000	-8.969718	-3.289409	1.727745	-0.426527	-1.729467	-0.725415
0.500000	-8.886563	-3.317631	1.864233	-0.415963	-1.730474	-0.733127
0.520000	-8.725979	-3.278306	1.966959	-0.398926	-1.730150	-0.741096
0.540000	-8.498359	-3.179686	2.038575	-0.376395	-1.728624	-0.749193
0.560000	-8.214095	-3.030025	2.081733	-0.349351	-1.726023	-0.757290
0.580000	-7.883579	-2.837575	2.099086	-0.318773	-1.722478	-0.765259
0.600000	-7.517205	-2.610588	2.093285	-0.285641	-1.718116	-0.772970
0.620000	-7.125365	-2.357317	2.066984	-0.250936	-1.713066	-0.780295
0.640000	-6.718452	-2.086013	2.022834	-0.215638	-1.707457	-0.787106
0.660000	-6.306858	-1.804930	1.963488	-0.180726	-1.701416	-0.793274
0.680000	-5.900976	-1.522321	1.891598	-0.147181	-1.695074	-0.798669
0.700000	-5.511199	-1.246436	1.809817	-0.115983	-1.688558	-0.803165
0.720000	-5.147920	-0.985530	1.720797	-0.088112	-1.681997	-0.806632
0.740000	-4.821530	-0.747854	1.627191	-0.064548	-1.675519	-0.808941
0.760000	-4.542423	-0.541661	1.531649	-0.046271	-1.669254	-0.809964
0.780000	-4.320991	-0.375204	1.436826	-0.034262	-1.663329	-0.809572
0.800000	-4.166808	-0.256101	1.345225	-0.029411	-1.657862	-0.807652
0.820000	-4.079431	-0.184237	1.257529	-0.031543	-1.652827	-0.804271
0.840000	-4.051716	-0.154323	1.173208	-0.039762	-1.648103	-0.799620
0.860000	-4.076399	-0.160972	1.091706	-0.053162	-1.643567	-0.793889
0.880000	-4.146214	-0.198801	1.012469	-0.070835	-1.639097	-0.787270
0.900000	-4.253894	-0.262423	0.934943	-0.091874	-1.634569	-0.779956
0.920000	-4.392174	-0.346454	0.858573	-0.115372	-1.629861	-0.772137
0.940000	-4.553789	-0.445509	0.782805	-0.140422	-1.624849	-0.764007
0.960000	-4.731472	-0.554201	0.707083	-0.166116	-1.619412	-0.755755
0.980000	-4.917958	-0.667148	0.630855	-0.191548	-1.613426	-0.747575
1.000000	-5.105981	-0.778962	0.553564	-0.215810	-1.606769	-0.739657
1.020000	-5.288275	-0.884259	0.474658	-0.237996	-1.599317	-0.732194
1.040000	-5.457575	-0.977655	0.393580	-0.257197	-1.590948	-0.725377
1.060000	-5.606614	-1.053763	0.309778	-0.272507	-1.581540	-0.719398
1.080000	-5.728128	-1.107199	0.222695	-0.283018	-1.570968	-0.714448
1.100000	-5.815113	-1.132835	0.131794	-0.287872	-1.559119	-0.710708
1.120000	-5.865200	-1.130081	0.036808	-0.287049	-1.546006	-0.708152
1.140000	-5.879981	-1.102228	-0.062296	-0.281250	-1.531758	-0.706576
1.160000	-5.861175	-1.052689	-0.165545	-0.271199	-1.516504	-0.705771
1.180000	-5.810502	-0.984877	-0.272963	-0.257620	-1.500375	-0.705529
1.200000	-5.729680	-0.902207	-0.384577	-0.241235	-1.483502	-0.705642
1.220000	-5.620429	-0.808094	-0.500413	-0.222768	-1.466014	-0.705901
1.240000	-5.484467	-0.705950	-0.620496	-0.202943	-1.448043	-0.706098
1.260000	-5.323514	-0.599190	-0.744851	-0.182483	-1.429718	-0.706022
1.280000	-5.139289	-0.491229	-0.873506	-0.162112	-1.411171	-0.705467
1.300000	-4.933511	-0.385479	-1.006485	-0.142553	-1.392531	-0.704224
1.320000	-4.707899	-0.285356	-1.143814	-0.124530	-1.373930	-0.702083
1.340000	-4.464173	-0.194272	-1.285520	-0.108767	-1.355497	-0.698837
1.360000	-4.204051	-0.115643	-1.431627	-0.095986	-1.337363	-0.694277
1.380000	-3.929252	-0.052882	-1.582162	-0.086912	-1.319658	-0.688193
1.400000	-3.641496	-0.009403	-1.737151	-0.082268	-1.302514	-0.680378
1.420000	-3.342506	0.011414	-1.896609	-0.082771	-1.286059	-0.670626
1.440000	-3.034332	0.008693	-2.059828	-0.088637	-1.270349	-0.658902
1.460000	-2.719565	-0.014269	-2.224895	-0.099248	-1.255315	-0.645459
1.480000	-2.400849	-0.053775	-2.389780	-0.113906	-1.240878	-0.630579
1.500000	-2.080826	-0.106131	-2.552455	-0.131914	-1.226957	-0.614542
1.520000	-1.762142	-0.167642	-2.710889	-0.152576	-1.213472	-0.597628
1.540000	-1.447438	-0.234615	-2.863055	-0.175193	-1.200343	-0.580118
1.560000	-1.139359	-0.303353	-3.006924	-0.199069	-1.187491	-0.562292
1.580000	-0.840547	-0.370163	-3.140466	-0.223506	-1.174835	-0.544432
1.600000	-0.553647	-0.431350	-3.261652	-0.247807	-1.162294	-0.526817
1.620000	-0.281302	-0.483219	-3.368455	-0.271275	-1.149790	-0.509729
1.640000	-0.026155	-0.522075	-3.458844	-0.293212	-1.137242	-0.493448
1.660000	0.209151	-0.544224	-3.530791	-0.312921	-1.124569	-0.478254
1.680000	0.421972	-0.545971	-3.582267	-0.329705	-1.111692	-0.464429
1.700000	0.609664	-0.523621	-3.611242	-0.342866	-1.098531	-0.452252
1.720000	0.769584	-0.473480	-3.615689	-0.351708	-1.085006	-0.442004
1.740000	0.899089	-0.391852	-3.593578	-0.355533	-1.071037	-0.433966
1.760000	0.996725	-0.277107	-3.543898	-0.353898	-1.056562	-0.428306
1.780000	1.065106	-0.134668	-3.469119	-0.347227	-1.041590	-0.424808
1.800000	1.107717	0.028534	-3.372456	-0.336133	-1.026140	-0.423172
1.820000	1.128041	0.205564	-3.257125	-0.321227	-1.010233	-0.423100
1.840000	1.129564	0.389492	-3.126340	-0.303119	-0.993891	-0.424294
1.860000	1.115770	0.573385	-2.983315	-0.282421	-0.977134	-0.426453
1.880000	1.090142	0.750311	-2.831266	-0.259745	-0.959984	-0.429281
1.900000	1.056166	0.913336	-2.673408	-0.235700	-0.942460	-0.432478
1.920000	1.017326	1.055529	-2.512955	-0.210900	-0.924584	-0.435744
1.940000	0.977106	1.169958	-2.353123	-0.185954	-0.906377	-0.438782
1.960000	0.938991	1.249689	-2.197125	-0.161474	-0.887860	-0.441293
1.980000	0.906464	1.287792	-2.048177	-0.138071	-0.869053	-0.442978
2.000000	0.883011	1.277332	-1.909494	-0.116356	-0.849978	-0.443538
2.020000	0.872115	1.211379	-1.784291	-0.096941	-0.830655	-0.442674
2.040000	0.877262	1.082999	-1.675782	-0.080437	-0.811105	-0.440088
2.060000	0.900884	0.887818	-1.586470	-0.067324	-0.791358	-0.435557
2.080000	0.940671	0.633020	-1.515638	-0.057496	-0.771486	-0.429202
2.100000	0.992967	0.329058	-1.461659	-0.050680	-0.751573	-0.421242
2.120000	1.054120	-0.013618	-1.422906	-0.046601	-0.731700	-0.411896
2.140000	1.120475	-0.384556	-1.397752	-0.044987	-0.711953	-0.401382
2.160000	1.188379	-0.773304	-1.384570	-0.045564	-0.692413	-0.389919
2.180000	1.254177	-1.169412	-1.381733	-0.048059	-0.673164	-0.377725
2.200000	1.314216	-1.562427	-1.387615	-0.052199	-0.654291	-0.365019
2.220000	1.364842	-1.941898	-1.400587	-0.057710	-0.635874	-0.352019
2.240000	1.402401	-2.297373	-1.419024	-0.064318	-0.618000	-0.338945
2.260000	1.423240	-2.618401	-1.441297	-0.071751	-0.600749	-0.326014
2.280000	1.423705	-2.894531	-1.465782	-0.079735	-0.584207	-0.313445
2.300000	1.400141	-3.115311	-1.490849	-0.087997	-0.568455	-0.301457
2.320000	1.348895	-3.270290	-1.514873	-0.096263	-0.553578	-0.290269
2.340000	1.266313	-3.349015	-1.536226	-0.104260	-0.539658	-0.280099
2.360000	1.148742	-3.341037	-1.553282	-0.111715	-0.526779	-0.271165
2.380000	0.993090	-3.237288	-1.564517	-0.118374	-0.515019	-0.263670
2.400000	0.801980	-3.042754	-1.569461	-0.124178	-0.504394	-0.257656
2.420000	0.581354	-2.770595	-1.568258	-0.129183	-0.494887	-0.253072
2.440000	0.337199	-2.434070	-1.561058	-0.133446	-0.486480	-0.249863
2.460000	0.075498	-2.046441	-1.548011	-0.137025	-0.479155	-0.247977
2.480000	-0.197762	-1.620966	-1.529267	-0.139976	-0.472894	-0.247362
2.500000	-0.476598	-1.170906	-1.504978	-0.142358	-0.467678	-0.247962
2.520000	-0.755024	-0.709522	-1.475293	-0.144226	-0.463490	-0.249727
2.540000	-1.027054	-0.250074	-1.440364	-0.145638	-0.460312	-0.252602
2.560000	-1.286705	0.194178	-1.400339	-0.146652	-0.458125	-0.256535
2.580000	-1.527991	0.609974	-1.355371	-0.147324	-0.456912	-0.261472
2.600000	-1.744927	0.984054	-1.305609	-0.147712	-0.456654	-0.267360
2.620000	-1.931527	1.303157	-1.251203	-0.147872	-0.457333	-0.274146
2.640000	-2.081808	1.554023	-1.192305	-0.147863	-0.458932	-0.281778
2.660000	-2.189784	1.723392	-1.129064	-0.147740	-0.461432	-0.290202
2.680000	-2.249470	1.798003	-1.061631	-0.147562	-0.464816	-0.299365
2.700000	-2.255077	1.765030	-0.990163	-0.147384	-0.469062	-0.309211
2.720000	-2.206558	1.624308	-0.914998	-0.147227	-0.474080	-0.319616
2.740000	-2.110386	1.390055	-0.836681	-0.147073	-0.479701	-0.330375
2.760000	-1.973385	1.077268	-0.755768	-0.146902	-0.485750	-0.341281
2.780000	-1.802383	0.700943	-0.672814	-0.146693	-0.492054	-0.352125
2.800000	-1.604203	0.276076	-0.588376	-0.146427	-0.498438	-0.362699
2.820000	-1.385673	-0.182335	-0.503009	-0.146081	-0.504728	-0.372795
2.840000	-1.153617	-0.659295	-0.417270	-0.145636	-0.510750	-0.382205
2.860000	-0.914862	-1.139806	-0.331714	-0.145072	-0.516330	-0.390720
2.880000	-0.676232	-1.608874	-0.246897	-0.144368	-0.521293	-0.398132
2.900000	-0.444554	-2.051501	-0.163375	-0.143504	-0.525467	-0.404234
2.920000	-0.226654	-2.452691	-0.081705	-0.142459	-0.528675	-0.408816
2.940000	-0.029356	-2.797447	-0.002441	-0.141213	-0.530746	-0.411671
2.960000	0.140514	-3.070773	0.073860	-0.139746	-0.531503	-0.412590
2.980000	0.276129	-3.257672	0.146641	-0.138036	-0.530774	-0.411366
