0.000000	4.444369	-0.744616	2.411263	-0.008807	-0.844728	-0.199844
0.020000	5.049860	-0.672905	2.492717	0.001999	-0.853004	-0.196952
0.040000	5.610902	-0.617956	2.517595	0.009873	-0.861913	-0.195425
0.060000	6.113833	-0.582859	2.479074	0.014266	-0.871551	-0.195397
0.080000	6.544987	-0.570702	2.370332	0.014628	-0.882016	-0.197001
0.100000	6.891524	-0.584289	2.185307	0.010462	-0.893403	-0.200356
0.120000	7.151114	-0.622812	1.927640	0.001937	-0.905750	-0.205404
0.140000	7.328669	-0.682973	1.607661	-0.010314	-0.919059	-0.211962
0.160000	7.429248	-0.761421	1.235833	-0.025652	-0.933332	-0.219844
0.180000	7.457908	-0.854809	0.822618	-0.043435	-0.948568	-0.228867
0.200000	7.419707	-0.959787	0.378479	-0.063023	-0.964770	-0.238845
0.220000	7.319702	-1.073008	-0.086121	-0.083776	-0.981938	-0.249593
0.240000	7.162951	-1.191122	-0.560719	-0.105052	-1.000074	-0.260927
0.260000	6.954511	-1.310781	-1.034854	-0.126212	-1.019178	-0.272660
0.280000	6.699441	-1.428637	-1.498061	-0.146616	-1.039251	-0.284609
0.300000	6.402797	-1.541339	-1.939879	-0.165621	-1.060295	-0.296589
0.320000	6.069637	-1.645541	-2.349845	-0.182589	-1.082311	-0.308414
0.340000	5.705019	-1.737893	-2.717496	-0.196878	-1.105300	-0.319900
0.360000	5.314000	-1.815046	-3.032370	-0.207847	-1.129262	-0.330862
0.380000	4.901638	-1.873653	-3.284003	-0.214857	-1.154199	-0.341114
0.400000	4.472938	-1.910539	-3.462407	-0.217302	-1.180104	-0.350477
0.420000	4.031951	-1.925779	-3.566348	-0.215222	-1.206817	-0.358855
0.440000	3.581886	-1.922306	-3.602302	-0.209227	-1.234047	-0.366227
0.460000	3.125921	-1.903151	-3.577007	-0.199946	-1.261495	-0.372574
0.480000	2.667238	-1.871345	-3.497203	-0.188007	-1.288865	-0.377879
0.500000	2.209014	-1.829918	-3.369627	-0.174039	-1.315858	-0.382123
0.520000	1.754431	-1.781902	-3.201020	-0.158672	-1.342179	-0.385287
0.540000	1.306668	-1.730327	-2.998120	-0.142534	-1.367529	-0.387354
0.560000	0.868905	-1.678224	-2.767666	-0.126254	-1.391611	-0.388304
0.580000	0.444321	-1.628624	-2.516396	-0.110461	-1.414129	-0.388121
0.600000	0.036096	-1.584558	-2.251050	-0.095783	-1.434784	-0.386784
0.620000	-0.352589	-1.549056	-1.978367	-0.082851	-1.453279	-0.384277
0.640000	-0.718556	-1.525150	-1.705085	-0.072292	-1.469318	-0.380580
0.660000	-1.058625	-1.515869	-1.437943	-0.064735	-1.482603	-0.375676
0.680000	-1.369615	-1.524246	-1.183680	-0.060810	-1.492836	-0.369545
0.700000	-1.648348	-1.553311	-0.949035	-0.061145	-1.499721	-0.362170
0.720000	-1.891643	-1.606094	-0.740747	-0.066369	-1.502960	-0.353532
0.740000	-2.096879	-1.685224	-0.564924	-0.077027	-1.502309	-0.343635
0.760000	-2.266928	-1.789375	-0.421475	-0.092836	-1.498049	-0.332687
0.780000	-2.407775	-1.914975	-0.306792	-0.113043	-1.490759	-0.321019
0.800000	-2.525446	-2.058429	-0.217227	-0.136890	-1.481021	-0.308958
0.820000	-2.625961	-2.216139	-0.149130	-0.163620	-1.469417	-0.296835
0.840000	-2.715345	-2.384509	-0.098854	-0.192474	-1.456530	-0.284979
0.860000	-2.799619	-2.559943	-0.062749	-0.222694	-1.442941	-0.273719
0.880000	-2.884808	-2.738844	-0.037167	-0.253523	-1.429233	-0.263385
0.900000	-2.976935	-2.917615	-0.018459	-0.284203	-1.415988	-0.254307
0.920000	-3.082021	-3.092659	-0.002976	-0.313974	-1.403788	-0.246814
0.940000	-3.206090	-3.260381	0.012929	-0.342081	-1.393215	-0.241235
0.960000	-3.355166	-3.417183	0.032906	-0.367763	-1.384852	-0.237901
0.980000	-3.535270	-3.559470	0.060604	-0.390265	-1.379280	-0.237139
1.000000	-3.752426	-3.683643	0.099671	-0.408827	-1.377082	-0.239281
1.020000	-4.012658	-3.786108	0.153755	-0.422691	-1.378840	-0.244655
1.040000	-4.321987	-3.863267	0.226506	-0.431100	-1.385137	-0.253591
1.060000	-4.686165	-3.911609	0.321444	-0.433323	-1.396532	-0.266403
1.080000	-5.103320	-3.930026	0.438507	-0.429391	-1.413010	-0.282964
1.100000	-5.563130	-3.920074	0.573659	-0.420179	-1.433908	-0.302660
1.120000	-6.054832	-3.883446	0.722659	-0.406607	-1.458533	-0.324852
1.140000	-6.567663	-3.821836	0.881265	-0.389593	-1.486192	-0.348900
1.160000	-7.090862	-3.736939	1.045235	-0.370058	-1.516188	-0.374164
1.180000	-7.613665	-3.630448	1.210326	-0.348921	-1.547830	-0.400005
1.200000	-8.125309	-3.504057	1.372298	-0.327101	-1.580422	-0.425783
1.220000	-8.615032	-3.359461	1.526907	-0.305518	-1.613271	-0.450859
1.240000	-9.072072	-3.198354	1.669913	-0.285090	-1.645683	-0.474592
1.260000	-9.485665	-3.022429	1.797072	-0.266738	-1.676963	-0.496343
1.280000	-9.845049	-2.833380	1.904143	-0.251381	-1.706417	-0.515473
1.300000	-10.139461	-2.632902	1.986885	-0.239938	-1.733351	-0.531342
1.320000	-10.358139	-2.422688	2.041054	-0.233329	-1.757072	-0.543310
1.340000	-10.490320	-2.204433	2.062410	-0.232472	-1.776885	-0.550738
1.360000	-10.525242	-1.979831	2.046710	-0.238288	-1.792097	-0.552986
1.380000	-10.453980	-1.750508	1.990459	-0.251536	-1.802108	-0.549526
1.400000	-10.281792	-1.517581	1.895919	-0.271739	-1.807065	-0.540689
1.420000	-10.020530	-1.281924	1.768031	-0.297848	-1.807457	-0.527205
1.440000	-9.682081	-1.044412	1.611748	-0.328807	-1.803777	-0.509809
1.460000	-9.278332	-0.805921	1.432025	-0.363565	-1.796516	-0.489232
1.480000	-8.821172	-0.567325	1.233817	-0.401066	-1.786167	-0.466208
1.500000	-8.322488	-0.329499	1.022079	-0.440258	-1.773221	-0.441470
1.520000	-7.794167	-0.093318	0.801764	-0.480086	-1.758171	-0.415751
1.540000	-7.248099	0.140344	0.577828	-0.519497	-1.741508	-0.389784
1.560000	-6.696169	0.370611	0.355225	-0.557438	-1.723726	-0.364302
1.580000	-6.150267	0.596609	0.138910	-0.592854	-1.705315	-0.340037
1.600000	-5.622280	0.817463	-0.066163	-0.624692	-1.686768	-0.317723
1.620000	-5.124095	1.032299	-0.255039	-0.651899	-1.668577	-0.298094
1.640000	-4.667600	1.240241	-0.422764	-0.673420	-1.651234	-0.281881
1.660000	-4.264683	1.440414	-0.564383	-0.688202	-1.635230	-0.269818
1.680000	-3.927228	1.631945	-0.674943	-0.695192	-1.621059	-0.262638
1.700000	-3.663155	1.814138	-0.751307	-0.693818	-1.609064	-0.260782
1.720000	-3.469062	1.986814	-0.795519	-0.684880	-1.599167	-0.263863
1.740000	-3.339539	2.149884	-0.810546	-0.669424	-1.591214	-0.271346
1.760000	-3.269174	2.303260	-0.799353	-0.648495	-1.585054	-0.282695
1.780000	-3.252556	2.446853	-0.764906	-0.623139	-1.580533	-0.297374
1.800000	-3.284273	2.580575	-0.710170	-0.594400	-1.577499	-0.314849
1.820000	-3.358915	2.704337	-0.638111	-0.563324	-1.575797	-0.334584
1.840000	-3.471069	2.818051	-0.551695	-0.530956	-1.575275	-0.356044
1.860000	-3.615326	2.921628	-0.453888	-0.498341	-1.575781	-0.378693
1.880000	-3.786274	3.014980	-0.347655	-0.466524	-1.577161	-0.401996
1.900000	-3.978501	3.098019	-0.235961	-0.436550	-1.579263	-0.425419
1.920000	-4.186596	3.170655	-0.121773	-0.409466	-1.581932	-0.448424
1.940000	-4.405148	3.232800	-0.008057	-0.386315	-1.585017	-0.470478
1.960000	-4.628746	3.284367	0.102223	-0.368143	-1.588365	-0.491045
1.980000	-4.851979	3.325265	0.206101	-0.355996	-1.591822	-0.509589
2.000000	-5.069435	3.355408	0.300610	-0.350917	-1.595235	-0.525576
2.020000	-5.276180	3.374655	0.383199	-0.353722	-1.598472	-0.538550
2.040000	-5.470199	3.382555	0.453851	-0.363798	-1.601522	-0.548555
2.060000	-5.650582	3.378536	0.513507	-0.379998	-1.604419	-0.555822
2.080000	-5.816423	3.362029	0.563113	-0.401171	-1.607200	-0.560581
2.100000	-5.966815	3.332464	0.603613	-0.426168	-1.609899	-0.563063
2.120000	-6.100850	3.289269	0.635952	-0.453838	-1.612552	-0.563501
2.140000	-6.217622	3.231874	0.661072	-0.483031	-1.615195	-0.562124
2.160000	-6.316223	3.159709	0.679920	-0.512598	-1.617863	-0.559165
2.180000	-6.395747	3.072204	0.693439	-0.541389	-1.620591	-0.554854
2.200000	-6.455286	2.968787	0.702573	-0.568253	-1.623415	-0.549422
2.220000	-6.493933	2.848888	0.708268	-0.592041	-1.626369	-0.543100
2.240000	-6.510781	2.711937	0.711467	-0.611603	-1.629491	-0.536121
2.260000	-6.504924	2.557363	0.713114	-0.625788	-1.632814	-0.528714
