0.000000	2.633924	-0.617662	2.312772	0.040609	-0.470168	-0.289248
0.020000	2.165388	-0.843066	2.191222	0.033768	-0.472992	-0.286105
0.040000	1.719614	-1.062255	2.056016	0.025624	-0.476328	-0.281691
0.060000	1.300414	-1.271636	1.909960	0.016486	-0.480028	-0.276252
0.080000	0.911601	-1.467617	1.755864	0.006663	-0.483942	-0.270036
0.100000	0.556989	-1.646608	1.596535	-0.003537	-0.487923	-0.263290
0.120000	0.240390	-1.805015	1.434780	-0.013806	-0.491820	-0.256262
0.140000	-0.034383	-1.939247	1.273407	-0.023835	-0.495486	-0.249199
0.160000	-0.263517	-2.045713	1.115223	-0.033315	-0.498771	-0.242348
0.180000	-0.443199	-2.120821	0.963037	-0.041939	-0.501526	-0.235958
0.200000	-0.569616	-2.160978	0.819656	-0.049397	-0.503603	-0.230274
0.220000	-0.638955	-2.162594	0.687888	-0.055382	-0.504852	-0.225546
0.240000	-0.647403	-2.122076	0.570541	-0.059585	-0.505125	-0.222019
0.260000	-0.591148	-2.035832	0.470422	-0.061697	-0.504272	-0.219942
0.280000	-0.466439	-1.900328	0.390312	-0.061413	-0.502147	-0.219559
0.300000	-0.274346	-1.716332	0.330970	-0.058668	-0.498730	-0.220956
0.320000	-0.024075	-1.491876	0.289740	-0.053801	-0.494220	-0.223950
0.340000	0.274387	-1.235696	0.263637	-0.047191	-0.488836	-0.228328
0.360000	0.611053	-0.956522	0.249678	-0.039215	-0.482796	-0.233882
0.380000	0.975933	-0.663089	0.244878	-0.030252	-0.476319	-0.240400
0.400000	1.359040	-0.364129	0.246251	-0.020681	-0.469624	-0.247673
0.420000	1.750386	-0.068376	0.250814	-0.010879	-0.462929	-0.255489
0.440000	2.139983	0.215437	0.255582	-0.001226	-0.456455	-0.263640
0.460000	2.517842	0.478579	0.257571	0.007901	-0.450418	-0.271913
0.480000	2.873976	0.712314	0.253796	0.016123	-0.445039	-0.280099
0.500000	3.198396	0.907911	0.241272	0.023063	-0.440536	-0.287988
0.520000	3.481115	1.056636	0.217015	0.028340	-0.437128	-0.295370
0.540000	3.712145	1.149757	0.178041	0.031578	-0.435034	-0.302032
0.560000	3.881496	1.178539	0.121364	0.032398	-0.434472	-0.307767
0.580000	3.980587	1.135660	0.044507	0.030483	-0.435632	-0.312386
0.600000	4.011593	1.024573	-0.051144	0.025983	-0.438468	-0.315881
0.620000	3.981658	0.853719	-0.162411	0.019265	-0.442828	-0.318325
0.640000	3.897954	0.631560	-0.286111	0.010699	-0.448561	-0.319795
0.660000	3.767655	0.366562	-0.419058	0.000652	-0.455513	-0.320363
0.680000	3.597932	0.067188	-0.558066	-0.010508	-0.463533	-0.320104
0.700000	3.395957	-0.258095	-0.699951	-0.022411	-0.472467	-0.319094
0.720000	3.168902	-0.600824	-0.841527	-0.034691	-0.482163	-0.317405
0.740000	2.923940	-0.952534	-0.979609	-0.046978	-0.492468	-0.315113
0.760000	2.668242	-1.304761	-1.111012	-0.058904	-0.503230	-0.312293
0.780000	2.408982	-1.649040	-1.232550	-0.070102	-0.514296	-0.309018
0.800000	2.153331	-1.976905	-1.341039	-0.080201	-0.525514	-0.305363
0.820000	1.908461	-2.279894	-1.433292	-0.088836	-0.536732	-0.301403
0.840000	1.681544	-2.549541	-1.506126	-0.095636	-0.547796	-0.297212
0.860000	1.479753	-2.777381	-1.556354	-0.100234	-0.558554	-0.292865
0.880000	1.310260	-2.954950	-1.580791	-0.102262	-0.568854	-0.288435
0.900000	1.180237	-3.073784	-1.576253	-0.101351	-0.578543	-0.283998
0.920000	1.096743	-3.125550	-1.539618	-0.097140	-0.587472	-0.279627
0.940000	1.061683	-3.107971	-1.470698	-0.089616	-0.595622	-0.275388
0.960000	1.069792	-3.027184	-1.373385	-0.079246	-0.603160	-0.271330
0.980000	1.115279	-2.889952	-1.251870	-0.066534	-0.610265	-0.267504
1.000000	1.192349	-2.703036	-1.110346	-0.051985	-0.617116	-0.263960
1.020000	1.295210	-2.473197	-0.953004	-0.036101	-0.623893	-0.260746
1.040000	1.418068	-2.207196	-0.784038	-0.019387	-0.630776	-0.257914
1.060000	1.555130	-1.911795	-0.607639	-0.002346	-0.637943	-0.255512
1.080000	1.700603	-1.593755	-0.427999	0.014518	-0.645574	-0.253590
1.100000	1.848693	-1.259837	-0.249312	0.030701	-0.653848	-0.252199
1.120000	1.993608	-0.916802	-0.075768	0.045701	-0.662946	-0.251388
1.140000	2.129553	-0.571412	0.088440	0.059012	-0.673046	-0.251206
1.160000	2.250737	-0.230428	0.239119	0.070131	-0.684327	-0.251704
1.180000	2.351365	0.099389	0.372078	0.078555	-0.696970	-0.252931
1.200000	2.425645	0.411277	0.483123	0.083779	-0.711153	-0.254937
1.220000	2.467783	0.698476	0.568064	0.085301	-0.727057	-0.257772
1.240000	2.472477	0.954700	0.623237	0.082679	-0.744831	-0.261477
1.260000	2.439473	1.178576	0.650435	0.076130	-0.764336	-0.266000
1.280000	2.371494	1.371621	0.654660	0.066253	-0.785261	-0.271236
1.300000	2.271297	1.535391	0.640959	0.053655	-0.807290	-0.277081
1.320000	2.141643	1.671438	0.614375	0.038941	-0.830111	-0.283428
1.340000	1.985291	1.781319	0.579954	0.022718	-0.853410	-0.290172
1.360000	1.804999	1.866588	0.542741	0.005590	-0.876871	-0.297206
1.380000	1.603529	1.928798	0.507781	-0.011835	-0.900183	-0.304426
1.400000	1.383638	1.969506	0.480118	-0.028953	-0.923030	-0.311724
1.420000	1.148086	1.990266	0.464799	-0.045157	-0.945098	-0.318997
1.440000	0.899632	1.992632	0.466867	-0.059842	-0.966075	-0.326138
1.460000	0.641036	1.978159	0.491367	-0.072402	-0.985645	-0.333041
1.480000	0.375057	1.948401	0.543345	-0.082231	-1.003495	-0.339600
1.500000	0.104455	1.904913	0.627846	-0.088723	-1.019311	-0.345711
1.520000	-0.168012	1.849250	0.749915	-0.091273	-1.032780	-0.351267
1.540000	-0.439588	1.782929	0.914123	-0.089319	-1.043608	-0.356167
1.560000	-0.707575	1.706919	1.118191	-0.082944	-1.051826	-0.360396
1.580000	-0.969320	1.621777	1.354666	-0.072718	-1.057705	-0.363996
1.600000	-1.222167	1.528049	1.615969	-0.059222	-1.061523	-0.367014
1.620000	-1.463465	1.426282	1.894522	-0.043037	-1.063556	-0.369495
1.640000	-1.690560	1.317021	2.182746	-0.024745	-1.064084	-0.371486
1.660000	-1.900798	1.200814	2.473063	-0.004928	-1.063382	-0.373033
1.680000	-2.091526	1.078206	2.757893	0.015834	-1.061729	-0.374180
1.700000	-2.260092	0.949744	3.029657	0.036958	-1.059402	-0.374975
1.720000	-2.403841	0.815975	3.280778	0.057864	-1.056679	-0.375463
1.740000	-2.520120	0.677444	3.503676	0.077970	-1.053837	-0.375690
1.760000	-2.606276	0.534699	3.690773	0.096695	-1.051153	-0.375702
1.780000	-2.659656	0.388285	3.834489	0.113457	-1.048906	-0.375544
1.800000	-2.677605	0.238750	3.927246	0.127675	-1.047372	-0.375263
1.820000	-2.657472	0.086638	3.961466	0.138768	-1.046829	-0.374905
1.840000	-2.596603	-0.067502	3.929569	0.146153	-1.047554	-0.374515
1.860000	-2.492406	-0.223118	3.824102	0.149259	-1.049823	-0.374139
1.880000	-2.345530	-0.379240	3.644119	0.147942	-1.053743	-0.373799
1.900000	-2.161379	-0.534292	3.398227	0.142690	-1.059182	-0.373484
1.920000	-1.945737	-0.686650	3.095797	0.134042	-1.065988	-0.373178
1.940000	-1.704388	-0.834689	2.746197	0.122538	-1.074006	-0.372869
1.960000	-1.443116	-0.976784	2.358799	0.108716	-1.083085	-0.372541
1.980000	-1.167703	-1.111310	1.942972	0.093115	-1.093072	-0.372181
2.000000	-0.883935	-1.236643	1.508086	0.076274	-1.103814	-0.371773
2.020000	-0.597594	-1.351158	1.063510	0.058731	-1.115159	-0.371304
2.040000	-0.314465	-1.453231	0.618615	0.041027	-1.126954	-0.370759
2.060000	-0.040331	-1.541235	0.182771	0.023698	-1.139045	-0.370123
2.080000	0.219025	-1.613548	-0.234653	0.007285	-1.151281	-0.369384
2.100000	0.457818	-1.668544	-0.624287	-0.007674	-1.163509	-0.368525
2.120000	0.670264	-1.704598	-0.976761	-0.020639	-1.175576	-0.367533
2.140000	0.850581	-1.720086	-1.282705	-0.031073	-1.187329	-0.366393
2.160000	0.992983	-1.713382	-1.532750	-0.038436	-1.198616	-0.365092
2.180000	1.091691	-1.682864	-1.717527	-0.042189	-1.209284	-0.363614
2.200000	1.143276	-1.628196	-1.831281	-0.042021	-1.219231	-0.361937
2.220000	1.151322	-1.552878	-1.878995	-0.038295	-1.228510	-0.360013
2.240000	1.120704	-1.461118	-1.867636	-0.031499	-1.237200	-0.357791
2.260000	1.056300	-1.357123	-1.804175	-0.022120	-1.245381	-0.355217
2.280000	0.962987	-1.245102	-1.695580	-0.010647	-1.253133	-0.352239
2.300000	0.845644	-1.129263	-1.548820	0.002432	-1.260535	-0.348806
2.320000	0.709146	-1.013815	-1.370863	0.016630	-1.267668	-0.344864
2.340000	0.558371	-0.902964	-1.168680	0.031458	-1.274611	-0.340362
2.360000	0.398197	-0.800920	-0.949238	0.046429	-1.281444	-0.335247
2.380000	0.233501	-0.711891	-0.719507	0.061054	-1.288247	-0.329467
2.400000	0.069160	-0.640084	-0.486456	0.074846	-1.295099	-0.322969
2.420000	-0.089949	-0.589709	-0.257054	0.087316	-1.302082	-0.315702
2.440000	-0.238948	-0.564972	-0.038269	0.097977	-1.309273	-0.307613
2.460000	-0.372959	-0.570082	0.162929	0.106341	-1.316755	-0.298649
2.480000	-0.487107	-0.609248	0.339572	0.111920	-1.324605	-0.288759
2.500000	-0.576513	-0.686677	0.484690	0.114225	-1.332904	-0.277890
2.520000	-0.636938	-0.805370	0.592421	0.112860	-1.341709	-0.266023
2.540000	-0.668216	-0.960611	0.663973	0.108010	-1.350928	-0.253359
2.560000	-0.671788	-1.144646	0.703339	0.100091	-1.360414	-0.240184
2.580000	-0.649097	-1.349711	0.714519	0.089516	-1.370017	-0.226783
2.600000	-0.601587	-1.568046	0.701510	0.076702	-1.379589	-0.213442
2.620000	-0.530701	-1.791887	0.668314	0.062063	-1.388980	-0.200448
2.640000	-0.437882	-2.013472	0.618929	0.046014	-1.398042	-0.188085
2.660000	-0.324574	-2.225040	0.557354	0.028971	-1.406625	-0.176640
2.680000	-0.192221	-2.418829	0.487589	0.011349	-1.414581	-0.166399
2.700000	-0.042266	-2.587075	0.413633	-0.006436	-1.421761	-0.157647
2.720000	0.123848	-2.722018	0.339486	-0.023971	-1.428015	-0.150671
2.740000	0.304676	-2.815895	0.269146	-0.040839	-1.433196	-0.145757
