0.000000	1.216863	5.994089	-5.138440	0.346384	-0.136145	-0.041534
0.020000	1.574238	5.479037	-4.833303	0.334432	-0.159107	-0.040044
0.040000	1.992072	4.932860	-4.480754	0.317541	-0.183474	-0.038916
0.060000	2.453899	4.368705	-4.094234	0.296529	-0.208525	-0.038160
0.080000	2.943257	3.799721	-3.687186	0.272214	-0.233541	-0.037789
0.100000	3.443682	3.239054	-3.273051	0.245414	-0.257802	-0.037814
0.120000	3.938708	2.699853	-2.865272	0.216945	-0.280587	-0.038246
0.140000	4.411874	2.195264	-2.477291	0.187626	-0.301177	-0.039098
0.160000	4.846713	1.738437	-2.122548	0.158275	-0.318851	-0.040380
0.180000	5.226763	1.342518	-1.814487	0.129708	-0.332889	-0.042104
0.200000	5.535560	1.020655	-1.566549	0.102743	-0.342571	-0.044282
0.220000	5.756639	0.785996	-1.392176	0.078199	-0.347177	-0.046925
0.240000	5.873537	0.651689	-1.304810	0.056892	-0.345988	-0.050045
0.260000	5.871643	0.629288	-1.316388	0.039584	-0.338390	-0.053642
0.280000	5.754569	0.714697	-1.424071	0.026484	-0.324835	-0.057603
0.300000	5.536265	0.894941	-1.616630	0.017489	-0.306379	-0.061752
0.320000	5.230799	1.156938	-1.882742	0.012490	-0.284081	-0.065912
0.340000	4.852240	1.487611	-2.211084	0.011380	-0.259005	-0.069906
0.360000	4.414658	1.873879	-2.590331	0.014051	-0.232211	-0.073557
0.380000	3.932122	2.302664	-3.009160	0.020396	-0.204760	-0.076687
0.400000	3.418701	2.760886	-3.456247	0.030306	-0.177715	-0.079120
0.420000	2.888463	3.235465	-3.920267	0.043675	-0.152137	-0.080678
0.440000	2.355479	3.713323	-4.389898	0.060395	-0.129087	-0.081184
0.460000	1.833816	4.181379	-4.853815	0.080358	-0.109627	-0.080462
0.480000	1.337544	4.626556	-5.300695	0.103456	-0.094818	-0.078333
0.500000	0.880732	5.035773	-5.719214	0.129582	-0.085723	-0.074621
0.520000	0.477450	5.395950	-6.098048	0.158628	-0.083401	-0.069149
0.540000	0.141766	5.694010	-6.425873	0.190486	-0.088915	-0.061740
0.560000	-0.112251	5.916872	-6.691366	0.225049	-0.103327	-0.052216
0.580000	-0.270532	6.051457	-6.883202	0.262209	-0.127697	-0.040401
0.600000	-0.322055	6.087439	-6.992470	0.301836	-0.162796	-0.026176
0.620000	-0.273332	6.030333	-7.024129	0.343667	-0.207710	-0.009764
0.640000	-0.137135	5.891311	-6.988095	0.387394	-0.260929	0.008494
0.660000	0.073758	5.681549	-6.894287	0.432706	-0.320937	0.028254
0.680000	0.346566	5.412224	-6.752623	0.479296	-0.386224	0.049173
0.700000	0.668512	5.094515	-6.573025	0.526853	-0.455275	0.070908
0.720000	1.026815	4.739598	-6.365412	0.575068	-0.526577	0.093116
0.740000	1.408697	4.358651	-6.139704	0.623632	-0.598617	0.115453
0.760000	1.801378	3.962851	-5.905820	0.672236	-0.669883	0.137577
0.780000	2.192080	3.563377	-5.673680	0.720570	-0.738861	0.159145
0.800000	2.568023	3.171404	-5.453204	0.768326	-0.804038	0.179814
0.820000	2.916428	2.798111	-5.254312	0.815195	-0.863901	0.199240
0.840000	3.224516	2.454675	-5.086923	0.860865	-0.916937	0.217081
0.860000	3.479508	2.152273	-4.960957	0.905030	-0.961633	0.232993
0.880000	3.668624	1.902084	-4.886334	0.947379	-0.996476	0.246634
0.900000	3.779120	1.715255	-4.872945	0.987604	-1.019957	0.257660
0.920000	3.804863	1.597475	-4.924981	1.025505	-1.031421	0.265907
0.940000	3.754211	1.542459	-5.034142	1.061124	-1.032080	0.271590
0.960000	3.637447	1.542334	-5.190472	1.094533	-1.023396	0.274978
0.980000	3.464853	1.589227	-5.384014	1.125805	-1.006831	0.276339
1.000000	3.246708	1.675267	-5.604814	1.155013	-0.983846	0.275942
1.020000	2.993294	1.792581	-5.842914	1.182229	-0.955901	0.274054
1.040000	2.714894	1.933297	-6.088359	1.207526	-0.924460	0.270945
1.060000	2.421787	2.089542	-6.331193	1.230977	-0.890982	0.266882
1.080000	2.124256	2.253445	-6.561460	1.252654	-0.856929	0.262133
1.100000	1.832582	2.417133	-6.769203	1.272631	-0.823763	0.256967
1.120000	1.557045	2.572733	-6.944466	1.290980	-0.792944	0.251653
1.140000	1.307927	2.712373	-7.077295	1.307773	-0.765935	0.246457
1.160000	1.095510	2.828181	-7.157731	1.323084	-0.744196	0.241650
1.180000	0.930075	2.912285	-7.175820	1.336985	-0.729189	0.237498
1.200000	0.821903	2.956812	-7.121606	1.349549	-0.722376	0.234270
1.220000	0.780782	2.954170	-6.985661	1.360853	-0.725150	0.232224
1.240000	0.806738	2.902298	-6.769059	1.371049	-0.737601	0.231413
1.260000	0.890838	2.804214	-6.482503	1.380363	-0.758614	0.231702
1.280000	1.023816	2.663125	-6.137055	1.389019	-0.787033	0.232948
1.300000	1.196407	2.482236	-5.743778	1.397245	-0.821700	0.235010
1.320000	1.399345	2.264754	-5.313732	1.405267	-0.861458	0.237745
1.340000	1.623364	2.013884	-4.857981	1.413311	-0.905149	0.241010
1.360000	1.859200	1.732832	-4.387585	1.421605	-0.951615	0.244665
1.380000	2.097586	1.424805	-3.913607	1.430373	-0.999700	0.248566
1.400000	2.329258	1.093009	-3.447108	1.439844	-1.048246	0.252571
1.420000	2.544950	0.740649	-2.999150	1.450242	-1.096096	0.256539
1.440000	2.735395	0.370931	-2.580796	1.461796	-1.142091	0.260327
1.460000	2.891330	-0.012938	-2.203106	1.474730	-1.185076	0.263792
1.480000	3.003487	-0.407752	-1.877143	1.489272	-1.223891	0.266793
1.500000	3.062603	-0.810306	-1.613969	1.505649	-1.257381	0.269187
1.520000	3.059410	-1.217393	-1.424645	1.524085	-1.284387	0.270833
1.540000	2.986585	-1.625651	-1.317979	1.544745	-1.303956	0.271612
1.560000	2.848698	-2.030763	-1.288969	1.567404	-1.316382	0.271560
1.580000	2.654819	-2.428048	-1.327381	1.591688	-1.322434	0.270768
1.600000	2.414032	-2.812825	-1.422974	1.617226	-1.322880	0.269328
1.620000	2.135416	-3.180414	-1.565505	1.643644	-1.318489	0.267332
1.640000	1.828054	-3.526134	-1.744731	1.670571	-1.310029	0.264873
1.660000	1.501027	-3.845304	-1.950410	1.697633	-1.298268	0.262042
1.680000	1.163415	-4.133243	-2.172300	1.724459	-1.283977	0.258932
1.700000	0.824300	-4.385271	-2.400158	1.750675	-1.267922	0.255634
1.720000	0.492763	-4.596707	-2.623742	1.775909	-1.250873	0.252241
1.740000	0.177885	-4.762870	-2.832809	1.799788	-1.233598	0.248844
1.760000	-0.111252	-4.879079	-3.017117	1.821941	-1.216866	0.245536
1.780000	-0.365568	-4.940654	-3.166423	1.841993	-1.201445	0.242408
1.800000	-0.575980	-4.942914	-3.270485	1.859574	-1.188105	0.239554
1.820000	-0.733409	-4.881178	-3.319061	1.874309	-1.177613	0.237064
1.840000	-0.828772	-4.750765	-3.301909	1.885827	-1.170738	0.235031
1.860000	-0.853678	-4.547593	-3.209578	1.893782	-1.168200	0.233543
1.880000	-0.809833	-4.276329	-3.044241	1.898230	-1.170001	0.232619
1.900000	-0.706607	-3.948286	-2.816889	1.899531	-1.175600	0.232232
1.920000	-0.553559	-3.574939	-2.538730	1.898053	-1.184440	0.232350
1.940000	-0.360250	-3.167763	-2.220974	1.894162	-1.195966	0.232942
1.960000	-0.136239	-2.738235	-1.874831	1.888226	-1.209623	0.233977
1.980000	0.108913	-2.297831	-1.511510	1.880613	-1.224854	0.235425
2.000000	0.365647	-1.858027	-1.142221	1.871689	-1.241105	0.237255
2.020000	0.624403	-1.430298	-0.778173	1.861823	-1.257820	0.239436
2.040000	0.875621	-1.026121	-0.430577	1.851381	-1.274443	0.241937
2.060000	1.109740	-0.656972	-0.110641	1.840732	-1.290419	0.244727
2.080000	1.317201	-0.334327	0.170425	1.830242	-1.305193	0.247777
2.100000	1.488444	-0.069661	0.401411	1.820279	-1.318208	0.251054
2.120000	1.613909	0.125549	0.571107	1.811211	-1.328909	0.254529
2.140000	1.684036	0.239828	0.668305	1.803404	-1.336740	0.258170
