0.000000	0.426685	4.115911	-0.684655	0.288358	-0.129500	-0.178482
0.020000	0.100071	4.665589	-0.914573	0.301788	-0.120057	-0.180487
0.040000	-0.134194	5.122537	-1.079090	0.312763	-0.111805	-0.181089
0.060000	-0.259073	5.466266	-1.165754	0.320743	-0.104968	-0.180079
0.080000	-0.257995	5.676782	-1.162448	0.325200	-0.099767	-0.177254
0.100000	-0.129499	5.750156	-1.067980	0.326041	-0.096225	-0.172621
0.120000	0.109885	5.701581	-0.894171	0.323687	-0.094132	-0.166442
0.140000	0.442576	5.547370	-0.653599	0.318589	-0.093265	-0.158991
0.160000	0.850991	5.303834	-0.358843	0.311199	-0.093400	-0.150544
0.180000	1.317549	4.987285	-0.022482	0.301968	-0.094314	-0.141374
0.200000	1.824669	4.614035	0.342904	0.291349	-0.095782	-0.131759
0.220000	2.354767	4.200397	0.724737	0.279791	-0.097582	-0.121972
0.240000	2.890264	3.762682	1.110438	0.267747	-0.099488	-0.112289
0.260000	3.413576	3.317202	1.487427	0.255668	-0.101279	-0.102985
0.280000	3.907122	2.880270	1.843125	0.244006	-0.102729	-0.094335
0.300000	4.353321	2.468196	2.164954	0.233212	-0.103616	-0.086614
0.320000	4.734591	2.097294	2.440334	0.223738	-0.103716	-0.080098
0.340000	5.033350	1.783875	2.656686	0.216034	-0.102805	-0.075060
0.360000	5.232016	1.544252	2.801430	0.210553	-0.100659	-0.071778
0.380000	5.313008	1.394735	2.861989	0.207745	-0.097056	-0.070525
0.400000	5.261293	1.349499	2.827619	0.207997	-0.091808	-0.071536
0.420000	5.083321	1.404688	2.703060	0.211137	-0.085045	-0.074709
0.440000	4.796317	1.547410	2.500814	0.216715	-0.077057	-0.079772
0.460000	4.417585	1.764703	2.233439	0.224278	-0.068133	-0.086450
0.480000	3.964428	2.043606	1.913497	0.233374	-0.058562	-0.094469
0.500000	3.454152	2.371158	1.553548	0.243549	-0.048635	-0.103557
0.520000	2.904060	2.734396	1.166150	0.254353	-0.038640	-0.113439
0.540000	2.331457	3.120360	0.763865	0.265332	-0.028869	-0.123841
0.560000	1.753646	3.516089	0.359251	0.276034	-0.019610	-0.134491
0.580000	1.187932	3.908621	-0.035131	0.286006	-0.011153	-0.145114
0.600000	0.651619	4.284996	-0.406721	0.294796	-0.003788	-0.155436
0.620000	0.162012	4.632251	-0.742959	0.301952	0.002195	-0.165184
0.640000	-0.263586	4.937425	-1.031285	0.307021	0.006507	-0.174084
0.660000	-0.607869	5.187557	-1.259140	0.309550	0.008858	-0.181863
0.680000	-0.853535	5.369687	-1.413964	0.309088	0.008959	-0.188246
0.700000	-0.983282	5.470854	-1.483198	0.305181	0.006519	-0.192961
0.720000	-0.986742	5.483295	-1.459476	0.297587	0.001385	-0.195830
0.740000	-0.874999	5.415320	-1.351488	0.286711	-0.006170	-0.196981
0.760000	-0.663275	5.278338	-1.171022	0.273083	-0.015795	-0.196597
0.780000	-0.366791	5.083758	-0.929867	0.257233	-0.027136	-0.194865
0.800000	-0.000768	4.842991	-0.639809	0.239692	-0.039842	-0.191968
0.820000	0.419571	4.567446	-0.312636	0.220990	-0.053559	-0.188092
0.840000	0.879006	4.268533	0.039862	0.201657	-0.067935	-0.183420
0.860000	1.362314	3.957662	0.405899	0.182223	-0.082617	-0.178138
0.880000	1.854275	3.646242	0.773687	0.163219	-0.097253	-0.172430
0.900000	2.339666	3.345682	1.131437	0.145174	-0.111489	-0.166481
0.920000	2.803266	3.067393	1.467362	0.128618	-0.124973	-0.160476
0.940000	3.229855	2.822784	1.769674	0.114083	-0.137353	-0.154599
0.960000	3.604209	2.623265	2.026585	0.102098	-0.148275	-0.149036
0.980000	3.911109	2.480246	2.226307	0.093193	-0.157387	-0.143970
1.000000	4.135331	2.405136	2.357052	0.087899	-0.164337	-0.139586
1.020000	4.261655	2.409344	2.407032	0.086745	-0.168771	-0.136070
1.040000	4.274860	2.504282	2.364460	0.090263	-0.170337	-0.133606
1.060000	4.161507	2.699896	2.218971	0.098918	-0.168725	-0.132361
1.080000	3.928559	2.989422	1.976494	0.112463	-0.164110	-0.132307
1.100000	3.595982	3.355445	1.653340	0.130192	-0.156977	-0.133291
1.120000	3.183952	3.780375	1.265987	0.151390	-0.147814	-0.135158
1.140000	2.712644	4.246624	0.830913	0.175345	-0.137112	-0.137753
1.160000	2.202233	4.736604	0.364597	0.201344	-0.125360	-0.140920
1.180000	1.672896	5.232726	-0.116482	0.228672	-0.113047	-0.144505
1.200000	1.144806	5.717402	-0.595846	0.256618	-0.100664	-0.148351
1.220000	0.638141	6.173043	-1.057016	0.284467	-0.088698	-0.152305
1.240000	0.173075	6.582062	-1.483514	0.311506	-0.077641	-0.156210
1.260000	-0.230215	6.926869	-1.858861	0.337022	-0.067982	-0.159912
1.280000	-0.551556	7.189876	-2.166579	0.360302	-0.060209	-0.163256
1.300000	-0.770771	7.353495	-2.390189	0.380631	-0.054813	-0.166086
1.320000	-0.867684	7.400137	-2.513213	0.397298	-0.052284	-0.168247
1.340000	-0.822148	7.312239	-2.519193	0.409589	-0.053109	-0.169585
1.360000	-0.624587	7.081837	-2.400073	0.417092	-0.057537	-0.170009
1.380000	-0.291929	6.725036	-2.168851	0.420142	-0.065213	-0.169593
1.400000	0.154809	6.261653	-1.841776	0.419192	-0.075687	-0.168438
1.420000	0.694609	5.711504	-1.435094	0.414695	-0.088511	-0.166642
1.440000	1.306456	5.094406	-0.965053	0.407102	-0.103235	-0.164305
1.460000	1.969333	4.430175	-0.447899	0.396867	-0.119411	-0.161527
1.480000	2.662223	3.738628	0.100120	0.384442	-0.136590	-0.158406
1.500000	3.364109	3.039581	0.662757	0.370279	-0.154323	-0.155042
1.520000	4.053974	2.352852	1.223765	0.354830	-0.172162	-0.151535
1.540000	4.710803	1.698256	1.766896	0.338549	-0.189657	-0.147983
1.560000	5.313578	1.095610	2.275903	0.321886	-0.206359	-0.144487
1.580000	5.841283	0.564731	2.734540	0.305296	-0.221820	-0.141146
1.600000	6.272901	0.125436	3.126559	0.289229	-0.235591	-0.138059
1.620000	6.587416	-0.202460	3.435713	0.274139	-0.247222	-0.135326
1.640000	6.763810	-0.399139	3.645754	0.260478	-0.256266	-0.133045
1.660000	6.781836	-0.445531	3.741010	0.248686	-0.262288	-0.131313
1.680000	6.640223	-0.340965	3.719955	0.238914	-0.265225	-0.130145
1.700000	6.357420	-0.103893	3.595773	0.231010	-0.265400	-0.129469
1.720000	5.952793	0.246345	3.382328	0.224810	-0.263154	-0.129209
1.740000	5.445710	0.690408	3.093487	0.220148	-0.258828	-0.129292
1.760000	4.855538	1.208953	2.743117	0.216857	-0.252761	-0.129642
1.780000	4.201644	1.782639	2.345082	0.214774	-0.245296	-0.130183
1.800000	3.503396	2.392125	1.913250	0.213733	-0.236771	-0.130841
1.820000	2.780159	3.018069	1.461486	0.213568	-0.227529	-0.131541
1.840000	2.051302	3.641131	1.003656	0.214113	-0.217910	-0.132207
1.860000	1.336191	4.241969	0.553626	0.215204	-0.208254	-0.132765
1.880000	0.654193	4.801241	0.125263	0.216675	-0.198902	-0.133140
1.900000	0.024676	5.299606	-0.267567	0.218361	-0.190195	-0.133256
1.920000	-0.532993	5.717723	-0.610999	0.220097	-0.182473	-0.133039
1.940000	-0.999448	6.036250	-0.891167	0.221716	-0.176078	-0.132413
1.960000	-1.355322	6.235846	-1.094204	0.223054	-0.171349	-0.131303
1.980000	-1.581246	6.297169	-1.206244	0.223946	-0.168627	-0.129634
2.000000	-1.659593	6.202784	-1.214709	0.224237	-0.168224	-0.127341
2.020000	-1.594158	5.958720	-1.122888	0.223920	-0.170073	-0.124467
2.040000	-1.403154	5.586803	-0.944751	0.223086	-0.173860	-0.121132
2.060000	-1.105063	5.109153	-0.694464	0.221827	-0.179262	-0.117456
2.080000	-0.718365	4.547890	-0.386195	0.220236	-0.185959	-0.113559
2.100000	-0.261544	3.925131	-0.034113	0.218405	-0.193629	-0.109562
2.120000	0.246919	3.262998	0.347617	0.216427	-0.201952	-0.105584
2.140000	0.788543	2.583610	0.744825	0.214393	-0.210605	-0.101746
2.160000	1.344845	1.909086	1.143345	0.212398	-0.219268	-0.098169
2.180000	1.897345	1.261546	1.529008	0.210532	-0.227620	-0.094973
2.200000	2.427559	0.663109	1.887648	0.208889	-0.235340	-0.092277
2.220000	2.917008	0.135895	2.205096	0.207561	-0.242105	-0.090203
2.240000	3.347207	-0.297976	2.467185	0.206640	-0.247596	-0.088871
2.260000	3.699677	-0.616386	2.659748	0.206219	-0.251491	-0.088400
2.280000	3.955935	-0.797214	2.768616	0.206391	-0.253469	-0.088912
2.300000	4.097499	-0.818341	2.779623	0.207247	-0.253208	-0.090526
2.320000	4.111324	-0.664853	2.683183	0.208855	-0.250488	-0.093316
2.340000	4.007638	-0.352687	2.489338	0.211173	-0.245518	-0.097157
2.360000	3.802901	0.093962	2.213381	0.214128	-0.238621	-0.101871
2.380000	3.513570	0.650902	1.870603	0.217650	-0.230120	-0.107277
2.400000	3.156104	1.293937	1.476298	0.221666	-0.220339	-0.113198
2.420000	2.746961	1.998873	1.045759	0.226105	-0.209603	-0.119455
2.440000	2.302599	2.741518	0.594278	0.230896	-0.198233	-0.125868
2.460000	1.839476	3.497676	0.137148	0.235967	-0.186555	-0.132260
2.480000	1.374052	4.243153	-0.310338	0.241245	-0.174891	-0.138450
2.500000	0.922783	4.953756	-0.732887	0.246661	-0.163566	-0.144261
2.520000	0.502129	5.605290	-1.115208	0.252141	-0.152903	-0.149514
2.540000	0.128548	6.173562	-1.442006	0.257615	-0.143225	-0.154030
2.560000	-0.181503	6.634377	-1.697989	0.263011	-0.134856	-0.157630
2.580000	-0.411564	6.963541	-1.867865	0.268257	-0.128119	-0.160135
2.600000	-0.545178	7.136861	-1.936341	0.273282	-0.123339	-0.161366
2.620000	-0.566035	7.130375	-1.888273	0.278014	-0.120836	-0.161147
2.640000	-0.469046	6.937555	-1.719695	0.282405	-0.120721	-0.159429
2.660000	-0.267939	6.581124	-1.445395	0.286442	-0.122753	-0.156377
2.680000	0.021760	6.086598	-1.081953	0.290118	-0.126656	-0.152179
2.700000	0.384522	5.479495	-0.645947	0.293426	-0.132158	-0.147021
2.720000	0.804821	4.785330	-0.153958	0.296356	-0.138982	-0.141091
2.740000	1.267129	4.029620	0.377436	0.298901	-0.146854	-0.134575
2.760000	1.755919	3.237883	0.931656	0.301052	-0.155499	-0.127660
2.780000	2.255665	2.435634	1.492121	0.302803	-0.164643	-0.120533
2.800000	2.750838	1.648391	2.042252	0.304145	-0.174011	-0.113380
2.820000	3.225913	0.901670	2.565471	0.305070	-0.183328	-0.106389
2.840000	3.665361	0.220989	3.045197	0.305570	-0.192319	-0.099747
2.860000	4.053655	-0.368137	3.464852	0.305637	-0.200709	-0.093639
2.880000	4.375268	-0.840191	3.807855	0.305263	-0.208225	-0.088254
2.900000	4.614674	-1.169656	4.057629	0.304440	-0.214591	-0.083777
2.920000	4.756345	-1.331014	4.197592	0.303160	-0.219532	-0.080396
2.940000	4.784754	-1.298752	4.211167	0.301415	-0.222774	-0.078298
2.960000	4.690555	-1.057716	4.088467	0.299206	-0.224132	-0.077606
2.980000	4.485696	-0.628466	3.842663	0.296558	-0.223736	-0.078227
3.000000	4.186705	-0.039242	3.491886	0.293506	-0.221782	-0.080021
3.020000	3.810112	0.681715	3.054267	0.290083	-0.218466	-0.082848
3.040000	3.372446	1.506163	2.547940	0.286320	-0.213983	-0.086569
3.060000	2.890235	2.405860	1.991036	0.282252	-0.208531	-0.091043
3.080000	2.380010	3.352565	1.401685	0.277911	-0.202305	-0.096130
3.100000	1.858300	4.318036	0.798022	0.273331	-0.195502	-0.101691
3.120000	1.341632	5.274033	0.198176	0.268545	-0.188317	-0.107585
3.140000	0.846538	6.192313	-0.379719	0.263585	-0.180946	-0.113673
3.160000	0.389545	7.044635	-0.917533	0.258485	-0.173587	-0.119815
3.180000	-0.012816	7.802758	-1.397133	0.253277	-0.166435	-0.125870
3.200000	-0.344018	8.438441	-1.800388	0.247995	-0.159685	-0.131699
3.220000	-0.587530	8.923441	-2.109165	0.242672	-0.153535	-0.137162
3.240000	-0.726823	9.229517	-2.305333	0.237341	-0.148181	-0.142119
3.260000	-0.745369	9.328429	-2.370761	0.232034	-0.143817	-0.146429
3.280000	-0.629631	9.196886	-2.290503	0.226788	-0.140615	-0.149968
