0.000000	-0.429180	-3.231350	2.638090	0.486161	-0.498954	-0.129976
0.020000	0.180044	-3.707109	2.832975	0.480204	-0.485611	-0.133425
0.040000	0.693724	-4.078335	2.998184	0.475138	-0.474022	-0.135398
0.060000	1.087701	-4.324787	3.126118	0.471037	-0.464645	-0.135671
0.080000	1.337816	-4.426223	3.209174	0.467975	-0.457936	-0.134016
0.100000	1.425547	-4.367423	3.241451	0.466021	-0.454255	-0.130269
0.120000	1.361201	-4.158867	3.225746	0.465217	-0.453477	-0.124576
0.140000	1.164280	-3.819226	3.167630	0.465594	-0.455316	-0.117180
0.160000	0.854291	-3.367177	3.072674	0.467185	-0.459488	-0.108328
0.180000	0.450739	-2.821395	2.946450	0.470022	-0.465710	-0.098264
0.200000	-0.026870	-2.200556	2.794529	0.474138	-0.473698	-0.087233
0.220000	-0.559030	-1.523336	2.622483	0.479565	-0.483168	-0.075480
0.240000	-1.126235	-0.808411	2.435884	0.486335	-0.493836	-0.063250
0.260000	-1.708980	-0.074457	2.240302	0.494480	-0.505418	-0.050789
0.280000	-2.287757	0.659851	2.041310	0.504034	-0.517629	-0.038340
0.300000	-2.843062	1.375836	1.844480	0.515027	-0.530187	-0.026149
0.320000	-3.355389	2.054823	1.655382	0.527494	-0.542808	-0.014461
0.340000	-3.805232	2.678136	1.479589	0.541465	-0.555206	-0.003520
0.360000	-4.173084	3.227099	1.322672	0.556973	-0.567099	0.006427
0.380000	-4.439440	3.683036	1.190202	0.574052	-0.578203	0.015137
0.400000	-4.584794	4.027271	1.087751	0.592732	-0.588233	0.022364
0.420000	-4.591438	4.242708	1.020403	0.613027	-0.596929	0.027886
0.440000	-4.462739	4.330764	0.987519	0.634729	-0.604308	0.031744
0.460000	-4.215742	4.304871	0.984746	0.657486	-0.610568	0.034154
0.480000	-3.867723	4.178666	1.007668	0.680944	-0.615908	0.035331
0.500000	-3.435959	3.965786	1.051870	0.704746	-0.620528	0.035492
0.520000	-2.937729	3.679868	1.112936	0.728539	-0.624629	0.034854
0.540000	-2.390307	3.334547	1.186449	0.751968	-0.628410	0.033634
0.560000	-1.810971	2.943461	1.267996	0.774679	-0.632071	0.032048
0.580000	-1.216999	2.520246	1.353158	0.796315	-0.635813	0.030312
0.600000	-0.625667	2.078538	1.437522	0.816524	-0.639835	0.028644
0.620000	-0.054252	1.631975	1.516672	0.834949	-0.644337	0.027261
0.640000	0.479969	1.194193	1.586190	0.851237	-0.649520	0.026378
0.660000	0.959720	0.778829	1.641663	0.865033	-0.655583	0.026213
0.680000	1.367722	0.399518	1.678674	0.875982	-0.662727	0.026982
0.700000	1.686700	0.069898	1.692807	0.883728	-0.671151	0.028902
0.720000	1.899377	-0.196394	1.679647	0.887919	-0.681055	0.032190
0.740000	1.993384	-0.389252	1.636195	0.888338	-0.692561	0.036991
0.760000	1.976529	-0.513071	1.565278	0.885345	-0.705460	0.043161
0.780000	1.861805	-0.575975	1.471220	0.879448	-0.719461	0.050480
0.800000	1.662202	-0.586085	1.358344	0.871154	-0.734273	0.058728
0.820000	1.390710	-0.551524	1.230973	0.860970	-0.749604	0.067686
0.840000	1.060322	-0.480416	1.093431	0.849403	-0.765163	0.077133
0.860000	0.684029	-0.380881	0.950042	0.836962	-0.780659	0.086851
0.880000	0.274821	-0.261044	0.805128	0.824152	-0.795800	0.096619
0.900000	-0.154310	-0.129026	0.663013	0.811481	-0.810294	0.106218
0.920000	-0.590373	0.007050	0.528021	0.799457	-0.823851	0.115427
0.940000	-1.020378	0.139062	0.404474	0.788587	-0.836179	0.124029
0.960000	-1.431332	0.258887	0.296697	0.779378	-0.846987	0.131801
0.980000	-1.810244	0.358402	0.209012	0.772337	-0.855982	0.138526
1.000000	-2.144125	0.429486	0.145743	0.767973	-0.862874	0.143983
1.020000	-2.419981	0.464015	0.111214	0.766791	-0.867372	0.147953
1.040000	-2.624823	0.453866	0.109747	0.769299	-0.869183	0.150215
1.060000	-2.745675	0.390930	0.145660	0.776004	-0.868018	0.150552
1.080000	-2.776078	0.271688	0.220656	0.787113	-0.863763	0.148862
1.100000	-2.726012	0.104217	0.329840	0.802079	-0.856755	0.145350
1.120000	-2.608012	-0.101607	0.467295	0.820235	-0.847402	0.140266
1.140000	-2.434613	-0.335907	0.627101	0.840916	-0.836110	0.133860
1.160000	-2.218351	-0.588806	0.803341	0.863458	-0.823288	0.126384
1.180000	-1.971760	-0.850429	0.990096	0.887194	-0.809341	0.118088
1.200000	-1.707375	-1.110897	1.181447	0.911460	-0.794677	0.109223
1.220000	-1.437731	-1.360335	1.371476	0.935590	-0.779703	0.100039
1.240000	-1.175362	-1.588865	1.554265	0.958919	-0.764826	0.090786
1.260000	-0.932805	-1.786611	1.723894	0.980781	-0.750454	0.081715
1.280000	-0.722593	-1.943697	1.874447	1.000512	-0.736992	0.073077
1.300000	-0.557262	-2.050246	2.000003	1.017446	-0.724849	0.065122
1.320000	-0.449346	-2.096381	2.094644	1.030917	-0.714432	0.058101
1.340000	-0.411381	-2.072225	2.152453	1.040261	-0.706147	0.052265
1.360000	-0.455901	-1.967902	2.167511	1.044811	-0.700402	0.047864
1.380000	-0.590277	-1.777986	2.136348	1.044154	-0.697445	0.045060
1.400000	-0.804804	-1.511763	2.063593	1.038699	-0.697000	0.043723
1.420000	-1.086248	-1.181561	1.955548	1.029029	-0.698682	0.043665
1.440000	-1.421376	-0.799709	1.818515	1.015726	-0.702106	0.044694
1.460000	-1.796956	-0.378533	1.658797	0.999371	-0.706889	0.046622
1.480000	-2.199753	0.069638	1.482695	0.980547	-0.712645	0.049258
1.500000	-2.616534	0.532478	1.296512	0.959836	-0.718990	0.052412
1.520000	-3.034066	0.997657	1.106549	0.937819	-0.725539	0.055895
1.540000	-3.439116	1.452848	0.919109	0.915079	-0.731907	0.059517
1.560000	-3.818450	1.885725	0.740493	0.892197	-0.737710	0.063088
1.580000	-4.158836	2.283958	0.577003	0.869755	-0.742564	0.066418
1.600000	-4.447039	2.635221	0.434942	0.848336	-0.746083	0.069316
1.620000	-4.669827	2.927185	0.320612	0.828521	-0.747883	0.071595
1.640000	-4.813966	3.147524	0.240315	0.810892	-0.747580	0.073062
1.660000	-4.866224	3.283908	0.200352	0.796031	-0.744788	0.073530
1.680000	-4.813637	3.324251	0.206899	0.784511	-0.739132	0.072810
1.700000	-4.654440	3.266357	0.260912	0.776497	-0.730559	0.070860
1.720000	-4.401802	3.121226	0.356379	0.771616	-0.719454	0.067826
1.740000	-4.069926	2.900774	0.486809	0.769455	-0.706229	0.063867
1.760000	-3.673020	2.616917	0.645708	0.769603	-0.691298	0.059144
1.780000	-3.225288	2.281572	0.826582	0.771646	-0.675075	0.053816
1.800000	-2.740935	1.906656	1.022939	0.775174	-0.657972	0.048043
1.820000	-2.234168	1.504086	1.228285	0.779774	-0.640404	0.041984
1.840000	-1.719191	1.085776	1.436127	0.785035	-0.622784	0.035799
1.860000	-1.210210	0.663645	1.639971	0.790544	-0.605524	0.029649
1.880000	-0.721431	0.249608	1.833325	0.795889	-0.589040	0.023692
1.900000	-0.267058	-0.144417	2.009696	0.800658	-0.573743	0.018088
1.920000	0.138702	-0.506515	2.162589	0.804439	-0.560047	0.012998
1.940000	0.481644	-0.824769	2.285512	0.806820	-0.548366	0.008580
1.960000	0.747564	-1.087263	2.371972	0.807390	-0.539114	0.004995
1.980000	0.922254	-1.282079	2.415475	0.805735	-0.532703	0.002402
2.000000	0.991511	-1.397302	2.409528	0.801445	-0.529547	0.000961
2.020000	0.942017	-1.421721	2.348028	0.794134	-0.530033	0.000822
2.040000	0.776414	-1.356797	2.231882	0.783912	-0.534092	0.001953
2.060000	0.511148	-1.214955	2.068060	0.771314	-0.541255	0.004169
2.080000	0.163120	-1.008977	1.863731	0.756892	-0.551042	0.007276
2.100000	-0.250770	-0.751651	1.626066	0.741195	-0.562971	0.011083
2.120000	-0.713621	-0.455758	1.362235	0.724774	-0.576562	0.015398
2.140000	-1.208532	-0.134086	1.079406	0.708179	-0.591334	0.020029
2.160000	-1.718601	0.200582	0.784751	0.691960	-0.606806	0.024783
2.180000	-2.226930	0.535461	0.485438	0.676668	-0.622498	0.029469
2.200000	-2.716616	0.857767	0.188638	0.662852	-0.637928	0.033894
2.220000	-3.170759	1.154715	-0.098479	0.651063	-0.652616	0.037867
2.240000	-3.572458	1.413519	-0.368744	0.641852	-0.666080	0.041195
2.260000	-3.904812	1.621396	-0.614987	0.635767	-0.677841	0.043687
2.280000	-4.150921	1.765561	-0.830038	0.633361	-0.687418	0.045150
2.300000	-4.293884	1.833228	-1.006728	0.635183	-0.694328	0.045393
2.320000	-4.322401	1.815969	-1.139918	0.641566	-0.698244	0.044291
2.340000	-4.244861	1.720659	-1.231616	0.652081	-0.699366	0.041964
2.360000	-4.073976	1.557538	-1.285396	0.666132	-0.698013	0.038583
