0.000000	2.788743	-1.292779	-3.301067	1.232365	-1.032298	0.314103
0.020000	3.294534	-1.445128	-3.131254	1.194857	-1.056079	0.314176
0.040000	3.755180	-1.554781	-3.007773	1.157970	-1.075431	0.312664
0.060000	4.153552	-1.613539	-2.940122	1.122425	-1.089249	0.309447
0.080000	4.472519	-1.613204	-2.937803	1.088944	-1.096431	0.304410
0.100000	4.694950	-1.545578	-3.010316	1.058250	-1.095871	0.297433
0.120000	4.803717	-1.402462	-3.167161	1.031066	-1.086465	0.288401
0.140000	4.785260	-1.177821	-3.415374	1.007992	-1.067357	0.277240
0.160000	4.648536	-0.879241	-3.746446	0.988876	-1.039252	0.264160
0.180000	4.411249	-0.519607	-4.145831	0.973271	-1.003459	0.249482
0.200000	4.091124	-0.111811	-4.598968	0.960730	-0.961291	0.233526
0.220000	3.705886	0.331251	-5.091298	0.950804	-0.914060	0.216612
0.240000	3.273258	0.796686	-5.608259	0.943045	-0.863078	0.199060
0.260000	2.810964	1.271600	-6.135293	0.937007	-0.809656	0.181191
0.280000	2.336731	1.743097	-6.657838	0.932241	-0.755106	0.163325
0.300000	1.868280	2.198283	-7.161333	0.928299	-0.700741	0.145783
0.320000	1.423338	2.624265	-7.631220	0.924735	-0.647873	0.128884
0.340000	1.019628	3.008148	-8.052937	0.921100	-0.597813	0.112949
0.360000	0.674876	3.337038	-8.411924	0.916947	-0.551873	0.098298
0.380000	0.406804	3.598040	-8.693621	0.911827	-0.511366	0.085253
0.400000	0.233138	3.778261	-8.883468	0.905294	-0.477603	0.074131
0.420000	0.171601	3.864805	-8.966904	0.896899	-0.451897	0.065256
0.440000	0.237431	3.846745	-8.931523	0.886246	-0.435388	0.058902
0.460000	0.424728	3.729849	-8.783219	0.873371	-0.427774	0.054981
0.480000	0.716927	3.528310	-8.537119	0.858525	-0.428021	0.053217
0.500000	1.097383	3.256385	-8.208420	0.841966	-0.435091	0.053333
0.520000	1.549452	2.928334	-7.812319	0.823948	-0.447945	0.055052
0.540000	2.056486	2.558414	-7.364015	0.804727	-0.465544	0.058099
0.560000	2.601840	2.160884	-6.878705	0.784556	-0.486849	0.062196
0.580000	3.168870	1.750000	-6.371586	0.763693	-0.510823	0.067066
0.600000	3.740928	1.340021	-5.857856	0.742392	-0.536426	0.072432
0.620000	4.301370	0.945206	-5.352714	0.720907	-0.562619	0.078019
0.640000	4.833549	0.579811	-4.871355	0.699496	-0.588365	0.083549
0.660000	5.320821	0.258096	-4.428979	0.678411	-0.612624	0.088745
0.680000	5.746539	-0.005682	-4.040782	0.657910	-0.634357	0.093332
0.700000	6.094058	-0.197266	-3.721963	0.638247	-0.652527	0.097031
0.720000	6.346733	-0.302396	-3.487719	0.619676	-0.666093	0.099567
0.740000	6.487917	-0.306815	-3.353247	0.602455	-0.674019	0.100663
0.760000	6.501705	-0.196905	-3.333093	0.586828	-0.675304	0.100052
0.780000	6.388958	0.026471	-3.427038	0.572839	-0.669841	0.097716
0.800000	6.167150	0.348097	-3.620227	0.560330	-0.658410	0.093879
0.820000	5.854470	0.752140	-3.897181	0.549134	-0.641825	0.088777
0.840000	5.469103	1.222771	-4.242419	0.539085	-0.620904	0.082644
0.860000	5.029237	1.744157	-4.640461	0.530016	-0.596461	0.075716
0.880000	4.553059	2.300469	-5.075828	0.521761	-0.569313	0.068228
0.900000	4.058756	2.875874	-5.533039	0.514152	-0.540275	0.060415
0.920000	3.564514	3.454542	-5.996614	0.507024	-0.510164	0.052513
0.940000	3.088521	4.020642	-6.451074	0.500210	-0.479796	0.044757
0.960000	2.648963	4.558343	-6.880937	0.493543	-0.449986	0.037382
0.980000	2.264028	5.051813	-7.270724	0.486857	-0.421551	0.030623
1.000000	1.951903	5.485222	-7.604956	0.479984	-0.395306	0.024715
1.020000	1.730774	5.842738	-7.868151	0.472759	-0.372068	0.019894
1.040000	1.618828	6.108531	-8.044830	0.465015	-0.352652	0.016395
1.060000	1.634253	6.266770	-8.119513	0.456585	-0.337875	0.014453
1.080000	1.795131	6.301710	-8.076803	0.447303	-0.328548	0.014302
1.100000	2.106958	6.208312	-7.911586	0.437108	-0.324986	0.016012
1.120000	2.550746	6.002352	-7.638737	0.426137	-0.326538	0.019331
1.140000	3.104685	5.702001	-7.275435	0.414552	-0.332443	0.023974
1.160000	3.746968	5.325432	-6.838859	0.402514	-0.341937	0.029653
1.180000	4.455787	4.890816	-6.346187	0.390186	-0.354258	0.036081
1.200000	5.209336	4.416327	-5.814598	0.377728	-0.368644	0.042971
1.220000	5.985805	3.920134	-5.261269	0.365303	-0.384334	0.050037
1.240000	6.763386	3.420412	-4.703379	0.353072	-0.400563	0.056990
1.260000	7.520274	2.935332	-4.158108	0.341196	-0.416570	0.063544
1.280000	8.234658	2.483066	-3.642632	0.329837	-0.431594	0.069412
1.300000	8.884732	2.081785	-3.174131	0.319157	-0.444870	0.074307
1.320000	9.448688	1.749663	-2.769784	0.309317	-0.455638	0.077941
1.340000	9.904718	1.504871	-2.446767	0.300479	-0.463134	0.080029
1.360000	10.231015	1.365582	-2.222261	0.292804	-0.466597	0.080282
1.380000	10.405795	1.349944	-2.113423	0.286454	-0.465265	0.078414
1.400000	10.417660	1.467210	-2.129304	0.281531	-0.458765	0.074291
1.420000	10.281411	1.704177	-2.258497	0.277987	-0.447700	0.068165
1.440000	10.015917	2.044153	-2.486414	0.275750	-0.432827	0.060346
1.460000	9.640050	2.470447	-2.798471	0.274751	-0.414901	0.051146
1.480000	9.172680	2.966366	-3.180080	0.274918	-0.394681	0.040876
1.500000	8.632678	3.515220	-3.616656	0.276180	-0.372920	0.029848
1.520000	8.038914	4.100316	-4.093612	0.278466	-0.350377	0.018372
1.540000	7.410259	4.704964	-4.596362	0.281705	-0.327806	0.006759
1.560000	6.765583	5.312472	-5.110321	0.285826	-0.305964	-0.004678
1.580000	6.123757	5.906148	-5.620902	0.290758	-0.285608	-0.015630
1.600000	5.503652	6.469301	-6.113519	0.296430	-0.267493	-0.025784
1.620000	4.924137	6.985239	-6.573586	0.302770	-0.252376	-0.034829
1.640000	4.404085	7.437271	-6.986516	0.309709	-0.241013	-0.042455
1.660000	3.962365	7.808706	-7.337724	0.317174	-0.234160	-0.048350
1.680000	3.617847	8.082851	-7.612624	0.325095	-0.232574	-0.052203
1.700000	3.389403	8.243015	-7.796629	0.333401	-0.237010	-0.053702
1.720000	3.291606	8.276235	-7.878508	0.342024	-0.248023	-0.052613
1.740000	3.315968	8.189557	-7.865043	0.350918	-0.265080	-0.049107
1.760000	3.446296	7.996712	-7.769031	0.360043	-0.287286	-0.043493
1.780000	3.666391	7.711436	-7.603274	0.369359	-0.313746	-0.036079
1.800000	3.960053	7.347467	-7.380575	0.378825	-0.343565	-0.027174
1.820000	4.311084	6.918539	-7.113736	0.388403	-0.375848	-0.017085
1.840000	4.703285	6.438388	-6.815558	0.398051	-0.409698	-0.006121
1.860000	5.120457	5.920752	-6.498845	0.407730	-0.444221	0.005409
1.880000	5.546402	5.379367	-6.176398	0.417399	-0.478522	0.017197
1.900000	5.964920	4.827967	-5.861019	0.427020	-0.511705	0.028935
1.920000	6.359812	4.280290	-5.565511	0.436551	-0.542875	0.040314
1.940000	6.714881	3.750072	-5.302676	0.445953	-0.571137	0.051027
1.960000	7.013926	3.251048	-5.085316	0.455186	-0.595595	0.060764
1.980000	7.240749	2.796955	-4.926233	0.464209	-0.615354	0.069218
2.000000	7.379152	2.401530	-4.838229	0.472984	-0.629519	0.076079
2.020000	7.412934	2.078508	-4.834107	0.481469	-0.637194	0.081040
2.040000	7.327383	1.840576	-4.925434	0.489627	-0.637571	0.083822
2.060000	7.126225	1.687389	-5.108436	0.497445	-0.630909	0.084508
2.080000	6.825675	1.609780	-5.368955	0.504926	-0.618194	0.083429
2.100000	6.442184	1.598411	-5.692632	0.512076	-0.600424	0.080917
2.120000	5.992203	1.643948	-6.065112	0.518896	-0.578597	0.077308
2.140000	5.492182	1.737055	-6.472039	0.525393	-0.553712	0.072935
2.160000	4.958571	1.868397	-6.899055	0.531570	-0.526767	0.068134
2.180000	4.407822	2.028637	-7.331805	0.537430	-0.498761	0.063238
2.200000	3.856385	2.208441	-7.755931	0.542979	-0.470693	0.058581
2.220000	3.320711	2.398472	-8.157077	0.548220	-0.443559	0.054498
2.240000	2.817251	2.589396	-8.520888	0.553157	-0.418360	0.051323
2.260000	2.362455	2.771876	-8.833006	0.557795	-0.396094	0.049390
2.280000	1.972774	2.936577	-9.079074	0.562137	-0.377758	0.049034
2.300000	1.664659	3.074163	-9.244737	0.566188	-0.364351	0.050588
2.320000	1.454560	3.175299	-9.315638	0.569952	-0.356873	0.054388
2.340000	1.358070	3.231118	-9.278242	0.573436	-0.356268	0.060748
2.360000	1.375377	3.241174	-9.133761	0.576725	-0.362542	0.069637
2.380000	1.493346	3.212303	-8.896163	0.579964	-0.374884	0.080729
