0.000000	1.684036	0.239828	0.668305	1.803404	-1.336740	0.258170
0.020000	1.689265	0.261699	0.681794	1.797227	-1.341147	0.261946
0.040000	1.622535	0.183094	0.603519	1.792949	-1.341709	0.265819
0.060000	1.489049	0.012669	0.440903	1.790367	-1.338673	0.269712
0.080000	1.297770	-0.235796	0.206111	1.789128	-1.332491	0.273535
0.100000	1.057659	-0.548521	-0.088690	1.788883	-1.323613	0.277200
0.120000	0.777679	-0.911725	-0.431333	1.789282	-1.312492	0.280617
0.140000	0.466793	-1.311626	-0.809652	1.789973	-1.299577	0.283698
0.160000	0.133962	-1.734443	-1.211480	1.790607	-1.285321	0.286352
0.180000	-0.211851	-2.166397	-1.624650	1.790831	-1.270174	0.288491
0.200000	-0.561683	-2.593705	-2.036997	1.790297	-1.254588	0.290026
0.220000	-0.906573	-3.002586	-2.436352	1.788654	-1.239014	0.290868
0.240000	-1.237557	-3.379261	-2.810550	1.785550	-1.223903	0.290927
0.260000	-1.545674	-3.709947	-3.147425	1.780635	-1.209707	0.290115
0.280000	-1.821962	-3.980865	-3.434808	1.773559	-1.196877	0.288342
0.300000	-2.057457	-4.178232	-3.660535	1.763971	-1.185863	0.285519
0.320000	-2.243197	-4.288269	-3.812437	1.751521	-1.177117	0.281557
0.340000	-2.370267	-4.297272	-3.878414	1.735861	-1.171089	0.276369
0.360000	-2.434892	-4.200306	-3.853593	1.716954	-1.167981	0.269979
0.380000	-2.443051	-4.009066	-3.746818	1.695356	-1.167528	0.262629
0.400000	-2.401816	-3.737105	-3.568466	1.671687	-1.169416	0.254584
0.420000	-2.318256	-3.397977	-3.328912	1.646568	-1.173326	0.246110
0.440000	-2.199442	-3.005234	-3.038532	1.620620	-1.178944	0.237473
0.460000	-2.052443	-2.572431	-2.707703	1.594464	-1.185953	0.228937
0.480000	-1.884329	-2.113120	-2.346800	1.568721	-1.194036	0.220768
0.500000	-1.702171	-1.640854	-1.966201	1.544012	-1.202877	0.213231
0.520000	-1.513039	-1.169186	-1.576280	1.520956	-1.212160	0.206592
0.540000	-1.324002	-0.711670	-1.187413	1.500177	-1.221569	0.201117
0.560000	-1.142131	-0.281859	-0.809978	1.482293	-1.230788	0.197071
0.580000	-0.974495	0.106694	-0.454349	1.467927	-1.239499	0.194718
0.600000	-0.828165	0.440436	-0.130904	1.457698	-1.247387	0.194325
0.620000	-0.710211	0.705814	0.149983	1.452229	-1.254136	0.196157
0.640000	-0.627703	0.889274	0.377935	1.452139	-1.259430	0.200480
0.660000	-0.587711	0.977263	0.542575	1.458049	-1.262951	0.207558
0.680000	-0.595024	0.960823	0.636728	1.470315	-1.264471	0.217540
0.700000	-0.645434	0.849127	0.665846	1.488240	-1.264101	0.230108
0.720000	-0.732511	0.655817	0.638495	1.510869	-1.262039	0.244829
0.740000	-0.849828	0.394538	0.563241	1.537247	-1.258481	0.261272
0.760000	-0.990956	0.078932	0.448648	1.566419	-1.253623	0.279005
0.780000	-1.149466	-0.277356	0.303284	1.597430	-1.247663	0.297595
0.800000	-1.318931	-0.660684	0.135714	1.629326	-1.240797	0.316609
0.820000	-1.492922	-1.057409	-0.045496	1.661150	-1.233222	0.335617
0.840000	-1.665010	-1.453885	-0.231780	1.691948	-1.225134	0.354186
0.860000	-1.828768	-1.836471	-0.414573	1.720765	-1.216730	0.371883
0.880000	-1.977767	-2.191523	-0.585308	1.746647	-1.208207	0.388276
0.900000	-2.105578	-2.505396	-0.735420	1.768637	-1.199761	0.402934
0.920000	-2.205773	-2.764449	-0.856343	1.785780	-1.191589	0.415424
0.940000	-2.271924	-2.955037	-0.939510	1.797123	-1.183887	0.425314
0.960000	-2.297602	-3.063517	-0.976357	1.801709	-1.176853	0.432171
0.980000	-2.277915	-3.079393	-0.960249	1.798819	-1.170648	0.435665
1.000000	-2.215984	-3.008604	-0.894640	1.788956	-1.165248	0.435992
1.020000	-2.117542	-2.862436	-0.786265	1.773022	-1.160572	0.433518
1.040000	-1.988319	-2.652180	-0.641862	1.751921	-1.156536	0.428611
1.060000	-1.834049	-2.389124	-0.468169	1.726554	-1.153058	0.421640
1.080000	-1.660463	-2.084556	-0.271923	1.697825	-1.150055	0.412970
1.100000	-1.473294	-1.749768	-0.059862	1.666635	-1.147445	0.402970
1.120000	-1.278273	-1.396047	0.161278	1.633888	-1.145144	0.392008
1.140000	-1.081133	-1.034683	0.384758	1.600485	-1.143071	0.380449
1.160000	-0.887607	-0.676966	0.603842	1.567330	-1.141142	0.368663
1.180000	-0.703426	-0.334184	0.811791	1.535326	-1.139274	0.357017
1.200000	-0.534322	-0.017626	1.001868	1.505374	-1.137386	0.345877
1.220000	-0.386028	0.261417	1.167336	1.478377	-1.135394	0.335612
1.240000	-0.264277	0.491658	1.301458	1.455238	-1.133215	0.326588
1.260000	-0.174799	0.661806	1.397495	1.436859	-1.130767	0.319174
1.280000	-0.123327	0.760573	1.448711	1.424143	-1.127967	0.313737
1.300000	-0.115593	0.776670	1.448368	1.417993	-1.124733	0.310644
1.320000	-0.154724	0.703604	1.392802	1.418947	-1.121031	0.310120
1.340000	-0.235566	0.550116	1.288104	1.426390	-1.116981	0.311937
1.360000	-0.351327	0.327964	1.142300	1.439477	-1.112737	0.315777
1.380000	-0.495214	0.048910	0.963416	1.457364	-1.108450	0.321321
1.400000	-0.660435	-0.275287	0.759479	1.479207	-1.104272	0.328251
1.420000	-0.840195	-0.632866	0.538515	1.504161	-1.100355	0.336250
1.440000	-1.027703	-1.012068	0.308550	1.531381	-1.096852	0.344998
1.460000	-1.216164	-1.401133	0.077611	1.560024	-1.093915	0.354178
1.480000	-1.398787	-1.788300	-0.146276	1.589244	-1.091695	0.363472
1.500000	-1.568778	-2.161810	-0.355086	1.618198	-1.090345	0.372561
1.520000	-1.719344	-2.509902	-0.540791	1.646040	-1.090018	0.381128
1.540000	-1.843692	-2.820816	-0.695366	1.671926	-1.090864	0.388854
1.560000	-1.935030	-3.082793	-0.810785	1.695013	-1.093037	0.395421
1.580000	-1.986563	-3.284072	-0.879020	1.714455	-1.096688	0.400511
1.600000	-1.991500	-3.412893	-0.892046	1.729407	-1.101969	0.403806
1.620000	-1.943203	-3.457734	-0.842036	1.739042	-1.109027	0.404993
1.640000	-1.841004	-3.416135	-0.728717	1.743125	-1.117778	0.403984
1.660000	-1.691908	-3.297292	-0.561542	1.742185	-1.127847	0.400979
1.680000	-1.503426	-3.111172	-0.350602	1.736803	-1.138837	0.396196
1.700000	-1.283071	-2.867738	-0.105989	1.727560	-1.150352	0.389852
1.720000	-1.038355	-2.576957	0.162206	1.715036	-1.161995	0.382168
1.740000	-0.776789	-2.248793	0.443890	1.699812	-1.173371	0.373361
1.760000	-0.505884	-1.893211	0.728972	1.682468	-1.184083	0.363649
1.780000	-0.233153	-1.520178	1.007360	1.663584	-1.193735	0.353251
1.800000	0.033893	-1.139658	1.268963	1.643742	-1.201932	0.342386
1.820000	0.287741	-0.761616	1.503688	1.623521	-1.208275	0.331271
1.840000	0.520880	-0.396017	1.701445	1.603502	-1.212371	0.320125
1.860000	0.725799	-0.052827	1.852140	1.584265	-1.213822	0.309168
1.880000	0.894986	0.257989	1.945683	1.566392	-1.212232	0.298616
1.900000	1.020928	0.526465	1.971982	1.550462	-1.207205	0.288688
1.920000	1.096115	0.742638	1.920945	1.537056	-1.198346	0.279604
1.940000	1.113043	0.896551	1.782493	1.526754	-1.185257	0.271580
1.960000	1.068415	0.982513	1.552243	1.519877	-1.167822	0.264755
1.980000	0.969757	1.005814	1.240474	1.516076	-1.146634	0.259058
2.000000	0.826307	0.973483	0.859788	1.514899	-1.122401	0.254383
2.020000	0.647308	0.892550	0.422789	1.515892	-1.095831	0.250628
2.040000	0.442000	0.770043	-0.057921	1.518602	-1.067632	0.247687
2.060000	0.219625	0.612993	-0.569736	1.522576	-1.038512	0.245458
2.080000	-0.010578	0.428429	-1.100056	1.527360	-1.009178	0.243836
2.100000	-0.239366	0.223382	-1.636275	1.532500	-0.980338	0.242716
2.120000	-0.457499	0.004880	-2.165791	1.537545	-0.952700	0.241995
2.140000	-0.655737	-0.220047	-2.676001	1.542040	-0.926972	0.241569
2.160000	-0.824838	-0.444369	-3.154300	1.545532	-0.903861	0.241333
2.180000	-0.955561	-0.661057	-3.588087	1.547568	-0.884075	0.241184
2.200000	-1.038665	-0.863080	-3.964757	1.547694	-0.868322	0.241017
2.220000	-1.064910	-1.043410	-4.271707	1.545457	-0.857310	0.240728
2.240000	-1.025054	-1.195017	-4.496335	1.540403	-0.851746	0.240214
