0.000000	1.365736	5.074081	-0.720914	-0.028610	0.025066	-0.159988
0.020000	2.113427	4.792146	-0.519896	-0.051011	0.040604	-0.150728
0.040000	2.888360	4.479399	-0.308713	-0.074830	0.057252	-0.140767
0.060000	3.666488	4.149613	-0.094417	-0.099062	0.074580	-0.130306
0.080000	4.423763	3.816558	0.115939	-0.122703	0.092156	-0.119545
0.100000	5.136140	3.494007	0.315302	-0.144748	0.109549	-0.108682
0.120000	5.779571	3.195731	0.496620	-0.164192	0.126327	-0.097918
0.140000	6.330009	2.935501	0.652840	-0.180030	0.142058	-0.087453
0.160000	6.763406	2.727089	0.776909	-0.191257	0.156312	-0.077485
0.180000	7.055716	2.584267	0.861775	-0.196869	0.168657	-0.068216
0.200000	7.182892	2.520806	0.900385	-0.195861	0.178660	-0.059844
0.220000	7.120886	2.550477	0.885686	-0.187229	0.185891	-0.052569
0.240000	6.850939	2.684207	0.812279	-0.170184	0.189991	-0.046562
0.260000	6.388825	2.914338	0.685565	-0.145363	0.191073	-0.041800
0.280000	5.764177	3.225754	0.515279	-0.113971	0.189439	-0.038187
0.300000	5.006669	3.603317	0.311169	-0.077217	0.185393	-0.035624
0.320000	4.145971	4.031891	0.082981	-0.036308	0.179238	-0.034011
0.340000	3.211755	4.496339	-0.159538	0.007549	0.171278	-0.033252
0.360000	2.233694	4.981523	-0.406639	0.053144	0.161815	-0.033247
0.380000	1.241460	5.472306	-0.648577	0.099272	0.151154	-0.033898
0.400000	0.264725	5.953553	-0.875603	0.144723	0.139597	-0.035107
0.420000	-0.666840	6.410125	-1.077971	0.188291	0.127447	-0.036774
0.440000	-1.523562	6.826886	-1.245934	0.228767	0.115009	-0.038803
0.460000	-2.275770	7.188699	-1.369743	0.264943	0.102585	-0.041094
0.480000	-2.893791	7.480426	-1.439653	0.295613	0.090479	-0.043549
0.500000	-3.347953	7.686932	-1.445915	0.319568	0.078994	-0.046070
0.520000	-3.608585	7.793078	-1.378783	0.335600	0.068433	-0.048557
0.540000	-3.646060	7.783753	-1.228528	0.342504	0.059099	-0.050914
0.560000	-3.446472	7.652253	-0.991721	0.339671	0.051208	-0.053064
0.580000	-3.034570	7.412557	-0.680427	0.327962	0.044757	-0.054987
0.600000	-2.440941	7.081763	-0.309050	0.308463	0.039711	-0.056671
0.620000	-1.696171	6.676972	0.108007	0.282256	0.036036	-0.058105
0.640000	-0.830845	6.215283	0.556340	0.250424	0.033697	-0.059276
0.660000	0.124451	5.713796	1.021546	0.214053	0.032660	-0.060174
0.680000	1.139132	5.189610	1.489221	0.174225	0.032889	-0.060786
0.700000	2.182611	4.659825	1.944962	0.132023	0.034351	-0.061101
0.720000	3.224303	4.141541	2.374365	0.088533	0.037009	-0.061106
0.740000	4.233621	3.651856	2.763025	0.044836	0.040830	-0.060791
0.760000	5.179981	3.207871	3.096541	0.002018	0.045779	-0.060144
0.780000	6.032797	2.826686	3.360508	-0.038839	0.051820	-0.059152
0.800000	6.761482	2.525399	3.540522	-0.076650	0.058920	-0.057804
0.820000	7.335451	2.321110	3.622181	-0.110333	0.067044	-0.056089
0.840000	7.724118	2.230920	3.591080	-0.138802	0.076156	-0.053994
0.860000	7.896898	2.271927	3.432816	-0.160976	0.086223	-0.051509
0.880000	7.831006	2.456646	3.137354	-0.175999	0.097173	-0.048635
0.900000	7.544392	2.773644	2.717472	-0.184215	0.108742	-0.045451
0.920000	7.068263	3.203700	2.193368	-0.186358	0.120607	-0.042063
0.940000	6.433828	3.727587	1.585246	-0.183161	0.132443	-0.038573
0.960000	5.672299	4.326078	0.913309	-0.175359	0.143923	-0.035087
0.980000	4.814889	4.979947	0.197761	-0.163685	0.154725	-0.031706
1.000000	3.892807	5.669968	-0.541196	-0.148873	0.164522	-0.028536
1.020000	2.937267	6.376915	-1.283358	-0.131657	0.172991	-0.025681
1.040000	1.979478	7.081560	-2.008522	-0.112770	0.179805	-0.023244
1.060000	1.050652	7.764678	-2.696486	-0.092947	0.184640	-0.021329
1.080000	0.182002	8.407041	-3.327045	-0.072921	0.187172	-0.020041
1.100000	-0.595262	8.989425	-3.879997	-0.053425	0.187074	-0.019482
1.120000	-1.249929	9.492601	-4.335138	-0.035194	0.184023	-0.019758
1.140000	-1.750786	9.897345	-4.672265	-0.018962	0.177694	-0.020972
1.160000	-2.066623	10.184429	-4.871175	-0.005462	0.167761	-0.023228
1.180000	-2.166228	10.334626	-4.911666	0.004573	0.153900	-0.026629
1.200000	-2.021514	10.330536	-4.775611	0.010468	0.135833	-0.031269
1.220000	-1.641929	10.176683	-4.469867	0.012287	0.113849	-0.037099
1.240000	-1.061731	9.892081	-4.017797	0.010577	0.088611	-0.043976
1.260000	-0.315621	9.496005	-3.443059	0.005895	0.060787	-0.051759
1.280000	0.561703	9.007729	-2.769311	-0.001204	0.031050	-0.060305
1.300000	1.535540	8.446525	-2.020210	-0.010163	0.000067	-0.069469
1.320000	2.571192	7.831667	-1.219415	-0.020426	-0.031492	-0.079110
1.340000	3.633958	7.182429	-0.390584	-0.031436	-0.062956	-0.089084
1.360000	4.689140	6.518084	0.442626	-0.042637	-0.093655	-0.099248
1.380000	5.702038	5.857905	1.256557	-0.053473	-0.122921	-0.109459
1.400000	6.637952	5.221167	2.027552	-0.063388	-0.150083	-0.119575
1.420000	7.462183	4.627143	2.731951	-0.071825	-0.174472	-0.129451
1.440000	8.140031	4.095106	3.346098	-0.078228	-0.195418	-0.138945
1.460000	8.636797	3.644329	3.846335	-0.082041	-0.212251	-0.147915
1.480000	8.917782	3.294087	4.209004	-0.082707	-0.224302	-0.156216
1.500000	8.948286	3.063652	4.410447	-0.079671	-0.230900	-0.163707
1.520000	8.704917	2.966347	4.434421	-0.072546	-0.231590	-0.170270
1.540000	8.211726	2.990523	4.295790	-0.061663	-0.226814	-0.175899
1.560000	7.505195	3.117989	4.017573	-0.047541	-0.217248	-0.180617
1.580000	6.621811	3.330550	3.622787	-0.030697	-0.203570	-0.184448
1.600000	5.598059	3.610015	3.134451	-0.011650	-0.186456	-0.187413
1.620000	4.470424	3.938189	2.575584	0.009082	-0.166584	-0.189537
1.640000	3.275390	4.296881	1.969203	0.030980	-0.144630	-0.190841
1.660000	2.049444	4.667897	1.338328	0.053526	-0.121271	-0.191350
1.680000	0.829070	5.033044	0.705976	0.076202	-0.097185	-0.191086
1.700000	-0.349247	5.374128	0.095166	0.098490	-0.073048	-0.190071
1.720000	-1.449021	5.672958	-0.471083	0.119872	-0.049537	-0.188329
1.740000	-2.433768	5.911340	-0.969753	0.139828	-0.027329	-0.185883
1.760000	-3.267002	6.071081	-1.377826	0.157842	-0.007101	-0.182755
1.780000	-3.912239	6.133988	-1.672284	0.173394	0.010470	-0.178970
1.800000	-4.332992	6.081868	-1.830107	0.185966	0.024707	-0.174548
1.820000	-4.493136	5.896723	-1.828505	0.195044	0.034938	-0.169515
1.840000	-4.382042	5.574379	-1.660830	0.200426	0.040880	-0.163931
1.860000	-4.031080	5.133438	-1.347030	0.202420	0.042888	-0.157919
1.880000	-3.475539	4.594623	-0.909530	0.201383	0.041374	-0.151609
1.900000	-2.750709	3.978660	-0.370758	0.197671	0.036753	-0.145129
1.920000	-1.891878	3.306274	0.246859	0.191640	0.029439	-0.138608
1.940000	-0.934335	2.598189	0.920895	0.183648	0.019846	-0.132175
1.960000	0.086630	1.875132	1.628922	0.174050	0.008387	-0.125959
1.980000	1.135730	1.157826	2.348513	0.163203	-0.004522	-0.120088
2.000000	2.177675	0.466997	3.057241	0.151465	-0.018468	-0.114693
2.020000	3.177176	-0.176631	3.732679	0.139190	-0.033038	-0.109902
2.040000	4.098943	-0.752331	4.352401	0.126737	-0.047816	-0.105843
2.060000	4.907689	-1.239380	4.893979	0.114461	-0.062390	-0.102646
2.080000	5.568124	-1.617053	5.334986	0.102718	-0.076345	-0.100439
2.100000	6.044960	-1.864624	5.652996	0.091867	-0.089267	-0.099352
2.120000	6.303012	-1.961436	5.825649	0.082261	-0.100744	-0.099513
2.140000	6.325273	-1.898448	5.842272	0.074135	-0.110509	-0.100965
2.160000	6.133323	-1.691284	5.717008	0.067462	-0.118611	-0.103570
2.180000	5.753675	-1.358722	5.467169	0.062180	-0.125139	-0.107168
2.200000	5.212841	-0.919538	5.110068	0.058231	-0.130182	-0.111598
2.220000	4.537335	-0.392509	4.663017	0.055554	-0.133828	-0.116698
2.240000	3.753669	0.203589	4.143330	0.054088	-0.136165	-0.122309
2.260000	2.888355	0.849978	3.568319	0.053773	-0.137283	-0.128268
2.280000	1.967907	1.527883	2.955297	0.054549	-0.137269	-0.134416
2.300000	1.018836	2.218527	2.321577	0.056356	-0.136213	-0.140591
2.320000	0.067656	2.903132	1.684471	0.059133	-0.134203	-0.146633
2.340000	-0.859120	3.562922	1.061292	0.062820	-0.131328	-0.152380
2.360000	-1.734981	4.179121	0.469354	0.067357	-0.127676	-0.157672
2.380000	-2.533412	4.732952	-0.074032	0.072684	-0.123336	-0.162348
2.400000	-3.227903	5.205637	-0.551552	0.078739	-0.118396	-0.166248
