0.000000	-3.531431	-2.920532	-1.354420	0.984408	-0.962967	0.093261
0.020000	-4.065562	-2.726668	-1.251255	0.932704	-0.965324	0.094570
0.040000	-4.537670	-2.552864	-1.156302	0.888322	-0.966448	0.096248
0.060000	-4.929890	-2.405434	-1.073234	0.853051	-0.966058	0.098253
0.080000	-5.224360	-2.290690	-1.005722	0.828680	-0.963872	0.100545
0.100000	-5.403227	-2.214942	-0.957438	0.816996	-0.959608	0.103082
0.120000	-5.456036	-2.182068	-0.930429	0.818992	-0.953145	0.105837
0.140000	-5.393482	-2.188997	-0.922106	0.833390	-0.944815	0.108820
0.160000	-5.230014	-2.231424	-0.929058	0.858507	-0.935032	0.112047
0.180000	-4.980080	-2.305046	-0.947872	0.892663	-0.924210	0.115535
0.200000	-4.658128	-2.405557	-0.975137	0.934176	-0.912762	0.119302
0.220000	-4.278607	-2.528652	-1.007440	0.981363	-0.901102	0.123364
0.240000	-3.855964	-2.670029	-1.041370	1.032543	-0.889644	0.127737
0.260000	-3.404649	-2.825382	-1.073515	1.086035	-0.878802	0.132440
0.280000	-2.939109	-2.990406	-1.100463	1.140157	-0.868989	0.137487
0.300000	-2.473793	-3.160798	-1.118801	1.193226	-0.860620	0.142897
0.320000	-2.023149	-3.332253	-1.125119	1.243562	-0.854107	0.148686
0.340000	-1.601625	-3.500466	-1.116005	1.289483	-0.849865	0.154871
0.360000	-1.223669	-3.661133	-1.088045	1.329306	-0.848307	0.161468
0.380000	-0.903730	-3.809949	-1.037829	1.361351	-0.849848	0.168495
0.400000	-0.656256	-3.942611	-0.961945	1.383935	-0.854900	0.175968
0.420000	-0.495695	-4.054813	-0.856980	1.395377	-0.863878	0.183905
0.440000	-0.433709	-4.142985	-0.720421	1.394358	-0.877085	0.192301
0.460000	-0.464878	-4.208042	-0.555264	1.381778	-0.894154	0.201033
0.480000	-0.577316	-4.252603	-0.366586	1.359383	-0.914461	0.209929
0.500000	-0.759126	-4.279288	-0.159472	1.328914	-0.937382	0.218818
0.520000	-0.998410	-4.290718	0.060994	1.292118	-0.962295	0.227529
0.540000	-1.283268	-4.289513	0.289730	1.250737	-0.988575	0.235891
0.560000	-1.601804	-4.278294	0.521651	1.206518	-1.015599	0.243734
0.580000	-1.942118	-4.259680	0.751675	1.161203	-1.042744	0.250885
0.600000	-2.292314	-4.236293	0.974718	1.116538	-1.069387	0.257174
0.620000	-2.640492	-4.210754	1.185697	1.074267	-1.094903	0.262430
0.640000	-2.974754	-4.185681	1.379527	1.036134	-1.118669	0.266482
0.660000	-3.283204	-4.163697	1.551126	1.003884	-1.140062	0.269158
0.680000	-3.553941	-4.147422	1.695409	0.979260	-1.158458	0.270289
0.700000	-3.775069	-4.139475	1.807294	0.964008	-1.173233	0.269702
0.720000	-3.934689	-4.142478	1.881697	0.959871	-1.183765	0.267226
0.740000	-4.022342	-4.158601	1.914308	0.968344	-1.189519	0.262727
0.760000	-4.039431	-4.186300	1.907192	0.988852	-1.190689	0.256363
0.780000	-3.993197	-4.222204	1.865548	1.019806	-1.187833	0.248440
0.800000	-3.890918	-4.262930	1.794600	1.059606	-1.181507	0.239263
0.820000	-3.739877	-4.305093	1.699572	1.106656	-1.172271	0.229137
0.840000	-3.547353	-4.345312	1.585685	1.159357	-1.160682	0.218368
0.860000	-3.320627	-4.380202	1.458162	1.216112	-1.147298	0.207261
0.880000	-3.066980	-4.406379	1.322227	1.275323	-1.132678	0.196123
0.900000	-2.793692	-4.420460	1.183102	1.335392	-1.117379	0.185258
0.920000	-2.508044	-4.419062	1.046010	1.394721	-1.101960	0.174973
0.940000	-2.217316	-4.398801	0.916174	1.451712	-1.086979	0.165572
0.960000	-1.928788	-4.356293	0.798817	1.504767	-1.072993	0.157362
0.980000	-1.649742	-4.288155	0.699161	1.552290	-1.060561	0.150648
1.000000	-1.387458	-4.191004	0.622430	1.592681	-1.050242	0.145735
1.020000	-1.149216	-4.061455	0.573846	1.624343	-1.042592	0.142929
1.040000	-0.942297	-3.896125	0.558632	1.645679	-1.038171	0.142536
1.060000	-0.773749	-3.691880	0.581757	1.655158	-1.037513	0.144845
1.080000	-0.645556	-3.450961	0.642672	1.652731	-1.040656	0.149821
1.100000	-0.554802	-3.180819	0.735489	1.639784	-1.047155	0.157109
1.120000	-0.498372	-2.889118	0.854099	1.617759	-1.056546	0.166342
1.140000	-0.473149	-2.583522	0.992395	1.588101	-1.068364	0.177153
1.160000	-0.476016	-2.271695	1.144269	1.552251	-1.082147	0.189175
1.180000	-0.503858	-1.961300	1.303613	1.511654	-1.097428	0.202042
1.200000	-0.553558	-1.660001	1.464319	1.467753	-1.113744	0.215385
1.220000	-0.622000	-1.375462	1.620279	1.421991	-1.130631	0.228839
1.240000	-0.706067	-1.115347	1.765386	1.375812	-1.147624	0.242036
1.260000	-0.802643	-0.887320	1.893531	1.330658	-1.164260	0.254609
1.280000	-0.908611	-0.699044	1.998607	1.287973	-1.180073	0.266191
1.300000	-1.020856	-0.558183	2.074505	1.249201	-1.194600	0.276416
1.320000	-1.136260	-0.472400	2.115119	1.215785	-1.207376	0.284915
1.340000	-1.251709	-0.449361	2.114339	1.189167	-1.217937	0.291323
1.360000	-1.364084	-0.496728	2.066059	1.170792	-1.225819	0.295273
1.380000	-1.470484	-0.620243	1.965488	1.161857	-1.230638	0.296464
1.400000	-1.569399	-0.813093	1.816446	1.161956	-1.232529	0.295038
1.420000	-1.659882	-1.063424	1.626207	1.170040	-1.231839	0.291313
1.440000	-1.740985	-1.359370	1.402057	1.185056	-1.228913	0.285608
1.460000	-1.811761	-1.689066	1.151279	1.205954	-1.224099	0.278239
1.480000	-1.871262	-2.040643	0.881157	1.231681	-1.217742	0.269528
1.500000	-1.918542	-2.402236	0.598977	1.261187	-1.210189	0.259790
1.520000	-1.952654	-2.761979	0.312021	1.293420	-1.201785	0.249346
1.540000	-1.972649	-3.108004	0.027576	1.327329	-1.192878	0.238513
1.560000	-1.977582	-3.428446	-0.247076	1.361861	-1.183814	0.227611
1.580000	-1.966504	-3.711438	-0.504650	1.395966	-1.174938	0.216956
1.600000	-1.938468	-3.945113	-0.737861	1.428591	-1.166597	0.206868
1.620000	-1.892529	-4.117605	-0.939426	1.458686	-1.159138	0.197666
1.640000	-1.827737	-4.217047	-1.102059	1.485200	-1.152906	0.189667
1.660000	-1.743147	-4.231574	-1.218477	1.507079	-1.148248	0.183190
1.680000	-1.637810	-4.149318	-1.281395	1.523274	-1.145510	0.178554
1.700000	-1.510947	-3.959267	-1.284059	1.532793	-1.145012	0.176056
1.720000	-1.364425	-3.663968	-1.228119	1.535623	-1.146654	0.175663
1.740000	-1.202232	-3.276826	-1.121957	1.532531	-1.149999	0.177078
1.760000	-1.028415	-2.811551	-0.974144	1.524304	-1.154602	0.179995
1.780000	-0.847024	-2.281852	-0.793250	1.511733	-1.160016	0.184108
1.800000	-0.662104	-1.701439	-0.587846	1.495606	-1.165795	0.189114
1.820000	-0.477703	-1.084022	-0.366502	1.476710	-1.171494	0.194706
1.840000	-0.297870	-0.443309	-0.137788	1.455837	-1.176667	0.200579
1.860000	-0.126651	0.206990	0.089723	1.433773	-1.180868	0.206428
1.880000	0.031905	0.853164	0.307463	1.411308	-1.183650	0.211949
1.900000	0.173752	1.481506	0.506861	1.389231	-1.184568	0.216835
1.920000	0.294842	2.078304	0.679345	1.368331	-1.183176	0.220782
1.940000	0.391127	2.629850	0.816346	1.349395	-1.179028	0.223484
1.960000	0.458560	3.122435	0.909293	1.333214	-1.171679	0.224636
1.980000	0.493092	3.542348	0.949616	1.320575	-1.160681	0.223934
2.000000	0.490677	3.875880	0.928743	1.312267	-1.145590	0.221071
2.020000	0.448668	4.112053	0.840307	1.308893	-1.126106	0.215822
2.040000	0.371734	4.254153	0.689435	1.310071	-1.102702	0.208376
2.060000	0.266922	4.310103	0.484999	1.315103	-1.076097	0.199058
2.080000	0.141282	4.287833	0.235868	1.323291	-1.047015	0.188193
2.100000	0.001864	4.195269	-0.049085	1.333936	-1.016177	0.176103
2.120000	-0.144283	4.040340	-0.360990	1.346339	-0.984305	0.163115
2.140000	-0.290108	3.830973	-0.690973	1.359801	-0.952119	0.149552
2.160000	-0.428562	3.575096	-1.030165	1.373624	-0.920343	0.135738
2.180000	-0.552597	3.280636	-1.369693	1.387108	-0.889697	0.121999
2.200000	-0.655161	2.955521	-1.700687	1.399555	-0.860903	0.108658
2.220000	-0.729206	2.607680	-2.014274	1.410266	-0.834684	0.096040
2.240000	-0.767681	2.245039	-2.301583	1.418543	-0.811760	0.084469
2.260000	-0.763538	1.875526	-2.553743	1.423687	-0.792854	0.074270
2.280000	-0.709726	1.507070	-2.761882	1.424998	-0.778687	0.065767
2.300000	-0.599196	1.147597	-2.917128	1.421778	-0.769981	0.059284
2.320000	-0.426454	0.804508	-3.012156	1.413443	-0.767325	0.055094
2.340000	-0.196839	0.481526	-3.050402	1.400203	-0.770388	0.053105
2.360000	0.079701	0.180809	-3.039877	1.382606	-0.778447	0.053071
2.380000	0.393202	-0.095489	-2.988612	1.361203	-0.790778	0.054746
2.400000	0.733700	-0.345215	-2.904638	1.336542	-0.806656	0.057882
2.420000	1.091231	-0.566215	-2.795984	1.309175	-0.825357	0.062234
2.440000	1.455829	-0.756337	-2.670679	1.279650	-0.846156	0.067554
2.460000	1.817532	-0.913427	-2.536755	1.248518	-0.868329	0.073596
2.480000	2.166374	-1.035332	-2.402241	1.216328	-0.891151	0.080113
2.500000	2.492391	-1.119898	-2.275166	1.183630	-0.913899	0.086858
2.520000	2.785619	-1.164973	-2.163561	1.150974	-0.935848	0.093585
2.540000	3.036093	-1.168402	-2.075456	1.118911	-0.956272	0.100048
2.560000	3.233850	-1.128034	-2.018881	1.087989	-0.974449	0.105999
2.580000	3.368924	-1.041713	-2.001866	1.058758	-0.989653	0.111192
2.600000	3.431353	-0.907288	-2.032440	1.031768	-1.001160	0.115379
2.620000	3.411170	-0.722605	-2.118634	1.007570	-1.008246	0.118316
2.640000	3.299152	-0.485836	-2.267902	0.986682	-1.010222	0.119764
2.660000	3.098850	-0.200792	-2.477769	0.969097	-1.007027	0.119667
2.680000	2.824605	0.123960	-2.737371	0.954362	-0.999127	0.118115
2.700000	2.491098	0.479700	-3.035581	0.942010	-0.987007	0.115205
2.720000	2.113010	0.857709	-3.361270	0.931575	-0.971150	0.111034
2.740000	1.705021	1.249269	-3.703311	0.922589	-0.952039	0.105700
2.760000	1.281813	1.645660	-4.050577	0.914586	-0.930159	0.099297
2.780000	0.858067	2.038164	-4.391939	0.907100	-0.905992	0.091923
