0.000000	-3.204021	6.384651	-2.405583	0.185217	-0.014930	-0.150616
0.020000	-2.906934	5.910472	-2.177848	0.185205	-0.013828	-0.146067
0.040000	-2.487600	5.337009	-1.847726	0.181523	-0.011341	-0.141190
0.060000	-1.969436	4.685815	-1.432771	0.174805	-0.007652	-0.136088
0.080000	-1.375861	3.978443	-0.950537	0.165686	-0.002943	-0.130866
0.100000	-0.730296	3.236444	-0.418580	0.154803	0.002606	-0.125628
0.120000	-0.056158	2.481371	0.145548	0.142789	0.008812	-0.120478
0.140000	0.623134	1.734778	0.724291	0.130280	0.015494	-0.115520
0.160000	1.284161	1.018216	1.300095	0.117912	0.022469	-0.110858
0.180000	1.903503	0.353238	1.855405	0.106318	0.029558	-0.106597
0.200000	2.457743	-0.238604	2.372667	0.096135	0.036577	-0.102840
0.220000	2.923460	-0.735757	2.834328	0.087998	0.043345	-0.099692
0.240000	3.277237	-1.116668	3.222831	0.082542	0.049680	-0.097257
0.260000	3.495654	-1.359785	3.520624	0.080401	0.055402	-0.095638
0.280000	3.555304	-1.443566	3.710159	0.082211	0.060327	-0.094941
0.300000	3.443082	-1.356071	3.780902	0.088306	0.064335	-0.095217
0.320000	3.175329	-1.112796	3.742361	0.098165	0.067472	-0.096369
0.340000	2.773610	-0.734110	3.607597	0.111113	0.069816	-0.098273
0.360000	2.259490	-0.240378	3.389675	0.126476	0.071446	-0.100806
0.380000	1.654535	0.348033	3.101658	0.143579	0.072437	-0.103845
0.400000	0.980308	1.010756	2.756607	0.161748	0.072868	-0.107265
0.420000	0.258376	1.727425	2.367587	0.180310	0.072818	-0.110944
0.440000	-0.489696	2.477673	1.947660	0.198589	0.072362	-0.114757
0.460000	-1.242344	3.241133	1.509890	0.215912	0.071579	-0.118582
0.480000	-1.978002	3.997440	1.067339	0.231604	0.070547	-0.122294
0.500000	-2.675106	4.726225	0.633070	0.244991	0.069342	-0.125770
0.520000	-3.312089	5.407123	0.220147	0.255398	0.068044	-0.128887
0.540000	-3.867388	6.019766	-0.158368	0.262152	0.066729	-0.131521
0.560000	-4.319436	6.543789	-0.489411	0.264578	0.065474	-0.133548
0.580000	-4.646669	6.958825	-0.759920	0.262002	0.064359	-0.134845
0.600000	-4.827522	7.244507	-0.956832	0.253749	0.063459	-0.135289
0.620000	-4.840591	7.380612	-1.067168	0.239152	0.062853	-0.134757
0.640000	-4.679425	7.360223	-1.085890	0.218123	0.062564	-0.133221
0.660000	-4.364404	7.200302	-1.022200	0.191615	0.062525	-0.130828
0.680000	-3.918707	6.920301	-0.886786	0.160689	0.062655	-0.127738
0.700000	-3.365511	6.539669	-0.690335	0.126406	0.062876	-0.124116
0.720000	-2.727993	6.077857	-0.443536	0.089830	0.063108	-0.120122
0.740000	-2.029332	5.554316	-0.157076	0.052020	0.063273	-0.115921
0.760000	-1.292706	4.988496	0.158358	0.014040	0.063291	-0.111674
0.780000	-0.541290	4.399849	0.492077	-0.023051	0.063084	-0.107544
0.800000	0.201736	3.807824	0.833395	-0.058189	0.062573	-0.103694
0.820000	0.913195	3.231872	1.171622	-0.090314	0.061678	-0.100286
0.840000	1.569909	2.691443	1.496073	-0.118364	0.060320	-0.097482
0.860000	2.148701	2.205989	1.796058	-0.141277	0.058421	-0.095446
0.880000	2.626394	1.794960	2.060891	-0.157991	0.055901	-0.094339
0.900000	2.979809	1.477807	2.279883	-0.167446	0.052682	-0.094325
0.920000	3.185769	1.273979	2.442348	-0.168579	0.048684	-0.095565
0.940000	3.222769	1.201558	2.538294	-0.160415	0.043838	-0.098209
0.960000	3.093807	1.258551	2.567959	-0.143222	0.038210	-0.102203
0.980000	2.820476	1.427735	2.539337	-0.118220	0.031973	-0.107338
1.000000	2.424829	1.691507	2.460616	-0.086647	0.025299	-0.113404
1.020000	1.928921	2.032266	2.339983	-0.049745	0.018363	-0.120187
1.040000	1.354807	2.432407	2.185627	-0.008754	0.011338	-0.127477
1.060000	0.724542	2.874329	2.005736	0.035086	0.004399	-0.135062
1.080000	0.060179	3.340430	1.808497	0.080534	-0.002282	-0.142730
1.100000	-0.616227	3.813106	1.602099	0.126350	-0.008531	-0.150269
1.120000	-1.282621	4.274756	1.394729	0.171294	-0.014173	-0.157468
1.140000	-1.916948	4.707776	1.194576	0.214124	-0.019035	-0.164114
1.160000	-2.497154	5.094565	1.009828	0.253601	-0.022944	-0.169997
1.180000	-3.001184	5.417519	0.848672	0.288484	-0.025725	-0.174904
1.200000	-3.406985	5.659036	0.719296	0.317532	-0.027205	-0.178625
1.220000	-3.692500	5.801514	0.629889	0.339505	-0.027210	-0.180946
1.240000	-3.835677	5.827349	0.588638	0.353164	-0.025567	-0.181656
1.260000	-3.820188	5.723781	0.601518	0.357563	-0.022154	-0.180606
1.280000	-3.657826	5.501812	0.663641	0.353215	-0.017117	-0.177951
1.300000	-3.368999	5.179721	0.766788	0.341079	-0.010678	-0.173939
1.320000	-2.974114	4.775791	0.902742	0.322113	-0.003062	-0.168818
1.340000	-2.493581	4.308306	1.063286	0.297277	0.005508	-0.162836
1.360000	-1.947808	3.795547	1.240201	0.267527	0.014806	-0.156243
1.380000	-1.357204	3.255798	1.425270	0.233824	0.024610	-0.149286
1.400000	-0.742178	2.707342	1.610275	0.197125	0.034695	-0.142213
1.420000	-0.123139	2.168460	1.786997	0.158390	0.044837	-0.135273
1.440000	0.479505	1.657436	1.947220	0.118576	0.054811	-0.128715
1.460000	1.045345	1.192551	2.082724	0.078643	0.064395	-0.122786
1.480000	1.553972	0.792090	2.185293	0.039549	0.073363	-0.117735
1.500000	1.984977	0.474334	2.246709	0.002252	0.081492	-0.113810
1.520000	2.317952	0.257567	2.258753	-0.032288	0.088557	-0.111260
1.540000	2.532488	0.160070	2.213208	-0.063114	0.094335	-0.110333
1.560000	2.608292	0.200018	2.101911	-0.089271	0.098603	-0.111276
1.580000	2.537994	0.383406	1.922806	-0.110233	0.101257	-0.114165
1.600000	2.338743	0.693122	1.685425	-0.126292	0.102421	-0.118758
1.620000	2.030425	1.109477	1.400595	-0.137830	0.102243	-0.124773
1.640000	1.632927	1.612780	1.079142	-0.145229	0.100873	-0.131932
1.660000	1.166137	2.183340	0.731894	-0.148871	0.098460	-0.139953
1.680000	0.649941	2.801465	0.369675	-0.149138	0.095152	-0.148558
1.700000	0.104226	3.447465	0.003312	-0.146412	0.091098	-0.157465
1.720000	-0.451120	4.101650	-0.356367	-0.141075	0.086448	-0.166396
1.740000	-0.996212	4.744328	-0.698537	-0.133510	0.081350	-0.175070
1.760000	-1.511161	5.355808	-1.012372	-0.124097	0.075954	-0.183206
1.780000	-1.976082	5.916400	-1.287044	-0.113220	0.070407	-0.190526
1.800000	-2.371088	6.406413	-1.511728	-0.101261	0.064859	-0.196748
1.820000	-2.676290	6.806156	-1.675596	-0.088601	0.059460	-0.201594
1.840000	-2.871803	7.095938	-1.767824	-0.075622	0.054357	-0.204782
1.860000	-2.937740	7.256069	-1.777583	-0.062707	0.049700	-0.206034
1.880000	-2.854213	7.266857	-1.694049	-0.050238	0.045637	-0.205068
1.900000	-2.608393	7.115657	-1.510772	-0.038518	0.042287	-0.201708
1.920000	-2.215293	6.817627	-1.238583	-0.027544	0.039643	-0.196180
1.940000	-1.696794	6.394780	-0.892571	-0.017235	0.037669	-0.188811
1.960000	-1.074775	5.869128	-0.487826	-0.007512	0.036327	-0.179927
1.980000	-0.371118	5.262685	-0.039439	0.001706	0.035582	-0.169854
2.000000	0.392297	4.597465	0.437501	0.010499	0.035396	-0.158919
2.020000	1.193591	3.895479	0.927904	0.018947	0.035733	-0.147449
2.040000	2.010882	3.178741	1.416680	0.027130	0.036557	-0.135769
2.060000	2.822291	2.469265	1.888739	0.035128	0.037830	-0.124206
2.080000	3.605936	1.789063	2.328990	0.043022	0.039516	-0.113086
2.100000	4.339938	1.160149	2.722345	0.050891	0.041579	-0.102737
2.120000	5.002416	0.604535	3.053712	0.058815	0.043981	-0.093483
2.140000	5.571491	0.144235	3.308002	0.066876	0.046687	-0.085653
2.160000	6.025280	-0.198738	3.470125	0.075151	0.049659	-0.079572
2.180000	6.341905	-0.402371	3.524991	0.083723	0.052861	-0.075566
2.200000	6.499484	-0.444651	3.457510	0.092671	0.056256	-0.073962
2.220000	6.479323	-0.306920	3.255090	0.102054	0.059804	-0.075039
2.240000	6.290399	0.000338	2.926836	0.111761	0.063427	-0.078662
2.260000	5.955917	0.451652	2.493011	0.121588	0.067032	-0.084483
2.280000	5.499199	1.021432	1.973968	0.131333	0.070522	-0.092152
2.300000	4.943564	1.684083	1.390060	0.140791	0.073803	-0.101320
2.320000	4.312336	2.414015	0.761642	0.149761	0.076780	-0.111637
2.340000	3.628836	3.185635	0.109067	0.158039	0.079357	-0.122754
2.360000	2.916384	3.973350	-0.547312	0.165423	0.081439	-0.134322
2.380000	2.198303	4.751569	-1.187142	0.171708	0.082932	-0.145990
2.400000	1.497914	5.494699	-1.790068	0.176691	0.083740	-0.157409
2.420000	0.838538	6.177148	-2.335738	0.180171	0.083768	-0.168230
2.440000	0.243497	6.773324	-2.803797	0.181943	0.082921	-0.178103
2.460000	-0.263888	7.257635	-3.173893	0.181805	0.081104	-0.186679
2.480000	-0.660295	7.604488	-3.425671	0.179553	0.078221	-0.193608
2.500000	-0.922403	7.788290	-3.538778	0.174985	0.074178	-0.198540
2.520000	-1.028933	7.785785	-3.494750	0.167922	0.068893	-0.201156
2.540000	-0.983149	7.601763	-3.297818	0.158501	0.062448	-0.201497
2.560000	-0.804537	7.259551	-2.967214	0.147063	0.055035	-0.199842
2.580000	-0.512873	6.782810	-2.522438	0.133951	0.046846	-0.196475
