0.000000	-3.456388	0.581086	-0.472750	1.316667	-1.119157	0.326260
0.020000	-3.534316	0.247855	-0.463765	1.348750	-1.099119	0.325744
0.040000	-3.605794	-0.085121	-0.447905	1.380540	-1.079054	0.325237
0.060000	-3.670623	-0.405600	-0.425631	1.410822	-1.059512	0.324806
0.080000	-3.728608	-0.701338	-0.397403	1.438381	-1.041041	0.324519
0.100000	-3.779552	-0.960093	-0.363683	1.462000	-1.024189	0.324443
0.120000	-3.823258	-1.169623	-0.324932	1.480466	-1.009504	0.324646
0.140000	-3.859531	-1.317684	-0.281610	1.492564	-0.997535	0.325196
0.160000	-3.888174	-1.392034	-0.234179	1.497077	-0.988830	0.326161
0.180000	-3.908981	-1.380791	-0.183095	1.492828	-0.983923	0.327605
0.200000	-3.921453	-1.283119	-0.128696	1.479768	-0.982906	0.329513
0.220000	-3.924752	-1.111033	-0.071179	1.459159	-0.985357	0.331770
0.240000	-3.918019	-0.877269	-0.010732	1.432341	-0.990826	0.334259
0.260000	-3.900398	-0.594563	0.052456	1.400649	-0.998861	0.336862
0.280000	-3.871029	-0.275651	0.118195	1.365423	-1.009013	0.339461
0.300000	-3.829055	0.066730	0.186297	1.327999	-1.020831	0.341937
0.320000	-3.773619	0.419845	0.256572	1.289715	-1.033863	0.344172
0.340000	-3.703862	0.770956	0.328833	1.251909	-1.047660	0.346049
0.360000	-3.618926	1.107329	0.402889	1.215919	-1.061771	0.347450
0.380000	-3.517954	1.416226	0.478551	1.183081	-1.075744	0.348255
0.400000	-3.400087	1.684912	0.555632	1.154733	-1.089130	0.348348
0.420000	-3.264468	1.900650	0.633941	1.132214	-1.101478	0.347609
0.440000	-3.110239	2.050704	0.713290	1.116860	-1.112336	0.345922
0.460000	-2.936542	2.122337	0.793490	1.110009	-1.121255	0.343167
0.480000	-2.742519	2.102815	0.874352	1.113000	-1.127784	0.339227
0.500000	-2.527716	1.981308	0.955611	1.126958	-1.131535	0.334007
0.520000	-2.294980	1.762610	1.036381	1.151296	-1.132632	0.327595
0.540000	-2.048775	1.459150	1.115472	1.184583	-1.131449	0.320174
0.560000	-1.793572	1.083409	1.191694	1.225383	-1.128365	0.311923
0.580000	-1.533846	0.647869	1.263855	1.272262	-1.123755	0.303025
0.600000	-1.274070	0.165012	1.330762	1.323785	-1.117996	0.293661
0.620000	-1.018717	-0.352681	1.391225	1.378515	-1.111465	0.284011
0.640000	-0.772261	-0.892727	1.444053	1.435018	-1.104538	0.274257
0.660000	-0.539175	-1.442646	1.488052	1.491858	-1.097593	0.264580
0.680000	-0.323932	-1.989955	1.522033	1.547600	-1.091005	0.255162
0.700000	-0.131007	-2.522172	1.544803	1.600809	-1.085152	0.246184
0.720000	0.035129	-3.026818	1.555172	1.650050	-1.080410	0.237826
0.740000	0.170001	-3.491408	1.551946	1.693886	-1.077155	0.230271
0.760000	0.269136	-3.903462	1.533936	1.730884	-1.075765	0.223699
0.780000	0.328060	-4.250499	1.499949	1.759607	-1.076616	0.218291
0.800000	0.342301	-4.520036	1.448794	1.778620	-1.080085	0.214229
0.820000	0.307385	-4.699592	1.379279	1.786488	-1.086549	0.211695
0.840000	0.218839	-4.776685	1.290213	1.781775	-1.096383	0.210869
0.860000	0.073217	-4.740907	1.180674	1.763309	-1.109888	0.211897
0.880000	-0.124625	-4.598573	1.051908	1.732026	-1.126740	0.214642
0.900000	-0.365830	-4.364070	0.906208	1.689885	-1.146312	0.218830
0.920000	-0.641511	-4.051836	0.745877	1.638848	-1.167978	0.224186
0.940000	-0.942783	-3.676313	0.573214	1.580880	-1.191110	0.230436
0.960000	-1.260761	-3.251940	0.390520	1.517943	-1.215082	0.237303
0.980000	-1.586558	-2.793156	0.200097	1.452003	-1.239266	0.244514
1.000000	-1.911291	-2.314402	0.004245	1.385022	-1.263035	0.251793
1.020000	-2.226073	-1.830116	-0.194736	1.318964	-1.285762	0.258865
1.040000	-2.522018	-1.354740	-0.394544	1.255793	-1.306819	0.265456
1.060000	-2.790242	-0.902713	-0.592878	1.197472	-1.325579	0.271289
1.080000	-3.021858	-0.488473	-0.787438	1.145966	-1.341416	0.276092
1.100000	-3.207982	-0.126462	-0.975923	1.103238	-1.353701	0.279587
1.120000	-3.339727	0.168880	-1.156032	1.071252	-1.361808	0.281501
1.140000	-3.408259	0.383190	-1.325470	1.051960	-1.365112	0.281561
1.160000	-3.410124	0.510253	-1.482470	1.046143	-1.363371	0.279669
1.180000	-3.352027	0.559226	-1.626268	1.052369	-1.357060	0.276064
1.200000	-3.241794	0.540968	-1.756211	1.068962	-1.346731	0.271021
1.220000	-3.087254	0.466341	-1.871643	1.094244	-1.332940	0.264816
1.240000	-2.896234	0.346203	-1.971912	1.126539	-1.316240	0.257722
1.260000	-2.676563	0.191416	-2.056363	1.164170	-1.297185	0.250016
1.280000	-2.436068	0.012839	-2.124342	1.205461	-1.276330	0.241972
1.300000	-2.182577	-0.178667	-2.175196	1.248734	-1.254227	0.233866
1.320000	-1.923919	-0.372243	-2.208270	1.292313	-1.231432	0.225972
1.340000	-1.667920	-0.557027	-2.222910	1.334521	-1.208498	0.218565
1.360000	-1.422410	-0.722161	-2.218463	1.373681	-1.185980	0.211921
1.380000	-1.195215	-0.856783	-2.194275	1.408117	-1.164430	0.206314
1.400000	-0.994164	-0.950033	-2.149691	1.436152	-1.144404	0.202021
1.420000	-0.827085	-0.991052	-2.084058	1.456109	-1.126455	0.199314
1.440000	-0.701805	-0.968979	-1.996722	1.466311	-1.111138	0.198471
1.460000	-0.625713	-0.873780	-1.887133	1.465192	-1.098977	0.199747
1.480000	-0.599281	-0.708435	-1.756387	1.452907	-1.090047	0.203100
1.500000	-0.617475	-0.486278	-1.606888	1.430985	-1.084064	0.208253
1.520000	-0.675109	-0.220931	-1.441077	1.400992	-1.080735	0.214922
1.540000	-0.766997	0.073983	-1.261396	1.364496	-1.079765	0.222823
1.560000	-0.887951	0.384844	-1.070284	1.323062	-1.080859	0.231670
1.580000	-1.032787	0.698027	-0.870183	1.278257	-1.083725	0.241181
1.600000	-1.196318	0.999913	-0.663533	1.231647	-1.088067	0.251069
1.620000	-1.373357	1.276878	-0.452776	1.184799	-1.093592	0.261052
1.640000	-1.558719	1.515300	-0.240352	1.139280	-1.100006	0.270844
1.660000	-1.747217	1.701558	-0.028702	1.096655	-1.107014	0.280162
1.680000	-1.933665	1.822029	0.179733	1.058492	-1.114323	0.288721
1.700000	-2.112876	1.863092	0.382512	1.026357	-1.121639	0.296237
1.720000	-2.279666	1.811124	0.577194	1.001815	-1.128667	0.302425
1.740000	-2.428847	1.652504	0.761339	0.986435	-1.135113	0.307001
1.760000	-2.555233	1.373609	0.932506	0.981782	-1.140684	0.309682
1.780000	-2.654533	0.965131	1.088629	0.989023	-1.145136	0.310248
1.800000	-2.727102	0.440130	1.229595	1.007258	-1.148493	0.308827
1.820000	-2.774794	-0.181103	1.355919	1.034918	-1.150863	0.305658
1.840000	-2.799464	-0.878277	1.468119	1.070432	-1.152355	0.300979
1.860000	-2.802967	-1.631098	1.566709	1.112231	-1.153078	0.295030
1.880000	-2.787159	-2.419275	1.652206	1.158746	-1.153142	0.288048
1.900000	-2.753896	-3.222513	1.725127	1.208406	-1.152654	0.280273
1.920000	-2.705031	-4.020522	1.785987	1.259641	-1.151724	0.271942
1.940000	-2.642422	-4.793007	1.835303	1.310883	-1.150460	0.263296
1.960000	-2.567922	-5.519677	1.873591	1.360561	-1.148972	0.254571
1.980000	-2.483387	-6.180238	1.901367	1.407105	-1.147368	0.246008
2.000000	-2.390674	-6.754399	1.919148	1.448947	-1.145758	0.237844
2.020000	-2.291635	-7.221865	1.927450	1.484515	-1.144250	0.230319
2.040000	-2.188128	-7.562345	1.926789	1.512241	-1.142953	0.223671
2.060000	-2.082008	-7.755546	1.917680	1.530555	-1.141975	0.218139
2.080000	-1.975129	-7.781176	1.900641	1.537886	-1.141427	0.213961
2.100000	-1.869286	-7.621032	1.876170	1.532820	-1.141407	0.211355
2.120000	-1.765536	-7.281835	1.844556	1.515777	-1.141901	0.210301
2.140000	-1.664455	-6.786682	1.805950	1.488385	-1.142821	0.210617
2.160000	-1.566609	-6.158953	1.760500	1.452294	-1.144077	0.212121
2.180000	-1.472566	-5.422029	1.708355	1.409152	-1.145580	0.214630
2.200000	-1.382892	-4.599293	1.649664	1.360608	-1.147240	0.217961
2.220000	-1.298154	-3.714125	1.584574	1.308310	-1.148968	0.221931
2.240000	-1.218918	-2.789908	1.513235	1.253909	-1.150673	0.226358
2.260000	-1.145752	-1.850023	1.435795	1.199053	-1.152267	0.231058
2.280000	-1.079223	-0.917851	1.352402	1.145390	-1.153659	0.235849
2.300000	-1.019896	-0.016774	1.263206	1.094570	-1.154760	0.240547
2.320000	-0.968339	0.829827	1.168354	1.048242	-1.155481	0.244970
2.340000	-0.925118	1.598570	1.067996	1.008055	-1.155731	0.248936
2.360000	-0.890801	2.266074	0.962279	0.975657	-1.155421	0.252260
2.380000	-0.865953	2.808957	0.851353	0.952697	-1.154462	0.254761
