0.000000	-0.303919	0.234991	-0.155028	-0.165652	-0.984349	-0.019296
0.020000	-0.296021	0.245075	-0.163166	-0.165833	-0.984493	-0.019401
0.040000	-0.290797	0.255184	-0.170697	-0.165919	-0.984407	-0.019399
0.060000	-0.288673	0.265152	-0.177437	-0.165902	-0.984055	-0.019282
0.080000	-0.290076	0.274809	-0.183206	-0.165771	-0.983398	-0.019043
0.100000	-0.295203	0.283985	-0.187871	-0.165522	-0.982414	-0.018678
0.120000	-0.303337	0.292484	-0.191501	-0.165165	-0.981133	-0.018203
0.140000	-0.313535	0.300109	-0.194210	-0.164712	-0.979600	-0.017634
0.160000	-0.324852	0.306661	-0.196117	-0.164177	-0.977860	-0.016991
0.180000	-0.336344	0.311939	-0.197339	-0.163575	-0.975957	-0.016293
0.200000	-0.347066	0.315746	-0.197993	-0.162918	-0.973936	-0.015557
0.220000	-0.356074	0.317883	-0.198195	-0.162221	-0.971842	-0.014803
0.240000	-0.362425	0.318150	-0.198063	-0.161496	-0.969719	-0.014049
0.260000	-0.365173	0.316348	-0.197713	-0.160758	-0.967613	-0.013313
0.280000	-0.363374	0.312280	-0.197263	-0.160020	-0.965567	-0.012615
0.300000	-0.356085	0.305745	-0.196830	-0.159296	-0.963627	-0.011972
0.320000	-0.342360	0.296545	-0.196530	-0.158599	-0.961837	-0.011404
0.340000	-0.321256	0.284480	-0.196480	-0.157943	-0.960241	-0.010928
0.360000	-0.291827	0.269353	-0.196798	-0.157342	-0.958886	-0.010564
0.380000	-0.253131	0.250964	-0.197601	-0.156808	-0.957814	-0.010329
0.400000	-0.204237	0.229118	-0.199004	-0.156356	-0.957071	-0.010243
0.420000	-0.145186	0.203898	-0.201026	-0.155991	-0.956672	-0.010308
0.440000	-0.077543	0.175825	-0.203539	-0.155704	-0.956587	-0.010502
0.460000	-0.003012	0.145459	-0.206397	-0.155484	-0.956780	-0.010802
0.480000	0.076707	0.113359	-0.209458	-0.155324	-0.957217	-0.011184
0.500000	0.159912	0.080085	-0.212577	-0.155212	-0.957864	-0.011624
0.520000	0.244900	0.046195	-0.215611	-0.155140	-0.958687	-0.012098
0.540000	0.329970	0.012249	-0.218416	-0.155096	-0.959650	-0.012583
0.560000	0.413420	-0.021194	-0.220848	-0.155073	-0.960720	-0.013056
0.580000	0.493548	-0.053574	-0.222764	-0.155060	-0.961862	-0.013491
0.600000	0.568653	-0.084331	-0.224019	-0.155047	-0.963041	-0.013866
0.620000	0.637032	-0.112906	-0.224471	-0.155024	-0.964223	-0.014157
0.640000	0.696985	-0.138741	-0.223976	-0.154983	-0.965373	-0.014340
0.660000	0.746808	-0.161275	-0.222389	-0.154912	-0.966458	-0.014391
0.680000	0.784801	-0.179949	-0.219567	-0.154803	-0.967441	-0.014286
0.700000	0.809261	-0.194204	-0.215366	-0.154646	-0.968290	-0.014003
0.720000	0.818487	-0.203481	-0.209643	-0.154431	-0.968969	-0.013516
0.740000	0.810850	-0.207241	-0.202262	-0.154149	-0.969446	-0.012804
0.760000	0.786462	-0.205476	-0.193271	-0.153805	-0.969714	-0.011874
0.780000	0.747215	-0.198714	-0.182911	-0.153415	-0.969799	-0.010762
0.800000	0.695080	-0.187508	-0.171428	-0.153001	-0.969724	-0.009508
0.820000	0.632029	-0.172412	-0.159070	-0.152580	-0.969516	-0.008149
0.840000	0.560032	-0.153978	-0.146085	-0.152171	-0.969199	-0.006726
0.860000	0.481062	-0.132761	-0.132719	-0.151793	-0.968799	-0.005275
0.880000	0.397089	-0.109313	-0.119220	-0.151465	-0.968340	-0.003836
0.900000	0.310086	-0.084187	-0.105837	-0.151207	-0.967848	-0.002447
0.920000	0.222022	-0.057936	-0.092815	-0.151036	-0.967348	-0.001147
0.940000	0.134870	-0.031114	-0.080404	-0.150972	-0.966865	0.000026
0.960000	0.050601	-0.004274	-0.068849	-0.151033	-0.966425	0.001032
0.980000	-0.028813	0.022031	-0.058399	-0.151239	-0.966051	0.001834
1.000000	-0.101402	0.047248	-0.049300	-0.151609	-0.965770	0.002393
1.020000	-0.165194	0.070823	-0.041801	-0.152161	-0.965607	0.002671
1.040000	-0.218250	0.092211	-0.036145	-0.152913	-0.965586	0.002628
1.060000	-0.259880	0.111142	-0.032397	-0.153866	-0.965716	0.002261
1.080000	-0.291024	0.127705	-0.030392	-0.154995	-0.965984	0.001605
1.100000	-0.312731	0.142014	-0.029950	-0.156273	-0.966375	0.000700
1.120000	-0.326050	0.154184	-0.030891	-0.157673	-0.966875	-0.000415
1.140000	-0.332028	0.164329	-0.033034	-0.159170	-0.967470	-0.001702
1.160000	-0.331714	0.172563	-0.036200	-0.160736	-0.968145	-0.003120
1.180000	-0.326158	0.178999	-0.040207	-0.162346	-0.968887	-0.004631
1.200000	-0.316407	0.183752	-0.044877	-0.163972	-0.969680	-0.006196
1.220000	-0.303511	0.186935	-0.050027	-0.165590	-0.970511	-0.007775
1.240000	-0.288517	0.188664	-0.055479	-0.167171	-0.971365	-0.009329
1.260000	-0.272475	0.189051	-0.061052	-0.168689	-0.972227	-0.010818
1.280000	-0.256432	0.188211	-0.066565	-0.170119	-0.973084	-0.012205
1.300000	-0.241439	0.186258	-0.071838	-0.171434	-0.973921	-0.013449
1.320000	-0.228542	0.183306	-0.076692	-0.172606	-0.974724	-0.014512
1.340000	-0.218791	0.179469	-0.080945	-0.173611	-0.975479	-0.015354
1.360000	-0.213234	0.174860	-0.084418	-0.174421	-0.976170	-0.015936
1.380000	-0.212545	0.169613	-0.087006	-0.175021	-0.976787	-0.016236
1.400000	-0.216427	0.163906	-0.088802	-0.175426	-0.977325	-0.016278
1.420000	-0.224427	0.157924	-0.089931	-0.175654	-0.977779	-0.016093
1.440000	-0.236090	0.151854	-0.090516	-0.175724	-0.978148	-0.015710
1.460000	-0.250964	0.145882	-0.090683	-0.175656	-0.978426	-0.015162
1.480000	-0.268594	0.140194	-0.090555	-0.175469	-0.978611	-0.014479
1.500000	-0.288526	0.134977	-0.090259	-0.175181	-0.978699	-0.013691
1.520000	-0.310307	0.130416	-0.089917	-0.174811	-0.978687	-0.012829
1.540000	-0.333483	0.126698	-0.089655	-0.174379	-0.978570	-0.011925
1.560000	-0.357601	0.124009	-0.089596	-0.173903	-0.978345	-0.011008
1.580000	-0.382206	0.122534	-0.089867	-0.173403	-0.978010	-0.010110
1.600000	-0.406845	0.122461	-0.090590	-0.172897	-0.977559	-0.009261
1.620000	-0.431064	0.123974	-0.091891	-0.172404	-0.976990	-0.008493
1.640000	-0.454410	0.127261	-0.093893	-0.171944	-0.976299	-0.007835
1.660000	-0.476428	0.132508	-0.096723	-0.171535	-0.975482	-0.007319
1.680000	-0.496665	0.139900	-0.100503	-0.171197	-0.974537	-0.006975
1.700000	-0.514668	0.149624	-0.105359	-0.170948	-0.973459	-0.006835
1.720000	-0.530024	0.161825	-0.111396	-0.170805	-0.972247	-0.006924
1.740000	-0.542710	0.176268	-0.118542	-0.170765	-0.970922	-0.007231
1.760000	-0.552915	0.192511	-0.126625	-0.170813	-0.969516	-0.007722
1.780000	-0.560831	0.210110	-0.135477	-0.170934	-0.968063	-0.008362
1.800000	-0.566647	0.228621	-0.144927	-0.171114	-0.966596	-0.009119
1.820000	-0.570555	0.247599	-0.154803	-0.171337	-0.965146	-0.009959
1.840000	-0.572745	0.266602	-0.164935	-0.171590	-0.963748	-0.010847
1.860000	-0.573408	0.285185	-0.175154	-0.171857	-0.962434	-0.011751
1.880000	-0.572735	0.302903	-0.185287	-0.172124	-0.961236	-0.012635
1.900000	-0.570917	0.319314	-0.195165	-0.172375	-0.960188	-0.013468
1.920000	-0.568145	0.333973	-0.204617	-0.172597	-0.959323	-0.014214
1.940000	-0.564609	0.346435	-0.213473	-0.172775	-0.958673	-0.014841
1.960000	-0.560500	0.356257	-0.221562	-0.172893	-0.958270	-0.015313
1.980000	-0.556009	0.362996	-0.228713	-0.172937	-0.958149	-0.015599
2.000000	-0.551327	0.366206	-0.234756	-0.172893	-0.958342	-0.015663
2.020000	-0.546634	0.365485	-0.239533	-0.172746	-0.958878	-0.015475
2.040000	-0.541972	0.360949	-0.243058	-0.172496	-0.959739	-0.015047
2.060000	-0.537289	0.353082	-0.245464	-0.172152	-0.960874	-0.014417
2.080000	-0.532529	0.342373	-0.246884	-0.171724	-0.962231	-0.013626
2.100000	-0.527637	0.329310	-0.247454	-0.171220	-0.963758	-0.012714
2.120000	-0.522557	0.314384	-0.247309	-0.170649	-0.965405	-0.011721
2.140000	-0.517235	0.298084	-0.246584	-0.170021	-0.967118	-0.010687
2.160000	-0.511615	0.280900	-0.245413	-0.169345	-0.968847	-0.009652
2.180000	-0.505642	0.263320	-0.243932	-0.168629	-0.970540	-0.008656
2.200000	-0.499260	0.245834	-0.242275	-0.167883	-0.972145	-0.007741
2.220000	-0.492415	0.228933	-0.240576	-0.167115	-0.973610	-0.006945
2.240000	-0.485052	0.213104	-0.238972	-0.166336	-0.974884	-0.006308
2.260000	-0.477114	0.198838	-0.237597	-0.165554	-0.975915	-0.005872
