0.000000	-0.242986	0.293782	-0.063580	-0.169308	-0.975183	-0.028271
0.020000	-0.236785	0.279051	-0.066728	-0.169431	-0.975164	-0.028894
0.040000	-0.231511	0.266023	-0.072147	-0.169462	-0.975009	-0.029356
0.060000	-0.227378	0.255143	-0.080067	-0.169388	-0.974701	-0.029641
0.080000	-0.224409	0.246562	-0.090440	-0.169206	-0.974238	-0.029748
0.100000	-0.222393	0.240076	-0.102884	-0.168925	-0.973639	-0.029694
0.120000	-0.221108	0.235463	-0.116995	-0.168554	-0.972921	-0.029496
0.140000	-0.220331	0.232497	-0.132368	-0.168104	-0.972105	-0.029173
0.160000	-0.219841	0.230956	-0.148602	-0.167585	-0.971210	-0.028742
0.180000	-0.219415	0.230614	-0.165292	-0.167006	-0.970253	-0.028222
0.200000	-0.218829	0.231248	-0.182035	-0.166378	-0.969256	-0.027631
0.220000	-0.217861	0.232635	-0.198428	-0.165711	-0.968235	-0.026986
0.240000	-0.216289	0.234550	-0.214067	-0.165014	-0.967211	-0.026305
0.260000	-0.213889	0.236769	-0.228549	-0.164297	-0.966202	-0.025606
0.280000	-0.210440	0.239069	-0.241470	-0.163570	-0.965228	-0.024908
0.300000	-0.205719	0.241225	-0.252427	-0.162844	-0.964308	-0.024228
0.320000	-0.199503	0.243013	-0.261016	-0.162128	-0.963460	-0.023584
0.340000	-0.191570	0.244210	-0.266835	-0.161433	-0.962704	-0.022994
0.360000	-0.181772	0.244608	-0.269564	-0.160766	-0.962055	-0.022474
0.380000	-0.170346	0.244083	-0.269312	-0.160134	-0.961512	-0.022023
0.400000	-0.157652	0.242539	-0.266327	-0.159542	-0.961070	-0.021639
0.420000	-0.144050	0.239879	-0.260856	-0.158992	-0.960723	-0.021318
0.440000	-0.129899	0.236005	-0.253147	-0.158491	-0.960463	-0.021055
0.460000	-0.115560	0.230821	-0.243445	-0.158041	-0.960286	-0.020848
0.480000	-0.101392	0.224230	-0.231999	-0.157647	-0.960184	-0.020692
0.500000	-0.087755	0.216135	-0.219056	-0.157313	-0.960152	-0.020584
0.520000	-0.075008	0.206439	-0.204862	-0.157044	-0.960184	-0.020521
0.540000	-0.063513	0.195046	-0.189665	-0.156843	-0.960274	-0.020498
0.560000	-0.053627	0.181858	-0.173712	-0.156716	-0.960414	-0.020511
0.580000	-0.045712	0.166779	-0.157250	-0.156666	-0.960601	-0.020558
0.600000	-0.040127	0.149711	-0.140526	-0.156697	-0.960826	-0.020634
0.620000	-0.037232	0.130559	-0.123787	-0.156814	-0.961084	-0.020736
0.640000	-0.037386	0.109224	-0.107281	-0.157021	-0.961369	-0.020860
0.660000	-0.040949	0.085610	-0.091254	-0.157323	-0.961675	-0.021002
0.680000	-0.048282	0.059621	-0.075954	-0.157722	-0.961996	-0.021158
0.700000	-0.059724	0.031171	-0.061623	-0.158225	-0.962325	-0.021325
0.720000	-0.075183	0.000449	-0.048392	-0.158820	-0.962659	-0.021495
0.740000	-0.094133	-0.032085	-0.036282	-0.159489	-0.962996	-0.021652
0.760000	-0.116032	-0.065960	-0.025311	-0.160210	-0.963336	-0.021785
0.780000	-0.140337	-0.100704	-0.015494	-0.160961	-0.963676	-0.021879
0.800000	-0.166506	-0.135845	-0.006849	-0.161721	-0.964016	-0.021920
0.820000	-0.193996	-0.170913	0.000608	-0.162470	-0.964354	-0.021895
0.840000	-0.222264	-0.205436	0.006860	-0.163185	-0.964689	-0.021790
0.860000	-0.250767	-0.238943	0.011891	-0.163846	-0.965020	-0.021592
0.880000	-0.278963	-0.270962	0.015684	-0.164432	-0.965344	-0.021287
0.900000	-0.306309	-0.301021	0.018223	-0.164921	-0.965662	-0.020860
0.920000	-0.332262	-0.328650	0.019490	-0.165293	-0.965971	-0.020300
0.940000	-0.356279	-0.353377	0.019469	-0.165525	-0.966271	-0.019591
0.960000	-0.377818	-0.374731	0.018144	-0.165597	-0.966559	-0.018721
0.980000	-0.396337	-0.392239	0.015497	-0.165487	-0.966836	-0.017675
1.000000	-0.411291	-0.405432	0.011513	-0.165175	-0.967098	-0.016440
1.020000	-0.422142	-0.413839	0.006175	-0.164639	-0.967345	-0.015003
1.040000	-0.428660	-0.417278	-0.000481	-0.163874	-0.967579	-0.013363
1.060000	-0.431224	-0.416127	-0.008316	-0.162906	-0.967802	-0.011546
1.080000	-0.430279	-0.410826	-0.017179	-0.161764	-0.968021	-0.009584
1.100000	-0.426274	-0.401815	-0.026919	-0.160477	-0.968241	-0.007505
1.120000	-0.419656	-0.389535	-0.037387	-0.159074	-0.968466	-0.005338
1.140000	-0.410872	-0.374428	-0.048431	-0.157585	-0.968702	-0.003114
1.160000	-0.400368	-0.356933	-0.059902	-0.156038	-0.968954	-0.000862
1.180000	-0.388594	-0.337491	-0.071647	-0.154464	-0.969227	0.001388
1.200000	-0.375994	-0.316543	-0.083518	-0.152891	-0.969526	0.003607
1.220000	-0.363018	-0.294531	-0.095363	-0.151349	-0.969857	0.005766
1.240000	-0.350112	-0.271893	-0.107032	-0.149866	-0.970223	0.007834
1.260000	-0.337722	-0.249072	-0.118373	-0.148473	-0.970631	0.009782
1.280000	-0.326298	-0.226507	-0.129238	-0.147197	-0.971086	0.011580
1.300000	-0.316285	-0.204640	-0.139475	-0.146069	-0.971592	0.013199
1.320000	-0.308131	-0.183911	-0.148933	-0.145118	-0.972155	0.014609
1.340000	-0.302263	-0.164741	-0.157468	-0.144371	-0.972779	0.015782
1.360000	-0.298782	-0.147206	-0.165027	-0.143832	-0.973460	0.016715
1.380000	-0.297522	-0.131104	-0.171637	-0.143481	-0.974187	0.017424
1.400000	-0.298305	-0.116222	-0.177325	-0.143300	-0.974947	0.017927
1.420000	-0.300959	-0.102350	-0.182117	-0.143272	-0.975729	0.018242
1.440000	-0.305307	-0.089277	-0.186041	-0.143377	-0.976521	0.018385
1.460000	-0.311174	-0.076790	-0.189125	-0.143596	-0.977312	0.018374
1.480000	-0.318385	-0.064678	-0.191395	-0.143912	-0.978089	0.018226
1.500000	-0.326766	-0.052729	-0.192880	-0.144305	-0.978840	0.017960
1.520000	-0.336140	-0.040733	-0.193605	-0.144757	-0.979555	0.017591
1.540000	-0.346333	-0.028478	-0.193599	-0.145250	-0.980221	0.017139
1.560000	-0.357170	-0.015751	-0.192889	-0.145764	-0.980826	0.016619
1.580000	-0.368476	-0.002342	-0.191503	-0.146282	-0.981358	0.016050
1.600000	-0.380075	0.011960	-0.189466	-0.146784	-0.981807	0.015448
1.620000	-0.391792	0.027368	-0.186808	-0.147252	-0.982159	0.014832
1.640000	-0.403453	0.044093	-0.183554	-0.147668	-0.982404	0.014219
1.660000	-0.414903	0.062279	-0.179742	-0.148016	-0.982532	0.013624
1.680000	-0.426108	0.081712	-0.175456	-0.148296	-0.982548	0.013052
1.700000	-0.437071	0.102059	-0.170797	-0.148514	-0.982463	0.012506
1.720000	-0.447794	0.122986	-0.165865	-0.148677	-0.982287	0.011987
1.740000	-0.458282	0.144159	-0.160762	-0.148790	-0.982028	0.011496
1.760000	-0.468538	0.165244	-0.155589	-0.148859	-0.981699	0.011037
1.780000	-0.478566	0.185908	-0.150445	-0.148890	-0.981308	0.010610
1.800000	-0.488368	0.205816	-0.145433	-0.148888	-0.980867	0.010217
1.820000	-0.497949	0.224634	-0.140652	-0.148861	-0.980384	0.009861
1.840000	-0.507311	0.242029	-0.136204	-0.148813	-0.979870	0.009543
1.860000	-0.516459	0.257667	-0.132190	-0.148750	-0.979335	0.009265
1.880000	-0.525395	0.271213	-0.128710	-0.148680	-0.978789	0.009028
1.900000	-0.534123	0.282335	-0.125865	-0.148606	-0.978242	0.008836
1.920000	-0.542647	0.290698	-0.123756	-0.148536	-0.977705	0.008689
1.940000	-0.550970	0.295968	-0.122483	-0.148475	-0.977187	0.008589
1.960000	-0.559095	0.297814	-0.122148	-0.148429	-0.976698	0.008538
1.980000	-0.567009	0.296108	-0.122784	-0.148404	-0.976245	0.008535
2.000000	-0.574663	0.291149	-0.124285	-0.148408	-0.975830	0.008571
2.020000	-0.582005	0.283288	-0.126532	-0.148447	-0.975452	0.008639
2.040000	-0.588981	0.272875	-0.129402	-0.148529	-0.975112	0.008729
2.060000	-0.595540	0.260262	-0.132775	-0.148661	-0.974808	0.008832
2.080000	-0.601627	0.245800	-0.136528	-0.148849	-0.974542	0.008940
2.100000	-0.607190	0.229838	-0.140541	-0.149102	-0.974313	0.009044
2.120000	-0.612177	0.212728	-0.144693	-0.149426	-0.974122	0.009135
2.140000	-0.616535	0.194820	-0.148861	-0.149829	-0.973968	0.009205
2.160000	-0.620210	0.176466	-0.152925	-0.150317	-0.973852	0.009244
2.180000	-0.623150	0.158016	-0.156763	-0.150897	-0.973773	0.009245
2.200000	-0.625303	0.139820	-0.160255	-0.151578	-0.973731	0.009197
2.220000	-0.626615	0.122230	-0.163278	-0.152365	-0.973728	0.009093
2.240000	-0.627034	0.105597	-0.165711	-0.153267	-0.973762	0.008923
2.260000	-0.626506	0.090270	-0.167433	-0.154290	-0.973833	0.008679
2.280000	-0.624979	0.076588	-0.168330	-0.155440	-0.973942	0.008353
2.300000	-0.622393	0.064660	-0.168399	-0.156706	-0.974088	0.007945
