0.000000	-0.131478	0.000773	-0.192704	-0.181226	-0.970797	-0.016560
0.020000	-0.116730	0.003163	-0.196188	-0.181710	-0.971420	-0.017605
0.040000	-0.108169	0.021789	-0.200116	-0.181948	-0.972172	-0.018761
0.060000	-0.106677	0.059002	-0.204625	-0.181910	-0.973060	-0.020040
0.080000	-0.113133	0.117152	-0.209850	-0.181563	-0.974092	-0.021453
0.100000	-0.128406	0.198549	-0.215922	-0.180878	-0.975276	-0.023011
0.120000	-0.152552	0.303079	-0.222859	-0.179853	-0.976605	-0.024706
0.140000	-0.184400	0.426970	-0.230496	-0.178533	-0.978050	-0.026504
0.160000	-0.222680	0.566146	-0.238658	-0.176966	-0.979578	-0.028367
0.180000	-0.266118	0.716528	-0.247166	-0.175201	-0.981160	-0.030259
0.200000	-0.313444	0.874040	-0.255845	-0.173287	-0.982764	-0.032143
0.220000	-0.363386	1.034605	-0.264515	-0.171272	-0.984358	-0.033981
0.240000	-0.414671	1.194145	-0.273001	-0.169204	-0.985913	-0.035737
0.260000	-0.466028	1.348584	-0.281125	-0.167132	-0.987396	-0.037374
0.280000	-0.516186	1.493844	-0.288710	-0.165104	-0.988776	-0.038854
0.300000	-0.563872	1.625848	-0.295578	-0.163170	-0.990023	-0.040141
0.320000	-0.607814	1.740519	-0.301553	-0.161376	-0.991105	-0.041198
0.340000	-0.646742	1.833781	-0.306458	-0.159773	-0.991991	-0.041988
0.360000	-0.679382	1.901555	-0.310114	-0.158408	-0.992650	-0.042474
0.380000	-0.704464	1.939764	-0.312345	-0.157330	-0.993051	-0.042618
0.400000	-0.720721	1.944353	-0.312975	-0.156587	-0.993163	-0.042385
0.420000	-0.727590	1.913774	-0.311918	-0.156200	-0.992976	-0.041763
0.440000	-0.725877	1.851359	-0.309267	-0.156140	-0.992520	-0.040792
0.460000	-0.716544	1.761005	-0.305135	-0.156367	-0.991832	-0.039517
0.480000	-0.700554	1.646607	-0.299634	-0.156847	-0.990945	-0.037984
0.500000	-0.678870	1.512058	-0.292878	-0.157541	-0.989897	-0.036239
0.520000	-0.652454	1.361255	-0.284980	-0.158413	-0.988721	-0.034326
0.540000	-0.622268	1.198093	-0.276053	-0.159426	-0.987454	-0.032292
0.560000	-0.589277	1.026466	-0.266209	-0.160543	-0.986131	-0.030182
0.580000	-0.554441	0.850269	-0.255562	-0.161727	-0.984787	-0.028041
0.600000	-0.518724	0.673399	-0.244225	-0.162941	-0.983457	-0.025915
0.620000	-0.483089	0.499749	-0.232310	-0.164148	-0.982178	-0.023849
0.640000	-0.448497	0.333215	-0.219931	-0.165312	-0.980984	-0.021889
0.660000	-0.415913	0.177691	-0.207200	-0.166394	-0.979911	-0.020080
0.680000	-0.386297	0.037074	-0.194231	-0.167359	-0.978994	-0.018468
0.700000	-0.360614	-0.084742	-0.181136	-0.168169	-0.978268	-0.017098
0.720000	-0.339779	-0.184048	-0.168028	-0.168789	-0.977768	-0.016014
0.740000	-0.323935	-0.260212	-0.155012	-0.169214	-0.977493	-0.015230
0.760000	-0.312593	-0.315120	-0.142187	-0.169461	-0.977417	-0.014733
0.780000	-0.305245	-0.350735	-0.129651	-0.169550	-0.977513	-0.014511
0.800000	-0.301384	-0.369020	-0.117503	-0.169499	-0.977754	-0.014553
0.820000	-0.300500	-0.371938	-0.105842	-0.169327	-0.978112	-0.014846
0.840000	-0.302086	-0.361449	-0.094766	-0.169053	-0.978561	-0.015377
0.860000	-0.305634	-0.339518	-0.084374	-0.168697	-0.979072	-0.016135
0.880000	-0.310636	-0.308105	-0.074765	-0.168276	-0.979620	-0.017106
0.900000	-0.316584	-0.269175	-0.066037	-0.167811	-0.980176	-0.018280
0.920000	-0.322969	-0.224688	-0.058289	-0.167319	-0.980714	-0.019643
0.940000	-0.329284	-0.176609	-0.051619	-0.166820	-0.981206	-0.021184
0.960000	-0.335020	-0.126898	-0.046126	-0.166332	-0.981626	-0.022890
0.980000	-0.339669	-0.077518	-0.041909	-0.165876	-0.981945	-0.024748
1.000000	-0.342724	-0.030432	-0.039066	-0.165468	-0.982137	-0.026747
1.020000	-0.343691	0.012440	-0.037692	-0.165129	-0.982176	-0.028874
1.040000	-0.342435	0.050238	-0.037767	-0.164865	-0.982054	-0.031108
1.060000	-0.339198	0.083205	-0.039155	-0.164671	-0.981785	-0.033417
1.080000	-0.334240	0.111641	-0.041713	-0.164543	-0.981384	-0.035771
1.100000	-0.327818	0.135842	-0.045298	-0.164476	-0.980865	-0.038139
1.120000	-0.320193	0.156106	-0.049767	-0.164465	-0.980244	-0.040489
1.140000	-0.311623	0.172730	-0.054978	-0.164505	-0.979534	-0.042790
1.160000	-0.302368	0.186012	-0.060789	-0.164590	-0.978750	-0.045011
1.180000	-0.292687	0.196249	-0.067056	-0.164716	-0.977907	-0.047121
1.200000	-0.282838	0.203739	-0.073637	-0.164878	-0.977019	-0.049089
1.220000	-0.273082	0.208780	-0.080390	-0.165070	-0.976101	-0.050883
1.240000	-0.263677	0.211668	-0.087171	-0.165289	-0.975168	-0.052473
1.260000	-0.254883	0.212701	-0.093839	-0.165528	-0.974234	-0.053828
1.280000	-0.246958	0.212177	-0.100250	-0.165782	-0.973314	-0.054915
1.300000	-0.240161	0.210393	-0.106261	-0.166048	-0.972422	-0.055705
1.320000	-0.234753	0.207646	-0.111731	-0.166319	-0.971573	-0.056166
1.340000	-0.230991	0.204235	-0.116517	-0.166591	-0.970782	-0.056266
1.360000	-0.229136	0.200456	-0.120476	-0.166858	-0.970062	-0.055975
1.380000	-0.229438	0.196600	-0.123469	-0.167117	-0.969430	-0.055263
1.400000	-0.231976	0.192780	-0.125476	-0.167366	-0.968888	-0.054139
1.420000	-0.236646	0.188928	-0.126594	-0.167609	-0.968431	-0.052653
1.440000	-0.243337	0.184968	-0.126926	-0.167851	-0.968053	-0.050854
1.460000	-0.251936	0.180822	-0.126576	-0.168095	-0.967748	-0.048794
1.480000	-0.262332	0.176414	-0.125648	-0.168346	-0.967510	-0.046524
1.500000	-0.274414	0.171666	-0.124244	-0.168609	-0.967332	-0.044094
1.520000	-0.288070	0.166502	-0.122468	-0.168886	-0.967210	-0.041556
1.540000	-0.303188	0.160845	-0.120424	-0.169183	-0.967135	-0.038960
1.560000	-0.319657	0.154618	-0.118215	-0.169503	-0.967103	-0.036357
1.580000	-0.337366	0.147744	-0.115944	-0.169851	-0.967107	-0.033797
1.600000	-0.356201	0.140146	-0.113715	-0.170231	-0.967142	-0.031333
1.620000	-0.376053	0.131748	-0.111631	-0.170647	-0.967200	-0.029013
1.640000	-0.396808	0.122472	-0.109796	-0.171103	-0.967276	-0.026890
1.660000	-0.418357	0.112242	-0.108313	-0.171603	-0.967364	-0.025015
1.680000	-0.440586	0.100980	-0.107285	-0.172151	-0.967458	-0.023437
1.700000	-0.463385	0.088612	-0.106816	-0.172753	-0.967551	-0.022208
1.720000	-0.486566	0.075158	-0.106961	-0.173405	-0.967641	-0.021350
1.740000	-0.509795	0.060840	-0.107680	-0.174098	-0.967731	-0.020830
1.760000	-0.532716	0.045905	-0.108920	-0.174816	-0.967826	-0.020607
1.780000	-0.554978	0.030599	-0.110630	-0.175547	-0.967931	-0.020641
1.800000	-0.576225	0.015168	-0.112757	-0.176278	-0.968050	-0.020892
1.820000	-0.596103	-0.000143	-0.115250	-0.176996	-0.968188	-0.021318
1.840000	-0.614259	-0.015086	-0.118055	-0.177687	-0.968349	-0.021880
1.860000	-0.630338	-0.029417	-0.121122	-0.178337	-0.968538	-0.022536
1.880000	-0.643987	-0.042888	-0.124397	-0.178934	-0.968759	-0.023246
1.900000	-0.654852	-0.055254	-0.127829	-0.179465	-0.969017	-0.023971
1.920000	-0.662579	-0.066269	-0.131365	-0.179916	-0.969317	-0.024668
1.940000	-0.666813	-0.075687	-0.134954	-0.180274	-0.969663	-0.025298
1.960000	-0.667201	-0.083261	-0.138543	-0.180525	-0.970060	-0.025821
1.980000	-0.663390	-0.088746	-0.142080	-0.180657	-0.970511	-0.026195
2.000000	-0.655024	-0.091896	-0.145513	-0.180655	-0.971023	-0.026380
2.020000	-0.641982	-0.092559	-0.148803	-0.180514	-0.971594	-0.026353
2.040000	-0.624744	-0.090837	-0.151949	-0.180241	-0.972214	-0.026130
2.060000	-0.603893	-0.086870	-0.154955	-0.179846	-0.972870	-0.025736
2.080000	-0.580010	-0.080801	-0.157824	-0.179341	-0.973547	-0.025197
2.100000	-0.553676	-0.072770	-0.160560	-0.178736	-0.974232	-0.024537
2.120000	-0.525474	-0.062920	-0.163168	-0.178041	-0.974913	-0.023780
2.140000	-0.495984	-0.051391	-0.165651	-0.177269	-0.975576	-0.022953
2.160000	-0.465789	-0.038325	-0.168013	-0.176429	-0.976208	-0.022079
2.180000	-0.435469	-0.023864	-0.170259	-0.175533	-0.976795	-0.021183
2.200000	-0.405606	-0.008149	-0.172391	-0.174590	-0.977324	-0.020290
2.220000	-0.376781	0.008678	-0.174415	-0.173612	-0.977782	-0.019425
2.240000	-0.349577	0.026477	-0.176334	-0.172609	-0.978155	-0.018613
2.260000	-0.324575	0.045105	-0.178151	-0.171593	-0.978430	-0.017878
2.280000	-0.302355	0.064421	-0.179872	-0.170573	-0.978594	-0.017246
2.300000	-0.283500	0.084284	-0.181499	-0.169561	-0.978634	-0.016740
2.320000	-0.268591	0.104553	-0.183037	-0.168568	-0.978536	-0.016387
2.340000	-0.258079	0.125075	-0.184486	-0.167603	-0.978291	-0.016205
