0.000000	-0.319893	0.022653	-0.182073	-0.163017	-0.973433	0.028761
0.020000	-0.316664	0.022240	-0.185390	-0.163472	-0.973234	0.029462
0.040000	-0.313851	0.022314	-0.188485	-0.163886	-0.973043	0.030097
0.060000	-0.311204	0.022835	-0.191263	-0.164251	-0.972871	0.030642
0.080000	-0.308474	0.023765	-0.193627	-0.164557	-0.972728	0.031074
0.100000	-0.305411	0.025063	-0.195480	-0.164795	-0.972625	0.031369
0.120000	-0.301768	0.026692	-0.196727	-0.164955	-0.972572	0.031503
0.140000	-0.297294	0.028613	-0.197270	-0.165028	-0.972580	0.031454
0.160000	-0.291740	0.030786	-0.197014	-0.165006	-0.972658	0.031196
0.180000	-0.284858	0.033172	-0.195861	-0.164877	-0.972819	0.030708
0.200000	-0.276398	0.035733	-0.193716	-0.164634	-0.973072	0.029965
0.220000	-0.266110	0.038430	-0.190482	-0.164266	-0.973427	0.028943
0.240000	-0.253870	0.041226	-0.186113	-0.163770	-0.973890	0.027634
0.260000	-0.239920	0.044094	-0.180711	-0.163156	-0.974450	0.026077
0.280000	-0.224576	0.047009	-0.174409	-0.162439	-0.975091	0.024318
0.300000	-0.208150	0.049946	-0.167337	-0.161632	-0.975800	0.022403
0.320000	-0.190955	0.052878	-0.159627	-0.160751	-0.976561	0.020379
0.340000	-0.173307	0.055780	-0.151410	-0.159808	-0.977360	0.018293
0.360000	-0.155518	0.058627	-0.142817	-0.158817	-0.978184	0.016191
0.380000	-0.137902	0.061393	-0.133981	-0.157794	-0.979017	0.014119
0.400000	-0.120773	0.064052	-0.125031	-0.156751	-0.979844	0.012125
0.420000	-0.104445	0.066579	-0.116100	-0.155703	-0.980652	0.010255
0.440000	-0.089230	0.068949	-0.107319	-0.154664	-0.981425	0.008555
0.460000	-0.075444	0.071135	-0.098820	-0.153648	-0.982150	0.007073
0.480000	-0.063398	0.073112	-0.090733	-0.152669	-0.982812	0.005854
0.500000	-0.053408	0.074856	-0.083189	-0.151740	-0.983396	0.004945
0.520000	-0.045787	0.076339	-0.076321	-0.150877	-0.983888	0.004394
0.540000	-0.040763	0.077550	-0.070235	-0.150090	-0.984276	0.004231
0.560000	-0.038226	0.078532	-0.064935	-0.149379	-0.984566	0.004430
0.580000	-0.037981	0.079339	-0.060403	-0.148742	-0.984763	0.004950
0.600000	-0.039833	0.080026	-0.056620	-0.148177	-0.984875	0.005750
0.620000	-0.043588	0.080650	-0.053565	-0.147679	-0.984910	0.006790
0.640000	-0.049052	0.081266	-0.051221	-0.147248	-0.984874	0.008027
0.660000	-0.056028	0.081928	-0.049566	-0.146880	-0.984775	0.009421
0.680000	-0.064324	0.082692	-0.048584	-0.146572	-0.984620	0.010930
0.700000	-0.073744	0.083614	-0.048253	-0.146322	-0.984416	0.012515
0.720000	-0.084094	0.084749	-0.048555	-0.146128	-0.984171	0.014133
0.740000	-0.095178	0.086152	-0.049470	-0.145987	-0.983891	0.015744
0.760000	-0.106803	0.087878	-0.050979	-0.145895	-0.983585	0.017306
0.780000	-0.118774	0.089984	-0.053063	-0.145852	-0.983259	0.018779
0.800000	-0.130895	0.092524	-0.055703	-0.145853	-0.982920	0.020121
0.820000	-0.142973	0.095553	-0.058879	-0.145896	-0.982576	0.021291
0.840000	-0.154813	0.099127	-0.062572	-0.145979	-0.982234	0.022248
0.860000	-0.166220	0.103302	-0.066762	-0.146099	-0.981902	0.022952
0.880000	-0.176999	0.108132	-0.071431	-0.146254	-0.981586	0.023361
0.900000	-0.186957	0.113674	-0.076559	-0.146440	-0.981293	0.023434
0.920000	-0.195897	0.119981	-0.082126	-0.146655	-0.981032	0.023130
0.940000	-0.203635	0.127103	-0.088110	-0.146897	-0.980808	0.022414
0.960000	-0.210088	0.134997	-0.094440	-0.147162	-0.980623	0.021319
0.980000	-0.215232	0.143568	-0.101016	-0.147446	-0.980472	0.019920
1.000000	-0.219047	0.152721	-0.107739	-0.147745	-0.980354	0.018292
1.020000	-0.221512	0.162359	-0.114508	-0.148055	-0.980264	0.016511
1.040000	-0.222606	0.172386	-0.121226	-0.148373	-0.980201	0.014652
1.060000	-0.222308	0.182706	-0.127791	-0.148694	-0.980159	0.012789
1.080000	-0.220598	0.193223	-0.134104	-0.149015	-0.980137	0.010999
1.100000	-0.217453	0.203842	-0.140065	-0.149331	-0.980131	0.009357
1.120000	-0.212854	0.214465	-0.145575	-0.149639	-0.980138	0.007938
1.140000	-0.206779	0.224998	-0.150534	-0.149935	-0.980155	0.006817
1.160000	-0.199208	0.235343	-0.154842	-0.150215	-0.980179	0.006070
1.180000	-0.190119	0.245405	-0.158400	-0.150475	-0.980206	0.005772
1.200000	-0.179494	0.255088	-0.161108	-0.150710	-0.980234	0.005997
1.220000	-0.167473	0.264309	-0.162933	-0.150919	-0.980261	0.006763
1.240000	-0.154441	0.273004	-0.163936	-0.151098	-0.980292	0.008001
1.260000	-0.140805	0.281109	-0.164190	-0.151244	-0.980330	0.009635
1.280000	-0.126970	0.288564	-0.163766	-0.151355	-0.980379	0.011585
1.300000	-0.113343	0.295305	-0.162735	-0.151428	-0.980444	0.013777
1.320000	-0.100331	0.301270	-0.161170	-0.151461	-0.980527	0.016133
1.340000	-0.088339	0.306396	-0.159141	-0.151452	-0.980634	0.018575
1.360000	-0.077773	0.310621	-0.156721	-0.151397	-0.980767	0.021027
1.380000	-0.069041	0.313884	-0.153980	-0.151295	-0.980931	0.023412
1.400000	-0.062548	0.316120	-0.150991	-0.151142	-0.981130	0.025652
1.420000	-0.058701	0.317269	-0.147825	-0.150937	-0.981367	0.027672
1.440000	-0.057905	0.317267	-0.144553	-0.150676	-0.981647	0.029393
1.460000	-0.060567	0.316053	-0.141248	-0.150357	-0.981973	0.030738
1.480000	-0.067094	0.313563	-0.137981	-0.149977	-0.982349	0.031632
1.500000	-0.077805	0.309753	-0.134819	-0.149535	-0.982778	0.032008
1.520000	-0.092425	0.304701	-0.131812	-0.149039	-0.983253	0.031884
1.540000	-0.110426	0.298539	-0.128998	-0.148498	-0.983762	0.031310
1.560000	-0.131281	0.291395	-0.126416	-0.147922	-0.984294	0.030340
1.580000	-0.154461	0.283402	-0.124105	-0.147323	-0.984838	0.029025
1.600000	-0.179438	0.274688	-0.122105	-0.146710	-0.985382	0.027416
1.620000	-0.205683	0.265385	-0.120453	-0.146094	-0.985916	0.025565
1.640000	-0.232669	0.255623	-0.119190	-0.145485	-0.986428	0.023524
1.660000	-0.259868	0.245532	-0.118354	-0.144894	-0.986907	0.021346
1.680000	-0.286750	0.235244	-0.117984	-0.144330	-0.987341	0.019080
1.700000	-0.312789	0.224887	-0.118119	-0.143805	-0.987720	0.016780
1.720000	-0.337455	0.214594	-0.118799	-0.143329	-0.988032	0.014498
1.740000	-0.360221	0.204494	-0.120062	-0.142911	-0.988265	0.012284
1.760000	-0.380557	0.194718	-0.121947	-0.142563	-0.988409	0.010190
1.780000	-0.397937	0.185397	-0.124493	-0.142295	-0.988452	0.008270
1.800000	-0.411832	0.176660	-0.127740	-0.142117	-0.988383	0.006573
1.820000	-0.421714	0.168638	-0.131726	-0.142039	-0.988191	0.005152
1.840000	-0.427054	0.161462	-0.136490	-0.142072	-0.987865	0.004060
1.860000	-0.427430	0.155248	-0.142052	-0.142224	-0.987395	0.003338
1.880000	-0.423145	0.150016	-0.148296	-0.142486	-0.986796	0.002971
1.900000	-0.414804	0.145746	-0.155050	-0.142842	-0.986088	0.002919
1.920000	-0.403011	0.142418	-0.162143	-0.143277	-0.985293	0.003141
1.940000	-0.388373	0.140011	-0.169403	-0.143775	-0.984433	0.003597
1.960000	-0.371494	0.138505	-0.176659	-0.144320	-0.983529	0.004246
1.980000	-0.352981	0.137881	-0.183738	-0.144896	-0.982603	0.005049
2.000000	-0.333439	0.138116	-0.190468	-0.145488	-0.981675	0.005963
2.020000	-0.313473	0.139193	-0.196679	-0.146080	-0.980768	0.006950
2.040000	-0.293689	0.141089	-0.202198	-0.146657	-0.979903	0.007969
2.060000	-0.274693	0.143785	-0.206853	-0.147202	-0.979102	0.008979
2.080000	-0.257089	0.147261	-0.210472	-0.147699	-0.978386	0.009939
2.100000	-0.241484	0.151496	-0.212885	-0.148134	-0.977777	0.010810
2.120000	-0.228483	0.156470	-0.213919	-0.148491	-0.977296	0.011550
2.140000	-0.218687	0.162162	-0.213403	-0.148753	-0.976964	0.012121
2.160000	-0.212358	0.168493	-0.211301	-0.148914	-0.976789	0.012499
2.180000	-0.209209	0.175290	-0.207788	-0.148983	-0.976755	0.012695
