0.000000	-1.894827	0.980898	-2.801306	-0.011631	-0.904317	-0.141632
0.020000	-1.820075	0.435477	-2.634951	-0.008486	-0.844202	-0.151986
0.040000	-1.729545	-0.165510	-2.431830	-0.004945	-0.785353	-0.161227
0.060000	-1.623947	-0.806943	-2.197876	-0.001097	-0.728087	-0.169363
0.080000	-1.503988	-1.473700	-1.939020	0.002969	-0.672717	-0.176402
0.100000	-1.370378	-2.150662	-1.661194	0.007164	-0.619559	-0.182353
0.120000	-1.223825	-2.822708	-1.370329	0.011398	-0.568927	-0.187223
0.140000	-1.065036	-3.474717	-1.072358	0.015582	-0.521135	-0.191021
0.160000	-0.894722	-4.091569	-0.773212	0.019627	-0.476499	-0.193755
0.180000	-0.713589	-4.658143	-0.478823	0.023444	-0.435334	-0.195433
0.200000	-0.522348	-5.159318	-0.195123	0.026943	-0.397954	-0.196063
0.220000	-0.321705	-5.579974	0.071958	0.030035	-0.364674	-0.195654
0.240000	-0.112370	-5.904991	0.316486	0.032630	-0.335808	-0.194213
0.260000	0.104948	-6.119248	0.532530	0.034640	-0.311672	-0.191749
0.280000	0.329542	-6.207624	0.714159	0.035975	-0.292581	-0.188270
0.300000	0.560687	-6.155529	0.855614	0.036551	-0.278838	-0.183786
0.320000	0.797270	-5.962226	0.955654	0.036377	-0.270500	-0.178367
0.340000	1.037755	-5.641805	1.017874	0.035570	-0.267351	-0.172143
0.360000	1.280588	-5.209081	1.046107	0.034251	-0.269165	-0.165251
0.380000	1.524215	-4.678870	1.044185	0.032541	-0.275714	-0.157823
0.400000	1.767081	-4.065989	1.015940	0.030560	-0.286771	-0.149996
0.420000	2.007632	-3.385254	0.965205	0.028429	-0.302109	-0.141903
0.440000	2.244313	-2.651482	0.895811	0.026270	-0.321501	-0.133680
0.460000	2.475570	-1.879487	0.811591	0.024201	-0.344719	-0.125462
0.480000	2.699847	-1.084087	0.716378	0.022346	-0.371536	-0.117382
0.500000	2.915591	-0.280097	0.614003	0.020823	-0.401724	-0.109576
0.520000	3.121247	0.517666	0.508299	0.019755	-0.435058	-0.102179
0.540000	3.315260	1.294387	0.403097	0.019261	-0.471308	-0.095325
0.560000	3.496076	2.035248	0.302232	0.019463	-0.510249	-0.089149
0.580000	3.662140	2.725434	0.209533	0.020481	-0.551653	-0.083785
0.600000	3.811898	3.350129	0.128835	0.022436	-0.595292	-0.079369
0.620000	3.943851	3.896048	0.063567	0.025424	-0.640931	-0.076013
0.640000	4.056911	4.361202	0.014194	0.029346	-0.688268	-0.073670
0.660000	4.150174	4.748660	-0.020143	0.034022	-0.736973	-0.072217
0.680000	4.222737	5.061517	-0.040314	0.039268	-0.786714	-0.071535
0.700000	4.273696	5.302864	-0.047186	0.044901	-0.837161	-0.071502
0.720000	4.302149	5.475794	-0.041626	0.050740	-0.887983	-0.071998
0.740000	4.307193	5.583401	-0.024503	0.056600	-0.938849	-0.072902
0.760000	4.287924	5.628778	0.003316	0.062301	-0.989429	-0.074093
0.780000	4.243440	5.615017	0.040963	0.067657	-1.039390	-0.075450
0.800000	4.172836	5.545211	0.087571	0.072488	-1.088404	-0.076851
