0.000000	4.172338	3.766554	1.184754	-0.014541	-0.940324	-0.131260
0.020000	4.064535	3.726739	1.128894	-0.011103	-0.972738	-0.133560
0.040000	3.918078	3.632404	1.071852	-0.007253	-1.005758	-0.134868
0.060000	3.731729	3.484187	1.014849	-0.003042	-1.039322	-0.134998
0.080000	3.504255	3.282726	0.959105	0.001482	-1.073369	-0.133765
0.100000	3.234418	3.028659	0.905842	0.006269	-1.107839	-0.130986
0.120000	2.920985	2.722625	0.856279	0.011268	-1.142669	-0.126476
0.140000	2.562719	2.365260	0.811638	0.016430	-1.177800	-0.120050
0.160000	2.158386	1.957203	0.773138	0.021705	-1.213170	-0.111525
0.180000	1.706768	1.499112	0.741998	0.027044	-1.248717	-0.100715
0.200000	1.210091	0.994958	0.718841	0.032386	-1.284222	-0.087634
0.220000	0.677876	0.455750	0.703028	0.037652	-1.319133	-0.072704
0.240000	0.120581	-0.106604	0.693760	0.042759	-1.352854	-0.056404
0.260000	-0.451337	-0.680194	0.690238	0.047625	-1.384790	-0.039210
0.280000	-1.027423	-1.253113	0.691664	0.052166	-1.414346	-0.021600
0.300000	-1.597220	-1.813452	0.697238	0.056299	-1.440927	-0.004050
0.320000	-2.150271	-2.349302	0.706160	0.059944	-1.463938	0.012962
0.340000	-2.676120	-2.848756	0.717632	0.063015	-1.482783	0.028958
0.360000	-3.164309	-3.299903	0.730854	0.065432	-1.496867	0.043462
0.380000	-3.604383	-3.690837	0.745028	0.067110	-1.505596	0.055997
0.400000	-3.985885	-4.009649	0.759355	0.067968	-1.508373	0.066086
0.420000	-4.298358	-4.244429	0.773034	0.067923	-1.504603	0.073251
0.440000	-4.531346	-4.383271	0.785267	0.066892	-1.493692	0.077014
0.460000	-4.674392	-4.414264	0.795255	0.064792	-1.475045	0.076900
0.480000	-4.717046	-4.325510	0.802200	0.061541	-1.448065	0.072431
0.500000	-4.653731	-4.111889	0.805681	0.057107	-1.412533	0.063365
0.520000	-4.492337	-3.787028	0.806325	0.051601	-1.369258	0.050106
0.540000	-4.243067	-3.367764	0.804942	0.045159	-1.319228	0.033171
0.560000	-3.916121	-2.870938	0.802336	0.037914	-1.263429	0.013076
0.580000	-3.521701	-2.313389	0.799317	0.030002	-1.202849	-0.009663
0.600000	-3.070008	-1.711955	0.796690	0.021557	-1.138475	-0.034529
0.620000	-2.571242	-1.083477	0.795263	0.012716	-1.071294	-0.061006
0.640000	-2.035605	-0.444792	0.795844	0.003612	-1.002294	-0.088579
0.660000	-1.473298	0.187260	0.799240	-0.005619	-0.932461	-0.116731
0.680000	-0.894523	0.795840	0.806257	-0.014843	-0.862782	-0.144945
0.700000	-0.309479	1.364108	0.817703	-0.023925	-0.794246	-0.172706
0.720000	0.271631	1.875225	0.834385	-0.032729	-0.727838	-0.199498
0.740000	0.838607	2.312353	0.857111	-0.041120	-0.664547	-0.224804
0.760000	1.381247	2.658652	0.886687	-0.048965	-0.605359	-0.248107
0.780000	1.889351	2.897283	0.923921	-0.056127	-0.551262	-0.268893
0.800000	2.352716	3.011407	0.969620	-0.062472	-0.503242	-0.286644
0.820000	2.761193	2.984331	1.024577	-0.067867	-0.462281	-0.300848
0.840000	3.108834	2.811614	1.088392	-0.072279	-0.428835	-0.311266
0.860000	3.397007	2.510136	1.158587	-0.075858	-0.402447	-0.318134
0.880000	3.627813	2.098916	1.232478	-0.078767	-0.382569	-0.321739
0.900000	3.803353	1.596972	1.307379	-0.081173	-0.368652	-0.322365
0.920000	3.925728	1.023322	1.380605	-0.083242	-0.360149	-0.320297
0.940000	3.997041	0.396983	1.449471	-0.085138	-0.356511	-0.315821
0.960000	4.019391	-0.263027	1.511291	-0.087028	-0.357190	-0.309221
