0.000000	-0.299674	0.237426	-0.214599	0.346477	-0.942367	0.028909
0.020000	-0.297815	0.195582	-0.220516	0.346214	-0.941297	0.029920
0.040000	-0.297825	0.163226	-0.227713	0.346110	-0.940271	0.030630
0.060000	-0.299617	0.140349	-0.236076	0.346157	-0.939294	0.031051
0.080000	-0.303010	0.126148	-0.245421	0.346335	-0.938370	0.031216
0.100000	-0.307821	0.119819	-0.255564	0.346624	-0.937503	0.031157
0.120000	-0.313867	0.120557	-0.266321	0.347004	-0.936697	0.030907
0.140000	-0.320965	0.127557	-0.277507	0.347456	-0.935957	0.030497
0.160000	-0.328931	0.140015	-0.288938	0.347960	-0.935285	0.029960
0.180000	-0.337584	0.157125	-0.300429	0.348496	-0.934687	0.029328
0.200000	-0.346740	0.178085	-0.311796	0.349045	-0.934166	0.028633
0.220000	-0.356217	0.202088	-0.322855	0.349586	-0.933726	0.027906
0.240000	-0.365831	0.228330	-0.333422	0.350099	-0.933372	0.027181
0.260000	-0.375400	0.256007	-0.343312	0.350566	-0.933108	0.026489
0.280000	-0.384740	0.284313	-0.352340	0.350966	-0.932937	0.025863
0.300000	-0.393669	0.312445	-0.360323	0.351280	-0.932863	0.025335
0.320000	-0.402004	0.339598	-0.367075	0.351487	-0.932891	0.024936
0.340000	-0.409562	0.364967	-0.372414	0.351569	-0.933025	0.024699
0.360000	-0.416169	0.387780	-0.376166	0.351506	-0.933269	0.024654
0.380000	-0.421773	0.407733	-0.378335	0.351302	-0.933619	0.024794
0.400000	-0.426413	0.424862	-0.379052	0.350975	-0.934070	0.025088
0.420000	-0.430131	0.439215	-0.378453	0.350544	-0.934616	0.025502
0.440000	-0.432966	0.450836	-0.376671	0.350028	-0.935250	0.026004
0.460000	-0.434959	0.459772	-0.373842	0.349446	-0.935965	0.026561
0.480000	-0.436153	0.466068	-0.370100	0.348817	-0.936755	0.027139
0.500000	-0.436586	0.469771	-0.365580	0.348160	-0.937614	0.027707
0.520000	-0.436301	0.470925	-0.360416	0.347493	-0.938534	0.028231
0.540000	-0.435338	0.469577	-0.354744	0.346835	-0.939511	0.028678
0.560000	-0.433737	0.465772	-0.348698	0.346206	-0.940536	0.029016
0.580000	-0.431541	0.459557	-0.342412	0.345625	-0.941604	0.029212
0.600000	-0.428789	0.450977	-0.336021	0.345109	-0.942708	0.029233
0.620000	-0.425523	0.440078	-0.329660	0.344678	-0.943842	0.029046
0.640000	-0.421783	0.426906	-0.323464	0.344352	-0.944999	0.028618
0.660000	-0.417610	0.411508	-0.317563	0.344147	-0.946173	0.027918
0.680000	-0.413034	0.393984	-0.312002	0.344068	-0.947351	0.026949
0.700000	-0.408078	0.374480	-0.306744	0.344103	-0.948516	0.025742
0.720000	-0.402763	0.353143	-0.301750	0.344242	-0.949650	0.024333
0.740000	-0.397110	0.330121	-0.296980	0.344471	-0.950735	0.022755
0.760000	-0.391142	0.305561	-0.292395	0.344781	-0.951755	0.021043
0.780000	-0.384879	0.279612	-0.287955	0.345160	-0.952692	0.019232
0.800000	-0.378344	0.252421	-0.283620	0.345596	-0.953527	0.017356
0.820000	-0.371557	0.224135	-0.279353	0.346078	-0.954244	0.015449
0.840000	-0.364541	0.194903	-0.275111	0.346594	-0.954825	0.013545
0.860000	-0.357316	0.164873	-0.270858	0.347133	-0.955251	0.011679
0.880000	-0.349905	0.134192	-0.266551	0.347684	-0.955507	0.009885
0.900000	-0.342329	0.103007	-0.262154	0.348235	-0.955573	0.008197
0.920000	-0.334610	0.071467	-0.257625	0.348774	-0.955433	0.006650
0.940000	-0.326768	0.039719	-0.252925	0.349291	-0.955069	0.005278
0.960000	-0.318827	0.007911	-0.248015	0.349773	-0.954463	0.004115
0.980000	-0.310806	-0.023809	-0.242856	0.350211	-0.953598	0.003196
1.000000	-0.302719	-0.055200	-0.237409	0.350598	-0.952478	0.002536
1.020000	-0.294562	-0.085852	-0.231642	0.350943	-0.951150	0.002121
1.040000	-0.286328	-0.115339	-0.225520	0.351255	-0.949663	0.001929
1.060000	-0.278013	-0.143235	-0.219011	0.351545	-0.948068	0.001941
1.080000	-0.269610	-0.169110	-0.212081	0.351821	-0.946414	0.002137
1.100000	-0.261113	-0.192539	-0.204698	0.352092	-0.944751	0.002498
1.120000	-0.252517	-0.213094	-0.196827	0.352369	-0.943130	0.003004
1.140000	-0.243816	-0.230348	-0.188436	0.352661	-0.941600	0.003634
1.160000	-0.235005	-0.243873	-0.179491	0.352977	-0.940211	0.004369
1.180000	-0.226077	-0.253243	-0.169958	0.353327	-0.939014	0.005190
1.200000	-0.217027	-0.258031	-0.159806	0.353719	-0.938058	0.006076
1.220000	-0.207849	-0.257808	-0.148999	0.354165	-0.937393	0.007008
1.240000	-0.198537	-0.252149	-0.137506	0.354672	-0.937069	0.007965
1.260000	-0.189085	-0.240626	-0.125293	0.355250	-0.937137	0.008929
1.280000	-0.179489	-0.222811	-0.112325	0.355910	-0.937646	0.009879
1.300000	-0.169745	-0.198331	-0.098578	0.356659	-0.938643	0.010796
1.320000	-0.159908	-0.167637	-0.084119	0.357489	-0.940107	0.011667
1.340000	-0.150079	-0.131817	-0.069094	0.358380	-0.941972	0.012485
1.360000	-0.140356	-0.091975	-0.053648	0.359311	-0.944166	0.013244
1.380000	-0.130841	-0.049217	-0.037928	0.360262	-0.946620	0.013936
1.400000	-0.121634	-0.004649	-0.022079	0.361212	-0.949264	0.014554
1.420000	-0.112835	0.040624	-0.006249	0.362140	-0.952027	0.015090
1.440000	-0.104544	0.085497	0.009416	0.363025	-0.954841	0.015539
1.460000	-0.096863	0.128864	0.024771	0.363847	-0.957634	0.015892
1.480000	-0.089890	0.169621	0.039669	0.364585	-0.960336	0.016143
1.500000	-0.083727	0.206661	0.053963	0.365217	-0.962879	0.016285
1.520000	-0.078473	0.238879	0.067508	0.365724	-0.965191	0.016310
1.540000	-0.074230	0.265171	0.080157	0.366085	-0.967204	0.016211
1.560000	-0.071098	0.284431	0.091764	0.366279	-0.968846	0.015983
1.580000	-0.069176	0.295553	0.102183	0.366284	-0.970047	0.015616
1.600000	-0.068560	0.297479	0.111272	0.366082	-0.970742	0.015106
1.620000	-0.069239	0.290238	0.118992	0.365674	-0.970919	0.014457
1.640000	-0.071092	0.274928	0.125407	0.365080	-0.970630	0.013688
1.660000	-0.073997	0.252697	0.130584	0.364325	-0.969924	0.012818
1.680000	-0.077828	0.224692	0.134592	0.363430	-0.968855	0.011866
1.700000	-0.082463	0.192058	0.137498	0.362419	-0.967474	0.010850
1.720000	-0.087778	0.155944	0.139370	0.361313	-0.965832	0.009789
1.740000	-0.093648	0.117495	0.140276	0.360137	-0.963981	0.008702
1.760000	-0.099951	0.077858	0.140283	0.358911	-0.961972	0.007609
1.780000	-0.106561	0.038181	0.139460	0.357660	-0.959859	0.006526
1.800000	-0.113356	-0.000392	0.137874	0.356406	-0.957691	0.005475
1.820000	-0.120211	-0.036711	0.135594	0.355171	-0.955521	0.004472
1.840000	-0.127003	-0.069632	0.132686	0.353979	-0.953400	0.003537
1.860000	-0.133608	-0.098008	0.129219	0.352851	-0.951381	0.002690
1.880000	-0.139902	-0.120690	0.125260	0.351811	-0.949514	0.001947
1.900000	-0.145761	-0.136534	0.120877	0.350881	-0.947851	0.001329
1.920000	-0.151061	-0.144392	0.116139	0.350084	-0.946445	0.000855
1.940000	-0.155691	-0.143229	0.111107	0.349441	-0.945343	0.000541
1.960000	-0.159665	-0.133278	0.105774	0.348950	-0.944545	0.000388
1.980000	-0.163083	-0.115591	0.100091	0.348596	-0.944024	0.000387
2.000000	-0.166046	-0.091231	0.094005	0.348363	-0.943751	0.000527
2.020000	-0.168654	-0.061264	0.087467	0.348234	-0.943697	0.000799
2.040000	-0.171007	-0.026752	0.080424	0.348195	-0.943832	0.001193
2.060000	-0.173206	0.011241	0.072826	0.348228	-0.944128	0.001698
2.080000	-0.175350	0.051649	0.064622	0.348318	-0.944556	0.002305
2.100000	-0.177541	0.093410	0.055761	0.348449	-0.945088	0.003004
2.120000	-0.179879	0.135459	0.046191	0.348605	-0.945693	0.003784
2.140000	-0.182463	0.176732	0.035862	0.348770	-0.946344	0.004636
2.160000	-0.185395	0.216166	0.024722	0.348929	-0.947010	0.005551
2.180000	-0.188775	0.252695	0.012721	0.349065	-0.947664	0.006517
2.200000	-0.192703	0.285257	-0.000193	0.349162	-0.948277	0.007525
2.220000	-0.197279	0.312788	-0.014071	0.349204	-0.948819	0.008565
2.240000	-0.202604	0.334223	-0.028964	0.349176	-0.949262	0.009626
2.260000	-0.208776	0.348519	-0.044919	0.349062	-0.949576	0.010700
2.280000	-0.215800	0.355417	-0.061868	0.348860	-0.949753	0.011775
2.300000	-0.223565	0.355627	-0.079593	0.348581	-0.949802	0.012840
2.320000	-0.231955	0.349925	-0.097870	0.348242	-0.949738	0.013884
2.340000	-0.240851	0.339084	-0.116472	0.347855	-0.949573	0.014894
2.360000	-0.250137	0.323878	-0.135175	0.347436	-0.949321	0.015859
2.380000	-0.259694	0.305083	-0.153754	0.346998	-0.948995	0.016767
2.400000	-0.269407	0.283471	-0.171981	0.346557	-0.948607	0.017608
2.420000	-0.279156	0.259817	-0.189633	0.346126	-0.948172	0.018369
2.440000	-0.288824	0.234895	-0.206484	0.345719	-0.947701	0.019039
2.460000	-0.298295	0.209479	-0.222308	0.345351	-0.947208	0.019606
2.480000	-0.307450	0.184343	-0.236880	0.345037	-0.946707	0.020059
2.500000	-0.316172	0.160262	-0.249974	0.344790	-0.946210	0.020386
2.520000	-0.324344	0.138009	-0.261365	0.344624	-0.945731	0.020576
2.540000	-0.331847	0.118359	-0.270828	0.344555	-0.945282	0.020616
2.560000	-0.338566	0.102086	-0.278137	0.344596	-0.944877	0.020496
2.580000	-0.344382	0.089963	-0.283067	0.344762	-0.944528	0.020205
2.600000	-0.349214	0.082454	-0.285512	0.345060	-0.944245	0.019740
2.620000	-0.353070	0.079255	-0.285664	0.345477	-0.944025	0.019128
