0.000000	-0.126830	0.261763	-0.090919	0.353765	-0.944135	0.019192
0.020000	-0.151932	0.269096	-0.095045	0.353307	-0.942379	0.018957
0.040000	-0.177981	0.277593	-0.099136	0.352911	-0.940506	0.018829
0.060000	-0.204348	0.286872	-0.103118	0.352570	-0.938564	0.018812
0.080000	-0.230399	0.296551	-0.106916	0.352275	-0.936602	0.018910
0.100000	-0.255505	0.306250	-0.110456	0.352018	-0.934667	0.019126
0.120000	-0.279034	0.315587	-0.113665	0.351792	-0.932807	0.019465
0.140000	-0.300355	0.324180	-0.116468	0.351589	-0.931070	0.019930
0.160000	-0.318836	0.331648	-0.118790	0.351400	-0.929503	0.020525
0.180000	-0.333848	0.337608	-0.120558	0.351218	-0.928155	0.021254
0.200000	-0.344757	0.341681	-0.121698	0.351035	-0.927073	0.022120
0.220000	-0.350935	0.343483	-0.122135	0.350842	-0.926305	0.023127
0.240000	-0.351933	0.342733	-0.121825	0.350634	-0.925889	0.024274
0.260000	-0.348193	0.339624	-0.120867	0.350407	-0.925811	0.025535
0.280000	-0.340424	0.334489	-0.119402	0.350160	-0.926043	0.026875
0.300000	-0.329333	0.327665	-0.117572	0.349893	-0.926556	0.028262
0.320000	-0.315627	0.319486	-0.115518	0.349604	-0.927321	0.029661
0.340000	-0.300016	0.310288	-0.113383	0.349293	-0.928311	0.031040
0.360000	-0.283206	0.300406	-0.111307	0.348958	-0.929497	0.032364
0.380000	-0.265906	0.290175	-0.109433	0.348598	-0.930849	0.033599
0.400000	-0.248823	0.279931	-0.107901	0.348213	-0.932341	0.034712
0.420000	-0.232666	0.270008	-0.106855	0.347801	-0.933943	0.035670
0.440000	-0.218142	0.260742	-0.106435	0.347361	-0.935627	0.036439
0.460000	-0.205959	0.252468	-0.106782	0.346892	-0.937364	0.036984
0.480000	-0.196826	0.245521	-0.108039	0.346394	-0.939126	0.037273
0.500000	-0.191449	0.240236	-0.110348	0.345865	-0.940884	0.037272
0.520000	-0.190538	0.236949	-0.113849	0.345304	-0.942610	0.036946
0.540000	-0.194659	0.235928	-0.118651	0.344712	-0.944277	0.036272
0.560000	-0.203482	0.237012	-0.124649	0.344095	-0.945872	0.035277
0.580000	-0.216325	0.239874	-0.131652	0.343466	-0.947386	0.034011
0.600000	-0.232503	0.244184	-0.139472	0.342834	-0.948811	0.032523
0.620000	-0.251332	0.249613	-0.147917	0.342212	-0.950138	0.030864
0.640000	-0.272128	0.255833	-0.156799	0.341608	-0.951359	0.029082
0.660000	-0.294207	0.262515	-0.165928	0.341035	-0.952464	0.027228
0.680000	-0.316885	0.269329	-0.175113	0.340504	-0.953446	0.025351
0.700000	-0.339477	0.275947	-0.184166	0.340024	-0.954296	0.023501
0.720000	-0.361300	0.282039	-0.192895	0.339607	-0.955006	0.021728
0.740000	-0.381669	0.287278	-0.201111	0.339264	-0.955566	0.020081
0.760000	-0.399901	0.291333	-0.208625	0.339005	-0.955968	0.018610
0.780000	-0.415310	0.293876	-0.215247	0.338842	-0.956204	0.017364
0.800000	-0.427214	0.294578	-0.220786	0.338785	-0.956266	0.016393
0.820000	-0.434928	0.293110	-0.225053	0.338845	-0.956144	0.015748
0.840000	-0.437768	0.289143	-0.227858	0.339033	-0.955830	0.015476
0.860000	-0.435050	0.282349	-0.229011	0.339360	-0.955315	0.015629
0.880000	-0.426336	0.272517	-0.228402	0.339831	-0.954599	0.016237
0.900000	-0.412145	0.259902	-0.226231	0.340428	-0.953704	0.017253
0.920000	-0.393225	0.244870	-0.222771	0.341128	-0.952661	0.018616
0.940000	-0.370325	0.227785	-0.218296	0.341910	-0.951500	0.020261
0.960000	-0.344193	0.209015	-0.213080	0.342750	-0.950252	0.022126
0.980000	-0.315577	0.188924	-0.207396	0.343626	-0.948947	0.024147
1.000000	-0.285227	0.167878	-0.201518	0.344514	-0.947615	0.026262
1.020000	-0.253891	0.146242	-0.195720	0.345392	-0.946286	0.028406
1.040000	-0.222317	0.124384	-0.190275	0.346238	-0.944991	0.030516
1.060000	-0.191254	0.102667	-0.185459	0.347029	-0.943760	0.032530
1.080000	-0.161451	0.081458	-0.181543	0.347741	-0.942623	0.034384
1.100000	-0.133656	0.061123	-0.178802	0.348353	-0.941610	0.036015
1.120000	-0.108617	0.042027	-0.177510	0.348841	-0.940753	0.037359
1.140000	-0.087084	0.024535	-0.177941	0.349182	-0.940080	0.038354
1.160000	-0.069804	0.009014	-0.180367	0.349355	-0.939623	0.038936
1.180000	-0.057518	-0.004175	-0.185059	0.349336	-0.939411	0.039042
1.200000	-0.050468	-0.014933	-0.192041	0.349124	-0.939451	0.038657
1.220000	-0.048134	-0.023561	-0.200956	0.348749	-0.939718	0.037839
1.240000	-0.049932	-0.030393	-0.211419	0.348243	-0.940182	0.036650
1.260000	-0.055276	-0.035764	-0.223043	0.347639	-0.940812	0.035153
1.280000	-0.063582	-0.040010	-0.235442	0.346969	-0.941581	0.033411
1.300000	-0.074265	-0.043464	-0.248230	0.346266	-0.942458	0.031487
1.320000	-0.086742	-0.046462	-0.261020	0.345562	-0.943414	0.029445
1.340000	-0.100426	-0.049338	-0.273425	0.344890	-0.944419	0.027347
1.360000	-0.114735	-0.052428	-0.285059	0.344282	-0.945445	0.025255
1.380000	-0.129082	-0.056066	-0.295536	0.343771	-0.946460	0.023234
1.400000	-0.142884	-0.060586	-0.304468	0.343389	-0.947437	0.021346
1.420000	-0.155557	-0.066324	-0.311471	0.343169	-0.948345	0.019655
1.440000	-0.166514	-0.073614	-0.316157	0.343143	-0.949156	0.018222
1.460000	-0.175172	-0.082792	-0.318140	0.343344	-0.949838	0.017112
1.480000	-0.180946	-0.094191	-0.317033	0.343805	-0.950364	0.016386
1.500000	-0.183252	-0.108148	-0.312450	0.344558	-0.950704	0.016109
1.520000	-0.181712	-0.124788	-0.304182	0.345617	-0.950839	0.016316
1.540000	-0.176593	-0.143594	-0.292578	0.346947	-0.950785	0.016965
1.560000	-0.168287	-0.163924	-0.278090	0.348497	-0.950563	0.017994
1.580000	-0.157186	-0.185132	-0.261174	0.350221	-0.950195	0.019344
1.600000	-0.143682	-0.206576	-0.242284	0.352070	-0.949705	0.020955
1.620000	-0.128167	-0.227613	-0.221875	0.353997	-0.949113	0.022767
1.640000	-0.111034	-0.247599	-0.200400	0.355952	-0.948442	0.024720
1.660000	-0.092674	-0.265890	-0.178316	0.357888	-0.947714	0.026753
1.680000	-0.073479	-0.281843	-0.156076	0.359756	-0.946952	0.028808
1.700000	-0.053842	-0.294815	-0.134134	0.361510	-0.946176	0.030823
1.720000	-0.034155	-0.304163	-0.112946	0.363100	-0.945409	0.032740
1.740000	-0.014809	-0.309242	-0.092965	0.364478	-0.944673	0.034497
1.760000	0.003803	-0.309410	-0.074647	0.365596	-0.943990	0.036035
1.780000	0.021289	-0.304023	-0.058445	0.366407	-0.943383	0.037295
1.800000	0.037257	-0.292437	-0.044815	0.366862	-0.942873	0.038215
1.820000	0.051320	-0.274028	-0.034202	0.366913	-0.942482	0.038737
1.840000	0.063263	-0.248825	-0.026754	0.366559	-0.942217	0.038848
1.860000	0.073086	-0.217688	-0.022239	0.365848	-0.942067	0.038590
1.880000	0.080807	-0.181527	-0.020400	0.364837	-0.942019	0.038009
1.900000	0.086441	-0.141256	-0.020983	0.363580	-0.942062	0.037151
1.920000	0.090004	-0.097787	-0.023729	0.362131	-0.942182	0.036063
1.940000	0.091511	-0.052031	-0.028385	0.360545	-0.942368	0.034792
1.960000	0.090979	-0.004900	-0.034693	0.358877	-0.942606	0.033383
1.980000	0.088423	0.042693	-0.042398	0.357180	-0.942885	0.031882
2.000000	0.083860	0.089837	-0.051243	0.355511	-0.943192	0.030337
2.020000	0.077305	0.135619	-0.060974	0.353923	-0.943515	0.028793
2.040000	0.068774	0.179127	-0.071332	0.352470	-0.943841	0.027296
2.060000	0.058282	0.219450	-0.082064	0.351208	-0.944158	0.025894
2.080000	0.045847	0.255675	-0.092912	0.350191	-0.944454	0.024632
2.100000	0.031482	0.286891	-0.103621	0.349474	-0.944716	0.023556
2.120000	0.015206	0.312184	-0.113934	0.349111	-0.944931	0.022713
2.140000	-0.002968	0.330645	-0.123596	0.349157	-0.945089	0.022149
2.160000	-0.022944	0.341792	-0.132446	0.349638	-0.945178	0.021891
2.180000	-0.044432	0.346224	-0.140561	0.350508	-0.945201	0.021916
2.200000	-0.067113	0.344710	-0.148058	0.351708	-0.945160	0.022195
2.220000	-0.090665	0.338019	-0.155050	0.353184	-0.945055	0.022698
2.240000	-0.114768	0.326920	-0.161654	0.354876	-0.944889	0.023395
2.260000	-0.139101	0.312180	-0.167984	0.356727	-0.944664	0.024256
2.280000	-0.163343	0.294569	-0.174155	0.358681	-0.944382	0.025251
2.300000	-0.187175	0.274856	-0.180282	0.360680	-0.944045	0.026350
2.320000	-0.210276	0.253808	-0.186482	0.362667	-0.943655	0.027523
2.340000	-0.232324	0.232195	-0.192868	0.364585	-0.943213	0.028741
2.360000	-0.253000	0.210784	-0.199556	0.366376	-0.942722	0.029974
2.380000	-0.271982	0.190345	-0.206660	0.367983	-0.942183	0.031191
2.400000	-0.288951	0.171646	-0.214297	0.369349	-0.941600	0.032362
2.420000	-0.303585	0.155456	-0.222581	0.370416	-0.940972	0.033459
2.440000	-0.315564	0.142543	-0.231627	0.371128	-0.940303	0.034451
2.460000	-0.324580	0.133655	-0.241545	0.371429	-0.939594	0.035308
2.480000	-0.330631	0.129036	-0.252281	0.371313	-0.938854	0.036016
2.500000	-0.334035	0.128400	-0.263616	0.370825	-0.938093	0.036578
2.520000	-0.335126	0.131436	-0.275323	0.370012	-0.937325	0.036994
2.540000	-0.334237	0.137835	-0.287172	0.368924	-0.936563	0.037268
2.560000	-0.331702	0.147285	-0.298937	0.367607	-0.935818	0.037401
2.580000	-0.327855	0.159477	-0.310389	0.366109	-0.935105	0.037396
2.600000	-0.323030	0.174100	-0.321300	0.364477	-0.934435	0.037254
2.620000	-0.317558	0.190843	-0.331443	0.362761	-0.933821	0.036979
2.640000	-0.311776	0.209397	-0.340590	0.361006	-0.933276	0.036572
2.660000	-0.306015	0.229451	-0.348512	0.359262	-0.932813	0.036035
2.680000	-0.300609	0.250694	-0.354983	0.357576	-0.932444	0.035371
2.700000	-0.295892	0.272817	-0.359773	0.355994	-0.932181	0.034582
2.720000	-0.292198	0.295508	-0.362655	0.354566	-0.932039	0.033670
2.740000	-0.289860	0.318458	-0.363401	0.353339	-0.932028	0.032637
2.760000	-0.289212	0.341356	-0.361783	0.352361	-0.932163	0.031485
2.780000	-0.290586	0.363891	-0.357575	0.351679	-0.932454	0.030217
2.800000	-0.294118	0.385807	-0.350753	0.351318	-0.932906	0.028845
2.820000	-0.299545	0.406949	-0.341708	0.351257	-0.933501	0.027402
2.840000	-0.306550	0.427180	-0.330886	0.351467	-0.934217	0.025921
2.860000	-0.314819	0.446359	-0.318729	0.351923	-0.935034	0.024440
2.880000	-0.324037	0.464346	-0.305681	0.352597	-0.935933	0.022992
2.900000	-0.333891	0.481004	-0.292186	0.353460	-0.936891	0.021612
2.920000	-0.344064	0.496192	-0.278689	0.354487	-0.937890	0.020337
