0.000000	2.035247	0.764875	-0.026635	0.315089	-0.909507	0.021533
0.020000	1.991411	0.725060	-0.023169	0.319243	-0.911329	0.022352
0.040000	1.923723	0.694609	-0.023649	0.322912	-0.914148	0.022278
0.060000	1.835053	0.672749	-0.027870	0.326136	-0.917828	0.021438
0.080000	1.728271	0.658709	-0.035629	0.328954	-0.922233	0.019954
0.100000	1.606250	0.651717	-0.046722	0.331405	-0.927227	0.017951
0.120000	1.471858	0.650999	-0.060945	0.333527	-0.932674	0.015553
0.140000	1.327968	0.655785	-0.078093	0.335362	-0.938438	0.012884
0.160000	1.177449	0.665303	-0.097962	0.336946	-0.944382	0.010069
0.180000	1.023173	0.678778	-0.120349	0.338321	-0.950371	0.007231
0.200000	0.868009	0.695441	-0.145049	0.339525	-0.956267	0.004495
0.220000	0.714829	0.714519	-0.171858	0.340597	-0.961936	0.001984
0.240000	0.566503	0.735238	-0.200572	0.341576	-0.967240	-0.000176
0.260000	0.425902	0.756829	-0.230988	0.342503	-0.972044	-0.001863
0.280000	0.295896	0.778517	-0.262901	0.343415	-0.976211	-0.002951
0.300000	0.179208	0.799545	-0.296054	0.344350	-0.979613	-0.003327
0.320000	0.076628	0.819337	-0.329503	0.345312	-0.982226	-0.003002
0.340000	-0.012400	0.837440	-0.361826	0.346284	-0.984096	-0.002076
0.360000	-0.088460	0.853407	-0.391590	0.347247	-0.985273	-0.000650
0.380000	-0.152135	0.866790	-0.417363	0.348183	-0.985804	0.001173
0.400000	-0.204010	0.877139	-0.437712	0.349074	-0.985740	0.003293
0.420000	-0.244668	0.884008	-0.451205	0.349901	-0.985127	0.005607
0.440000	-0.274693	0.886947	-0.456409	0.350646	-0.984016	0.008014
0.460000	-0.294669	0.885508	-0.451892	0.351291	-0.982454	0.010413
0.480000	-0.305179	0.879244	-0.436222	0.351818	-0.980491	0.012701
0.500000	-0.306807	0.867705	-0.407965	0.352208	-0.978176	0.014778
0.520000	-0.300137	0.850444	-0.365689	0.352443	-0.975556	0.016541
0.540000	-0.285753	0.827012	-0.307962	0.352505	-0.972681	0.017889
0.560000	-0.264239	0.796961	-0.233352	0.352375	-0.969599	0.018721
0.580000	-0.236178	0.759843	-0.140425	0.352036	-0.966360	0.018934
0.600000	-0.202168	0.715245	-0.027881	0.351470	-0.963010	0.018433
0.620000	-0.163086	0.663420	0.103099	0.350679	-0.959595	0.017219
0.640000	-0.120054	0.605219	0.249123	0.349685	-0.956150	0.015381
0.660000	-0.074201	0.541511	0.406722	0.348508	-0.952713	0.013012
0.680000	-0.026659	0.473166	0.572427	0.347169	-0.949323	0.010204
0.700000	0.021441	0.401054	0.742769	0.345691	-0.946016	0.007049
0.720000	0.068969	0.326044	0.914278	0.344094	-0.942830	0.003640
0.740000	0.114794	0.249006	1.083485	0.342398	-0.939803	0.000068
0.760000	0.157785	0.170811	1.246921	0.340626	-0.936972	-0.003575
0.780000	0.196811	0.092328	1.401116	0.338799	-0.934374	-0.007195
0.800000	0.230741	0.014426	1.542601	0.336937	-0.932048	-0.010700
0.820000	0.258446	-0.062023	1.667908	0.335062	-0.930031	-0.013999
0.840000	0.278793	-0.136152	1.773566	0.333194	-0.928359	-0.016999
0.860000	0.290653	-0.207089	1.856106	0.331356	-0.927072	-0.019608
0.880000	0.292894	-0.273965	1.912060	0.329569	-0.926206	-0.021734
0.900000	0.284385	-0.335910	1.937957	0.327852	-0.925798	-0.023284
0.920000	0.264274	-0.392146	1.931085	0.326228	-0.925878	-0.024183
0.940000	0.233341	-0.442434	1.893199	0.324710	-0.926417	-0.024456
0.960000	0.192970	-0.486736	1.827694	0.323311	-0.927368	-0.024165
0.980000	0.144544	-0.525012	1.737968	0.322046	-0.928683	-0.023372
1.000000	0.089447	-0.557222	1.627416	0.320925	-0.930313	-0.022139
1.020000	0.029061	-0.583327	1.499437	0.319963	-0.932212	-0.020528
1.040000	-0.035231	-0.603288	1.357426	0.319173	-0.934330	-0.018600
1.060000	-0.102043	-0.617066	1.204782	0.318567	-0.936621	-0.016418
1.080000	-0.169995	-0.624621	1.044900	0.318159	-0.939036	-0.014044
1.100000	-0.237701	-0.625913	0.881178	0.317960	-0.941528	-0.011539
1.120000	-0.303779	-0.620905	0.717014	0.317986	-0.944048	-0.008965
1.140000	-0.366845	-0.609555	0.555803	0.318247	-0.946549	-0.006385
1.160000	-0.425517	-0.591825	0.400943	0.318757	-0.948982	-0.003860
1.180000	-0.478410	-0.567675	0.255831	0.319530	-0.951301	-0.001452
1.200000	-0.524141	-0.537067	0.123864	0.320578	-0.953457	0.000777
1.220000	-0.561328	-0.499960	0.008439	0.321914	-0.955401	0.002765
1.240000	-0.588586	-0.456316	-0.087048	0.323551	-0.957087	0.004450
1.260000	-0.604955	-0.406323	-0.160187	0.325489	-0.958478	0.005786
1.280000	-0.610988	-0.350989	-0.212112	0.327682	-0.959575	0.006787
1.300000	-0.607579	-0.291506	-0.244754	0.330073	-0.960390	0.007480
1.320000	-0.595621	-0.229063	-0.260042	0.332605	-0.960934	0.007889
1.340000	-0.576006	-0.164854	-0.259905	0.335221	-0.961219	0.008042
1.360000	-0.549628	-0.100068	-0.246273	0.337864	-0.961255	0.007966
1.380000	-0.517381	-0.035897	-0.221075	0.340478	-0.961053	0.007686
1.400000	-0.480158	0.026467	-0.186240	0.343006	-0.960626	0.007228
1.420000	-0.438851	0.085834	-0.143698	0.345390	-0.959984	0.006620
1.440000	-0.394354	0.141012	-0.095378	0.347575	-0.959139	0.005887
1.460000	-0.347560	0.190810	-0.043210	0.349503	-0.958101	0.005055
1.480000	-0.299363	0.234037	0.010877	0.351118	-0.956881	0.004152
1.500000	-0.250656	0.269501	0.064954	0.352362	-0.955492	0.003203
1.520000	-0.202331	0.296012	0.117090	0.353179	-0.953944	0.002235
1.540000	-0.155283	0.312378	0.165358	0.353512	-0.952249	0.001274
1.560000	-0.110313	0.317732	0.208117	0.353320	-0.950420	0.000345
1.580000	-0.067791	0.312753	0.245110	0.352632	-0.948483	-0.000537
1.600000	-0.027959	0.298572	0.276487	0.351499	-0.946469	-0.001358
1.620000	0.008940	0.276324	0.302398	0.349973	-0.944408	-0.002106
1.640000	0.042665	0.247143	0.322993	0.348106	-0.942330	-0.002766
1.660000	0.072974	0.212161	0.338422	0.345947	-0.940265	-0.003326
1.680000	0.099624	0.172512	0.348836	0.343549	-0.938244	-0.003773
1.700000	0.122374	0.129331	0.354384	0.340963	-0.936295	-0.004094
1.720000	0.140981	0.083750	0.355216	0.338240	-0.934451	-0.004274
1.740000	0.155204	0.036902	0.351484	0.335431	-0.932739	-0.004302
1.760000	0.164801	-0.010077	0.343336	0.332587	-0.931191	-0.004163
1.780000	0.169529	-0.056056	0.330924	0.329761	-0.929837	-0.003845
1.800000	0.169146	-0.099900	0.314398	0.327002	-0.928707	-0.003334
1.820000	0.163412	-0.140476	0.293906	0.324362	-0.927831	-0.002618
1.840000	0.152082	-0.176650	0.269601	0.321893	-0.927239	-0.001682
1.860000	0.134916	-0.207289	0.241631	0.319646	-0.926961	-0.000515
1.880000	0.111672	-0.231259	0.210148	0.317671	-0.927027	0.000899
1.900000	0.082402	-0.247809	0.175398	0.316006	-0.927454	0.002559
1.920000	0.048012	-0.257290	0.137912	0.314642	-0.928224	0.004434
1.940000	0.009560	-0.260251	0.098269	0.313566	-0.929308	0.006487
1.960000	-0.031895	-0.257244	0.057050	0.312762	-0.930680	0.008679
1.980000	-0.075294	-0.248817	0.014835	0.312216	-0.932314	0.010973
2.000000	-0.119578	-0.235521	-0.027795	0.311912	-0.934183	0.013331
2.020000	-0.163689	-0.217906	-0.070260	0.311836	-0.936260	0.015715
2.040000	-0.206568	-0.196522	-0.111981	0.311972	-0.938519	0.018086
2.060000	-0.247156	-0.171919	-0.152376	0.312307	-0.940933	0.020409
2.080000	-0.284395	-0.144647	-0.190865	0.312824	-0.943476	0.022644
2.100000	-0.317226	-0.115255	-0.226868	0.313509	-0.946120	0.024753
2.120000	-0.344590	-0.084295	-0.259805	0.314348	-0.948839	0.026699
2.140000	-0.365428	-0.052315	-0.289096	0.315325	-0.951606	0.028445
2.160000	-0.378682	-0.019867	-0.314160	0.316425	-0.954396	0.029951
2.180000	-0.383293	0.012501	-0.334416	0.317634	-0.957180	0.031180
2.200000	-0.378235	0.044246	-0.349301	0.318937	-0.959933	0.032096
2.220000	-0.363498	0.075066	-0.358761	0.320317	-0.962628	0.032687
2.240000	-0.340279	0.104945	-0.363344	0.321756	-0.965238	0.032973
2.260000	-0.309844	0.133885	-0.363636	0.323236	-0.967736	0.032974
2.280000	-0.273460	0.161886	-0.360221	0.324738	-0.970096	0.032711
2.300000	-0.232393	0.188949	-0.353683	0.326245	-0.972291	0.032207
2.320000	-0.187909	0.215074	-0.344607	0.327738	-0.974295	0.031481
2.340000	-0.141274	0.240263	-0.333577	0.329199	-0.976079	0.030555
2.360000	-0.093755	0.264515	-0.321178	0.330609	-0.977619	0.029451
2.380000	-0.046618	0.287832	-0.307995	0.331951	-0.978887	0.028189
2.400000	-0.001129	0.310214	-0.294611	0.333207	-0.979856	0.026790
2.420000	0.041446	0.331663	-0.281612	0.334357	-0.980501	0.025276
2.440000	0.079840	0.352178	-0.269581	0.335384	-0.980793	0.023668
2.460000	0.112786	0.371761	-0.259104	0.336270	-0.980706	0.021986
2.480000	0.139020	0.390412	-0.250764	0.336996	-0.980214	0.020253
2.500000	0.157274	0.408132	-0.245147	0.337544	-0.979291	0.018489
2.520000	0.166423	0.424925	-0.242759	0.337899	-0.977914	0.016714
