0.000000	0.166508	0.440831	-0.243466	0.338067	-0.976115	0.014940
0.020000	0.158156	0.455903	-0.246810	0.338065	-0.973951	0.013177
0.040000	0.141997	0.470195	-0.252334	0.337911	-0.971478	0.011432
0.060000	0.118661	0.483764	-0.259578	0.337623	-0.968751	0.009713
0.080000	0.088778	0.496663	-0.268083	0.337219	-0.965828	0.008029
0.100000	0.052978	0.508947	-0.277391	0.336715	-0.962765	0.006389
0.120000	0.011892	0.520672	-0.287043	0.336131	-0.959619	0.004800
0.140000	-0.033852	0.531891	-0.296581	0.335482	-0.956445	0.003271
0.160000	-0.083622	0.542660	-0.305545	0.334788	-0.953301	0.001810
0.180000	-0.136789	0.553033	-0.313477	0.334064	-0.950242	0.000425
0.200000	-0.192723	0.563065	-0.319919	0.333330	-0.947325	-0.000875
0.220000	-0.250793	0.572810	-0.324411	0.332603	-0.944607	-0.002081
0.240000	-0.310370	0.582324	-0.326494	0.331900	-0.942144	-0.003186
0.260000	-0.370823	0.591661	-0.325711	0.331239	-0.939992	-0.004182
0.280000	-0.431523	0.600877	-0.321603	0.330637	-0.938208	-0.005059
0.300000	-0.491839	0.610024	-0.313709	0.330113	-0.936848	-0.005810
0.320000	-0.551045	0.619101	-0.301702	0.329680	-0.935958	-0.006429
0.340000	-0.607936	0.627809	-0.285891	0.329335	-0.935527	-0.006921
0.360000	-0.661158	0.635761	-0.266786	0.329070	-0.935528	-0.007297
0.380000	-0.709357	0.642568	-0.244897	0.328877	-0.935935	-0.007566
0.400000	-0.751180	0.647843	-0.220733	0.328747	-0.936719	-0.007739
0.420000	-0.785271	0.651199	-0.194804	0.328672	-0.937853	-0.007824
0.440000	-0.810278	0.652246	-0.167621	0.328643	-0.939311	-0.007832
0.460000	-0.824847	0.650597	-0.139692	0.328653	-0.941064	-0.007773
0.480000	-0.827623	0.645865	-0.111528	0.328692	-0.943086	-0.007656
0.500000	-0.817253	0.637660	-0.083637	0.328753	-0.945350	-0.007491
0.520000	-0.792382	0.625596	-0.056531	0.328827	-0.947827	-0.007288
0.540000	-0.751658	0.609285	-0.030718	0.328906	-0.950492	-0.007056
0.560000	-0.693725	0.588338	-0.006708	0.328981	-0.953316	-0.006806
0.580000	-0.617231	0.562367	0.014989	0.329045	-0.956272	-0.006547
0.600000	-0.520820	0.530985	0.033863	0.329088	-0.959334	-0.006289
0.620000	-0.403154	0.493807	0.049407	0.329102	-0.962473	-0.006042
0.640000	-0.264451	0.450846	0.061391	0.329083	-0.965658	-0.005814
0.660000	-0.107931	0.402874	0.070120	0.329033	-0.968845	-0.005610
0.680000	0.062847	0.350753	0.075957	0.328955	-0.971992	-0.005435
0.700000	0.244325	0.295344	0.079267	0.328853	-0.975054	-0.005293
0.720000	0.432944	0.237505	0.080414	0.328728	-0.977989	-0.005190
0.740000	0.625144	0.178099	0.079763	0.328585	-0.980752	-0.005130
0.760000	0.817367	0.117985	0.077678	0.328427	-0.983301	-0.005118
0.780000	1.006055	0.058023	0.074523	0.328256	-0.985590	-0.005158
0.800000	1.187648	-0.000925	0.070663	0.328076	-0.987578	-0.005256
0.820000	1.358587	-0.058000	0.066461	0.327889	-0.989220	-0.005416
0.840000	1.515314	-0.112341	0.062283	0.327700	-0.990473	-0.005642
0.860000	1.654269	-0.163087	0.058493	0.327510	-0.991294	-0.005941
0.880000	1.771895	-0.209379	0.055455	0.327324	-0.991638	-0.006316
0.900000	1.864631	-0.250355	0.053533	0.327143	-0.991462	-0.006772
0.920000	1.928920	-0.285156	0.053092	0.326973	-0.990723	-0.007314
0.940000	1.961415	-0.312970	0.054472	0.326814	-0.989380	-0.007946
0.960000	1.962197	-0.333781	0.057636	0.326664	-0.987459	-0.008660
0.980000	1.934131	-0.348214	0.062239	0.326517	-0.985033	-0.009438
1.000000	1.880158	-0.356917	0.067926	0.326366	-0.982179	-0.010261
1.020000	1.803222	-0.360535	0.074344	0.326202	-0.978975	-0.011111
1.040000	1.706263	-0.359713	0.081138	0.326020	-0.975496	-0.011970
1.060000	1.592226	-0.355096	0.087955	0.325812	-0.971818	-0.012819
1.080000	1.464052	-0.347332	0.094441	0.325572	-0.968020	-0.013640
1.100000	1.324684	-0.337065	0.100242	0.325291	-0.964176	-0.014414
1.120000	1.177065	-0.324941	0.105003	0.324963	-0.960365	-0.015124
1.140000	1.024136	-0.311605	0.108371	0.324581	-0.956661	-0.015751
1.160000	0.868840	-0.297704	0.109993	0.324138	-0.953142	-0.016276
1.180000	0.714120	-0.283882	0.109513	0.323626	-0.949885	-0.016682
1.200000	0.562919	-0.270786	0.106578	0.323039	-0.946966	-0.016949
1.220000	0.418178	-0.259061	0.100834	0.322369	-0.944461	-0.017060
1.240000	0.282840	-0.249352	0.091928	0.321610	-0.942447	-0.016996
1.260000	0.159827	-0.242300	0.079509	0.320755	-0.941000	-0.016740
1.280000	0.050691	-0.238135	0.063562	0.319804	-0.940146	-0.016284
1.300000	-0.045172	-0.236445	0.044588	0.318775	-0.939829	-0.015645
1.320000	-0.128554	-0.236763	0.023139	0.317683	-0.939990	-0.014839
1.340000	-0.200252	-0.238618	-0.000237	0.316545	-0.940568	-0.013881
1.360000	-0.261058	-0.241544	-0.024988	0.315378	-0.941500	-0.012789
1.380000	-0.311767	-0.245070	-0.050566	0.314200	-0.942727	-0.011579
1.400000	-0.353174	-0.248728	-0.076419	0.313026	-0.944188	-0.010267
1.420000	-0.386071	-0.252050	-0.101999	0.311873	-0.945821	-0.008870
1.440000	-0.411255	-0.254567	-0.126756	0.310759	-0.947565	-0.007404
1.460000	-0.429518	-0.255811	-0.150138	0.309699	-0.949359	-0.005886
1.480000	-0.441655	-0.255312	-0.171598	0.308712	-0.951143	-0.004331
1.500000	-0.448461	-0.252603	-0.190584	0.307812	-0.952856	-0.002757
1.520000	-0.450728	-0.247213	-0.206547	0.307018	-0.954435	-0.001180
1.540000	-0.449252	-0.238676	-0.218937	0.306347	-0.955822	0.000384
1.560000	-0.444827	-0.226522	-0.227203	0.305814	-0.956953	0.001919
1.580000	-0.438225	-0.210330	-0.230850	0.305435	-0.957775	0.003408
1.600000	-0.429955	-0.190264	-0.230023	0.305216	-0.958290	0.004839
1.620000	-0.420345	-0.166878	-0.225300	0.305154	-0.958547	0.006205
1.640000	-0.409725	-0.140734	-0.217265	0.305246	-0.958592	0.007495
1.660000	-0.398420	-0.112394	-0.206505	0.305490	-0.958472	0.008703
1.680000	-0.386759	-0.082419	-0.193605	0.305883	-0.958233	0.009817
1.700000	-0.375069	-0.051371	-0.179150	0.306421	-0.957924	0.010831
1.720000	-0.363677	-0.019811	-0.163725	0.307103	-0.957590	0.011736
1.740000	-0.352910	0.011699	-0.147915	0.307925	-0.957279	0.012521
1.760000	-0.343095	0.042597	-0.132306	0.308885	-0.957037	0.013180
1.780000	-0.334561	0.072323	-0.117483	0.309981	-0.956912	0.013703
1.800000	-0.327634	0.100313	-0.104031	0.311209	-0.956951	0.014082
1.820000	-0.322641	0.126007	-0.092537	0.312566	-0.957200	0.014307
1.840000	-0.319910	0.148843	-0.083583	0.314051	-0.957707	0.014371
1.860000	-0.319769	0.168259	-0.077758	0.315660	-0.958519	0.014264
1.880000	-0.322521	0.183725	-0.075615	0.317389	-0.959679	0.013978
1.900000	-0.328082	0.195264	-0.077190	0.319222	-0.961175	0.013516
1.920000	-0.336030	0.203367	-0.082077	0.321127	-0.962950	0.012892
1.940000	-0.345934	0.208546	-0.089851	0.323074	-0.964942	0.012119
1.960000	-0.357363	0.211307	-0.100089	0.325032	-0.967090	0.011208
1.980000	-0.369885	0.212161	-0.112370	0.326971	-0.969336	0.010175
2.000000	-0.383069	0.211616	-0.126271	0.328859	-0.971618	0.009031
2.020000	-0.396483	0.210181	-0.141368	0.330667	-0.973875	0.007790
2.040000	-0.409696	0.208365	-0.157238	0.332364	-0.976047	0.006465
2.060000	-0.422277	0.206677	-0.173460	0.333918	-0.978075	0.005069
2.080000	-0.433794	0.205625	-0.189611	0.335300	-0.979897	0.003615
2.100000	-0.443816	0.205719	-0.205267	0.336479	-0.981452	0.002116
2.120000	-0.451912	0.207467	-0.220005	0.337423	-0.982682	0.000585
2.140000	-0.457649	0.211379	-0.233404	0.338103	-0.983524	-0.000964
2.160000	-0.460597	0.217962	-0.245041	0.338488	-0.983919	-0.002518
2.180000	-0.460325	0.227727	-0.254491	0.338546	-0.983807	-0.004065
2.200000	-0.456404	0.241177	-0.261337	0.338248	-0.983127	-0.005591
2.220000	-0.448680	0.258472	-0.265393	0.337591	-0.981866	-0.007083
2.240000	-0.437455	0.279193	-0.266865	0.336613	-0.980087	-0.008524
2.260000	-0.423074	0.302870	-0.265996	0.335361	-0.977862	-0.009900
2.280000	-0.405880	0.329031	-0.263028	0.333879	-0.975261	-0.011196
2.300000	-0.386218	0.357204	-0.258206	0.332212	-0.972356	-0.012395
2.320000	-0.364434	0.386918	-0.251771	0.330403	-0.969218	-0.013483
2.340000	-0.340872	0.417700	-0.243967	0.328499	-0.965917	-0.014444
2.360000	-0.315876	0.449081	-0.235037	0.326544	-0.962524	-0.015262
2.380000	-0.289791	0.480587	-0.225224	0.324582	-0.959111	-0.015923
2.400000	-0.262962	0.511747	-0.214771	0.322658	-0.955748	-0.016411
2.420000	-0.235733	0.542090	-0.203921	0.320818	-0.952507	-0.016710
2.440000	-0.208449	0.571143	-0.192916	0.319104	-0.949458	-0.016805
2.460000	-0.181454	0.598437	-0.182001	0.317564	-0.946672	-0.016681
