0.000000	-0.530522	-1.936931	-0.272235	0.347292	-0.944285	0.027482
0.020000	-0.537235	-1.946193	-0.276852	0.346569	-0.944328	0.026265
0.040000	-0.542818	-1.919902	-0.281137	0.345627	-0.944157	0.024732
0.060000	-0.547403	-1.861495	-0.285075	0.344503	-0.943793	0.022936
0.080000	-0.551126	-1.774618	-0.288652	0.343235	-0.943258	0.020933
0.100000	-0.554128	-1.662918	-0.291853	0.341860	-0.942576	0.018779
0.120000	-0.556546	-1.530040	-0.294665	0.340416	-0.941768	0.016527
0.140000	-0.558519	-1.379632	-0.297073	0.338941	-0.940858	0.014236
0.160000	-0.560185	-1.215339	-0.299062	0.337474	-0.939868	0.011959
0.180000	-0.561683	-1.040809	-0.300619	0.336051	-0.938822	0.009752
0.200000	-0.563152	-0.859687	-0.301728	0.334711	-0.937740	0.007672
0.220000	-0.564729	-0.675620	-0.302377	0.333492	-0.936648	0.005773
0.240000	-0.566554	-0.492255	-0.302550	0.332431	-0.935566	0.004111
0.260000	-0.568765	-0.313237	-0.302233	0.331567	-0.934518	0.002741
0.280000	-0.571500	-0.142214	-0.301412	0.330937	-0.933527	0.001720
0.300000	-0.574898	0.017169	-0.300072	0.330579	-0.932615	0.001102
0.320000	-0.579097	0.161264	-0.298200	0.330531	-0.931805	0.000944
0.340000	-0.584202	0.286811	-0.295788	0.330825	-0.931117	0.001291
0.360000	-0.590050	0.393602	-0.292897	0.331447	-0.930558	0.002113
0.380000	-0.596347	0.482888	-0.289613	0.332359	-0.930126	0.003344
0.400000	-0.602803	0.555927	-0.286028	0.333526	-0.929819	0.004918
0.420000	-0.609125	0.613979	-0.282229	0.334909	-0.929637	0.006769
0.440000	-0.615019	0.658302	-0.278307	0.336472	-0.929577	0.008829
0.460000	-0.620194	0.690156	-0.274350	0.338178	-0.929639	0.011034
0.480000	-0.624356	0.710800	-0.270448	0.339991	-0.929821	0.013316
0.500000	-0.627214	0.721493	-0.266691	0.341873	-0.930121	0.015609
0.520000	-0.628474	0.723493	-0.263166	0.343787	-0.930539	0.017847
0.540000	-0.627845	0.718060	-0.259965	0.345697	-0.931072	0.019963
0.560000	-0.625033	0.706454	-0.257175	0.347566	-0.931719	0.021891
0.580000	-0.619747	0.689931	-0.254886	0.349356	-0.932479	0.023565
0.600000	-0.611693	0.669753	-0.253188	0.351031	-0.933350	0.024918
0.620000	-0.600579	0.647178	-0.252170	0.352555	-0.934332	0.025885
0.640000	-0.586112	0.623465	-0.251921	0.353889	-0.935421	0.026398
0.660000	-0.568146	0.599576	-0.252472	0.355010	-0.936614	0.026417
0.680000	-0.546958	0.575606	-0.253686	0.355926	-0.937888	0.025981
0.700000	-0.522903	0.551491	-0.255392	0.356656	-0.939223	0.025139
0.720000	-0.496337	0.527167	-0.257423	0.357216	-0.940596	0.023945
0.740000	-0.467615	0.502571	-0.259609	0.357622	-0.941985	0.022447
0.760000	-0.437092	0.477637	-0.261780	0.357891	-0.943367	0.020699
0.780000	-0.405125	0.452302	-0.263769	0.358040	-0.944720	0.018750
0.800000	-0.372068	0.426503	-0.265405	0.358085	-0.946022	0.016653
0.820000	-0.338276	0.400175	-0.266520	0.358043	-0.947250	0.014459
0.840000	-0.304106	0.373253	-0.266944	0.357931	-0.948382	0.012219
0.860000	-0.269913	0.345675	-0.266509	0.357765	-0.949396	0.009983
0.880000	-0.236051	0.317376	-0.265045	0.357562	-0.950270	0.007804
0.900000	-0.202877	0.288292	-0.262383	0.357339	-0.950980	0.005733
0.920000	-0.170746	0.258359	-0.258354	0.357112	-0.951506	0.003821
0.940000	-0.140013	0.227513	-0.252790	0.356898	-0.951824	0.002119
0.960000	-0.111034	0.195690	-0.245520	0.356713	-0.951912	0.000678
0.980000	-0.084131	0.162853	-0.236420	0.356572	-0.951754	-0.000457
1.000000	-0.059422	0.129132	-0.225648	0.356471	-0.951366	-0.001286
1.020000	-0.036944	0.094723	-0.213466	0.356400	-0.950777	-0.001828
1.040000	-0.016735	0.059821	-0.200142	0.356349	-0.950019	-0.002099
1.060000	0.001169	0.024623	-0.185941	0.356307	-0.949122	-0.002118
1.080000	0.016731	-0.010676	-0.171127	0.356264	-0.948114	-0.001901
1.100000	0.029912	-0.045880	-0.155966	0.356210	-0.947027	-0.001467
1.120000	0.040677	-0.080793	-0.140725	0.356135	-0.945889	-0.000832
1.140000	0.048987	-0.115220	-0.125668	0.356029	-0.944732	-0.000014
1.160000	0.054806	-0.148964	-0.111060	0.355881	-0.943585	0.000968
1.180000	0.058095	-0.181831	-0.097167	0.355681	-0.942479	0.002098
1.200000	0.058820	-0.213623	-0.084255	0.355420	-0.941442	0.003358
1.220000	0.056940	-0.244146	-0.072589	0.355086	-0.940506	0.004731
1.240000	0.052421	-0.273204	-0.062434	0.354670	-0.939700	0.006199
1.260000	0.045224	-0.300600	-0.054056	0.354161	-0.939055	0.007744
1.280000	0.035313	-0.326139	-0.047720	0.353550	-0.938600	0.009349
1.300000	0.022661	-0.349618	-0.043675	0.352827	-0.938363	0.010996
1.320000	0.007426	-0.370711	-0.041907	0.352001	-0.938345	0.012664
1.340000	-0.010094	-0.388998	-0.042202	0.351098	-0.938526	0.014327
1.360000	-0.029599	-0.404057	-0.044339	0.350141	-0.938884	0.015961
1.380000	-0.050785	-0.415466	-0.048097	0.349156	-0.939397	0.017541
1.400000	-0.073353	-0.422803	-0.053256	0.348165	-0.940045	0.019043
1.420000	-0.097000	-0.425646	-0.059594	0.347195	-0.940806	0.020442
1.440000	-0.121425	-0.423573	-0.066892	0.346269	-0.941659	0.021713
1.460000	-0.146325	-0.416162	-0.074928	0.345412	-0.942582	0.022830
1.480000	-0.171401	-0.402990	-0.083483	0.344649	-0.943554	0.023770
1.500000	-0.196349	-0.383635	-0.092334	0.344003	-0.944554	0.024508
1.520000	-0.220869	-0.357676	-0.101262	0.343500	-0.945560	0.025019
1.540000	-0.244659	-0.324689	-0.110047	0.343164	-0.946552	0.025278
1.560000	-0.267418	-0.284254	-0.118466	0.343020	-0.947506	0.025260
1.580000	-0.288843	-0.235948	-0.126300	0.343091	-0.948404	0.024941
1.600000	-0.308633	-0.179348	-0.133329	0.343402	-0.949222	0.024296
1.620000	-0.326489	-0.114053	-0.139332	0.343978	-0.949940	0.023300
1.640000	-0.342236	-0.040776	-0.144197	0.344819	-0.950547	0.021961
1.660000	-0.355886	0.038082	-0.147968	0.345886	-0.951042	0.020335
1.680000	-0.367466	0.119980	-0.150704	0.347141	-0.951430	0.018480
1.700000	-0.377005	0.202374	-0.152462	0.348543	-0.951713	0.016455
1.720000	-0.384531	0.282725	-0.153300	0.350052	-0.951894	0.014319
1.740000	-0.390071	0.358489	-0.153278	0.351629	-0.951977	0.012132
1.760000	-0.393654	0.427126	-0.152452	0.353233	-0.951962	0.009953
1.780000	-0.395306	0.486093	-0.150881	0.354824	-0.951855	0.007840
1.800000	-0.395057	0.532849	-0.148624	0.356363	-0.951657	0.005853
1.820000	-0.392935	0.564852	-0.145738	0.357809	-0.951371	0.004051
1.840000	-0.388966	0.579561	-0.142281	0.359122	-0.951001	0.002493
1.860000	-0.383179	0.574432	-0.138311	0.360263	-0.950548	0.001238
1.880000	-0.375602	0.546926	-0.133888	0.361191	-0.950017	0.000345
1.900000	-0.366262	0.494500	-0.129068	0.361867	-0.949409	-0.000127
1.920000	-0.355188	0.414612	-0.123910	0.362249	-0.948728	-0.000119
1.940000	-0.342425	0.305087	-0.118474	0.362303	-0.947976	0.000422
1.960000	-0.328217	0.167978	-0.112855	0.362038	-0.947168	0.001473
1.980000	-0.312935	0.008049	-0.107165	0.361493	-0.946321	0.002959
2.000000	-0.296951	-0.169892	-0.101519	0.360708	-0.945453	0.004808
2.020000	-0.280641	-0.361039	-0.096030	0.359721	-0.944584	0.006946
2.040000	-0.264377	-0.560581	-0.090813	0.358572	-0.943731	0.009300
2.060000	-0.248532	-0.763713	-0.085983	0.357300	-0.942912	0.011796
2.080000	-0.233480	-0.965624	-0.081652	0.355946	-0.942147	0.014361
2.100000	-0.219595	-1.161509	-0.077935	0.354548	-0.941454	0.016920
2.120000	-0.207249	-1.346557	-0.074946	0.353146	-0.940850	0.019401
2.140000	-0.196816	-1.515963	-0.072799	0.351779	-0.940355	0.021730
2.160000	-0.188669	-1.664916	-0.071608	0.350487	-0.939987	0.023834
2.180000	-0.183183	-1.788610	-0.071488	0.349309	-0.939765	0.025638
2.200000	-0.180729	-1.882237	-0.072552	0.348284	-0.939706	0.027070
2.220000	-0.181682	-1.940988	-0.074914	0.347453	-0.939830	0.028055
2.240000	-0.186390	-1.960338	-0.078681	0.346851	-0.940152	0.028525
2.260000	-0.194784	-1.940423	-0.083821	0.346480	-0.940665	0.028480
2.280000	-0.206452	-1.885200	-0.090192	0.346311	-0.941341	0.027977
2.300000	-0.220975	-1.798740	-0.097648	0.346312	-0.942148	0.027075
2.320000	-0.237930	-1.685111	-0.106044	0.346454	-0.943059	0.025834
2.340000	-0.256898	-1.548385	-0.115233	0.346706	-0.944043	0.024313
2.360000	-0.277457	-1.392632	-0.125071	0.347038	-0.945070	0.022570
2.380000	-0.299186	-1.221922	-0.135410	0.347420	-0.946112	0.020665
2.400000	-0.321664	-1.040325	-0.146106	0.347820	-0.947139	0.018657
2.420000	-0.344471	-0.851912	-0.157013	0.348210	-0.948120	0.016605
2.440000	-0.367185	-0.660752	-0.167985	0.348558	-0.949028	0.014568
2.460000	-0.389385	-0.470915	-0.178875	0.348835	-0.949831	0.012605
2.480000	-0.410651	-0.286472	-0.189539	0.349009	-0.950502	0.010776
2.500000	-0.430562	-0.111494	-0.199830	0.349051	-0.951009	0.009139
2.520000	-0.448696	0.049950	-0.209604	0.348931	-0.951323	0.007754
2.540000	-0.464632	0.193790	-0.218713	0.348617	-0.951416	0.006679
2.560000	-0.477951	0.315956	-0.227012	0.348079	-0.951257	0.005974
2.580000	-0.488272	0.412809	-0.234369	0.347293	-0.950822	0.005691
2.600000	-0.495597	0.484589	-0.240772	0.346274	-0.950124	0.005819
