0.000000	0.000823	0.255356	-0.242272	0.354427	-0.937022	0.046817
0.020000	0.036460	0.301343	-0.247657	0.355036	-0.935450	0.047163
0.040000	0.069801	0.348213	-0.253071	0.355738	-0.933797	0.047473
0.060000	0.100023	0.394712	-0.258461	0.356506	-0.932103	0.047745
0.080000	0.126307	0.439586	-0.263774	0.357313	-0.930412	0.047975
0.100000	0.147831	0.481583	-0.268957	0.358132	-0.928765	0.048160
0.120000	0.163776	0.519446	-0.273957	0.358936	-0.927204	0.048298
0.140000	0.173319	0.551924	-0.278722	0.359696	-0.925770	0.048384
0.160000	0.175641	0.577761	-0.283197	0.360385	-0.924507	0.048418
0.180000	0.169921	0.595704	-0.287330	0.360977	-0.923456	0.048394
0.200000	0.155344	0.604508	-0.291068	0.361443	-0.922659	0.048311
0.220000	0.131780	0.603769	-0.294399	0.361772	-0.922132	0.048169
0.240000	0.100328	0.594603	-0.297379	0.361979	-0.921849	0.047977
0.260000	0.062217	0.578284	-0.300075	0.362081	-0.921777	0.047746
0.280000	0.018678	0.556088	-0.302551	0.362097	-0.921886	0.047484
0.300000	-0.029062	0.529288	-0.304873	0.362044	-0.922142	0.047202
0.320000	-0.079772	0.499161	-0.307107	0.361941	-0.922515	0.046909
0.340000	-0.132223	0.466980	-0.309317	0.361804	-0.922972	0.046614
0.360000	-0.185187	0.434022	-0.311568	0.361653	-0.923481	0.046328
0.380000	-0.237433	0.401560	-0.313927	0.361505	-0.924012	0.046060
0.400000	-0.287734	0.370869	-0.316459	0.361378	-0.924530	0.045819
0.420000	-0.334858	0.343225	-0.319228	0.361290	-0.925006	0.045616
0.440000	-0.377578	0.319903	-0.322300	0.361259	-0.925407	0.045460
0.460000	-0.414664	0.302176	-0.325741	0.361302	-0.925701	0.045360
0.480000	-0.444886	0.291321	-0.329616	0.361438	-0.925857	0.045327
0.500000	-0.467016	0.288611	-0.333989	0.361684	-0.925842	0.045370
0.520000	-0.479898	0.295240	-0.338922	0.362058	-0.925626	0.045498
0.540000	-0.483490	0.311175	-0.344388	0.362565	-0.925216	0.045714
0.560000	-0.478591	0.335451	-0.350297	0.363201	-0.924641	0.046015
0.580000	-0.466027	0.367078	-0.356558	0.363963	-0.923933	0.046400
0.600000	-0.446620	0.405067	-0.363079	0.364846	-0.923123	0.046865
0.620000	-0.421193	0.448428	-0.369768	0.365847	-0.922243	0.047408
0.640000	-0.390571	0.496172	-0.376534	0.366963	-0.921324	0.048026
0.660000	-0.355577	0.547311	-0.383285	0.368188	-0.920398	0.048717
0.680000	-0.317034	0.600853	-0.389930	0.369519	-0.919497	0.049479
0.700000	-0.275765	0.655810	-0.396376	0.370953	-0.918651	0.050309
0.720000	-0.232594	0.711193	-0.402533	0.372486	-0.917892	0.051204
0.740000	-0.188345	0.766012	-0.408307	0.374113	-0.917251	0.052162
0.760000	-0.143841	0.819278	-0.413609	0.375831	-0.916761	0.053181
0.780000	-0.099905	0.870001	-0.418346	0.377636	-0.916452	0.054258
0.800000	-0.057360	0.917192	-0.422426	0.379524	-0.916356	0.055390
0.820000	-0.017032	0.959862	-0.425758	0.381491	-0.916505	0.056575
0.840000	0.020263	0.997029	-0.428252	0.383534	-0.916929	0.057810
0.860000	0.053965	1.028189	-0.429910	0.385638	-0.917628	0.059089
0.880000	0.083899	1.053540	-0.430870	0.387775	-0.918556	0.060399
0.900000	0.109922	1.073338	-0.431285	0.389914	-0.919664	0.061725
0.920000	0.131891	1.087839	-0.431302	0.392026	-0.920900	0.063056
0.940000	0.149663	1.097299	-0.431074	0.394081	-0.922216	0.064377
0.960000	0.163095	1.101975	-0.430749	0.396050	-0.923562	0.065675
0.980000	0.172044	1.102123	-0.430478	0.397901	-0.924887	0.066936
1.000000	0.176367	1.097999	-0.430412	0.399606	-0.926142	0.068147
1.020000	0.175920	1.089859	-0.430700	0.401134	-0.927277	0.069295
1.040000	0.170560	1.077959	-0.431492	0.402455	-0.928242	0.070366
1.060000	0.160145	1.062555	-0.432940	0.403540	-0.928987	0.071346
1.080000	0.144531	1.043905	-0.435192	0.404359	-0.929462	0.072223
1.100000	0.123575	1.022263	-0.438400	0.404881	-0.929618	0.072982
1.120000	0.097134	0.997886	-0.442713	0.405078	-0.929404	0.073611
1.140000	0.065066	0.971030	-0.448282	0.404918	-0.928771	0.074095
1.160000	0.027292	0.941950	-0.455233	0.404377	-0.927674	0.074423
1.180000	-0.015521	0.910882	-0.463439	0.403477	-0.926135	0.074602
1.200000	-0.062238	0.878053	-0.472608	0.402273	-0.924219	0.074648
1.220000	-0.111717	0.843689	-0.482448	0.400818	-0.921989	0.074579
1.240000	-0.162818	0.808016	-0.492667	0.399165	-0.919510	0.074414
1.260000	-0.214397	0.771259	-0.502970	0.397371	-0.916846	0.074170
1.280000	-0.265313	0.733643	-0.513066	0.395488	-0.914060	0.073864
1.300000	-0.314425	0.695396	-0.522661	0.393570	-0.911218	0.073514
1.320000	-0.360590	0.656742	-0.531463	0.391672	-0.908382	0.073139
1.340000	-0.402667	0.617908	-0.539178	0.389848	-0.905619	0.072755
1.360000	-0.439514	0.579120	-0.545515	0.388152	-0.902991	0.072381
1.380000	-0.469990	0.540602	-0.550179	0.386638	-0.900563	0.072034
1.400000	-0.492952	0.502582	-0.552879	0.385360	-0.898399	0.071732
1.420000	-0.507259	0.465284	-0.553321	0.384372	-0.896564	0.071493
1.440000	-0.511769	0.428935	-0.551212	0.383729	-0.895121	0.071334
1.460000	-0.505340	0.393761	-0.546260	0.383484	-0.894135	0.071273
1.480000	-0.486866	0.359984	-0.538181	0.383690	-0.893669	0.071327
1.500000	-0.456455	0.327744	-0.526985	0.384349	-0.893729	0.071501
1.520000	-0.415705	0.297075	-0.513047	0.385402	-0.894254	0.071783
1.540000	-0.366306	0.268005	-0.496764	0.386786	-0.895181	0.072159
1.560000	-0.309948	0.240563	-0.478530	0.388437	-0.896443	0.072617
1.580000	-0.248319	0.214776	-0.458743	0.390292	-0.897977	0.073143
1.600000	-0.183110	0.190673	-0.437799	0.392287	-0.899716	0.073724
1.620000	-0.116009	0.168281	-0.416095	0.394359	-0.901597	0.074348
1.640000	-0.048707	0.147630	-0.394025	0.396445	-0.903553	0.075002
1.660000	0.017108	0.128747	-0.371987	0.398482	-0.905521	0.075671
1.680000	0.079745	0.111661	-0.350377	0.400405	-0.907435	0.076345
1.700000	0.137515	0.096400	-0.329591	0.402153	-0.909230	0.077008
1.720000	0.188729	0.082991	-0.310026	0.403661	-0.910841	0.077649
1.740000	0.231697	0.071464	-0.292077	0.404867	-0.912204	0.078254
1.760000	0.264729	0.061846	-0.276141	0.405706	-0.913253	0.078810
1.780000	0.286467	0.054147	-0.262531	0.406129	-0.913937	0.079305
1.800000	0.297285	0.048280	-0.251119	0.406158	-0.914277	0.079731
1.820000	0.298127	0.044128	-0.241635	0.405838	-0.914316	0.080081
1.840000	0.289937	0.041572	-0.233807	0.405213	-0.914099	0.080348
1.860000	0.273660	0.040494	-0.227364	0.404329	-0.913670	0.080525
1.880000	0.250238	0.040775	-0.222036	0.403231	-0.913073	0.080605
1.900000	0.220616	0.042298	-0.217550	0.401963	-0.912352	0.080581
1.920000	0.185738	0.044944	-0.213636	0.400571	-0.911551	0.080447
1.940000	0.146547	0.048595	-0.210023	0.399100	-0.910713	0.080196
1.960000	0.103988	0.053133	-0.206440	0.397594	-0.909884	0.079820
1.980000	0.059005	0.058439	-0.202615	0.396098	-0.909107	0.079313
2.000000	0.012542	0.064395	-0.198278	0.394659	-0.908426	0.078667
2.020000	-0.034459	0.070884	-0.193157	0.393319	-0.907885	0.077877
2.040000	-0.081051	0.077786	-0.186981	0.392125	-0.907529	0.076935
2.060000	-0.126293	0.084983	-0.179479	0.391122	-0.907400	0.075834
2.080000	-0.169239	0.092358	-0.170381	0.390354	-0.907545	0.074567
2.100000	-0.208946	0.099793	-0.159414	0.389867	-0.908005	0.073128
2.120000	-0.244689	0.107157	-0.146461	0.389688	-0.908809	0.071519
2.140000	-0.276447	0.114288	-0.131891	0.389793	-0.909922	0.069773
2.160000	-0.304338	0.121016	-0.116173	0.390145	-0.911304	0.067930
2.180000	-0.328479	0.127171	-0.099775	0.390708	-0.912910	0.066027
2.200000	-0.348989	0.132582	-0.083164	0.391447	-0.914697	0.064105
2.220000	-0.365987	0.137080	-0.066808	0.392325	-0.916622	0.062202
2.240000	-0.379589	0.140494	-0.051176	0.393307	-0.918641	0.060358
2.260000	-0.389915	0.142655	-0.036734	0.394356	-0.920712	0.058612
2.280000	-0.397082	0.143392	-0.023951	0.395436	-0.922792	0.057003
2.300000	-0.401208	0.142535	-0.013294	0.396512	-0.924836	0.055569
2.320000	-0.402413	0.139914	-0.005231	0.397547	-0.926803	0.054351
2.340000	-0.400813	0.135359	-0.000231	0.398505	-0.928648	0.053387
2.360000	-0.396527	0.128700	0.001239	0.399351	-0.930328	0.052716
2.380000	-0.389673	0.119768	-0.001288	0.400048	-0.931801	0.052377
2.400000	-0.380369	0.108390	-0.008281	0.400561	-0.933023	0.052409
2.420000	-0.368734	0.094399	-0.020207	0.400853	-0.933950	0.052853
2.440000	-0.354933	0.077772	-0.037471	0.400896	-0.934547	0.053737
2.460000	-0.339462	0.059516	-0.060039	0.400723	-0.934822	0.055031
2.480000	-0.322956	0.041074	-0.087691	0.400390	-0.934802	0.056680
2.500000	-0.306051	0.023888	-0.120206	0.399952	-0.934516	0.058627
2.520000	-0.289383	0.009403	-0.157365	0.399466	-0.933991	0.060816
2.540000	-0.273588	-0.000939	-0.198947	0.398988	-0.933255	0.063190
2.560000	-0.259301	-0.005693	-0.244732	0.398575	-0.932337	0.065694
2.580000	-0.247157	-0.003417	-0.294500	0.398283	-0.931263	0.068271
2.600000	-0.237794	0.007333	-0.348030	0.398168	-0.930063	0.070865
2.620000	-0.231847	0.028000	-0.405102	0.398287	-0.928763	0.073419
2.640000	-0.229951	0.060028	-0.465495	0.398695	-0.927392	0.075878
2.660000	-0.232741	0.104860	-0.528991	0.399450	-0.925977	0.078186
2.680000	-0.240855	0.163940	-0.595367	0.400607	-0.924547	0.080285
2.700000	-0.254928	0.238711	-0.664404	0.402222	-0.923129	0.082120
2.720000	-0.275595	0.330616	-0.735882	0.404353	-0.921751	0.083635
2.740000	-0.303387	0.440845	-0.809529	0.407046	-0.920439	0.084779
2.760000	-0.337852	0.568195	-0.884582	0.410271	-0.919199	0.085556
2.780000	-0.378002	0.710158	-0.960013	0.413951	-0.918027	0.085998
2.800000	-0.422839	0.864213	-1.034791	0.418011	-0.916919	0.086140
2.820000	-0.471370	1.027836	-1.107883	0.422375	-0.915869	0.086015
2.840000	-0.522599	1.198507	-1.178258	0.426967	-0.914874	0.085656
2.860000	-0.575531	1.373703	-1.244885	0.431711	-0.913929	0.085097
2.880000	-0.629170	1.550903	-1.306732	0.436533	-0.913029	0.084370
2.900000	-0.682522	1.727584	-1.362766	0.441355	-0.912170	0.083511
2.920000	-0.734592	1.901224	-1.411958	0.446102	-0.911348	0.082551
2.940000	-0.784383	2.069303	-1.453275	0.450699	-0.910557	0.081524
2.960000	-0.830902	2.229297	-1.485685	0.455069	-0.909794	0.080465
2.980000	-0.873152	2.378685	-1.508156	0.459137	-0.909055	0.079406
3.000000	-0.910140	2.514944	-1.519658	0.462827	-0.908333	0.078380
3.020000	-0.940868	2.635554	-1.519159	0.466063	-0.907626	0.077422
3.040000	-0.964343	2.737992	-1.505626	0.468770	-0.906929	0.076565
3.060000	-0.979569	2.819735	-1.478029	0.470871	-0.906237	0.075841
3.080000	-0.985560	2.878286	-1.435350	0.472291	-0.905545	0.075285
3.100000	-0.981995	2.912691	-1.377622	0.473012	-0.904855	0.074910
3.120000	-0.969636	2.924534	-1.306588	0.473107	-0.904176	0.074699
3.140000	-0.949348	2.915634	-1.224154	0.472656	-0.903518	0.074629
3.160000	-0.921994	2.887808	-1.132225	0.471740	-0.902892	0.074682
3.180000	-0.888439	2.842873	-1.032705	0.470442	-0.902307	0.074836
3.200000	-0.849547	2.782649	-0.927498	0.468841	-0.901773	0.075071
3.220000	-0.806181	2.708952	-0.818508	0.467020	-0.901302	0.075365
3.240000	-0.759207	2.623601	-0.707641	0.465059	-0.900902	0.075699
3.260000	-0.709486	2.528414	-0.596800	0.463039	-0.900585	0.076051
3.280000	-0.657885	2.425208	-0.487891	0.461042	-0.900360	0.076400
3.300000	-0.605266	2.315801	-0.382817	0.459149	-0.900238	0.076727
3.320000	-0.552494	2.202012	-0.283483	0.457442	-0.900228	0.077010
3.340000	-0.500433	2.085658	-0.191794	0.456000	-0.900341	0.077228
3.360000	-0.449947	1.968556	-0.109654	0.454906	-0.900588	0.077361
3.380000	-0.401897	1.852523	-0.038962	0.454240	-0.900977	0.077389
3.400000	-0.356846	1.738792	0.019247	0.454042	-0.901510	0.077301
3.420000	-0.314723	1.627379	0.065764	0.454261	-0.902166	0.077111
3.440000	-0.275375	1.518142	0.101609	0.454838	-0.902921	0.076835
3.460000	-0.238649	1.410942	0.127804	0.455712	-0.903752	0.076491
3.480000	-0.204394	1.305637	0.145372	0.456822	-0.904635	0.076095
3.500000	-0.172458	1.202088	0.155333	0.458108	-0.905548	0.075662
3.520000	-0.142687	1.100153	0.158710	0.459509	-0.906467	0.075210
