0.000000	-0.666876	1.163411	-0.316901	-0.134389	-0.864836	0.334182
0.020000	-0.644009	1.136263	-0.305509	-0.136960	-0.865176	0.332368
0.040000	-0.616762	1.101960	-0.291106	-0.139663	-0.865597	0.330440
0.060000	-0.585607	1.061390	-0.274115	-0.142461	-0.866078	0.328442
0.080000	-0.551016	1.015441	-0.254958	-0.145318	-0.866599	0.326420
0.100000	-0.513460	0.965002	-0.234059	-0.148196	-0.867138	0.324419
0.120000	-0.473412	0.910959	-0.211840	-0.151060	-0.867675	0.322483
0.140000	-0.431344	0.854202	-0.188725	-0.153871	-0.868188	0.320657
0.160000	-0.387727	0.795617	-0.165135	-0.156594	-0.868657	0.318986
0.180000	-0.343034	0.736093	-0.141493	-0.159192	-0.869061	0.317514
0.200000	-0.297735	0.676517	-0.118223	-0.161627	-0.869378	0.316287
0.220000	-0.252304	0.617779	-0.095747	-0.163863	-0.869589	0.315349
0.240000	-0.207213	0.560765	-0.074487	-0.165864	-0.869671	0.314745
0.260000	-0.162932	0.506363	-0.054868	-0.167592	-0.869605	0.314520
0.280000	-0.119934	0.455461	-0.037310	-0.169011	-0.869368	0.314719
0.300000	-0.078673	0.408740	-0.022138	-0.170097	-0.868949	0.315366
0.320000	-0.039535	0.366162	-0.009334	-0.170869	-0.868368	0.316417
0.340000	-0.002897	0.327541	0.001192	-0.171357	-0.867648	0.317814
0.360000	0.030869	0.292687	0.009530	-0.171590	-0.866815	0.319498
0.380000	0.061387	0.261414	0.015771	-0.171597	-0.865895	0.321410
0.400000	0.088283	0.233534	0.020004	-0.171408	-0.864912	0.323493
0.420000	0.111182	0.208857	0.022321	-0.171051	-0.863892	0.325686
0.440000	0.129711	0.187197	0.022810	-0.170556	-0.862860	0.327932
0.460000	0.143495	0.168365	0.021563	-0.169953	-0.861841	0.330173
0.480000	0.152159	0.152173	0.018670	-0.169270	-0.860861	0.332349
0.500000	0.155329	0.138433	0.014220	-0.168536	-0.859944	0.334401
0.520000	0.152631	0.126957	0.008305	-0.167781	-0.859116	0.336272
0.540000	0.143690	0.117558	0.001013	-0.167035	-0.858402	0.337902
0.560000	0.128132	0.110047	-0.007564	-0.166325	-0.857828	0.339233
0.580000	0.105582	0.104236	-0.017336	-0.165682	-0.857417	0.340206
0.600000	0.075666	0.099937	-0.028213	-0.165135	-0.857197	0.340764
0.620000	0.038134	0.096955	-0.040099	-0.164709	-0.857187	0.340856
0.640000	-0.006336	0.095032	-0.052850	-0.164402	-0.857381	0.340507
0.660000	-0.056649	0.093886	-0.066301	-0.164199	-0.857755	0.339776
0.680000	-0.111708	0.093232	-0.080288	-0.164086	-0.858288	0.338720
0.700000	-0.170417	0.092788	-0.094645	-0.164046	-0.858959	0.337396
0.720000	-0.231677	0.092270	-0.109207	-0.164066	-0.859746	0.335864
0.740000	-0.294391	0.091394	-0.123810	-0.164131	-0.860628	0.334179
0.760000	-0.357463	0.089877	-0.138289	-0.164226	-0.861582	0.332402
0.780000	-0.419796	0.087435	-0.152479	-0.164336	-0.862587	0.330588
0.800000	-0.480292	0.083785	-0.166215	-0.164446	-0.863621	0.328796
0.820000	-0.537854	0.078642	-0.179332	-0.164541	-0.864663	0.327084
0.840000	-0.591385	0.071725	-0.191666	-0.164607	-0.865691	0.325509
0.860000	-0.639788	0.062749	-0.203051	-0.164628	-0.866683	0.324130
0.880000	-0.681966	0.051430	-0.213322	-0.164590	-0.867618	0.323005
0.900000	-0.716822	0.037485	-0.222315	-0.164477	-0.868474	0.322190
0.920000	-0.743258	0.020631	-0.229865	-0.164276	-0.869229	0.321744
0.940000	-0.760634	0.000763	-0.235846	-0.163977	-0.869867	0.321700
0.960000	-0.769561	-0.021731	-0.240243	-0.163590	-0.870389	0.322021
0.980000	-0.770868	-0.046377	-0.243058	-0.163124	-0.870799	0.322662
1.000000	-0.765383	-0.072702	-0.244294	-0.162594	-0.871099	0.323572
1.020000	-0.753934	-0.100232	-0.243954	-0.162009	-0.871292	0.324706
1.040000	-0.737350	-0.128495	-0.242040	-0.161382	-0.871383	0.326016
1.060000	-0.716458	-0.157017	-0.238555	-0.160724	-0.871373	0.327454
1.080000	-0.692087	-0.185325	-0.233502	-0.160047	-0.871267	0.328972
1.100000	-0.665066	-0.212946	-0.226883	-0.159363	-0.871067	0.330522
1.120000	-0.636221	-0.239407	-0.218702	-0.158683	-0.870777	0.332058
1.140000	-0.606382	-0.264234	-0.208961	-0.158019	-0.870400	0.333532
1.160000	-0.576377	-0.286954	-0.197662	-0.157382	-0.869939	0.334895
1.180000	-0.547033	-0.307094	-0.184809	-0.156784	-0.869398	0.336101
1.200000	-0.519180	-0.324180	-0.170404	-0.156237	-0.868779	0.337101
1.220000	-0.493644	-0.337740	-0.154450	-0.155753	-0.868086	0.337849
1.240000	-0.471239	-0.347312	-0.136955	-0.155342	-0.867323	0.338298
1.260000	-0.452288	-0.352776	-0.118073	-0.155007	-0.866493	0.338437
1.280000	-0.436566	-0.354405	-0.098125	-0.154741	-0.865606	0.338298
1.300000	-0.423814	-0.352490	-0.077444	-0.154536	-0.864667	0.337914
1.320000	-0.413775	-0.347322	-0.056358	-0.154382	-0.863684	0.337319
1.340000	-0.406194	-0.339194	-0.035199	-0.154273	-0.862666	0.336546
1.360000	-0.400812	-0.328397	-0.014298	-0.154200	-0.861618	0.335629
1.380000	-0.397372	-0.315223	0.006016	-0.154154	-0.860549	0.334599
1.400000	-0.395618	-0.299965	0.025411	-0.154128	-0.859465	0.333492
1.420000	-0.395293	-0.282913	0.043557	-0.154113	-0.858375	0.332340
1.440000	-0.396139	-0.264360	0.060123	-0.154101	-0.857286	0.331177
1.460000	-0.397899	-0.244597	0.074779	-0.154085	-0.856204	0.330036
1.480000	-0.400316	-0.223917	0.087193	-0.154055	-0.855138	0.328951
1.500000	-0.403134	-0.202611	0.097036	-0.154004	-0.854094	0.327954
1.520000	-0.406095	-0.180971	0.103977	-0.153923	-0.853081	0.327079
1.540000	-0.408942	-0.159289	0.107685	-0.153805	-0.852105	0.326360
1.560000	-0.411417	-0.137856	0.107829	-0.153641	-0.851173	0.325830
1.580000	-0.413280	-0.116946	0.104108	-0.153424	-0.850294	0.325519
1.600000	-0.414494	-0.096550	0.096623	-0.153152	-0.849473	0.325427
1.620000	-0.415174	-0.076457	0.085773	-0.152830	-0.848712	0.325528
1.640000	-0.415442	-0.056451	0.071964	-0.152464	-0.848017	0.325797
1.660000	-0.415417	-0.036314	0.055601	-0.152056	-0.847390	0.326206
1.680000	-0.415218	-0.015831	0.037090	-0.151613	-0.846837	0.326732
1.700000	-0.414965	0.005217	0.016836	-0.151138	-0.846360	0.327346
1.720000	-0.414779	0.027044	-0.004754	-0.150636	-0.845964	0.328024
1.740000	-0.414779	0.049869	-0.027276	-0.150112	-0.845653	0.328740
1.760000	-0.415085	0.073907	-0.050324	-0.149569	-0.845430	0.329468
1.780000	-0.415817	0.099375	-0.073492	-0.149014	-0.845299	0.330182
1.800000	-0.417095	0.126491	-0.096375	-0.148450	-0.845264	0.330856
1.820000	-0.419037	0.155470	-0.118567	-0.147881	-0.845330	0.331464
1.840000	-0.421765	0.186530	-0.139662	-0.147313	-0.845499	0.331980
1.860000	-0.425398	0.219887	-0.159255	-0.146750	-0.845776	0.332379
1.880000	-0.430047	0.255739	-0.176952	-0.146196	-0.846165	0.332635
1.900000	-0.435633	0.293919	-0.192617	-0.145659	-0.846659	0.332742
1.920000	-0.441902	0.333910	-0.206352	-0.145149	-0.847248	0.332715
1.940000	-0.448591	0.375186	-0.218270	-0.144675	-0.847917	0.332565
1.960000	-0.455439	0.417218	-0.228485	-0.144247	-0.848654	0.332305
