0.000000	-0.358618	0.636014	-0.247533	-0.163165	-0.854747	0.320277
0.020000	-0.411166	0.659268	-0.258752	-0.163097	-0.854674	0.321246
0.040000	-0.462913	0.679074	-0.269069	-0.163067	-0.854587	0.322320
0.060000	-0.512993	0.695500	-0.278268	-0.163083	-0.854512	0.323468
0.080000	-0.560541	0.708609	-0.286137	-0.163154	-0.854471	0.324658
0.100000	-0.604691	0.718468	-0.292460	-0.163289	-0.854488	0.325860
0.120000	-0.644578	0.725143	-0.297025	-0.163495	-0.854588	0.327043
0.140000	-0.679337	0.728699	-0.299615	-0.163781	-0.854793	0.328176
0.160000	-0.708102	0.729201	-0.300019	-0.164155	-0.855129	0.329228
0.180000	-0.730007	0.726716	-0.298020	-0.164626	-0.855618	0.330168
0.200000	-0.744188	0.721308	-0.293406	-0.165200	-0.856285	0.330965
0.220000	-0.749812	0.713051	-0.285976	-0.165888	-0.857152	0.331590
0.240000	-0.746814	0.702167	-0.275840	-0.166683	-0.858214	0.332033
0.260000	-0.735885	0.689028	-0.263419	-0.167570	-0.859440	0.332308
0.280000	-0.717750	0.674015	-0.249146	-0.168533	-0.860795	0.332427
0.300000	-0.693134	0.657507	-0.233452	-0.169554	-0.862248	0.332404
0.320000	-0.662762	0.639882	-0.216772	-0.170618	-0.863764	0.332252
0.340000	-0.627358	0.621519	-0.199538	-0.171706	-0.865310	0.331985
0.360000	-0.587647	0.602798	-0.182182	-0.172804	-0.866853	0.331617
0.380000	-0.544354	0.584099	-0.165138	-0.173894	-0.868359	0.331160
0.400000	-0.498203	0.565799	-0.148838	-0.174959	-0.869796	0.330629
0.420000	-0.449919	0.548279	-0.133715	-0.175983	-0.871131	0.330036
0.440000	-0.400226	0.531918	-0.120202	-0.176949	-0.872329	0.329395
0.460000	-0.349850	0.517094	-0.108733	-0.177842	-0.873358	0.328719
0.480000	-0.299515	0.504187	-0.099738	-0.178643	-0.874185	0.328022
0.500000	-0.249946	0.493576	-0.093653	-0.179336	-0.874776	0.327318
0.520000	-0.201862	0.485631	-0.090899	-0.179905	-0.875098	0.326619
0.540000	-0.155804	0.480376	-0.091560	-0.180349	-0.875143	0.325934
0.560000	-0.112085	0.477399	-0.095283	-0.180682	-0.874933	0.325266
0.580000	-0.071003	0.476260	-0.101692	-0.180923	-0.874490	0.324617
0.600000	-0.032859	0.476518	-0.110408	-0.181087	-0.873838	0.323990
0.620000	0.002050	0.477735	-0.121054	-0.181192	-0.873000	0.323385
0.640000	0.033424	0.479469	-0.133251	-0.181255	-0.872000	0.322807
0.660000	0.060965	0.481280	-0.146621	-0.181292	-0.870861	0.322256
0.680000	0.084374	0.482729	-0.160786	-0.181322	-0.869607	0.321735
0.700000	0.103352	0.483376	-0.175368	-0.181361	-0.868260	0.321246
0.720000	0.117601	0.482780	-0.189990	-0.181425	-0.866844	0.320793
0.740000	0.126820	0.480501	-0.204273	-0.181532	-0.865382	0.320375
0.760000	0.130713	0.476099	-0.217839	-0.181699	-0.863898	0.319997
0.780000	0.128979	0.469134	-0.230310	-0.181943	-0.862416	0.319660
0.800000	0.121320	0.459166	-0.241308	-0.182281	-0.860957	0.319366
0.820000	0.107437	0.445755	-0.250455	-0.182730	-0.859547	0.319118
0.840000	0.087031	0.428461	-0.257374	-0.183307	-0.858207	0.318918
0.860000	0.059842	0.406866	-0.261706	-0.184026	-0.856961	0.318767
0.880000	0.026238	0.380937	-0.263438	-0.184880	-0.855823	0.318665
0.900000	-0.012897	0.350952	-0.262838	-0.185836	-0.854797	0.318607
0.920000	-0.056665	0.317199	-0.260181	-0.186864	-0.853889	0.318588
0.940000	-0.104165	0.279965	-0.255745	-0.187932	-0.853105	0.318604
0.960000	-0.154498	0.239540	-0.249805	-0.189010	-0.852449	0.318651
0.980000	-0.206766	0.196210	-0.242637	-0.190066	-0.851928	0.318724
1.000000	-0.260068	0.150264	-0.234517	-0.191068	-0.851545	0.318818
1.020000	-0.313506	0.101990	-0.225722	-0.191986	-0.851308	0.318930
1.040000	-0.366181	0.051676	-0.216527	-0.192789	-0.851221	0.319054
1.060000	-0.417193	-0.000391	-0.207208	-0.193445	-0.851289	0.319186
1.080000	-0.465642	-0.053921	-0.198043	-0.193922	-0.851518	0.319322
1.100000	-0.510631	-0.108629	-0.189305	-0.194191	-0.851913	0.319458
1.120000	-0.551259	-0.164224	-0.181273	-0.194219	-0.852479	0.319588
1.140000	-0.586627	-0.220419	-0.174221	-0.193976	-0.853223	0.319708
1.160000	-0.615836	-0.276927	-0.168426	-0.193430	-0.854148	0.319815
1.180000	-0.638165	-0.333441	-0.164111	-0.192558	-0.855256	0.319903
1.200000	-0.653850	-0.389552	-0.161205	-0.191379	-0.856526	0.319972
1.220000	-0.663448	-0.444820	-0.159545	-0.189926	-0.857928	0.320021
1.240000	-0.667513	-0.498802	-0.158965	-0.188233	-0.859431	0.320050
1.260000	-0.666602	-0.551059	-0.159299	-0.186332	-0.861007	0.320058
1.280000	-0.661271	-0.601147	-0.160382	-0.184258	-0.862626	0.320046
1.300000	-0.652077	-0.648627	-0.162048	-0.182044	-0.864259	0.320012
1.320000	-0.639575	-0.693055	-0.164132	-0.179723	-0.865875	0.319957
1.340000	-0.624321	-0.733992	-0.166469	-0.177328	-0.867446	0.319880
1.360000	-0.606871	-0.770995	-0.168893	-0.174892	-0.868941	0.319781
1.380000	-0.587781	-0.803623	-0.171239	-0.172449	-0.870331	0.319658
1.400000	-0.567608	-0.831435	-0.173341	-0.170033	-0.871587	0.319513
1.420000	-0.546908	-0.853988	-0.175034	-0.167676	-0.872678	0.319344
1.440000	-0.526235	-0.870843	-0.176152	-0.165412	-0.873576	0.319152
1.460000	-0.506148	-0.881557	-0.176531	-0.163274	-0.874251	0.318935
1.480000	-0.487201	-0.885689	-0.176004	-0.161296	-0.874673	0.318694
1.500000	-0.469920	-0.882841	-0.174417	-0.159508	-0.874816	0.318429
1.520000	-0.454452	-0.873146	-0.171751	-0.157915	-0.874687	0.318147
1.540000	-0.440690	-0.857100	-0.168081	-0.156501	-0.874320	0.317862
1.560000	-0.428520	-0.835204	-0.163481	-0.155253	-0.873747	0.317586
1.580000	-0.417828	-0.807961	-0.158027	-0.154155	-0.873001	0.317334
1.600000	-0.408501	-0.775872	-0.151794	-0.153191	-0.872116	0.317118
1.620000	-0.400426	-0.739440	-0.144858	-0.152348	-0.871123	0.316951
1.640000	-0.393489	-0.699165	-0.137294	-0.151611	-0.870056	0.316846
1.660000	-0.387578	-0.655551	-0.129178	-0.150963	-0.868948	0.316818
1.680000	-0.382577	-0.609098	-0.120584	-0.150391	-0.867832	0.316878
1.700000	-0.378376	-0.560309	-0.111588	-0.149880	-0.866740	0.317040
1.720000	-0.374859	-0.509685	-0.102266	-0.149413	-0.865705	0.317317
1.740000	-0.371913	-0.457729	-0.092692	-0.148978	-0.864761	0.317722
1.760000	-0.369426	-0.404942	-0.082943	-0.148558	-0.863939	0.318269
1.780000	-0.367283	-0.351826	-0.073093	-0.148139	-0.863274	0.318971
1.800000	-0.365374	-0.298868	-0.063220	-0.147707	-0.862796	0.319839
1.820000	-0.363621	-0.246281	-0.053444	-0.147261	-0.862509	0.320862
1.840000	-0.361975	-0.194042	-0.043919	-0.146815	-0.862391	0.322009
1.860000	-0.360389	-0.142121	-0.034802	-0.146381	-0.862419	0.323248
1.880000	-0.358816	-0.090487	-0.026250	-0.145972	-0.862573	0.324545
1.900000	-0.357209	-0.039109	-0.018419	-0.145602	-0.862830	0.325870
1.920000	-0.355519	0.012043	-0.011465	-0.145284	-0.863168	0.327190
1.940000	-0.353700	0.063000	-0.005545	-0.145030	-0.863565	0.328472
1.960000	-0.351705	0.113793	-0.000815	-0.144853	-0.863999	0.329686
1.980000	-0.349486	0.164453	0.002568	-0.144766	-0.864447	0.330798
2.000000	-0.346995	0.215009	0.004449	-0.144783	-0.864888	0.331776
2.020000	-0.344186	0.265494	0.004670	-0.144917	-0.865300	0.332588
2.040000	-0.341011	0.315937	0.003075	-0.145180	-0.865660	0.333203
2.060000	-0.337423	0.366369	-0.000492	-0.145585	-0.865946	0.333587
2.080000	-0.333374	0.416821	-0.006188	-0.146146	-0.866138	0.333710
2.100000	-0.328817	0.467323	-0.014168	-0.146875	-0.866211	0.333537
2.120000	-0.323689	0.517850	-0.024526	-0.147783	-0.866149	0.333047
2.140000	-0.317832	0.568051	-0.036987	-0.148866	-0.865958	0.332264
