0.000000	-0.375028	0.503093	-0.429762	-0.191070	-0.851986	0.338680
0.020000	-0.361422	0.522955	-0.437141	-0.191290	-0.853614	0.337841
0.040000	-0.348482	0.542678	-0.443264	-0.191566	-0.855315	0.336988
0.060000	-0.336057	0.561706	-0.448049	-0.191885	-0.857043	0.336127
0.080000	-0.323993	0.579484	-0.451412	-0.192236	-0.858751	0.335263
0.100000	-0.312137	0.595456	-0.453272	-0.192603	-0.860393	0.334404
0.120000	-0.300338	0.609065	-0.453545	-0.192975	-0.861925	0.333554
0.140000	-0.288441	0.619756	-0.452149	-0.193338	-0.863299	0.332721
0.160000	-0.276294	0.626974	-0.449001	-0.193679	-0.864469	0.331910
0.180000	-0.263744	0.630160	-0.444019	-0.193985	-0.865391	0.331127
0.200000	-0.250639	0.628761	-0.437120	-0.194243	-0.866017	0.330378
0.220000	-0.236825	0.622221	-0.428222	-0.194440	-0.866301	0.329670
0.240000	-0.222149	0.609982	-0.417241	-0.194563	-0.866198	0.329008
0.260000	-0.206460	0.591489	-0.404096	-0.194598	-0.865662	0.328399
0.280000	-0.189614	0.566219	-0.388715	-0.194534	-0.864649	0.327848
0.300000	-0.171685	0.534333	-0.371280	-0.194371	-0.863170	0.327358
0.320000	-0.152956	0.496650	-0.352214	-0.194124	-0.861288	0.326927
0.340000	-0.133716	0.454013	-0.331950	-0.193807	-0.859068	0.326553
0.360000	-0.114257	0.407265	-0.310920	-0.193435	-0.856574	0.326236
0.380000	-0.094867	0.357252	-0.289557	-0.193024	-0.853871	0.325974
0.400000	-0.075838	0.304817	-0.268294	-0.192587	-0.851024	0.325764
0.420000	-0.057460	0.250804	-0.247564	-0.192140	-0.848098	0.325607
0.440000	-0.040023	0.196057	-0.227798	-0.191697	-0.845157	0.325499
0.460000	-0.023817	0.141421	-0.209431	-0.191273	-0.842267	0.325440
0.480000	-0.009133	0.087738	-0.192893	-0.190882	-0.839493	0.325427
0.500000	0.003739	0.035853	-0.178619	-0.190541	-0.836898	0.325461
0.520000	0.014510	-0.013389	-0.167041	-0.190263	-0.834548	0.325538
0.540000	0.022888	-0.059146	-0.158591	-0.190063	-0.832508	0.325657
0.560000	0.028584	-0.100572	-0.153703	-0.189955	-0.830842	0.325817
0.580000	0.031315	-0.136841	-0.152795	-0.189955	-0.829615	0.326017
0.600000	0.031072	-0.167704	-0.155869	-0.190063	-0.828843	0.326257
0.620000	0.028174	-0.193614	-0.162408	-0.190261	-0.828490	0.326538
0.640000	0.022965	-0.215069	-0.171867	-0.190532	-0.828514	0.326865
0.660000	0.015784	-0.232564	-0.183701	-0.190858	-0.828876	0.327238
0.680000	0.006975	-0.246599	-0.197363	-0.191221	-0.829534	0.327662
0.700000	-0.003122	-0.257668	-0.212309	-0.191603	-0.830448	0.328139
0.720000	-0.014165	-0.266270	-0.227992	-0.191987	-0.831577	0.328671
0.740000	-0.025813	-0.272901	-0.243867	-0.192353	-0.832880	0.329261
0.760000	-0.037724	-0.278058	-0.259387	-0.192686	-0.834316	0.329911
0.780000	-0.049557	-0.282237	-0.274008	-0.192966	-0.835844	0.330625
0.800000	-0.060969	-0.285937	-0.287184	-0.193176	-0.837425	0.331405
0.820000	-0.071621	-0.289654	-0.298368	-0.193297	-0.839016	0.332253
0.840000	-0.081170	-0.293885	-0.307015	-0.193313	-0.840578	0.333172
0.860000	-0.089274	-0.299126	-0.312580	-0.193205	-0.842070	0.334165
0.880000	-0.095593	-0.305875	-0.314516	-0.192955	-0.843450	0.335234
0.900000	-0.099785	-0.314628	-0.312279	-0.192545	-0.844679	0.336383
0.920000	-0.101642	-0.325609	-0.305607	-0.191969	-0.845729	0.337607
0.940000	-0.101278	-0.338387	-0.294921	-0.191246	-0.846609	0.338888
0.960000	-0.098856	-0.352429	-0.280747	-0.190400	-0.847332	0.340209
0.980000	-0.094538	-0.367206	-0.263609	-0.189453	-0.847912	0.341547
1.000000	-0.088486	-0.382185	-0.244031	-0.188430	-0.848362	0.342884
1.020000	-0.080863	-0.396837	-0.222538	-0.187354	-0.848694	0.344200
1.040000	-0.071832	-0.410630	-0.199655	-0.186249	-0.848923	0.345475
1.060000	-0.061554	-0.423033	-0.175906	-0.185138	-0.849062	0.346689
1.080000	-0.050192	-0.433516	-0.151815	-0.184044	-0.849124	0.347822
1.100000	-0.037909	-0.441547	-0.127908	-0.182991	-0.849122	0.348855
1.120000	-0.024866	-0.446596	-0.104709	-0.182003	-0.849070	0.349767
1.140000	-0.011227	-0.448131	-0.082742	-0.181104	-0.848981	0.350539
1.160000	0.002847	-0.445622	-0.062532	-0.180315	-0.848868	0.351151
1.180000	0.017193	-0.438538	-0.044603	-0.179662	-0.848744	0.351584
1.200000	0.031649	-0.426347	-0.029480	-0.179167	-0.848624	0.351817
1.220000	0.046046	-0.408739	-0.017535	-0.178846	-0.848517	0.351841
1.240000	0.060194	-0.386093	-0.008656	-0.178685	-0.848423	0.351677
1.260000	0.073902	-0.358930	-0.002634	-0.178667	-0.848341	0.351355
1.280000	0.086975	-0.327768	0.000740	-0.178773	-0.848270	0.350902
1.300000	0.099222	-0.293128	0.001673	-0.178985	-0.848208	0.350347
1.320000	0.110448	-0.255528	0.000376	-0.179285	-0.848153	0.349719
1.340000	0.120461	-0.215487	-0.002945	-0.179653	-0.848104	0.349046
1.360000	0.129069	-0.173526	-0.008080	-0.180074	-0.848059	0.348355
1.380000	0.136077	-0.130162	-0.014821	-0.180527	-0.848017	0.347677
1.400000	0.141294	-0.085917	-0.022959	-0.180994	-0.847976	0.347039
1.420000	0.144525	-0.041308	-0.032286	-0.181458	-0.847934	0.346469
1.440000	0.145579	0.003146	-0.042594	-0.181901	-0.847891	0.345996
1.460000	0.144262	0.046923	-0.053673	-0.182303	-0.847845	0.345649
1.480000	0.140381	0.089506	-0.065315	-0.182647	-0.847793	0.345456
1.500000	0.133743	0.130375	-0.077312	-0.182914	-0.847735	0.345444
1.520000	0.124155	0.169011	-0.089456	-0.183086	-0.847669	0.345644
1.540000	0.111462	0.204953	-0.101554	-0.183149	-0.847593	0.346076
1.560000	0.095770	0.238140	-0.113530	-0.183113	-0.847510	0.346720
1.580000	0.077293	0.268681	-0.125357	-0.182996	-0.847420	0.347537
1.600000	0.056248	0.296682	-0.137008	-0.182821	-0.847327	0.348488
1.620000	0.032850	0.322253	-0.148453	-0.182607	-0.847232	0.349533
1.640000	0.007314	0.345503	-0.159667	-0.182374	-0.847137	0.350634
1.660000	-0.020144	0.366538	-0.170621	-0.182143	-0.847045	0.351752
1.680000	-0.049309	0.385468	-0.181287	-0.181933	-0.846958	0.352847
1.700000	-0.079965	0.402401	-0.191640	-0.181765	-0.846878	0.353880
1.720000	-0.111897	0.417444	-0.201650	-0.181660	-0.846806	0.354813
1.740000	-0.144889	0.430708	-0.211290	-0.181637	-0.846746	0.355606
1.760000	-0.178726	0.442298	-0.220532	-0.181716	-0.846699	0.356220
1.780000	-0.213193	0.452325	-0.229350	-0.181919	-0.846667	0.356616
1.800000	-0.248074	0.460896	-0.237716	-0.182264	-0.846653	0.356754
1.820000	-0.283153	0.468119	-0.245601	-0.182773	-0.846658	0.356597
1.840000	-0.318214	0.474103	-0.252979	-0.183466	-0.846685	0.356105
1.860000	-0.352973	0.478938	-0.259819	-0.184350	-0.846735	0.355259
1.880000	-0.386962	0.482667	-0.266084	-0.185404	-0.846804	0.354098
1.900000	-0.419684	0.485326	-0.271736	-0.186599	-0.846888	0.352666
1.920000	-0.450646	0.486951	-0.276735	-0.187910	-0.846984	0.351010
1.940000	-0.479350	0.487578	-0.281044	-0.189307	-0.847087	0.349174
1.960000	-0.505301	0.487243	-0.284625	-0.190765	-0.847194	0.347206
1.980000	-0.528004	0.485982	-0.287438	-0.192255	-0.847301	0.345149
2.000000	-0.546962	0.483830	-0.289445	-0.193751	-0.847404	0.343051
2.020000	-0.561681	0.480824	-0.290609	-0.195225	-0.847499	0.340956
2.040000	-0.571664	0.476999	-0.290890	-0.196649	-0.847582	0.338911
