0.000000	-0.311059	0.617461	-0.051146	-0.150115	-0.865651	0.331229
0.020000	-0.303178	0.665612	-0.066599	-0.151520	-0.865244	0.329986
0.040000	-0.294000	0.712041	-0.082941	-0.153074	-0.864752	0.328576
0.060000	-0.283337	0.756281	-0.099768	-0.154765	-0.864187	0.327042
0.080000	-0.270998	0.797866	-0.116675	-0.156587	-0.863566	0.325426
0.100000	-0.256794	0.836331	-0.133257	-0.158528	-0.862903	0.323769
0.120000	-0.240536	0.871209	-0.149109	-0.160581	-0.862212	0.322115
0.140000	-0.222033	0.902036	-0.163828	-0.162735	-0.861508	0.320505
0.160000	-0.201097	0.928346	-0.177008	-0.164983	-0.860805	0.318982
0.180000	-0.177538	0.949672	-0.188246	-0.167315	-0.860118	0.317587
0.200000	-0.151167	0.965549	-0.197135	-0.169721	-0.859461	0.316364
0.220000	-0.121793	0.975512	-0.203273	-0.172194	-0.858849	0.315353
0.240000	-0.089228	0.979094	-0.206253	-0.174722	-0.858296	0.314598
0.260000	-0.053283	0.975832	-0.205673	-0.177299	-0.857817	0.314140
0.280000	-0.014037	0.965574	-0.201409	-0.179907	-0.857418	0.313997
0.300000	0.027853	0.948852	-0.193943	-0.182521	-0.857085	0.314133
0.320000	0.071654	0.926286	-0.183838	-0.185110	-0.856803	0.314505
0.340000	0.116631	0.898496	-0.171656	-0.187645	-0.856557	0.315070
0.360000	0.162051	0.866104	-0.157960	-0.190096	-0.856329	0.315786
0.380000	0.207180	0.829730	-0.143313	-0.192435	-0.856106	0.316609
0.400000	0.251284	0.789994	-0.128276	-0.194631	-0.855871	0.317497
0.420000	0.293630	0.747518	-0.113414	-0.196656	-0.855608	0.318407
0.440000	0.333482	0.702922	-0.099287	-0.198480	-0.855302	0.319295
0.460000	0.370109	0.656827	-0.086460	-0.200074	-0.854937	0.320119
0.480000	0.402776	0.609852	-0.075494	-0.201408	-0.854498	0.320837
0.500000	0.430748	0.562620	-0.066952	-0.202453	-0.853969	0.321404
0.520000	0.453293	0.515751	-0.061396	-0.203179	-0.853334	0.321779
0.540000	0.469677	0.469864	-0.059390	-0.203558	-0.852577	0.321918
0.560000	0.479165	0.425582	-0.061495	-0.203559	-0.851684	0.321779
0.580000	0.481024	0.383524	-0.068275	-0.203154	-0.850637	0.321318
0.600000	0.474731	0.344172	-0.080106	-0.202324	-0.849430	0.320507
0.620000	0.460728	0.307365	-0.096515	-0.201108	-0.848086	0.319380
0.640000	0.439733	0.272761	-0.116785	-0.199557	-0.846642	0.317989
0.660000	0.412464	0.240015	-0.140199	-0.197726	-0.845133	0.316388
0.680000	0.379641	0.208786	-0.166041	-0.195666	-0.843592	0.314627
0.700000	0.341981	0.178730	-0.193593	-0.193431	-0.842056	0.312762
0.720000	0.300203	0.149503	-0.222138	-0.191073	-0.840559	0.310842
0.740000	0.255025	0.120762	-0.250960	-0.188646	-0.839137	0.308922
0.760000	0.207166	0.092165	-0.279341	-0.186203	-0.837823	0.307054
0.780000	0.157344	0.063367	-0.306565	-0.183796	-0.836654	0.305290
0.800000	0.106278	0.034025	-0.331914	-0.181477	-0.835665	0.303683
0.820000	0.054687	0.003797	-0.354673	-0.179301	-0.834890	0.302286
0.840000	0.003287	-0.027661	-0.374123	-0.177320	-0.834364	0.301150
0.860000	-0.047201	-0.060693	-0.389548	-0.175587	-0.834122	0.300329
0.880000	-0.096060	-0.095641	-0.400232	-0.174154	-0.834200	0.299875
0.900000	-0.142574	-0.132845	-0.405461	-0.173075	-0.834632	0.299840
0.920000	-0.186263	-0.172349	-0.404965	-0.172369	-0.835426	0.300243
0.940000	-0.227071	-0.213666	-0.399259	-0.171998	-0.836544	0.301043
0.960000	-0.264985	-0.256256	-0.388941	-0.171919	-0.837942	0.302193
0.980000	-0.299991	-0.299577	-0.374605	-0.172088	-0.839578	0.303644
1.000000	-0.332077	-0.343089	-0.356850	-0.172461	-0.841406	0.305351
1.020000	-0.361228	-0.386250	-0.336272	-0.172994	-0.843385	0.307265
1.040000	-0.387433	-0.428520	-0.313467	-0.173643	-0.845469	0.309340
1.060000	-0.410677	-0.469358	-0.289033	-0.174364	-0.847617	0.311528
1.080000	-0.430949	-0.508222	-0.263565	-0.175114	-0.849784	0.313781
1.100000	-0.448233	-0.544572	-0.237661	-0.175849	-0.851927	0.316053
1.120000	-0.462518	-0.577867	-0.211917	-0.176524	-0.854002	0.318297
1.140000	-0.473790	-0.607565	-0.186930	-0.177097	-0.855966	0.320464
1.160000	-0.482035	-0.633126	-0.163296	-0.177522	-0.857776	0.322508
1.180000	-0.487242	-0.654010	-0.141612	-0.177757	-0.859387	0.324381
1.200000	-0.489396	-0.669674	-0.122475	-0.177757	-0.860757	0.326036
1.220000	-0.488484	-0.679578	-0.106482	-0.177479	-0.861842	0.327426
1.240000	-0.484561	-0.683362	-0.094062	-0.176892	-0.862611	0.328519
1.260000	-0.477932	-0.681333	-0.085029	-0.176020	-0.863080	0.329335
1.280000	-0.468956	-0.673953	-0.079057	-0.174895	-0.863278	0.329910
1.300000	-0.457997	-0.661681	-0.075818	-0.173553	-0.863230	0.330278
1.320000	-0.445415	-0.644979	-0.074986	-0.172027	-0.862965	0.330473
1.340000	-0.431571	-0.624308	-0.076232	-0.170352	-0.862509	0.330529
1.360000	-0.416829	-0.600129	-0.079230	-0.168561	-0.861890	0.330481
1.380000	-0.401548	-0.572903	-0.083652	-0.166689	-0.861135	0.330363
1.400000	-0.386090	-0.543090	-0.089171	-0.164770	-0.860271	0.330211
1.420000	-0.370818	-0.511151	-0.095461	-0.162838	-0.859326	0.330056
1.440000	-0.356092	-0.477548	-0.102193	-0.160928	-0.858326	0.329936
1.460000	-0.342274	-0.442741	-0.109041	-0.159072	-0.857299	0.329883
1.480000	-0.329725	-0.407191	-0.115677	-0.157307	-0.856273	0.329932
1.500000	-0.318807	-0.371359	-0.121774	-0.155664	-0.855273	0.330117
1.520000	-0.309882	-0.335706	-0.127005	-0.154180	-0.854329	0.330473
1.540000	-0.303305	-0.300688	-0.131047	-0.152887	-0.853465	0.331034
1.560000	-0.299163	-0.266490	-0.133792	-0.151799	-0.852698	0.331806
1.580000	-0.297143	-0.232901	-0.135449	-0.150899	-0.852022	0.332755
1.600000	-0.296903	-0.199677	-0.136253	-0.150169	-0.851432	0.333844
1.620000	-0.298097	-0.166576	-0.136439	-0.149589	-0.850921	0.335036
1.640000	-0.300384	-0.133355	-0.136240	-0.149142	-0.850484	0.336294
1.660000	-0.303418	-0.099770	-0.135891	-0.148807	-0.850115	0.337581
1.680000	-0.306857	-0.065578	-0.135626	-0.148567	-0.849808	0.338859
1.700000	-0.310358	-0.030538	-0.135679	-0.148402	-0.849558	0.340093
1.720000	-0.313576	0.005596	-0.136286	-0.148294	-0.849357	0.341244
1.740000	-0.316168	0.043065	-0.137679	-0.148223	-0.849201	0.342276
1.760000	-0.317790	0.082112	-0.140095	-0.148171	-0.849084	0.343151
1.780000	-0.318100	0.122982	-0.143766	-0.148118	-0.848999	0.343833
1.800000	-0.316753	0.165915	-0.148928	-0.148047	-0.848941	0.344284
1.820000	-0.313405	0.211157	-0.155814	-0.147938	-0.848904	0.344468
1.840000	-0.307714	0.258950	-0.164659	-0.147773	-0.848882	0.344347
1.860000	-0.299366	0.309492	-0.175666	-0.147534	-0.848870	0.343888
1.880000	-0.288384	0.362492	-0.188693	-0.147228	-0.848871	0.343102
1.900000	-0.275002	0.417356	-0.203382	-0.146875	-0.848894	0.342024
1.920000	-0.259455	0.473483	-0.219370	-0.146495	-0.848949	0.340692
1.940000	-0.241980	0.530272	-0.236298	-0.146109	-0.849043	0.339142
1.960000	-0.222812	0.587124	-0.253804	-0.145737	-0.849186	0.337413
1.980000	-0.202187	0.643439	-0.271528	-0.145401	-0.849387	0.335541
2.000000	-0.180342	0.698615	-0.289107	-0.145120	-0.849654	0.333563
2.020000	-0.157513	0.752054	-0.306181	-0.144915	-0.849997	0.331516
2.040000	-0.133935	0.803154	-0.322389	-0.144806	-0.850424	0.329438
2.060000	-0.109845	0.851316	-0.337369	-0.144814	-0.850943	0.327365
2.080000	-0.085478	0.895939	-0.350761	-0.144959	-0.851565	0.325335
2.100000	-0.061070	0.936424	-0.362204	-0.145263	-0.852298	0.323384
2.120000	-0.036859	0.972170	-0.371336	-0.145745	-0.853151	0.321550
2.140000	-0.013079	1.002577	-0.377795	-0.146426	-0.854131	0.319870
2.160000	0.010034	1.027044	-0.381222	-0.147326	-0.855250	0.318381
