0.000000	-0.099016	1.007072	-0.259389	-0.200495	-0.858453	0.317475
0.020000	-0.101757	1.010469	-0.262326	-0.201464	-0.860121	0.318182
0.040000	-0.105384	1.008042	-0.263440	-0.202438	-0.861607	0.318908
0.060000	-0.109765	0.999309	-0.262513	-0.203415	-0.862855	0.319635
0.080000	-0.114766	0.983790	-0.259326	-0.204395	-0.863809	0.320347
0.100000	-0.120284	0.961202	-0.253765	-0.205373	-0.864432	0.321030
0.120000	-0.126319	0.931942	-0.246073	-0.206343	-0.864742	0.321677
0.140000	-0.132893	0.896556	-0.236567	-0.207292	-0.864769	0.322285
0.160000	-0.140027	0.855587	-0.225567	-0.208211	-0.864546	0.322851
0.180000	-0.147743	0.809581	-0.213390	-0.209090	-0.864102	0.323370
0.200000	-0.156063	0.759080	-0.200356	-0.209918	-0.863469	0.323839
0.220000	-0.165009	0.704631	-0.186784	-0.210686	-0.862678	0.324254
0.240000	-0.174602	0.646777	-0.172991	-0.211383	-0.861760	0.324611
0.260000	-0.184865	0.586062	-0.159297	-0.211999	-0.860745	0.324907
0.280000	-0.195819	0.523032	-0.146020	-0.212524	-0.859666	0.325139
0.300000	-0.207486	0.458230	-0.133479	-0.212948	-0.858553	0.325301
0.320000	-0.219888	0.392201	-0.121993	-0.213260	-0.857437	0.325392
0.340000	-0.233046	0.325489	-0.111880	-0.213450	-0.856349	0.325406
0.360000	-0.246983	0.258639	-0.103459	-0.213509	-0.855320	0.325341
0.380000	-0.261720	0.192196	-0.097049	-0.213425	-0.854381	0.325192
0.400000	-0.277279	0.126703	-0.092967	-0.213189	-0.853564	0.324956
0.420000	-0.293682	0.062704	-0.091533	-0.212791	-0.852898	0.324629
0.440000	-0.310909	0.000618	-0.092868	-0.212226	-0.852402	0.324212
0.460000	-0.328856	-0.059402	-0.096681	-0.211506	-0.852061	0.323713
0.480000	-0.347405	-0.117238	-0.102624	-0.210642	-0.851859	0.323145
0.500000	-0.366439	-0.172773	-0.110353	-0.209645	-0.851779	0.322516
0.520000	-0.385843	-0.225887	-0.119520	-0.208529	-0.851803	0.321837
0.540000	-0.405500	-0.276464	-0.129780	-0.207305	-0.851914	0.321120
0.560000	-0.425292	-0.324385	-0.140786	-0.205985	-0.852095	0.320373
0.580000	-0.445103	-0.369531	-0.152193	-0.204580	-0.852330	0.319609
0.600000	-0.464816	-0.411786	-0.163654	-0.203104	-0.852600	0.318837
0.620000	-0.484316	-0.451030	-0.174823	-0.201567	-0.852889	0.318067
0.640000	-0.503484	-0.487147	-0.185354	-0.199983	-0.853179	0.317311
0.660000	-0.522205	-0.520017	-0.194900	-0.198362	-0.853454	0.316578
0.680000	-0.540361	-0.549522	-0.203116	-0.196716	-0.853697	0.315880
0.700000	-0.557837	-0.575545	-0.209656	-0.195059	-0.853889	0.315226
0.720000	-0.574514	-0.597968	-0.214173	-0.193401	-0.854015	0.314627
0.740000	-0.590275	-0.616721	-0.216434	-0.191755	-0.854064	0.314093
0.760000	-0.604988	-0.631869	-0.216518	-0.190133	-0.854044	0.313630
0.780000	-0.618525	-0.643501	-0.214556	-0.188548	-0.853969	0.313245
0.800000	-0.630753	-0.651705	-0.210682	-0.187012	-0.853849	0.312944
0.820000	-0.641544	-0.656571	-0.205027	-0.185538	-0.853699	0.312733
0.840000	-0.650765	-0.658186	-0.197725	-0.184138	-0.853529	0.312619
0.860000	-0.658288	-0.656639	-0.188908	-0.182826	-0.853352	0.312608
0.880000	-0.663980	-0.652019	-0.178709	-0.181612	-0.853180	0.312707
0.900000	-0.667711	-0.644414	-0.167260	-0.180510	-0.853026	0.312921
0.920000	-0.669352	-0.633912	-0.154694	-0.179533	-0.852902	0.313257
0.940000	-0.668771	-0.620603	-0.141143	-0.178693	-0.852820	0.313721
0.960000	-0.665837	-0.604575	-0.126739	-0.178002	-0.852792	0.314320
0.980000	-0.660421	-0.585917	-0.111616	-0.177473	-0.852830	0.315060
1.000000	-0.652391	-0.564716	-0.095906	-0.177118	-0.852947	0.315947
1.020000	-0.641618	-0.541062	-0.079741	-0.176950	-0.853155	0.316988
1.040000	-0.627970	-0.515043	-0.063254	-0.176982	-0.853466	0.318189
1.060000	-0.611366	-0.486777	-0.046574	-0.177222	-0.853889	0.319553
1.080000	-0.592022	-0.456559	-0.029808	-0.177650	-0.854411	0.321060
1.100000	-0.570260	-0.424748	-0.013058	-0.178237	-0.855011	0.322684
1.120000	-0.546405	-0.391702	0.003578	-0.178956	-0.855667	0.324397
1.140000	-0.520780	-0.357781	0.019998	-0.179777	-0.856358	0.326173
1.160000	-0.493709	-0.323344	0.036103	-0.180671	-0.857065	0.327984
1.180000	-0.465516	-0.288751	0.051793	-0.181609	-0.857764	0.329804
1.200000	-0.436525	-0.254361	0.066968	-0.182564	-0.858436	0.331605
1.220000	-0.407059	-0.220533	0.081528	-0.183505	-0.859059	0.333360
1.240000	-0.377442	-0.187626	0.095372	-0.184404	-0.859612	0.335043
1.260000	-0.347998	-0.156000	0.108400	-0.185232	-0.860074	0.336625
1.280000	-0.319051	-0.126013	0.120513	-0.185961	-0.860424	0.338081
1.300000	-0.290924	-0.098026	0.131610	-0.186561	-0.860641	0.339382
1.320000	-0.263942	-0.072396	0.141591	-0.187004	-0.860704	0.340503
1.340000	-0.238427	-0.049484	0.150357	-0.187261	-0.860592	0.341415
1.360000	-0.214705	-0.029649	0.157806	-0.187303	-0.860283	0.342093
1.380000	-0.193091	-0.013215	0.163842	-0.187104	-0.859759	0.342510
1.400000	-0.173806	-0.000005	0.168390	-0.186671	-0.859029	0.342675
1.420000	-0.157000	0.010526	0.171396	-0.186039	-0.858124	0.342619
1.440000	-0.142820	0.018934	0.172808	-0.185241	-0.857075	0.342374
1.460000	-0.131413	0.025773	0.172570	-0.184313	-0.855913	0.341971
1.480000	-0.122926	0.031598	0.170630	-0.183287	-0.854669	0.341444
1.500000	-0.117507	0.036965	0.166933	-0.182198	-0.853374	0.340824
1.520000	-0.115303	0.042427	0.161427	-0.181081	-0.852059	0.340142
1.540000	-0.116462	0.048541	0.154056	-0.179970	-0.850757	0.339431
1.560000	-0.121131	0.055860	0.144767	-0.178898	-0.849496	0.338723
1.580000	-0.129457	0.064941	0.133507	-0.177900	-0.848310	0.338049
1.600000	-0.141588	0.076337	0.120222	-0.177011	-0.847228	0.337443
1.620000	-0.157671	0.090604	0.104857	-0.176264	-0.846282	0.336935
1.640000	-0.177853	0.108297	0.087360	-0.175694	-0.845504	0.336557
1.660000	-0.202282	0.129971	0.067677	-0.175335	-0.844923	0.336342
1.680000	-0.231106	0.156180	0.045753	-0.175222	-0.844572	0.336322
1.700000	-0.264462	0.187469	0.021538	-0.175386	-0.844481	0.336528
1.720000	-0.302042	0.223850	-0.004830	-0.175837	-0.844656	0.336960
1.740000	-0.342891	0.264570	-0.032946	-0.176539	-0.845065	0.337575
1.760000	-0.386006	0.308815	-0.062384	-0.177457	-0.845675	0.338326
1.780000	-0.430382	0.355771	-0.092717	-0.178556	-0.846451	0.339167
1.800000	-0.475016	0.404626	-0.123519	-0.179798	-0.847361	0.340049
1.820000	-0.518903	0.454566	-0.154363	-0.181149	-0.848371	0.340926
1.840000	-0.561039	0.504776	-0.184823	-0.182571	-0.849447	0.341750
1.860000	-0.600420	0.554445	-0.214472	-0.184030	-0.850554	0.342476
1.880000	-0.636042	0.602757	-0.242885	-0.185488	-0.851660	0.343056
1.900000	-0.666901	0.648901	-0.269633	-0.186910	-0.852730	0.343442
1.920000	-0.691992	0.692062	-0.294291	-0.188259	-0.853732	0.343588
1.940000	-0.710312	0.731427	-0.316433	-0.189501	-0.854630	0.343447
1.960000	-0.720856	0.766182	-0.335632	-0.190597	-0.855392	0.342972
1.980000	-0.722621	0.795514	-0.351461	-0.191514	-0.855984	0.342115
2.000000	-0.714602	0.818610	-0.363494	-0.192214	-0.856371	0.340830
2.020000	-0.695924	0.834726	-0.371350	-0.192665	-0.856524	0.339076
2.040000	-0.667103	0.843876	-0.375134	-0.192875	-0.856447	0.336880
2.060000	-0.629505	0.846538	-0.375251	-0.192878	-0.856165	0.334314
2.080000	-0.584509	0.843196	-0.372110	-0.192705	-0.855704	0.331448
2.100000	-0.533492	0.834334	-0.366118	-0.192389	-0.855091	0.328351
2.120000	-0.477834	0.820436	-0.357685	-0.191965	-0.854351	0.325096
2.140000	-0.418912	0.801986	-0.347217	-0.191464	-0.853511	0.321751
2.160000	-0.358104	0.779467	-0.335125	-0.190920	-0.852595	0.318389
2.180000	-0.296790	0.753364	-0.321815	-0.190366	-0.851631	0.315079
2.200000	-0.236347	0.724161	-0.307697	-0.189835	-0.850644	0.311892
