0.000000	-0.269624	1.378721	-0.622581	-0.307598	-0.842363	0.281788
0.020000	-0.278958	1.321330	-0.604291	-0.307686	-0.844133	0.280995
0.040000	-0.286230	1.256956	-0.582023	-0.307659	-0.845872	0.280216
0.060000	-0.290724	1.186974	-0.556784	-0.307519	-0.847528	0.279475
0.080000	-0.291727	1.112757	-0.529583	-0.307269	-0.849048	0.278795
0.100000	-0.288524	1.035682	-0.501429	-0.306911	-0.850380	0.278199
0.120000	-0.280401	0.957123	-0.473329	-0.306449	-0.851470	0.277708
0.140000	-0.266644	0.878456	-0.446291	-0.305885	-0.852265	0.277346
0.160000	-0.246538	0.801054	-0.421325	-0.305222	-0.852713	0.277136
0.180000	-0.219440	0.726243	-0.399386	-0.304462	-0.852765	0.277099
0.200000	-0.185757	0.654610	-0.380690	-0.303612	-0.852425	0.277239
0.220000	-0.146700	0.586179	-0.364878	-0.302680	-0.851740	0.277546
0.240000	-0.103496	0.520959	-0.351581	-0.301674	-0.850757	0.278009
0.260000	-0.057377	0.458959	-0.340428	-0.300604	-0.849524	0.278618
0.280000	-0.009573	0.400189	-0.331049	-0.299476	-0.848086	0.279363
0.300000	0.038688	0.344659	-0.323073	-0.298300	-0.846493	0.280232
0.320000	0.086176	0.292377	-0.316130	-0.297084	-0.844791	0.281217
0.340000	0.131660	0.243353	-0.309850	-0.295836	-0.843027	0.282305
0.360000	0.173911	0.197596	-0.303861	-0.294564	-0.841248	0.283487
0.380000	0.211700	0.155116	-0.297793	-0.293278	-0.839502	0.284753
0.400000	0.243796	0.115923	-0.291277	-0.291986	-0.837837	0.286091
0.420000	0.268970	0.080025	-0.283940	-0.290695	-0.836298	0.287492
0.440000	0.285991	0.047433	-0.275414	-0.289415	-0.834935	0.288945
0.460000	0.293632	0.018155	-0.265327	-0.288153	-0.833793	0.290439
0.480000	0.290660	-0.007800	-0.253309	-0.286918	-0.832920	0.291964
0.500000	0.275867	-0.030425	-0.238995	-0.285718	-0.832364	0.293510
0.520000	0.249075	-0.049923	-0.222311	-0.284560	-0.832137	0.295067
0.540000	0.211640	-0.066810	-0.203615	-0.283442	-0.832205	0.296623
0.560000	0.165047	-0.081624	-0.183299	-0.282367	-0.832530	0.298168
0.580000	0.110776	-0.094904	-0.161759	-0.281333	-0.833073	0.299693
0.600000	0.050310	-0.107189	-0.139386	-0.280343	-0.833796	0.301186
0.620000	-0.014869	-0.119019	-0.116574	-0.279395	-0.834660	0.302637
0.640000	-0.083279	-0.130932	-0.093717	-0.278491	-0.835627	0.304036
0.660000	-0.153437	-0.143468	-0.071207	-0.277631	-0.836659	0.305372
0.680000	-0.223861	-0.157165	-0.049438	-0.276815	-0.837716	0.306635
0.700000	-0.293069	-0.172564	-0.028804	-0.276043	-0.838761	0.307814
0.720000	-0.359578	-0.190202	-0.009696	-0.275317	-0.839755	0.308899
0.740000	-0.421908	-0.210620	0.007490	-0.274636	-0.840659	0.309880
0.760000	-0.478575	-0.234355	0.022363	-0.274001	-0.841435	0.310746
0.780000	-0.528096	-0.261948	0.034528	-0.273413	-0.842044	0.311486
0.800000	-0.568991	-0.293937	0.043593	-0.272871	-0.842449	0.312091
0.820000	-0.599905	-0.330799	0.049205	-0.272375	-0.842613	0.312550
0.840000	-0.620928	-0.372297	0.051469	-0.271920	-0.842546	0.312867
0.860000	-0.633059	-0.417746	0.050779	-0.271495	-0.842280	0.313051
0.880000	-0.637312	-0.466454	0.047534	-0.271088	-0.841850	0.313111
0.900000	-0.634701	-0.517732	0.042131	-0.270691	-0.841290	0.313059
0.920000	-0.626237	-0.570886	0.034968	-0.270292	-0.840636	0.312903
0.940000	-0.612936	-0.625225	0.026445	-0.269881	-0.839921	0.312655
0.960000	-0.595810	-0.680058	0.016958	-0.269447	-0.839179	0.312323
0.980000	-0.575873	-0.734693	0.006908	-0.268981	-0.838445	0.311917
1.000000	-0.554139	-0.788438	-0.003310	-0.268471	-0.837754	0.311448
1.020000	-0.531620	-0.840603	-0.013295	-0.267907	-0.837140	0.310926
1.040000	-0.509330	-0.890495	-0.022650	-0.267279	-0.836637	0.310360
1.060000	-0.488282	-0.937422	-0.030977	-0.266576	-0.836280	0.309761
1.080000	-0.469490	-0.980694	-0.037877	-0.265788	-0.836103	0.309138
1.100000	-0.453968	-1.019619	-0.042953	-0.264904	-0.836140	0.308501
1.120000	-0.442728	-1.053505	-0.045805	-0.263914	-0.836427	0.307860
1.140000	-0.436511	-1.081802	-0.046269	-0.262810	-0.836985	0.307225
1.160000	-0.434969	-1.104517	-0.045107	-0.261599	-0.837794	0.306603
1.180000	-0.437483	-1.121798	-0.043307	-0.260288	-0.838821	0.306000
1.200000	-0.443436	-1.133793	-0.041863	-0.258885	-0.840034	0.305425
1.220000	-0.452210	-1.140648	-0.041764	-0.257400	-0.841400	0.304883
1.240000	-0.463187	-1.142511	-0.044002	-0.255840	-0.842886	0.304383
1.260000	-0.475749	-1.139530	-0.049568	-0.254215	-0.844461	0.303929
1.280000	-0.489279	-1.131851	-0.059452	-0.252532	-0.846091	0.303530
1.300000	-0.503158	-1.119623	-0.074645	-0.250800	-0.847744	0.303193
1.320000	-0.516769	-1.102991	-0.096139	-0.249027	-0.849388	0.302924
1.340000	-0.529493	-1.082104	-0.124924	-0.247222	-0.850989	0.302730
1.360000	-0.540714	-1.057108	-0.161992	-0.245393	-0.852516	0.302619
1.380000	-0.549812	-1.028152	-0.208333	-0.243549	-0.853937	0.302596
1.400000	-0.556171	-0.995382	-0.264938	-0.241698	-0.855217	0.302670
1.420000	-0.559171	-0.958946	-0.332799	-0.239849	-0.856326	0.302846
1.440000	-0.558197	-0.918991	-0.412905	-0.238009	-0.857230	0.303132
1.460000	-0.552728	-0.875667	-0.506012	-0.236188	-0.857901	0.303534
1.480000	-0.543116	-0.829157	-0.610791	-0.234398	-0.858342	0.304043
1.500000	-0.530163	-0.779656	-0.724840	-0.232650	-0.858574	0.304644
1.520000	-0.514675	-0.727363	-0.845749	-0.230959	-0.858617	0.305321
1.540000	-0.497455	-0.672475	-0.971105	-0.229336	-0.858492	0.306061
1.560000	-0.479311	-0.615189	-1.098497	-0.227796	-0.858220	0.306848
1.580000	-0.461046	-0.555701	-1.225513	-0.226350	-0.857820	0.307667
1.600000	-0.443467	-0.494210	-1.349742	-0.225012	-0.857314	0.308503
1.620000	-0.427378	-0.430912	-1.468773	-0.223795	-0.856722	0.309341
1.640000	-0.413584	-0.366005	-1.580193	-0.222712	-0.856064	0.310165
1.660000	-0.402892	-0.299686	-1.681592	-0.221775	-0.855362	0.310961
1.680000	-0.396106	-0.232152	-1.770557	-0.220998	-0.854635	0.311714
1.700000	-0.394031	-0.163600	-1.844678	-0.220394	-0.853905	0.312408
1.720000	-0.397473	-0.094228	-1.901543	-0.219975	-0.853192	0.313028
1.740000	-0.407238	-0.024233	-1.938739	-0.219754	-0.852516	0.313561
1.760000	-0.424040	0.046181	-1.954067	-0.219743	-0.851896	0.313990
1.780000	-0.447513	0.116715	-1.947881	-0.219933	-0.851342	0.314313
1.800000	-0.476569	0.187008	-1.922232	-0.220301	-0.850854	0.314534
1.820000	-0.510107	0.256700	-1.879204	-0.220825	-0.850430	0.314656
1.840000	-0.547027	0.325430	-1.820880	-0.221481	-0.850072	0.314683
1.860000	-0.586229	0.392835	-1.749343	-0.222247	-0.849780	0.314619
1.880000	-0.626612	0.458555	-1.666676	-0.223100	-0.849554	0.314468
1.900000	-0.667075	0.522229	-1.574962	-0.224018	-0.849393	0.314233
1.920000	-0.706518	0.583494	-1.476285	-0.224978	-0.849299	0.313919
1.940000	-0.743841	0.641990	-1.372727	-0.225957	-0.849271	0.313529
1.960000	-0.777942	0.697355	-1.266371	-0.226932	-0.849309	0.313067
1.980000	-0.807721	0.749229	-1.159300	-0.227881	-0.849414	0.312537
2.000000	-0.832078	0.797249	-1.053598	-0.228781	-0.849585	0.311943
2.020000	-0.849912	0.841054	-0.951348	-0.229609	-0.849823	0.311288
2.040000	-0.860123	0.880284	-0.854632	-0.230343	-0.850128	0.310576
2.060000	-0.861609	0.914576	-0.765534	-0.230959	-0.850500	0.309812
2.080000	-0.853271	0.943570	-0.686137	-0.231435	-0.850940	0.308998
2.100000	-0.834014	0.966906	-0.618517	-0.231749	-0.851446	0.308139
