0.000000	-0.212970	0.816024	-0.328161	-0.216325	-0.860373	0.305651
0.020000	-0.156460	0.812385	-0.312243	-0.218332	-0.859274	0.304026
0.040000	-0.097172	0.807920	-0.296889	-0.220373	-0.858123	0.302490
0.060000	-0.036184	0.802559	-0.282263	-0.222401	-0.856948	0.301089
0.080000	0.025428	0.796231	-0.268528	-0.224366	-0.855776	0.299871
0.100000	0.086586	0.788867	-0.255850	-0.226222	-0.854636	0.298880
0.120000	0.146212	0.780395	-0.244393	-0.227918	-0.853555	0.298164
0.140000	0.203230	0.770746	-0.234322	-0.229407	-0.852561	0.297770
0.160000	0.256562	0.759849	-0.225800	-0.230641	-0.851682	0.297743
0.180000	0.305131	0.747634	-0.218992	-0.231570	-0.850946	0.298131
0.200000	0.347860	0.734031	-0.214063	-0.232147	-0.850381	0.298979
0.220000	0.383824	0.718955	-0.211115	-0.232335	-0.850007	0.300319
0.240000	0.412893	0.702250	-0.209924	-0.232158	-0.849808	0.302105
0.260000	0.435189	0.683735	-0.210164	-0.231661	-0.849756	0.304267
0.280000	0.450836	0.663230	-0.211511	-0.230888	-0.849823	0.306734
0.300000	0.459955	0.640554	-0.213637	-0.229884	-0.849980	0.309435
0.320000	0.462670	0.615527	-0.216217	-0.228692	-0.850200	0.312300
0.340000	0.459104	0.587969	-0.218923	-0.227357	-0.850455	0.315258
0.360000	0.449379	0.557699	-0.221431	-0.225924	-0.850716	0.318238
0.380000	0.433619	0.524538	-0.223413	-0.224435	-0.850955	0.321170
0.400000	0.411946	0.488305	-0.224545	-0.222937	-0.851145	0.323982
0.420000	0.384483	0.448819	-0.224498	-0.221473	-0.851256	0.326605
0.440000	0.351354	0.405900	-0.222948	-0.220087	-0.851261	0.328967
0.460000	0.312680	0.359368	-0.219569	-0.218823	-0.851131	0.330999
0.480000	0.268585	0.309043	-0.214033	-0.217727	-0.850840	0.332629
0.500000	0.219191	0.254744	-0.206015	-0.216842	-0.850357	0.333786
0.520000	0.164622	0.196291	-0.195189	-0.216212	-0.849656	0.334400
0.540000	0.105039	0.133549	-0.181263	-0.215877	-0.848712	0.334408
0.560000	0.041060	0.066915	-0.164347	-0.215828	-0.847539	0.333826
0.580000	-0.026400	-0.002865	-0.144813	-0.216021	-0.846179	0.332725
0.600000	-0.096421	-0.075041	-0.123041	-0.216413	-0.844673	0.331177
0.620000	-0.168081	-0.148861	-0.099408	-0.216959	-0.843062	0.329254
0.640000	-0.240460	-0.223574	-0.074291	-0.217617	-0.841389	0.327026
0.660000	-0.312637	-0.298428	-0.048068	-0.218342	-0.839694	0.324564
0.680000	-0.383692	-0.372672	-0.021117	-0.219091	-0.838019	0.321942
0.700000	-0.452704	-0.445556	0.006184	-0.219821	-0.836406	0.319229
0.720000	-0.518753	-0.516327	0.033458	-0.220487	-0.834895	0.316498
0.740000	-0.580917	-0.584234	0.060326	-0.221046	-0.833530	0.313820
0.760000	-0.638276	-0.648526	0.086412	-0.221455	-0.832350	0.311266
0.780000	-0.689910	-0.708453	0.111337	-0.221670	-0.831397	0.308908
0.800000	-0.734897	-0.763262	0.134723	-0.221647	-0.830714	0.306817
0.820000	-0.772318	-0.812202	0.156193	-0.221342	-0.830341	0.305065
0.840000	-0.801251	-0.854522	0.175369	-0.220712	-0.830320	0.303724
0.860000	-0.821026	-0.889638	0.191947	-0.219728	-0.830679	0.302845
0.880000	-0.832007	-0.917651	0.205926	-0.218418	-0.831390	0.302403
0.900000	-0.834828	-0.938844	0.217382	-0.216828	-0.832410	0.302354
0.920000	-0.830121	-0.953497	0.226393	-0.215000	-0.833697	0.302651
0.940000	-0.818517	-0.961891	0.233037	-0.212979	-0.835208	0.303250
0.960000	-0.800650	-0.964308	0.237391	-0.210810	-0.836901	0.304103
0.980000	-0.777152	-0.961028	0.239532	-0.208538	-0.838733	0.305167
1.000000	-0.748655	-0.952332	0.239537	-0.206205	-0.840662	0.306396
1.020000	-0.715791	-0.938502	0.237484	-0.203856	-0.842645	0.307744
1.040000	-0.679194	-0.919819	0.233450	-0.201536	-0.844640	0.309165
1.060000	-0.639496	-0.896563	0.227512	-0.199290	-0.846604	0.310615
1.080000	-0.597329	-0.869016	0.219748	-0.197160	-0.848494	0.312047
1.100000	-0.553325	-0.837459	0.210235	-0.195192	-0.850269	0.313416
1.120000	-0.508117	-0.802172	0.199051	-0.193429	-0.851885	0.314677
1.140000	-0.462338	-0.763438	0.186272	-0.191916	-0.853300	0.315785
1.160000	-0.416619	-0.721536	0.171976	-0.190698	-0.854472	0.316693
1.180000	-0.371564	-0.676753	0.156246	-0.189813	-0.855362	0.317362
1.200000	-0.327500	-0.629421	0.139205	-0.189256	-0.855972	0.317801
1.220000	-0.284609	-0.579893	0.121003	-0.188997	-0.856324	0.318049
1.240000	-0.243070	-0.528526	0.101787	-0.189006	-0.856444	0.318143
1.260000	-0.203063	-0.475675	0.081706	-0.189252	-0.856352	0.318120
1.280000	-0.164767	-0.421696	0.060908	-0.189706	-0.856073	0.318018
1.300000	-0.128362	-0.366944	0.039541	-0.190337	-0.855631	0.317873
1.320000	-0.094028	-0.311774	0.017755	-0.191116	-0.855047	0.317725
1.340000	-0.061944	-0.256542	-0.004303	-0.192011	-0.854345	0.317610
1.360000	-0.032289	-0.201604	-0.026485	-0.192994	-0.853550	0.317565
1.380000	-0.005244	-0.147314	-0.048642	-0.194033	-0.852683	0.317629
1.400000	0.019012	-0.094029	-0.070625	-0.195099	-0.851768	0.317838
1.420000	0.040300	-0.042104	-0.092287	-0.196161	-0.850828	0.318230
1.440000	0.058440	0.008106	-0.113479	-0.197189	-0.849887	0.318843
1.460000	0.073252	0.056245	-0.134052	-0.198154	-0.848967	0.319714
1.480000	0.084557	0.101958	-0.153859	-0.199025	-0.848093	0.320881
1.500000	0.092264	0.144990	-0.172783	-0.199780	-0.847282	0.322364
1.520000	0.096577	0.185418	-0.190817	-0.200427	-0.846538	0.324125
1.540000	0.097763	0.223393	-0.207973	-0.200978	-0.845861	0.326115
1.560000	0.096086	0.259061	-0.224265	-0.201448	-0.845251	0.328285
1.580000	0.091812	0.292572	-0.239708	-0.201848	-0.844708	0.330584
1.600000	0.085208	0.324073	-0.254316	-0.202193	-0.844233	0.332964
1.620000	0.076539	0.353712	-0.268102	-0.202495	-0.843825	0.335374
1.640000	0.066071	0.381638	-0.281081	-0.202768	-0.843485	0.337767
1.660000	0.054070	0.408000	-0.293266	-0.203024	-0.843213	0.340091
1.680000	0.040801	0.432944	-0.304671	-0.203277	-0.843008	0.342298
1.700000	0.026530	0.456621	-0.315310	-0.203539	-0.842872	0.344338
1.720000	0.011524	0.479177	-0.325197	-0.203825	-0.842804	0.346162
1.740000	-0.003953	0.500761	-0.334346	-0.204146	-0.842803	0.347720
1.760000	-0.019635	0.521521	-0.342771	-0.204517	-0.842872	0.348963
1.780000	-0.035255	0.541606	-0.350486	-0.204950	-0.843009	0.349841
1.800000	-0.050547	0.561164	-0.357505	-0.205459	-0.843214	0.350304
1.820000	-0.065265	0.580323	-0.363842	-0.206054	-0.843488	0.350312
1.840000	-0.079286	0.599068	-0.369524	-0.206730	-0.843821	0.349879
1.860000	-0.092545	0.617321	-0.374578	-0.207475	-0.844204	0.349046
1.880000	-0.104977	0.635004	-0.379036	-0.208277	-0.844627	0.347852
1.900000	-0.116517	0.652038	-0.382925	-0.209124	-0.845078	0.346339
1.920000	-0.127099	0.668346	-0.386276	-0.210003	-0.845548	0.344546
1.940000	-0.136659	0.683848	-0.389118	-0.210903	-0.846024	0.342514
1.960000	-0.145132	0.698467	-0.391480	-0.211811	-0.846498	0.340282
1.980000	-0.152451	0.712124	-0.393391	-0.212714	-0.846959	0.337892
2.000000	-0.158552	0.724741	-0.394882	-0.213602	-0.847395	0.335383
2.020000	-0.163370	0.736239	-0.395980	-0.214461	-0.847797	0.332796
2.040000	-0.166840	0.746541	-0.396716	-0.215279	-0.848154	0.330171
2.060000	-0.168896	0.755568	-0.397119	-0.216044	-0.848455	0.327548
2.080000	-0.169474	0.763241	-0.397218	-0.216744	-0.848689	0.324968
2.100000	-0.168508	0.769483	-0.397043	-0.217367	-0.848847	0.322470
2.120000	-0.165955	0.774216	-0.396616	-0.217902	-0.848919	0.320093
