0.000000	-0.466140	0.426600	-0.046915	0.896430	-0.534693	-0.079365
0.020000	-0.466949	0.400550	-0.051057	0.896264	-0.534615	-0.078683
0.040000	-0.466980	0.371004	-0.056636	0.896076	-0.534344	-0.077916
0.060000	-0.466241	0.338600	-0.063446	0.895873	-0.533906	-0.077079
0.080000	-0.464737	0.303973	-0.071282	0.895663	-0.533327	-0.076184
0.100000	-0.462478	0.267759	-0.079939	0.895451	-0.532632	-0.075246
0.120000	-0.459471	0.230596	-0.089212	0.895244	-0.531847	-0.074279
0.140000	-0.455723	0.193120	-0.098896	0.895049	-0.530998	-0.073296
0.160000	-0.451242	0.155966	-0.108784	0.894873	-0.530111	-0.072313
0.180000	-0.446036	0.119772	-0.118672	0.894722	-0.529212	-0.071342
0.200000	-0.440111	0.085175	-0.128354	0.894603	-0.528326	-0.070398
0.220000	-0.433476	0.052809	-0.137626	0.894522	-0.527480	-0.069495
0.240000	-0.426138	0.023313	-0.146282	0.894487	-0.526698	-0.068647
0.260000	-0.418105	-0.002679	-0.154116	0.894503	-0.526008	-0.067867
0.280000	-0.409383	-0.024528	-0.160924	0.894578	-0.525434	-0.067170
0.300000	-0.399982	-0.041600	-0.166500	0.894718	-0.525003	-0.066570
0.320000	-0.389910	-0.053328	-0.170659	0.894929	-0.524737	-0.066078
0.340000	-0.379203	-0.059904	-0.173435	0.895208	-0.524641	-0.065692
0.360000	-0.367910	-0.061978	-0.174992	0.895547	-0.524701	-0.065397
0.380000	-0.356081	-0.060203	-0.175499	0.895937	-0.524907	-0.065179
0.400000	-0.343767	-0.055236	-0.175121	0.896371	-0.525249	-0.065025
0.420000	-0.331017	-0.047731	-0.174026	0.896840	-0.525713	-0.064919
0.440000	-0.317882	-0.038343	-0.172380	0.897335	-0.526290	-0.064848
0.460000	-0.304411	-0.027727	-0.170350	0.897848	-0.526969	-0.064798
0.480000	-0.290655	-0.016539	-0.168104	0.898371	-0.527737	-0.064755
0.500000	-0.276664	-0.005432	-0.165808	0.898896	-0.528584	-0.064705
0.520000	-0.262488	0.004938	-0.163629	0.899415	-0.529498	-0.064634
0.540000	-0.248176	0.013915	-0.161734	0.899918	-0.530468	-0.064528
0.560000	-0.233780	0.020846	-0.160289	0.900399	-0.531484	-0.064372
0.580000	-0.219348	0.025074	-0.159463	0.900848	-0.532533	-0.064153
0.600000	-0.204932	0.025945	-0.159421	0.901257	-0.533605	-0.063856
0.620000	-0.190580	0.022804	-0.160331	0.901617	-0.534688	-0.063469
0.640000	-0.176361	0.015230	-0.162308	0.901924	-0.535771	-0.062982
0.660000	-0.162408	0.003688	-0.165268	0.902176	-0.536841	-0.062413
0.680000	-0.148871	-0.011146	-0.169083	0.902376	-0.537887	-0.061787
0.700000	-0.135897	-0.028599	-0.173623	0.902527	-0.538895	-0.061125
0.720000	-0.123637	-0.047994	-0.178759	0.902630	-0.539853	-0.060451
0.740000	-0.112239	-0.068657	-0.184362	0.902689	-0.540749	-0.059788
0.760000	-0.101852	-0.089913	-0.190303	0.902704	-0.541570	-0.059159
0.780000	-0.092626	-0.111087	-0.196452	0.902678	-0.542304	-0.058588
0.800000	-0.084709	-0.131503	-0.202680	0.902614	-0.542938	-0.058098
0.820000	-0.078251	-0.150487	-0.208858	0.902514	-0.543460	-0.057711
0.840000	-0.073401	-0.167363	-0.214856	0.902379	-0.543858	-0.057452
0.860000	-0.070307	-0.181457	-0.220545	0.902212	-0.544118	-0.057342
0.880000	-0.069119	-0.192093	-0.225796	0.902016	-0.544228	-0.057407
0.900000	-0.069986	-0.198597	-0.230480	0.901792	-0.544177	-0.057668
0.920000	-0.073057	-0.200293	-0.234468	0.901543	-0.543950	-0.058148
0.940000	-0.078477	-0.196515	-0.237631	0.901271	-0.543537	-0.058872
0.960000	-0.086217	-0.187038	-0.239898	0.900979	-0.542940	-0.059842
0.980000	-0.095981	-0.172302	-0.241289	0.900671	-0.542186	-0.061033
1.000000	-0.107451	-0.152803	-0.241826	0.900352	-0.541302	-0.062419
1.020000	-0.120311	-0.129037	-0.241536	0.900026	-0.540316	-0.063973
1.040000	-0.134243	-0.101500	-0.240442	0.899698	-0.539257	-0.065667
1.060000	-0.148930	-0.070687	-0.238569	0.899372	-0.538153	-0.067475
1.080000	-0.164054	-0.037094	-0.235943	0.899053	-0.537031	-0.069369
1.100000	-0.179298	-0.001217	-0.232586	0.898745	-0.535919	-0.071321
1.120000	-0.194345	0.036449	-0.228525	0.898452	-0.534847	-0.073306
1.140000	-0.208878	0.075408	-0.223784	0.898179	-0.533840	-0.075296
1.160000	-0.222579	0.115164	-0.218387	0.897931	-0.532929	-0.077263
1.180000	-0.235131	0.155222	-0.212359	0.897712	-0.532140	-0.079181
1.200000	-0.246216	0.195085	-0.205725	0.897526	-0.531501	-0.081023
1.220000	-0.255518	0.234259	-0.198509	0.897378	-0.531042	-0.082761
1.240000	-0.262719	0.272247	-0.190736	0.897272	-0.530789	-0.084368
1.260000	-0.267501	0.308554	-0.182432	0.897213	-0.530770	-0.085818
1.280000	-0.269691	0.342728	-0.173646	0.897202	-0.531003	-0.087090
1.300000	-0.269549	0.374452	-0.164516	0.897228	-0.531463	-0.088188
1.320000	-0.267420	0.403432	-0.155191	0.897278	-0.532122	-0.089120
1.340000	-0.263648	0.429377	-0.145823	0.897340	-0.532950	-0.089893
1.360000	-0.258576	0.451993	-0.136563	0.897402	-0.533918	-0.090516
1.380000	-0.252550	0.470990	-0.127561	0.897450	-0.534996	-0.090995
1.400000	-0.245912	0.486073	-0.118969	0.897472	-0.536156	-0.091339
1.420000	-0.239008	0.496952	-0.110938	0.897456	-0.537367	-0.091555
1.440000	-0.232181	0.503333	-0.103618	0.897389	-0.538600	-0.091652
1.460000	-0.225775	0.504924	-0.097160	0.897258	-0.539825	-0.091636
1.480000	-0.220135	0.501433	-0.091716	0.897051	-0.541014	-0.091515
1.500000	-0.215605	0.492567	-0.087437	0.896756	-0.542137	-0.091298
1.520000	-0.212528	0.478034	-0.084473	0.896359	-0.543164	-0.090992
1.540000	-0.211250	0.457542	-0.082975	0.895848	-0.544066	-0.090605
1.560000	-0.212113	0.430798	-0.083094	0.895210	-0.544813	-0.090143
1.580000	-0.215454	0.397526	-0.084978	0.894434	-0.545378	-0.089616
1.600000	-0.221306	0.358011	-0.088624	0.893522	-0.545751	-0.089030
1.620000	-0.229331	0.313236	-0.093847	0.892498	-0.545952	-0.088390
1.640000	-0.239163	0.264227	-0.100451	0.891383	-0.546000	-0.087701
1.660000	-0.250441	0.212011	-0.108238	0.890202	-0.545917	-0.086969
1.680000	-0.262801	0.157615	-0.117013	0.888978	-0.545722	-0.086200
1.700000	-0.275879	0.102063	-0.126577	0.887735	-0.545435	-0.085398
1.720000	-0.289312	0.046384	-0.136735	0.886495	-0.545078	-0.084569
1.740000	-0.302737	-0.008397	-0.147289	0.885283	-0.544669	-0.083718
1.760000	-0.315790	-0.061254	-0.158042	0.884122	-0.544229	-0.082851
1.780000	-0.328109	-0.111160	-0.168798	0.883035	-0.543779	-0.081973
1.800000	-0.339330	-0.157088	-0.179360	0.882046	-0.543338	-0.081089
1.820000	-0.349089	-0.198013	-0.189531	0.881178	-0.542927	-0.080204
1.840000	-0.357023	-0.232908	-0.199114	0.880454	-0.542566	-0.079325
1.860000	-0.362769	-0.260747	-0.207913	0.879899	-0.542275	-0.078456
1.880000	-0.365964	-0.280503	-0.215730	0.879535	-0.542075	-0.077602
1.900000	-0.366244	-0.291151	-0.222369	0.879386	-0.541986	-0.076770
1.920000	-0.363432	-0.292208	-0.227716	0.879463	-0.542018	-0.075963
1.940000	-0.357808	-0.284533	-0.231855	0.879749	-0.542158	-0.075180
1.960000	-0.349721	-0.269185	-0.234906	0.880220	-0.542389	-0.074422
1.980000	-0.339521	-0.247226	-0.236985	0.880854	-0.542695	-0.073689
2.000000	-0.327556	-0.219717	-0.238210	0.881629	-0.543059	-0.072980
2.020000	-0.314176	-0.187720	-0.238697	0.882522	-0.543464	-0.072294
2.040000	-0.299730	-0.152296	-0.238565	0.883510	-0.543893	-0.071632
2.060000	-0.284569	-0.114506	-0.237931	0.884571	-0.544329	-0.070993
2.080000	-0.269040	-0.075411	-0.236912	0.885682	-0.544756	-0.070377
2.100000	-0.253494	-0.036073	-0.235626	0.886821	-0.545157	-0.069783
2.120000	-0.238280	0.002448	-0.234189	0.887965	-0.545515	-0.069211
2.140000	-0.223747	0.039089	-0.232719	0.889091	-0.545813	-0.068660
2.160000	-0.210245	0.072791	-0.231334	0.890177	-0.546034	-0.068131
2.180000	-0.198123	0.102490	-0.230151	0.891201	-0.546163	-0.067623
2.200000	-0.187730	0.127127	-0.229287	0.892139	-0.546181	-0.067135
2.220000	-0.179404	0.145677	-0.228855	0.892971	-0.546073	-0.066668
2.240000	-0.173217	0.158001	-0.228843	0.893687	-0.545840	-0.066219
2.260000	-0.168963	0.164869	-0.229113	0.894297	-0.545498	-0.065782
2.280000	-0.166425	0.167095	-0.229521	0.894808	-0.545067	-0.065355
2.300000	-0.165386	0.165489	-0.229922	0.895228	-0.544564	-0.064931
2.320000	-0.165629	0.160866	-0.230173	0.895567	-0.544007	-0.064507
2.340000	-0.166935	0.154037	-0.230129	0.895831	-0.543416	-0.064077
2.360000	-0.169089	0.145814	-0.229647	0.896030	-0.542809	-0.063638
2.380000	-0.171873	0.137010	-0.228582	0.896171	-0.542203	-0.063184
2.400000	-0.175070	0.128437	-0.226790	0.896263	-0.541617	-0.062711
2.420000	-0.178462	0.120907	-0.224128	0.896314	-0.541070	-0.062214
2.440000	-0.181832	0.115233	-0.220450	0.896332	-0.540579	-0.061689
2.460000	-0.184963	0.112226	-0.215614	0.896326	-0.540164	-0.061131
2.480000	-0.187638	0.112700	-0.209474	0.896304	-0.539841	-0.060536
2.500000	-0.189639	0.117467	-0.201888	0.896274	-0.539631	-0.059898
2.520000	-0.190750	0.127339	-0.192710	0.896245	-0.539550	-0.059213
2.540000	-0.190784	0.142974	-0.181836	0.896224	-0.539614	-0.058479
2.560000	-0.189775	0.163947	-0.169440	0.896215	-0.539811	-0.057704
2.580000	-0.187851	0.189373	-0.155816	0.896222	-0.540117	-0.056904
2.600000	-0.185142	0.218361	-0.141256	0.896249	-0.540511	-0.056094
