0.000000	-0.373957	0.343616	-0.200366	0.897336	-0.520846	-0.066032
0.020000	-0.374787	0.344270	-0.204690	0.896226	-0.521706	-0.065580
0.040000	-0.376928	0.345315	-0.207809	0.894994	-0.522466	-0.065891
0.060000	-0.380043	0.346564	-0.209854	0.893662	-0.523127	-0.066860
0.080000	-0.383795	0.347830	-0.210957	0.892255	-0.523692	-0.068379
0.100000	-0.387846	0.348924	-0.211250	0.890793	-0.524166	-0.070344
0.120000	-0.391859	0.349659	-0.210863	0.889299	-0.524550	-0.072647
0.140000	-0.395498	0.349847	-0.209929	0.887797	-0.524849	-0.075181
0.160000	-0.398425	0.349302	-0.208579	0.886307	-0.525064	-0.077842
0.180000	-0.400303	0.347835	-0.206945	0.884853	-0.525200	-0.080521
0.200000	-0.400795	0.345260	-0.205158	0.883457	-0.525259	-0.083112
0.220000	-0.399563	0.341388	-0.203349	0.882141	-0.525245	-0.085510
0.240000	-0.396271	0.336032	-0.201650	0.880928	-0.525160	-0.087607
0.260000	-0.390582	0.329005	-0.200193	0.879840	-0.525007	-0.089298
0.280000	-0.382158	0.320119	-0.199109	0.878900	-0.524791	-0.090476
0.300000	-0.370662	0.309186	-0.198530	0.878131	-0.524512	-0.091034
0.320000	-0.355799	0.296052	-0.198574	0.877552	-0.524176	-0.090876
0.340000	-0.337729	0.280922	-0.199216	0.877163	-0.523789	-0.090019
0.360000	-0.316885	0.264216	-0.200345	0.876953	-0.523360	-0.088545
0.380000	-0.293705	0.246358	-0.201848	0.876908	-0.522897	-0.086538
0.400000	-0.268629	0.227772	-0.203614	0.877016	-0.522408	-0.084082
0.420000	-0.242094	0.208882	-0.205529	0.877265	-0.521904	-0.081263
0.440000	-0.214537	0.190113	-0.207481	0.877642	-0.521392	-0.078164
0.460000	-0.186398	0.171887	-0.209357	0.878134	-0.520882	-0.074869
0.480000	-0.158115	0.154630	-0.211046	0.878729	-0.520381	-0.071462
0.500000	-0.130125	0.138764	-0.212434	0.879414	-0.519899	-0.068029
0.520000	-0.102867	0.124715	-0.213408	0.880176	-0.519445	-0.064652
0.540000	-0.076779	0.112906	-0.213858	0.881003	-0.519027	-0.061417
0.560000	-0.052299	0.103761	-0.213669	0.881883	-0.518654	-0.058406
0.580000	-0.029866	0.097705	-0.212730	0.882802	-0.518335	-0.055706
0.600000	-0.009917	0.095160	-0.210927	0.883749	-0.518078	-0.053399
0.620000	0.007110	0.096552	-0.208149	0.884710	-0.517892	-0.051571
0.640000	0.020784	0.102287	-0.204287	0.885673	-0.517786	-0.050303
0.660000	0.030960	0.112230	-0.199351	0.886629	-0.517762	-0.049616
0.680000	0.037826	0.125605	-0.193497	0.887572	-0.517811	-0.049458
0.700000	0.041588	0.141599	-0.186885	0.888498	-0.517926	-0.049775
0.720000	0.042455	0.159397	-0.179677	0.889402	-0.518100	-0.050509
0.740000	0.040634	0.178186	-0.172037	0.890278	-0.518324	-0.051606
0.760000	0.036333	0.197153	-0.164124	0.891122	-0.518592	-0.053009
0.780000	0.029758	0.215484	-0.156102	0.891928	-0.518894	-0.054662
0.800000	0.021117	0.232365	-0.148133	0.892692	-0.519224	-0.056510
0.820000	0.010618	0.246983	-0.140377	0.893408	-0.519574	-0.058496
0.840000	-0.001532	0.258524	-0.132998	0.894071	-0.519937	-0.060566
0.860000	-0.015125	0.266175	-0.126156	0.894676	-0.520303	-0.062662
0.880000	-0.029955	0.269122	-0.120015	0.895219	-0.520667	-0.064729
0.900000	-0.045813	0.266552	-0.114735	0.895693	-0.521019	-0.066712
0.920000	-0.062492	0.257650	-0.110479	0.896095	-0.521353	-0.068554
0.940000	-0.079784	0.241604	-0.107409	0.896419	-0.521660	-0.070200
0.960000	-0.097488	0.217749	-0.105662	0.896661	-0.521934	-0.071599
0.980000	-0.115441	0.186671	-0.105173	0.896819	-0.522175	-0.072749
1.000000	-0.133500	0.149578	-0.105778	0.896896	-0.522388	-0.073670
1.020000	-0.151525	0.107681	-0.107309	0.896892	-0.522576	-0.074384
1.040000	-0.169373	0.062195	-0.109599	0.896808	-0.522744	-0.074912
1.060000	-0.186903	0.014332	-0.112483	0.896647	-0.522895	-0.075274
1.080000	-0.203972	-0.034696	-0.115794	0.896409	-0.523035	-0.075493
1.100000	-0.220439	-0.083675	-0.119365	0.896096	-0.523166	-0.075588
1.120000	-0.236163	-0.131394	-0.123030	0.895709	-0.523294	-0.075582
1.140000	-0.251000	-0.176639	-0.126622	0.895249	-0.523423	-0.075494
1.160000	-0.264810	-0.218199	-0.129975	0.894717	-0.523556	-0.075347
1.180000	-0.277450	-0.254859	-0.132923	0.894116	-0.523697	-0.075162
1.200000	-0.288780	-0.285407	-0.135298	0.893445	-0.523852	-0.074958
1.220000	-0.298656	-0.308632	-0.136935	0.892707	-0.524024	-0.074758
1.240000	-0.306938	-0.323319	-0.137667	0.891903	-0.524216	-0.074583
1.260000	-0.313482	-0.328257	-0.137327	0.891034	-0.524434	-0.074454
1.280000	-0.318218	-0.322770	-0.135814	0.890105	-0.524680	-0.074386
1.300000	-0.321283	-0.307831	-0.133225	0.889131	-0.524952	-0.074380
1.320000	-0.322858	-0.284730	-0.129695	0.888132	-0.525245	-0.074434
1.340000	-0.323123	-0.254755	-0.125359	0.887125	-0.525556	-0.074544
1.360000	-0.322258	-0.219197	-0.120353	0.886129	-0.525881	-0.074709
1.380000	-0.320442	-0.179344	-0.114813	0.885160	-0.526218	-0.074925
1.400000	-0.317856	-0.136486	-0.108872	0.884238	-0.526562	-0.075191
1.420000	-0.314680	-0.091911	-0.102667	0.883381	-0.526909	-0.075502
1.440000	-0.311093	-0.046910	-0.096333	0.882606	-0.527257	-0.075858
1.460000	-0.307275	-0.002772	-0.090006	0.881932	-0.527601	-0.076254
1.480000	-0.303406	0.039215	-0.083819	0.881376	-0.527939	-0.076689
1.500000	-0.299667	0.077760	-0.077910	0.880958	-0.528266	-0.077159
1.520000	-0.296237	0.111576	-0.072413	0.880694	-0.528579	-0.077663
1.540000	-0.293296	0.139371	-0.067462	0.880604	-0.528874	-0.078198
1.560000	-0.291024	0.159857	-0.063195	0.880705	-0.529148	-0.078761
1.580000	-0.289598	0.171775	-0.059745	0.881014	-0.529397	-0.079348
1.600000	-0.289113	0.174914	-0.057244	0.881535	-0.529620	-0.079952
1.620000	-0.289557	0.170378	-0.055816	0.882248	-0.529818	-0.080553
1.640000	-0.290914	0.159350	-0.055585	0.883137	-0.529993	-0.081133
1.660000	-0.293164	0.143017	-0.056677	0.884182	-0.530145	-0.081674
1.680000	-0.296292	0.122562	-0.059215	0.885364	-0.530277	-0.082157
1.700000	-0.300280	0.099172	-0.063325	0.886664	-0.530389	-0.082564
1.720000	-0.305110	0.074031	-0.069130	0.888065	-0.530483	-0.082876
1.740000	-0.310765	0.048323	-0.076756	0.889547	-0.530561	-0.083076
1.760000	-0.317226	0.023235	-0.086326	0.891091	-0.530624	-0.083143
1.780000	-0.324478	-0.000050	-0.097966	0.892680	-0.530674	-0.083060
1.800000	-0.332502	-0.020346	-0.111799	0.894293	-0.530711	-0.082809
1.820000	-0.341281	-0.036467	-0.127951	0.895913	-0.530737	-0.082370
1.840000	-0.350797	-0.047230	-0.146545	0.897521	-0.530753	-0.081726
1.860000	-0.361034	-0.051450	-0.167707	0.899098	-0.530762	-0.080857
1.880000	-0.371973	-0.047940	-0.191560	0.900626	-0.530764	-0.079746
1.900000	-0.383596	-0.035518	-0.218229	0.902085	-0.530761	-0.078374
1.920000	-0.395851	-0.013620	-0.247428	0.903461	-0.530755	-0.076739
1.940000	-0.408593	0.016776	-0.277859	0.904748	-0.530750	-0.074882
1.960000	-0.421662	0.054458	-0.308066	0.905940	-0.530751	-0.072850
1.980000	-0.434902	0.098210	-0.336596	0.907033	-0.530762	-0.070689
2.000000	-0.448154	0.146820	-0.361991	0.908023	-0.530789	-0.068445
2.020000	-0.461259	0.199073	-0.382799	0.908904	-0.530836	-0.066167
2.040000	-0.474060	0.253755	-0.397563	0.909671	-0.530906	-0.063900
2.060000	-0.486398	0.309652	-0.404829	0.910321	-0.531006	-0.061692
2.080000	-0.498114	0.365551	-0.403142	0.910848	-0.531139	-0.059589
2.100000	-0.509051	0.420238	-0.391046	0.911247	-0.531311	-0.057637
2.120000	-0.519050	0.472499	-0.367088	0.911514	-0.531525	-0.055885
2.140000	-0.527953	0.521120	-0.329811	0.911644	-0.531786	-0.054377
2.160000	-0.535602	0.564886	-0.277762	0.911632	-0.532100	-0.053163
2.180000	-0.541838	0.602586	-0.209485	0.911473	-0.532469	-0.052287
2.200000	-0.546503	0.633003	-0.123524	0.911163	-0.532901	-0.051797
2.220000	-0.549439	0.654925	-0.018426	0.910696	-0.533398	-0.051740
2.240000	-0.550520	0.667409	0.106610	0.910072	-0.533963	-0.052149
2.260000	-0.549793	0.670943	0.248921	0.909309	-0.534587	-0.052994
2.280000	-0.547360	0.666489	0.404701	0.908430	-0.535257	-0.054223
2.300000	-0.543324	0.655010	0.570142	0.907461	-0.535961	-0.055780
2.320000	-0.537789	0.637466	0.741439	0.906426	-0.536685	-0.057615
2.340000	-0.530858	0.614820	0.914785	0.905348	-0.537417	-0.059674
2.360000	-0.522634	0.588033	1.086372	0.904252	-0.538143	-0.061904
2.380000	-0.513219	0.558068	1.252394	0.903162	-0.538851	-0.064252
2.400000	-0.502718	0.525887	1.409045	0.902103	-0.539527	-0.066666
2.420000	-0.491233	0.492450	1.552518	0.901099	-0.540160	-0.069091
2.440000	-0.478866	0.458721	1.679007	0.900174	-0.540735	-0.071476
2.460000	-0.465722	0.425660	1.784704	0.899352	-0.541241	-0.073768
2.480000	-0.451903	0.394230	1.865803	0.898659	-0.541664	-0.075913
2.500000	-0.437513	0.365393	1.918497	0.898117	-0.541990	-0.077858
2.520000	-0.422654	0.340110	1.938980	0.897752	-0.542209	-0.079551
