0.000000	-0.358360	0.060821	-0.145118	0.885726	-0.551701	-0.029431
0.020000	-0.349482	0.053513	-0.144970	0.886676	-0.551287	-0.029643
0.040000	-0.340512	0.047960	-0.144976	0.887410	-0.550937	-0.030137
0.060000	-0.331688	0.044283	-0.145129	0.887895	-0.550655	-0.030943
0.080000	-0.323120	0.042504	-0.145412	0.888128	-0.550439	-0.032049
0.100000	-0.314773	0.042533	-0.145792	0.888142	-0.550286	-0.033403
0.120000	-0.306607	0.044277	-0.146239	0.887966	-0.550189	-0.034949
0.140000	-0.298581	0.047643	-0.146721	0.887634	-0.550143	-0.036632
0.160000	-0.290655	0.052537	-0.147206	0.887177	-0.550143	-0.038397
0.180000	-0.282788	0.058866	-0.147664	0.886627	-0.550183	-0.040190
0.200000	-0.274938	0.066535	-0.148061	0.886017	-0.550258	-0.041955
0.220000	-0.267067	0.075452	-0.148368	0.885377	-0.550363	-0.043637
0.240000	-0.259133	0.085523	-0.148552	0.884741	-0.550493	-0.045182
0.260000	-0.251095	0.096655	-0.148581	0.884140	-0.550641	-0.046534
0.280000	-0.242913	0.108753	-0.148426	0.883605	-0.550803	-0.047639
0.300000	-0.234547	0.121725	-0.148052	0.883170	-0.550974	-0.048442
0.320000	-0.225955	0.135477	-0.147430	0.882865	-0.551148	-0.048886
0.340000	-0.217097	0.149916	-0.146528	0.882724	-0.551319	-0.048919
0.360000	-0.207933	0.164947	-0.145314	0.882777	-0.551483	-0.048484
0.380000	-0.198443	0.180452	-0.143764	0.883051	-0.551635	-0.047538
0.400000	-0.188763	0.196128	-0.141909	0.883529	-0.551776	-0.046121
0.420000	-0.179096	0.211590	-0.139803	0.884176	-0.551912	-0.044309
0.440000	-0.169648	0.226453	-0.137501	0.884955	-0.552046	-0.042180
0.460000	-0.160622	0.240332	-0.135058	0.885832	-0.552183	-0.039809
0.480000	-0.152223	0.252843	-0.132528	0.886769	-0.552328	-0.037275
0.500000	-0.144655	0.263599	-0.129967	0.887733	-0.552485	-0.034652
0.520000	-0.138123	0.272216	-0.127428	0.888686	-0.552659	-0.032019
0.540000	-0.132830	0.278309	-0.124967	0.889593	-0.552854	-0.029453
0.560000	-0.128982	0.281493	-0.122639	0.890418	-0.553074	-0.027029
0.580000	-0.126782	0.281383	-0.120497	0.891125	-0.553325	-0.024824
0.600000	-0.126434	0.277594	-0.118598	0.891680	-0.553611	-0.022916
0.620000	-0.128144	0.269741	-0.116995	0.892045	-0.553936	-0.021381
0.640000	-0.132116	0.257438	-0.115743	0.892186	-0.554304	-0.020296
0.660000	-0.138553	0.240301	-0.114897	0.892066	-0.554721	-0.019738
0.680000	-0.147660	0.217945	-0.114512	0.891650	-0.555191	-0.019783
0.700000	-0.159625	0.190023	-0.114639	0.890904	-0.555717	-0.020503
0.720000	-0.174329	0.156894	-0.115266	0.889838	-0.556298	-0.021892
0.740000	-0.191388	0.119535	-0.116324	0.888496	-0.556925	-0.023870
0.760000	-0.210406	0.078943	-0.117744	0.886926	-0.557590	-0.026356
0.780000	-0.230988	0.036115	-0.119454	0.885175	-0.558283	-0.029270
0.800000	-0.252740	-0.007951	-0.121387	0.883291	-0.558997	-0.032530
0.820000	-0.275267	-0.052257	-0.123470	0.881319	-0.559723	-0.036056
0.840000	-0.298174	-0.095807	-0.125635	0.879308	-0.560452	-0.039767
0.860000	-0.321067	-0.137604	-0.127811	0.877304	-0.561176	-0.043582
0.880000	-0.343551	-0.176649	-0.129928	0.875354	-0.561886	-0.047421
0.900000	-0.365231	-0.211945	-0.131916	0.873505	-0.562574	-0.051202
0.920000	-0.385712	-0.242496	-0.133706	0.871805	-0.563232	-0.054844
0.940000	-0.404600	-0.267303	-0.135227	0.870300	-0.563850	-0.058267
0.960000	-0.421499	-0.285370	-0.136409	0.869038	-0.564420	-0.061390
0.980000	-0.436016	-0.295699	-0.137181	0.868065	-0.564934	-0.064132
1.000000	-0.447765	-0.297323	-0.137477	0.867428	-0.565383	-0.066413
1.020000	-0.456620	-0.290168	-0.137269	0.867132	-0.565764	-0.068210
1.040000	-0.462748	-0.275150	-0.136582	0.867139	-0.566080	-0.069554
1.060000	-0.466331	-0.253239	-0.135439	0.867410	-0.566334	-0.070485
1.080000	-0.467549	-0.225402	-0.133866	0.867905	-0.566529	-0.071038
1.100000	-0.466584	-0.192610	-0.131889	0.868583	-0.566668	-0.071251
1.120000	-0.463617	-0.155832	-0.129532	0.869404	-0.566754	-0.071162
1.140000	-0.458830	-0.116037	-0.126820	0.870329	-0.566790	-0.070807
1.160000	-0.452404	-0.074193	-0.123780	0.871318	-0.566779	-0.070223
1.180000	-0.444520	-0.031270	-0.120435	0.872329	-0.566725	-0.069449
1.200000	-0.435359	0.011762	-0.116811	0.873324	-0.566629	-0.068521
1.220000	-0.425104	0.053935	-0.112934	0.874262	-0.566496	-0.067476
1.240000	-0.413935	0.094280	-0.108828	0.875103	-0.566329	-0.066351
1.260000	-0.402034	0.131828	-0.104518	0.875807	-0.566129	-0.065184
1.280000	-0.389582	0.165608	-0.100030	0.876334	-0.565901	-0.064012
1.300000	-0.376760	0.194654	-0.095389	0.876644	-0.565648	-0.062872
1.320000	-0.363750	0.217996	-0.090621	0.876697	-0.565372	-0.061801
1.340000	-0.350738	0.235070	-0.085773	0.876476	-0.565077	-0.060825
1.360000	-0.337920	0.246198	-0.080947	0.876015	-0.564771	-0.059950
1.380000	-0.325493	0.251820	-0.076250	0.875353	-0.564461	-0.059175
1.400000	-0.313655	0.252377	-0.071790	0.874532	-0.564153	-0.058501
1.420000	-0.302604	0.248308	-0.067675	0.873591	-0.563855	-0.057929
1.440000	-0.292537	0.240054	-0.064013	0.872572	-0.563573	-0.057460
1.460000	-0.283652	0.228055	-0.060910	0.871514	-0.563315	-0.057093
1.480000	-0.276146	0.212752	-0.058476	0.870458	-0.563087	-0.056831
1.500000	-0.270217	0.194583	-0.056816	0.869443	-0.562897	-0.056674
1.520000	-0.266063	0.173991	-0.056040	0.868512	-0.562752	-0.056621
1.540000	-0.263881	0.151414	-0.056254	0.867703	-0.562659	-0.056675
1.560000	-0.263868	0.127294	-0.057567	0.867057	-0.562624	-0.056836
1.580000	-0.266222	0.102070	-0.060086	0.866615	-0.562656	-0.057104
1.600000	-0.271141	0.076183	-0.063918	0.866417	-0.562760	-0.057481
1.620000	-0.278823	0.050073	-0.069172	0.866503	-0.562945	-0.057966
1.640000	-0.289464	0.024179	-0.075955	0.866914	-0.563216	-0.058561
1.660000	-0.303168	-0.001102	-0.084327	0.867676	-0.563579	-0.059264
1.680000	-0.319591	-0.025584	-0.094120	0.868759	-0.564021	-0.060059
1.700000	-0.338265	-0.049143	-0.105103	0.870110	-0.564527	-0.060928
1.720000	-0.358719	-0.071652	-0.117044	0.871681	-0.565082	-0.061851
1.740000	-0.380482	-0.092986	-0.129711	0.873421	-0.565670	-0.062810
1.760000	-0.403085	-0.113019	-0.142873	0.875280	-0.566275	-0.063786
1.780000	-0.426056	-0.131627	-0.156297	0.877208	-0.566883	-0.064760
1.800000	-0.448926	-0.148683	-0.169753	0.879155	-0.567477	-0.065713
1.820000	-0.471224	-0.164063	-0.183007	0.881070	-0.568041	-0.066627
1.840000	-0.492480	-0.177640	-0.195828	0.882905	-0.568562	-0.067481
1.860000	-0.512224	-0.189289	-0.207984	0.884608	-0.569022	-0.068258
1.880000	-0.529985	-0.198885	-0.219243	0.886129	-0.569406	-0.068939
1.900000	-0.545294	-0.206302	-0.229375	0.887419	-0.569699	-0.069504
1.920000	-0.557679	-0.211415	-0.238145	0.888427	-0.569886	-0.069934
1.940000	-0.566670	-0.214099	-0.245324	0.889103	-0.569950	-0.070212
1.960000	-0.571798	-0.214227	-0.250678	0.889398	-0.569876	-0.070317
1.980000	-0.572641	-0.211692	-0.254000	0.889266	-0.569652	-0.070234
2.000000	-0.569303	-0.206575	-0.255331	0.888715	-0.569286	-0.069972
2.020000	-0.562199	-0.199068	-0.254860	0.887785	-0.568804	-0.069556
2.040000	-0.551746	-0.189364	-0.252778	0.886516	-0.568231	-0.069010
2.060000	-0.538365	-0.177658	-0.249277	0.884949	-0.567590	-0.068359
2.080000	-0.522473	-0.164142	-0.244547	0.883124	-0.566907	-0.067629
2.100000	-0.504490	-0.149012	-0.238779	0.881082	-0.566207	-0.066845
2.120000	-0.484834	-0.132460	-0.232166	0.878861	-0.565513	-0.066031
2.140000	-0.463925	-0.114680	-0.224898	0.876504	-0.564850	-0.065213
2.160000	-0.442181	-0.095867	-0.217166	0.874049	-0.564244	-0.064415
2.180000	-0.420020	-0.076213	-0.209162	0.871538	-0.563718	-0.063662
2.200000	-0.397863	-0.055913	-0.201076	0.869010	-0.563298	-0.062980
2.220000	-0.376127	-0.035161	-0.193100	0.866505	-0.563008	-0.062393
2.240000	-0.355231	-0.014149	-0.185426	0.864065	-0.562872	-0.061926
2.260000	-0.335595	0.006928	-0.178244	0.861729	-0.562916	-0.061605
2.280000	-0.317618	0.027877	-0.171738	0.859536	-0.563161	-0.061453
2.300000	-0.301428	0.048517	-0.165989	0.857506	-0.563597	-0.061475
2.320000	-0.286941	0.068675	-0.160998	0.855644	-0.564187	-0.061664
2.340000	-0.274069	0.088182	-0.156762	0.853954	-0.564895	-0.062011
2.360000	-0.262726	0.106863	-0.153282	0.852442	-0.565682	-0.062507
2.380000	-0.252823	0.124548	-0.150555	0.851110	-0.566513	-0.063143
2.400000	-0.244272	0.141064	-0.148581	0.849964	-0.567351	-0.063912
2.420000	-0.236987	0.156240	-0.147357	0.849009	-0.568157	-0.064805
2.440000	-0.230878	0.169904	-0.146883	0.848249	-0.568895	-0.065812
