0.000000	-0.194894	0.267534	-0.170611	0.924472	-0.457176	-0.079889
0.020000	-0.175926	0.265084	-0.165017	0.924556	-0.455289	-0.082400
0.040000	-0.158478	0.262244	-0.159169	0.924632	-0.453489	-0.084680
0.060000	-0.143064	0.259146	-0.153130	0.924699	-0.451813	-0.086681
0.080000	-0.130196	0.255918	-0.146960	0.924753	-0.450295	-0.088355
0.100000	-0.120388	0.252689	-0.140720	0.924793	-0.448973	-0.089655
0.120000	-0.114152	0.249590	-0.134474	0.924817	-0.447883	-0.090531
0.140000	-0.112001	0.246751	-0.128282	0.924822	-0.447058	-0.090937
0.160000	-0.114448	0.244300	-0.122205	0.924805	-0.446537	-0.090825
0.180000	-0.121820	0.242318	-0.116307	0.924767	-0.446346	-0.090163
0.200000	-0.133680	0.240682	-0.110651	0.924714	-0.446474	-0.088997
0.220000	-0.149390	0.239215	-0.105301	0.924655	-0.446902	-0.087388
0.240000	-0.168312	0.237740	-0.100323	0.924600	-0.447610	-0.085399
0.260000	-0.189811	0.236082	-0.095782	0.924557	-0.448578	-0.083092
0.280000	-0.213249	0.234063	-0.091742	0.924535	-0.449787	-0.080531
0.300000	-0.237989	0.231508	-0.088268	0.924544	-0.451217	-0.077778
0.320000	-0.263395	0.228239	-0.085424	0.924592	-0.452848	-0.074896
0.340000	-0.288829	0.224080	-0.083277	0.924689	-0.454661	-0.071947
0.360000	-0.313654	0.218855	-0.081889	0.924843	-0.456635	-0.068994
0.380000	-0.337234	0.212388	-0.081327	0.925063	-0.458752	-0.066099
0.400000	-0.358931	0.204501	-0.081655	0.925359	-0.460990	-0.063325
0.420000	-0.378108	0.195019	-0.082937	0.925739	-0.463331	-0.060736
0.440000	-0.394129	0.183765	-0.085239	0.926212	-0.465755	-0.058392
0.460000	-0.406357	0.170562	-0.088625	0.926788	-0.468242	-0.056358
0.480000	-0.414162	0.155237	-0.093159	0.927475	-0.470772	-0.054695
0.500000	-0.417383	0.137827	-0.098821	0.928274	-0.473325	-0.053428
0.520000	-0.416628	0.118709	-0.105455	0.929172	-0.475878	-0.052523
0.540000	-0.412573	0.098293	-0.112893	0.930154	-0.478412	-0.051939
0.560000	-0.405895	0.076987	-0.120967	0.931207	-0.480902	-0.051635
0.580000	-0.397271	0.055201	-0.129509	0.932316	-0.483328	-0.051572
0.600000	-0.387376	0.033344	-0.138349	0.933466	-0.485668	-0.051708
0.620000	-0.376889	0.011825	-0.147321	0.934644	-0.487900	-0.052003
0.640000	-0.366486	-0.008947	-0.156257	0.935836	-0.490002	-0.052418
0.660000	-0.356843	-0.028562	-0.164986	0.937026	-0.491952	-0.052911
0.680000	-0.348637	-0.046611	-0.173343	0.938201	-0.493728	-0.053442
0.700000	-0.342545	-0.062686	-0.181158	0.939347	-0.495310	-0.053971
0.720000	-0.339244	-0.076377	-0.188263	0.940450	-0.496673	-0.054456
0.740000	-0.339410	-0.087275	-0.194490	0.941494	-0.497798	-0.054859
0.760000	-0.343720	-0.094970	-0.199671	0.942466	-0.498662	-0.055138
0.780000	-0.352850	-0.099054	-0.203638	0.943352	-0.499243	-0.055253
0.800000	-0.367478	-0.099117	-0.206222	0.944137	-0.499519	-0.055164
0.820000	-0.387778	-0.094898	-0.207312	0.944810	-0.499481	-0.054845
0.840000	-0.412253	-0.086622	-0.206986	0.945370	-0.499152	-0.054325
0.860000	-0.439060	-0.074618	-0.205360	0.945817	-0.498567	-0.053642
0.880000	-0.466353	-0.059214	-0.202551	0.946153	-0.497759	-0.052834
0.900000	-0.492288	-0.040739	-0.198677	0.946378	-0.496762	-0.051940
0.920000	-0.515022	-0.019521	-0.193853	0.946493	-0.495609	-0.050998
0.940000	-0.532709	0.004113	-0.188196	0.946498	-0.494333	-0.050048
0.960000	-0.543505	0.029833	-0.181825	0.946395	-0.492968	-0.049126
0.980000	-0.545566	0.057311	-0.174854	0.946185	-0.491547	-0.048273
1.000000	-0.537048	0.086220	-0.167402	0.945867	-0.490103	-0.047526
1.020000	-0.516106	0.116230	-0.159585	0.945444	-0.488670	-0.046924
1.040000	-0.480896	0.147014	-0.151519	0.944915	-0.487281	-0.046505
1.060000	-0.429573	0.178244	-0.143322	0.944281	-0.485970	-0.046308
1.080000	-0.360293	0.209590	-0.135111	0.943544	-0.484770	-0.046371
1.100000	-0.271212	0.240725	-0.127002	0.942704	-0.483715	-0.046733
1.120000	-0.160540	0.271320	-0.119111	0.941761	-0.482837	-0.047432
1.140000	-0.028770	0.301010	-0.111540	0.940722	-0.482146	-0.048469
1.160000	0.120545	0.329386	-0.104366	0.939598	-0.481625	-0.049799
1.180000	0.283634	0.356034	-0.097666	0.938401	-0.481251	-0.051373
1.200000	0.456728	0.380541	-0.091517	0.937143	-0.481004	-0.053141
1.220000	0.636058	0.402492	-0.085997	0.935835	-0.480861	-0.055055
1.240000	0.817854	0.421475	-0.081182	0.934490	-0.480803	-0.057065
1.260000	0.998347	0.437075	-0.077149	0.933119	-0.480808	-0.059123
1.280000	1.173767	0.448880	-0.073975	0.931736	-0.480854	-0.061180
1.300000	1.340346	0.456476	-0.071738	0.930350	-0.480921	-0.063186
1.320000	1.494313	0.459448	-0.070513	0.928975	-0.480987	-0.065092
1.340000	1.631899	0.457384	-0.070378	0.927623	-0.481031	-0.066849
1.360000	1.749336	0.449870	-0.071409	0.926305	-0.481032	-0.068409
1.380000	1.842853	0.436493	-0.073685	0.925033	-0.480969	-0.069722
1.400000	1.908681	0.416838	-0.077281	0.923819	-0.480820	-0.070739
1.420000	1.943051	0.390493	-0.082275	0.922675	-0.480564	-0.071411
1.440000	1.942639	0.357137	-0.088727	0.921614	-0.480184	-0.071695
1.460000	1.908503	0.317371	-0.096538	0.920640	-0.479687	-0.071601
1.480000	1.844187	0.272319	-0.105517	0.919758	-0.479101	-0.071171
1.500000	1.753265	0.223108	-0.115472	0.918971	-0.478450	-0.070447
1.520000	1.639309	0.170869	-0.126211	0.918283	-0.477760	-0.069472
1.540000	1.505892	0.116729	-0.137543	0.917698	-0.477057	-0.068286
1.560000	1.356587	0.061819	-0.149275	0.917220	-0.476366	-0.066933
1.580000	1.194966	0.007267	-0.161217	0.916851	-0.475713	-0.065453
1.600000	1.024603	-0.045798	-0.173176	0.916596	-0.475124	-0.063890
1.620000	0.849070	-0.096248	-0.184961	0.916458	-0.474623	-0.062286
1.640000	0.671941	-0.142952	-0.196380	0.916441	-0.474237	-0.060681
1.660000	0.496788	-0.184782	-0.207240	0.916549	-0.473992	-0.059119
1.680000	0.327183	-0.220609	-0.217352	0.916784	-0.473912	-0.057641
1.700000	0.166701	-0.249303	-0.226522	0.917151	-0.474024	-0.056290
1.720000	0.018913	-0.269737	-0.234558	0.917654	-0.474352	-0.055106
1.740000	-0.112607	-0.280781	-0.241270	0.918296	-0.474924	-0.054134
1.760000	-0.224371	-0.281343	-0.246471	0.919080	-0.475762	-0.053412
1.780000	-0.315267	-0.271382	-0.250121	0.919996	-0.476861	-0.052952
1.800000	-0.386814	-0.252020	-0.252347	0.921019	-0.478177	-0.052729
1.820000	-0.440670	-0.224439	-0.253280	0.922123	-0.479667	-0.052717
1.840000	-0.478492	-0.189822	-0.253054	0.923283	-0.481288	-0.052889
1.860000	-0.501937	-0.149353	-0.251804	0.924473	-0.482994	-0.053220
1.880000	-0.512662	-0.104214	-0.249662	0.925668	-0.484743	-0.053683
1.900000	-0.512325	-0.055587	-0.246761	0.926841	-0.486489	-0.054252
1.920000	-0.502582	-0.004655	-0.243235	0.927967	-0.488191	-0.054901
1.940000	-0.485092	0.047399	-0.239217	0.929020	-0.489802	-0.055604
1.960000	-0.461511	0.099391	-0.234841	0.929975	-0.491280	-0.056334
1.980000	-0.433497	0.150140	-0.230240	0.930806	-0.492581	-0.057067
2.000000	-0.402707	0.198463	-0.225548	0.931487	-0.493660	-0.057774
2.020000	-0.370798	0.243176	-0.220897	0.931992	-0.494473	-0.058431
2.040000	-0.339428	0.283098	-0.216421	0.932296	-0.494978	-0.059011
2.060000	-0.310238	0.317057	-0.212253	0.932374	-0.495130	-0.059488
2.080000	-0.284165	0.344464	-0.208463	0.932221	-0.494922	-0.059850
2.100000	-0.261144	0.365552	-0.205037	0.931866	-0.494397	-0.060103
2.120000	-0.241035	0.380616	-0.201954	0.931336	-0.493603	-0.060256
2.140000	-0.223696	0.389952	-0.199192	0.930661	-0.492585	-0.060317
2.160000	-0.208987	0.393855	-0.196731	0.929870	-0.491392	-0.060294
2.180000	-0.196767	0.392621	-0.194550	0.928992	-0.490071	-0.060195
2.200000	-0.186897	0.386544	-0.192626	0.928057	-0.488667	-0.060028
2.220000	-0.179235	0.375920	-0.190940	0.927094	-0.487228	-0.059802
2.240000	-0.173640	0.361045	-0.189470	0.926131	-0.485802	-0.059524
2.260000	-0.169973	0.342214	-0.188194	0.925198	-0.484435	-0.059204
2.280000	-0.168092	0.319722	-0.187092	0.924325	-0.483174	-0.058848
2.300000	-0.167858	0.293865	-0.186143	0.923539	-0.482066	-0.058465
2.320000	-0.169128	0.264938	-0.185324	0.922871	-0.481159	-0.058063
2.340000	-0.171763	0.233236	-0.184616	0.922349	-0.480498	-0.057651
2.360000	-0.175623	0.199054	-0.183997	0.922004	-0.480132	-0.057236
2.380000	-0.180566	0.162689	-0.183446	0.921862	-0.480106	-0.056827
2.400000	-0.186453	0.124440	-0.182942	0.921954	-0.480466	-0.056432
2.420000	-0.193166	0.084688	-0.182472	0.922274	-0.481205	-0.056054
2.440000	-0.200608	0.043889	-0.182028	0.922791	-0.482267	-0.055694
2.460000	-0.208681	0.002503	-0.181604	0.923472	-0.483598	-0.055350
2.480000	-0.217289	-0.039010	-0.181194	0.924284	-0.485140	-0.055024
2.500000	-0.226335	-0.080192	-0.180791	0.925194	-0.486837	-0.054715
2.520000	-0.235721	-0.120582	-0.180388	0.926168	-0.488634	-0.054422
2.540000	-0.245351	-0.159722	-0.179978	0.927173	-0.490474	-0.054146
2.560000	-0.255127	-0.197152	-0.179556	0.928177	-0.492301	-0.053886
