0.000000	-0.522311	0.268435	-0.176097	0.902477	-0.520927	-0.078022
0.020000	-0.568529	0.222085	-0.181665	0.901177	-0.521956	-0.078145
0.040000	-0.611934	0.176236	-0.186652	0.899900	-0.523017	-0.078282
0.060000	-0.651524	0.131697	-0.190907	0.898661	-0.524092	-0.078429
0.080000	-0.686301	0.089280	-0.194282	0.897473	-0.525167	-0.078582
0.100000	-0.715262	0.049794	-0.196625	0.896353	-0.526225	-0.078737
0.120000	-0.737407	0.014052	-0.197788	0.895313	-0.527250	-0.078890
0.140000	-0.751734	-0.017137	-0.197620	0.894370	-0.528225	-0.079038
0.160000	-0.757244	-0.042962	-0.195972	0.893537	-0.529134	-0.079175
0.180000	-0.752935	-0.062613	-0.192692	0.892829	-0.529961	-0.079300
0.200000	-0.737901	-0.075353	-0.187652	0.892260	-0.530691	-0.079406
0.220000	-0.712709	-0.081619	-0.181009	0.891826	-0.531319	-0.079495
0.240000	-0.679091	-0.082773	-0.173158	0.891509	-0.531849	-0.079565
0.260000	-0.638812	-0.080204	-0.164494	0.891291	-0.532284	-0.079620
0.280000	-0.593637	-0.075299	-0.155417	0.891155	-0.532629	-0.079660
0.300000	-0.545331	-0.069446	-0.146323	0.891081	-0.532887	-0.079685
0.320000	-0.495657	-0.064034	-0.137611	0.891052	-0.533063	-0.079698
0.340000	-0.446380	-0.060451	-0.129679	0.891049	-0.533161	-0.079700
0.360000	-0.399265	-0.060083	-0.122923	0.891055	-0.533184	-0.079691
0.380000	-0.356077	-0.064320	-0.117743	0.891052	-0.533137	-0.079672
0.400000	-0.318580	-0.074550	-0.114536	0.891021	-0.533024	-0.079646
0.420000	-0.288539	-0.092160	-0.113700	0.890945	-0.532849	-0.079613
0.440000	-0.267688	-0.118499	-0.115625	0.890805	-0.532615	-0.079574
0.460000	-0.256594	-0.153403	-0.120393	0.890597	-0.532328	-0.079530
0.480000	-0.254303	-0.194735	-0.127690	0.890334	-0.531998	-0.079482
0.500000	-0.259758	-0.240223	-0.137171	0.890030	-0.531631	-0.079431
0.520000	-0.271904	-0.287599	-0.148495	0.889699	-0.531237	-0.079378
0.540000	-0.289684	-0.334594	-0.161317	0.889354	-0.530823	-0.079324
0.560000	-0.312041	-0.378937	-0.175296	0.889010	-0.530398	-0.079269
0.580000	-0.337920	-0.418359	-0.190088	0.888681	-0.529970	-0.079214
0.600000	-0.366265	-0.450590	-0.205351	0.888381	-0.529547	-0.079160
0.620000	-0.396018	-0.473361	-0.220741	0.888123	-0.529138	-0.079108
0.640000	-0.426124	-0.484401	-0.235915	0.887921	-0.528751	-0.079058
0.660000	-0.455526	-0.481442	-0.250531	0.887790	-0.528395	-0.079012
0.680000	-0.483169	-0.462214	-0.264246	0.887744	-0.528076	-0.078970
0.700000	-0.507996	-0.424447	-0.276716	0.887796	-0.527805	-0.078933
0.720000	-0.528951	-0.365871	-0.287599	0.887960	-0.527589	-0.078903
0.740000	-0.544977	-0.284218	-0.296552	0.888250	-0.527436	-0.078879
0.760000	-0.555018	-0.177216	-0.303232	0.888681	-0.527355	-0.078862
0.780000	-0.558073	-0.042830	-0.307314	0.889265	-0.527353	-0.078854
0.800000	-0.554078	0.116947	-0.308763	0.889994	-0.527430	-0.078854
0.820000	-0.543763	0.296718	-0.307797	0.890842	-0.527581	-0.078862
0.840000	-0.527882	0.490978	-0.304637	0.891784	-0.527796	-0.078876
0.860000	-0.507191	0.694226	-0.299507	0.892793	-0.528070	-0.078897
0.880000	-0.482444	0.900955	-0.292630	0.893843	-0.528395	-0.078924
0.900000	-0.454395	1.105663	-0.284229	0.894909	-0.528764	-0.078955
0.920000	-0.423800	1.302846	-0.274527	0.895964	-0.529171	-0.078990
0.940000	-0.391413	1.486999	-0.263748	0.896982	-0.529607	-0.079029
0.960000	-0.357988	1.652620	-0.252113	0.897937	-0.530067	-0.079071
0.980000	-0.324281	1.794203	-0.239847	0.898804	-0.530543	-0.079115
1.000000	-0.291046	1.906246	-0.227173	0.899555	-0.531027	-0.079160
1.020000	-0.259038	1.983244	-0.214312	0.900166	-0.531513	-0.079206
1.040000	-0.229011	2.019694	-0.201490	0.900609	-0.531994	-0.079252
1.060000	-0.201720	2.010092	-0.188927	0.900859	-0.532462	-0.079297
1.080000	-0.177920	1.948933	-0.176849	0.900890	-0.532912	-0.079341
1.100000	-0.158250	1.832224	-0.165451	0.900682	-0.533335	-0.079383
1.120000	-0.142708	1.664355	-0.154786	0.900255	-0.533734	-0.079424
1.140000	-0.131070	1.452613	-0.144858	0.899641	-0.534109	-0.079467
1.160000	-0.123112	1.204290	-0.135668	0.898871	-0.534464	-0.079512
1.180000	-0.118611	0.926675	-0.127220	0.897977	-0.534800	-0.079561
1.200000	-0.117341	0.627059	-0.119516	0.896992	-0.535119	-0.079616
1.220000	-0.119080	0.312732	-0.112559	0.895947	-0.535425	-0.079679
1.240000	-0.123604	-0.009017	-0.106352	0.894875	-0.535718	-0.079751
1.260000	-0.130688	-0.330896	-0.100897	0.893808	-0.536002	-0.079834
1.280000	-0.140108	-0.645616	-0.096198	0.892777	-0.536278	-0.079929
1.300000	-0.151642	-0.945885	-0.092256	0.891814	-0.536549	-0.080039
1.320000	-0.165064	-1.224415	-0.089075	0.890953	-0.536817	-0.080164
1.340000	-0.180150	-1.473915	-0.086657	0.890223	-0.537084	-0.080307
1.360000	-0.196678	-1.687094	-0.085005	0.889658	-0.537353	-0.080469
1.380000	-0.214422	-1.856662	-0.084123	0.889290	-0.537625	-0.080652
1.400000	-0.233160	-1.975351	-0.084011	0.889151	-0.537903	-0.080857
1.420000	-0.252647	-2.039591	-0.084654	0.889252	-0.538187	-0.081085
1.440000	-0.272601	-2.053667	-0.085993	0.889568	-0.538470	-0.081331
1.460000	-0.292733	-2.022870	-0.087966	0.890063	-0.538748	-0.081593
1.480000	-0.312754	-1.952488	-0.090508	0.890707	-0.539014	-0.081864
1.500000	-0.332376	-1.847810	-0.093557	0.891465	-0.539263	-0.082142
1.520000	-0.351311	-1.714126	-0.097050	0.892304	-0.539487	-0.082423
1.540000	-0.369270	-1.556725	-0.100922	0.893193	-0.539681	-0.082701
1.560000	-0.385964	-1.380896	-0.105111	0.894097	-0.539839	-0.082974
1.580000	-0.401105	-1.191929	-0.109553	0.894984	-0.539955	-0.083236
1.600000	-0.414404	-0.995113	-0.114185	0.895820	-0.540022	-0.083484
1.620000	-0.425573	-0.795737	-0.118944	0.896574	-0.540036	-0.083714
1.640000	-0.434324	-0.599090	-0.123766	0.897211	-0.539989	-0.083922
1.660000	-0.440368	-0.410463	-0.128588	0.897699	-0.539876	-0.084103
1.680000	-0.443416	-0.235143	-0.133346	0.898005	-0.539690	-0.084254
1.700000	-0.443180	-0.078421	-0.137978	0.898097	-0.539427	-0.084369
1.720000	-0.439371	0.054415	-0.142421	0.897940	-0.539078	-0.084446
1.740000	-0.431708	0.158155	-0.146610	0.897503	-0.538639	-0.084480
1.760000	-0.420222	0.231032	-0.150510	0.896785	-0.538113	-0.084468
1.780000	-0.405366	0.275951	-0.154121	0.895829	-0.537514	-0.084407
1.800000	-0.387624	0.296154	-0.157445	0.894680	-0.536859	-0.084295
1.820000	-0.367480	0.294880	-0.160482	0.893385	-0.536162	-0.084130
1.840000	-0.345418	0.275369	-0.163236	0.891988	-0.535440	-0.083910
1.860000	-0.321922	0.240861	-0.165709	0.890535	-0.534708	-0.083631
1.880000	-0.297476	0.194596	-0.167902	0.889071	-0.533982	-0.083293
1.900000	-0.272563	0.139814	-0.169817	0.887644	-0.533278	-0.082893
1.920000	-0.247668	0.079755	-0.171456	0.886297	-0.532612	-0.082428
1.940000	-0.223275	0.017659	-0.172822	0.885076	-0.531999	-0.081896
1.960000	-0.199867	-0.043235	-0.173916	0.884028	-0.531454	-0.081296
1.980000	-0.177928	-0.099685	-0.174740	0.883197	-0.530994	-0.080624
2.000000	-0.157943	-0.148453	-0.175296	0.882630	-0.530634	-0.079878
2.020000	-0.140394	-0.186299	-0.175587	0.882372	-0.530391	-0.079056
2.040000	-0.125767	-0.209982	-0.175614	0.882468	-0.530279	-0.078157
2.060000	-0.114497	-0.216572	-0.175381	0.882958	-0.530313	-0.077178
2.080000	-0.106552	-0.206237	-0.174917	0.883824	-0.530487	-0.076134
2.100000	-0.101627	-0.180922	-0.174263	0.885012	-0.530786	-0.075044
2.120000	-0.099414	-0.142593	-0.173460	0.886471	-0.531195	-0.073931
2.140000	-0.099607	-0.093219	-0.172551	0.888148	-0.531696	-0.072816
2.160000	-0.101899	-0.034765	-0.171576	0.889990	-0.532275	-0.071718
2.180000	-0.105981	0.030800	-0.170579	0.891943	-0.532916	-0.070660
2.200000	-0.111547	0.101511	-0.169599	0.893956	-0.533602	-0.069664
2.220000	-0.118290	0.175400	-0.168679	0.895975	-0.534318	-0.068748
2.240000	-0.125902	0.250501	-0.167861	0.897948	-0.535049	-0.067936
2.260000	-0.134076	0.324846	-0.167186	0.899822	-0.535777	-0.067248
2.280000	-0.142505	0.396468	-0.166695	0.901544	-0.536488	-0.066706
2.300000	-0.150881	0.463401	-0.166431	0.903061	-0.537166	-0.066330
2.320000	-0.158897	0.523677	-0.166435	0.904321	-0.537794	-0.066141
2.340000	-0.166247	0.575330	-0.166749	0.905271	-0.538357	-0.066161
2.360000	-0.172622	0.616392	-0.167414	0.905858	-0.538840	-0.066410
2.380000	-0.177723	0.644947	-0.168471	0.906031	-0.539226	-0.066910
2.400000	-0.181451	0.660499	-0.169908	0.905784	-0.539511	-0.067650
2.420000	-0.183938	0.664150	-0.171657	0.905163	-0.539705	-0.068588
2.440000	-0.185324	0.657084	-0.173648	0.904218	-0.539818	-0.069680
2.460000	-0.185751	0.640488	-0.175809	0.902995	-0.539858	-0.070880
2.480000	-0.185361	0.615548	-0.178069	0.901544	-0.539836	-0.072146
2.500000	-0.184297	0.583448	-0.180358	0.899913	-0.539761	-0.073432
2.520000	-0.182699	0.545375	-0.182605	0.898151	-0.539642	-0.074695
