0.000000	-0.225858	0.181884	-0.147158	0.847688	-0.569529	-0.066926
0.020000	-0.221839	0.192008	-0.148181	0.847331	-0.570021	-0.068138
0.040000	-0.218734	0.200104	-0.149949	0.847183	-0.570334	-0.069439
0.060000	-0.216455	0.206001	-0.152462	0.847247	-0.570431	-0.070821
0.080000	-0.214913	0.209526	-0.155718	0.847530	-0.570275	-0.072276
0.100000	-0.214022	0.210508	-0.159717	0.848034	-0.569829	-0.073794
0.120000	-0.213694	0.208775	-0.164457	0.848765	-0.569056	-0.075367
0.140000	-0.213840	0.204159	-0.169936	0.849728	-0.567919	-0.076986
0.160000	-0.214401	0.196706	-0.176108	0.850912	-0.566418	-0.078633
0.180000	-0.215356	0.186783	-0.182866	0.852290	-0.564603	-0.080272
0.200000	-0.216686	0.174779	-0.190094	0.853831	-0.562528	-0.081867
0.220000	-0.218373	0.161087	-0.197680	0.855506	-0.560248	-0.083383
0.240000	-0.220400	0.146097	-0.205508	0.857284	-0.557818	-0.084784
0.260000	-0.222748	0.130201	-0.213466	0.859136	-0.555293	-0.086033
0.280000	-0.225401	0.113790	-0.221438	0.861031	-0.552728	-0.087095
0.300000	-0.228339	0.097254	-0.229312	0.862939	-0.550176	-0.087933
0.320000	-0.231545	0.080986	-0.236972	0.864831	-0.547693	-0.088512
0.340000	-0.235001	0.065376	-0.244305	0.866676	-0.545334	-0.088796
0.360000	-0.238689	0.050815	-0.251196	0.868444	-0.543154	-0.088748
0.380000	-0.242592	0.037696	-0.257533	0.870105	-0.541206	-0.088334
0.400000	-0.246690	0.026407	-0.263200	0.871629	-0.539546	-0.087516
0.420000	-0.250967	0.017342	-0.268084	0.872986	-0.538229	-0.086259
0.440000	-0.255404	0.010891	-0.272071	0.874145	-0.537309	-0.084526
0.460000	-0.259984	0.007445	-0.275046	0.875078	-0.536842	-0.082283
0.480000	-0.264692	0.007204	-0.276941	0.875765	-0.536857	-0.079519
0.500000	-0.269526	0.009790	-0.277826	0.876221	-0.537316	-0.076307
0.520000	-0.274484	0.014716	-0.277795	0.876468	-0.538167	-0.072732
0.540000	-0.279568	0.021496	-0.276943	0.876528	-0.539356	-0.068882
0.560000	-0.284776	0.029644	-0.275363	0.876421	-0.540832	-0.064843
0.580000	-0.290107	0.038675	-0.273153	0.876169	-0.542540	-0.060701
0.600000	-0.295561	0.048100	-0.270405	0.875794	-0.544430	-0.056543
0.620000	-0.301137	0.057436	-0.267214	0.875318	-0.546447	-0.052457
0.640000	-0.306836	0.066194	-0.263676	0.874762	-0.548540	-0.048527
0.660000	-0.312656	0.073890	-0.259885	0.874147	-0.550656	-0.044842
0.680000	-0.318597	0.080036	-0.255936	0.873495	-0.552742	-0.041487
0.700000	-0.324658	0.084147	-0.251923	0.872828	-0.554746	-0.038550
0.720000	-0.330839	0.085736	-0.247942	0.872167	-0.556614	-0.036116
0.740000	-0.337140	0.084318	-0.244087	0.871533	-0.558295	-0.034272
0.760000	-0.343559	0.079405	-0.240452	0.870949	-0.559736	-0.033106
0.780000	-0.350096	0.070512	-0.237133	0.870435	-0.560883	-0.032703
0.800000	-0.356725	0.057278	-0.234203	0.870011	-0.561694	-0.033131
0.820000	-0.363246	0.040154	-0.231603	0.869685	-0.562179	-0.034338
0.840000	-0.369393	0.019916	-0.229219	0.869456	-0.562373	-0.036219
0.860000	-0.374898	-0.002660	-0.226937	0.869328	-0.562310	-0.038674
0.880000	-0.379493	-0.026798	-0.224644	0.869302	-0.562024	-0.041601
0.900000	-0.382911	-0.051722	-0.222226	0.869379	-0.561548	-0.044895
0.920000	-0.384886	-0.076655	-0.219570	0.869561	-0.560918	-0.048456
0.940000	-0.385149	-0.100821	-0.216562	0.869849	-0.560166	-0.052182
0.960000	-0.383433	-0.123444	-0.213087	0.870246	-0.559328	-0.055969
0.980000	-0.379472	-0.143747	-0.209034	0.870753	-0.558437	-0.059715
1.000000	-0.372997	-0.160955	-0.204287	0.871370	-0.557526	-0.063319
1.020000	-0.363741	-0.174291	-0.198734	0.872101	-0.556631	-0.066678
1.040000	-0.351436	-0.182978	-0.192260	0.872947	-0.555786	-0.069690
1.060000	-0.335817	-0.186241	-0.184753	0.873908	-0.555023	-0.072251
1.080000	-0.316614	-0.183303	-0.176098	0.874987	-0.554378	-0.074261
1.100000	-0.293562	-0.173390	-0.166182	0.876186	-0.553884	-0.075617
1.120000	-0.266647	-0.156132	-0.154966	0.877497	-0.553562	-0.076264
1.140000	-0.236473	-0.132155	-0.142589	0.878892	-0.553395	-0.076264
1.160000	-0.203737	-0.102233	-0.129220	0.880340	-0.553366	-0.075697
1.180000	-0.169137	-0.067139	-0.115025	0.881810	-0.553453	-0.074641
1.200000	-0.133368	-0.027648	-0.100173	0.883270	-0.553637	-0.073175
1.220000	-0.097128	0.015466	-0.084830	0.884689	-0.553897	-0.071380
1.240000	-0.061115	0.061430	-0.069164	0.886036	-0.554215	-0.069333
1.260000	-0.026024	0.109470	-0.053343	0.887279	-0.554569	-0.067114
1.280000	0.007447	0.158811	-0.037533	0.888387	-0.554941	-0.064803
1.300000	0.038601	0.208680	-0.021903	0.889329	-0.555310	-0.062477
1.320000	0.066741	0.258303	-0.006620	0.890073	-0.555656	-0.060218
1.340000	0.091171	0.306906	0.008149	0.890589	-0.555959	-0.058103
1.360000	0.111193	0.353714	0.022236	0.890845	-0.556200	-0.056212
1.380000	0.126110	0.397955	0.035474	0.890809	-0.556358	-0.054624
1.400000	0.135225	0.438853	0.047696	0.890451	-0.556414	-0.053418
1.420000	0.137868	0.475654	0.058736	0.889740	-0.556348	-0.052671
1.440000	0.133984	0.508028	0.068497	0.888682	-0.556159	-0.052400
1.460000	0.124141	0.536081	0.076949	0.887319	-0.555866	-0.052564
1.480000	0.108936	0.559937	0.084064	0.885694	-0.555485	-0.053117
1.500000	0.088968	0.579720	0.089816	0.883851	-0.555034	-0.054014
1.520000	0.064834	0.595555	0.094177	0.881831	-0.554533	-0.055211
1.540000	0.037131	0.607567	0.097120	0.879679	-0.553999	-0.056663
1.560000	0.006455	0.615878	0.098618	0.877437	-0.553450	-0.058324
1.580000	-0.026595	0.620615	0.098644	0.875149	-0.552904	-0.060150
1.600000	-0.061422	0.621901	0.097170	0.872858	-0.552380	-0.062095
1.620000	-0.097429	0.619860	0.094169	0.870607	-0.551895	-0.064116
1.640000	-0.134018	0.614618	0.089615	0.868439	-0.551467	-0.066167
1.660000	-0.170593	0.606298	0.083480	0.866398	-0.551116	-0.068202
1.680000	-0.206556	0.595025	0.075736	0.864526	-0.550858	-0.070178
1.700000	-0.241310	0.580923	0.066358	0.862867	-0.550712	-0.072050
1.720000	-0.274257	0.564116	0.055317	0.861464	-0.550695	-0.073771
1.740000	-0.304801	0.544731	0.042587	0.860360	-0.550827	-0.075298
1.760000	-0.332589	0.523072	0.028255	0.859577	-0.551115	-0.076603
1.780000	-0.357744	0.499797	0.012636	0.859100	-0.551544	-0.077695
1.800000	-0.380448	0.475610	-0.003930	0.858904	-0.552098	-0.078584
1.820000	-0.400883	0.451214	-0.021104	0.858970	-0.552762	-0.079283
1.840000	-0.419229	0.427309	-0.038543	0.859273	-0.553518	-0.079803
1.860000	-0.435670	0.404598	-0.055909	0.859793	-0.554351	-0.080156
1.880000	-0.450385	0.383784	-0.072859	0.860508	-0.555244	-0.080355
1.900000	-0.463558	0.365568	-0.089054	0.861395	-0.556182	-0.080410
1.920000	-0.475369	0.350654	-0.104153	0.862432	-0.557147	-0.080335
1.940000	-0.486000	0.339742	-0.117816	0.863598	-0.558124	-0.080140
1.960000	-0.495632	0.333535	-0.129702	0.864869	-0.559096	-0.079837
1.980000	-0.504447	0.332736	-0.139470	0.866226	-0.560047	-0.079438
2.000000	-0.512627	0.338047	-0.146780	0.867644	-0.560961	-0.078956
2.020000	-0.520353	0.350169	-0.151291	0.869103	-0.561821	-0.078402
2.040000	-0.527806	0.369805	-0.152664	0.870579	-0.562612	-0.077787
2.060000	-0.535084	0.397199	-0.150734	0.872057	-0.563321	-0.077121
2.080000	-0.542067	0.431417	-0.145796	0.873528	-0.563950	-0.076404
2.100000	-0.548601	0.471334	-0.138216	0.874990	-0.564501	-0.075638
2.120000	-0.554529	0.515828	-0.128362	0.876436	-0.564977	-0.074821
2.140000	-0.559698	0.563773	-0.116600	0.877864	-0.565381	-0.073953
2.160000	-0.563953	0.614048	-0.103298	0.879267	-0.565715	-0.073035
2.180000	-0.567139	0.665528	-0.088822	0.880643	-0.565983	-0.072067
2.200000	-0.569100	0.717089	-0.073539	0.881985	-0.566187	-0.071048
2.220000	-0.569684	0.767608	-0.057816	0.883291	-0.566329	-0.069978
2.240000	-0.568734	0.815960	-0.042020	0.884555	-0.566413	-0.068858
2.260000	-0.566095	0.861024	-0.026519	0.885773	-0.566441	-0.067687
2.280000	-0.561614	0.901673	-0.011678	0.886940	-0.566416	-0.066465
2.300000	-0.555135	0.936786	0.002134	0.888052	-0.566341	-0.065192
2.320000	-0.546504	0.965239	0.014552	0.889104	-0.566218	-0.063868
2.340000	-0.535565	0.985906	0.025207	0.890092	-0.566051	-0.062493
2.360000	-0.522165	0.997666	0.033734	0.891012	-0.565841	-0.061068
2.380000	-0.506150	0.999406	0.039768	0.891858	-0.565592	-0.059591
2.400000	-0.487581	0.990805	0.043151	0.892625	-0.565308	-0.058071
2.420000	-0.466863	0.972843	0.044066	0.893304	-0.564999	-0.056526
2.440000	-0.444432	0.946616	0.042723	0.893886	-0.564671	-0.054979
2.460000	-0.420725	0.913223	0.039336	0.894361	-0.564334	-0.053448
2.480000	-0.396180	0.873762	0.034116	0.894720	-0.563996	-0.051955
2.500000	-0.371233	0.829331	0.027276	0.894954	-0.563666	-0.050520
