0.000000	-0.185142	0.218361	-0.141256	0.896249	-0.540511	-0.056094
0.020000	-0.181775	0.250022	-0.126054	0.896297	-0.540969	-0.055287
0.040000	-0.177878	0.283469	-0.110504	0.896371	-0.541468	-0.054498
0.060000	-0.173581	0.317810	-0.094898	0.896473	-0.541985	-0.053743
0.080000	-0.169012	0.352159	-0.079531	0.896606	-0.542498	-0.053037
0.100000	-0.164298	0.385625	-0.064695	0.896774	-0.542982	-0.052392
0.120000	-0.159569	0.417319	-0.050684	0.896979	-0.543417	-0.051826
0.140000	-0.154953	0.446353	-0.037792	0.897226	-0.543777	-0.051352
0.160000	-0.150579	0.471837	-0.026312	0.897516	-0.544042	-0.050984
0.180000	-0.146574	0.492883	-0.016537	0.897853	-0.544187	-0.050738
0.200000	-0.143068	0.508601	-0.008761	0.898240	-0.544189	-0.050629
0.220000	-0.140188	0.518102	-0.003278	0.898681	-0.544027	-0.050671
0.240000	-0.138064	0.520498	-0.000380	0.899178	-0.543676	-0.050879
0.260000	-0.136822	0.514956	-0.000344	0.899734	-0.543115	-0.051266
0.280000	-0.136563	0.501641	-0.003155	0.900342	-0.542346	-0.051829
0.300000	-0.137365	0.481564	-0.008546	0.900988	-0.541392	-0.052548
0.320000	-0.139308	0.455762	-0.016246	0.901656	-0.540274	-0.053404
0.340000	-0.142468	0.425273	-0.025981	0.902333	-0.539016	-0.054378
0.360000	-0.146923	0.391136	-0.037479	0.903002	-0.537640	-0.055450
0.380000	-0.152753	0.354387	-0.050465	0.903650	-0.536168	-0.056601
0.400000	-0.160034	0.316065	-0.064669	0.904261	-0.534623	-0.057811
0.420000	-0.168845	0.277207	-0.079816	0.904820	-0.533028	-0.059060
0.440000	-0.179263	0.238851	-0.095634	0.905313	-0.531406	-0.060330
0.460000	-0.191367	0.202036	-0.111850	0.905724	-0.529778	-0.061600
0.480000	-0.205234	0.167798	-0.128190	0.906039	-0.528168	-0.062852
0.500000	-0.220943	0.137176	-0.144383	0.906243	-0.526598	-0.064065
0.520000	-0.238572	0.111207	-0.160155	0.906321	-0.525091	-0.065221
0.540000	-0.258198	0.090929	-0.175232	0.906259	-0.523669	-0.066299
0.560000	-0.279900	0.077381	-0.189343	0.906040	-0.522355	-0.067281
0.580000	-0.303691	0.071364	-0.202247	0.905655	-0.521168	-0.068149
0.600000	-0.329220	0.072368	-0.213879	0.905116	-0.520104	-0.068907
0.620000	-0.356012	0.079425	-0.224240	0.904442	-0.519151	-0.069563
0.640000	-0.383591	0.091567	-0.233329	0.903653	-0.518300	-0.070126
0.660000	-0.411480	0.107824	-0.241144	0.902769	-0.517538	-0.070604
0.680000	-0.439204	0.127229	-0.247685	0.901810	-0.516854	-0.071007
0.700000	-0.466286	0.148812	-0.252951	0.900795	-0.516237	-0.071342
0.720000	-0.492250	0.171607	-0.256940	0.899746	-0.515676	-0.071619
0.740000	-0.516621	0.194643	-0.259653	0.898680	-0.515159	-0.071847
0.760000	-0.538921	0.216953	-0.261089	0.897619	-0.514676	-0.072034
0.780000	-0.558675	0.237568	-0.261245	0.896583	-0.514215	-0.072188
0.800000	-0.575407	0.255520	-0.260123	0.895590	-0.513764	-0.072319
0.820000	-0.588640	0.269841	-0.257720	0.894661	-0.513314	-0.072435
0.840000	-0.597899	0.279561	-0.254036	0.893816	-0.512852	-0.072545
0.860000	-0.602707	0.283713	-0.249069	0.893074	-0.512367	-0.072658
0.880000	-0.602589	0.281331	-0.242821	0.892456	-0.511848	-0.072782
0.900000	-0.597358	0.272003	-0.235346	0.891973	-0.511292	-0.072920
0.920000	-0.587438	0.256502	-0.226825	0.891614	-0.510712	-0.073062
0.940000	-0.573330	0.235749	-0.217453	0.891370	-0.510125	-0.073197
0.960000	-0.555537	0.210670	-0.207424	0.891230	-0.509545	-0.073311
0.980000	-0.534561	0.182188	-0.196935	0.891181	-0.508990	-0.073395
1.000000	-0.510905	0.151226	-0.186180	0.891214	-0.508475	-0.073436
1.020000	-0.485072	0.118708	-0.175354	0.891316	-0.508015	-0.073421
1.040000	-0.457563	0.085558	-0.164653	0.891477	-0.507627	-0.073341
1.060000	-0.428881	0.052700	-0.154271	0.891686	-0.507327	-0.073181
1.080000	-0.399529	0.021056	-0.144403	0.891931	-0.507129	-0.072932
1.100000	-0.370008	-0.008448	-0.135246	0.892202	-0.507051	-0.072582
1.120000	-0.340822	-0.034890	-0.126994	0.892487	-0.507107	-0.072118
1.140000	-0.312472	-0.057346	-0.119842	0.892775	-0.507315	-0.071528
1.160000	-0.285462	-0.074892	-0.113985	0.893055	-0.507689	-0.070802
1.180000	-0.260293	-0.086605	-0.109618	0.893316	-0.508245	-0.069927
1.200000	-0.237467	-0.091560	-0.106937	0.893547	-0.509000	-0.068891
1.220000	-0.217393	-0.089098	-0.106077	0.893739	-0.509961	-0.067689
1.240000	-0.200051	-0.079742	-0.106902	0.893903	-0.511098	-0.066339
1.260000	-0.185299	-0.064347	-0.109203	0.894052	-0.512371	-0.064868
1.280000	-0.173000	-0.043770	-0.112767	0.894198	-0.513741	-0.063301
1.300000	-0.163012	-0.018864	-0.117386	0.894356	-0.515167	-0.061665
1.320000	-0.155196	0.009514	-0.122848	0.894538	-0.516610	-0.059985
1.340000	-0.149413	0.040508	-0.128942	0.894759	-0.518029	-0.058289
1.360000	-0.145521	0.073264	-0.135459	0.895031	-0.519384	-0.056601
1.380000	-0.143383	0.106927	-0.142186	0.895369	-0.520636	-0.054948
1.400000	-0.142857	0.140639	-0.148914	0.895785	-0.521745	-0.053356
1.420000	-0.143805	0.173547	-0.155432	0.896293	-0.522670	-0.051850
1.440000	-0.146086	0.204795	-0.161530	0.896907	-0.523372	-0.050458
1.460000	-0.149560	0.233527	-0.166996	0.897639	-0.523810	-0.049206
1.480000	-0.154088	0.258889	-0.171621	0.898503	-0.523945	-0.048118
1.500000	-0.159529	0.280023	-0.175192	0.899514	-0.523737	-0.047221
1.520000	-0.165748	0.296213	-0.177542	0.900679	-0.523155	-0.046538
1.540000	-0.172628	0.307555	-0.178746	0.901986	-0.522229	-0.046065
1.560000	-0.180059	0.314448	-0.178971	0.903410	-0.521010	-0.045790
1.580000	-0.187933	0.317290	-0.178383	0.904929	-0.519548	-0.045701
1.600000	-0.196141	0.316481	-0.177150	0.906520	-0.517896	-0.045786
1.620000	-0.204572	0.312418	-0.175439	0.908160	-0.516103	-0.046033
1.640000	-0.213118	0.305501	-0.173415	0.909825	-0.514222	-0.046430
1.660000	-0.221670	0.296129	-0.171247	0.911493	-0.512302	-0.046964
1.680000	-0.230118	0.284700	-0.169100	0.913141	-0.510395	-0.047623
1.700000	-0.238354	0.271613	-0.167142	0.914746	-0.508553	-0.048396
1.720000	-0.246268	0.257267	-0.165540	0.916284	-0.506825	-0.049270
1.740000	-0.253751	0.242060	-0.164460	0.917733	-0.505264	-0.050233
1.760000	-0.260693	0.226392	-0.164069	0.919070	-0.503920	-0.051273
1.780000	-0.266987	0.210660	-0.164534	0.920271	-0.502845	-0.052379
1.800000	-0.272521	0.195265	-0.166022	0.921314	-0.502088	-0.053536
1.820000	-0.277188	0.180604	-0.168700	0.922175	-0.501702	-0.054735
1.840000	-0.280878	0.167076	-0.172735	0.922831	-0.501737	-0.055962
1.860000	-0.283485	0.155073	-0.178282	0.923262	-0.502243	-0.057206
1.880000	-0.284974	0.144754	-0.185194	0.923467	-0.503218	-0.058458
1.900000	-0.285396	0.136020	-0.192982	0.923477	-0.504599	-0.059715
1.920000	-0.284804	0.128758	-0.201134	0.923322	-0.506324	-0.060973
1.940000	-0.283253	0.122853	-0.209144	0.923033	-0.508329	-0.062227
1.960000	-0.280795	0.118194	-0.216500	0.922641	-0.510549	-0.063476
1.980000	-0.277486	0.114665	-0.222695	0.922176	-0.512920	-0.064715
2.000000	-0.273378	0.112153	-0.227220	0.921669	-0.515379	-0.065940
2.020000	-0.268527	0.110545	-0.229564	0.921152	-0.517862	-0.067147
2.040000	-0.262985	0.109728	-0.229220	0.920654	-0.520304	-0.068334
2.060000	-0.256806	0.109588	-0.225678	0.920206	-0.522642	-0.069496
2.080000	-0.250045	0.110011	-0.218429	0.919840	-0.524812	-0.070631
2.100000	-0.242755	0.110883	-0.206964	0.919585	-0.526750	-0.071733
2.120000	-0.234990	0.112092	-0.190774	0.919473	-0.528391	-0.072800
2.140000	-0.226804	0.113524	-0.169350	0.919534	-0.529672	-0.073828
2.160000	-0.218252	0.115062	-0.142192	0.919798	-0.530531	-0.074813
2.180000	-0.209439	0.116448	-0.109297	0.920265	-0.530952	-0.075751
2.200000	-0.200541	0.117218	-0.071372	0.920891	-0.530994	-0.076638
2.220000	-0.191740	0.116894	-0.029181	0.921627	-0.530720	-0.077467
2.240000	-0.183218	0.114996	0.016511	0.922426	-0.530193	-0.078234
2.260000	-0.175157	0.111044	0.064942	0.923239	-0.529475	-0.078935
2.280000	-0.167741	0.104559	0.115347	0.924018	-0.528630	-0.079563
2.300000	-0.161149	0.095062	0.166963	0.924716	-0.527720	-0.080114
2.320000	-0.155566	0.082074	0.219026	0.925285	-0.526809	-0.080582
2.340000	-0.151172	0.065116	0.270772	0.925676	-0.525959	-0.080964
2.360000	-0.148150	0.043707	0.321437	0.925842	-0.525234	-0.081253
2.380000	-0.146682	0.017369	0.370257	0.925734	-0.524697	-0.081445
2.400000	-0.146950	-0.014378	0.416469	0.925306	-0.524409	-0.081534
2.420000	-0.149136	-0.052013	0.459309	0.924508	-0.524436	-0.081516
2.440000	-0.153422	-0.096015	0.498014	0.923292	-0.524838	-0.081385
2.460000	-0.159991	-0.146863	0.531818	0.921612	-0.525680	-0.081136
2.480000	-0.169025	-0.205038	0.559959	0.919418	-0.527025	-0.080765
