0.000000	-0.548556	0.107941	-0.174574	0.923286	-0.487907	-0.079635
0.020000	-0.593697	0.130935	-0.187036	0.922742	-0.487515	-0.083409
0.040000	-0.637209	0.153785	-0.199855	0.922271	-0.487097	-0.087214
0.060000	-0.678260	0.176072	-0.212745	0.921896	-0.486668	-0.090973
0.080000	-0.716015	0.197374	-0.225421	0.921639	-0.486243	-0.094610
0.100000	-0.749642	0.217271	-0.237595	0.921525	-0.485837	-0.098047
0.120000	-0.778305	0.235341	-0.248982	0.921575	-0.485465	-0.101208
0.140000	-0.801171	0.251163	-0.259296	0.921812	-0.485143	-0.104014
0.160000	-0.817408	0.264317	-0.268251	0.922260	-0.484885	-0.106390
0.180000	-0.826180	0.274382	-0.275560	0.922942	-0.484706	-0.108258
0.200000	-0.826654	0.280936	-0.280938	0.923879	-0.484623	-0.109540
0.220000	-0.818072	0.283586	-0.284119	0.925093	-0.484648	-0.110166
0.240000	-0.800731	0.282327	-0.285114	0.926567	-0.484779	-0.110143
0.260000	-0.775718	0.277446	-0.284145	0.928257	-0.484998	-0.109541
0.280000	-0.744138	0.269234	-0.281438	0.930119	-0.485288	-0.108429
0.300000	-0.707099	0.257984	-0.277217	0.932108	-0.485633	-0.106876
0.320000	-0.665706	0.243989	-0.271710	0.934180	-0.486016	-0.104953
0.340000	-0.621063	0.227541	-0.265142	0.936289	-0.486419	-0.102728
0.360000	-0.574278	0.208933	-0.257737	0.938393	-0.486826	-0.100272
0.380000	-0.526457	0.188458	-0.249723	0.940445	-0.487220	-0.097655
0.400000	-0.478704	0.166407	-0.241325	0.942402	-0.487583	-0.094945
0.420000	-0.432125	0.143074	-0.232769	0.944220	-0.487898	-0.092212
0.440000	-0.387828	0.118750	-0.224280	0.945852	-0.488150	-0.089527
0.460000	-0.346916	0.093730	-0.216084	0.947256	-0.488320	-0.086959
0.480000	-0.310497	0.068304	-0.208407	0.948386	-0.488392	-0.084578
0.500000	-0.279675	0.042766	-0.201475	0.949199	-0.488348	-0.082453
0.520000	-0.255517	0.017402	-0.195505	0.949650	-0.488173	-0.080652
0.540000	-0.238246	-0.007610	-0.190555	0.949737	-0.487866	-0.079199
0.560000	-0.227285	-0.032203	-0.186529	0.949491	-0.487440	-0.078077
0.580000	-0.222024	-0.056311	-0.183326	0.948946	-0.486911	-0.077269
0.600000	-0.221852	-0.079868	-0.180842	0.948137	-0.486292	-0.076756
0.620000	-0.226162	-0.102810	-0.178976	0.947095	-0.485599	-0.076519
0.640000	-0.234343	-0.125072	-0.177626	0.945857	-0.484846	-0.076540
0.660000	-0.245786	-0.146587	-0.176690	0.944454	-0.484047	-0.076801
0.680000	-0.259882	-0.167291	-0.176066	0.942921	-0.483218	-0.077284
0.700000	-0.276020	-0.187119	-0.175652	0.941292	-0.482372	-0.077969
0.720000	-0.293591	-0.206005	-0.175345	0.939600	-0.481524	-0.078839
0.740000	-0.311987	-0.223885	-0.175045	0.937880	-0.480689	-0.079875
0.760000	-0.330597	-0.240692	-0.174649	0.936164	-0.479882	-0.081059
0.780000	-0.348811	-0.256363	-0.174054	0.934487	-0.479116	-0.082372
0.800000	-0.366021	-0.270831	-0.173160	0.932882	-0.478407	-0.083796
0.820000	-0.381617	-0.284031	-0.171864	0.931384	-0.477769	-0.085314
0.840000	-0.394990	-0.295899	-0.170063	0.930025	-0.477217	-0.086905
0.860000	-0.405529	-0.306368	-0.167657	0.928841	-0.476765	-0.088553
0.880000	-0.412825	-0.315382	-0.164580	0.927851	-0.476422	-0.090238
0.900000	-0.417048	-0.322900	-0.160881	0.927042	-0.476180	-0.091943
0.920000	-0.418476	-0.328890	-0.156628	0.926392	-0.476030	-0.093651
0.940000	-0.417386	-0.333317	-0.151887	0.925881	-0.475960	-0.095342
0.960000	-0.414056	-0.336146	-0.146728	0.925487	-0.475960	-0.097000
0.980000	-0.408763	-0.337343	-0.141218	0.925189	-0.476020	-0.098607
1.000000	-0.401785	-0.336873	-0.135424	0.924967	-0.476128	-0.100144
1.020000	-0.393400	-0.334702	-0.129415	0.924799	-0.476275	-0.101595
1.040000	-0.383884	-0.330795	-0.123259	0.924663	-0.476450	-0.102941
1.060000	-0.373515	-0.325119	-0.117023	0.924540	-0.476641	-0.104164
1.080000	-0.362571	-0.317638	-0.110775	0.924407	-0.476840	-0.105246
1.100000	-0.351329	-0.308319	-0.104584	0.924244	-0.477035	-0.106171
1.120000	-0.340067	-0.297126	-0.098516	0.924029	-0.477215	-0.106919
1.140000	-0.329062	-0.284026	-0.092640	0.923743	-0.477371	-0.107473
1.160000	-0.318592	-0.268984	-0.087024	0.923362	-0.477491	-0.107816
1.180000	-0.308928	-0.251969	-0.081734	0.922868	-0.477565	-0.107930
1.200000	-0.300171	-0.233082	-0.076791	0.922258	-0.477589	-0.107811
1.220000	-0.292217	-0.212579	-0.072162	0.921555	-0.477566	-0.107471
1.240000	-0.284946	-0.190726	-0.067810	0.920784	-0.477501	-0.106923
1.260000	-0.278242	-0.167788	-0.063698	0.919966	-0.477396	-0.106180
1.280000	-0.271986	-0.144032	-0.059791	0.919126	-0.477255	-0.105255
1.300000	-0.266061	-0.119724	-0.056050	0.918288	-0.477082	-0.104161
1.320000	-0.260350	-0.095128	-0.052441	0.917475	-0.476880	-0.102912
1.340000	-0.254735	-0.070511	-0.048925	0.916711	-0.476654	-0.101520
1.360000	-0.249098	-0.046139	-0.045467	0.916018	-0.476406	-0.099998
1.380000	-0.243322	-0.022278	-0.042029	0.915422	-0.476141	-0.098360
1.400000	-0.237288	0.000808	-0.038576	0.914945	-0.475862	-0.096618
1.420000	-0.230879	0.022852	-0.035070	0.914611	-0.475573	-0.094786
1.440000	-0.223979	0.043588	-0.031475	0.914443	-0.475277	-0.092876
1.460000	-0.216468	0.062750	-0.027754	0.914466	-0.474979	-0.090902
1.480000	-0.208229	0.080073	-0.023872	0.914703	-0.474681	-0.088877
1.500000	-0.199174	0.095329	-0.019799	0.915173	-0.474388	-0.086813
1.520000	-0.189465	0.108610	-0.015594	0.915864	-0.474105	-0.084722
1.540000	-0.179386	0.120169	-0.011352	0.916746	-0.473837	-0.082616
1.560000	-0.169227	0.130262	-0.007173	0.917791	-0.473592	-0.080505
1.580000	-0.159275	0.139144	-0.003152	0.918969	-0.473375	-0.078402
1.600000	-0.149818	0.147069	0.000610	0.920251	-0.473192	-0.076317
1.620000	-0.141142	0.154293	0.004018	0.921607	-0.473049	-0.074261
1.640000	-0.133536	0.161070	0.006973	0.923009	-0.472952	-0.072246
1.660000	-0.127288	0.167656	0.009377	0.924427	-0.472908	-0.070283
1.680000	-0.122684	0.174306	0.011132	0.925832	-0.472922	-0.068383
1.700000	-0.120013	0.181274	0.012141	0.927194	-0.473001	-0.066557
1.720000	-0.119563	0.188816	0.012306	0.928484	-0.473150	-0.064817
1.740000	-0.121620	0.197186	0.011529	0.929674	-0.473376	-0.063174
1.760000	-0.126473	0.206640	0.009713	0.930733	-0.473684	-0.061638
1.780000	-0.134409	0.217433	0.006759	0.931633	-0.474081	-0.060222
1.800000	-0.145715	0.229819	0.002570	0.932343	-0.474572	-0.058936
1.820000	-0.160663	0.244037	-0.002948	0.932837	-0.475164	-0.057792
1.840000	-0.179127	0.259932	-0.009786	0.933109	-0.475853	-0.056795
1.860000	-0.200589	0.276962	-0.017835	0.933177	-0.476624	-0.055949
1.880000	-0.224518	0.294568	-0.026980	0.933060	-0.477465	-0.055254
1.900000	-0.250380	0.312192	-0.037110	0.932778	-0.478362	-0.054712
1.920000	-0.277640	0.329275	-0.048109	0.932349	-0.479300	-0.054324
1.940000	-0.305767	0.345257	-0.059865	0.931793	-0.480266	-0.054094
1.960000	-0.334225	0.359581	-0.072263	0.931128	-0.481246	-0.054021
1.980000	-0.362483	0.371688	-0.085190	0.930374	-0.482227	-0.054109
2.000000	-0.390006	0.381018	-0.098533	0.929551	-0.483194	-0.054358
2.020000	-0.416262	0.387013	-0.112178	0.928676	-0.484134	-0.054770
2.040000	-0.440716	0.389114	-0.126011	0.927770	-0.485034	-0.055347
2.060000	-0.462836	0.386762	-0.139919	0.926851	-0.485878	-0.056091
2.080000	-0.482088	0.379399	-0.153788	0.925939	-0.486654	-0.057004
2.100000	-0.497938	0.366465	-0.167504	0.925052	-0.487348	-0.058086
2.120000	-0.509854	0.347403	-0.180954	0.924210	-0.487946	-0.059340
2.140000	-0.517385	0.321799	-0.194020	0.923429	-0.488437	-0.060764
2.160000	-0.520643	0.290226	-0.206562	0.922716	-0.488826	-0.062338
2.180000	-0.519971	0.253662	-0.218428	0.922067	-0.489129	-0.064030
2.200000	-0.515711	0.213086	-0.229468	0.921484	-0.489357	-0.065812
2.220000	-0.508208	0.169477	-0.239529	0.920964	-0.489526	-0.067653
2.240000	-0.497805	0.123814	-0.248461	0.920507	-0.489647	-0.069524
2.260000	-0.484845	0.077076	-0.256113	0.920113	-0.489736	-0.071395
2.280000	-0.469672	0.030242	-0.262333	0.919779	-0.489805	-0.073237
2.300000	-0.452629	-0.015709	-0.266971	0.919506	-0.489868	-0.075018
2.320000	-0.434059	-0.059797	-0.269875	0.919292	-0.489938	-0.076710
2.340000	-0.414306	-0.101044	-0.270894	0.919137	-0.490030	-0.078283
2.360000	-0.393714	-0.138471	-0.269877	0.919040	-0.490157	-0.079707
2.380000	-0.372625	-0.171098	-0.266672	0.919000	-0.490331	-0.080952
2.400000	-0.351384	-0.197946	-0.261130	0.919016	-0.490568	-0.081988
2.420000	-0.330333	-0.218036	-0.253097	0.919087	-0.490879	-0.082786
2.440000	-0.309816	-0.230391	-0.242425	0.919213	-0.491280	-0.083316
2.460000	-0.290119	-0.234453	-0.229108	0.919389	-0.491775	-0.083564
2.480000	-0.271379	-0.230729	-0.213511	0.919604	-0.492347	-0.083559
2.500000	-0.253714	-0.219889	-0.196058	0.919846	-0.492978	-0.083334
2.520000	-0.237240	-0.202605	-0.177170	0.920102	-0.493647	-0.082925
2.540000	-0.222073	-0.179548	-0.157271	0.920360	-0.494336	-0.082366
2.560000	-0.208329	-0.151389	-0.136782	0.920607	-0.495025	-0.081691
2.580000	-0.196125	-0.118798	-0.116127	0.920831	-0.495694	-0.080934
2.600000	-0.185576	-0.082449	-0.095728	0.921019	-0.496323	-0.080131
2.620000	-0.176800	-0.043010	-0.076007	0.921159	-0.496894	-0.079315
2.640000	-0.169913	-0.001154	-0.057388	0.921238	-0.497387	-0.078522
2.660000	-0.165030	0.042448	-0.040292	0.921244	-0.497782	-0.077785
2.680000	-0.162268	0.087126	-0.025143	0.921164	-0.498059	-0.077138
2.700000	-0.161744	0.132208	-0.012363	0.920986	-0.498200	-0.076618
2.720000	-0.163573	0.177022	-0.002374	0.920698	-0.498185	-0.076257
2.740000	-0.167873	0.220899	0.004400	0.920286	-0.497994	-0.076090
2.760000	-0.174758	0.263166	0.007538	0.919739	-0.497607	-0.076152
2.780000	-0.184288	0.303223	0.006722	0.919048	-0.497012	-0.076469
2.800000	-0.196203	0.340849	0.002197	0.918230	-0.496225	-0.077019
2.820000	-0.210142	0.375950	-0.005600	0.917311	-0.495275	-0.077765
2.840000	-0.225740	0.408431	-0.016236	0.916316	-0.494190	-0.078671
2.860000	-0.242634	0.438197	-0.029276	0.915268	-0.492997	-0.079699
2.880000	-0.260462	0.465155	-0.044285	0.914195	-0.491724	-0.080813
2.900000	-0.278861	0.489209	-0.060828	0.913120	-0.490401	-0.081976
2.920000	-0.297466	0.510266	-0.078470	0.912068	-0.489053	-0.083151
2.940000	-0.315915	0.528231	-0.096776	0.911066	-0.487711	-0.084301
2.960000	-0.333845	0.543009	-0.115313	0.910137	-0.486400	-0.085389
2.980000	-0.350892	0.554506	-0.133644	0.909308	-0.485151	-0.086378
3.000000	-0.366693	0.562628	-0.151335	0.908602	-0.483990	-0.087232
3.020000	-0.380886	0.567280	-0.167952	0.908046	-0.482945	-0.087913
3.040000	-0.393107	0.568368	-0.183059	0.907664	-0.482045	-0.088385
3.060000	-0.402992	0.565798	-0.196222	0.907481	-0.481318	-0.088611
3.080000	-0.410235	0.559517	-0.207056	0.907518	-0.480787	-0.088559
3.100000	-0.414933	0.549779	-0.215538	0.907770	-0.480443	-0.088240
3.120000	-0.417358	0.536971	-0.221800	0.908218	-0.480265	-0.087682
3.140000	-0.417785	0.521479	-0.225978	0.908844	-0.480230	-0.086913
3.160000	-0.416486	0.503692	-0.228205	0.909628	-0.480315	-0.085962
3.180000	-0.413736	0.483997	-0.228616	0.910554	-0.480499	-0.084855
3.200000	-0.409808	0.462780	-0.227344	0.911603	-0.480759	-0.083623
3.220000	-0.404975	0.440428	-0.224525	0.912756	-0.481073	-0.082292
3.240000	-0.399512	0.417331	-0.220291	0.913995	-0.481418	-0.080891
3.260000	-0.393692	0.393873	-0.214778	0.915301	-0.481773	-0.079449
3.280000	-0.387788	0.370443	-0.208120	0.916657	-0.482114	-0.077993
