0.000000	-0.169025	-0.205038	0.559959	0.919418	-0.527025	-0.080765
0.020000	-0.180715	-0.270551	0.581908	0.916690	-0.528907	-0.080275
0.040000	-0.195284	-0.342063	0.597817	0.913484	-0.531281	-0.079696
0.060000	-0.212958	-0.417988	0.607963	0.909870	-0.534088	-0.079063
0.080000	-0.233966	-0.496738	0.612624	0.905919	-0.537269	-0.078410
0.100000	-0.258534	-0.576728	0.612075	0.901702	-0.540762	-0.077772
0.120000	-0.286889	-0.656371	0.606594	0.897289	-0.544510	-0.077184
0.140000	-0.319259	-0.734080	0.596457	0.892749	-0.548451	-0.076680
0.160000	-0.355872	-0.808270	0.581941	0.888155	-0.552527	-0.076295
0.180000	-0.396953	-0.877354	0.563323	0.883576	-0.556677	-0.076063
0.200000	-0.442731	-0.939745	0.540879	0.879083	-0.560841	-0.076019
0.220000	-0.493433	-0.993857	0.514888	0.874746	-0.564961	-0.076198
0.240000	-0.549285	-1.038105	0.485624	0.870636	-0.568976	-0.076635
0.260000	-0.610516	-1.070900	0.453365	0.866823	-0.572827	-0.077363
0.280000	-0.677352	-1.090658	0.418389	0.863377	-0.576454	-0.078418
0.300000	-0.750020	-1.095791	0.380970	0.860370	-0.579797	-0.079834
0.320000	-0.828733	-1.084756	0.341382	0.857870	-0.582797	-0.081645
0.340000	-0.913200	-1.057391	0.299714	0.855889	-0.585433	-0.083843
0.360000	-1.002532	-1.015177	0.255846	0.854373	-0.587727	-0.086375
0.380000	-1.095805	-0.959693	0.209641	0.853262	-0.589702	-0.089183
0.400000	-1.192096	-0.892517	0.160964	0.852500	-0.591383	-0.092209
0.420000	-1.290482	-0.815227	0.109681	0.852026	-0.592793	-0.095396
0.440000	-1.390039	-0.729400	0.055657	0.851782	-0.593958	-0.098687
0.460000	-1.489844	-0.636616	-0.001244	0.851710	-0.594902	-0.102025
0.480000	-1.588973	-0.538452	-0.061157	0.851752	-0.595648	-0.105351
0.500000	-1.686502	-0.436486	-0.124216	0.851848	-0.596221	-0.108609
0.520000	-1.781507	-0.332297	-0.190557	0.851940	-0.596645	-0.111742
0.540000	-1.873067	-0.227462	-0.260315	0.851969	-0.596945	-0.114691
0.560000	-1.960256	-0.123561	-0.333624	0.851878	-0.597144	-0.117400
0.580000	-2.042151	-0.022170	-0.410621	0.851606	-0.597267	-0.119811
0.600000	-2.117830	0.075132	-0.491439	0.851097	-0.597337	-0.121868
0.620000	-2.186367	0.166767	-0.576215	0.850290	-0.597380	-0.123511
0.640000	-2.246842	0.251159	-0.665082	0.849128	-0.597420	-0.124685
0.660000	-2.298709	0.327447	-0.757963	0.847592	-0.597461	-0.125367
0.680000	-2.342317	0.396460	-0.854283	0.845752	-0.597461	-0.125619
0.700000	-2.378142	0.459271	-0.953392	0.843694	-0.597373	-0.125515
0.720000	-2.406662	0.516954	-1.054643	0.841504	-0.597149	-0.125129
0.740000	-2.428355	0.570581	-1.157387	0.839267	-0.596740	-0.124534
0.760000	-2.443697	0.621226	-1.260975	0.837068	-0.596100	-0.123804
0.780000	-2.453165	0.669963	-1.364759	0.834992	-0.595179	-0.123013
0.800000	-2.457238	0.717864	-1.468090	0.833125	-0.593930	-0.122234
0.820000	-2.456392	0.766003	-1.570321	0.831552	-0.592305	-0.121542
0.840000	-2.451105	0.815453	-1.670802	0.830357	-0.590256	-0.121010
0.860000	-2.441853	0.867287	-1.768885	0.829628	-0.587735	-0.120712
0.880000	-2.429114	0.922579	-1.863922	0.829447	-0.584694	-0.120722
0.900000	-2.413366	0.982402	-1.955264	0.829902	-0.581084	-0.121113
0.920000	-2.395085	1.047829	-2.042262	0.831077	-0.576859	-0.121960
0.940000	-2.374749	1.119933	-2.124269	0.833057	-0.571969	-0.123336
0.960000	-2.352835	1.199788	-2.200636	0.835929	-0.566367	-0.125314
0.980000	-2.329627	1.288020	-2.270768	0.839750	-0.560023	-0.127945
1.000000	-2.304436	1.383019	-2.334348	0.844451	-0.552996	-0.131161
1.020000	-2.276269	1.482472	-2.391141	0.849922	-0.545373	-0.134856
1.040000	-2.244135	1.584069	-2.440914	0.856051	-0.537239	-0.138924
1.060000	-2.207042	1.685498	-2.483433	0.862729	-0.528684	-0.143260
1.080000	-2.163997	1.784449	-2.518465	0.869845	-0.519792	-0.147758
1.100000	-2.114008	1.878610	-2.545777	0.877288	-0.510652	-0.152313
1.120000	-2.056082	1.965671	-2.565136	0.884947	-0.501350	-0.156820
1.140000	-1.989228	2.043318	-2.576307	0.892712	-0.491972	-0.161172
1.160000	-1.912454	2.109243	-2.579057	0.900473	-0.482606	-0.165265
1.180000	-1.824766	2.161133	-2.573153	0.908118	-0.473339	-0.168992
1.200000	-1.725174	2.196677	-2.558361	0.915538	-0.464258	-0.172249
1.220000	-1.612684	2.213565	-2.534449	0.922621	-0.455449	-0.174929
1.240000	-1.486304	2.209484	-2.501182	0.929257	-0.446999	-0.176928
1.260000	-1.345043	2.182124	-2.458327	0.935336	-0.438995	-0.178139
1.280000	-1.187917	2.129189	-2.405655	0.940746	-0.431524	-0.178458
1.300000	-1.015059	2.050196	-2.343358	0.945435	-0.424628	-0.177843
1.320000	-0.828762	1.948171	-2.272452	0.949457	-0.418265	-0.176380
1.340000	-0.631562	1.826536	-2.194041	0.952877	-0.412384	-0.174165
1.360000	-0.425997	1.688718	-2.109235	0.955763	-0.406931	-0.171297
1.380000	-0.214604	1.538141	-2.019139	0.958181	-0.401857	-0.167874
1.400000	0.000077	1.378229	-1.924861	0.960197	-0.397107	-0.163994
1.420000	0.215511	1.212407	-1.827507	0.961879	-0.392632	-0.159754
1.440000	0.429159	1.044100	-1.728184	0.963292	-0.388378	-0.155252
1.460000	0.638483	0.876733	-1.628000	0.964503	-0.384293	-0.150588
1.480000	0.840947	0.713730	-1.528062	0.965579	-0.380327	-0.145857
1.500000	1.034012	0.558516	-1.429476	0.966587	-0.376427	-0.141160
1.520000	1.215140	0.414515	-1.333349	0.967592	-0.372541	-0.136592
1.540000	1.381795	0.285153	-1.240789	0.968661	-0.368618	-0.132254
1.560000	1.531438	0.173854	-1.152902	0.969861	-0.364605	-0.128241
1.580000	1.661532	0.084042	-1.070795	0.971259	-0.360450	-0.124653
1.600000	1.769650	0.018945	-0.995512	0.972917	-0.356105	-0.121583
1.620000	1.855183	-0.021450	-0.927045	0.974829	-0.351583	-0.119048
1.640000	1.919003	-0.039793	-0.864531	0.976936	-0.346942	-0.117002
1.660000	1.962023	-0.038812	-0.807083	0.979177	-0.342246	-0.115400
1.680000	1.985160	-0.021234	-0.753814	0.981489	-0.337555	-0.114195
1.700000	1.989328	0.010213	-0.703835	0.983810	-0.332931	-0.113340
1.720000	1.975441	0.052803	-0.656260	0.986081	-0.328436	-0.112788
1.740000	1.944414	0.103806	-0.610201	0.988238	-0.324132	-0.112492
1.760000	1.897162	0.160495	-0.564771	0.990220	-0.320080	-0.112407
1.780000	1.834599	0.220144	-0.519081	0.991965	-0.316343	-0.112485
1.800000	1.757641	0.280024	-0.472245	0.993413	-0.312981	-0.112680
1.820000	1.667202	0.337408	-0.423375	0.994501	-0.310057	-0.112944
1.840000	1.564197	0.389569	-0.371584	0.995167	-0.307632	-0.113233
1.860000	1.449540	0.433778	-0.315983	0.995351	-0.305768	-0.113497
1.880000	1.324146	0.467308	-0.255686	0.994990	-0.304527	-0.113692
1.900000	1.188931	0.487431	-0.189805	0.994022	-0.303970	-0.113770
1.920000	1.044918	0.491959	-0.117705	0.992405	-0.304147	-0.113692
1.940000	0.893717	0.481563	-0.040097	0.990190	-0.305040	-0.113454
1.960000	0.737132	0.457868	0.041860	0.987460	-0.306609	-0.113068
1.980000	0.576968	0.422500	0.127008	0.984299	-0.308814	-0.112541
2.000000	0.415027	0.377082	0.214188	0.980790	-0.311616	-0.111886
2.020000	0.253116	0.323241	0.302241	0.977017	-0.314974	-0.111110
2.040000	0.093037	0.262600	0.390009	0.973063	-0.318850	-0.110224
2.060000	-0.063406	0.196786	0.476333	0.969012	-0.323202	-0.109237
2.080000	-0.214407	0.127422	0.560055	0.964947	-0.327992	-0.108160
2.100000	-0.358164	0.056134	0.640017	0.960952	-0.333180	-0.107001
2.120000	-0.492872	-0.015454	0.715058	0.957109	-0.338725	-0.105772
2.140000	-0.616726	-0.085716	0.784022	0.953503	-0.344587	-0.104480
2.160000	-0.727924	-0.153027	0.845749	0.950217	-0.350728	-0.103137
2.180000	-0.824660	-0.215764	0.899081	0.947335	-0.357107	-0.101752
2.200000	-0.905130	-0.272300	0.942858	0.944940	-0.363685	-0.100335
2.220000	-0.967532	-0.321011	0.975924	0.943115	-0.370421	-0.098895
2.240000	-1.010233	-0.360372	0.997217	0.941936	-0.377275	-0.097442
2.260000	-1.033737	-0.390087	1.006897	0.941397	-0.384205	-0.095984
2.280000	-1.039986	-0.410689	1.005942	0.941429	-0.391165	-0.094529
2.300000	-1.030947	-0.422725	0.995348	0.941967	-0.398111	-0.093083
2.320000	-1.008587	-0.426744	0.976108	0.942944	-0.404997	-0.091653
2.340000	-0.974874	-0.423292	0.949217	0.944291	-0.411778	-0.090247
2.360000	-0.931776	-0.412918	0.915670	0.945944	-0.418409	-0.088871
2.380000	-0.881259	-0.396169	0.876459	0.947833	-0.424845	-0.087534
2.400000	-0.825292	-0.373592	0.832580	0.949893	-0.431041	-0.086240
2.420000	-0.765842	-0.345737	0.785027	0.952056	-0.436952	-0.084999
2.440000	-0.704876	-0.313149	0.734795	0.954256	-0.442532	-0.083817
2.460000	-0.644361	-0.276378	0.682877	0.956425	-0.447737	-0.082700
2.480000	-0.586267	-0.235970	0.630268	0.958496	-0.452522	-0.081657
2.500000	-0.532559	-0.192474	0.577963	0.960403	-0.456841	-0.080694
2.520000	-0.485205	-0.146436	0.526955	0.962078	-0.460649	-0.079818
2.540000	-0.446174	-0.098406	0.478239	0.963454	-0.463902	-0.079036
2.560000	-0.417399	-0.048927	0.432797	0.964465	-0.466555	-0.078356
2.580000	-0.399526	0.001582	0.391092	0.965085	-0.468603	-0.077775
2.600000	-0.391510	0.052864	0.352911	0.965336	-0.470096	-0.077280
2.620000	-0.392190	0.104674	0.317996	0.965246	-0.471083	-0.076858
2.640000	-0.400407	0.156768	0.286088	0.964841	-0.471616	-0.076494
2.660000	-0.415003	0.208901	0.256927	0.964148	-0.471747	-0.076175
2.680000	-0.434816	0.260829	0.230256	0.963195	-0.471527	-0.075887
2.700000	-0.458689	0.312306	0.205815	0.962008	-0.471008	-0.075617
2.720000	-0.485460	0.363088	0.183346	0.960615	-0.470239	-0.075349
2.740000	-0.513972	0.412931	0.162588	0.959042	-0.469274	-0.075071
2.760000	-0.543063	0.461588	0.143285	0.957316	-0.468163	-0.074769
2.780000	-0.571575	0.508817	0.125177	0.955464	-0.466957	-0.074428
2.800000	-0.598349	0.554371	0.108004	0.953513	-0.465709	-0.074035
2.820000	-0.622224	0.598007	0.091509	0.951491	-0.464468	-0.073576
2.840000	-0.642041	0.639479	0.075432	0.949423	-0.463287	-0.073037
2.860000	-0.656640	0.678543	0.059514	0.947338	-0.462216	-0.072405
2.880000	-0.664863	0.714953	0.043498	0.945262	-0.461308	-0.071665
2.900000	-0.666025	0.748456	0.027232	0.943219	-0.460594	-0.070811
2.920000	-0.660678	0.778773	0.010853	0.941231	-0.460058	-0.069858
