0.000000	0.115427	-0.169465	-0.216315	0.920137	-0.531526	-0.068937
0.020000	0.097289	-0.177398	-0.212823	0.920427	-0.531424	-0.067837
0.040000	0.076181	-0.183499	-0.209175	0.920626	-0.531284	-0.066802
0.060000	0.052408	-0.187770	-0.205467	0.920730	-0.531118	-0.065839
0.080000	0.026275	-0.190211	-0.201793	0.920738	-0.530936	-0.064956
0.100000	-0.001910	-0.190824	-0.198246	0.920645	-0.530750	-0.064159
0.120000	-0.031848	-0.189644	-0.194910	0.920450	-0.530568	-0.063457
0.140000	-0.063254	-0.186819	-0.191832	0.920155	-0.530393	-0.062861
0.160000	-0.095848	-0.182520	-0.189049	0.919768	-0.530225	-0.062383
0.180000	-0.129348	-0.176917	-0.186602	0.919291	-0.530065	-0.062037
0.200000	-0.163474	-0.170181	-0.184529	0.918730	-0.529911	-0.061836
0.220000	-0.197946	-0.162482	-0.182868	0.918091	-0.529766	-0.061792
0.240000	-0.232482	-0.153991	-0.181659	0.917377	-0.529629	-0.061917
0.260000	-0.266802	-0.144880	-0.180940	0.916594	-0.529500	-0.062225
0.280000	-0.300624	-0.135317	-0.180751	0.915747	-0.529380	-0.062729
0.300000	-0.333669	-0.125475	-0.181130	0.914840	-0.529270	-0.063440
0.320000	-0.365656	-0.115524	-0.182116	0.913878	-0.529169	-0.064372
0.340000	-0.396303	-0.105633	-0.183748	0.912867	-0.529077	-0.065538
0.360000	-0.425330	-0.095975	-0.186065	0.911812	-0.528996	-0.066950
0.380000	-0.452456	-0.086720	-0.189106	0.910716	-0.528925	-0.068621
0.400000	-0.477401	-0.078037	-0.192909	0.909585	-0.528865	-0.070563
0.420000	-0.499884	-0.070099	-0.197514	0.908425	-0.528817	-0.072790
0.440000	-0.519655	-0.063060	-0.202942	0.907239	-0.528779	-0.075308
0.460000	-0.536696	-0.056960	-0.209100	0.906036	-0.528751	-0.078074
0.480000	-0.551085	-0.051792	-0.215840	0.904824	-0.528729	-0.081027
0.500000	-0.562900	-0.047548	-0.223018	0.903611	-0.528712	-0.084104
0.520000	-0.572223	-0.044219	-0.230486	0.902406	-0.528697	-0.087243
0.540000	-0.579131	-0.041798	-0.238100	0.901217	-0.528680	-0.090381
0.560000	-0.583705	-0.040276	-0.245712	0.900053	-0.528661	-0.093456
0.580000	-0.586023	-0.039645	-0.253177	0.898921	-0.528636	-0.096406
0.600000	-0.586166	-0.039897	-0.260349	0.897831	-0.528602	-0.099169
0.620000	-0.584212	-0.041024	-0.267082	0.896791	-0.528557	-0.101681
0.640000	-0.580241	-0.043018	-0.273229	0.895808	-0.528498	-0.103881
0.660000	-0.574331	-0.045870	-0.278646	0.894892	-0.528424	-0.105706
0.680000	-0.566564	-0.049572	-0.283185	0.894051	-0.528331	-0.107094
0.700000	-0.557017	-0.054116	-0.286700	0.893294	-0.528216	-0.107983
0.720000	-0.545770	-0.059494	-0.289047	0.892628	-0.528078	-0.108310
0.740000	-0.532903	-0.065698	-0.290078	0.892062	-0.527914	-0.108013
0.760000	-0.518499	-0.072711	-0.289655	0.891604	-0.527721	-0.107033
0.780000	-0.502708	-0.080365	-0.287786	0.891256	-0.527500	-0.105392
0.800000	-0.485738	-0.088362	-0.284598	0.891014	-0.527256	-0.103178
0.820000	-0.467798	-0.096399	-0.280227	0.890873	-0.526993	-0.100481
0.840000	-0.449099	-0.104175	-0.274806	0.890831	-0.526716	-0.097391
0.860000	-0.429851	-0.111387	-0.268468	0.890882	-0.526428	-0.093999
0.880000	-0.410263	-0.117732	-0.261347	0.891023	-0.526135	-0.090396
0.900000	-0.390546	-0.122908	-0.253578	0.891249	-0.525840	-0.086671
0.920000	-0.370909	-0.126613	-0.245294	0.891558	-0.525547	-0.082915
0.940000	-0.351562	-0.128545	-0.236628	0.891943	-0.525262	-0.079219
0.960000	-0.332715	-0.128400	-0.227714	0.892402	-0.524988	-0.075673
0.980000	-0.314578	-0.125878	-0.218687	0.892931	-0.524730	-0.072367
1.000000	-0.297360	-0.120674	-0.209680	0.893525	-0.524492	-0.069392
1.020000	-0.281273	-0.112488	-0.200826	0.894181	-0.524278	-0.066839
1.040000	-0.266524	-0.101016	-0.192260	0.894894	-0.524093	-0.064796
1.060000	-0.253325	-0.085956	-0.184115	0.895660	-0.523941	-0.063356
1.080000	-0.241836	-0.067141	-0.176508	0.896474	-0.523826	-0.062590
1.100000	-0.231932	-0.045169	-0.169459	0.897326	-0.523748	-0.062464
1.120000	-0.223392	-0.020905	-0.162956	0.898200	-0.523708	-0.062910
1.140000	-0.215992	0.004783	-0.156985	0.899084	-0.523705	-0.063858
1.160000	-0.209509	0.031028	-0.151534	0.899964	-0.523739	-0.065237
1.180000	-0.203720	0.056962	-0.146588	0.900826	-0.523809	-0.066977
1.200000	-0.198401	0.081719	-0.142134	0.901657	-0.523916	-0.069010
1.220000	-0.193331	0.104432	-0.138160	0.902444	-0.524058	-0.071264
1.240000	-0.188285	0.124232	-0.134652	0.903172	-0.524237	-0.073671
1.260000	-0.183041	0.140254	-0.131597	0.903828	-0.524450	-0.076160
1.280000	-0.177376	0.151630	-0.128982	0.904398	-0.524699	-0.078661
1.300000	-0.171066	0.157493	-0.126793	0.904869	-0.524982	-0.081106
1.320000	-0.163889	0.156975	-0.125018	0.905228	-0.525300	-0.083422
1.340000	-0.155621	0.149211	-0.123642	0.905460	-0.525652	-0.085542
1.360000	-0.146039	0.133331	-0.122653	0.905552	-0.526039	-0.087395
1.380000	-0.134922	0.108474	-0.122038	0.905491	-0.526459	-0.088911
1.400000	-0.122189	0.074462	-0.121771	0.905272	-0.526908	-0.090050
1.420000	-0.108070	0.032605	-0.121799	0.904912	-0.527375	-0.090832
1.440000	-0.092836	-0.015592	-0.122069	0.904429	-0.527846	-0.091287
1.460000	-0.076756	-0.068627	-0.122523	0.903842	-0.528309	-0.091443
1.480000	-0.060101	-0.124995	-0.123107	0.903170	-0.528749	-0.091329
1.500000	-0.043142	-0.183193	-0.123765	0.902431	-0.529154	-0.090975
1.520000	-0.026147	-0.241716	-0.124441	0.901645	-0.529510	-0.090410
1.540000	-0.009387	-0.299061	-0.125081	0.900829	-0.529805	-0.089663
1.560000	0.006867	-0.353724	-0.125629	0.900004	-0.530024	-0.088763
1.580000	0.022346	-0.404201	-0.126029	0.899187	-0.530156	-0.087738
1.600000	0.036779	-0.448988	-0.126225	0.898398	-0.530186	-0.086619
1.620000	0.049896	-0.486581	-0.126163	0.897655	-0.530101	-0.085433
1.640000	0.061428	-0.515476	-0.125787	0.896977	-0.529889	-0.084211
1.660000	0.071103	-0.534171	-0.125042	0.896383	-0.529536	-0.082981
1.680000	0.078652	-0.541159	-0.123871	0.895891	-0.529028	-0.081773
1.700000	0.083805	-0.534939	-0.122220	0.895521	-0.528353	-0.080615
1.720000	0.086262	-0.514428	-0.120060	0.895286	-0.527504	-0.079531
1.740000	0.085589	-0.480466	-0.117488	0.895182	-0.526500	-0.078526
1.760000	0.081314	-0.434440	-0.114634	0.895196	-0.525371	-0.077595
1.780000	0.072963	-0.377737	-0.111630	0.895318	-0.524143	-0.076735
1.800000	0.060066	-0.311743	-0.108607	0.895537	-0.522846	-0.075944
1.820000	0.042150	-0.237846	-0.105697	0.895841	-0.521508	-0.075217
1.840000	0.018742	-0.157432	-0.103030	0.896219	-0.520156	-0.074552
1.860000	-0.010630	-0.071887	-0.100738	0.896659	-0.518819	-0.073946
1.880000	-0.046439	0.017400	-0.098952	0.897151	-0.517526	-0.073396
1.900000	-0.089155	0.109044	-0.097803	0.897684	-0.516304	-0.072898
1.920000	-0.139253	0.201658	-0.097424	0.898246	-0.515181	-0.072449
1.940000	-0.197203	0.293855	-0.097944	0.898826	-0.514186	-0.072046
1.960000	-0.263479	0.384247	-0.099496	0.899412	-0.513347	-0.071686
1.980000	-0.338553	0.471450	-0.102210	0.899994	-0.512692	-0.071365
2.000000	-0.422897	0.554074	-0.106218	0.900560	-0.512249	-0.071081
2.020000	-0.516681	0.630837	-0.111599	0.901098	-0.512043	-0.070831
2.040000	-0.618246	0.701072	-0.118116	0.901595	-0.512070	-0.070614
2.060000	-0.725249	0.764344	-0.125417	0.902034	-0.512317	-0.070433
2.080000	-0.835350	0.820219	-0.133147	0.902401	-0.512773	-0.070288
2.100000	-0.946203	0.868261	-0.140951	0.902680	-0.513423	-0.070180
2.120000	-1.055466	0.908037	-0.148477	0.902855	-0.514257	-0.070111
2.140000	-1.160796	0.939111	-0.155369	0.902911	-0.515260	-0.070082
2.160000	-1.259850	0.961050	-0.161274	0.902833	-0.516420	-0.070094
2.180000	-1.350285	0.973418	-0.165837	0.902606	-0.517725	-0.070148
2.200000	-1.429757	0.975781	-0.168705	0.902213	-0.519162	-0.070246
2.220000	-1.495924	0.967705	-0.169524	0.901640	-0.520718	-0.070389
2.240000	-1.546442	0.948754	-0.167939	0.900871	-0.522380	-0.070577
2.260000	-1.578969	0.918495	-0.163597	0.899890	-0.524135	-0.070812
2.280000	-1.591162	0.876492	-0.156142	0.898683	-0.525972	-0.071096
2.300000	-1.580676	0.822312	-0.145223	0.897234	-0.527877	-0.071428
2.320000	-1.545170	0.755519	-0.130483	0.895527	-0.529838	-0.071812
2.340000	-1.482300	0.675679	-0.111570	0.893547	-0.531841	-0.072247
2.360000	-1.389810	0.582379	-0.088145	0.891280	-0.533875	-0.072736
2.380000	-1.268023	0.475864	-0.060352	0.888750	-0.535923	-0.073281
2.400000	-1.120208	0.357125	-0.028883	0.886023	-0.537968	-0.073890
2.420000	-0.949796	0.227196	0.005538	0.883169	-0.539990	-0.074568
2.440000	-0.760216	0.087111	0.042189	0.880257	-0.541971	-0.075323
2.460000	-0.554898	-0.062096	0.080347	0.877357	-0.543893	-0.076162
2.480000	-0.337273	-0.219392	0.119289	0.874537	-0.545736	-0.077090
2.500000	-0.110770	-0.383744	0.158292	0.871867	-0.547483	-0.078115
2.520000	0.121180	-0.554117	0.196634	0.869416	-0.549114	-0.079243
2.540000	0.355148	-0.729478	0.233590	0.867254	-0.550612	-0.080480
2.560000	0.587703	-0.908794	0.268440	0.865450	-0.551957	-0.081835
2.580000	0.815415	-1.091030	0.300459	0.864072	-0.553131	-0.083312
2.600000	1.034854	-1.275153	0.328924	0.863191	-0.554115	-0.084919
2.620000	1.242590	-1.460130	0.353114	0.862876	-0.554891	-0.086663
2.640000	1.435193	-1.644927	0.372304	0.863195	-0.555439	-0.088550
2.660000	1.609251	-1.828494	0.385782	0.864218	-0.555743	-0.090586
2.680000	1.762248	-2.008960	0.393324	0.865945	-0.555802	-0.092761
2.700000	1.892982	-2.183251	0.395419	0.868285	-0.555643	-0.095041
2.720000	2.000352	-2.348202	0.392614	0.871135	-0.555297	-0.097388
2.740000	2.083258	-2.500646	0.385454	0.874394	-0.554792	-0.099766
2.760000	2.140601	-2.637415	0.374486	0.877963	-0.554158	-0.102139
2.780000	2.171279	-2.755343	0.360256	0.881738	-0.553425	-0.104470
2.800000	2.174192	-2.851263	0.343310	0.885621	-0.552621	-0.106722
2.820000	2.148242	-2.922008	0.324194	0.889509	-0.551778	-0.108858
2.840000	2.092327	-2.964410	0.303455	0.893301	-0.550923	-0.110843
2.860000	2.005348	-2.975304	0.281639	0.896896	-0.550088	-0.112638
2.880000	1.886204	-2.951522	0.259292	0.900194	-0.549300	-0.114209
2.900000	1.733796	-2.889897	0.236960	0.903093	-0.548590	-0.115518
2.920000	1.547023	-2.787263	0.215189	0.905493	-0.547988	-0.116528
2.940000	1.324785	-2.640452	0.194526	0.907291	-0.547522	-0.117203
2.960000	1.065982	-2.446298	0.175516	0.908388	-0.547222	-0.117506
2.980000	0.769516	-2.201635	0.158706	0.908682	-0.547118	-0.117401
3.000000	0.435921	-1.905630	0.144433	0.908118	-0.547226	-0.116874
3.020000	0.070556	-1.564329	0.132417	0.906780	-0.547522	-0.115975
3.040000	-0.320332	-1.185046	0.122264	0.904777	-0.547974	-0.114771
3.060000	-0.730498	-0.775094	0.113580	0.902216	-0.548550	-0.113324
3.080000	-1.153694	-0.341785	0.105971	0.899206	-0.549221	-0.111699
3.100000	-1.583677	0.107567	0.099045	0.895856	-0.549953	-0.109961
3.120000	-2.014199	0.565650	0.092408	0.892274	-0.550716	-0.108173
3.140000	-2.439014	1.025151	0.085665	0.888568	-0.551479	-0.106399
3.160000	-2.851876	1.478758	0.078424	0.884846	-0.552210	-0.104704
3.180000	-3.246541	1.919157	0.070291	0.881219	-0.552877	-0.103153
3.200000	-3.616760	2.339036	0.060872	0.877792	-0.553449	-0.101808
