0.000000	-0.267222	0.126640	-0.147338	0.932226	-0.511237	-0.103699
0.020000	-0.266881	0.141314	-0.151612	0.932771	-0.511019	-0.104572
0.040000	-0.269172	0.157768	-0.156222	0.933048	-0.510933	-0.105152
0.060000	-0.273947	0.175709	-0.161061	0.933059	-0.510979	-0.105439
0.080000	-0.280772	0.194694	-0.165990	0.932824	-0.511144	-0.105453
0.100000	-0.289212	0.214280	-0.170869	0.932363	-0.511419	-0.105215
0.120000	-0.298831	0.234025	-0.175560	0.931694	-0.511793	-0.104746
0.140000	-0.309195	0.253484	-0.179923	0.930836	-0.512254	-0.104069
0.160000	-0.319869	0.272217	-0.183819	0.929809	-0.512793	-0.103203
0.180000	-0.330417	0.289778	-0.187108	0.928632	-0.513398	-0.102170
0.200000	-0.340404	0.305726	-0.189653	0.927324	-0.514059	-0.100991
0.220000	-0.349396	0.319617	-0.191312	0.925904	-0.514766	-0.099687
0.240000	-0.356956	0.331009	-0.191949	0.924391	-0.515507	-0.098280
0.260000	-0.362650	0.339458	-0.191422	0.922805	-0.516271	-0.096790
0.280000	-0.366043	0.344522	-0.189593	0.921164	-0.517049	-0.095240
0.300000	-0.366700	0.345757	-0.186323	0.919488	-0.517829	-0.093649
0.320000	-0.364185	0.342720	-0.181472	0.917796	-0.518601	-0.092039
0.340000	-0.358063	0.334969	-0.174902	0.916107	-0.519354	-0.090431
0.360000	-0.348111	0.322271	-0.166575	0.914439	-0.520079	-0.088846
0.380000	-0.334745	0.305038	-0.156761	0.912803	-0.520768	-0.087304
0.400000	-0.318507	0.283803	-0.145791	0.911212	-0.521415	-0.085824
0.420000	-0.299937	0.259100	-0.133996	0.909677	-0.522016	-0.084425
0.440000	-0.279575	0.231463	-0.121704	0.908209	-0.522563	-0.083126
0.460000	-0.257961	0.201424	-0.109248	0.906819	-0.523051	-0.081948
0.480000	-0.235636	0.169518	-0.096955	0.905520	-0.523474	-0.080908
0.500000	-0.213140	0.136279	-0.085158	0.904321	-0.523825	-0.080027
0.520000	-0.191014	0.102239	-0.074185	0.903236	-0.524100	-0.079325
0.540000	-0.169798	0.067933	-0.064367	0.902275	-0.524291	-0.078819
0.560000	-0.150032	0.033894	-0.056034	0.901449	-0.524392	-0.078530
0.580000	-0.132257	0.000655	-0.049516	0.900770	-0.524399	-0.078477
0.600000	-0.117012	-0.031249	-0.045143	0.900250	-0.524304	-0.078679
0.620000	-0.104840	-0.061286	-0.043246	0.899899	-0.524102	-0.079156
0.640000	-0.096278	-0.088920	-0.044154	0.899730	-0.523787	-0.079926
0.660000	-0.091869	-0.113620	-0.048198	0.899753	-0.523353	-0.081010
0.680000	-0.092150	-0.134853	-0.055706	0.899981	-0.522794	-0.082427
0.700000	-0.097294	-0.152317	-0.066744	0.900410	-0.522111	-0.084173
0.720000	-0.106785	-0.166147	-0.080881	0.901018	-0.521319	-0.086206
0.740000	-0.120028	-0.176526	-0.097631	0.901776	-0.520437	-0.088477
0.760000	-0.136427	-0.183638	-0.116506	0.902656	-0.519481	-0.090938
0.780000	-0.155388	-0.187667	-0.137019	0.903630	-0.518469	-0.093540
0.800000	-0.176316	-0.188798	-0.158683	0.904672	-0.517417	-0.096236
0.820000	-0.198615	-0.187215	-0.181012	0.905753	-0.516343	-0.098976
0.840000	-0.221691	-0.183100	-0.203517	0.906845	-0.515264	-0.101714
0.860000	-0.244948	-0.176638	-0.225713	0.907922	-0.514198	-0.104400
0.880000	-0.267792	-0.168014	-0.247111	0.908955	-0.513160	-0.106986
0.900000	-0.289626	-0.157411	-0.267225	0.909916	-0.512169	-0.109424
0.920000	-0.309858	-0.145012	-0.285568	0.910778	-0.511242	-0.111666
0.940000	-0.327890	-0.131003	-0.301653	0.911513	-0.510396	-0.113663
0.960000	-0.343129	-0.115566	-0.314992	0.912093	-0.509648	-0.115368
0.980000	-0.354978	-0.098886	-0.325099	0.912492	-0.509015	-0.116731
1.000000	-0.362878	-0.081148	-0.331513	0.912682	-0.508513	-0.117708
1.020000	-0.366808	-0.062538	-0.334196	0.912664	-0.508143	-0.118296
1.040000	-0.367187	-0.043249	-0.333451	0.912458	-0.507888	-0.118530
1.060000	-0.364446	-0.023471	-0.329591	0.912085	-0.507736	-0.118444
1.080000	-0.359014	-0.003396	-0.322929	0.911568	-0.507671	-0.118073
1.100000	-0.351322	0.016785	-0.313778	0.910927	-0.507679	-0.117451
1.120000	-0.341800	0.036880	-0.302450	0.910183	-0.507745	-0.116613
1.140000	-0.330878	0.056699	-0.289258	0.909359	-0.507855	-0.115595
1.160000	-0.318987	0.076050	-0.274516	0.908474	-0.507994	-0.114429
1.180000	-0.306558	0.094741	-0.258534	0.907551	-0.508147	-0.113152
1.200000	-0.294019	0.112581	-0.241628	0.906612	-0.508300	-0.111798
1.220000	-0.281803	0.129380	-0.224108	0.905676	-0.508439	-0.110402
1.240000	-0.270338	0.144946	-0.206288	0.904766	-0.508548	-0.108997
1.260000	-0.260056	0.159087	-0.188482	0.903903	-0.508614	-0.107620
1.280000	-0.251386	0.171612	-0.171000	0.903108	-0.508621	-0.106304
1.300000	-0.244760	0.182330	-0.154157	0.902403	-0.508555	-0.105085
1.320000	-0.240531	0.191082	-0.138239	0.901804	-0.508405	-0.103991
1.340000	-0.238656	0.197882	-0.123395	0.901304	-0.508175	-0.103019
1.360000	-0.238961	0.202799	-0.109732	0.900891	-0.507877	-0.102156
1.380000	-0.241272	0.205902	-0.097352	0.900548	-0.507520	-0.101390
1.400000	-0.245414	0.207260	-0.086362	0.900261	-0.507116	-0.100707
1.420000	-0.251213	0.206943	-0.076865	0.900017	-0.506674	-0.100094
1.440000	-0.258496	0.205021	-0.068968	0.899800	-0.506205	-0.099538
1.460000	-0.267088	0.201562	-0.062774	0.899597	-0.505720	-0.099027
1.480000	-0.276815	0.196637	-0.058388	0.899393	-0.505229	-0.098546
1.500000	-0.287503	0.190314	-0.055916	0.899173	-0.504742	-0.098084
1.520000	-0.298977	0.182664	-0.055462	0.898923	-0.504271	-0.097626
1.540000	-0.311064	0.173754	-0.057131	0.898629	-0.503825	-0.097161
1.560000	-0.323589	0.163656	-0.061027	0.898277	-0.503415	-0.096675
1.580000	-0.336378	0.152437	-0.067256	0.897851	-0.503052	-0.096154
1.600000	-0.349258	0.140169	-0.075923	0.897338	-0.502745	-0.095587
1.620000	-0.362053	0.126919	-0.087132	0.896723	-0.502506	-0.094959
1.640000	-0.374547	0.112768	-0.100962	0.895993	-0.502345	-0.094260
1.660000	-0.385999	0.097933	-0.117188	0.895160	-0.502264	-0.093492
1.680000	-0.395322	0.082716	-0.135378	0.894248	-0.502262	-0.092669
1.700000	-0.401420	0.067424	-0.155098	0.893283	-0.502338	-0.091807
1.720000	-0.403199	0.052364	-0.175914	0.892291	-0.502491	-0.090917
1.740000	-0.399564	0.037841	-0.197392	0.891298	-0.502719	-0.090015
1.760000	-0.389423	0.024162	-0.219097	0.890330	-0.503020	-0.089114
1.780000	-0.371679	0.011632	-0.240595	0.889413	-0.503394	-0.088228
1.800000	-0.345238	0.000558	-0.261453	0.888571	-0.503838	-0.087371
1.820000	-0.309006	-0.008754	-0.281235	0.887832	-0.504352	-0.086558
1.840000	-0.261889	-0.015998	-0.299509	0.887221	-0.504934	-0.085802
1.860000	-0.202792	-0.020867	-0.315838	0.886763	-0.505583	-0.085117
1.880000	-0.130621	-0.023057	-0.329790	0.886485	-0.506296	-0.084516
1.900000	-0.044281	-0.022260	-0.340929	0.886412	-0.507074	-0.084015
1.920000	0.057322	-0.018171	-0.348823	0.886570	-0.507914	-0.083627
1.940000	0.175156	-0.010501	-0.353058	0.886984	-0.508815	-0.083365
1.960000	0.307972	0.000729	-0.353616	0.887650	-0.509768	-0.083227
1.980000	0.452639	0.015234	-0.350811	0.888542	-0.510762	-0.083199
2.000000	0.605966	0.032722	-0.344968	0.889634	-0.511784	-0.083267
2.020000	0.764762	0.052900	-0.336412	0.890898	-0.512821	-0.083415
2.040000	0.925835	0.075476	-0.325467	0.892309	-0.513860	-0.083630
2.060000	1.085996	0.100156	-0.312458	0.893838	-0.514889	-0.083896
2.080000	1.242051	0.126649	-0.297710	0.895460	-0.515894	-0.084199
2.100000	1.390812	0.154661	-0.281548	0.897148	-0.516862	-0.084524
2.120000	1.529085	0.183900	-0.264296	0.898874	-0.517782	-0.084856
2.140000	1.653681	0.214074	-0.246280	0.900612	-0.518641	-0.085181
2.160000	1.761408	0.244889	-0.227824	0.902335	-0.519425	-0.085485
2.180000	1.849075	0.276053	-0.209253	0.904017	-0.520121	-0.085752
2.200000	1.913491	0.307273	-0.190892	0.905630	-0.520718	-0.085968
2.220000	1.951465	0.338258	-0.173066	0.907148	-0.521202	-0.086118
2.240000	1.959805	0.368713	-0.156099	0.908544	-0.521561	-0.086188
2.260000	1.935356	0.398347	-0.140315	0.909791	-0.521781	-0.086163
2.280000	1.877412	0.426912	-0.125921	0.910876	-0.521861	-0.086034
2.300000	1.789339	0.454229	-0.112931	0.911805	-0.521817	-0.085801
2.320000	1.674882	0.480129	-0.101343	0.912587	-0.521664	-0.085466
2.340000	1.537788	0.504440	-0.091152	0.913232	-0.521421	-0.085031
2.360000	1.381801	0.526992	-0.082357	0.913749	-0.521103	-0.084496
2.380000	1.210669	0.547614	-0.074952	0.914147	-0.520729	-0.083862
2.400000	1.028138	0.566136	-0.068936	0.914434	-0.520314	-0.083132
2.420000	0.837953	0.582386	-0.064305	0.914620	-0.519877	-0.082307
2.440000	0.643861	0.596195	-0.061056	0.914715	-0.519433	-0.081387
2.460000	0.449607	0.607391	-0.059184	0.914726	-0.519000	-0.080374
2.480000	0.258938	0.615804	-0.058688	0.914663	-0.518595	-0.079270
2.500000	0.075600	0.621264	-0.059563	0.914535	-0.518235	-0.078076
2.520000	-0.096661	0.623599	-0.061807	0.914352	-0.517936	-0.076793
2.540000	-0.254098	0.622639	-0.065415	0.914122	-0.517716	-0.075422
2.560000	-0.392967	0.618214	-0.070386	0.913854	-0.517592	-0.073965
2.580000	-0.509521	0.610152	-0.076715	0.913558	-0.517581	-0.072424
2.600000	-0.601113	0.598386	-0.084352	0.913240	-0.517692	-0.070802
2.620000	-0.668835	0.583199	-0.093082	0.912903	-0.517917	-0.069118
2.640000	-0.714571	0.564946	-0.102660	0.912546	-0.518239	-0.067393
2.660000	-0.740206	0.543985	-0.112836	0.912171	-0.518643	-0.065645
2.680000	-0.747624	0.520673	-0.123364	0.911778	-0.519114	-0.063896
2.700000	-0.738709	0.495365	-0.133996	0.911366	-0.519638	-0.062166
2.720000	-0.715347	0.468418	-0.144483	0.910938	-0.520198	-0.060475
2.740000	-0.679422	0.440190	-0.154579	0.910492	-0.520779	-0.058843
2.760000	-0.632818	0.411036	-0.164036	0.910030	-0.521367	-0.057290
2.780000	-0.577421	0.381313	-0.172606	0.909551	-0.521946	-0.055838
2.800000	-0.515113	0.351379	-0.180042	0.909057	-0.522502	-0.054505
2.820000	-0.447781	0.321588	-0.186095	0.908547	-0.523018	-0.053313
2.840000	-0.377308	0.292299	-0.190519	0.908023	-0.523479	-0.052281
2.860000	-0.305579	0.263868	-0.193065	0.907484	-0.523871	-0.051429
2.880000	-0.234479	0.236651	-0.193486	0.906931	-0.524179	-0.050779
2.900000	-0.165892	0.211005	-0.191535	0.906365	-0.524386	-0.050350
2.920000	-0.101555	0.187243	-0.187019	0.905785	-0.524481	-0.050159
2.940000	-0.042116	0.165355	-0.180156	0.905194	-0.524466	-0.050195
2.960000	0.012265	0.145185	-0.171349	0.904592	-0.524353	-0.050433
