0.000000	-4.806929	-1.067306	1.117946	0.423702	-0.711782	-0.310000
0.020000	-4.628928	-1.055821	1.114428	0.437344	-0.738153	-0.321743
0.040000	-4.419634	-1.041115	1.108157	0.449807	-0.764800	-0.333912
0.060000	-4.178494	-1.023124	1.099350	0.460822	-0.791447	-0.346534
0.080000	-3.905757	-1.001758	1.088247	0.470182	-0.817841	-0.359613
0.100000	-3.604982	-0.976828	1.075169	0.477947	-0.843832	-0.373056
0.120000	-3.280586	-0.948120	1.060462	0.484244	-0.869293	-0.386742
0.140000	-2.936988	-0.915419	1.044470	0.489202	-0.894097	-0.400551
0.160000	-2.578604	-0.878510	1.027538	0.492947	-0.918120	-0.414364
0.180000	-2.209852	-0.837178	1.010011	0.495607	-0.941235	-0.428059
0.200000	-1.835149	-0.791209	0.992232	0.497310	-0.963316	-0.441517
0.220000	-1.458912	-0.740389	0.974547	0.498184	-0.984238	-0.454618
0.240000	-1.085560	-0.684502	0.957300	0.498357	-1.003875	-0.467242
0.260000	-0.719509	-0.623334	0.940835	0.497955	-1.022100	-0.479269
0.280000	-0.365176	-0.556671	0.925498	0.497106	-1.038788	-0.490578
0.300000	-0.026979	-0.484297	0.911633	0.495939	-1.053814	-0.501050
0.320000	0.290664	-0.405999	0.899585	0.494581	-1.067050	-0.510564
0.340000	0.583337	-0.321560	0.889697	0.493159	-1.078372	-0.519000
0.360000	0.846712	-0.230802	0.882292	0.491798	-1.087659	-0.526244
0.380000	1.078783	-0.134437	0.877085	0.490544	-1.094942	-0.532286
0.400000	1.280016	-0.034125	0.873147	0.489357	-1.100411	-0.537234
0.420000	1.450994	0.068424	0.869521	0.488195	-1.104265	-0.541203
0.440000	1.592302	0.171504	0.865245	0.487016	-1.106703	-0.544305
0.460000	1.704524	0.273407	0.859361	0.485776	-1.107922	-0.546653
0.480000	1.788246	0.372425	0.850910	0.484432	-1.108122	-0.548361
0.500000	1.844052	0.466850	0.838932	0.482942	-1.107500	-0.549542
0.520000	1.872526	0.554975	0.822467	0.481263	-1.106256	-0.550309
0.540000	1.874252	0.635092	0.800556	0.479353	-1.104587	-0.550775
0.560000	1.849816	0.705494	0.772240	0.477167	-1.102692	-0.551054
0.580000	1.799802	0.764473	0.736560	0.474665	-1.100770	-0.551259
0.600000	1.724794	0.810320	0.692555	0.471802	-1.099019	-0.551504
0.620000	1.625377	0.841329	0.639268	0.468536	-1.097637	-0.551901
0.640000	1.502136	0.855792	0.575737	0.464824	-1.096823	-0.552564
0.660000	1.355654	0.852000	0.501004	0.460624	-1.096776	-0.553605
0.680000	1.186517	0.828248	0.414110	0.455892	-1.097693	-0.555140
0.700000	0.995309	0.782826	0.314095	0.450586	-1.099774	-0.557279
0.720000	0.783649	0.715090	0.200620	0.444686	-1.103125	-0.560081
0.740000	0.556603	0.627939	0.075412	0.438248	-1.107550	-0.563413
0.760000	0.319951	0.525005	-0.059374	0.431345	-1.112789	-0.567103
0.780000	0.079477	0.409922	-0.201580	0.424049	-1.118581	-0.570979
0.800000	-0.159039	0.286324	-0.349051	0.416434	-1.124667	-0.574871
0.820000	-0.389815	0.157845	-0.499630	0.408570	-1.130787	-0.578606
0.840000	-0.607068	0.028119	-0.651161	0.400531	-1.136681	-0.582013
0.860000	-0.805018	-0.099220	-0.801487	0.392388	-1.142089	-0.584920
0.880000	-0.977882	-0.220539	-0.948453	0.384215	-1.146751	-0.587155
0.900000	-1.119879	-0.332204	-1.089902	0.376084	-1.150406	-0.588548
0.920000	-1.225227	-0.430581	-1.223678	0.368067	-1.152796	-0.588926
0.940000	-1.288144	-0.512037	-1.347625	0.360236	-1.153660	-0.588118
0.960000	-1.302849	-0.572937	-1.459585	0.352665	-1.152738	-0.585952
0.980000	-1.263559	-0.609647	-1.557404	0.345425	-1.149769	-0.582257
1.000000	-1.164494	-0.618534	-1.638924	0.338589	-1.144495	-0.576861
1.020000	-1.001850	-0.596889	-1.702540	0.332219	-1.136725	-0.569641
1.040000	-0.780537	-0.546064	-1.749070	0.326334	-1.126572	-0.560689
1.060000	-0.507857	-0.468532	-1.779996	0.320941	-1.114236	-0.550155
1.080000	-0.191115	-0.366765	-1.796803	0.316047	-1.099915	-0.538189
1.100000	0.162387	-0.243235	-1.800973	0.311660	-1.083807	-0.524941
1.120000	0.545345	-0.100413	-1.793991	0.307784	-1.066112	-0.510563
1.140000	0.950455	0.059228	-1.777340	0.304429	-1.047027	-0.495204
1.160000	1.370414	0.233217	-1.752503	0.301600	-1.026751	-0.479015
1.180000	1.797919	0.419083	-1.720964	0.299304	-1.005482	-0.462145
1.200000	2.225666	0.614352	-1.684206	0.297548	-0.983420	-0.444746
1.220000	2.646351	0.816553	-1.643713	0.296339	-0.960762	-0.426968
1.240000	3.052672	1.023215	-1.600969	0.295685	-0.937706	-0.408961
1.260000	3.437324	1.231865	-1.557456	0.295591	-0.914452	-0.390876
1.280000	3.793005	1.440032	-1.514659	0.296065	-0.891198	-0.372862
1.300000	4.112411	1.645243	-1.474060	0.297113	-0.868143	-0.355070
1.320000	4.388237	1.845028	-1.437144	0.298743	-0.845484	-0.337651
1.340000	4.613779	2.037004	-1.405255	0.300956	-0.823418	-0.320745
1.360000	4.788200	2.219689	-1.378372	0.303704	-0.802111	-0.304395
1.380000	4.913994	2.392106	-1.355701	0.306909	-0.781716	-0.288592
1.400000	4.993694	2.553284	-1.336438	0.310495	-0.762381	-0.273322
1.420000	5.029832	2.702256	-1.319779	0.314385	-0.744259	-0.258574
1.440000	5.024942	2.838049	-1.304919	0.318500	-0.727501	-0.244336
1.460000	4.981556	2.959696	-1.291056	0.322763	-0.712256	-0.230597
1.480000	4.902206	3.066224	-1.277385	0.327098	-0.698677	-0.217345
1.500000	4.789426	3.156666	-1.263103	0.331427	-0.686913	-0.204567
1.520000	4.645749	3.230050	-1.247405	0.335672	-0.677116	-0.192253
1.540000	4.473706	3.285408	-1.229488	0.339757	-0.669436	-0.180390
1.560000	4.275831	3.321768	-1.208547	0.343604	-0.664025	-0.168967
1.580000	4.054656	3.338162	-1.183780	0.347136	-0.661033	-0.157972
1.600000	3.812714	3.333618	-1.154381	0.350275	-0.660612	-0.147393
1.620000	3.552538	3.307168	-1.119548	0.352944	-0.662911	-0.137218
1.640000	3.276661	3.257842	-1.078476	0.355066	-0.668082	-0.127435
1.660000	2.987614	3.184724	-1.030390	0.356566	-0.676267	-0.118034
1.680000	2.687892	3.088459	-0.975308	0.357436	-0.687371	-0.109022
1.700000	2.379948	2.971413	-0.914125	0.357739	-0.701031	-0.100427
1.720000	2.066237	2.836045	-0.847786	0.357545	-0.716874	-0.092280
1.740000	1.749208	2.684815	-0.777232	0.356923	-0.734526	-0.084608
1.760000	1.431316	2.520179	-0.703406	0.355940	-0.753611	-0.077442
1.780000	1.115011	2.344598	-0.627252	0.354667	-0.773756	-0.070812
1.800000	0.802746	2.160528	-0.549711	0.353170	-0.794585	-0.064746
1.820000	0.496974	1.970428	-0.471727	0.351520	-0.815725	-0.059274
1.840000	0.200146	1.776758	-0.394241	0.349785	-0.836800	-0.054426
1.860000	-0.085285	1.581974	-0.318198	0.348033	-0.857437	-0.050231
1.880000	-0.356867	1.388536	-0.244538	0.346333	-0.877260	-0.046718
1.900000	-0.612148	1.198901	-0.174207	0.344753	-0.895896	-0.043917
1.920000	-0.848676	1.015529	-0.108144	0.343363	-0.912970	-0.041858
1.940000	-1.063998	0.840878	-0.047295	0.342231	-0.928107	-0.040570
1.960000	-1.255662	0.677406	0.007399	0.341426	-0.940933	-0.040081
1.980000	-1.421226	0.527565	0.054998	0.341015	-0.951074	-0.040423
2.000000	-1.560051	0.392711	0.094984	0.341029	-0.958336	-0.041595
2.020000	-1.675450	0.271790	0.127774	0.341406	-0.962916	-0.043534
2.040000	-1.771262	0.163431	0.153903	0.342077	-0.965066	-0.046172
2.060000	-1.851328	0.066261	0.173910	0.342971	-0.965034	-0.049436
2.080000	-1.919484	-0.021090	0.188333	0.344017	-0.963072	-0.053257
2.100000	-1.979571	-0.099995	0.197709	0.345143	-0.959428	-0.057565
2.120000	-2.035427	-0.171826	0.202576	0.346279	-0.954353	-0.062287
2.140000	-2.090890	-0.237954	0.203471	0.347355	-0.948098	-0.067355
2.160000	-2.149800	-0.299752	0.200932	0.348299	-0.940912	-0.072698
2.180000	-2.215996	-0.358592	0.195498	0.349041	-0.933045	-0.078244
2.200000	-2.293316	-0.415844	0.187705	0.349509	-0.924747	-0.083925
2.220000	-2.385598	-0.472882	0.178091	0.349633	-0.916269	-0.089668
2.240000	-2.496683	-0.531076	0.167194	0.349342	-0.907860	-0.095404
2.260000	-2.630408	-0.591799	0.155551	0.348564	-0.899770	-0.101062
2.280000	-2.790610	-0.656422	0.143701	0.347231	-0.892250	-0.106572
2.300000	-2.979003	-0.725724	0.132183	0.345301	-0.885489	-0.111905
2.320000	-3.191234	-0.798790	0.121544	0.342825	-0.879506	-0.117151
2.340000	-3.421875	-0.874407	0.112331	0.339869	-0.874289	-0.122422
2.360000	-3.665496	-0.951359	0.105092	0.336500	-0.869824	-0.127830
2.380000	-3.916669	-1.028433	0.100375	0.332783	-0.866101	-0.133486
2.400000	-4.169964	-1.104413	0.098727	0.328786	-0.863106	-0.139502
2.420000	-4.419954	-1.178085	0.100697	0.324573	-0.860828	-0.145990
2.440000	-4.661208	-1.248234	0.106832	0.320211	-0.859254	-0.153060
2.460000	-4.888298	-1.313647	0.117679	0.315767	-0.858373	-0.160826
2.480000	-5.095795	-1.373108	0.133786	0.311306	-0.858171	-0.169397
2.500000	-5.278269	-1.425403	0.155702	0.306895	-0.858637	-0.178887
2.520000	-5.430294	-1.469318	0.183973	0.302600	-0.859758	-0.189406
2.540000	-5.546438	-1.503637	0.219147	0.298487	-0.861523	-0.201066
2.560000	-5.621273	-1.527147	0.261773	0.294622	-0.863919	-0.213979
2.580000	-5.649371	-1.538633	0.312397	0.291071	-0.866933	-0.228256
2.600000	-5.625302	-1.536880	0.371568	0.287901	-0.870554	-0.244009
2.620000	-5.543684	-1.520682	0.439824	0.285178	-0.874770	-0.261349
2.640000	-5.403338	-1.489523	0.516904	0.282938	-0.879541	-0.280260
2.660000	-5.210638	-1.444131	0.601112	0.281167	-0.884785	-0.300503
2.680000	-4.972743	-1.385361	0.690600	0.279845	-0.890413	-0.321815
2.700000	-4.696813	-1.314072	0.783522	0.278952	-0.896335	-0.343935
2.720000	-4.390007	-1.231119	0.878031	0.278468	-0.902465	-0.366598
2.740000	-4.059483	-1.137360	0.972279	0.278373	-0.908712	-0.389542
