0.000000	-2.075749	-0.558347	-0.114661	0.388103	-0.915109	0.044999
0.020000	-2.206895	-0.569220	0.003670	0.387031	-0.895224	0.036607
0.040000	-2.351880	-0.576781	0.126139	0.385542	-0.873428	0.027277
0.060000	-2.508491	-0.581577	0.251142	0.383645	-0.850241	0.017013
0.080000	-2.674513	-0.584155	0.377075	0.381347	-0.826182	0.005823
0.100000	-2.847732	-0.585061	0.502334	0.378656	-0.801773	-0.006288
0.120000	-3.025933	-0.584842	0.625316	0.375579	-0.777532	-0.019313
0.140000	-3.206904	-0.584044	0.744415	0.372126	-0.753981	-0.033248
0.160000	-3.388428	-0.583215	0.858028	0.368303	-0.731638	-0.048084
0.180000	-3.568293	-0.582900	0.964552	0.364118	-0.711024	-0.063817
0.200000	-3.744284	-0.583647	1.062381	0.359579	-0.692660	-0.080440
0.220000	-3.914187	-0.586002	1.149913	0.354694	-0.677064	-0.097948
0.240000	-4.075787	-0.590511	1.225542	0.349472	-0.664758	-0.116333
0.260000	-4.226870	-0.597722	1.287666	0.343918	-0.656261	-0.135590
0.280000	-4.365222	-0.608180	1.334679	0.338043	-0.652093	-0.155713
0.300000	-4.488633	-0.622428	1.364989	0.331852	-0.652771	-0.176696
0.320000	-4.595292	-0.640383	1.378116	0.325408	-0.658473	-0.198466
0.340000	-4.684142	-0.660795	1.375685	0.318864	-0.668742	-0.220829
0.360000	-4.754209	-0.682281	1.359554	0.312387	-0.683047	-0.243577
0.380000	-4.804522	-0.703460	1.331578	0.306143	-0.700860	-0.266503
0.400000	-4.834107	-0.722949	1.293615	0.300299	-0.721649	-0.289399
0.420000	-4.841990	-0.739367	1.247524	0.295022	-0.744886	-0.312056
0.440000	-4.827200	-0.751331	1.195160	0.290477	-0.770042	-0.334267
0.460000	-4.788761	-0.757460	1.138381	0.286831	-0.796587	-0.355825
0.480000	-4.725703	-0.756372	1.079045	0.284250	-0.823990	-0.376520
0.500000	-4.637050	-0.746684	1.019008	0.282901	-0.851724	-0.396146
0.520000	-4.521831	-0.727015	0.960127	0.282949	-0.879257	-0.414494
0.540000	-4.379073	-0.695984	0.904261	0.284562	-0.906061	-0.431357
0.560000	-4.207801	-0.652207	0.853266	0.287905	-0.931606	-0.446527
0.580000	-4.007044	-0.594303	0.808999	0.293145	-0.955363	-0.459795
0.600000	-3.775832	-0.520893	0.773315	0.300449	-0.976802	-0.470955
0.620000	-3.514566	-0.431489	0.747243	0.309857	-0.995605	-0.479921
0.640000	-3.226999	-0.327781	0.729796	0.321114	-1.011964	-0.486908
0.660000	-2.917383	-0.211786	0.719683	0.333916	-1.026150	-0.492173
0.680000	-2.589972	-0.085519	0.715614	0.347959	-1.038433	-0.495976
0.700000	-2.249019	0.049003	0.716299	0.362942	-1.049083	-0.498576
0.720000	-1.898777	0.189763	0.720447	0.378560	-1.058370	-0.500231
0.740000	-1.543499	0.334746	0.726768	0.394511	-1.066563	-0.501201
0.760000	-1.187439	0.481933	0.733972	0.410493	-1.073933	-0.501743
0.780000	-0.834850	0.629310	0.740768	0.426201	-1.080751	-0.502117
0.800000	-0.489985	0.774859	0.745867	0.441333	-1.087285	-0.502582
0.820000	-0.157098	0.916564	0.747978	0.455587	-1.093807	-0.503396
0.840000	0.159559	1.052410	0.745811	0.468658	-1.100586	-0.504818
0.860000	0.455732	1.180378	0.738076	0.480244	-1.107892	-0.507107
0.880000	0.727167	1.298453	0.723482	0.490043	-1.115995	-0.510522
0.900000	0.969613	1.404619	0.700739	0.497750	-1.125165	-0.515321
0.920000	1.178814	1.496859	0.668557	0.503064	-1.135673	-0.521764
0.940000	1.350570	1.573176	0.625661	0.505685	-1.147785	-0.530105
0.960000	1.483755	1.632781	0.571761	0.505539	-1.161530	-0.540376
0.980000	1.582011	1.676751	0.508086	0.502905	-1.176576	-0.552262
1.000000	1.649394	1.706326	0.435997	0.498089	-1.192557	-0.565420
1.020000	1.689954	1.722746	0.356855	0.491400	-1.209108	-0.579506
1.040000	1.707747	1.727249	0.272021	0.483144	-1.225863	-0.594174
1.060000	1.706824	1.721075	0.182855	0.473630	-1.242458	-0.609081
1.080000	1.691241	1.705464	0.090720	0.463165	-1.258526	-0.623883
1.100000	1.665048	1.681654	-0.003025	0.452056	-1.273702	-0.638235
1.120000	1.632301	1.650885	-0.097018	0.440612	-1.287622	-0.651794
1.140000	1.597052	1.614397	-0.189898	0.429138	-1.299920	-0.664214
1.160000	1.563355	1.573428	-0.280305	0.417944	-1.310230	-0.675153
1.180000	1.535262	1.529217	-0.366877	0.407337	-1.318187	-0.684265
1.200000	1.516827	1.483005	-0.448254	0.397624	-1.323426	-0.691206
1.220000	1.512104	1.436031	-0.523074	0.389112	-1.325582	-0.695633
1.240000	1.525145	1.389533	-0.589977	0.382110	-1.324289	-0.697201
1.260000	1.559699	1.344712	-0.647710	0.376899	-1.319214	-0.695596
1.280000	1.615862	1.302301	-0.696322	0.373447	-1.310402	-0.690857
1.300000	1.691337	1.262727	-0.736715	0.371519	-1.298149	-0.683261
1.320000	1.783783	1.226410	-0.769805	0.370877	-1.282753	-0.673084
1.340000	1.890860	1.193772	-0.796509	0.371280	-1.264514	-0.660605
1.360000	2.010228	1.165233	-0.817745	0.372490	-1.243732	-0.646101
1.380000	2.139545	1.141215	-0.834428	0.374266	-1.220705	-0.629852
1.400000	2.276471	1.122138	-0.847477	0.376370	-1.195732	-0.612136
1.420000	2.418666	1.108423	-0.857808	0.378563	-1.169113	-0.593229
1.440000	2.563790	1.100491	-0.866338	0.380605	-1.141148	-0.573411
1.460000	2.709501	1.098764	-0.873983	0.382256	-1.112134	-0.552960
1.480000	2.853459	1.103663	-0.881661	0.383278	-1.082372	-0.532154
1.500000	2.993324	1.115608	-0.890289	0.383432	-1.052162	-0.511271
1.520000	3.126756	1.135020	-0.900782	0.382477	-1.021801	-0.490589
1.540000	3.251413	1.162320	-0.914060	0.380175	-0.991589	-0.470387
1.560000	3.364955	1.197930	-0.931037	0.376286	-0.961826	-0.450942
1.580000	3.465504	1.241930	-0.952355	0.370650	-0.932781	-0.432475
1.600000	3.553098	1.292986	-0.977505	0.363440	-0.904600	-0.414966
1.620000	3.628280	1.349395	-1.005678	0.354914	-0.877396	-0.398335
1.640000	3.691591	1.409452	-1.036064	0.345329	-0.851284	-0.382498
1.660000	3.743570	1.471456	-1.067854	0.334944	-0.826376	-0.367373
1.680000	3.784759	1.533702	-1.100240	0.324017	-0.802786	-0.352880
1.700000	3.815699	1.594487	-1.132413	0.312807	-0.780628	-0.338935
1.720000	3.836930	1.652107	-1.163563	0.301570	-0.760014	-0.325457
1.740000	3.848994	1.704860	-1.192881	0.290566	-0.741060	-0.312364
1.760000	3.852432	1.751042	-1.219559	0.280053	-0.723878	-0.299573
1.780000	3.847783	1.788950	-1.242787	0.270288	-0.708582	-0.287003
1.800000	3.835590	1.816880	-1.261757	0.261530	-0.695286	-0.274573
1.820000	3.816393	1.833129	-1.275659	0.254038	-0.684102	-0.262199
1.840000	3.790732	1.835993	-1.283685	0.248068	-0.675145	-0.249800
1.860000	3.759149	1.823770	-1.285025	0.243880	-0.668528	-0.237293
1.880000	3.722185	1.794756	-1.278870	0.241731	-0.664365	-0.224598
1.900000	3.680380	1.747250	-1.264412	0.241880	-0.662769	-0.211632
1.920000	3.634046	1.680677	-1.241185	0.244445	-0.663766	-0.198352
1.940000	3.582915	1.597343	-1.209592	0.249193	-0.667156	-0.184811
1.960000	3.526627	1.500005	-1.170177	0.255834	-0.672705	-0.171080
1.980000	3.464820	1.391422	-1.123480	0.264077	-0.680180	-0.157229
2.000000	3.397135	1.274353	-1.070046	0.273632	-0.689345	-0.143328
2.020000	3.323211	1.151554	-1.010414	0.284210	-0.699967	-0.129445
2.040000	3.242688	1.025785	-0.945129	0.295521	-0.711811	-0.115653
2.060000	3.155205	0.899804	-0.874732	0.307274	-0.724642	-0.102019
2.080000	3.060402	0.776368	-0.799766	0.319180	-0.738227	-0.088614
2.100000	2.957919	0.658237	-0.720771	0.330948	-0.752332	-0.075509
2.120000	2.847394	0.548169	-0.638292	0.342290	-0.766721	-0.062772
2.140000	2.728468	0.448920	-0.552870	0.352913	-0.781161	-0.050474
2.160000	2.600780	0.363251	-0.465046	0.362529	-0.795418	-0.038684
2.180000	2.463969	0.293919	-0.375365	0.370848	-0.809256	-0.027473
2.200000	2.317676	0.243683	-0.284366	0.377580	-0.822442	-0.016910
2.220000	2.161540	0.215299	-0.192594	0.382434	-0.834741	-0.007065
2.240000	1.995286	0.210719	-0.100661	0.385182	-0.845949	0.002002
2.260000	1.819116	0.227489	-0.009573	0.385924	-0.856021	0.010285
2.280000	1.633389	0.261665	0.079533	0.384873	-0.864964	0.017799
2.300000	1.438465	0.309302	0.165519	0.382242	-0.872789	0.024557
2.320000	1.234704	0.366455	0.247249	0.378244	-0.879503	0.030572
2.340000	1.022466	0.429180	0.323584	0.373093	-0.885117	0.035857
2.360000	0.802112	0.493532	0.393388	0.367000	-0.889639	0.040426
2.380000	0.574001	0.555565	0.455523	0.360180	-0.893078	0.044292
2.400000	0.338493	0.611336	0.508851	0.352844	-0.895443	0.047469
2.420000	0.095949	0.656898	0.552235	0.345206	-0.896743	0.049969
2.440000	-0.153271	0.688308	0.584538	0.337478	-0.896987	0.051807
2.460000	-0.408808	0.701621	0.604622	0.329875	-0.896184	0.052996
2.480000	-0.670301	0.692890	0.611351	0.322608	-0.894343	0.053549
2.500000	-0.937390	0.658173	0.603586	0.315890	-0.891473	0.053480
2.520000	-1.209535	0.594552	0.580658	0.309902	-0.887598	0.052802
2.540000	-1.485399	0.503670	0.543971	0.304673	-0.882809	0.051532
2.560000	-1.763423	0.388431	0.495502	0.300196	-0.877217	0.049686
2.580000	-2.042051	0.251738	0.437228	0.296460	-0.870931	0.047281
2.600000	-2.319723	0.096496	0.371128	0.293456	-0.864062	0.044334
2.620000	-2.594883	-0.074392	0.299179	0.291174	-0.856720	0.040861
2.640000	-2.865972	-0.258022	0.223358	0.289605	-0.849015	0.036881
2.660000	-3.131432	-0.451490	0.145642	0.288739	-0.841056	0.032408
2.680000	-3.389705	-0.651892	0.068010	0.288566	-0.832955	0.027460
2.700000	-3.639234	-0.856324	-0.007562	0.289077	-0.824821	0.022054
