0.000000	-2.395380	-0.192756	0.080495	0.417923	-0.840448	-0.084060
0.020000	-2.698090	-0.284285	0.172760	0.409401	-0.823455	-0.094730
0.040000	-3.011396	-0.382913	0.272480	0.399894	-0.805460	-0.106138
0.060000	-3.329800	-0.486160	0.377433	0.389626	-0.786939	-0.118227
0.080000	-3.647806	-0.591545	0.485394	0.378817	-0.768369	-0.130937
0.100000	-3.959915	-0.696587	0.594140	0.367690	-0.750229	-0.144209
0.120000	-4.260629	-0.798805	0.701447	0.356466	-0.732995	-0.157985
0.140000	-4.544450	-0.895718	0.805093	0.345365	-0.717145	-0.172206
0.160000	-4.805881	-0.984845	0.902853	0.334611	-0.703157	-0.186812
0.180000	-5.039424	-1.063706	0.992505	0.324425	-0.691506	-0.201745
0.200000	-5.239581	-1.129818	1.071824	0.315028	-0.682672	-0.216946
0.220000	-5.400854	-1.180703	1.138587	0.306641	-0.677131	-0.232356
0.240000	-5.517745	-1.213877	1.190571	0.299487	-0.675360	-0.247916
0.260000	-5.585182	-1.227091	1.225722	0.293774	-0.677799	-0.263569
0.280000	-5.604046	-1.221301	1.244353	0.289516	-0.684360	-0.279273
0.300000	-5.579606	-1.199831	1.248524	0.286588	-0.694564	-0.294998
0.320000	-5.517230	-1.166059	1.240333	0.284862	-0.707924	-0.310716
0.340000	-5.422288	-1.123362	1.221880	0.284207	-0.723952	-0.326396
0.360000	-5.300149	-1.075117	1.195264	0.284495	-0.742162	-0.342010
0.380000	-5.156183	-1.024704	1.162584	0.285597	-0.762065	-0.357528
0.400000	-4.995759	-0.975498	1.125939	0.287384	-0.783176	-0.372921
0.420000	-4.824247	-0.930879	1.087428	0.289726	-0.805007	-0.388159
0.440000	-4.647016	-0.894223	1.049151	0.292494	-0.827070	-0.403214
0.460000	-4.469435	-0.868909	1.013207	0.295560	-0.848878	-0.418055
0.480000	-4.296875	-0.858313	0.981695	0.298794	-0.869945	-0.432655
0.500000	-4.134704	-0.865815	0.956714	0.302067	-0.889782	-0.446982
0.520000	-3.988291	-0.894790	0.940364	0.305250	-0.907903	-0.461008
0.540000	-3.863007	-0.948618	0.934743	0.308214	-0.923820	-0.474704
0.560000	-3.764220	-1.030676	0.941951	0.310830	-0.937047	-0.488041
0.580000	-3.697217	-1.144265	0.964043	0.312970	-0.947103	-0.500989
0.600000	-3.663186	-1.288948	1.000902	0.314583	-0.953872	-0.513540
0.620000	-3.657444	-1.458933	1.049301	0.315730	-0.957762	-0.525714
0.640000	-3.674854	-1.648013	1.105770	0.316478	-0.959219	-0.537535
0.660000	-3.710280	-1.849982	1.166844	0.316895	-0.958690	-0.549026
0.680000	-3.758585	-2.058632	1.229053	0.317049	-0.956621	-0.560209
0.700000	-3.814634	-2.267758	1.288929	0.317008	-0.953459	-0.571108
0.720000	-3.873289	-2.471153	1.343005	0.316840	-0.949651	-0.581745
0.740000	-3.929414	-2.662611	1.387813	0.316613	-0.945643	-0.592144
0.760000	-3.977874	-2.835925	1.419885	0.316396	-0.941882	-0.602328
0.780000	-4.013531	-2.984888	1.435752	0.316255	-0.938815	-0.612318
0.800000	-4.031250	-3.103294	1.431946	0.316260	-0.936888	-0.622139
0.820000	-4.025893	-3.184937	1.405001	0.316478	-0.936549	-0.631814
0.840000	-3.992325	-3.223610	1.351447	0.316977	-0.938243	-0.641364
0.860000	-3.925409	-3.213106	1.267817	0.317826	-0.942418	-0.650814
0.880000	-3.820008	-3.147219	1.150643	0.319091	-0.949520	-0.660187
0.900000	-3.671497	-3.020465	0.996948	0.320835	-0.959940	-0.669495
0.920000	-3.480704	-2.835091	0.809014	0.323043	-0.973466	-0.678658
0.940000	-3.251776	-2.598043	0.592321	0.325655	-0.989521	-0.687534
0.960000	-2.988903	-2.316331	0.352389	0.328612	-1.007523	-0.695982
0.980000	-2.696276	-1.996964	0.094741	0.331851	-1.026890	-0.703861
1.000000	-2.378086	-1.646953	-0.175101	0.335314	-1.047039	-0.711029
1.020000	-2.038524	-1.273308	-0.451614	0.338940	-1.067388	-0.717345
1.040000	-1.681781	-0.883041	-0.729276	0.342668	-1.087355	-0.722667
1.060000	-1.312049	-0.483159	-1.002565	0.346438	-1.106358	-0.726854
1.080000	-0.933518	-0.080675	-1.265959	0.350190	-1.123814	-0.729765
1.100000	-0.550380	0.317401	-1.513935	0.353862	-1.139141	-0.731258
1.120000	-0.166826	0.704061	-1.740972	0.357396	-1.151758	-0.731192
1.140000	0.212954	1.072292	-1.941547	0.360730	-1.161081	-0.729425
1.160000	0.584768	1.415085	-2.110137	0.363804	-1.166528	-0.725816
1.180000	0.944426	1.725430	-2.241221	0.366558	-1.167518	-0.720224
1.200000	1.287735	1.996316	-2.329276	0.368931	-1.163468	-0.712507
1.220000	1.611344	2.222546	-2.370658	0.370879	-1.154000	-0.702581
1.240000	1.915098	2.405832	-2.368883	0.372423	-1.139516	-0.690584
1.260000	2.199604	2.549538	-2.329178	0.373597	-1.120605	-0.676703
1.280000	2.465471	2.657025	-2.256766	0.374437	-1.097854	-0.661130
1.300000	2.713306	2.731654	-2.156873	0.374976	-1.071852	-0.644052
1.320000	2.943717	2.776787	-2.034722	0.375251	-1.043185	-0.625659
1.340000	3.157312	2.795787	-1.895540	0.375296	-1.012443	-0.606140
1.360000	3.354699	2.792014	-1.744550	0.375146	-0.980214	-0.585685
1.380000	3.536485	2.768830	-1.586977	0.374837	-0.947085	-0.564482
1.400000	3.703278	2.729598	-1.428047	0.374402	-0.913644	-0.542721
1.420000	3.855686	2.677679	-1.272983	0.373878	-0.880479	-0.520591
1.440000	3.994317	2.616435	-1.127011	0.373298	-0.848179	-0.498281
1.460000	4.119779	2.549227	-0.995355	0.372699	-0.817331	-0.475981
1.480000	4.232678	2.479418	-0.883240	0.372114	-0.788523	-0.453879
1.500000	4.333624	2.410368	-0.795891	0.371580	-0.762344	-0.432165
1.520000	4.423224	2.345441	-0.738533	0.371130	-0.739381	-0.411028
1.540000	4.502084	2.287991	-0.716380	0.370800	-0.720221	-0.390657
1.560000	4.570449	2.239983	-0.731815	0.370626	-0.705221	-0.371168
1.580000	4.627715	2.200102	-0.780567	0.370641	-0.694189	-0.352506
1.600000	4.673155	2.166563	-0.857408	0.370883	-0.686858	-0.334592
1.620000	4.706041	2.137581	-0.957112	0.371386	-0.682960	-0.317347
1.640000	4.725648	2.111372	-1.074450	0.372186	-0.682228	-0.300690
1.660000	4.731247	2.086151	-1.204195	0.373319	-0.684392	-0.284543
1.680000	4.722113	2.060132	-1.341120	0.374820	-0.689185	-0.268826
1.700000	4.697518	2.031532	-1.479998	0.376725	-0.696340	-0.253460
1.720000	4.656736	1.998565	-1.615601	0.379069	-0.705587	-0.238365
1.740000	4.599040	1.959447	-1.742702	0.381887	-0.716660	-0.223462
1.760000	4.523703	1.912393	-1.856074	0.385216	-0.729289	-0.208671
1.780000	4.429998	1.855618	-1.950488	0.389090	-0.743208	-0.193913
1.800000	4.317198	1.787337	-2.020719	0.393545	-0.758147	-0.179108
1.820000	4.184576	1.705765	-2.061538	0.398618	-0.773840	-0.164177
1.840000	4.031407	1.609119	-2.067719	0.404342	-0.790018	-0.149042
1.860000	3.857747	1.496607	-2.036045	0.410718	-0.806441	-0.133662
1.880000	3.666064	1.370493	-1.969469	0.417634	-0.822960	-0.118130
1.900000	3.459286	1.233623	-1.872128	0.424957	-0.839440	-0.102558
1.920000	3.240342	1.088845	-1.748159	0.432554	-0.855748	-0.087061
1.940000	3.012161	0.939007	-1.601698	0.440291	-0.871749	-0.071754
1.960000	2.777672	0.786955	-1.436883	0.448036	-0.887311	-0.056750
1.980000	2.539802	0.635538	-1.257849	0.455655	-0.902299	-0.042164
2.000000	2.301481	0.487603	-1.068733	0.463016	-0.916579	-0.028111
2.020000	2.065637	0.345998	-0.873672	0.469986	-0.930018	-0.014703
2.040000	1.835199	0.213569	-0.676802	0.476431	-0.942482	-0.002057
2.060000	1.613095	0.093165	-0.482261	0.482219	-0.953837	0.009715
2.080000	1.402255	-0.012368	-0.294184	0.487215	-0.963949	0.020498
2.100000	1.205607	-0.100181	-0.116708	0.491289	-0.972685	0.030177
2.120000	1.026080	-0.167428	0.046029	0.494305	-0.979911	0.038639
2.140000	0.866601	-0.211260	0.189893	0.496132	-0.985493	0.045769
2.160000	0.730101	-0.228831	0.310745	0.496636	-0.989297	0.051453
2.180000	0.618978	-0.217890	0.405054	0.495712	-0.991225	0.055601
2.200000	0.532136	-0.180149	0.473282	0.493445	-0.991410	0.058295
2.220000	0.467051	-0.118927	0.517522	0.489996	-0.990080	0.059682
2.240000	0.421198	-0.037551	0.539868	0.485526	-0.987463	0.059912
2.260000	0.392053	0.060654	0.542414	0.480195	-0.983788	0.059133
2.280000	0.377087	0.172362	0.527257	0.474165	-0.979284	0.057493
2.300000	0.373777	0.294248	0.496490	0.467597	-0.974177	0.055142
2.320000	0.379597	0.422986	0.452210	0.460653	-0.968698	0.052229
2.340000	0.392019	0.555251	0.396511	0.453492	-0.963074	0.048902
2.360000	0.408520	0.687718	0.331489	0.446277	-0.957533	0.045309
2.380000	0.426573	0.817060	0.259238	0.439169	-0.952304	0.041601
2.400000	0.443652	0.939952	0.181853	0.432327	-0.947614	0.037925
2.420000	0.457232	1.053068	0.101430	0.425915	-0.943694	0.034430
2.440000	0.464786	1.153084	0.020063	0.420092	-0.940770	0.031265
2.460000	0.463790	1.236673	-0.060152	0.415019	-0.939070	0.028579
2.480000	0.451717	1.300511	-0.137120	0.410859	-0.938825	0.026520
2.500000	0.426110	1.341447	-0.208795	0.407763	-0.940241	0.025228
2.520000	0.385619	1.359198	-0.273899	0.405743	-0.943215	0.024684
2.540000	0.329788	1.355800	-0.331783	0.404698	-0.947390	0.024743
2.560000	0.258190	1.333354	-0.381813	0.404521	-0.952398	0.025254
2.580000	0.170395	1.293963	-0.423357	0.405110	-0.957876	0.026070
2.600000	0.065976	1.239729	-0.455782	0.406357	-0.963457	0.027039
2.620000	-0.055496	1.172755	-0.478455	0.408158	-0.968776	0.028013
2.640000	-0.194450	1.095144	-0.490743	0.410409	-0.973468	0.028842
2.660000	-0.351314	1.008997	-0.492014	0.413003	-0.977167	0.029377
2.680000	-0.526517	0.916417	-0.481635	0.415836	-0.979507	0.029467
2.700000	-0.720487	0.819506	-0.458974	0.418802	-0.980124	0.028965
2.720000	-0.933652	0.720367	-0.423396	0.421797	-0.978652	0.027720
2.740000	-1.166442	0.621103	-0.374270	0.424716	-0.974725	0.025583
2.760000	-1.419284	0.523815	-0.310964	0.427453	-0.967978	0.022404
