0.000000	-5.011118	-2.063488	1.380681	0.183073	-1.053049	-0.758257
0.020000	-4.870607	-2.124363	1.293163	0.197053	-1.045959	-0.746267
0.040000	-4.729288	-2.185764	1.202803	0.211685	-1.038692	-0.733372
0.060000	-4.588003	-2.247080	1.110117	0.226889	-1.031361	-0.719731
0.080000	-4.447597	-2.307705	1.015623	0.242589	-1.024079	-0.705500
0.100000	-4.308912	-2.367029	0.919836	0.258705	-1.016960	-0.690839
0.120000	-4.172792	-2.424444	0.823275	0.275160	-1.010116	-0.675905
0.140000	-4.040079	-2.479343	0.726456	0.291875	-1.003661	-0.660857
0.160000	-3.911616	-2.531116	0.629895	0.308773	-0.997708	-0.645852
0.180000	-3.788247	-2.579156	0.534109	0.325776	-0.992371	-0.631048
0.200000	-3.670815	-2.622853	0.439615	0.342804	-0.987762	-0.616605
0.220000	-3.560162	-2.661601	0.346930	0.359781	-0.983995	-0.602678
0.240000	-3.457133	-2.694790	0.256571	0.376629	-0.981183	-0.589428
0.260000	-3.362570	-2.721813	0.169054	0.393268	-0.979439	-0.577012
0.280000	-3.277315	-2.742060	0.084896	0.409622	-0.978877	-0.565587
0.300000	-3.202213	-2.754924	0.004615	0.425611	-0.979610	-0.555313
0.320000	-3.138107	-2.759796	-0.071274	0.441159	-0.981751	-0.546347
0.340000	-3.085838	-2.756069	-0.142254	0.456186	-0.985412	-0.538847
0.360000	-3.045956	-2.743269	-0.207910	0.470628	-0.990677	-0.532936
0.380000	-3.017672	-2.721543	-0.268294	0.484473	-0.997482	-0.528579
0.400000	-2.999820	-2.691210	-0.323587	0.497728	-1.005724	-0.525696
0.420000	-2.991235	-2.652589	-0.373974	0.510398	-1.015300	-0.524206
0.440000	-2.990752	-2.605999	-0.419635	0.522490	-1.026107	-0.524029
0.460000	-2.997204	-2.551760	-0.460753	0.534007	-1.038043	-0.525085
0.480000	-3.009426	-2.490191	-0.497511	0.544958	-1.051004	-0.527294
0.500000	-3.026252	-2.421612	-0.530091	0.555346	-1.064887	-0.530576
0.520000	-3.046518	-2.346343	-0.558675	0.565178	-1.079589	-0.534850
0.540000	-3.069057	-2.264701	-0.583447	0.574459	-1.095007	-0.540037
0.560000	-3.092704	-2.177007	-0.604588	0.583194	-1.111039	-0.546055
0.580000	-3.116294	-2.083581	-0.622280	0.591391	-1.127580	-0.552825
0.600000	-3.138660	-1.984741	-0.636707	0.599054	-1.144529	-0.560267
0.620000	-3.158637	-1.880807	-0.648050	0.606188	-1.161782	-0.568300
0.640000	-3.175060	-1.772098	-0.656493	0.612800	-1.179236	-0.576844
0.660000	-3.186763	-1.658934	-0.662216	0.618895	-1.196788	-0.585820
0.680000	-3.192581	-1.541635	-0.665404	0.624480	-1.214335	-0.595146
0.700000	-3.191347	-1.420518	-0.666238	0.629558	-1.231774	-0.604743
0.720000	-3.181897	-1.295905	-0.664900	0.634137	-1.249002	-0.614530
0.740000	-3.163065	-1.168114	-0.661574	0.638222	-1.265916	-0.624427
0.760000	-3.133685	-1.037465	-0.656441	0.641818	-1.282413	-0.634355
0.780000	-3.092591	-0.904277	-0.649684	0.644931	-1.298391	-0.644232
0.800000	-3.038619	-0.768869	-0.641485	0.647567	-1.313745	-0.653979
0.820000	-2.970602	-0.631561	-0.632027	0.649731	-1.328373	-0.663515
0.840000	-2.887376	-0.492672	-0.621493	0.651430	-1.342172	-0.672760
0.860000	-2.787773	-0.352522	-0.610063	0.652668	-1.355039	-0.681635
0.880000	-2.670630	-0.211430	-0.597922	0.653452	-1.366870	-0.690058
0.900000	-2.534780	-0.069716	-0.585251	0.653787	-1.377564	-0.697950
0.920000	-2.379058	0.072302	-0.572234	0.653678	-1.387017	-0.705230
0.940000	-2.202298	0.214304	-0.559051	0.653132	-1.395125	-0.711818
0.960000	-2.003335	0.355970	-0.545886	0.652154	-1.401787	-0.717635
0.980000	-1.781002	0.496981	-0.532921	0.650749	-1.406898	-0.722599
1.000000	-1.534136	0.637017	-0.520338	0.648924	-1.410356	-0.726631
1.020000	-1.261569	0.775760	-0.508321	0.646684	-1.412058	-0.729650
1.040000	-0.962136	0.912890	-0.497050	0.644035	-1.411901	-0.731576
1.060000	-0.634673	1.048087	-0.486710	0.640982	-1.409781	-0.732330
1.080000	-0.278076	1.181032	-0.477483	0.637531	-1.405598	-0.731832
1.100000	0.106109	1.311365	-0.469622	0.633668	-1.399307	-0.730064
1.120000	0.512783	1.438674	-0.463469	0.629357	-1.390945	-0.727091
1.140000	0.936598	1.562547	-0.459372	0.624559	-1.380551	-0.722983
1.160000	1.372206	1.682568	-0.457682	0.619236	-1.368166	-0.717810
1.180000	1.814260	1.798322	-0.458748	0.613348	-1.353830	-0.711642
1.200000	2.257412	1.909395	-0.462917	0.606857	-1.337584	-0.704550
1.220000	2.696315	2.015372	-0.470539	0.599725	-1.319469	-0.696602
1.240000	3.125619	2.115840	-0.481963	0.591913	-1.299525	-0.687869
1.260000	3.539979	2.210382	-0.497538	0.583381	-1.277793	-0.678422
1.280000	3.934045	2.298586	-0.517612	0.574092	-1.254312	-0.668330
1.300000	4.302471	2.380035	-0.542536	0.564007	-1.229124	-0.657664
1.320000	4.639908	2.454316	-0.572658	0.553086	-1.202269	-0.646493
1.340000	4.941008	2.521014	-0.608326	0.541292	-1.173788	-0.634887
1.360000	5.200425	2.579714	-0.649890	0.528586	-1.143720	-0.622916
1.380000	5.412809	2.630002	-0.697699	0.514928	-1.112108	-0.610652
1.400000	5.572814	2.671463	-0.752102	0.500281	-1.078990	-0.598162
1.420000	5.675413	2.703726	-0.813389	0.484615	-1.044419	-0.585515
1.440000	5.721404	2.727197	-0.880798	0.468066	-1.008649	-0.572717
1.460000	5.716651	2.742956	-0.952647	0.450914	-0.972108	-0.559723
1.480000	5.667189	2.752109	-1.027227	0.433447	-0.935234	-0.546484
1.500000	5.579053	2.755761	-1.102826	0.415948	-0.898460	-0.532954
1.520000	5.458276	2.755016	-1.177734	0.398705	-0.862222	-0.519085
1.540000	5.310893	2.750978	-1.250239	0.382002	-0.826956	-0.504830
1.560000	5.142937	2.744753	-1.318631	0.366125	-0.793097	-0.490142
1.580000	4.960445	2.737444	-1.381199	0.351359	-0.761081	-0.474973
1.600000	4.769448	2.730156	-1.436231	0.337991	-0.731343	-0.459276
1.620000	4.575983	2.723995	-1.482018	0.326305	-0.704318	-0.443003
1.640000	4.386082	2.720064	-1.516848	0.316588	-0.680441	-0.426108
1.660000	4.205781	2.719468	-1.539010	0.309125	-0.660149	-0.408542
1.680000	4.041113	2.723311	-1.546793	0.304202	-0.643877	-0.390259
1.700000	3.898113	2.732699	-1.538487	0.302104	-0.632059	-0.371210
1.720000	3.782657	2.748690	-1.512442	0.303106	-0.625117	-0.351353
1.740000	3.696199	2.771050	-1.468736	0.307183	-0.623058	-0.330734
1.760000	3.635290	2.798116	-1.409359	0.313978	-0.625431	-0.309499
1.780000	3.596227	2.828149	-1.336402	0.323114	-0.631759	-0.287801
1.800000	3.575305	2.859410	-1.251956	0.334217	-0.641568	-0.265792
1.820000	3.568818	2.890160	-1.158112	0.346911	-0.654383	-0.243625
1.840000	3.573065	2.918660	-1.056960	0.360822	-0.669727	-0.221452
1.860000	3.584339	2.943172	-0.950591	0.375574	-0.687127	-0.199426
1.880000	3.598937	2.961956	-0.841097	0.390793	-0.706106	-0.177698
1.900000	3.613154	2.973273	-0.730567	0.406102	-0.726189	-0.156422
1.920000	3.623286	2.975385	-0.621093	0.421127	-0.746902	-0.135749
1.940000	3.625630	2.966553	-0.514765	0.435492	-0.767768	-0.115832
1.960000	3.616480	2.945037	-0.413674	0.448823	-0.788312	-0.096823
1.980000	3.592132	2.909100	-0.319911	0.460744	-0.808060	-0.078875
2.000000	3.548882	2.857002	-0.235567	0.470879	-0.826535	-0.062140
2.020000	3.483026	2.787004	-0.162732	0.478855	-0.843263	-0.046770
2.040000	3.390869	2.697374	-0.103492	0.484296	-0.857769	-0.032918
2.060000	3.270673	2.587601	-0.058922	0.487014	-0.869778	-0.020665
2.080000	3.124985	2.459858	-0.027885	0.487226	-0.879448	-0.009945
2.100000	2.956918	2.316669	-0.008949	0.485203	-0.886997	-0.000669
2.120000	2.769589	2.160561	-0.000683	0.481217	-0.892642	0.007251
2.140000	2.566113	1.994059	-0.001654	0.475538	-0.896600	0.013903
2.160000	2.349604	1.819691	-0.010432	0.468439	-0.899087	0.019376
2.180000	2.123177	1.639982	-0.025585	0.460189	-0.900321	0.023757
2.200000	1.889947	1.457457	-0.045680	0.451062	-0.900519	0.027135
2.220000	1.653030	1.274644	-0.069288	0.441327	-0.899898	0.029599
2.240000	1.415540	1.094068	-0.094976	0.431256	-0.898674	0.031235
2.260000	1.180592	0.918255	-0.121312	0.421120	-0.897065	0.032132
2.280000	0.951302	0.749731	-0.146865	0.411191	-0.895288	0.032380
2.300000	0.730784	0.591022	-0.170204	0.401740	-0.893559	0.032064
2.320000	0.522154	0.444655	-0.189897	0.393037	-0.892096	0.031275
2.340000	0.328526	0.313156	-0.204512	0.385355	-0.891115	0.030099
2.360000	0.153015	0.199050	-0.212618	0.378965	-0.890835	0.028626
2.380000	-0.001319	0.104828	-0.212802	0.374133	-0.891467	0.026942
2.400000	-0.133964	0.031359	-0.204480	0.370950	-0.893059	0.025106
2.420000	-0.247976	-0.022758	-0.188234	0.369260	-0.895426	0.023134
2.440000	-0.346675	-0.059096	-0.164730	0.368887	-0.898365	0.021038
2.460000	-0.433382	-0.079225	-0.134635	0.369655	-0.901672	0.018831
2.480000	-0.511416	-0.084715	-0.098617	0.371388	-0.905144	0.016527
2.500000	-0.584098	-0.077137	-0.057343	0.373912	-0.908579	0.014139
2.520000	-0.654749	-0.058064	-0.011479	0.377050	-0.911773	0.011680
2.540000	-0.726688	-0.029064	0.038307	0.380628	-0.914525	0.009162
2.560000	-0.803238	0.008290	0.091348	0.384469	-0.916629	0.006599
2.580000	-0.887717	0.052427	0.146977	0.388398	-0.917885	0.004004
