0.000000	-0.676944	-0.686103	0.256086	0.371415	-0.871161	-0.028372
0.020000	-0.555245	-0.641259	0.318006	0.373526	-0.853897	-0.038965
0.040000	-0.444740	-0.593458	0.379316	0.375652	-0.836843	-0.050078
0.060000	-0.350773	-0.544293	0.438924	0.377725	-0.820344	-0.061633
0.080000	-0.278688	-0.495359	0.495741	0.379677	-0.804746	-0.073555
0.100000	-0.233827	-0.448252	0.548675	0.381439	-0.790395	-0.085769
0.120000	-0.221534	-0.404565	0.596636	0.382943	-0.777634	-0.098197
0.140000	-0.247152	-0.365893	0.638533	0.384121	-0.766810	-0.110766
0.160000	-0.316024	-0.333832	0.673276	0.384905	-0.758268	-0.123397
0.180000	-0.432531	-0.309807	0.699933	0.385231	-0.752300	-0.136020
0.200000	-0.593849	-0.293985	0.718776	0.385086	-0.748803	-0.148576
0.220000	-0.793885	-0.285963	0.730617	0.384476	-0.747498	-0.161019
0.240000	-1.026532	-0.285334	0.736273	0.383406	-0.748102	-0.173301
0.260000	-1.285681	-0.291690	0.736563	0.381885	-0.750333	-0.185373
0.280000	-1.565223	-0.304624	0.732301	0.379917	-0.753909	-0.197189
0.300000	-1.859052	-0.323731	0.724306	0.377510	-0.758548	-0.208699
0.320000	-2.161058	-0.348603	0.713394	0.374670	-0.763969	-0.219857
0.340000	-2.465133	-0.378832	0.700382	0.371403	-0.769889	-0.230615
0.360000	-2.765170	-0.414013	0.686087	0.367716	-0.776027	-0.240924
0.380000	-3.055060	-0.453739	0.671325	0.363616	-0.782100	-0.250737
0.400000	-3.328695	-0.497601	0.656913	0.359108	-0.787826	-0.260006
0.420000	-3.579966	-0.545195	0.643669	0.354200	-0.792925	-0.268683
0.440000	-3.802767	-0.596112	0.632408	0.348897	-0.797113	-0.276721
0.460000	-3.990987	-0.649946	0.623949	0.343207	-0.800109	-0.284071
0.480000	-4.138520	-0.706289	0.619107	0.337135	-0.801630	-0.290686
0.500000	-4.239522	-0.764718	0.618652	0.330690	-0.801410	-0.296522
0.520000	-4.293193	-0.824466	0.622452	0.323915	-0.799441	-0.301615
0.540000	-4.303252	-0.884462	0.629567	0.316883	-0.795955	-0.306075
0.560000	-4.273578	-0.943623	0.639028	0.309668	-0.791190	-0.310013
0.580000	-4.208051	-1.000867	0.649865	0.302346	-0.785383	-0.313539
0.600000	-4.110551	-1.055111	0.661110	0.294989	-0.778773	-0.316766
0.620000	-3.984956	-1.105273	0.671795	0.287674	-0.771599	-0.319803
0.640000	-3.835147	-1.150271	0.680949	0.280474	-0.764098	-0.322763
0.660000	-3.665002	-1.189022	0.687605	0.273464	-0.756510	-0.325756
0.680000	-3.478401	-1.220444	0.690793	0.266718	-0.749072	-0.328895
0.700000	-3.279223	-1.243455	0.689544	0.260312	-0.742022	-0.332289
0.720000	-3.071348	-1.256971	0.682890	0.254319	-0.735600	-0.336050
0.740000	-2.858655	-1.259911	0.669861	0.248814	-0.730042	-0.340289
0.760000	-2.645024	-1.251192	0.649490	0.243871	-0.725588	-0.345118
0.780000	-2.434334	-1.229732	0.620805	0.239565	-0.722476	-0.350648
0.800000	-2.230464	-1.194449	0.582840	0.235971	-0.720944	-0.356989
0.820000	-2.037281	-1.144273	0.534635	0.233162	-0.721229	-0.364253
0.840000	-1.857490	-1.079309	0.476127	0.231170	-0.723463	-0.372484
0.860000	-1.691769	-1.001718	0.408819	0.229952	-0.727593	-0.381610
0.880000	-1.540589	-0.913866	0.334372	0.229455	-0.733548	-0.391550
0.900000	-1.404423	-0.818119	0.254448	0.229631	-0.741256	-0.402222
0.920000	-1.283741	-0.716845	0.170707	0.230426	-0.750646	-0.413541
0.940000	-1.179017	-0.612411	0.084812	0.231792	-0.761646	-0.425427
0.960000	-1.090721	-0.507184	-0.001577	0.233676	-0.774186	-0.437797
0.980000	-1.019325	-0.403531	-0.086797	0.236027	-0.788193	-0.450567
1.000000	-0.965301	-0.303818	-0.169189	0.238795	-0.803596	-0.463656
1.020000	-0.929122	-0.210413	-0.247089	0.241929	-0.820325	-0.476982
1.040000	-0.911258	-0.125682	-0.318838	0.245378	-0.838307	-0.490461
1.060000	-0.912182	-0.051993	-0.382773	0.249091	-0.857471	-0.504012
1.080000	-0.932366	0.008287	-0.437234	0.253016	-0.877746	-0.517551
1.100000	-0.972280	0.052792	-0.480559	0.257104	-0.899060	-0.530996
1.120000	-1.032398	0.079154	-0.511086	0.261302	-0.921343	-0.544266
1.140000	-1.113015	0.085195	-0.527299	0.265562	-0.944514	-0.557276
1.160000	-1.211957	0.071378	-0.529729	0.269846	-0.968389	-0.569948
1.180000	-1.325215	0.040131	-0.520421	0.274129	-0.992706	-0.582200
1.200000	-1.448737	-0.006075	-0.501458	0.278386	-1.017199	-0.593954
1.220000	-1.578474	-0.064768	-0.474922	0.282590	-1.041603	-0.605129
1.240000	-1.710374	-0.133475	-0.442895	0.286716	-1.065652	-0.615646
1.260000	-1.840387	-0.209725	-0.407459	0.290739	-1.089083	-0.625426
1.280000	-1.964459	-0.291046	-0.370697	0.294632	-1.111630	-0.634388
1.300000	-2.078542	-0.374965	-0.334690	0.298370	-1.133027	-0.642453
1.320000	-2.178584	-0.459011	-0.301521	0.301927	-1.153011	-0.649541
1.340000	-2.260533	-0.540711	-0.273273	0.305279	-1.171315	-0.655573
1.360000	-2.320339	-0.617594	-0.252027	0.308398	-1.187675	-0.660469
1.380000	-2.353951	-0.687187	-0.239865	0.311259	-1.201826	-0.664149
1.400000	-2.357317	-0.747019	-0.238870	0.313838	-1.213502	-0.666534
1.420000	-2.326386	-0.794617	-0.251123	0.316107	-1.222439	-0.667544
1.440000	-2.257109	-0.827510	-0.278708	0.318042	-1.228372	-0.667099
1.460000	-2.145499	-0.843257	-0.323670	0.319617	-1.231039	-0.665121
1.480000	-1.990912	-0.841025	-0.386271	0.320832	-1.230376	-0.661597
1.500000	-1.797512	-0.822295	-0.464199	0.321721	-1.226599	-0.656607
1.520000	-1.569840	-0.788729	-0.554943	0.322324	-1.219949	-0.650239
1.540000	-1.312436	-0.741989	-0.655991	0.322677	-1.210663	-0.642580
1.560000	-1.029840	-0.683735	-0.764831	0.322819	-1.198983	-0.633718
1.580000	-0.726591	-0.615629	-0.878951	0.322788	-1.185146	-0.623741
1.600000	-0.407230	-0.539334	-0.995839	0.322621	-1.169393	-0.612737
1.620000	-0.076296	-0.456510	-1.112984	0.322357	-1.151963	-0.600793
1.640000	0.261670	-0.368818	-1.227874	0.322034	-1.133094	-0.587997
1.660000	0.602129	-0.277922	-1.337998	0.321689	-1.113027	-0.574437
1.680000	0.940540	-0.185481	-1.440843	0.321360	-1.092001	-0.560201
1.700000	1.272364	-0.093159	-1.533897	0.321086	-1.070254	-0.545376
1.720000	1.593060	-0.002615	-1.614650	0.320904	-1.048027	-0.530050
1.740000	1.898089	0.084488	-1.680589	0.320852	-1.025559	-0.514310
1.760000	2.182911	0.166489	-1.729202	0.320968	-1.003088	-0.498245
1.780000	2.443288	0.241900	-1.758192	0.321287	-0.980846	-0.481940
1.800000	2.678252	0.311111	-1.767576	0.321814	-0.958959	-0.465472
1.820000	2.888830	0.375661	-1.758785	0.322531	-0.937493	-0.448906
1.840000	3.076079	0.437104	-1.733271	0.323424	-0.916512	-0.432311
1.860000	3.241055	0.496994	-1.692485	0.324476	-0.896082	-0.415752
1.880000	3.384816	0.556886	-1.637878	0.325671	-0.876266	-0.399298
1.900000	3.508418	0.618334	-1.570902	0.326995	-0.857129	-0.383016
1.920000	3.612918	0.682893	-1.493008	0.328430	-0.838736	-0.366973
1.940000	3.699372	0.752116	-1.405647	0.329961	-0.821151	-0.351236
1.960000	3.768836	0.827559	-1.310272	0.331572	-0.804439	-0.335873
1.980000	3.822368	0.910775	-1.208332	0.333248	-0.788663	-0.320949
2.000000	3.861024	1.003319	-1.101281	0.334972	-0.773890	-0.306534
2.020000	3.885861	1.106746	-0.990568	0.336728	-0.760182	-0.292693
2.040000	3.897934	1.222609	-0.877646	0.338501	-0.747605	-0.279495
2.060000	3.898302	1.352464	-0.763966	0.340275	-0.736224	-0.267006
2.080000	3.888020	1.497864	-0.650979	0.342033	-0.726101	-0.255293
2.100000	3.868125	1.660282	-0.540123	0.343761	-0.717302	-0.244422
2.120000	3.839010	1.838566	-0.432374	0.345449	-0.709852	-0.234395
2.140000	3.800302	2.028432	-0.328166	0.347095	-0.703731	-0.225138
2.160000	3.751583	2.225417	-0.227896	0.348699	-0.698918	-0.216573
2.180000	3.692435	2.425056	-0.131964	0.350260	-0.695390	-0.208624
2.200000	3.622440	2.622885	-0.040770	0.351776	-0.693126	-0.201211
2.220000	3.541179	2.814439	0.045289	0.353246	-0.692104	-0.194258
2.240000	3.448235	2.995253	0.125811	0.354670	-0.692303	-0.187685
2.260000	3.343190	3.160864	0.200399	0.356047	-0.693699	-0.181417
2.280000	3.225625	3.306807	0.268653	0.357375	-0.696272	-0.175374
2.300000	3.095122	3.428618	0.330174	0.358653	-0.700000	-0.169479
2.320000	2.951264	3.521831	0.384562	0.359881	-0.704860	-0.163655
2.340000	2.793632	3.581983	0.431419	0.361057	-0.710831	-0.157823
2.360000	2.621809	3.604609	0.470345	0.362181	-0.717891	-0.151905
2.380000	2.435375	3.585244	0.500941	0.363251	-0.726018	-0.145825
2.400000	2.233914	3.519424	0.522808	0.364266	-0.735191	-0.139503
2.420000	2.017269	3.403464	0.535629	0.365226	-0.745379	-0.132873
2.440000	1.787500	3.240240	0.539797	0.366129	-0.756492	-0.125948
2.460000	1.547776	3.035921	0.536054	0.366975	-0.768407	-0.118785
2.480000	1.301273	2.796699	0.525148	0.367763	-0.781000	-0.111440
2.500000	1.051170	2.528767	0.507825	0.368491	-0.794148	-0.103969
2.520000	0.800643	2.238317	0.484832	0.369160	-0.807729	-0.096428
2.540000	0.552869	1.931542	0.456916	0.369768	-0.821619	-0.088874
2.560000	0.311027	1.614634	0.424823	0.370314	-0.835695	-0.081363
2.580000	0.078293	1.293787	0.389301	0.370798	-0.849834	-0.073951
2.600000	-0.142156	0.975193	0.351097	0.371218	-0.863913	-0.066694
2.620000	-0.347142	0.665044	0.310956	0.371575	-0.877810	-0.059649
2.640000	-0.533487	0.369533	0.269627	0.371867	-0.891399	-0.052873
2.660000	-0.698016	0.094853	0.227855	0.372092	-0.904560	-0.046420
2.680000	-0.837549	-0.152804	0.186387	0.372251	-0.917168	-0.040348
2.700000	-0.948911	-0.367245	0.145971	0.372343	-0.929101	-0.034713
2.720000	-1.028923	-0.542277	0.107353	0.372367	-0.940235	-0.029571
2.740000	-1.074409	-0.671708	0.071279	0.372321	-0.950448	-0.024978
2.760000	-1.083301	-0.750862	0.038364	0.372201	-0.959628	-0.020985
2.780000	-1.059095	-0.782660	0.008547	0.371987	-0.967725	-0.017610
2.800000	-1.007027	-0.772399	-0.018437	0.371650	-0.974706	-0.014864
2.820000	-0.932332	-0.725378	-0.042859	0.371163	-0.980540	-0.012756
2.840000	-0.840246	-0.646893	-0.064985	0.370499	-0.985195	-0.011295
2.860000	-0.736003	-0.542242	-0.085084	0.369630	-0.988640	-0.010490
2.880000	-0.624840	-0.416723	-0.103423	0.368530	-0.990841	-0.010353
2.900000	-0.511992	-0.275634	-0.120272	0.367171	-0.991768	-0.010891
2.920000	-0.402694	-0.124271	-0.135898	0.365526	-0.991389	-0.012116
2.940000	-0.302183	0.032066	-0.150569	0.363567	-0.989671	-0.014035
2.960000	-0.215693	0.188082	-0.164553	0.361268	-0.986583	-0.016660
2.980000	-0.148460	0.338477	-0.178118	0.358601	-0.982093	-0.019999
3.000000	-0.105719	0.477954	-0.191532	0.355538	-0.976169	-0.024061
3.020000	-0.092707	0.601217	-0.205064	0.352053	-0.968780	-0.028858
3.040000	-0.114658	0.702967	-0.218982	0.348118	-0.959892	-0.034397
3.060000	-0.175876	0.778580	-0.233446	0.343721	-0.949505	-0.040684
3.080000	-0.274446	0.827934	-0.247900	0.338950	-0.937809	-0.047684
3.100000	-0.405908	0.852745	-0.261495	0.333931	-0.925076	-0.055348
3.120000	-0.565795	0.854737	-0.273382	0.328794	-0.911579	-0.063627
3.140000	-0.749639	0.835633	-0.282710	0.323667	-0.897589	-0.072472
3.160000	-0.952973	0.797156	-0.288630	0.318678	-0.883378	-0.081833
3.180000	-1.171328	0.741029	-0.290291	0.313954	-0.869219	-0.091661
3.200000	-1.400238	0.668975	-0.286844	0.309625	-0.855383	-0.101907
3.220000	-1.635235	0.582717	-0.277439	0.305818	-0.842142	-0.112522
3.240000	-1.871851	0.483979	-0.261225	0.302662	-0.829768	-0.123457
3.260000	-2.105619	0.374484	-0.237354	0.300285	-0.818534	-0.134661
3.280000	-2.332071	0.255953	-0.204974	0.298815	-0.808710	-0.146087
3.300000	-2.546741	0.130112	-0.163237	0.298380	-0.800570	-0.157684
3.320000	-2.745159	-0.001318	-0.111291	0.299109	-0.794384	-0.169405
3.340000	-2.922859	-0.136612	-0.048288	0.301129	-0.790425	-0.181198
3.360000	-3.075373	-0.274049	0.026623	0.304569	-0.788966	-0.193015
3.380000	-3.198234	-0.411904	0.114292	0.309557	-0.790277	-0.204808
3.400000	-3.288145	-0.548581	0.215105	0.316158	-0.794536	-0.216543
3.420000	-3.346532	-0.682985	0.327584	0.324180	-0.801538	-0.228260
3.440000	-3.376007	-0.814151	0.449782	0.333368	-0.810982	-0.240014
3.460000	-3.379180	-0.941111	0.579751	0.343465	-0.822567	-0.251861
3.480000	-3.358665	-1.062899	0.715543	0.354216	-0.835991	-0.263859
3.500000	-3.317074	-1.178549	0.855211	0.365366	-0.850954	-0.276061
3.520000	-3.257018	-1.287095	0.996806	0.376657	-0.867154	-0.288526
