0.000000	-2.138448	-0.714905	0.075850	0.411908	-0.917698	-0.003059
0.020000	-2.425537	-0.839758	0.071938	0.401364	-0.913281	-0.010683
0.040000	-2.742489	-0.966605	0.064762	0.389647	-0.907736	-0.019709
0.060000	-3.083082	-1.094065	0.054937	0.377037	-0.901270	-0.030034
0.080000	-3.441092	-1.220755	0.043077	0.363811	-0.894085	-0.041551
0.100000	-3.810295	-1.345294	0.029797	0.350249	-0.886387	-0.054158
0.120000	-4.184468	-1.466301	0.015712	0.336629	-0.878379	-0.067749
0.140000	-4.557388	-1.582395	0.001436	0.323232	-0.870268	-0.082220
0.160000	-4.922830	-1.692194	-0.012416	0.310334	-0.862257	-0.097466
0.180000	-5.274572	-1.794316	-0.025230	0.298217	-0.854550	-0.113382
0.200000	-5.606390	-1.887381	-0.036390	0.287158	-0.847353	-0.129865
0.220000	-5.912061	-1.970006	-0.045283	0.277436	-0.840869	-0.146810
0.240000	-6.185360	-2.040811	-0.051294	0.269331	-0.835304	-0.164111
0.260000	-6.420065	-2.098414	-0.053807	0.263121	-0.830862	-0.181665
0.280000	-6.609951	-2.141433	-0.052210	0.259085	-0.827746	-0.199367
0.300000	-6.748796	-2.168488	-0.045886	0.257502	-0.826163	-0.217112
0.320000	-6.830376	-2.178196	-0.034221	0.258651	-0.826316	-0.234796
0.340000	-6.848468	-2.169176	-0.016601	0.262811	-0.828410	-0.252314
0.360000	-6.798716	-2.140427	0.007399	0.270161	-0.832585	-0.269575
0.380000	-6.685811	-2.092788	0.037285	0.280391	-0.838667	-0.286558
0.400000	-6.517178	-2.027653	0.072285	0.293047	-0.846388	-0.303258
0.420000	-6.300242	-1.946416	0.111627	0.307671	-0.855482	-0.319673
0.440000	-6.042430	-1.850473	0.154539	0.323810	-0.865679	-0.335801
0.460000	-5.751166	-1.741218	0.200250	0.341006	-0.876712	-0.351639
0.480000	-5.433876	-1.620046	0.247987	0.358805	-0.888312	-0.367184
0.500000	-5.097985	-1.488351	0.296979	0.376750	-0.900213	-0.382433
0.520000	-4.750919	-1.347529	0.346453	0.394386	-0.912146	-0.397385
0.540000	-4.400103	-1.198974	0.395638	0.411256	-0.923843	-0.412035
0.560000	-4.052963	-1.044080	0.443762	0.426906	-0.935036	-0.426383
0.580000	-3.716924	-0.884243	0.490052	0.440880	-0.945457	-0.440424
0.600000	-3.399404	-0.720857	0.533738	0.452722	-0.954839	-0.454156
0.620000	-3.105584	-0.555331	0.574261	0.462142	-0.963016	-0.467581
0.640000	-2.835132	-0.389111	0.611587	0.469253	-0.970072	-0.480708
0.660000	-2.586887	-0.223647	0.645761	0.474231	-0.976127	-0.493547
0.680000	-2.359687	-0.060389	0.676829	0.477251	-0.981305	-0.506111
0.700000	-2.152371	0.099212	0.704835	0.478489	-0.985726	-0.518410
0.720000	-1.963776	0.253707	0.729824	0.478119	-0.989513	-0.530456
0.740000	-1.792742	0.401644	0.751841	0.476317	-0.992786	-0.542258
0.760000	-1.638106	0.541573	0.770932	0.473257	-0.995668	-0.553830
0.780000	-1.498707	0.672044	0.787142	0.469116	-0.998280	-0.565181
0.800000	-1.373383	0.791607	0.800514	0.464067	-1.000744	-0.576322
0.820000	-1.260972	0.898811	0.811096	0.458287	-1.003181	-0.587265
0.840000	-1.160313	0.992206	0.818931	0.451951	-1.005714	-0.598022
0.860000	-1.070244	1.070341	0.824064	0.445233	-1.008463	-0.608602
0.880000	-0.989604	1.131766	0.826541	0.438309	-1.011551	-0.619017
0.900000	-0.917229	1.175031	0.826407	0.431354	-1.015099	-0.629278
0.920000	-0.851960	1.198685	0.823706	0.424544	-1.019228	-0.639397
0.940000	-0.792634	1.201278	0.818484	0.418053	-1.024061	-0.649383
0.960000	-0.738100	1.181645	0.810733	0.412040	-1.029695	-0.659240
0.980000	-0.687297	1.141100	0.799983	0.406525	-1.036016	-0.668887
1.000000	-0.639211	1.082232	0.785526	0.401454	-1.042803	-0.678202
1.020000	-0.592827	1.007641	0.766655	0.396773	-1.049831	-0.687064
1.040000	-0.547132	0.919925	0.742660	0.392429	-1.056880	-0.695349
1.060000	-0.501112	0.821685	0.712832	0.388367	-1.063725	-0.702936
1.080000	-0.453752	0.715520	0.676463	0.384534	-1.070144	-0.709703
1.100000	-0.404038	0.604029	0.632843	0.380877	-1.075914	-0.715527
1.120000	-0.350957	0.489812	0.581264	0.377340	-1.080812	-0.720287
1.140000	-0.293494	0.375468	0.521017	0.373871	-1.084616	-0.723859
1.160000	-0.230636	0.263596	0.451392	0.370416	-1.087102	-0.726123
1.180000	-0.161369	0.156796	0.371682	0.366920	-1.088047	-0.726956
1.200000	-0.084677	0.057668	0.281176	0.363330	-1.087229	-0.726235
1.220000	0.000452	-0.031190	0.179167	0.359592	-1.084425	-0.723839
1.240000	0.095032	-0.107177	0.064944	0.355653	-1.079412	-0.719645
1.260000	0.200006	-0.167836	-0.062059	0.351465	-1.071991	-0.713544
1.280000	0.315438	-0.212396	-0.200719	0.347060	-1.062240	-0.705587
1.300000	0.440816	-0.241206	-0.348796	0.342524	-1.050422	-0.695931
1.320000	0.575617	-0.254632	-0.504026	0.337943	-1.036803	-0.684731
1.340000	0.719318	-0.253043	-0.664149	0.333404	-1.021650	-0.672147
1.360000	0.871395	-0.236805	-0.826904	0.328991	-1.005230	-0.658336
1.380000	1.031326	-0.206287	-0.990028	0.324791	-0.987807	-0.643456
1.400000	1.198588	-0.161855	-1.151261	0.320891	-0.969650	-0.627664
1.420000	1.372658	-0.103877	-1.308340	0.317376	-0.951023	-0.611119
1.440000	1.553012	-0.032720	-1.459005	0.314333	-0.932193	-0.593977
1.460000	1.739128	0.051248	-1.600993	0.311848	-0.913427	-0.576397
1.480000	1.930482	0.147660	-1.732044	0.310006	-0.894991	-0.558536
1.500000	2.126551	0.256148	-1.849896	0.308894	-0.877150	-0.540553
1.520000	2.326813	0.376346	-1.952286	0.308598	-0.860172	-0.522604
1.540000	2.530745	0.507885	-2.036955	0.309205	-0.844323	-0.504849
1.560000	2.737822	0.650398	-2.101640	0.310799	-0.829868	-0.487443
1.580000	2.947502	0.803494	-2.144125	0.313466	-0.817071	-0.470543
1.600000	3.158430	0.965877	-2.163918	0.317203	-0.806076	-0.454211
1.620000	3.368210	1.135084	-2.162745	0.321898	-0.796871	-0.438390
1.640000	3.574379	1.308579	-2.142478	0.327434	-0.789437	-0.423016
1.660000	3.774472	1.483823	-2.104990	0.333690	-0.783752	-0.408023
1.680000	3.966024	1.658278	-2.052153	0.340548	-0.779795	-0.393346
1.700000	4.146573	1.829407	-1.985839	0.347889	-0.777546	-0.378920
1.720000	4.313653	1.994670	-1.907920	0.355594	-0.776985	-0.364682
1.740000	4.464800	2.151530	-1.820269	0.363544	-0.778090	-0.350565
1.760000	4.597550	2.297449	-1.724758	0.371620	-0.780840	-0.336505
1.780000	4.709440	2.429889	-1.623258	0.379703	-0.785215	-0.322437
1.800000	4.798004	2.546312	-1.517643	0.387674	-0.791195	-0.308296
1.820000	4.860778	2.644180	-1.409784	0.395415	-0.798758	-0.294018
1.840000	4.895299	2.720955	-1.301554	0.402806	-0.807883	-0.279536
1.860000	4.899102	2.774099	-1.194825	0.409728	-0.818551	-0.264788
1.880000	4.869723	2.801074	-1.091469	0.416063	-0.830739	-0.249707
1.900000	4.804702	2.799344	-0.993357	0.421691	-0.844428	-0.234228
1.920000	4.703176	2.767776	-0.901789	0.426531	-0.859517	-0.218339
1.940000	4.568402	2.708834	-0.816591	0.430596	-0.875702	-0.202153
1.960000	4.404288	2.625559	-0.737359	0.433914	-0.892647	-0.185810
1.980000	4.214742	2.520987	-0.663686	0.436513	-0.910016	-0.169444
2.000000	4.003672	2.398156	-0.595166	0.438421	-0.927471	-0.153192
2.020000	3.774987	2.260106	-0.531394	0.439667	-0.944678	-0.137191
2.040000	3.532594	2.109873	-0.471963	0.440280	-0.961298	-0.121578
2.060000	3.280403	1.950497	-0.416469	0.440286	-0.976997	-0.106490
2.080000	3.022321	1.785015	-0.364505	0.439715	-0.991437	-0.092062
2.100000	2.762256	1.616465	-0.315665	0.438594	-1.004283	-0.078432
2.120000	2.504118	1.447886	-0.269544	0.436953	-1.015197	-0.065736
2.140000	2.251814	1.282315	-0.225735	0.434818	-1.023844	-0.054110
2.160000	2.009252	1.122791	-0.183833	0.432219	-1.029888	-0.043692
2.180000	1.779974	0.972090	-0.143489	0.429188	-1.033044	-0.034599
2.200000	1.564798	0.831040	-0.104771	0.425793	-1.033424	-0.026808
2.220000	1.363312	0.699589	-0.067938	0.422118	-1.031314	-0.020235
2.240000	1.175100	0.577686	-0.033249	0.418245	-1.027003	-0.014793
2.260000	0.999746	0.465274	-0.000963	0.414259	-1.020779	-0.010396
2.280000	0.836834	0.362300	0.028662	0.410243	-1.012932	-0.006959
2.300000	0.685947	0.268710	0.055366	0.406281	-1.003749	-0.004396
2.320000	0.546668	0.184450	0.078890	0.402455	-0.993518	-0.002620
2.340000	0.418581	0.109464	0.098975	0.398850	-0.982529	-0.001546
2.360000	0.301271	0.043701	0.115363	0.395548	-0.971069	-0.001088
2.380000	0.194320	-0.012896	0.127795	0.392635	-0.959427	-0.001161
2.400000	0.097311	-0.060380	0.136010	0.390192	-0.947891	-0.001678
2.420000	0.009830	-0.098806	0.139752	0.388303	-0.936751	-0.002554
2.440000	-0.068542	-0.128227	0.138760	0.387052	-0.926293	-0.003702
2.460000	-0.138219	-0.148697	0.132775	0.386523	-0.916807	-0.005037
2.480000	-0.199619	-0.160272	0.121539	0.386799	-0.908581	-0.006473
2.500000	-0.253158	-0.163005	0.104792	0.387963	-0.901903	-0.007924
2.520000	-0.299272	-0.156965	0.082292	0.390096	-0.897056	-0.009306
2.540000	-0.339210	-0.142843	0.054456	0.393174	-0.894084	-0.010596
2.560000	-0.375330	-0.122178	0.022599	0.397025	-0.892704	-0.011858
2.580000	-0.410067	-0.096570	-0.011897	0.401469	-0.892611	-0.013161
2.600000	-0.445858	-0.067616	-0.047653	0.406327	-0.893499	-0.014574
2.620000	-0.485139	-0.036915	-0.083288	0.411416	-0.895062	-0.016165
2.640000	-0.530344	-0.006066	-0.117422	0.416557	-0.896995	-0.018003
2.660000	-0.583912	0.023332	-0.148675	0.421570	-0.898993	-0.020159
2.680000	-0.648277	0.049680	-0.175667	0.426273	-0.900750	-0.022699
2.700000	-0.725875	0.071380	-0.197016	0.430487	-0.901960	-0.025694
2.720000	-0.819142	0.086833	-0.211345	0.434030	-0.902319	-0.029213
2.740000	-0.930514	0.094440	-0.217270	0.436723	-0.901520	-0.033324
2.760000	-1.062428	0.092603	-0.213414	0.438384	-0.899257	-0.038097
2.780000	-1.217319	0.079722	-0.198395	0.438834	-0.895227	-0.043600
2.800000	-1.397623	0.054200	-0.170834	0.437892	-0.889122	-0.049902
2.820000	-1.605776	0.014436	-0.129349	0.435376	-0.880637	-0.057072
2.840000	-1.843742	-0.040923	-0.072776	0.431132	-0.869515	-0.065173
2.860000	-2.108765	-0.110809	-0.002092	0.425241	-0.855960	-0.074188
