0.000000	-5.353701	-1.379720	0.137330	0.260133	-0.793488	-0.155907
0.020000	-5.309612	-1.380157	0.131307	0.251751	-0.784533	-0.171464
0.040000	-5.250444	-1.374047	0.124174	0.244233	-0.776961	-0.187139
0.060000	-5.176691	-1.360774	0.115970	0.237790	-0.771045	-0.202845
0.080000	-5.088851	-1.339720	0.106735	0.232633	-0.767062	-0.218492
0.100000	-4.987418	-1.310269	0.096508	0.228974	-0.765284	-0.233991
0.120000	-4.872890	-1.271804	0.085329	0.227022	-0.765987	-0.249252
0.140000	-4.745764	-1.223714	0.073237	0.226989	-0.769445	-0.264189
0.160000	-4.606878	-1.165994	0.060424	0.228958	-0.775735	-0.278734
0.180000	-4.457727	-1.099822	0.047369	0.232775	-0.784556	-0.292866
0.200000	-4.299883	-1.026512	0.034586	0.238253	-0.795565	-0.306570
0.220000	-4.134915	-0.947377	0.022587	0.245208	-0.808416	-0.319829
0.240000	-3.964396	-0.863730	0.011886	0.253457	-0.822766	-0.332627
0.260000	-3.789897	-0.776886	0.002996	0.262813	-0.838270	-0.344949
0.280000	-3.612988	-0.688157	-0.003569	0.273093	-0.854584	-0.356779
0.300000	-3.435240	-0.598858	-0.007297	0.284112	-0.871363	-0.368100
0.320000	-3.258225	-0.510301	-0.007673	0.295685	-0.888263	-0.378897
0.340000	-3.083514	-0.423801	-0.004185	0.307628	-0.904940	-0.389153
0.360000	-2.912677	-0.340670	0.003681	0.319756	-0.921049	-0.398853
0.380000	-2.747287	-0.262223	0.016438	0.331884	-0.936246	-0.407980
0.400000	-2.588913	-0.189772	0.034599	0.343829	-0.950186	-0.416519
0.420000	-2.439127	-0.124632	0.058678	0.355404	-0.962525	-0.424453
0.440000	-2.299500	-0.068115	0.089187	0.366427	-0.972920	-0.431767
0.460000	-2.171420	-0.021037	0.126126	0.376753	-0.981192	-0.438470
0.480000	-2.055817	0.017035	0.168206	0.386345	-0.987582	-0.444635
0.500000	-1.953551	0.046730	0.213938	0.395181	-0.992398	-0.450347
0.520000	-1.865479	0.068677	0.261832	0.403241	-0.995945	-0.455687
0.540000	-1.792461	0.083503	0.310399	0.410502	-0.998531	-0.460741
0.560000	-1.735355	0.091837	0.358150	0.416942	-1.000462	-0.465590
0.580000	-1.695020	0.094307	0.403594	0.422541	-1.002043	-0.470319
0.600000	-1.672314	0.091541	0.445242	0.427277	-1.003583	-0.475011
0.620000	-1.668097	0.084169	0.481606	0.431127	-1.005386	-0.479749
0.640000	-1.683227	0.072817	0.511194	0.434071	-1.007761	-0.484616
0.660000	-1.718562	0.058114	0.532518	0.436088	-1.011012	-0.489697
0.680000	-1.774962	0.040690	0.544088	0.437155	-1.015448	-0.495074
0.700000	-1.853285	0.021171	0.544415	0.437250	-1.021373	-0.500831
0.720000	-1.954390	0.000187	0.532009	0.436354	-1.029096	-0.507051
0.740000	-2.079136	-0.021635	0.505380	0.434443	-1.038921	-0.513818
0.760000	-2.228381	-0.043666	0.463040	0.431496	-1.051157	-0.521215
0.780000	-2.402131	-0.065251	0.403939	0.427515	-1.066016	-0.529293
0.800000	-2.595815	-0.085592	0.329395	0.422630	-1.083212	-0.537933
0.820000	-2.803334	-0.103844	0.241516	0.417009	-1.102293	-0.546958
0.840000	-3.018587	-0.119162	0.142411	0.410825	-1.122806	-0.556192
0.860000	-3.235472	-0.130699	0.034188	0.404247	-1.144298	-0.565457
0.880000	-3.447889	-0.137610	-0.081044	0.397446	-1.166317	-0.574576
0.900000	-3.649736	-0.139049	-0.201175	0.390593	-1.188410	-0.583374
0.920000	-3.834913	-0.134171	-0.324099	0.383858	-1.210125	-0.591673
0.940000	-3.997318	-0.122131	-0.447705	0.377412	-1.231007	-0.599296
0.960000	-4.130850	-0.102082	-0.569885	0.371426	-1.250605	-0.606067
0.980000	-4.229409	-0.073180	-0.688531	0.366070	-1.268466	-0.611808
1.000000	-4.286893	-0.034578	-0.801533	0.361515	-1.284138	-0.616343
1.020000	-4.297202	0.014570	-0.906784	0.357931	-1.297166	-0.619495
1.040000	-4.254234	0.075107	-1.002174	0.355490	-1.307100	-0.621088
1.060000	-4.151889	0.147882	-1.085595	0.354361	-1.313485	-0.620944
1.080000	-3.984065	0.233737	-1.154938	0.354716	-1.315870	-0.618886
1.100000	-3.745274	0.333375	-1.208266	0.356705	-1.313838	-0.614755
1.120000	-3.437654	0.445684	-1.245772	0.360230	-1.307428	-0.608586
1.140000	-3.068501	0.568328	-1.269093	0.365026	-1.296989	-0.600552
1.160000	-2.645210	0.698948	-1.279892	0.370824	-1.282872	-0.590826
1.180000	-2.175176	0.835185	-1.279833	0.377356	-1.265433	-0.579581
1.200000	-1.665795	0.974680	-1.270579	0.384352	-1.245024	-0.566993
1.220000	-1.124461	1.115073	-1.253794	0.391545	-1.221998	-0.553235
1.240000	-0.558570	1.254005	-1.231141	0.398665	-1.196709	-0.538480
1.260000	0.024484	1.389116	-1.204284	0.405444	-1.169511	-0.522903
1.280000	0.617305	1.518049	-1.174886	0.411612	-1.140757	-0.506676
1.300000	1.212499	1.638443	-1.144611	0.416902	-1.110800	-0.489976
1.320000	1.802670	1.747939	-1.115123	0.421044	-1.079994	-0.472974
1.340000	2.380423	1.844177	-1.088084	0.423770	-1.048692	-0.455845
1.360000	2.938364	1.924800	-1.065158	0.424811	-1.017248	-0.438762
1.380000	3.469097	1.987447	-1.048009	0.423898	-0.986014	-0.421901
1.400000	3.965227	2.029759	-1.038301	0.420763	-0.955345	-0.405434
1.420000	4.420436	2.050019	-1.037218	0.415225	-0.925561	-0.389504
1.440000	4.833045	2.049274	-1.043885	0.407485	-0.896845	-0.374119
1.460000	5.202627	2.029320	-1.056871	0.397845	-0.869343	-0.359251
1.480000	5.528752	1.991949	-1.074745	0.386609	-0.843199	-0.344872
1.500000	5.810995	1.938954	-1.096076	0.374080	-0.818558	-0.330954
1.520000	6.048926	1.872130	-1.119432	0.360560	-0.795565	-0.317469
1.540000	6.242117	1.793271	-1.143384	0.346354	-0.774366	-0.304388
1.560000	6.390141	1.704169	-1.166498	0.331763	-0.755106	-0.291684
1.580000	6.492569	1.606619	-1.187346	0.317090	-0.737930	-0.279328
1.600000	6.548974	1.502414	-1.204494	0.302640	-0.722982	-0.267292
1.620000	6.558927	1.393348	-1.216513	0.288714	-0.710408	-0.255549
1.640000	6.522001	1.281215	-1.221972	0.275616	-0.700353	-0.244069
1.660000	6.437767	1.167807	-1.219438	0.263649	-0.692962	-0.232826
1.680000	6.305798	1.054920	-1.207482	0.253116	-0.688381	-0.221790
1.700000	6.125666	0.944346	-1.184672	0.244320	-0.686754	-0.210933
1.720000	5.896942	0.837878	-1.149577	0.237563	-0.688226	-0.200228
1.740000	5.619647	0.737191	-1.100959	0.233118	-0.692913	-0.189650
1.760000	5.298099	0.642791	-1.039427	0.230945	-0.700645	-0.179209
1.780000	4.939013	0.554540	-0.966620	0.230835	-0.711092	-0.168936
1.800000	4.549127	0.472289	-0.884188	0.232575	-0.723925	-0.158859
1.820000	4.135181	0.395892	-0.793783	0.235955	-0.738812	-0.149009
1.840000	3.703915	0.325202	-0.697054	0.240760	-0.755423	-0.139416
1.860000	3.262070	0.260071	-0.595652	0.246781	-0.773426	-0.130111
1.880000	2.816384	0.200353	-0.491228	0.253804	-0.792492	-0.121121
1.900000	2.373597	0.145901	-0.385430	0.261618	-0.812289	-0.112479
1.920000	1.940449	0.096568	-0.279911	0.270010	-0.832488	-0.104214
1.940000	1.523680	0.052206	-0.176320	0.278769	-0.852756	-0.096355
1.960000	1.130029	0.012669	-0.076308	0.287683	-0.872764	-0.088933
1.980000	0.766236	-0.022191	0.018475	0.296540	-0.892181	-0.081977
2.000000	0.439042	-0.052521	0.106379	0.305127	-0.910675	-0.075518
2.020000	0.155184	-0.078467	0.185753	0.313234	-0.927917	-0.069586
2.040000	-0.078596	-0.100176	0.254947	0.320647	-0.943576	-0.064210
2.060000	-0.258075	-0.117956	0.312824	0.327209	-0.957385	-0.059407
2.080000	-0.387753	-0.132663	0.360032	0.332953	-0.969303	-0.055144
2.100000	-0.474022	-0.145275	0.397602	0.337950	-0.979337	-0.051379
2.120000	-0.523272	-0.156771	0.426569	0.342275	-0.987495	-0.048069
2.140000	-0.541896	-0.168126	0.447965	0.346000	-0.993782	-0.045171
2.160000	-0.536284	-0.180320	0.462822	0.349198	-0.998207	-0.042644
2.180000	-0.512827	-0.194329	0.472174	0.351941	-1.000776	-0.040443
2.200000	-0.477917	-0.211131	0.477055	0.354303	-1.001496	-0.038527
2.220000	-0.437944	-0.231704	0.478496	0.356357	-1.000375	-0.036853
2.240000	-0.399301	-0.257025	0.477530	0.358175	-0.997419	-0.035379
2.260000	-0.368378	-0.288072	0.475192	0.359831	-0.992635	-0.034061
2.280000	-0.351567	-0.325821	0.472513	0.361397	-0.986031	-0.032857
2.300000	-0.355259	-0.371252	0.470526	0.362946	-0.977613	-0.031724
2.320000	-0.385844	-0.425340	0.470265	0.364551	-0.967389	-0.030621
2.340000	-0.449715	-0.489065	0.472763	0.366285	-0.955366	-0.029503
2.360000	-0.553262	-0.563403	0.479052	0.368221	-0.941550	-0.028329
2.380000	-0.701882	-0.649107	0.490001	0.370415	-0.925975	-0.027072
2.400000	-0.893458	-0.745238	0.505245	0.372795	-0.908870	-0.025819
2.420000	-1.122451	-0.850083	0.523853	0.375232	-0.890555	-0.024714
2.440000	-1.383301	-0.961925	0.544891	0.377595	-0.871349	-0.023898
2.460000	-1.670450	-1.079049	0.567428	0.379755	-0.851572	-0.023515
2.480000	-1.978339	-1.199738	0.590530	0.381581	-0.831544	-0.023705
2.500000	-2.301408	-1.322275	0.613263	0.382944	-0.811584	-0.024611
