0.000000	-3.799867	-1.125760	0.517065	0.385730	-0.744122	-0.117180
0.020000	-3.952083	-1.133974	0.605904	0.391024	-0.718182	-0.133670
0.040000	-4.087708	-1.126708	0.692210	0.396286	-0.694643	-0.150239
0.060000	-4.203955	-1.102288	0.774839	0.401427	-0.674175	-0.166793
0.080000	-4.298038	-1.059040	0.852645	0.406356	-0.657447	-0.183235
0.100000	-4.367169	-0.995290	0.924485	0.410981	-0.645128	-0.199473
0.120000	-4.408560	-0.909365	0.989214	0.415212	-0.637887	-0.215410
0.140000	-4.419428	-0.799592	1.045687	0.418959	-0.636394	-0.230952
0.160000	-4.398630	-0.666033	1.093149	0.422144	-0.640975	-0.246031
0.180000	-4.349327	-0.513285	1.131866	0.424728	-0.651066	-0.260641
0.200000	-4.275379	-0.346683	1.162269	0.426674	-0.665953	-0.274790
0.220000	-4.180645	-0.171561	1.184787	0.427950	-0.684926	-0.288485
0.240000	-4.068986	0.006745	1.199852	0.428519	-0.707272	-0.301734
0.260000	-3.944260	0.182901	1.207893	0.428349	-0.732282	-0.314542
0.280000	-3.810328	0.351574	1.209343	0.427403	-0.759243	-0.326916
0.300000	-3.671049	0.507428	1.204631	0.425648	-0.787443	-0.338865
0.320000	-3.530282	0.645129	1.194188	0.423049	-0.816172	-0.350394
0.340000	-3.391888	0.759343	1.178445	0.419572	-0.844718	-0.361511
0.360000	-3.259725	0.844735	1.157832	0.415181	-0.872369	-0.372223
0.380000	-3.137654	0.895970	1.132780	0.409842	-0.898414	-0.382536
0.400000	-3.029533	0.907715	1.103719	0.403521	-0.922142	-0.392458
0.420000	-2.939223	0.874634	1.071081	0.396183	-0.942840	-0.401995
0.440000	-2.870584	0.791393	1.035295	0.387794	-0.959799	-0.411155
0.460000	-2.827474	0.652658	0.996793	0.378319	-0.972305	-0.419945
0.480000	-2.812780	0.454743	0.955993	0.367758	-0.979812	-0.428374
0.500000	-2.823950	0.203190	0.913253	0.356316	-0.982693	-0.436471
0.520000	-2.856537	-0.093254	0.868905	0.344263	-0.981641	-0.444272
0.540000	-2.906094	-0.425836	0.823283	0.331872	-0.977347	-0.451812
0.560000	-2.968173	-0.785804	0.776723	0.319415	-0.970504	-0.459127
0.580000	-3.038326	-1.164406	0.729557	0.307166	-0.961806	-0.466251
0.600000	-3.112107	-1.552892	0.682120	0.295395	-0.951945	-0.473219
0.620000	-3.185068	-1.942507	0.634745	0.284375	-0.941614	-0.480068
0.640000	-3.252761	-2.324502	0.587767	0.274379	-0.931505	-0.486831
0.660000	-3.310738	-2.690123	0.541520	0.265678	-0.922312	-0.493545
0.680000	-3.354553	-3.030620	0.496338	0.258545	-0.914726	-0.500245
0.700000	-3.379757	-3.337240	0.452554	0.253253	-0.909441	-0.506965
0.720000	-3.381904	-3.601231	0.410503	0.250073	-0.907150	-0.513742
0.740000	-3.356546	-3.813841	0.370518	0.249278	-0.908544	-0.520609
0.760000	-3.299234	-3.966319	0.332934	0.251140	-0.914318	-0.527604
0.780000	-3.205536	-4.049940	0.298083	0.255931	-0.925160	-0.534760
0.800000	-3.073387	-4.060586	0.266050	0.263729	-0.941325	-0.542077
0.820000	-2.905786	-4.003996	0.236388	0.274205	-0.962133	-0.549478
0.840000	-2.706384	-3.887176	0.208583	0.286974	-0.986784	-0.556877
0.860000	-2.478834	-3.717131	0.182120	0.301655	-1.014479	-0.564187
0.880000	-2.226786	-3.500867	0.156485	0.317865	-1.044417	-0.571322
0.900000	-1.953893	-3.245390	0.131164	0.335219	-1.075798	-0.578194
0.920000	-1.663805	-2.957705	0.105641	0.353335	-1.107823	-0.584718
0.940000	-1.360174	-2.644818	0.079402	0.371829	-1.139691	-0.590807
0.960000	-1.046652	-2.313736	0.051934	0.390320	-1.170604	-0.596375
0.980000	-0.726890	-1.971463	0.022720	0.408422	-1.199760	-0.601334
1.000000	-0.404540	-1.625005	-0.008752	0.425755	-1.226361	-0.605598
1.020000	-0.083252	-1.281369	-0.042998	0.441933	-1.249606	-0.609080
1.040000	0.233320	-0.947559	-0.080532	0.456575	-1.268696	-0.611695
1.060000	0.541527	-0.630582	-0.121869	0.469297	-1.282830	-0.613356
1.080000	0.837716	-0.337443	-0.167523	0.479716	-1.291209	-0.613975
1.100000	1.118237	-0.075149	-0.218009	0.487449	-1.293033	-0.613466
1.120000	1.379485	0.149397	-0.273827	0.492119	-1.287517	-0.611745
1.140000	1.619976	0.333708	-0.334879	0.493615	-1.274522	-0.608774
1.160000	1.841118	0.481331	-0.400250	0.492191	-1.254791	-0.604581
1.180000	2.044525	0.596250	-0.468963	0.488124	-1.229132	-0.599203
1.200000	2.231815	0.682446	-0.540045	0.481696	-1.198352	-0.592671
1.220000	2.404603	0.743902	-0.612519	0.473184	-1.163259	-0.585022
1.240000	2.564504	0.784601	-0.685412	0.462869	-1.124659	-0.576288
1.260000	2.713135	0.808525	-0.757747	0.451029	-1.083359	-0.566503
1.280000	2.852112	0.819656	-0.828550	0.437943	-1.040167	-0.555703
1.300000	2.983049	0.821977	-0.896846	0.423892	-0.995891	-0.543920
1.320000	3.107564	0.819471	-0.961659	0.409153	-0.951337	-0.531190
1.340000	3.227271	0.816118	-1.022015	0.394007	-0.907312	-0.517545
1.360000	3.343787	0.815903	-1.076939	0.378732	-0.864623	-0.503021
1.380000	3.458727	0.822808	-1.125455	0.363608	-0.824079	-0.487651
1.400000	3.573708	0.840814	-1.166589	0.348914	-0.786486	-0.471470
1.420000	3.690330	0.873877	-1.199375	0.334928	-0.752647	-0.454511
1.440000	3.809009	0.923524	-1.223644	0.321844	-0.723030	-0.436836
1.460000	3.928080	0.987037	-1.240626	0.309710	-0.697512	-0.418554
1.480000	4.045666	1.061270	-1.251691	0.298560	-0.675912	-0.399777
1.500000	4.159892	1.143075	-1.258208	0.288424	-0.658049	-0.380619
1.520000	4.268884	1.229306	-1.261547	0.279336	-0.643742	-0.361191
1.540000	4.370766	1.316814	-1.263079	0.271329	-0.632810	-0.341609
1.560000	4.463662	1.402454	-1.264173	0.264436	-0.625070	-0.321984
1.580000	4.545697	1.483077	-1.266200	0.258688	-0.620343	-0.302429
1.600000	4.614997	1.555537	-1.270529	0.254118	-0.618446	-0.283058
1.620000	4.669685	1.616687	-1.278530	0.250760	-0.619199	-0.263983
1.640000	4.707886	1.663380	-1.291572	0.248646	-0.622419	-0.245319
1.660000	4.727725	1.692468	-1.311027	0.247808	-0.627927	-0.227176
1.680000	4.727327	1.700805	-1.338264	0.248279	-0.635540	-0.209670
1.700000	4.704816	1.685244	-1.374653	0.250093	-0.645077	-0.192912
1.720000	4.658317	1.642637	-1.421563	0.253280	-0.656357	-0.177016
1.740000	4.586113	1.570109	-1.480221	0.257868	-0.669198	-0.162089
1.760000	4.488720	1.468633	-1.549812	0.263782	-0.683404	-0.148157
1.780000	4.368308	1.342033	-1.628011	0.270878	-0.698766	-0.135182
1.800000	4.227087	1.194199	-1.712457	0.279007	-0.715080	-0.123129
1.820000	4.067267	1.029021	-1.800789	0.288021	-0.732137	-0.111961
1.840000	3.891058	0.850391	-1.890645	0.297773	-0.749731	-0.101639
1.860000	3.700670	0.662198	-1.979664	0.308114	-0.767654	-0.092128
1.880000	3.498312	0.468334	-2.065486	0.318897	-0.785700	-0.083390
1.900000	3.286194	0.272688	-2.145750	0.329975	-0.803662	-0.075388
1.920000	3.066526	0.079152	-2.218093	0.341198	-0.821332	-0.068085
1.940000	2.841517	-0.108384	-2.280156	0.352420	-0.838504	-0.061444
1.960000	2.613378	-0.286029	-2.329577	0.363492	-0.854971	-0.055427
1.980000	2.384318	-0.449893	-2.363994	0.374267	-0.870525	-0.049999
2.000000	2.156547	-0.596086	-2.381048	0.384597	-0.884960	-0.045120
2.020000	1.932274	-0.720716	-2.378376	0.394333	-0.898068	-0.040755
2.040000	1.713711	-0.819893	-2.353619	0.403329	-0.909643	-0.036867
2.060000	1.503065	-0.889727	-2.304413	0.411437	-0.919478	-0.033418
2.080000	1.302335	-0.926935	-2.228827	0.418524	-0.927395	-0.030372
2.100000	1.111848	-0.933038	-2.128295	0.424594	-0.933456	-0.027699
2.120000	0.931135	-0.911830	-2.005849	0.429712	-0.937835	-0.025370
2.140000	0.759727	-0.867119	-1.864532	0.433942	-0.940706	-0.023359
2.160000	0.597152	-0.802713	-1.707383	0.437351	-0.942243	-0.021636
2.180000	0.442938	-0.722420	-1.537446	0.440003	-0.942620	-0.020176
2.200000	0.296616	-0.630048	-1.357761	0.441964	-0.942013	-0.018950
2.220000	0.157712	-0.529406	-1.171370	0.443300	-0.940595	-0.017930
2.240000	0.025757	-0.424301	-0.981314	0.444075	-0.938542	-0.017088
2.260000	-0.099720	-0.318542	-0.790636	0.444355	-0.936026	-0.016398
2.280000	-0.219192	-0.215937	-0.602376	0.444207	-0.933223	-0.015831
2.300000	-0.333129	-0.120293	-0.419576	0.443694	-0.930307	-0.015359
2.320000	-0.442003	-0.035420	-0.245278	0.442882	-0.927453	-0.014956
2.340000	-0.546283	0.034876	-0.082523	0.441837	-0.924834	-0.014592
2.360000	-0.646443	0.086785	0.065647	0.440625	-0.922626	-0.014242
2.380000	-0.742953	0.116501	0.196192	0.439310	-0.921003	-0.013875
2.400000	-0.836375	0.121615	0.306991	0.437953	-0.920065	-0.013488
2.420000	-0.927542	0.103788	0.398603	0.436596	-0.919705	-0.013132
2.440000	-1.017331	0.065421	0.472077	0.435281	-0.919774	-0.012875
2.460000	-1.106621	0.008914	0.528457	0.434048	-0.920124	-0.012782
2.480000	-1.196293	-0.063332	0.568790	0.432938	-0.920608	-0.012919
2.500000	-1.287224	-0.148917	0.594123	0.431992	-0.921078	-0.013351
2.520000	-1.380294	-0.245441	0.605501	0.431250	-0.921386	-0.014143
2.540000	-1.476382	-0.350504	0.603971	0.430752	-0.921385	-0.015362
2.560000	-1.576367	-0.461705	0.590580	0.430540	-0.920926	-0.017074
