0.000000	-1.929481	-0.171264	0.324563	0.362751	-0.868957	0.023019
0.020000	-2.311866	-0.402363	0.352609	0.363029	-0.860304	0.016717
0.040000	-2.700350	-0.637284	0.377832	0.363420	-0.852122	0.010167
0.060000	-3.088811	-0.871882	0.399141	0.363908	-0.844619	0.003383
0.080000	-3.471128	-1.102011	0.415446	0.364479	-0.838003	-0.003624
0.100000	-3.841181	-1.323526	0.425657	0.365118	-0.832483	-0.010839
0.120000	-4.192849	-1.532283	0.428682	0.365811	-0.828267	-0.018252
0.140000	-4.520011	-1.724137	0.423433	0.366543	-0.825564	-0.025848
0.160000	-4.816548	-1.894943	0.408817	0.367299	-0.824582	-0.033616
0.180000	-5.076347	-2.040562	0.383748	0.368064	-0.825530	-0.041542
0.200000	-5.295750	-2.158459	0.347895	0.368831	-0.828493	-0.049629
0.220000	-5.476750	-2.249792	0.302669	0.369606	-0.833272	-0.057910
0.240000	-5.622137	-2.316241	0.249726	0.370401	-0.839631	-0.066424
0.260000	-5.734697	-2.359484	0.190723	0.371223	-0.847332	-0.075208
0.280000	-5.817219	-2.381200	0.127317	0.372083	-0.856137	-0.084302
0.300000	-5.872493	-2.383067	0.061163	0.372990	-0.865809	-0.093743
0.320000	-5.903305	-2.366765	-0.006080	0.373954	-0.876110	-0.103571
0.340000	-5.912445	-2.333972	-0.072757	0.374985	-0.886803	-0.113823
0.360000	-5.902700	-2.286366	-0.137211	0.376092	-0.897650	-0.124538
0.380000	-5.876860	-2.225626	-0.197786	0.377285	-0.908414	-0.135754
0.400000	-5.837711	-2.153432	-0.252824	0.378573	-0.918857	-0.147510
0.420000	-5.788044	-2.071461	-0.300670	0.379966	-0.928742	-0.159844
0.440000	-5.730645	-1.981392	-0.339667	0.381474	-0.937831	-0.172794
0.460000	-5.668303	-1.884905	-0.368158	0.383105	-0.945886	-0.186400
0.480000	-5.603807	-1.783677	-0.384487	0.384871	-0.952671	-0.200699
0.500000	-5.539945	-1.679388	-0.386997	0.386780	-0.957947	-0.215729
0.520000	-5.479505	-1.573716	-0.374031	0.388842	-0.961477	-0.231530
0.540000	-5.425269	-1.468339	-0.343938	0.391067	-0.963024	-0.248139
0.560000	-5.378472	-1.364679	-0.296128	0.393436	-0.962509	-0.265549
0.580000	-5.336828	-1.263580	-0.232432	0.395873	-0.960210	-0.283651
0.600000	-5.297563	-1.165803	-0.155014	0.398288	-0.956455	-0.302319
0.620000	-5.257904	-1.072112	-0.066042	0.400596	-0.951573	-0.321429
0.640000	-5.215077	-0.983268	0.032320	0.402708	-0.945892	-0.340858
0.660000	-5.166309	-0.900034	0.137906	0.404539	-0.939739	-0.360480
0.680000	-5.108825	-0.823173	0.248551	0.406001	-0.933444	-0.380172
0.700000	-5.039851	-0.753446	0.362090	0.407006	-0.927335	-0.399808
0.720000	-4.956615	-0.691616	0.476355	0.407468	-0.921738	-0.419264
0.740000	-4.856343	-0.638446	0.589183	0.407299	-0.916984	-0.438417
0.760000	-4.736260	-0.594698	0.698408	0.406413	-0.913400	-0.457141
0.780000	-4.593594	-0.561135	0.801863	0.404722	-0.911314	-0.475313
0.800000	-4.425569	-0.538518	0.897384	0.402139	-0.911054	-0.492807
0.820000	-4.229414	-0.527610	0.982805	0.398577	-0.912949	-0.509500
0.840000	-4.002723	-0.529012	1.056081	0.393962	-0.917294	-0.525275
0.860000	-3.747185	-0.541525	1.116510	0.388378	-0.924028	-0.540095
0.880000	-3.467032	-0.562831	1.164224	0.382003	-0.932866	-0.553978
0.900000	-3.166536	-0.590597	1.199366	0.375016	-0.943522	-0.566939
0.920000	-2.849969	-0.622490	1.222082	0.367599	-0.955707	-0.578995
0.940000	-2.521601	-0.656174	1.232515	0.359932	-0.969134	-0.590162
0.960000	-2.185706	-0.689317	1.230811	0.352194	-0.983516	-0.600456
0.980000	-1.846553	-0.719584	1.217112	0.344566	-0.998565	-0.609895
1.000000	-1.508415	-0.744642	1.191565	0.337228	-1.013993	-0.618495
1.020000	-1.175563	-0.762156	1.154312	0.330361	-1.029513	-0.626271
1.040000	-0.852270	-0.769793	1.105499	0.324144	-1.044837	-0.633241
1.060000	-0.542805	-0.765218	1.045269	0.318758	-1.059678	-0.639421
1.080000	-0.251442	-0.746099	0.973768	0.314383	-1.073749	-0.644827
1.100000	0.017550	-0.710100	0.891139	0.311200	-1.086761	-0.649476
1.120000	0.259897	-0.654888	0.797527	0.309388	-1.098428	-0.653384
1.140000	0.471583	-0.578266	0.693125	0.309116	-1.108473	-0.656567
1.160000	0.652593	-0.480194	0.578893	0.310375	-1.116802	-0.659021
1.180000	0.806101	-0.362348	0.456401	0.313010	-1.123467	-0.660728
1.200000	0.935365	-0.226452	0.327239	0.316867	-1.128521	-0.661669
1.220000	1.043646	-0.074230	0.192992	0.321787	-1.132020	-0.661826
1.240000	1.134205	0.092595	0.055250	0.327614	-1.134018	-0.661181
1.260000	1.210302	0.272299	-0.084401	0.334192	-1.134571	-0.659715
1.280000	1.275197	0.463158	-0.224373	0.341363	-1.133733	-0.657409
1.300000	1.332150	0.663448	-0.363078	0.348971	-1.131559	-0.654245
1.320000	1.384422	0.871446	-0.498929	0.356859	-1.128104	-0.650204
1.340000	1.435272	1.085427	-0.630337	0.364871	-1.123422	-0.645269
1.360000	1.487962	1.303669	-0.755716	0.372849	-1.117569	-0.639419
1.380000	1.545752	1.524446	-0.873477	0.380637	-1.110599	-0.632637
1.400000	1.611901	1.746035	-0.982033	0.388078	-1.102567	-0.624905
1.420000	1.689670	1.966714	-1.079797	0.395016	-1.093528	-0.616203
1.440000	1.782320	2.184757	-1.165180	0.401293	-1.083536	-0.606514
1.460000	1.893110	2.398440	-1.236594	0.406754	-1.072647	-0.595818
1.480000	2.024884	2.606057	-1.292649	0.411254	-1.060921	-0.584104
1.500000	2.176889	2.806032	-1.333639	0.414780	-1.048457	-0.571412
1.520000	2.346533	2.996858	-1.360723	0.417379	-1.035378	-0.557812
1.540000	2.531211	3.177030	-1.375065	0.419100	-1.021806	-0.543372
1.560000	2.728318	3.345042	-1.377830	0.419992	-1.007863	-0.528160
1.580000	2.935248	3.499388	-1.370183	0.420104	-0.993671	-0.512247
1.600000	3.149395	3.638563	-1.353288	0.419484	-0.979353	-0.495700
1.620000	3.368155	3.761060	-1.328311	0.418182	-0.965030	-0.478590
1.640000	3.588921	3.865374	-1.296415	0.416247	-0.950825	-0.460983
1.660000	3.809089	3.949999	-1.258766	0.413728	-0.936859	-0.442950
1.680000	4.026052	4.013428	-1.216528	0.410672	-0.923256	-0.424559
1.700000	4.237205	4.054157	-1.170867	0.407130	-0.910136	-0.405879
1.720000	4.439943	4.070680	-1.122946	0.403151	-0.897623	-0.386979
1.740000	4.631660	4.061489	-1.073932	0.398782	-0.885838	-0.367928
1.760000	4.809750	4.025081	-1.024987	0.394074	-0.874903	-0.348794
1.780000	4.971609	3.959949	-0.977278	0.389074	-0.864940	-0.329647
1.800000	5.114689	3.864705	-0.931934	0.383833	-0.856068	-0.310556
1.820000	5.237810	3.740701	-0.889288	0.378404	-0.848310	-0.291592
1.840000	5.341158	3.592040	-0.848869	0.372848	-0.841592	-0.272833
1.860000	5.424983	3.422939	-0.810174	0.367226	-0.835839	-0.254353
1.880000	5.489532	3.237621	-0.772699	0.361597	-0.830973	-0.236229
1.900000	5.535053	3.040304	-0.735939	0.356022	-0.826919	-0.218538
1.920000	5.561793	2.835211	-0.699391	0.350562	-0.823599	-0.201354
1.940000	5.570001	2.626560	-0.662550	0.345276	-0.820938	-0.184754
1.960000	5.559924	2.418573	-0.624912	0.340225	-0.818858	-0.168815
1.980000	5.531810	2.215470	-0.585973	0.335470	-0.817283	-0.153612
2.000000	5.485907	2.021471	-0.545229	0.331071	-0.816136	-0.139221
2.020000	5.422463	1.840797	-0.502175	0.327088	-0.815341	-0.125718
2.040000	5.341725	1.677668	-0.456309	0.323581	-0.814821	-0.113180
2.060000	5.243942	1.536304	-0.407124	0.320612	-0.814500	-0.101682
2.080000	5.129361	1.420925	-0.354118	0.318240	-0.814301	-0.091301
2.100000	4.998245	1.335668	-0.296803	0.316525	-0.814149	-0.082110
2.120000	4.851459	1.281483	-0.235346	0.315483	-0.814021	-0.074097
2.140000	4.690629	1.255244	-0.170748	0.315079	-0.813967	-0.067138
2.160000	4.517435	1.253561	-0.104065	0.315271	-0.814036	-0.061104
2.180000	4.333555	1.273045	-0.036352	0.316019	-0.814280	-0.055864
2.200000	4.140667	1.310303	0.031333	0.317282	-0.814752	-0.051289
2.220000	3.940450	1.361947	0.097937	0.319022	-0.815502	-0.047249
2.240000	3.734583	1.424584	0.162402	0.321196	-0.816582	-0.043612
2.260000	3.524743	1.494826	0.223672	0.323765	-0.818043	-0.040249
2.280000	3.312609	1.569281	0.280693	0.326688	-0.819938	-0.037031
2.300000	3.099861	1.644559	0.332408	0.329925	-0.822317	-0.033826
2.320000	2.888175	1.717270	0.377760	0.333436	-0.825232	-0.030505
2.340000	2.679231	1.784022	0.415696	0.337180	-0.828735	-0.026937
2.360000	2.474707	1.841426	0.445157	0.341116	-0.832877	-0.022993
2.380000	2.276282	1.886091	0.465089	0.345205	-0.837710	-0.018543
2.400000	2.085634	1.914626	0.474436	0.349407	-0.843285	-0.013455
2.420000	1.904439	1.923645	0.472143	0.353680	-0.849654	-0.007601
2.440000	1.733490	1.910964	0.457849	0.357973	-0.856795	-0.000933
2.460000	1.571317	1.877489	0.432957	0.362211	-0.864506	0.006386
2.480000	1.416094	1.824606	0.399153	0.366311	-0.872554	0.014159
2.500000	1.265997	1.753706	0.358120	0.370191	-0.880706	0.022188
2.520000	1.119200	1.666176	0.311542	0.373770	-0.888729	0.030278
2.540000	0.973877	1.563406	0.261104	0.376967	-0.896391	0.038232
2.560000	0.828204	1.446784	0.208489	0.379700	-0.903458	0.045852
2.580000	0.680354	1.317699	0.155382	0.381888	-0.909699	0.052941
2.600000	0.528502	1.177539	0.103466	0.383449	-0.914880	0.059305
2.620000	0.370823	1.027694	0.054425	0.384301	-0.918769	0.064744
2.640000	0.205492	0.869553	0.009944	0.384364	-0.921133	0.069063
2.660000	0.030683	0.704503	-0.028294	0.383555	-0.921739	0.072065
2.680000	-0.155429	0.533935	-0.058604	0.381794	-0.920355	0.073553
2.700000	-0.354671	0.359235	-0.079303	0.378998	-0.916747	0.073330
2.720000	-0.568866	0.181794	-0.088707	0.375086	-0.910684	0.071199
2.740000	-0.799841	0.003000	-0.085131	0.369977	-0.901932	0.066964
2.760000	-1.048848	-0.175791	-0.067327	0.363624	-0.890343	0.060483
2.780000	-1.314019	-0.353398	-0.036417	0.356170	-0.876225	0.051904
2.800000	-1.592430	-0.528700	0.005673	0.347824	-0.860039	0.041479
2.820000	-1.881157	-0.700578	0.057017	0.338792	-0.842248	0.029458
2.840000	-2.177275	-0.867911	0.115690	0.329283	-0.823315	0.016089
2.860000	-2.477860	-1.029577	0.179766	0.319504	-0.803702	0.001625
2.880000	-2.779986	-1.184457	0.247320	0.309663	-0.783872	-0.013687
2.900000	-3.080729	-1.331430	0.316425	0.299968	-0.764286	-0.029595
2.920000	-3.377165	-1.469374	0.385155	0.290627	-0.745408	-0.045849
2.940000	-3.666368	-1.597171	0.451586	0.281847	-0.727700	-0.062199
2.960000	-3.945415	-1.713698	0.513791	0.273835	-0.711624	-0.078397
