0.000000	-4.988734	0.696992	0.015814	-0.156656	-0.960299	-0.290442
0.020000	-4.913215	0.666861	0.004015	-0.156392	-0.962866	-0.303766
0.040000	-4.825527	0.635861	0.000160	-0.155673	-0.964860	-0.317449
0.060000	-4.726089	0.602845	0.003932	-0.154592	-0.966348	-0.331416
0.080000	-4.615324	0.566668	0.015014	-0.153245	-0.967397	-0.345592
0.100000	-4.493651	0.526182	0.033088	-0.151726	-0.968073	-0.359901
0.120000	-4.361492	0.480241	0.057838	-0.150129	-0.968444	-0.374267
0.140000	-4.219266	0.427698	0.088946	-0.148549	-0.968577	-0.388615
0.160000	-4.067396	0.367408	0.126094	-0.147079	-0.968538	-0.402870
0.180000	-3.906301	0.298224	0.168967	-0.145816	-0.968394	-0.416955
0.200000	-3.736403	0.218999	0.217246	-0.144852	-0.968212	-0.430795
0.220000	-3.558122	0.128587	0.270615	-0.144283	-0.968060	-0.444315
0.240000	-3.371879	0.025841	0.328756	-0.144202	-0.968003	-0.457439
0.260000	-3.178094	-0.090384	0.391353	-0.144706	-0.968110	-0.470091
0.280000	-2.977211	-0.221169	0.458070	-0.145884	-0.968444	-0.482198
0.300000	-2.770322	-0.365608	0.528081	-0.147752	-0.969019	-0.493725
0.320000	-2.559255	-0.520545	0.599997	-0.150235	-0.969783	-0.504683
0.340000	-2.345879	-0.682703	0.672401	-0.153257	-0.970685	-0.515085
0.360000	-2.132062	-0.848803	0.743874	-0.156737	-0.971672	-0.524946
0.380000	-1.919673	-1.015568	0.812997	-0.160599	-0.972691	-0.534279
0.400000	-1.710581	-1.179719	0.878354	-0.164763	-0.973690	-0.543096
0.420000	-1.506655	-1.337978	0.938524	-0.169151	-0.974615	-0.551413
0.440000	-1.309763	-1.487067	0.992091	-0.173685	-0.975415	-0.559242
0.460000	-1.121773	-1.623709	1.037636	-0.178287	-0.976037	-0.566597
0.480000	-0.944555	-1.744625	1.073740	-0.182878	-0.976428	-0.573491
0.500000	-0.779977	-1.846537	1.098985	-0.187380	-0.976535	-0.579938
0.520000	-0.629908	-1.926167	1.111954	-0.191714	-0.976306	-0.585951
0.540000	-0.496216	-1.980237	1.111227	-0.195803	-0.975688	-0.591545
0.560000	-0.380770	-2.005470	1.095387	-0.199567	-0.974628	-0.596732
0.580000	-0.285439	-1.998587	1.063016	-0.202929	-0.973074	-0.601526
0.600000	-0.211761	-1.956858	1.012964	-0.205819	-0.970983	-0.605941
0.620000	-0.158659	-1.881917	0.946232	-0.208240	-0.968395	-0.609992
0.640000	-0.123805	-1.777475	0.864840	-0.210229	-0.965388	-0.613695
0.660000	-0.104866	-1.647256	0.770818	-0.211822	-0.962040	-0.617068
0.680000	-0.099507	-1.494984	0.666194	-0.213059	-0.958428	-0.620126
0.700000	-0.105393	-1.324384	0.552995	-0.213975	-0.954632	-0.622886
0.720000	-0.120192	-1.139180	0.433251	-0.214608	-0.950730	-0.625363
0.740000	-0.141568	-0.943095	0.308990	-0.214995	-0.946800	-0.627575
0.760000	-0.167187	-0.739855	0.182240	-0.215173	-0.942920	-0.629537
0.780000	-0.194714	-0.533184	0.055030	-0.215180	-0.939168	-0.631266
0.800000	-0.221817	-0.326806	-0.070613	-0.215053	-0.935624	-0.632779
0.820000	-0.246160	-0.124445	-0.192660	-0.214829	-0.932364	-0.634091
0.840000	-0.265409	0.070174	-0.309082	-0.214545	-0.929468	-0.635219
0.860000	-0.277230	0.253327	-0.417851	-0.214239	-0.927014	-0.636179
0.880000	-0.279289	0.421290	-0.516938	-0.213947	-0.925079	-0.636988
0.900000	-0.269251	0.570339	-0.604316	-0.213708	-0.923743	-0.637661
0.920000	-0.244914	0.696881	-0.678024	-0.213557	-0.923080	-0.638216
0.940000	-0.206800	0.800043	-0.737492	-0.213506	-0.923087	-0.638661
0.960000	-0.157991	0.881507	-0.783462	-0.213545	-0.923689	-0.639000
0.980000	-0.101665	0.943055	-0.816725	-0.213663	-0.924811	-0.639238
1.000000	-0.041005	0.986467	-0.838072	-0.213850	-0.926373	-0.639376
1.020000	0.020811	1.013525	-0.848293	-0.214094	-0.928299	-0.639419
1.040000	0.080600	1.026011	-0.848180	-0.214384	-0.930511	-0.639370
1.060000	0.135183	1.025705	-0.838524	-0.214709	-0.932932	-0.639233
1.080000	0.181379	1.014389	-0.820116	-0.215059	-0.935484	-0.639010
1.100000	0.216008	0.993844	-0.793746	-0.215422	-0.938090	-0.638707
1.120000	0.235889	0.965851	-0.760208	-0.215786	-0.940673	-0.638325
1.140000	0.237843	0.932192	-0.720290	-0.216143	-0.943156	-0.637869
1.160000	0.218687	0.894649	-0.674784	-0.216479	-0.945460	-0.637341
1.180000	0.175243	0.855001	-0.624482	-0.216784	-0.947508	-0.636746
1.200000	0.104329	0.815031	-0.570175	-0.217048	-0.949223	-0.636087
1.220000	0.002765	0.776520	-0.512653	-0.217259	-0.950528	-0.635367
1.240000	-0.131632	0.741011	-0.452732	-0.217405	-0.951359	-0.634588
1.260000	-0.294749	0.708540	-0.391383	-0.217470	-0.951740	-0.633743
1.280000	-0.480029	0.678562	-0.329637	-0.217436	-0.951727	-0.632820
1.300000	-0.680912	0.650526	-0.268525	-0.217285	-0.951379	-0.631808
1.320000	-0.890834	0.623886	-0.209078	-0.216997	-0.950753	-0.630696
1.340000	-1.103234	0.598092	-0.152327	-0.216556	-0.949906	-0.629471
1.360000	-1.311549	0.572597	-0.099304	-0.215942	-0.948896	-0.628124
1.380000	-1.509216	0.546850	-0.051039	-0.215137	-0.947780	-0.626643
1.400000	-1.689675	0.520305	-0.008563	-0.214123	-0.946616	-0.625015
1.420000	-1.846361	0.492413	0.027092	-0.212882	-0.945461	-0.623231
1.440000	-1.972714	0.462624	0.054895	-0.211396	-0.944373	-0.621278
1.460000	-2.062171	0.430392	0.073816	-0.209646	-0.943409	-0.619145
1.480000	-2.108169	0.395166	0.082822	-0.207614	-0.942626	-0.616821
1.500000	-2.104148	0.356399	0.080884	-0.205281	-0.942082	-0.614295
1.520000	-2.043543	0.313543	0.066970	-0.202630	-0.941835	-0.611555
1.540000	-1.919806	0.266049	0.040050	-0.199642	-0.941942	-0.608590
1.560000	-1.730201	0.213663	-0.000237	-0.196319	-0.942415	-0.605376
1.580000	-1.481068	0.156827	-0.052669	-0.192714	-0.943164	-0.601864
1.600000	-1.180072	0.096084	-0.115792	-0.188884	-0.944080	-0.597999
1.620000	-0.834875	0.031978	-0.188152	-0.184888	-0.945058	-0.593728
1.640000	-0.453142	-0.034947	-0.268296	-0.180786	-0.945989	-0.588994
1.660000	-0.042537	-0.104150	-0.354769	-0.176634	-0.946766	-0.583745
1.680000	0.389277	-0.175085	-0.446117	-0.172494	-0.947283	-0.577925
1.700000	0.834635	-0.247209	-0.540888	-0.168421	-0.947432	-0.571481
1.720000	1.285875	-0.319980	-0.637625	-0.164477	-0.947105	-0.564359
1.740000	1.735332	-0.392853	-0.734877	-0.160718	-0.946197	-0.556502
1.760000	2.175343	-0.465285	-0.831189	-0.157204	-0.944599	-0.547858
1.780000	2.598244	-0.536733	-0.925107	-0.153994	-0.942204	-0.538373
1.800000	2.996370	-0.606653	-1.015177	-0.151145	-0.938906	-0.527991
1.820000	3.362059	-0.674502	-1.099946	-0.148717	-0.934597	-0.516658
1.840000	3.687646	-0.739737	-1.177959	-0.146768	-0.929169	-0.504320
1.860000	3.965714	-0.801825	-1.247804	-0.145354	-0.922524	-0.490927
1.880000	4.194414	-0.860498	-1.309006	-0.144467	-0.914729	-0.476520
1.900000	4.377414	-0.915751	-1.362019	-0.144034	-0.906019	-0.461230
1.920000	4.518621	-0.967586	-1.407337	-0.143982	-0.896635	-0.445194
1.940000	4.621940	-1.016010	-1.445454	-0.144236	-0.886820	-0.428547
1.960000	4.691278	-1.061027	-1.476863	-0.144720	-0.876814	-0.411426
1.980000	4.730541	-1.102641	-1.502058	-0.145362	-0.866859	-0.393965
2.000000	4.743634	-1.140857	-1.521534	-0.146085	-0.857198	-0.376301
2.020000	4.734463	-1.175679	-1.535783	-0.146816	-0.848071	-0.358569
2.040000	4.706933	-1.207112	-1.545300	-0.147480	-0.839721	-0.340906
2.060000	4.664952	-1.235161	-1.550578	-0.148003	-0.832389	-0.323446
2.080000	4.612424	-1.259830	-1.552112	-0.148309	-0.826316	-0.306326
2.100000	4.553256	-1.281124	-1.550395	-0.148325	-0.821745	-0.289682
2.120000	4.491354	-1.299047	-1.545921	-0.147975	-0.818917	-0.273649
2.140000	4.430622	-1.313604	-1.539184	-0.147186	-0.818073	-0.258363
2.160000	4.374908	-1.324795	-1.530668	-0.145884	-0.819450	-0.243957
2.180000	4.325876	-1.332471	-1.520518	-0.144047	-0.823077	-0.230478
2.200000	4.282432	-1.336292	-1.508451	-0.141720	-0.828723	-0.217860
2.220000	4.243306	-1.335904	-1.494154	-0.138952	-0.836138	-0.206032
2.240000	4.207227	-1.330958	-1.477316	-0.135789	-0.845075	-0.194921
2.260000	4.172926	-1.321099	-1.457626	-0.132281	-0.855285	-0.184456
2.280000	4.139132	-1.305977	-1.434772	-0.128476	-0.866520	-0.174565
2.300000	4.104574	-1.285238	-1.408441	-0.124421	-0.878532	-0.165175
2.320000	4.067983	-1.258532	-1.378324	-0.120166	-0.891071	-0.156216
2.340000	4.028088	-1.225505	-1.344107	-0.115759	-0.903890	-0.147615
2.360000	3.983620	-1.185806	-1.305480	-0.111247	-0.916740	-0.139300
2.380000	3.933306	-1.139083	-1.262131	-0.106679	-0.929373	-0.131199
2.400000	3.875879	-1.084983	-1.213748	-0.102104	-0.941540	-0.123240
2.420000	3.810066	-1.023155	-1.160019	-0.097569	-0.952993	-0.115352
2.440000	3.734598	-0.953245	-1.100634	-0.093122	-0.963483	-0.107462
2.460000	3.648205	-0.874903	-1.035280	-0.088813	-0.972763	-0.099499
2.480000	3.549616	-0.787776	-0.963646	-0.084689	-0.980583	-0.091390
2.500000	3.437628	-0.691579	-0.885472	-0.080797	-0.986710	-0.083069
2.520000	3.312142	-0.587126	-0.801338	-0.077158	-0.991131	-0.074547
2.540000	3.173966	-0.476135	-0.712520	-0.073773	-0.994020	-0.065897
2.560000	3.023934	-0.360350	-0.620309	-0.070643	-0.995555	-0.057198
2.580000	2.862880	-0.241514	-0.525999	-0.067767	-0.995914	-0.048525
2.600000	2.691638	-0.121371	-0.430884	-0.065146	-0.995274	-0.039956
2.620000	2.511042	-0.001666	-0.336257	-0.062780	-0.993815	-0.031567
2.640000	2.321926	0.115859	-0.243411	-0.060668	-0.991714	-0.023435
2.660000	2.125125	0.229458	-0.153640	-0.058812	-0.989150	-0.015636
2.680000	1.921472	0.337390	-0.068238	-0.057211	-0.986300	-0.008248
2.700000	1.711801	0.437909	0.011503	-0.055865	-0.983342	-0.001347
2.720000	1.496947	0.529271	0.084290	-0.054775	-0.980455	0.004990
2.740000	1.277743	0.609734	0.148827	-0.053940	-0.977817	0.010686
2.760000	1.055024	0.677553	0.203823	-0.053361	-0.975606	0.015665
2.780000	0.829624	0.730984	0.247984	-0.053038	-0.973999	0.019850
2.800000	0.602377	0.768284	0.280017	-0.052971	-0.973176	0.023164
2.820000	0.374180	0.788190	0.298957	-0.053157	-0.973274	0.025546
2.840000	0.146269	0.792024	0.305609	-0.053573	-0.974212	0.027021
2.860000	-0.080005	0.781973	0.301369	-0.054190	-0.975839	0.027644
2.880000	-0.303292	0.760222	0.287632	-0.054978	-0.978002	0.027466
2.900000	-0.522243	0.728959	0.265794	-0.055909	-0.980549	0.026543
2.920000	-0.735507	0.690368	0.237251	-0.056953	-0.983326	0.024927
2.940000	-0.941734	0.646638	0.203399	-0.058082	-0.986182	0.022672
2.960000	-1.139575	0.599954	0.165634	-0.059266	-0.988964	0.019831
2.980000	-1.327679	0.552502	0.125351	-0.060476	-0.991520	0.016459
3.000000	-1.504696	0.506469	0.083946	-0.061683	-0.993697	0.012609
3.020000	-1.669277	0.464041	0.042816	-0.062857	-0.995343	0.008333
3.040000	-1.820071	0.427405	0.003355	-0.063970	-0.996305	0.003687
3.060000	-1.955728	0.398746	-0.033039	-0.064993	-0.996430	-0.001277
3.080000	-2.074899	0.380253	-0.064973	-0.065897	-0.995567	-0.006504
3.100000	-2.176233	0.374110	-0.091048	-0.066651	-0.993562	-0.011943
3.120000	-2.258380	0.382504	-0.109871	-0.067228	-0.990264	-0.017538
3.140000	-2.320205	0.407410	-0.120145	-0.067601	-0.985536	-0.023240
3.160000	-2.363236	0.448182	-0.121822	-0.067787	-0.979448	-0.029052
3.180000	-2.390807	0.502397	-0.115697	-0.067831	-0.972207	-0.035009
3.200000	-2.406283	0.567600	-0.102582	-0.067780	-0.964023	-0.041148
3.220000	-2.413032	0.641334	-0.083289	-0.067678	-0.955108	-0.047507
3.240000	-2.414420	0.721143	-0.058630	-0.067572	-0.945672	-0.054123
3.260000	-2.413814	0.804573	-0.029416	-0.067508	-0.935924	-0.061032
3.280000	-2.414582	0.889166	0.003541	-0.067531	-0.926077	-0.068272
3.300000	-2.420088	0.972466	0.039429	-0.067686	-0.916340	-0.075879
3.320000	-2.433702	1.052019	0.077437	-0.068021	-0.906924	-0.083891
3.340000	-2.458788	1.125368	0.116754	-0.068581	-0.898039	-0.092345
3.360000	-2.498714	1.190057	0.156566	-0.069410	-0.889895	-0.101277
3.380000	-2.556848	1.243631	0.196063	-0.070557	-0.882705	-0.110725
3.400000	-2.636554	1.283632	0.234433	-0.072065	-0.876677	-0.120726
3.420000	-2.741201	1.307607	0.270864	-0.073981	-0.872022	-0.131317
3.440000	-2.874154	1.313098	0.304545	-0.076351	-0.868951	-0.142534
3.460000	-3.037468	1.298482	0.334837	-0.079203	-0.867616	-0.154397
3.480000	-3.227533	1.265730	0.361850	-0.082496	-0.867920	-0.166849
3.500000	-3.439212	1.217775	0.385892	-0.086168	-0.869698	-0.179813
3.520000	-3.667371	1.157556	0.407276	-0.090157	-0.872783	-0.193209
3.540000	-3.906875	1.088008	0.426310	-0.094402	-0.877011	-0.206960
3.560000	-4.152588	1.012068	0.443305	-0.098840	-0.882217	-0.220989
3.580000	-4.399375	0.932671	0.458571	-0.103410	-0.888235	-0.235217
3.600000	-4.642101	0.852754	0.472420	-0.108050	-0.894900	-0.249567
3.620000	-4.875629	0.775253	0.485160	-0.112699	-0.902048	-0.263961
3.640000	-5.094826	0.703105	0.497102	-0.117295	-0.909512	-0.278321
