0.000000	-4.967699	1.279773	0.321342	-0.109185	-0.798384	-0.314004
0.020000	-5.007081	1.261266	0.300450	-0.110452	-0.801430	-0.325312
0.040000	-5.034968	1.238704	0.276597	-0.111891	-0.805585	-0.336458
0.060000	-5.051105	1.212110	0.249927	-0.113515	-0.810807	-0.347491
0.080000	-5.055239	1.181505	0.220587	-0.115336	-0.817054	-0.358461
0.100000	-5.047116	1.146910	0.188722	-0.117367	-0.824285	-0.369419
0.120000	-5.026483	1.108348	0.154480	-0.119620	-0.832460	-0.380413
0.140000	-4.993086	1.065840	0.118004	-0.122107	-0.841537	-0.391494
0.160000	-4.946672	1.019406	0.079442	-0.124839	-0.851474	-0.402711
0.180000	-4.886987	0.969070	0.038939	-0.127831	-0.862232	-0.414114
0.200000	-4.813787	0.914854	-0.003354	-0.131092	-0.873766	-0.425752
0.220000	-4.727096	0.856868	-0.047141	-0.134605	-0.885972	-0.437619
0.240000	-4.627262	0.795317	-0.091952	-0.138316	-0.898675	-0.449644
0.260000	-4.514651	0.730415	-0.137308	-0.142170	-0.911695	-0.461755
0.280000	-4.389626	0.662373	-0.182730	-0.146113	-0.924851	-0.473879
0.300000	-4.252555	0.591406	-0.227738	-0.150089	-0.937963	-0.485942
0.320000	-4.103801	0.517725	-0.271852	-0.154044	-0.950852	-0.497870
0.340000	-3.943731	0.441543	-0.314595	-0.157921	-0.963337	-0.509592
0.360000	-3.772710	0.363073	-0.355485	-0.161666	-0.975238	-0.521032
0.380000	-3.591102	0.282527	-0.394043	-0.165224	-0.986374	-0.532118
0.400000	-3.399274	0.200118	-0.429792	-0.168539	-0.996567	-0.542777
0.420000	-3.197591	0.116060	-0.462249	-0.171558	-1.005635	-0.552935
0.440000	-2.986417	0.030563	-0.490938	-0.174223	-1.013399	-0.562520
0.460000	-2.766118	-0.056158	-0.515377	-0.176481	-1.019679	-0.571457
0.480000	-2.537060	-0.143891	-0.535088	-0.178277	-1.024293	-0.579673
0.500000	-2.299608	-0.232424	-0.549591	-0.179554	-1.027063	-0.587095
0.520000	-2.054129	-0.321543	-0.558408	-0.180259	-1.027809	-0.593651
0.540000	-1.801557	-0.410764	-0.561346	-0.180368	-1.026465	-0.599305
0.560000	-1.544162	-0.498972	-0.558881	-0.179938	-1.023232	-0.604115
0.580000	-1.284402	-0.584957	-0.551587	-0.179033	-1.018351	-0.608152
0.600000	-1.024737	-0.667513	-0.540037	-0.177720	-1.012063	-0.611485
0.620000	-0.767627	-0.745432	-0.524804	-0.176064	-1.004607	-0.614185
0.640000	-0.515531	-0.817505	-0.506461	-0.174131	-0.996224	-0.616322
0.660000	-0.270909	-0.882525	-0.485581	-0.171988	-0.987155	-0.617968
0.680000	-0.036220	-0.939284	-0.462737	-0.169700	-0.977640	-0.619191
0.700000	0.186076	-0.986575	-0.438503	-0.167333	-0.967918	-0.620063
0.720000	0.393520	-1.023189	-0.413451	-0.164952	-0.958231	-0.620654
0.740000	0.583651	-1.047920	-0.388155	-0.162625	-0.948819	-0.621034
0.760000	0.754010	-1.059558	-0.363188	-0.160416	-0.939921	-0.621273
0.780000	0.902139	-1.056896	-0.339122	-0.158391	-0.931779	-0.621442
0.800000	1.025576	-1.038727	-0.316532	-0.156617	-0.924633	-0.621612
0.820000	1.121863	-1.003844	-0.295990	-0.155159	-0.918723	-0.621852
0.840000	1.189503	-0.951719	-0.277896	-0.154063	-0.914216	-0.622217
0.860000	1.229952	-0.883925	-0.262120	-0.153310	-0.911059	-0.622709
0.880000	1.245235	-0.802432	-0.248427	-0.152872	-0.909153	-0.623323
0.900000	1.237374	-0.709213	-0.236586	-0.152718	-0.908402	-0.624051
0.920000	1.208393	-0.606239	-0.226363	-0.152819	-0.908707	-0.624888
0.940000	1.160315	-0.495483	-0.217524	-0.153144	-0.909971	-0.625826
0.960000	1.095163	-0.378915	-0.209838	-0.153664	-0.912097	-0.626860
0.980000	1.014962	-0.258508	-0.203072	-0.154350	-0.914988	-0.627982
1.000000	0.921733	-0.136234	-0.196991	-0.155171	-0.918545	-0.629187
1.020000	0.817500	-0.014064	-0.191364	-0.156097	-0.922672	-0.630468
1.040000	0.704288	0.106030	-0.185957	-0.157100	-0.927271	-0.631818
1.060000	0.584118	0.222075	-0.180537	-0.158149	-0.932244	-0.633231
1.080000	0.459015	0.332101	-0.174871	-0.159213	-0.937494	-0.634700
1.100000	0.331001	0.434136	-0.168727	-0.160265	-0.942924	-0.636219
1.120000	0.202100	0.526207	-0.161871	-0.161273	-0.948436	-0.637781
1.140000	0.074336	0.606343	-0.154071	-0.162208	-0.953932	-0.639381
1.160000	-0.050320	0.672804	-0.145122	-0.163042	-0.959319	-0.641006
1.180000	-0.170238	0.725387	-0.135023	-0.163763	-0.964521	-0.642621
1.200000	-0.283928	0.764514	-0.123849	-0.164364	-0.969471	-0.644176
1.220000	-0.389897	0.790609	-0.111678	-0.164838	-0.974103	-0.645624
1.240000	-0.486656	0.804096	-0.098587	-0.165179	-0.978349	-0.646915
1.260000	-0.572714	0.805398	-0.084653	-0.165380	-0.982143	-0.648002
1.280000	-0.646581	0.794940	-0.069955	-0.165433	-0.985417	-0.648837
1.300000	-0.706765	0.773145	-0.054569	-0.165333	-0.988105	-0.649370
1.320000	-0.751777	0.740438	-0.038572	-0.165072	-0.990140	-0.649553
1.340000	-0.780126	0.697241	-0.022042	-0.164645	-0.991455	-0.649339
1.360000	-0.790320	0.643979	-0.005056	-0.164043	-0.991982	-0.648678
1.380000	-0.780870	0.581076	0.012308	-0.163261	-0.991656	-0.647523
1.400000	-0.750285	0.508955	0.029974	-0.162292	-0.990409	-0.645824
1.420000	-0.697074	0.428040	0.047864	-0.161128	-0.988174	-0.643535
1.440000	-0.619746	0.338756	0.065900	-0.159765	-0.984884	-0.640605
1.460000	-0.516812	0.241526	0.084006	-0.158193	-0.980472	-0.636988
1.480000	-0.386962	0.136830	0.102093	-0.156410	-0.974880	-0.632638
1.500000	-0.231842	0.026068	0.119911	-0.154445	-0.968187	-0.627570
1.520000	-0.055488	-0.088615	0.137073	-0.152355	-0.960580	-0.621850
1.540000	0.137995	-0.205054	0.153192	-0.150199	-0.952251	-0.615543
1.560000	0.344500	-0.321083	0.167877	-0.148036	-0.943394	-0.608714
1.580000	0.559921	-0.434537	0.180741	-0.145925	-0.934199	-0.601430
1.600000	0.780154	-0.543250	0.191395	-0.143924	-0.924859	-0.593756
1.620000	1.001092	-0.645056	0.199448	-0.142091	-0.915565	-0.585758
1.640000	1.218630	-0.737790	0.204514	-0.140485	-0.906510	-0.577501
1.660000	1.428662	-0.819286	0.206202	-0.139165	-0.897885	-0.569052
1.680000	1.627083	-0.887379	0.204124	-0.138189	-0.889883	-0.560476
1.700000	1.809785	-0.939902	0.197890	-0.137616	-0.882695	-0.551838
1.720000	1.972665	-0.974690	0.187113	-0.137504	-0.876514	-0.543206
1.740000	2.111616	-0.989577	0.171403	-0.137913	-0.871531	-0.534643
1.760000	2.222533	-0.982399	0.150371	-0.138899	-0.867939	-0.526217
1.780000	2.301477	-0.951100	0.123644	-0.140521	-0.865922	-0.517990
1.800000	2.348602	-0.896349	0.091241	-0.142758	-0.865499	-0.509970
1.820000	2.368288	-0.821629	0.053581	-0.145521	-0.866517	-0.502108
1.840000	2.365108	-0.730551	0.011106	-0.148711	-0.868814	-0.494351
1.860000	2.343639	-0.626726	-0.035746	-0.152234	-0.872229	-0.486647
1.880000	2.308453	-0.513766	-0.086534	-0.155994	-0.876600	-0.478943
1.900000	2.264126	-0.395281	-0.140819	-0.159894	-0.881766	-0.471188
1.920000	2.215232	-0.274884	-0.198161	-0.163838	-0.887565	-0.463328
1.940000	2.166345	-0.156185	-0.258120	-0.167731	-0.893836	-0.455312
1.960000	2.122041	-0.042796	-0.320257	-0.171477	-0.900418	-0.447086
1.980000	2.086893	0.061671	-0.384132	-0.174979	-0.907149	-0.438600
2.000000	2.065476	0.153605	-0.449304	-0.178141	-0.913867	-0.429799
2.020000	2.062364	0.229396	-0.515334	-0.180868	-0.920412	-0.420633
2.040000	2.082132	0.285431	-0.581783	-0.183064	-0.926621	-0.411048
2.060000	2.129355	0.318099	-0.648211	-0.184632	-0.932334	-0.400992
2.080000	2.208606	0.323789	-0.714177	-0.185477	-0.937388	-0.390413
2.100000	2.324461	0.298889	-0.779243	-0.185503	-0.941623	-0.379258
2.120000	2.480991	0.240168	-0.842954	-0.184622	-0.944888	-0.367481
2.140000	2.676122	0.149027	-0.904687	-0.182851	-0.947172	-0.355095
2.160000	2.903669	0.029967	-0.963702	-0.180280	-0.948557	-0.342156
2.180000	3.157372	-0.112453	-1.019262	-0.176997	-0.949126	-0.328721
2.200000	3.430972	-0.273674	-1.070624	-0.173091	-0.948963	-0.314845
2.220000	3.718207	-0.449137	-1.117050	-0.168651	-0.948150	-0.300586
2.240000	4.012817	-0.634285	-1.157799	-0.163767	-0.946772	-0.285999
2.260000	4.308542	-0.824559	-1.192131	-0.158528	-0.944910	-0.271141
2.280000	4.599123	-1.015400	-1.219306	-0.153022	-0.942650	-0.256068
2.300000	4.878297	-1.202249	-1.238584	-0.147340	-0.940074	-0.240837
2.320000	5.139807	-1.380548	-1.249225	-0.141571	-0.937266	-0.225504
2.340000	5.377390	-1.545739	-1.250489	-0.135803	-0.934308	-0.210126
2.360000	5.584787	-1.693263	-1.241636	-0.130126	-0.931285	-0.194758
2.380000	5.755738	-1.818561	-1.221926	-0.124629	-0.928279	-0.179457
2.400000	5.883982	-1.917075	-1.190618	-0.119402	-0.925374	-0.164280
2.420000	5.963258	-1.984247	-1.146973	-0.114533	-0.922654	-0.149283
2.440000	5.987424	-2.015609	-1.090277	-0.110110	-0.920200	-0.134521
2.460000	5.954848	-2.010304	-1.020872	-0.106183	-0.918063	-0.120046
2.480000	5.869780	-1.972168	-0.940471	-0.102746	-0.916247	-0.105897
2.500000	5.736866	-1.905355	-0.850879	-0.099793	-0.914756	-0.092115
2.520000	5.560748	-1.814018	-0.753902	-0.097316	-0.913593	-0.078740
2.540000	5.346071	-1.702308	-0.651344	-0.095309	-0.912761	-0.065813
2.560000	5.097479	-1.574381	-0.545013	-0.093762	-0.912262	-0.053375
2.580000	4.819617	-1.434387	-0.436712	-0.092670	-0.912100	-0.041465
2.600000	4.517128	-1.286480	-0.328248	-0.092025	-0.912278	-0.030124
2.620000	4.194656	-1.134813	-0.221426	-0.091820	-0.912799	-0.019392
2.640000	3.856846	-0.983539	-0.118051	-0.092046	-0.913665	-0.009310
2.660000	3.508342	-0.836810	-0.019928	-0.092698	-0.914880	0.000082
2.680000	3.153787	-0.698779	0.071136	-0.093767	-0.916446	0.008743
2.700000	2.797827	-0.573600	0.153336	-0.095246	-0.918367	0.016633
2.720000	2.445104	-0.465425	0.224868	-0.097127	-0.920646	0.023712
2.740000	2.100264	-0.378407	0.283925	-0.099405	-0.923285	0.029940
2.760000	1.767617	-0.316241	0.328920	-0.102066	-0.926281	0.035279
2.780000	1.448323	-0.278308	0.360323	-0.105059	-0.929573	0.039730
2.800000	1.141810	-0.261609	0.379736	-0.108310	-0.933066	0.043315
2.820000	0.847485	-0.263121	0.388775	-0.111745	-0.936667	0.046054
2.840000	0.564758	-0.279824	0.389052	-0.115290	-0.940281	0.047969
2.860000	0.293037	-0.308695	0.382183	-0.118871	-0.943813	0.049081
2.880000	0.031731	-0.346710	0.369782	-0.122414	-0.947171	0.049411
2.900000	-0.219752	-0.390850	0.353464	-0.125845	-0.950259	0.048980
2.920000	-0.462003	-0.438090	0.334842	-0.129089	-0.952982	0.047809
2.940000	-0.695613	-0.485409	0.315531	-0.132073	-0.955248	0.045920
2.960000	-0.921175	-0.529786	0.297145	-0.134722	-0.956962	0.043333
2.980000	-1.139278	-0.568196	0.281300	-0.136962	-0.958029	0.040071
3.000000	-1.350515	-0.597619	0.269608	-0.138720	-0.958355	0.036153
3.020000	-1.555477	-0.615033	0.263685	-0.139921	-0.957846	0.031601
3.040000	-1.754756	-0.617414	0.265145	-0.140490	-0.956408	0.026437
3.060000	-1.948942	-0.601742	0.275603	-0.140355	-0.953946	0.020682
3.080000	-2.138500	-0.566027	0.296070	-0.139476	-0.950416	0.014361
3.100000	-2.323457	-0.511824	0.325498	-0.137932	-0.945942	0.007522
3.120000	-2.503751	-0.441441	0.362402	-0.135829	-0.940685	0.000213
3.140000	-2.679314	-0.357187	0.405291	-0.133273	-0.934805	-0.007516
3.160000	-2.850083	-0.261373	0.452679	-0.130370	-0.928463	-0.015615
3.180000	-3.015993	-0.156306	0.503078	-0.127224	-0.921819	-0.024034
3.200000	-3.176979	-0.044296	0.555000	-0.123941	-0.915034	-0.032724
3.220000	-3.332976	0.072346	0.606957	-0.120628	-0.908268	-0.041635
3.240000	-3.483919	0.191314	0.657461	-0.117389	-0.901683	-0.050717
3.260000	-3.629743	0.310295	0.705024	-0.114329	-0.895438	-0.059921
3.280000	-3.770385	0.426983	0.748160	-0.111555	-0.889695	-0.069196
3.300000	-3.905778	0.539067	0.785379	-0.109172	-0.884614	-0.078494
3.320000	-4.035858	0.644238	0.815194	-0.107286	-0.880355	-0.087765
3.340000	-4.160560	0.740187	0.836117	-0.106001	-0.877078	-0.096958
3.360000	-4.279819	0.824605	0.846660	-0.105424	-0.874946	-0.106025
3.380000	-4.393567	0.895212	0.845362	-0.105659	-0.874115	-0.114916
3.400000	-4.501565	0.951100	0.831890	-0.106725	-0.874625	-0.123622
3.420000	-4.603343	0.993239	0.807470	-0.108532	-0.876354	-0.132189
3.440000	-4.698411	1.022734	0.773438	-0.110979	-0.879166	-0.140667
3.460000	-4.786281	1.040693	0.731130	-0.113967	-0.882928	-0.149103
3.480000	-4.866466	1.048223	0.681883	-0.117393	-0.887505	-0.157549
3.500000	-4.938476	1.046430	0.627034	-0.121160	-0.892763	-0.166053
3.520000	-5.001824	1.036422	0.567920	-0.125165	-0.898567	-0.174665
3.540000	-5.056021	1.019304	0.505878	-0.129309	-0.904782	-0.183434
3.560000	-5.100580	0.996183	0.442243	-0.133493	-0.911274	-0.192410
3.580000	-5.135011	0.968167	0.378354	-0.137614	-0.917908	-0.201642
3.600000	-5.158826	0.936361	0.315545	-0.141574	-0.924551	-0.211179
3.620000	-5.171537	0.901874	0.255156	-0.145272	-0.931067	-0.221071
3.640000	-5.172657	0.865810	0.198521	-0.148608	-0.937323	-0.231367
3.660000	-5.161695	0.829278	0.146978	-0.151481	-0.943182	-0.242117
3.680000	-5.138166	0.793383	0.101864	-0.153792	-0.948512	-0.253370
3.700000	-5.101579	0.759233	0.064514	-0.155439	-0.953178	-0.265176
3.720000	-5.051662	0.727400	0.035875	-0.156370	-0.957092	-0.277554
