0.000000	-1.976102	1.490244	-0.015666	-0.147072	-0.860982	-0.268950
0.020000	-1.949535	1.497907	-0.046750	-0.150455	-0.863219	-0.282446
0.040000	-1.934242	1.506758	-0.076544	-0.153943	-0.866488	-0.296336
0.060000	-1.928806	1.516398	-0.105092	-0.157512	-0.870673	-0.310533
0.080000	-1.931807	1.526427	-0.132440	-0.161140	-0.875660	-0.324949
0.100000	-1.941828	1.536447	-0.158633	-0.164802	-0.881333	-0.339499
0.120000	-1.957450	1.546058	-0.183716	-0.168476	-0.887577	-0.354094
0.140000	-1.977255	1.554862	-0.207735	-0.172136	-0.894277	-0.368647
0.160000	-1.999824	1.562460	-0.230736	-0.175761	-0.901316	-0.383071
0.180000	-2.023739	1.568452	-0.252762	-0.179326	-0.908581	-0.397279
0.200000	-2.047582	1.572440	-0.273861	-0.182808	-0.915955	-0.411183
0.220000	-2.069934	1.574025	-0.294077	-0.186182	-0.923324	-0.424698
0.240000	-2.089376	1.572807	-0.313455	-0.189427	-0.930572	-0.437735
0.260000	-2.104491	1.568388	-0.332041	-0.192517	-0.937583	-0.450207
0.280000	-2.113860	1.560368	-0.349880	-0.195430	-0.944243	-0.462027
0.300000	-2.116065	1.548349	-0.367017	-0.198141	-0.950437	-0.473108
0.320000	-2.109742	1.531950	-0.383498	-0.200629	-0.956052	-0.483367
0.340000	-2.094417	1.511086	-0.399357	-0.202886	-0.961049	-0.492774
0.360000	-2.070345	1.485916	-0.414621	-0.204918	-0.965446	-0.501347
0.380000	-2.037799	1.456602	-0.429318	-0.206730	-0.969260	-0.509105
0.400000	-1.997054	1.423310	-0.443475	-0.208329	-0.972511	-0.516065
0.420000	-1.948383	1.386203	-0.457119	-0.209721	-0.975217	-0.522246
0.440000	-1.892063	1.345448	-0.470277	-0.210912	-0.977397	-0.527667
0.460000	-1.828366	1.301207	-0.482975	-0.211907	-0.979071	-0.532345
0.480000	-1.757567	1.253645	-0.495242	-0.212713	-0.980257	-0.536299
0.500000	-1.679940	1.202926	-0.507103	-0.213336	-0.980973	-0.539548
0.520000	-1.595761	1.149216	-0.518587	-0.213781	-0.981240	-0.542109
0.540000	-1.505302	1.092678	-0.529720	-0.214055	-0.981074	-0.544001
0.560000	-1.408839	1.033477	-0.540530	-0.214164	-0.980496	-0.545243
0.580000	-1.306646	0.971777	-0.551043	-0.214113	-0.979524	-0.545852
0.600000	-1.198997	0.907742	-0.561286	-0.213909	-0.978177	-0.545847
0.620000	-1.086166	0.841538	-0.571288	-0.213557	-0.976474	-0.545247
0.640000	-0.968428	0.773327	-0.581073	-0.213064	-0.974434	-0.544069
0.660000	-0.846057	0.703276	-0.590671	-0.212436	-0.972075	-0.542332
0.680000	-0.719328	0.631547	-0.600107	-0.211678	-0.969416	-0.540055
0.700000	-0.588514	0.558307	-0.609409	-0.210796	-0.966477	-0.537255
0.720000	-0.453891	0.483718	-0.618604	-0.209797	-0.963276	-0.533951
0.740000	-0.315732	0.407945	-0.627720	-0.208687	-0.959831	-0.530162
0.760000	-0.174313	0.331153	-0.636782	-0.207471	-0.956162	-0.525905
0.780000	-0.029906	0.253506	-0.645819	-0.206156	-0.952287	-0.521199
0.800000	0.117213	0.175169	-0.654856	-0.204747	-0.948226	-0.516063
0.820000	0.266771	0.096306	-0.663923	-0.203250	-0.943997	-0.510515
0.840000	0.418492	0.017081	-0.673044	-0.201672	-0.939619	-0.504572
0.860000	0.572103	-0.062341	-0.682248	-0.200018	-0.935111	-0.498254
0.880000	0.727328	-0.141797	-0.691562	-0.198295	-0.930491	-0.491578
0.900000	0.883895	-0.221120	-0.701012	-0.196508	-0.925779	-0.484564
0.920000	1.041528	-0.300148	-0.710627	-0.194664	-0.920993	-0.477229
0.940000	1.199953	-0.378716	-0.720431	-0.192768	-0.916153	-0.469592
0.960000	1.358896	-0.456658	-0.730454	-0.190826	-0.911276	-0.461671
0.980000	1.518082	-0.533812	-0.740722	-0.188844	-0.906382	-0.453484
1.000000	1.677237	-0.610012	-0.751262	-0.186829	-0.901490	-0.445050
1.020000	1.836088	-0.685095	-0.762101	-0.184786	-0.896618	-0.436387
1.040000	1.994358	-0.758895	-0.773266	-0.182721	-0.891786	-0.427513
1.060000	2.151775	-0.831248	-0.784785	-0.180641	-0.887012	-0.418447
1.080000	2.308063	-0.901991	-0.796684	-0.178551	-0.882315	-0.409207
1.100000	2.462949	-0.970957	-0.808990	-0.176457	-0.877713	-0.399812
1.120000	2.616158	-1.037984	-0.821731	-0.174366	-0.873226	-0.390279
1.140000	2.767415	-1.102907	-0.834933	-0.172282	-0.868873	-0.380628
1.160000	2.916447	-1.165561	-0.848624	-0.170213	-0.864672	-0.370875
1.180000	3.062979	-1.225782	-0.862831	-0.168164	-0.860642	-0.361041
1.200000	3.206737	-1.283406	-0.877581	-0.166141	-0.856802	-0.351143
1.220000	3.347446	-1.338268	-0.892900	-0.164150	-0.853171	-0.341199
1.240000	3.484832	-1.390203	-0.908817	-0.162198	-0.849768	-0.331228
1.260000	3.618621	-1.439048	-0.925357	-0.160289	-0.846611	-0.321248
1.280000	3.748538	-1.484638	-0.942549	-0.158431	-0.843720	-0.311277
1.300000	3.874309	-1.526808	-0.960419	-0.156629	-0.841112	-0.301334
1.320000	3.995660	-1.565395	-0.978994	-0.154889	-0.838808	-0.291437
1.340000	4.112316	-1.600233	-0.998302	-0.153217	-0.836825	-0.281605
1.360000	4.224043	-1.631190	-1.018360	-0.151618	-0.835180	-0.271854
1.380000	4.330816	-1.658292	-1.039142	-0.150092	-0.833868	-0.262189
1.400000	4.432676	-1.681621	-1.060608	-0.148638	-0.832881	-0.252612
1.420000	4.529664	-1.701255	-1.082716	-0.147253	-0.832210	-0.243127
1.440000	4.621823	-1.717273	-1.105425	-0.145937	-0.831846	-0.233735
1.460000	4.709194	-1.729757	-1.128695	-0.144688	-0.831780	-0.224438
1.480000	4.791818	-1.738785	-1.152483	-0.143504	-0.832001	-0.215240
1.500000	4.869737	-1.744437	-1.176749	-0.142384	-0.832503	-0.206142
1.520000	4.942993	-1.746793	-1.201452	-0.141325	-0.833274	-0.197146
1.540000	5.011628	-1.745932	-1.226552	-0.140327	-0.834307	-0.188255
1.560000	5.075682	-1.741934	-1.252006	-0.139388	-0.835592	-0.179470
1.580000	5.135198	-1.734879	-1.277774	-0.138506	-0.837121	-0.170796
1.600000	5.190217	-1.724847	-1.303815	-0.137680	-0.838883	-0.162232
1.620000	5.240782	-1.711916	-1.330087	-0.136908	-0.840870	-0.153783
1.640000	5.286932	-1.696168	-1.356550	-0.136188	-0.843073	-0.145450
1.660000	5.328711	-1.677681	-1.383163	-0.135519	-0.845482	-0.137235
1.680000	5.366160	-1.656535	-1.409885	-0.134900	-0.848089	-0.129141
1.700000	5.399320	-1.632810	-1.436674	-0.134328	-0.850885	-0.121170
1.720000	5.428233	-1.606585	-1.463490	-0.133802	-0.853860	-0.113325
1.740000	5.452941	-1.577940	-1.490291	-0.133321	-0.857006	-0.105607
1.760000	5.473485	-1.546956	-1.517037	-0.132883	-0.860313	-0.098019
1.780000	5.489906	-1.513710	-1.543686	-0.132486	-0.863772	-0.090563
1.800000	5.502248	-1.478284	-1.570198	-0.132129	-0.867374	-0.083242
1.820000	5.510550	-1.440757	-1.596531	-0.131810	-0.871110	-0.076057
1.840000	5.514855	-1.401209	-1.622644	-0.131528	-0.874971	-0.069011
1.860000	5.515205	-1.359718	-1.648496	-0.131281	-0.878948	-0.062107
1.880000	5.511640	-1.316366	-1.674047	-0.131067	-0.883031	-0.055346
1.900000	5.504204	-1.271231	-1.699255	-0.130885	-0.887213	-0.048732
1.920000	5.492936	-1.224393	-1.724079	-0.130733	-0.891482	-0.042265
1.940000	5.477879	-1.175932	-1.748478	-0.130610	-0.895832	-0.035949
1.960000	5.459075	-1.125928	-1.772412	-0.130514	-0.900251	-0.029786
1.980000	5.436565	-1.074460	-1.795838	-0.130443	-0.904732	-0.023778
2.000000	5.410391	-1.021607	-1.818716	-0.130397	-0.909265	-0.017927
2.020000	5.380594	-0.967451	-1.841005	-0.130373	-0.913841	-0.012235
2.040000	5.347216	-0.912070	-1.862664	-0.130369	-0.918452	-0.006706
2.060000	5.310298	-0.855543	-1.883652	-0.130385	-0.923087	-0.001341
2.080000	5.269883	-0.797952	-1.903928	-0.130418	-0.927738	0.003858
2.100000	5.226012	-0.739374	-1.923451	-0.130467	-0.932396	0.008888
2.120000	5.178726	-0.679891	-1.942179	-0.130530	-0.937051	0.013747
2.140000	5.128068	-0.619581	-1.960072	-0.130606	-0.941695	0.018432
2.160000	5.074078	-0.558525	-1.977088	-0.130694	-0.946319	0.022942
2.180000	5.016798	-0.496801	-1.993188	-0.130791	-0.950913	0.027274
2.200000	4.956270	-0.434491	-2.008328	-0.130896	-0.955468	0.031426
2.220000	4.892536	-0.371672	-2.022470	-0.131007	-0.959975	0.035395
2.240000	4.825638	-0.308426	-2.035571	-0.131124	-0.964426	0.039180
2.260000	4.755616	-0.244831	-2.047590	-0.131243	-0.968810	0.042777
2.280000	4.682512	-0.180968	-2.058486	-0.131365	-0.973120	0.046185
2.300000	4.606369	-0.116915	-2.068219	-0.131486	-0.977345	0.049402
2.320000	4.527227	-0.052754	-2.076748	-0.131606	-0.981477	0.052424
2.340000	4.445129	0.011437	-2.084030	-0.131722	-0.985507	0.055250
2.360000	4.360116	0.075579	-2.090026	-0.131834	-0.989426	0.057878
2.380000	4.272229	0.139590	-2.094694	-0.131940	-0.993224	0.060305
2.400000	4.181511	0.203392	-2.097993	-0.132038	-0.996892	0.062529
2.420000	4.088002	0.266905	-2.099882	-0.132127	-1.000422	0.064548
2.440000	3.991745	0.330049	-2.100321	-0.132204	-1.003804	0.066359
2.460000	3.892781	0.392745	-2.099267	-0.132269	-1.007029	0.067960
2.480000	3.791151	0.454912	-2.096680	-0.132319	-1.010088	0.069349
2.500000	3.686898	0.516472	-2.092520	-0.132354	-1.012972	0.070523
2.520000	3.580063	0.577344	-2.086744	-0.132372	-1.015672	0.071480
2.540000	3.470688	0.637450	-2.079312	-0.132370	-1.018179	0.072219
2.560000	3.358814	0.696708	-2.070183	-0.132348	-1.020484	0.072736
2.580000	3.244482	0.755040	-2.059315	-0.132304	-1.022577	0.073029
2.600000	3.127735	0.812366	-2.046669	-0.132236	-1.024449	0.073097
2.620000	3.008615	0.868606	-2.032202	-0.132142	-1.026093	0.072936
2.640000	2.887161	0.923680	-2.015873	-0.132022	-1.027497	0.072545
2.660000	2.763418	0.977509	-1.997643	-0.131873	-1.028654	0.071921
2.680000	2.637425	1.030014	-1.977469	-0.131695	-1.029554	0.071061
2.700000	2.509225	1.081114	-1.955310	-0.131484	-1.030188	0.069965
2.720000	2.378858	1.130729	-1.931126	-0.131240	-1.030547	0.068629
2.740000	2.246368	1.178781	-1.904875	-0.130962	-1.030621	0.067051
2.760000	2.111795	1.225189	-1.876517	-0.130647	-1.030403	0.065228
2.780000	1.975182	1.269874	-1.846010	-0.130294	-1.029882	0.063159
2.800000	1.836569	1.312756	-1.813314	-0.129901	-1.029050	0.060842
2.820000	1.695998	1.353756	-1.778386	-0.129467	-1.027898	0.058273
2.840000	1.553511	1.392793	-1.741187	-0.128990	-1.026416	0.055451
2.860000	1.409150	1.429789	-1.701675	-0.128469	-1.024595	0.052373
2.880000	1.262956	1.464662	-1.659810	-0.127902	-1.022427	0.049037
2.900000	1.114971	1.497335	-1.615549	-0.127288	-1.019902	0.045441
2.920000	0.965236	1.527726	-1.568853	-0.126624	-1.017011	0.041582
2.940000	0.813794	1.555757	-1.519679	-0.125909	-1.013745	0.037459
2.960000	0.660685	1.581348	-1.467988	-0.125143	-1.010095	0.033069
2.980000	0.505951	1.604419	-1.413737	-0.124322	-1.006051	0.028409
3.000000	0.349634	1.624890	-1.356886	-0.123446	-1.001606	0.023477
3.020000	0.191776	1.642681	-1.297395	-0.122512	-0.996749	0.018272
3.040000	0.032418	1.657714	-1.235221	-0.121520	-0.991472	0.012790
3.060000	-0.128398	1.669908	-1.170324	-0.120468	-0.985765	0.007030
3.080000	-0.290630	1.679184	-1.102662	-0.119354	-0.979619	0.000989
3.100000	-0.454238	1.685461	-1.032195	-0.118177	-0.973026	-0.005335
3.120000	-0.619179	1.688661	-0.958882	-0.116934	-0.965976	-0.011945
3.140000	-0.785412	1.688704	-0.882682	-0.115625	-0.958460	-0.018842
3.160000	-0.952898	1.685508	-0.803554	-0.114248	-0.950470	-0.026030
3.180000	-1.121788	1.678919	-0.721540	-0.112813	-0.942034	-0.033510
3.200000	-1.292507	1.668677	-0.636796	-0.111345	-0.933233	-0.041288
3.220000	-1.465500	1.654510	-0.549487	-0.109872	-0.924154	-0.049370
3.240000	-1.641214	1.636149	-0.459778	-0.108422	-0.914883	-0.057758
3.260000	-1.820095	1.613325	-0.367836	-0.107021	-0.905504	-0.066459
3.280000	-2.002589	1.585767	-0.273825	-0.105696	-0.896105	-0.075477
3.300000	-2.189143	1.553206	-0.177912	-0.104475	-0.886771	-0.084817
3.320000	-2.380203	1.515372	-0.080261	-0.103385	-0.877587	-0.094484
3.340000	-2.576214	1.471995	0.018961	-0.102454	-0.868640	-0.104481
3.360000	-2.777624	1.422806	0.119589	-0.101708	-0.860016	-0.114816
3.380000	-2.984878	1.367534	0.221457	-0.101175	-0.851801	-0.125491
3.400000	-3.198423	1.305910	0.324401	-0.100881	-0.844079	-0.136512
3.420000	-3.418705	1.237663	0.428254	-0.100855	-0.836938	-0.147883
3.440000	-3.646170	1.162525	0.532851	-0.101123	-0.830463	-0.159610
3.460000	-3.881265	1.080226	0.638026	-0.101713	-0.824740	-0.171697
3.480000	-4.124434	0.990495	0.743614	-0.102652	-0.819855	-0.184149
3.500000	-4.375116	0.893523	0.849260	-0.103959	-0.815871	-0.196960
3.520000	-4.629771	0.790856	0.954052	-0.105632	-0.812786	-0.210097
3.540000	-4.884314	0.684288	1.056975	-0.107666	-0.810585	-0.223517
3.560000	-5.134658	0.575616	1.157014	-0.110054	-0.809254	-0.237180
3.580000	-5.376717	0.466634	1.253155	-0.112789	-0.808778	-0.251047
3.600000	-5.606407	0.359138	1.344383	-0.115866	-0.809142	-0.265076
3.620000	-5.819639	0.254922	1.429684	-0.119279	-0.810332	-0.279226
3.640000	-6.012330	0.155783	1.508042	-0.123020	-0.812333	-0.293458
3.660000	-6.180392	0.063515	1.578442	-0.127084	-0.815131	-0.307731
3.680000	-6.319739	-0.020087	1.639871	-0.131464	-0.818711	-0.322005
3.700000	-6.426287	-0.093227	1.691313	-0.136155	-0.823058	-0.336237
