0.000000	-7.843662	0.909504	0.736496	-0.124255	-0.800820	-0.172545
0.020000	-7.980489	0.913520	0.745302	-0.124672	-0.789329	-0.187876
0.040000	-8.064055	0.920519	0.749897	-0.125289	-0.779799	-0.203593
0.060000	-8.088550	0.931138	0.749812	-0.126151	-0.772566	-0.219692
0.080000	-8.048167	0.946012	0.744581	-0.127307	-0.767963	-0.236170
0.100000	-7.937489	0.965737	0.733759	-0.128799	-0.766310	-0.253022
0.120000	-7.758214	0.990193	0.717336	-0.130632	-0.767616	-0.270192
0.140000	-7.518229	1.018631	0.695675	-0.132772	-0.771626	-0.287586
0.160000	-7.225628	1.050284	0.669154	-0.135184	-0.778074	-0.305102
0.180000	-6.888505	1.084383	0.638150	-0.137833	-0.786694	-0.322645
0.200000	-6.514953	1.120162	0.603040	-0.140686	-0.797223	-0.340114
0.220000	-6.113067	1.156851	0.564201	-0.143706	-0.809393	-0.357412
0.240000	-5.690941	1.193684	0.522010	-0.146859	-0.822941	-0.374440
0.260000	-5.256667	1.229891	0.476844	-0.150112	-0.837601	-0.391100
0.280000	-4.818341	1.264706	0.429081	-0.153428	-0.853107	-0.407293
0.300000	-4.384056	1.297360	0.379098	-0.156774	-0.869195	-0.422922
0.320000	-3.961906	1.327085	0.327271	-0.160114	-0.885599	-0.437886
0.340000	-3.559985	1.353114	0.273977	-0.163414	-0.902054	-0.452089
0.360000	-3.186386	1.374678	0.219595	-0.166640	-0.918294	-0.465432
0.380000	-2.849204	1.391009	0.164501	-0.169756	-0.934055	-0.477816
0.400000	-2.556532	1.401340	0.109071	-0.172728	-0.949071	-0.489143
0.420000	-2.316464	1.404903	0.053684	-0.175521	-0.963077	-0.499315
0.440000	-2.136154	1.401006	-0.001282	-0.178103	-0.975826	-0.508246
0.460000	-2.013651	1.389707	-0.055426	-0.180467	-0.987254	-0.515989
0.480000	-1.941903	1.371480	-0.108335	-0.182617	-0.997399	-0.522672
0.500000	-1.913801	1.346804	-0.159597	-0.184560	-1.006300	-0.528423
0.520000	-1.922236	1.316159	-0.208799	-0.186301	-1.013994	-0.533370
0.540000	-1.960099	1.280024	-0.255527	-0.187847	-1.020522	-0.537642
0.560000	-2.020281	1.238880	-0.299370	-0.189204	-1.025920	-0.541367
0.580000	-2.095673	1.193205	-0.339915	-0.190376	-1.030230	-0.544674
0.600000	-2.179165	1.143479	-0.376749	-0.191370	-1.033488	-0.547693
0.620000	-2.263650	1.090182	-0.409458	-0.192193	-1.035734	-0.550550
0.640000	-2.342017	1.033793	-0.437631	-0.192849	-1.037006	-0.553375
0.660000	-2.407157	0.974791	-0.460855	-0.193345	-1.037344	-0.556296
0.680000	-2.451962	0.913657	-0.478717	-0.193686	-1.036785	-0.559441
0.700000	-2.469323	0.850869	-0.490804	-0.193878	-1.035369	-0.562940
0.720000	-2.452131	0.786907	-0.496704	-0.193928	-1.033135	-0.566921
0.740000	-2.393276	0.722250	-0.496003	-0.193841	-1.030120	-0.571512
0.760000	-2.288107	0.657373	-0.488492	-0.193623	-1.026376	-0.576794
0.780000	-2.140558	0.592729	-0.474667	-0.193284	-1.021988	-0.582681
0.800000	-1.956434	0.528768	-0.455181	-0.192834	-1.017053	-0.589050
0.820000	-1.741540	0.465937	-0.430686	-0.192281	-1.011665	-0.595778
0.840000	-1.501680	0.404687	-0.401832	-0.191635	-1.005921	-0.602741
0.860000	-1.242662	0.345466	-0.369271	-0.190906	-0.999917	-0.609819
0.880000	-0.970288	0.288724	-0.333656	-0.190103	-0.993746	-0.616887
0.900000	-0.690366	0.234911	-0.295637	-0.189237	-0.987506	-0.623822
0.920000	-0.408700	0.184474	-0.255866	-0.188316	-0.981291	-0.630503
0.940000	-0.131095	0.137864	-0.214995	-0.187350	-0.975196	-0.636805
0.960000	0.136642	0.095529	-0.173675	-0.186348	-0.969319	-0.642607
0.980000	0.388708	0.057918	-0.132559	-0.185321	-0.963753	-0.647786
1.000000	0.619297	0.025482	-0.092297	-0.184277	-0.958595	-0.652218
1.020000	0.822603	-0.001331	-0.053542	-0.183226	-0.953940	-0.655781
1.040000	0.992821	-0.022073	-0.016944	-0.182179	-0.949884	-0.658352
1.060000	1.125357	-0.036420	0.016958	-0.181143	-0.946502	-0.659840
1.080000	1.221203	-0.044643	0.048153	-0.180125	-0.943780	-0.660307
1.100000	1.282962	-0.047181	0.076782	-0.179132	-0.941680	-0.659855
1.120000	1.313236	-0.044472	0.102985	-0.178169	-0.940160	-0.658587
1.140000	1.314628	-0.036956	0.126903	-0.177242	-0.939182	-0.656608
1.160000	1.289743	-0.025072	0.148676	-0.176358	-0.938705	-0.654019
1.180000	1.241182	-0.009258	0.168445	-0.175522	-0.938690	-0.650926
1.200000	1.171548	0.010046	0.186349	-0.174740	-0.939097	-0.647430
1.220000	1.083445	0.032401	0.202530	-0.174018	-0.939885	-0.643636
1.240000	0.979475	0.057369	0.217129	-0.173361	-0.941016	-0.639647
1.260000	0.862242	0.084509	0.230284	-0.172777	-0.942450	-0.635567
1.280000	0.734348	0.113384	0.242138	-0.172271	-0.944146	-0.631497
1.300000	0.598396	0.143553	0.252830	-0.171849	-0.946065	-0.627543
1.320000	0.456990	0.174578	0.262502	-0.171516	-0.948167	-0.623807
1.340000	0.312732	0.206021	0.271292	-0.171280	-0.950412	-0.620393
1.360000	0.168225	0.237441	0.279343	-0.171145	-0.952760	-0.617405
1.380000	0.026073	0.268399	0.286793	-0.171117	-0.955172	-0.614944
1.400000	-0.111145	0.298457	0.293778	-0.171203	-0.957608	-0.613110
1.420000	-0.241286	0.327167	0.300285	-0.171403	-0.960021	-0.611895
1.440000	-0.362602	0.354076	0.306173	-0.171712	-0.962361	-0.611195
1.460000	-0.473363	0.378729	0.311296	-0.172127	-0.964574	-0.610904
1.480000	-0.571836	0.400673	0.315509	-0.172642	-0.966610	-0.610913
1.500000	-0.656290	0.419453	0.318666	-0.173254	-0.968418	-0.611116
1.520000	-0.724993	0.434615	0.320619	-0.173957	-0.969945	-0.611407
1.540000	-0.776212	0.445705	0.321224	-0.174749	-0.971139	-0.611677
1.560000	-0.808217	0.452269	0.320335	-0.175623	-0.971950	-0.611820
1.580000	-0.819275	0.453853	0.317804	-0.176576	-0.972325	-0.611729
1.600000	-0.807655	0.450004	0.313487	-0.177604	-0.972213	-0.611297
1.620000	-0.771624	0.440266	0.307238	-0.178702	-0.971563	-0.610417
1.640000	-0.709451	0.424185	0.298910	-0.179865	-0.970322	-0.608981
1.660000	-0.619404	0.401309	0.288357	-0.181089	-0.968439	-0.606883
1.680000	-0.499751	0.371182	0.275433	-0.182371	-0.965862	-0.604016
1.700000	-0.348846	0.333376	0.259996	-0.183704	-0.962541	-0.600274
1.720000	-0.167649	0.288217	0.242002	-0.185077	-0.958489	-0.595625
1.740000	0.039869	0.236906	0.221519	-0.186466	-0.953785	-0.590117
1.760000	0.269568	0.180692	0.198625	-0.187850	-0.948514	-0.583803
1.780000	0.517309	0.120825	0.173394	-0.189205	-0.942761	-0.576736
1.800000	0.778952	0.058555	0.145903	-0.190508	-0.936611	-0.568969
1.820000	1.050359	-0.004870	0.116228	-0.191737	-0.930150	-0.560556
1.840000	1.327388	-0.068200	0.084445	-0.192868	-0.923461	-0.551549
1.860000	1.605902	-0.130185	0.050630	-0.193880	-0.916629	-0.542002
1.880000	1.881761	-0.189577	0.014858	-0.194748	-0.909740	-0.531967
1.900000	2.150825	-0.245125	-0.022793	-0.195450	-0.902878	-0.521499
1.920000	2.408955	-0.295581	-0.062249	-0.195963	-0.896128	-0.510650
1.940000	2.652011	-0.339694	-0.103433	-0.196264	-0.889575	-0.499473
1.960000	2.875854	-0.376216	-0.146270	-0.196331	-0.883304	-0.488021
1.980000	3.076345	-0.403897	-0.190683	-0.196141	-0.877399	-0.476348
2.000000	3.249344	-0.421488	-0.236596	-0.195670	-0.871946	-0.464507
2.020000	3.390720	-0.427743	-0.283933	-0.194897	-0.867028	-0.452550
2.040000	3.498357	-0.422312	-0.332559	-0.193811	-0.862704	-0.440518
2.060000	3.574757	-0.406897	-0.382202	-0.192438	-0.858964	-0.428423
2.080000	3.623065	-0.383486	-0.432573	-0.190806	-0.855791	-0.416272
2.100000	3.646427	-0.354069	-0.483381	-0.188943	-0.853168	-0.404073
2.120000	3.647988	-0.320633	-0.534337	-0.186878	-0.851079	-0.391833
2.140000	3.630894	-0.285167	-0.585149	-0.184639	-0.849505	-0.379560
2.160000	3.598290	-0.249660	-0.635528	-0.182255	-0.848429	-0.367260
2.180000	3.553323	-0.216099	-0.685185	-0.179754	-0.847835	-0.354942
2.200000	3.499137	-0.186473	-0.733827	-0.177166	-0.847705	-0.342614
2.220000	3.438878	-0.162771	-0.781167	-0.174517	-0.848021	-0.330281
2.240000	3.375691	-0.146981	-0.826913	-0.171838	-0.848768	-0.317953
2.260000	3.312723	-0.141092	-0.870775	-0.169156	-0.849927	-0.305636
2.280000	3.253118	-0.147092	-0.912464	-0.166500	-0.851482	-0.293338
2.300000	3.200023	-0.166969	-0.951689	-0.163899	-0.853414	-0.281066
2.320000	3.156582	-0.202711	-0.988160	-0.161380	-0.855708	-0.268828
2.340000	3.124924	-0.255351	-1.021624	-0.158960	-0.858343	-0.256632
2.360000	3.104137	-0.323060	-1.051945	-0.156618	-0.861293	-0.244486
2.380000	3.092743	-0.403478	-1.079005	-0.154326	-0.864529	-0.232399
2.400000	3.089265	-0.494245	-1.102687	-0.152055	-0.868025	-0.220380
2.420000	3.092223	-0.592999	-1.122874	-0.149776	-0.871751	-0.208437
2.440000	3.100140	-0.697379	-1.139450	-0.147463	-0.875680	-0.196580
2.460000	3.111538	-0.805026	-1.152297	-0.145086	-0.879784	-0.184817
2.480000	3.124938	-0.913579	-1.161298	-0.142617	-0.884035	-0.173157
2.500000	3.138862	-1.020676	-1.166337	-0.140028	-0.888404	-0.161609
2.520000	3.151832	-1.123957	-1.167296	-0.137290	-0.892865	-0.150181
2.540000	3.162371	-1.221061	-1.164059	-0.134376	-0.897389	-0.138882
2.560000	3.168999	-1.309629	-1.156509	-0.131257	-0.901947	-0.127722
2.580000	3.170238	-1.387298	-1.144529	-0.127906	-0.906513	-0.116709
2.600000	3.164611	-1.451708	-1.128002	-0.124293	-0.911057	-0.105851
2.620000	3.150639	-1.500500	-1.106811	-0.120390	-0.915553	-0.095158
2.640000	3.126845	-1.531311	-1.080839	-0.116169	-0.919972	-0.084637
2.660000	3.091925	-1.542188	-1.050040	-0.111614	-0.924288	-0.074303
2.680000	3.045715	-1.533793	-1.014820	-0.106776	-0.928490	-0.064188
2.700000	2.988495	-1.507826	-0.975765	-0.101737	-0.932574	-0.054337
2.720000	2.920552	-1.465989	-0.933462	-0.096579	-0.936533	-0.044791
2.740000	2.842168	-1.409984	-0.888496	-0.091381	-0.940363	-0.035596
2.760000	2.753629	-1.341513	-0.841455	-0.086225	-0.944059	-0.026793
2.780000	2.655219	-1.262279	-0.792925	-0.081192	-0.947615	-0.018426
2.800000	2.547221	-1.173983	-0.743493	-0.076363	-0.951027	-0.010539
2.820000	2.429920	-1.078327	-0.693745	-0.071820	-0.954288	-0.003174
2.840000	2.303600	-0.977014	-0.644266	-0.067642	-0.957394	0.003625
2.860000	2.168545	-0.871746	-0.595645	-0.063912	-0.960340	0.009815
2.880000	2.025040	-0.764225	-0.548467	-0.060710	-0.963120	0.015352
2.900000	1.873368	-0.656153	-0.503319	-0.058118	-0.965729	0.020194
2.920000	1.713815	-0.549232	-0.460786	-0.056215	-0.968162	0.024297
2.940000	1.546664	-0.445164	-0.421457	-0.055084	-0.970414	0.027619
2.960000	1.372260	-0.345525	-0.385829	-0.054793	-0.972479	0.030121
2.980000	1.191480	-0.250804	-0.353643	-0.055305	-0.974340	0.031821
3.000000	1.005474	-0.160924	-0.324250	-0.056526	-0.975978	0.032764
3.020000	0.815393	-0.075809	-0.296995	-0.058364	-0.977372	0.032995
3.040000	0.622390	0.004621	-0.271226	-0.060725	-0.978501	0.032559
3.060000	0.427616	0.080445	-0.246290	-0.063518	-0.979345	0.031500
3.080000	0.232224	0.151740	-0.221533	-0.066648	-0.979884	0.029865
3.100000	0.037364	0.218586	-0.196303	-0.070023	-0.980096	0.027697
3.120000	-0.155811	0.281060	-0.169946	-0.073550	-0.979962	0.025043
3.140000	-0.346148	0.339242	-0.141809	-0.077136	-0.979460	0.021947
3.160000	-0.532497	0.393210	-0.111239	-0.080688	-0.978571	0.018453
3.180000	-0.713706	0.443042	-0.077583	-0.084112	-0.977273	0.014608
3.200000	-0.888622	0.488818	-0.040188	-0.087316	-0.975547	0.010456
3.220000	-1.056094	0.530615	0.001599	-0.090207	-0.973372	0.006042
3.240000	-1.214969	0.568512	0.048432	-0.092692	-0.970726	0.001411
3.260000	-1.364096	0.602588	0.100964	-0.094678	-0.967591	-0.003391
3.280000	-1.502370	0.632933	0.159803	-0.096075	-0.963946	-0.008322
3.300000	-1.629764	0.659907	0.224537	-0.096881	-0.959805	-0.013380
3.320000	-1.747344	0.684144	0.293716	-0.097182	-0.955214	-0.018604
3.340000	-1.856221	0.706290	0.365848	-0.097065	-0.950221	-0.024038
3.360000	-1.957509	0.726990	0.439441	-0.096621	-0.944874	-0.029723
3.380000	-2.052320	0.746890	0.513001	-0.095938	-0.939220	-0.035702
3.400000	-2.141767	0.766636	0.585035	-0.095105	-0.933307	-0.042015
3.420000	-2.226961	0.786872	0.654051	-0.094211	-0.927183	-0.048707
3.440000	-2.309017	0.808245	0.718556	-0.093345	-0.920895	-0.055818
3.460000	-2.389045	0.831400	0.777056	-0.092596	-0.914491	-0.063390
3.480000	-2.468160	0.856983	0.828058	-0.092054	-0.908019	-0.071467
3.500000	-2.547473	0.885639	0.870071	-0.091806	-0.901526	-0.080089
3.520000	-2.628097	0.918014	0.901600	-0.091942	-0.895060	-0.089299
3.540000	-2.711145	0.954753	0.921152	-0.092551	-0.888669	-0.099140
3.560000	-2.797730	0.996503	0.927236	-0.093722	-0.882401	-0.109652
3.580000	-2.888963	1.043908	0.918357	-0.095545	-0.876302	-0.120879
3.600000	-2.985950	1.097610	0.893034	-0.098106	-0.870422	-0.132862
3.620000	-3.088925	1.157550	0.851049	-0.101440	-0.864822	-0.145608
3.640000	-3.196390	1.222287	0.794704	-0.105469	-0.859597	-0.159053
3.660000	-3.306641	1.290219	0.726591	-0.110103	-0.854844	-0.173126
3.680000	-3.417978	1.359741	0.649307	-0.115251	-0.850659	-0.187755
3.700000	-3.528698	1.429250	0.565445	-0.120824	-0.847139	-0.202869
3.720000	-3.637099	1.497144	0.477600	-0.126730	-0.844381	-0.218397
