0.000000	-3.924916	0.474392	0.724788	-0.183020	-0.957164	-0.403881
0.020000	-3.786342	0.463293	0.731208	-0.186110	-0.967316	-0.417091
0.040000	-3.647231	0.452962	0.733134	-0.188813	-0.976521	-0.429500
0.060000	-3.508604	0.443488	0.730069	-0.191083	-0.984594	-0.441009
0.080000	-3.370737	0.435034	0.722041	-0.192923	-0.991498	-0.451623
0.100000	-3.233510	0.427803	0.709356	-0.194355	-0.997278	-0.461397
0.120000	-3.096801	0.421996	0.692321	-0.195404	-1.001979	-0.470389
0.140000	-2.960485	0.417815	0.671245	-0.196096	-1.005646	-0.478657
0.160000	-2.824439	0.415463	0.646437	-0.196456	-1.008323	-0.486259
0.180000	-2.688539	0.415141	0.618205	-0.196507	-1.010055	-0.493251
0.200000	-2.552662	0.417051	0.586858	-0.196275	-1.010887	-0.499692
0.220000	-2.416683	0.421396	0.552703	-0.195784	-1.010864	-0.505640
0.240000	-2.280479	0.428378	0.516050	-0.195059	-1.010031	-0.511151
0.260000	-2.143927	0.438198	0.477206	-0.194126	-1.008433	-0.516283
0.280000	-2.006903	0.451059	0.436481	-0.193008	-1.006114	-0.521094
0.300000	-1.869283	0.467163	0.394182	-0.191731	-1.003120	-0.525642
0.320000	-1.730943	0.486712	0.350618	-0.190318	-0.999495	-0.529983
0.340000	-1.591761	0.509908	0.306098	-0.188796	-0.995284	-0.534177
0.360000	-1.451628	0.536893	0.260926	-0.187188	-0.990536	-0.538277
0.380000	-1.310649	0.567060	0.215370	-0.185512	-0.985345	-0.542309
0.400000	-1.169074	0.599285	0.169667	-0.183780	-0.979836	-0.546277
0.420000	-1.027152	0.632435	0.124056	-0.182007	-0.974137	-0.550187
0.440000	-0.885136	0.665379	0.078776	-0.180203	-0.968374	-0.554041
0.460000	-0.743278	0.696983	0.034066	-0.178383	-0.962672	-0.557846
0.480000	-0.601829	0.726114	-0.009837	-0.176559	-0.957159	-0.561603
0.500000	-0.461040	0.751639	-0.052694	-0.174744	-0.951960	-0.565319
0.520000	-0.321163	0.772425	-0.094266	-0.172951	-0.947203	-0.568997
0.540000	-0.182450	0.787341	-0.134314	-0.171193	-0.943013	-0.572641
0.560000	-0.045151	0.795252	-0.172601	-0.169483	-0.939518	-0.576256
0.580000	0.090480	0.795026	-0.208888	-0.167833	-0.936843	-0.579846
0.600000	0.224193	0.785530	-0.242937	-0.166256	-0.935114	-0.583415
0.620000	0.355737	0.765632	-0.274508	-0.164766	-0.934459	-0.586967
0.640000	0.484859	0.734198	-0.303363	-0.163375	-0.935004	-0.590507
0.660000	0.611309	0.690096	-0.329264	-0.162097	-0.936874	-0.594039
0.680000	0.734829	0.632227	-0.351975	-0.160942	-0.940194	-0.597567
0.700000	0.854947	0.560928	-0.371344	-0.159918	-0.944944	-0.601067
0.720000	0.970904	0.478448	-0.387332	-0.159020	-0.950914	-0.604485
0.740000	1.081921	0.387170	-0.399911	-0.158242	-0.957884	-0.607760
0.760000	1.187218	0.289475	-0.409048	-0.157580	-0.965630	-0.610834
0.780000	1.286016	0.187746	-0.414716	-0.157028	-0.973932	-0.613647
0.800000	1.377537	0.084366	-0.416882	-0.156582	-0.982568	-0.616140
0.820000	1.460999	-0.018284	-0.415517	-0.156236	-0.991314	-0.618254
0.840000	1.535625	-0.117821	-0.410592	-0.155984	-0.999950	-0.619931
0.860000	1.600635	-0.211863	-0.402074	-0.155823	-1.008254	-0.621111
0.880000	1.655250	-0.298027	-0.389935	-0.155747	-1.016003	-0.621734
0.900000	1.698690	-0.373932	-0.374144	-0.155750	-1.022975	-0.621743
0.920000	1.730176	-0.437195	-0.354672	-0.155828	-1.028949	-0.621077
0.940000	1.748929	-0.485433	-0.331487	-0.155976	-1.033703	-0.619678
0.960000	1.754169	-0.516265	-0.304559	-0.156188	-1.037014	-0.617487
0.980000	1.745117	-0.527308	-0.273859	-0.156460	-1.038662	-0.614444
1.000000	1.720996	-0.516182	-0.239356	-0.156786	-1.038423	-0.610491
1.020000	1.681937	-0.481847	-0.201230	-0.157162	-1.036185	-0.605608
1.040000	1.630506	-0.426846	-0.160214	-0.157588	-1.032127	-0.599883
1.060000	1.569669	-0.354315	-0.117136	-0.158065	-1.026474	-0.593423
1.080000	1.502395	-0.267392	-0.072824	-0.158592	-1.019454	-0.586334
1.100000	1.431651	-0.169212	-0.028104	-0.159170	-1.011292	-0.578720
1.120000	1.360405	-0.062912	0.016196	-0.159799	-1.002215	-0.570687
1.140000	1.291625	0.048371	0.059249	-0.160478	-0.992450	-0.562342
1.160000	1.228278	0.161501	0.100228	-0.161209	-0.982223	-0.553791
1.180000	1.173332	0.273341	0.138305	-0.161991	-0.971759	-0.545138
1.200000	1.129756	0.380755	0.172653	-0.162825	-0.961287	-0.536490
1.220000	1.100516	0.480606	0.202446	-0.163710	-0.951032	-0.527953
1.240000	1.088580	0.569757	0.226855	-0.164648	-0.941220	-0.519631
1.260000	1.096917	0.645072	0.245054	-0.165637	-0.932079	-0.511632
1.280000	1.128493	0.703415	0.256215	-0.166679	-0.923834	-0.504061
1.300000	1.186277	0.741649	0.259511	-0.167773	-0.916711	-0.497024
1.320000	1.272133	0.757552	0.254378	-0.168914	-0.910875	-0.490585
1.340000	1.384051	0.752116	0.241179	-0.170079	-0.906263	-0.484672
1.360000	1.519166	0.727041	0.220478	-0.171240	-0.902766	-0.479178
1.380000	1.674617	0.684025	0.192841	-0.172368	-0.900272	-0.473999
1.400000	1.847540	0.624768	0.158833	-0.173437	-0.898673	-0.469028
1.420000	2.035072	0.550967	0.119019	-0.174417	-0.897858	-0.464161
1.440000	2.234351	0.464323	0.073965	-0.175282	-0.897716	-0.459292
1.460000	2.442514	0.366534	0.024236	-0.176004	-0.898138	-0.454316
1.480000	2.656697	0.259298	-0.029603	-0.176554	-0.899013	-0.449127
1.500000	2.874038	0.144315	-0.086986	-0.176904	-0.900232	-0.443620
1.520000	3.091674	0.023284	-0.147348	-0.177028	-0.901683	-0.437690
1.540000	3.306741	-0.102098	-0.210124	-0.176896	-0.903257	-0.431232
1.560000	3.516378	-0.230129	-0.274748	-0.176482	-0.904844	-0.424139
1.580000	3.717721	-0.359113	-0.340655	-0.175757	-0.906333	-0.416307
1.600000	3.907907	-0.487349	-0.407281	-0.174693	-0.907614	-0.407630
1.620000	4.084073	-0.613140	-0.474059	-0.173263	-0.908577	-0.398003
1.640000	4.243357	-0.734786	-0.540424	-0.171439	-0.909112	-0.387320
1.660000	4.383046	-0.850641	-0.605830	-0.169196	-0.909117	-0.375485
1.680000	4.502459	-0.959771	-0.669995	-0.166555	-0.908594	-0.362518
1.700000	4.602364	-1.061750	-0.732821	-0.163571	-0.907624	-0.348522
1.720000	4.683562	-1.156163	-0.794217	-0.160298	-0.906286	-0.333601
1.740000	4.746853	-1.242595	-0.854091	-0.156791	-0.904663	-0.317861
1.760000	4.793036	-1.320631	-0.912351	-0.153104	-0.902833	-0.301406
1.780000	4.822911	-1.389856	-0.968905	-0.149291	-0.900879	-0.284342
1.800000	4.837280	-1.449855	-1.023660	-0.145408	-0.898881	-0.266773
1.820000	4.836941	-1.500213	-1.076525	-0.141508	-0.896920	-0.248804
1.840000	4.822696	-1.540515	-1.127408	-0.137648	-0.895076	-0.230539
1.860000	4.795343	-1.570346	-1.176216	-0.133880	-0.893430	-0.212085
1.880000	4.755684	-1.589291	-1.222858	-0.130260	-0.892064	-0.193546
1.900000	4.704518	-1.596936	-1.267242	-0.126842	-0.891057	-0.175026
1.920000	4.642646	-1.592865	-1.309275	-0.123681	-0.890491	-0.156630
1.940000	4.570867	-1.576663	-1.348866	-0.120832	-0.890446	-0.138464
1.960000	4.489969	-1.547963	-1.385905	-0.118346	-0.890999	-0.120631
1.980000	4.400499	-1.507317	-1.419954	-0.116230	-0.892156	-0.103207
2.000000	4.302781	-1.456122	-1.450271	-0.114445	-0.893856	-0.086244
2.020000	4.197135	-1.395801	-1.476104	-0.112954	-0.896034	-0.069794
2.040000	4.083878	-1.327782	-1.496702	-0.111718	-0.898629	-0.053906
2.060000	3.963328	-1.253490	-1.511311	-0.110698	-0.901576	-0.038632
2.080000	3.835801	-1.174349	-1.519181	-0.109854	-0.904813	-0.024022
2.100000	3.701617	-1.091787	-1.519559	-0.109150	-0.908276	-0.010128
2.120000	3.561093	-1.007228	-1.511694	-0.108546	-0.911902	0.002999
2.140000	3.414546	-0.922097	-1.494832	-0.108002	-0.915628	0.015310
2.160000	3.262295	-0.837821	-1.468223	-0.107482	-0.919390	0.026752
2.180000	3.104656	-0.755826	-1.431113	-0.106945	-0.923125	0.037276
2.200000	2.941949	-0.677536	-1.382752	-0.106354	-0.926770	0.046829
2.220000	2.774490	-0.604377	-1.322387	-0.105669	-0.930262	0.055363
2.240000	2.602598	-0.537775	-1.249266	-0.104852	-0.933537	0.062824
2.260000	2.426589	-0.479155	-1.162637	-0.103864	-0.936532	0.069163
2.280000	2.246785	-0.429933	-1.061761	-0.102668	-0.939184	0.074330
2.300000	2.063711	-0.390609	-0.947008	-0.101249	-0.941470	0.078333
2.320000	1.878262	-0.360051	-0.820735	-0.099641	-0.943432	0.081287
2.340000	1.691368	-0.336958	-0.685499	-0.097881	-0.945123	0.083318
2.360000	1.503961	-0.320028	-0.543862	-0.096008	-0.946594	0.084552
2.380000	1.316974	-0.307961	-0.398381	-0.094059	-0.947895	0.085114
2.400000	1.131337	-0.299456	-0.251618	-0.092071	-0.949080	0.085130
2.420000	0.947983	-0.293211	-0.106131	-0.090082	-0.950198	0.084726
2.440000	0.767844	-0.287926	0.035520	-0.088130	-0.951301	0.084027
2.460000	0.591850	-0.282299	0.170776	-0.086252	-0.952441	0.083160
2.480000	0.420934	-0.275029	0.297076	-0.084486	-0.953669	0.082249
2.500000	0.256028	-0.264816	0.411862	-0.082869	-0.955035	0.081420
2.520000	0.098063	-0.250359	0.512574	-0.081440	-0.956593	0.080800
2.540000	-0.052029	-0.230355	0.596653	-0.080235	-0.958392	0.080514
2.560000	-0.193329	-0.203520	0.661569	-0.079293	-0.960483	0.080685
2.580000	-0.325558	-0.169343	0.706419	-0.078632	-0.962862	0.081350
2.600000	-0.449390	-0.128475	0.732718	-0.078248	-0.965442	0.082413
2.620000	-0.565579	-0.081657	0.742175	-0.078131	-0.968131	0.083766
2.640000	-0.674876	-0.029630	0.736500	-0.078275	-0.970836	0.085302
2.660000	-0.778034	0.026863	0.717405	-0.078671	-0.973464	0.086916
2.680000	-0.875805	0.087079	0.686597	-0.079310	-0.975923	0.088500
2.700000	-0.968941	0.150277	0.645789	-0.080186	-0.978119	0.089947
2.720000	-1.058194	0.215715	0.596690	-0.081289	-0.979960	0.091151
2.740000	-1.144317	0.282651	0.541009	-0.082613	-0.981354	0.092005
2.760000	-1.228062	0.350342	0.480458	-0.084148	-0.982207	0.092403
2.780000	-1.310181	0.418047	0.416745	-0.085887	-0.982427	0.092236
2.800000	-1.391427	0.485023	0.351582	-0.087822	-0.981920	0.091400
2.820000	-1.472551	0.550528	0.286677	-0.089945	-0.980595	0.089786
2.840000	-1.554306	0.613821	0.223742	-0.092247	-0.978358	0.087288
2.860000	-1.637444	0.674158	0.164487	-0.094721	-0.975117	0.083799
2.880000	-1.722717	0.730799	0.110620	-0.097359	-0.970779	0.079214
2.900000	-1.810878	0.783001	0.063854	-0.100153	-0.965251	0.073424
2.920000	-1.902508	0.830133	0.025569	-0.103088	-0.958477	0.066354
2.940000	-1.997360	0.872108	-0.004447	-0.106123	-0.950575	0.058084
2.960000	-2.094932	0.909005	-0.026894	-0.109206	-0.941717	0.048739
2.980000	-2.194724	0.940901	-0.042472	-0.112285	-0.932076	0.038444
3.000000	-2.296235	0.967876	-0.051878	-0.115310	-0.921825	0.027326
3.020000	-2.398963	0.990007	-0.055814	-0.118230	-0.911135	0.015510
3.040000	-2.502408	1.007373	-0.054978	-0.120992	-0.900178	0.003121
3.060000	-2.606069	1.020052	-0.050070	-0.123546	-0.889128	-0.009715
3.080000	-2.709445	1.028122	-0.041789	-0.125841	-0.878155	-0.022872
3.100000	-2.812036	1.031661	-0.030835	-0.127825	-0.867433	-0.036225
3.120000	-2.913340	1.030749	-0.017906	-0.129448	-0.857134	-0.049647
3.140000	-3.012856	1.025462	-0.003703	-0.130657	-0.847430	-0.063014
3.160000	-3.110084	1.015880	0.011076	-0.131402	-0.838494	-0.076200
3.180000	-3.204523	1.002081	0.025730	-0.131631	-0.830497	-0.089079
3.200000	-3.295671	0.984143	0.039561	-0.131293	-0.823612	-0.101526
3.220000	-3.383029	0.962144	0.051869	-0.130338	-0.818010	-0.113414
3.240000	-3.466094	0.936163	0.061955	-0.128713	-0.813866	-0.124619
3.260000	-3.544516	0.906431	0.069368	-0.126402	-0.811289	-0.135064
3.280000	-3.618385	0.873630	0.074391	-0.123496	-0.810211	-0.144826
3.300000	-3.687875	0.838530	0.077444	-0.120102	-0.810529	-0.154005
3.320000	-3.753157	0.801897	0.078950	-0.116329	-0.812140	-0.162705
3.340000	-3.814405	0.764498	0.079327	-0.112286	-0.814942	-0.171028
3.360000	-3.871793	0.727102	0.078998	-0.108081	-0.818832	-0.179076
3.380000	-3.925492	0.690476	0.078381	-0.103822	-0.823708	-0.186952
3.400000	-3.975676	0.655388	0.077897	-0.099618	-0.829467	-0.194758
3.420000	-4.022518	0.622605	0.077968	-0.095578	-0.836005	-0.202596
3.440000	-4.066190	0.592894	0.079013	-0.091809	-0.843222	-0.210568
3.460000	-4.106866	0.567023	0.081453	-0.088422	-0.851014	-0.218778
3.480000	-4.144719	0.545760	0.085708	-0.085523	-0.859278	-0.227327
3.500000	-4.179921	0.529873	0.092200	-0.083223	-0.867911	-0.236318
3.520000	-4.212645	0.520128	0.101347	-0.081628	-0.876812	-0.245853
3.540000	-4.243064	0.517293	0.113572	-0.080848	-0.885878	-0.256034
3.560000	-4.271336	0.522110	0.129283	-0.080989	-0.895006	-0.266962
