0.000000	-4.283480	0.220792	0.843889	-0.169677	-0.952287	-0.346723
0.020000	-4.153279	0.296885	0.806137	-0.178325	-0.953934	-0.353381
0.040000	-4.014219	0.379383	0.768096	-0.185669	-0.954212	-0.357176
0.060000	-3.867692	0.467249	0.729986	-0.191773	-0.953293	-0.358429
0.080000	-3.715152	0.559352	0.692015	-0.196715	-0.951372	-0.357505
0.100000	-3.558047	0.654558	0.654389	-0.200573	-0.948647	-0.354767
0.120000	-3.397828	0.751737	0.617314	-0.203428	-0.945313	-0.350579
0.140000	-3.235947	0.849755	0.580997	-0.205356	-0.941568	-0.345306
0.160000	-3.073854	0.947481	0.545644	-0.206438	-0.937607	-0.339310
0.180000	-2.912999	1.043781	0.511461	-0.206752	-0.933627	-0.332957
0.200000	-2.754834	1.137524	0.478656	-0.206377	-0.929824	-0.326608
0.220000	-2.600808	1.227577	0.447434	-0.205392	-0.926395	-0.320630
0.240000	-2.452372	1.312809	0.418001	-0.203876	-0.923536	-0.315384
0.260000	-2.310978	1.392086	0.390565	-0.201906	-0.921443	-0.311235
0.280000	-2.178076	1.464277	0.365331	-0.199563	-0.920313	-0.308547
0.300000	-2.055116	1.528248	0.342506	-0.196925	-0.920342	-0.307684
0.320000	-1.943549	1.582869	0.322297	-0.194071	-0.921726	-0.309009
0.340000	-1.844826	1.627006	0.304910	-0.191080	-0.924663	-0.312887
0.360000	-1.759879	1.659843	0.290399	-0.188019	-0.929271	-0.319553
0.380000	-1.687731	1.681725	0.278261	-0.184916	-0.935390	-0.328779
0.400000	-1.626965	1.693267	0.267863	-0.181791	-0.942794	-0.340224
0.420000	-1.576163	1.695082	0.258573	-0.178662	-0.951256	-0.353552
0.440000	-1.533910	1.687784	0.249758	-0.175547	-0.960550	-0.368424
0.460000	-1.498786	1.671986	0.240786	-0.172465	-0.970450	-0.384501
0.480000	-1.469375	1.648303	0.231024	-0.169434	-0.980731	-0.401445
0.500000	-1.444260	1.617349	0.219839	-0.166475	-0.991165	-0.418918
0.520000	-1.422024	1.579736	0.206599	-0.163604	-1.001527	-0.436582
0.540000	-1.401249	1.536079	0.190671	-0.160840	-1.011591	-0.454098
0.560000	-1.380518	1.486992	0.171423	-0.158203	-1.021130	-0.471129
0.580000	-1.358414	1.433089	0.148222	-0.155711	-1.029919	-0.487334
0.600000	-1.333519	1.374982	0.120436	-0.153382	-1.037731	-0.502378
0.620000	-1.304417	1.313287	0.087431	-0.151236	-1.044340	-0.515920
0.640000	-1.269690	1.248616	0.048576	-0.149290	-1.049520	-0.527623
0.660000	-1.228272	1.181579	0.003499	-0.147560	-1.053097	-0.537218
0.680000	-1.180810	1.112758	-0.046906	-0.146040	-1.055157	-0.544772
0.700000	-1.128469	1.042729	-0.101354	-0.144719	-1.055860	-0.550454
0.720000	-1.072416	0.972066	-0.158565	-0.143586	-1.055369	-0.554434
0.740000	-1.013820	0.901345	-0.217255	-0.142629	-1.053846	-0.556882
0.760000	-0.953845	0.831141	-0.276143	-0.141837	-1.051454	-0.557968
0.780000	-0.893660	0.762030	-0.333945	-0.141200	-1.048355	-0.557860
0.800000	-0.834432	0.694585	-0.389380	-0.140705	-1.044710	-0.556729
0.820000	-0.777326	0.629383	-0.441166	-0.140342	-1.040683	-0.554745
0.840000	-0.723510	0.566999	-0.488019	-0.140099	-1.036435	-0.552076
0.860000	-0.674151	0.508007	-0.528658	-0.139965	-1.032129	-0.548893
0.880000	-0.630416	0.452984	-0.561799	-0.139929	-1.027926	-0.545366
0.900000	-0.593472	0.402503	-0.586162	-0.139979	-1.023990	-0.541663
0.920000	-0.564484	0.357141	-0.600463	-0.140105	-1.020482	-0.537955
0.940000	-0.544622	0.317472	-0.603420	-0.140295	-1.017564	-0.534411
0.960000	-0.535050	0.284072	-0.593751	-0.140538	-1.015399	-0.531202
0.980000	-0.536803	0.257450	-0.570331	-0.140823	-1.014135	-0.528485
1.000000	-0.549445	0.237382	-0.533771	-0.141151	-1.013752	-0.526302
1.020000	-0.571623	0.223189	-0.485766	-0.141527	-1.014131	-0.524621
1.040000	-0.601971	0.214186	-0.428025	-0.141958	-1.015148	-0.523410
1.060000	-0.639123	0.209687	-0.362260	-0.142449	-1.016682	-0.522634
1.080000	-0.681714	0.209005	-0.290179	-0.143007	-1.018610	-0.522260
1.100000	-0.728376	0.211456	-0.213493	-0.143637	-1.020810	-0.522256
1.120000	-0.777745	0.216353	-0.133912	-0.144346	-1.023160	-0.522587
1.140000	-0.828455	0.223011	-0.053146	-0.145140	-1.025536	-0.523222
1.160000	-0.879139	0.230744	0.027095	-0.146025	-1.027818	-0.524126
1.180000	-0.928431	0.238865	0.105101	-0.147007	-1.029881	-0.525267
1.200000	-0.974966	0.246690	0.179162	-0.148092	-1.031605	-0.526611
1.220000	-1.017377	0.253533	0.247568	-0.149287	-1.032867	-0.528126
1.240000	-1.054299	0.258707	0.308608	-0.150597	-1.033543	-0.529777
1.260000	-1.084366	0.261526	0.360573	-0.152028	-1.033513	-0.531532
1.280000	-1.106211	0.261306	0.401753	-0.153587	-1.032653	-0.533358
1.300000	-1.118483	0.257373	0.430473	-0.155279	-1.030845	-0.535220
1.320000	-1.120292	0.249484	0.446244	-0.157092	-1.028072	-0.537073
1.340000	-1.111309	0.237915	0.450011	-0.158993	-1.024443	-0.538854
1.360000	-1.091237	0.222976	0.442807	-0.160949	-1.020076	-0.540501
1.380000	-1.059781	0.204975	0.425667	-0.162923	-1.015087	-0.541949
1.400000	-1.016647	0.184221	0.399622	-0.164883	-1.009593	-0.543136
1.420000	-0.961537	0.161023	0.365705	-0.166794	-1.003711	-0.543999
1.440000	-0.894156	0.135688	0.324950	-0.168620	-0.997557	-0.544474
1.460000	-0.814210	0.108526	0.278388	-0.170329	-0.991248	-0.544498
1.480000	-0.721401	0.079846	0.227054	-0.171886	-0.984902	-0.544009
1.500000	-0.615435	0.049955	0.171980	-0.173256	-0.978634	-0.542943
1.520000	-0.496016	0.019162	0.114199	-0.174405	-0.972562	-0.541236
1.540000	-0.362848	-0.012223	0.054744	-0.175299	-0.966802	-0.538827
1.560000	-0.215636	-0.043893	-0.005353	-0.175903	-0.961471	-0.535650
1.580000	-0.054083	-0.075539	-0.065059	-0.176183	-0.956686	-0.531645
1.600000	0.122104	-0.106852	-0.123339	-0.176104	-0.952563	-0.526746
1.620000	0.313062	-0.137568	-0.179239	-0.175637	-0.949205	-0.520902
1.640000	0.517528	-0.167806	-0.232466	-0.174786	-0.946581	-0.514144
1.660000	0.733532	-0.197881	-0.283062	-0.173574	-0.944593	-0.506550
1.680000	0.959094	-0.228109	-0.331077	-0.172024	-0.943143	-0.498196
1.700000	1.192237	-0.258808	-0.376558	-0.170160	-0.942133	-0.489160
1.720000	1.430983	-0.290294	-0.419552	-0.168004	-0.941465	-0.479518
1.740000	1.673353	-0.322883	-0.460106	-0.165579	-0.941042	-0.469348
1.760000	1.917368	-0.356892	-0.498269	-0.162909	-0.940764	-0.458726
1.780000	2.161052	-0.392637	-0.534088	-0.160016	-0.940533	-0.447730
1.800000	2.402426	-0.430435	-0.567610	-0.156923	-0.940253	-0.436437
1.820000	2.639512	-0.470602	-0.598883	-0.153654	-0.939823	-0.424923
1.840000	2.870331	-0.513455	-0.627954	-0.150231	-0.939147	-0.413265
1.860000	3.092905	-0.559311	-0.654871	-0.146679	-0.938127	-0.401541
1.880000	3.305257	-0.608486	-0.679681	-0.143018	-0.936663	-0.389828
1.900000	3.505408	-0.661297	-0.702433	-0.139274	-0.934659	-0.378203
1.920000	3.691380	-0.718059	-0.723172	-0.135468	-0.932016	-0.366742
1.940000	3.861237	-0.779066	-0.741951	-0.131624	-0.928640	-0.355520
1.960000	4.014014	-0.844053	-0.758892	-0.127764	-0.924555	-0.344553
1.980000	4.149724	-0.912195	-0.774190	-0.123908	-0.919897	-0.333801
2.000000	4.268419	-0.982645	-0.788044	-0.120078	-0.914809	-0.323219
2.020000	4.370154	-1.054553	-0.800652	-0.116295	-0.909434	-0.312762
2.040000	4.454981	-1.127072	-0.812212	-0.112579	-0.903915	-0.302387
2.060000	4.522955	-1.199352	-0.822924	-0.108952	-0.898394	-0.292049
2.080000	4.574130	-1.270545	-0.832984	-0.105434	-0.893014	-0.281705
2.100000	4.608558	-1.339804	-0.842593	-0.102047	-0.887918	-0.271309
2.120000	4.626294	-1.406279	-0.851948	-0.098811	-0.883248	-0.260818
2.140000	4.627391	-1.469122	-0.861247	-0.095748	-0.879148	-0.250188
2.160000	4.611903	-1.527484	-0.870690	-0.092878	-0.875759	-0.239374
2.180000	4.579884	-1.580518	-0.880474	-0.090222	-0.873224	-0.228333
2.200000	4.531387	-1.627374	-0.890799	-0.087801	-0.871687	-0.217020
2.220000	4.466466	-1.667205	-0.901862	-0.085636	-0.871289	-0.205390
2.240000	4.385175	-1.699161	-0.913862	-0.083749	-0.872174	-0.193401
2.260000	4.287571	-1.722398	-0.926994	-0.082159	-0.874484	-0.181007
2.280000	4.174157	-1.736435	-0.941179	-0.080872	-0.878260	-0.168205
2.300000	4.046317	-1.741513	-0.955788	-0.079864	-0.883351	-0.155066
2.320000	3.905537	-1.737959	-0.970128	-0.079105	-0.889581	-0.141672
2.340000	3.753303	-1.726098	-0.983508	-0.078567	-0.896775	-0.128104
2.360000	3.591102	-1.706255	-0.995237	-0.078220	-0.904756	-0.114442
2.380000	3.420419	-1.678755	-1.004621	-0.078037	-0.913349	-0.100770
2.400000	3.242741	-1.643923	-1.010969	-0.077988	-0.922380	-0.087167
2.420000	3.059554	-1.602086	-1.013589	-0.078045	-0.931671	-0.073715
2.440000	2.872343	-1.553569	-1.011789	-0.078179	-0.941048	-0.060495
2.460000	2.682595	-1.498697	-1.004878	-0.078361	-0.950336	-0.047588
2.480000	2.491797	-1.437795	-0.992162	-0.078563	-0.959358	-0.035076
2.500000	2.301434	-1.371190	-0.972951	-0.078755	-0.967939	-0.023041
2.520000	2.112993	-1.299205	-0.946552	-0.078910	-0.975904	-0.011562
2.540000	1.927959	-1.222167	-0.912274	-0.078998	-0.983077	-0.000722
2.560000	1.747818	-1.140402	-0.869424	-0.078991	-0.989282	0.009399
2.580000	1.574058	-1.054234	-0.817310	-0.078859	-0.994345	0.018718
2.600000	1.407905	-0.964017	-0.755607	-0.078582	-0.998135	0.027172
2.620000	1.249521	-0.870217	-0.685495	-0.078167	-1.000713	0.034765
2.640000	1.098797	-0.773331	-0.608540	-0.077630	-1.002190	0.041516
2.660000	0.955622	-0.673854	-0.526310	-0.076987	-1.002674	0.047448
2.680000	0.819885	-0.572284	-0.440371	-0.076252	-1.002274	0.052582
2.700000	0.691475	-0.469115	-0.352290	-0.075441	-1.001101	0.056939
2.720000	0.570283	-0.364844	-0.263633	-0.074570	-0.999264	0.060540
2.740000	0.456197	-0.259966	-0.175968	-0.073655	-0.996872	0.063407
2.760000	0.349107	-0.154979	-0.090861	-0.072710	-0.994035	0.065561
2.780000	0.248902	-0.050378	-0.009879	-0.071751	-0.990862	0.067022
2.800000	0.155472	0.053341	0.065411	-0.070795	-0.987463	0.067813
2.820000	0.068706	0.155681	0.133443	-0.069855	-0.983948	0.067955
2.840000	-0.011505	0.256148	0.192650	-0.068948	-0.980425	0.067468
2.860000	-0.085274	0.354244	0.241464	-0.068090	-0.977004	0.066373
2.880000	-0.152711	0.449473	0.278320	-0.067295	-0.973795	0.064694
2.900000	-0.213925	0.541341	0.301650	-0.066579	-0.970907	0.062449
2.920000	-0.269104	0.629339	0.310116	-0.065958	-0.968443	0.059663
2.940000	-0.319127	0.712873	0.304458	-0.065438	-0.966436	0.056372
2.960000	-0.365242	0.791297	0.286526	-0.065024	-0.964883	0.052623
2.980000	-0.408700	0.863966	0.258177	-0.064721	-0.963783	0.048460
3.000000	-0.450755	0.930236	0.221273	-0.064532	-0.963132	0.043928
3.020000	-0.492657	0.989461	0.177671	-0.064462	-0.962928	0.039074
3.040000	-0.535658	1.040995	0.129232	-0.064514	-0.963168	0.033942
3.060000	-0.581011	1.084195	0.077814	-0.064693	-0.963850	0.028578
3.080000	-0.629966	1.118414	0.025277	-0.065004	-0.964971	0.023027
3.100000	-0.683777	1.143007	-0.026519	-0.065449	-0.966528	0.017334
3.120000	-0.743694	1.157331	-0.075716	-0.066034	-0.968518	0.011545
3.140000	-0.810970	1.160738	-0.120454	-0.066763	-0.970939	0.005706
3.160000	-0.886856	1.152585	-0.158874	-0.067639	-0.973788	-0.000139
3.180000	-0.972605	1.132226	-0.189117	-0.068668	-0.977063	-0.005945
3.200000	-1.069467	1.099016	-0.209322	-0.069852	-0.980760	-0.011665
3.220000	-1.178503	1.052442	-0.217785	-0.071196	-0.984875	-0.017256
3.240000	-1.298333	0.993660	-0.214739	-0.072689	-0.989368	-0.022703
3.260000	-1.425909	0.924966	-0.201746	-0.074311	-0.994178	-0.028005
3.280000	-1.558149	0.848684	-0.180394	-0.076043	-0.999243	-0.033167
3.300000	-1.691973	0.767133	-0.152273	-0.077866	-1.004499	-0.038188
3.320000	-1.824297	0.682634	-0.118970	-0.079759	-1.009885	-0.043071
3.340000	-1.952043	0.597508	-0.082073	-0.081703	-1.015338	-0.047818
3.360000	-2.072126	0.514076	-0.043171	-0.083679	-1.020797	-0.052430
3.380000	-2.181468	0.434658	-0.003852	-0.085667	-1.026198	-0.056911
3.400000	-2.276985	0.361576	0.034295	-0.087646	-1.031479	-0.061260
3.420000	-2.355597	0.297151	0.069682	-0.089598	-1.036579	-0.065481
3.440000	-2.414222	0.243702	0.100720	-0.091504	-1.041434	-0.069575
3.460000	-2.449780	0.203552	0.125822	-0.093342	-1.045982	-0.073545
3.480000	-2.459187	0.179020	0.143399	-0.095094	-1.050161	-0.077391
3.500000	-2.439364	0.172428	0.151863	-0.096741	-1.053909	-0.081116
3.520000	-2.387228	0.186097	0.149625	-0.098261	-1.057164	-0.084722
3.540000	-2.299699	0.222347	0.135097	-0.099637	-1.059862	-0.088210
3.560000	-2.173712	0.283485	0.106698	-0.100848	-1.061942	-0.091582
3.580000	-2.008790	0.369811	0.063999	-0.101873	-1.063374	-0.094828
3.600000	-1.809780	0.477490	0.008936	-0.102690	-1.064190	-0.097908
3.620000	-1.582184	0.602177	-0.056260	-0.103276	-1.064435	-0.100780
3.640000	-1.331506	0.739527	-0.129360	-0.103608	-1.064150	-0.103403
3.660000	-1.063249	0.885197	-0.208134	-0.103662	-1.063377	-0.105735
