0.000000	-0.296935	0.972436	-0.063721	0.358753	-0.956902	-0.138524
0.020000	-0.209409	0.819505	-0.053355	0.357221	-0.956946	-0.136128
0.040000	-0.125128	0.667847	-0.042698	0.355752	-0.956978	-0.133625
0.060000	-0.044265	0.517539	-0.031920	0.354347	-0.956992	-0.131026
0.080000	0.033010	0.368655	-0.021192	0.353006	-0.956981	-0.128340
0.100000	0.106525	0.221271	-0.010684	0.351732	-0.956935	-0.125578
0.120000	0.176109	0.075462	-0.000568	0.350525	-0.956847	-0.122750
0.140000	0.241590	-0.068697	0.008987	0.349385	-0.956710	-0.119868
0.160000	0.302797	-0.211130	0.017810	0.348315	-0.956516	-0.116941
0.180000	0.359559	-0.351762	0.025730	0.347313	-0.956257	-0.113980
0.200000	0.411705	-0.490518	0.032577	0.346383	-0.955925	-0.110996
0.220000	0.459063	-0.627322	0.038180	0.345524	-0.955512	-0.107998
0.240000	0.501461	-0.762099	0.042369	0.344738	-0.955011	-0.104998
0.260000	0.538729	-0.894775	0.044973	0.344025	-0.954414	-0.102006
0.280000	0.570695	-1.025271	0.045822	0.343387	-0.953712	-0.099031
0.300000	0.597259	-1.153216	0.044855	0.342825	-0.952905	-0.096087
0.320000	0.618483	-1.277565	0.042262	0.342340	-0.952007	-0.093190
0.340000	0.634448	-1.397183	0.038263	0.341935	-0.951031	-0.090354
0.360000	0.645238	-1.510932	0.033081	0.341613	-0.949994	-0.087596
0.380000	0.650935	-1.617677	0.026939	0.341374	-0.948911	-0.084934
0.400000	0.651623	-1.716281	0.020057	0.341221	-0.947797	-0.082382
0.420000	0.647384	-1.805609	0.012660	0.341157	-0.946667	-0.079956
0.440000	0.638301	-1.884524	0.004967	0.341183	-0.945537	-0.077674
0.460000	0.624456	-1.951890	-0.002797	0.341301	-0.944422	-0.075552
0.480000	0.605933	-2.006571	-0.010412	0.341514	-0.943337	-0.073604
0.500000	0.582814	-2.047430	-0.017655	0.341824	-0.942297	-0.071849
0.520000	0.555182	-2.073332	-0.024304	0.342233	-0.941318	-0.070301
0.540000	0.523120	-2.083139	-0.030136	0.342742	-0.940415	-0.068977
0.560000	0.486711	-2.075717	-0.034931	0.343355	-0.939603	-0.067894
0.580000	0.446038	-2.049930	-0.038464	0.344072	-0.938898	-0.067066
0.600000	0.401291	-2.005291	-0.040607	0.344893	-0.938311	-0.066503
0.620000	0.352980	-1.943239	-0.041496	0.345802	-0.937840	-0.066186
0.640000	0.301673	-1.865563	-0.041319	0.346783	-0.937482	-0.066091
0.660000	0.247939	-1.774053	-0.040264	0.347819	-0.937233	-0.066196
0.680000	0.192344	-1.670498	-0.038518	0.348893	-0.937090	-0.066478
0.700000	0.135458	-1.556690	-0.036269	0.349989	-0.937050	-0.066915
0.720000	0.077849	-1.434417	-0.033703	0.351090	-0.937109	-0.067482
0.740000	0.020084	-1.305471	-0.031010	0.352179	-0.937263	-0.068159
0.760000	-0.037268	-1.171639	-0.028375	0.353240	-0.937509	-0.068921
0.780000	-0.093639	-1.034714	-0.025987	0.354255	-0.937844	-0.069745
0.800000	-0.148461	-0.896484	-0.024033	0.355208	-0.938264	-0.070609
0.820000	-0.201166	-0.758739	-0.022701	0.356082	-0.938765	-0.071491
0.840000	-0.251186	-0.623270	-0.022178	0.356861	-0.939345	-0.072366
0.860000	-0.297953	-0.491865	-0.022651	0.357528	-0.939999	-0.073213
0.880000	-0.340898	-0.366317	-0.024308	0.358066	-0.940724	-0.074008
0.900000	-0.379453	-0.248413	-0.027337	0.358458	-0.941517	-0.074728
0.920000	-0.413054	-0.139936	-0.031924	0.358687	-0.942374	-0.075351
0.940000	-0.441429	-0.041894	-0.038133	0.358749	-0.943289	-0.075866
0.960000	-0.464853	0.046142	-0.045806	0.358658	-0.944251	-0.076284
0.980000	-0.483656	0.124755	-0.054756	0.358432	-0.945249	-0.076617
1.000000	-0.498173	0.194530	-0.064800	0.358089	-0.946271	-0.076880
1.020000	-0.508736	0.256051	-0.075754	0.357644	-0.947306	-0.077086
1.040000	-0.515678	0.309900	-0.087433	0.357117	-0.948343	-0.077248
1.060000	-0.519331	0.356662	-0.099653	0.356523	-0.949370	-0.077379
1.080000	-0.520028	0.396921	-0.112230	0.355882	-0.950376	-0.077493
1.100000	-0.518102	0.431260	-0.124978	0.355209	-0.951349	-0.077603
1.120000	-0.513885	0.460264	-0.137715	0.354522	-0.952279	-0.077723
1.140000	-0.507711	0.484515	-0.150254	0.353840	-0.953153	-0.077865
1.160000	-0.499911	0.504599	-0.162413	0.353178	-0.953960	-0.078043
1.180000	-0.490818	0.521097	-0.174006	0.352555	-0.954689	-0.078271
1.200000	-0.480766	0.534595	-0.184850	0.351988	-0.955329	-0.078561
1.220000	-0.470086	0.545677	-0.194760	0.351494	-0.955867	-0.078928
1.240000	-0.459101	0.554900	-0.203560	0.351090	-0.956295	-0.079383
1.260000	-0.447946	0.562440	-0.211212	0.350779	-0.956611	-0.079921
1.280000	-0.436617	0.568175	-0.217784	0.350554	-0.956824	-0.080525
1.300000	-0.425104	0.571973	-0.223347	0.350410	-0.956945	-0.081176
1.320000	-0.413398	0.573701	-0.227973	0.350338	-0.956982	-0.081855
1.340000	-0.401490	0.573229	-0.231733	0.350332	-0.956945	-0.082545
1.360000	-0.389371	0.570425	-0.234698	0.350384	-0.956843	-0.083226
1.380000	-0.377031	0.565158	-0.236939	0.350489	-0.956684	-0.083881
1.400000	-0.364460	0.557295	-0.238527	0.350639	-0.956479	-0.084490
1.420000	-0.351650	0.546706	-0.239533	0.350827	-0.956237	-0.085036
1.440000	-0.338591	0.533258	-0.240029	0.351046	-0.955966	-0.085500
1.460000	-0.325274	0.516820	-0.240086	0.351289	-0.955676	-0.085864
1.480000	-0.311690	0.497262	-0.239774	0.351550	-0.955376	-0.086108
1.500000	-0.297828	0.474450	-0.239166	0.351820	-0.955076	-0.086215
1.520000	-0.283681	0.448254	-0.238332	0.352095	-0.954785	-0.086167
1.540000	-0.269238	0.418541	-0.237344	0.352366	-0.954512	-0.085945
1.560000	-0.254492	0.385187	-0.236272	0.352626	-0.954266	-0.085530
1.580000	-0.239521	0.348343	-0.235177	0.352874	-0.954051	-0.084921
1.600000	-0.224532	0.308590	-0.234107	0.353112	-0.953866	-0.084140
1.620000	-0.209743	0.266545	-0.233107	0.353347	-0.953708	-0.083211
1.640000	-0.195374	0.222824	-0.232221	0.353581	-0.953575	-0.082161
1.660000	-0.181644	0.178042	-0.231496	0.353821	-0.953462	-0.081012
1.680000	-0.168770	0.132816	-0.230975	0.354069	-0.953368	-0.079791
1.700000	-0.156972	0.087762	-0.230706	0.354332	-0.953290	-0.078520
1.720000	-0.146468	0.043497	-0.230733	0.354612	-0.953225	-0.077225
1.740000	-0.137477	0.000635	-0.231100	0.354916	-0.953170	-0.075931
1.760000	-0.130217	-0.040207	-0.231855	0.355247	-0.953122	-0.074662
1.780000	-0.124908	-0.078412	-0.233041	0.355611	-0.953079	-0.073443
1.800000	-0.121767	-0.113365	-0.234704	0.356011	-0.953039	-0.072299
1.820000	-0.121014	-0.144449	-0.236889	0.356452	-0.952997	-0.071253
1.840000	-0.122868	-0.171048	-0.239643	0.356938	-0.952952	-0.070331
1.860000	-0.127546	-0.192547	-0.243009	0.357475	-0.952900	-0.069557
1.880000	-0.135242	-0.208378	-0.247014	0.358066	-0.952839	-0.068954
1.900000	-0.145845	-0.218544	-0.251470	0.358707	-0.952769	-0.068522
1.920000	-0.159051	-0.223419	-0.256047	0.359389	-0.952689	-0.068246
1.940000	-0.174552	-0.223380	-0.260413	0.360101	-0.952600	-0.068113
1.960000	-0.192040	-0.218805	-0.264237	0.360836	-0.952502	-0.068107
1.980000	-0.211205	-0.210073	-0.267188	0.361583	-0.952395	-0.068214
2.000000	-0.231741	-0.197562	-0.268934	0.362333	-0.952280	-0.068419
2.020000	-0.253338	-0.181649	-0.269144	0.363077	-0.952157	-0.068707
2.040000	-0.275689	-0.162714	-0.267487	0.363805	-0.952027	-0.069064
2.060000	-0.298485	-0.141135	-0.263630	0.364508	-0.951889	-0.069476
2.080000	-0.321419	-0.117289	-0.257243	0.365177	-0.951745	-0.069927
2.100000	-0.344181	-0.091555	-0.247994	0.365802	-0.951593	-0.070403
2.120000	-0.366464	-0.064310	-0.235552	0.366373	-0.951436	-0.070889
2.140000	-0.387960	-0.035935	-0.219585	0.366882	-0.951272	-0.071371
2.160000	-0.408361	-0.006805	-0.199762	0.367318	-0.951103	-0.071834
2.180000	-0.427357	0.022700	-0.175751	0.367674	-0.950929	-0.072263
2.200000	-0.444681	0.052214	-0.147515	0.367940	-0.950750	-0.072646
2.220000	-0.460223	0.081420	-0.116219	0.368117	-0.950567	-0.072978
2.240000	-0.473914	0.110013	-0.083334	0.368205	-0.950382	-0.073258
2.260000	-0.485687	0.137688	-0.050329	0.368207	-0.950197	-0.073483
2.280000	-0.495472	0.164141	-0.018676	0.368124	-0.950012	-0.073650
2.300000	-0.503202	0.189067	0.010155	0.367957	-0.949830	-0.073759
2.320000	-0.508809	0.212161	0.034692	0.367708	-0.949652	-0.073805
2.340000	-0.512223	0.233118	0.053466	0.367378	-0.949479	-0.073788
2.360000	-0.513376	0.251634	0.065004	0.366969	-0.949312	-0.073705
2.380000	-0.512201	0.267404	0.067837	0.366482	-0.949155	-0.073553
2.400000	-0.508628	0.280123	0.060495	0.365918	-0.949006	-0.073331
2.420000	-0.502589	0.289486	0.041505	0.365279	-0.948869	-0.073036
2.440000	-0.494016	0.295189	0.009397	0.364567	-0.948745	-0.072666
2.460000	-0.482841	0.296927	-0.037299	0.363782	-0.948635	-0.072220
2.480000	-0.468995	0.294395	-0.100054	0.362926	-0.948541	-0.071693
2.500000	-0.452413	0.287292	-0.180316	0.362002	-0.948464	-0.071086
2.520000	-0.433221	0.275618	-0.277989	0.361014	-0.948405	-0.070404
2.540000	-0.411853	0.259850	-0.390500	0.359976	-0.948367	-0.069667
2.560000	-0.388772	0.240510	-0.515050	0.358902	-0.948351	-0.068898
2.580000	-0.364439	0.218118	-0.648840	0.357806	-0.948358	-0.068119
2.600000	-0.339319	0.193198	-0.789073	0.356702	-0.948391	-0.067352
2.620000	-0.313871	0.166269	-0.932950	0.355603	-0.948451	-0.066618
2.640000	-0.288560	0.137854	-1.077672	0.354525	-0.948539	-0.065939
2.660000	-0.263847	0.108474	-1.220442	0.353481	-0.948658	-0.065338
2.680000	-0.240195	0.078651	-1.358462	0.352484	-0.948809	-0.064836
2.700000	-0.218065	0.048905	-1.488931	0.351549	-0.948993	-0.064455
2.720000	-0.197921	0.019759	-1.609054	0.350689	-0.949213	-0.064217
2.740000	-0.180224	-0.008266	-1.716031	0.349919	-0.949470	-0.064144
2.760000	-0.165437	-0.034649	-1.807063	0.349253	-0.949766	-0.064258
2.780000	-0.154022	-0.058868	-1.879353	0.348704	-0.950102	-0.064581
