0.000000	-0.538277	1.404144	-0.386167	0.380857	-0.938556	-0.094916
0.020000	-0.557328	1.477834	-0.396676	0.381261	-0.937134	-0.094594
0.040000	-0.578399	1.540614	-0.405794	0.381659	-0.935840	-0.094517
0.060000	-0.601557	1.590856	-0.413253	0.382059	-0.934712	-0.094728
0.080000	-0.626869	1.626932	-0.418789	0.382464	-0.933789	-0.095267
0.100000	-0.654361	1.647457	-0.422156	0.382883	-0.933105	-0.096169
0.120000	-0.683694	1.653186	-0.423312	0.383315	-0.932661	-0.097415
0.140000	-0.714342	1.645983	-0.422316	0.383761	-0.932443	-0.098951
0.160000	-0.745775	1.627719	-0.419227	0.384222	-0.932436	-0.100729
0.180000	-0.777467	1.600265	-0.414105	0.384696	-0.932624	-0.102696
0.200000	-0.808888	1.565493	-0.407011	0.385186	-0.932993	-0.104802
0.220000	-0.839510	1.525274	-0.398004	0.385690	-0.933528	-0.106996
0.240000	-0.868806	1.481479	-0.387145	0.386208	-0.934214	-0.109227
0.260000	-0.896246	1.435981	-0.374493	0.386741	-0.935035	-0.111444
0.280000	-0.921303	1.390651	-0.360108	0.387289	-0.935978	-0.113595
0.300000	-0.943448	1.347361	-0.344050	0.387852	-0.937027	-0.115631
0.320000	-0.962153	1.307981	-0.326380	0.388430	-0.938166	-0.117500
0.340000	-0.976889	1.274383	-0.307158	0.389022	-0.939382	-0.119151
0.360000	-0.987129	1.248440	-0.286442	0.389630	-0.940659	-0.120533
0.380000	-0.992345	1.232022	-0.264294	0.390253	-0.941981	-0.121595
0.400000	-0.992007	1.227001	-0.240773	0.390891	-0.943336	-0.122287
0.420000	-0.985588	1.235249	-0.215939	0.391545	-0.944706	-0.122557
0.440000	-0.972751	1.258258	-0.189864	0.392211	-0.946078	-0.122366
0.460000	-0.954162	1.295559	-0.162673	0.392876	-0.947441	-0.121738
0.480000	-0.930804	1.346046	-0.134511	0.393522	-0.948783	-0.120717
0.500000	-0.903666	1.408616	-0.105523	0.394129	-0.950095	-0.119345
0.520000	-0.873734	1.482164	-0.075855	0.394680	-0.951365	-0.117668
0.540000	-0.841994	1.565583	-0.045649	0.395156	-0.952585	-0.115727
0.560000	-0.809432	1.657771	-0.015052	0.395538	-0.953742	-0.113568
0.580000	-0.777035	1.757622	0.015793	0.395809	-0.954826	-0.111234
0.600000	-0.745789	1.864032	0.046740	0.395950	-0.955828	-0.108768
0.620000	-0.716680	1.975894	0.077645	0.395942	-0.956736	-0.106214
0.640000	-0.690696	2.092106	0.108363	0.395768	-0.957539	-0.103616
0.660000	-0.668823	2.211562	0.138749	0.395408	-0.958229	-0.101017
0.680000	-0.652046	2.333157	0.168659	0.394845	-0.958793	-0.098461
0.700000	-0.641353	2.455787	0.197948	0.394059	-0.959222	-0.095991
0.720000	-0.637450	2.578416	0.226497	0.393037	-0.959509	-0.093644
0.740000	-0.639859	2.700302	0.254294	0.391780	-0.959664	-0.091420
0.760000	-0.647793	2.820782	0.281356	0.390291	-0.959702	-0.089314
0.780000	-0.660462	2.939190	0.307700	0.388578	-0.959639	-0.087318
0.800000	-0.677078	3.054864	0.333341	0.386644	-0.959488	-0.085424
0.820000	-0.696851	3.167137	0.358298	0.384495	-0.959264	-0.083626
0.840000	-0.718992	3.275347	0.382587	0.382136	-0.958982	-0.081916
0.860000	-0.742713	3.378828	0.406224	0.379573	-0.958658	-0.080287
0.880000	-0.767224	3.476917	0.429226	0.376810	-0.958305	-0.078733
0.900000	-0.791737	3.568949	0.451611	0.373852	-0.957939	-0.077246
0.920000	-0.815463	3.654260	0.473394	0.370705	-0.957574	-0.075819
0.940000	-0.837613	3.732186	0.494592	0.367374	-0.957225	-0.074445
0.960000	-0.857397	3.802062	0.515223	0.363864	-0.956907	-0.073116
0.980000	-0.874028	3.863224	0.535303	0.360181	-0.956635	-0.071826
1.000000	-0.886715	3.915008	0.554848	0.356328	-0.956423	-0.070568
1.020000	-0.894670	3.956749	0.573876	0.352312	-0.956286	-0.069334
1.040000	-0.897105	3.987784	0.592402	0.348138	-0.956239	-0.068117
1.060000	-0.893230	4.007448	0.610445	0.343810	-0.956297	-0.066911
1.080000	-0.882505	4.015228	0.627974	0.339336	-0.956471	-0.065708
1.100000	-0.865428	4.011243	0.644765	0.334733	-0.956753	-0.064500
1.120000	-0.842767	3.995779	0.660545	0.330018	-0.957135	-0.063282
1.140000	-0.815291	3.969120	0.675039	0.325209	-0.957604	-0.062046
1.160000	-0.783767	3.931549	0.687975	0.320326	-0.958152	-0.060786
1.180000	-0.748964	3.883351	0.699077	0.315386	-0.958766	-0.059494
1.200000	-0.711649	3.824809	0.708072	0.310408	-0.959437	-0.058163
1.220000	-0.672591	3.756209	0.714685	0.305411	-0.960154	-0.056787
1.240000	-0.632557	3.677834	0.718644	0.300412	-0.960907	-0.055359
1.260000	-0.592316	3.589969	0.719674	0.295429	-0.961684	-0.053871
1.280000	-0.552636	3.492898	0.717501	0.290482	-0.962476	-0.052317
1.300000	-0.514285	3.386904	0.711851	0.285589	-0.963271	-0.050690
1.320000	-0.478031	3.272273	0.702450	0.280768	-0.964060	-0.048983
1.340000	-0.444642	3.149288	0.689024	0.276036	-0.964831	-0.047189
1.360000	-0.414886	3.018234	0.671300	0.271414	-0.965575	-0.045301
1.380000	-0.389527	2.879398	0.649007	0.266918	-0.966280	-0.043312
1.400000	-0.369002	2.733289	0.622205	0.262565	-0.966940	-0.041232
1.420000	-0.353218	2.580779	0.591489	0.258364	-0.967553	-0.039097
1.440000	-0.342032	2.422774	0.557502	0.254326	-0.968118	-0.036945
1.460000	-0.335299	2.260180	0.520889	0.250459	-0.968633	-0.034815
1.480000	-0.332877	2.093903	0.482296	0.246775	-0.969099	-0.032745
1.500000	-0.334623	1.924848	0.442366	0.243282	-0.969513	-0.030774
1.520000	-0.340392	1.753922	0.401744	0.239990	-0.969874	-0.028940
1.540000	-0.350043	1.582030	0.361074	0.236910	-0.970182	-0.027281
1.560000	-0.363430	1.410077	0.321001	0.234051	-0.970436	-0.025837
1.580000	-0.380412	1.238970	0.282170	0.231423	-0.970634	-0.024645
1.600000	-0.400844	1.069615	0.245225	0.229035	-0.970775	-0.023744
1.620000	-0.424584	0.902916	0.210810	0.226898	-0.970859	-0.023173
1.640000	-0.451487	0.739781	0.179571	0.225021	-0.970884	-0.022969
1.660000	-0.481411	0.581114	0.152151	0.223414	-0.970849	-0.023172
1.680000	-0.514213	0.427822	0.129195	0.222088	-0.970753	-0.023820
1.700000	-0.549723	0.280788	0.111307	0.221048	-0.970596	-0.024947
1.720000	-0.587452	0.140604	0.098565	0.220273	-0.970390	-0.026530
1.740000	-0.626687	0.007661	0.090682	0.219719	-0.970155	-0.028511
1.760000	-0.666707	-0.117654	0.087364	0.219341	-0.969912	-0.030827
1.780000	-0.706797	-0.234953	0.088319	0.219095	-0.969681	-0.033416
1.800000	-0.746237	-0.343851	0.093251	0.218937	-0.969483	-0.036219
1.820000	-0.784310	-0.443959	0.101868	0.218823	-0.969339	-0.039173
1.840000	-0.820297	-0.534892	0.113874	0.218709	-0.969268	-0.042217
1.860000	-0.853480	-0.616262	0.128978	0.218549	-0.969292	-0.045290
1.880000	-0.883141	-0.687682	0.146884	0.218301	-0.969431	-0.048330
1.900000	-0.908563	-0.748766	0.167299	0.217920	-0.969706	-0.051276
1.920000	-0.929026	-0.799126	0.189929	0.217361	-0.970136	-0.054068
1.940000	-0.943813	-0.838376	0.214480	0.216581	-0.970743	-0.056642
1.960000	-0.952205	-0.866129	0.240659	0.215534	-0.971548	-0.058939
1.980000	-0.953485	-0.881997	0.268172	0.214178	-0.972570	-0.060897
2.000000	-0.946934	-0.885594	0.296724	0.212467	-0.973830	-0.062455
2.020000	-0.932091	-0.876794	0.326034	0.210374	-0.975340	-0.063567
2.040000	-0.909635	-0.856623	0.355869	0.207938	-0.977071	-0.064265
2.060000	-0.880560	-0.826430	0.386010	0.205221	-0.978985	-0.064596
2.080000	-0.845858	-0.787562	0.416238	0.202282	-0.981042	-0.064613
2.100000	-0.806523	-0.741365	0.446335	0.199182	-0.983203	-0.064363
2.120000	-0.763549	-0.689186	0.476082	0.195981	-0.985428	-0.063899
2.140000	-0.717930	-0.632374	0.505259	0.192739	-0.987679	-0.063270
2.160000	-0.670660	-0.572275	0.533650	0.189517	-0.989916	-0.062525
2.180000	-0.622731	-0.510235	0.561034	0.186375	-0.992101	-0.061715
2.200000	-0.575137	-0.447604	0.587193	0.183372	-0.994193	-0.060889
2.220000	-0.528872	-0.385726	0.611908	0.180570	-0.996154	-0.060099
2.240000	-0.484930	-0.325951	0.634961	0.178028	-0.997944	-0.059394
2.260000	-0.444304	-0.269624	0.656132	0.175806	-0.999524	-0.058823
2.280000	-0.407988	-0.218093	0.675204	0.173965	-1.000856	-0.058437
2.300000	-0.376975	-0.172705	0.691957	0.172566	-1.001899	-0.058287
2.320000	-0.352252	-0.134801	0.706173	0.171667	-1.002615	-0.058421
2.340000	-0.334216	-0.105149	0.717669	0.171288	-1.002990	-0.058859
2.360000	-0.322242	-0.083534	0.726321	0.171377	-1.003056	-0.059565
2.380000	-0.315607	-0.069639	0.732014	0.171874	-1.002848	-0.060499
2.400000	-0.313586	-0.063151	0.734629	0.172720	-1.002400	-0.061622
2.420000	-0.315454	-0.063752	0.734051	0.173857	-1.001748	-0.062894
2.440000	-0.320485	-0.071129	0.730162	0.175226	-1.000927	-0.064273
2.460000	-0.327956	-0.084966	0.722845	0.176767	-0.999973	-0.065720
2.480000	-0.337141	-0.104947	0.711983	0.178421	-0.998921	-0.067196
2.500000	-0.347316	-0.130759	0.697460	0.180130	-0.997805	-0.068659
2.520000	-0.357756	-0.162084	0.679159	0.181834	-0.996662	-0.070070
2.540000	-0.367736	-0.198610	0.656963	0.183475	-0.995525	-0.071389
2.560000	-0.376532	-0.240019	0.630755	0.184992	-0.994432	-0.072575
2.580000	-0.383418	-0.285997	0.600417	0.186328	-0.993416	-0.073589
2.600000	-0.387669	-0.336229	0.565834	0.187423	-0.992513	-0.074390
2.620000	-0.388562	-0.390399	0.526888	0.188219	-0.991758	-0.074938
2.640000	-0.385372	-0.448192	0.483463	0.188655	-0.991187	-0.075194
2.660000	-0.377397	-0.509285	0.435455	0.188675	-0.990834	-0.075117
2.680000	-0.364646	-0.573090	0.383164	0.188278	-0.990703	-0.074708
2.700000	-0.347914	-0.638732	0.327338	0.187521	-0.990769	-0.074007
2.720000	-0.328036	-0.705316	0.268747	0.186467	-0.991004	-0.073059
2.740000	-0.305851	-0.771950	0.208162	0.185178	-0.991379	-0.071905
2.760000	-0.282194	-0.837741	0.146356	0.183716	-0.991865	-0.070589
2.780000	-0.257901	-0.901798	0.084098	0.182144	-0.992436	-0.069156
2.800000	-0.233811	-0.963226	0.022160	0.180524	-0.993061	-0.067647
2.820000	-0.210759	-1.021133	-0.038687	0.178917	-0.993715	-0.066106
2.840000	-0.189581	-1.074627	-0.097672	0.177387	-0.994367	-0.064578
2.860000	-0.171115	-1.122814	-0.154024	0.175994	-0.994990	-0.063104
2.880000	-0.156197	-1.164802	-0.206971	0.174802	-0.995555	-0.061728
2.900000	-0.145664	-1.199698	-0.255744	0.173873	-0.996035	-0.060494
2.920000	-0.140352	-1.226610	-0.299569	0.173268	-0.996402	-0.059445
2.940000	-0.141099	-1.244644	-0.337678	0.173050	-0.996626	-0.058625
2.960000	-0.148739	-1.252908	-0.369298	0.173282	-0.996680	-0.058075
2.980000	-0.164109	-1.250511	-0.393660	0.174024	-0.996535	-0.057841
3.000000	-0.187488	-1.236970	-0.410505	0.175305	-0.996181	-0.057943
3.020000	-0.217942	-1.212695	-0.420693	0.177074	-0.995644	-0.058354
3.040000	-0.254372	-1.178220	-0.425232	0.179273	-0.994956	-0.059042
3.060000	-0.295680	-1.134077	-0.425133	0.181840	-0.994147	-0.059973
3.080000	-0.340767	-1.080797	-0.421404	0.184717	-0.993250	-0.061114
3.100000	-0.388534	-1.018914	-0.415057	0.187842	-0.992295	-0.062433
3.120000	-0.437884	-0.948958	-0.407100	0.191158	-0.991316	-0.063895
3.140000	-0.487717	-0.871463	-0.398543	0.194603	-0.990342	-0.065469
3.160000	-0.536936	-0.786960	-0.390396	0.198118	-0.989405	-0.067120
3.180000	-0.584442	-0.695981	-0.383668	0.201643	-0.988538	-0.068816
3.200000	-0.629137	-0.599060	-0.379369	0.205118	-0.987770	-0.070524
3.220000	-0.669921	-0.496727	-0.378509	0.208483	-0.987135	-0.072211
3.240000	-0.705697	-0.389515	-0.382096	0.211679	-0.986663	-0.073843
3.260000	-0.735367	-0.277956	-0.391142	0.214645	-0.986386	-0.075387
3.280000	-0.757831	-0.162583	-0.406654	0.217322	-0.986335	-0.076811
3.300000	-0.772441	-0.044001	-0.429164	0.219669	-0.986528	-0.078091
3.320000	-0.779831	0.076970	-0.457826	0.221696	-0.986943	-0.079228
3.340000	-0.780870	0.199472	-0.491549	0.223425	-0.987550	-0.080229
3.360000	-0.776422	0.322649	-0.529241	0.224877	-0.988321	-0.081101
3.380000	-0.767356	0.445642	-0.569811	0.226073	-0.989227	-0.081852
3.400000	-0.754538	0.567595	-0.612168	0.227033	-0.990238	-0.082487
3.420000	-0.738833	0.687650	-0.655221	0.227780	-0.991324	-0.083014
3.440000	-0.721109	0.804949	-0.697877	0.228332	-0.992458	-0.083439
3.460000	-0.702233	0.918635	-0.739047	0.228712	-0.993609	-0.083770
3.480000	-0.683071	1.027851	-0.777637	0.228941	-0.994748	-0.084013
3.500000	-0.664489	1.131740	-0.812557	0.229039	-0.995847	-0.084175
3.520000	-0.647354	1.229443	-0.842716	0.229028	-0.996876	-0.084263
3.540000	-0.632533	1.320103	-0.867022	0.228928	-0.997805	-0.084283
3.560000	-0.620892	1.402864	-0.884384	0.228761	-0.998607	-0.084243
3.580000	-0.613299	1.476867	-0.893711	0.228547	-0.999250	-0.084149
3.600000	-0.610618	1.541255	-0.893910	0.228307	-0.999708	-0.084008
3.620000	-0.613513	1.595198	-0.884104	0.228060	-0.999953	-0.083827
3.640000	-0.621377	1.638027	-0.864726	0.227812	-0.999991	-0.083609
3.660000	-0.633123	1.669139	-0.836712	0.227564	-0.999835	-0.083359
3.680000	-0.647662	1.687927	-0.800997	0.227316	-0.999500	-0.083081
3.700000	-0.663905	1.693788	-0.758517	0.227070	-0.999000	-0.082776
3.720000	-0.680764	1.686115	-0.710207	0.226826	-0.998348	-0.082450
3.740000	-0.697150	1.664305	-0.657003	0.226584	-0.997559	-0.082105
3.760000	-0.711973	1.627752	-0.599840	0.226347	-0.996647	-0.081745
3.780000	-0.724146	1.575851	-0.539654	0.226114	-0.995627	-0.081373
3.800000	-0.732579	1.507998	-0.477381	0.225886	-0.994512	-0.080994
3.820000	-0.736184	1.423588	-0.413957	0.225665	-0.993317	-0.080610
3.840000	-0.733871	1.322015	-0.350316	0.225450	-0.992056	-0.080226
3.860000	-0.724553	1.202675	-0.287395	0.225243	-0.990742	-0.079844
