0.000000	-0.802921	0.717119	0.158141	0.265469	-0.968689	0.031832
0.020000	-0.834912	0.723581	0.150310	0.264365	-0.970182	0.029384
0.040000	-0.861405	0.720896	0.143908	0.263312	-0.971599	0.026978
0.060000	-0.881923	0.709726	0.138817	0.262309	-0.972917	0.024640
0.080000	-0.895987	0.690730	0.134920	0.261355	-0.974112	0.022394
0.100000	-0.903118	0.664570	0.132100	0.260448	-0.975161	0.020263
0.120000	-0.902838	0.631907	0.130239	0.259585	-0.976041	0.018273
0.140000	-0.894720	0.593401	0.129219	0.258766	-0.976730	0.016446
0.160000	-0.879027	0.549709	0.128886	0.257991	-0.977229	0.014786
0.180000	-0.856509	0.501488	0.129064	0.257263	-0.977552	0.013279
0.200000	-0.827930	0.449393	0.129578	0.256584	-0.977717	0.011914
0.220000	-0.794050	0.394081	0.130251	0.255959	-0.977737	0.010679
0.240000	-0.755632	0.336206	0.130906	0.255389	-0.977630	0.009562
0.260000	-0.713439	0.276425	0.131368	0.254878	-0.977410	0.008551
0.280000	-0.668232	0.215393	0.131459	0.254428	-0.977094	0.007633
0.300000	-0.620774	0.153766	0.131003	0.254042	-0.976697	0.006797
0.320000	-0.571825	0.092200	0.129824	0.253723	-0.976235	0.006031
0.340000	-0.522150	0.031351	0.127746	0.253473	-0.975724	0.005321
0.360000	-0.472509	-0.028126	0.124591	0.253297	-0.975179	0.004657
0.380000	-0.423665	-0.085575	0.120185	0.253196	-0.974617	0.004027
0.400000	-0.376379	-0.140341	0.114350	0.253173	-0.974052	0.003417
0.420000	-0.331415	-0.191766	0.106909	0.253232	-0.973501	0.002817
0.440000	-0.289533	-0.239197	0.097687	0.253375	-0.972979	0.002213
0.460000	-0.251497	-0.281976	0.086508	0.253604	-0.972502	0.001594
0.480000	-0.217973	-0.319490	0.073229	0.253923	-0.972085	0.000951
0.500000	-0.188921	-0.351435	0.057971	0.254323	-0.971733	0.000297
0.520000	-0.163978	-0.377648	0.040974	0.254794	-0.971446	-0.000345
0.540000	-0.142781	-0.397968	0.022479	0.255326	-0.971225	-0.000952
0.560000	-0.124966	-0.412232	0.002724	0.255907	-0.971071	-0.001499
0.580000	-0.110170	-0.420279	-0.018051	0.256527	-0.970986	-0.001964
0.600000	-0.098029	-0.421946	-0.039604	0.257176	-0.970969	-0.002324
0.620000	-0.088179	-0.417072	-0.061696	0.257843	-0.971022	-0.002555
0.640000	-0.080256	-0.405494	-0.084087	0.258516	-0.971145	-0.002633
0.660000	-0.073898	-0.387050	-0.106537	0.259186	-0.971339	-0.002536
0.680000	-0.068739	-0.361579	-0.128806	0.259841	-0.971606	-0.002240
0.700000	-0.064417	-0.328918	-0.150653	0.260472	-0.971945	-0.001722
0.720000	-0.060568	-0.288906	-0.171840	0.261066	-0.972358	-0.000957
0.740000	-0.056828	-0.241380	-0.192125	0.261614	-0.972845	0.000076
0.760000	-0.052833	-0.186179	-0.211269	0.262105	-0.973408	0.001401
0.780000	-0.048220	-0.123140	-0.229032	0.262527	-0.974047	0.003043
0.800000	-0.042646	-0.052127	-0.245185	0.262872	-0.974762	0.005021
0.820000	-0.036160	0.026510	-0.259726	0.263137	-0.975546	0.007315
0.840000	-0.029160	0.111983	-0.272856	0.263328	-0.976381	0.009866
0.860000	-0.022060	0.203489	-0.284780	0.263453	-0.977252	0.012614
0.880000	-0.015272	0.300227	-0.295707	0.263516	-0.978142	0.015500
0.900000	-0.009208	0.401394	-0.305842	0.263526	-0.979035	0.018462
0.920000	-0.004279	0.506188	-0.315394	0.263488	-0.979914	0.021441
0.940000	-0.000900	0.613806	-0.324569	0.263410	-0.980762	0.024378
0.960000	0.000519	0.723445	-0.333575	0.263296	-0.981563	0.027211
0.980000	-0.000435	0.834303	-0.342618	0.263154	-0.982301	0.029881
1.000000	-0.004174	0.945577	-0.351906	0.262991	-0.982959	0.032327
1.020000	-0.011110	1.056466	-0.361645	0.262813	-0.983521	0.034490
1.040000	-0.021657	1.166166	-0.372042	0.262626	-0.983969	0.036310
1.060000	-0.036225	1.273876	-0.383306	0.262436	-0.984289	0.037727
1.080000	-0.055227	1.378792	-0.395642	0.262251	-0.984463	0.038680
1.100000	-0.079076	1.480112	-0.409259	0.262077	-0.984475	0.039109
1.120000	-0.108179	1.577036	-0.424360	0.261920	-0.984308	0.038955
1.140000	-0.142600	1.668973	-0.440983	0.261783	-0.983959	0.038205
1.160000	-0.181801	1.755695	-0.458874	0.261661	-0.983448	0.036926
1.180000	-0.225180	1.837013	-0.477745	0.261551	-0.982796	0.035193
1.200000	-0.272138	1.912736	-0.497313	0.261448	-0.982025	0.033081
1.220000	-0.322074	1.982674	-0.517292	0.261346	-0.981156	0.030667
1.240000	-0.374387	2.046637	-0.537395	0.261242	-0.980212	0.028026
1.260000	-0.428479	2.104436	-0.557338	0.261130	-0.979214	0.025232
1.280000	-0.483747	2.155879	-0.576836	0.261007	-0.978184	0.022362
1.300000	-0.539592	2.200777	-0.595603	0.260867	-0.977143	0.019491
1.320000	-0.595414	2.238940	-0.613353	0.260706	-0.976114	0.016694
1.340000	-0.650612	2.270178	-0.629801	0.260519	-0.975117	0.014047
1.360000	-0.704586	2.294300	-0.644663	0.260302	-0.974175	0.011625
1.380000	-0.756736	2.311117	-0.657651	0.260049	-0.973309	0.009504
1.400000	-0.806461	2.320438	-0.668482	0.259757	-0.972541	0.007759
1.420000	-0.853161	2.322073	-0.676869	0.259420	-0.971893	0.006465
1.440000	-0.896249	2.315854	-0.682542	0.259035	-0.971385	0.005694
1.460000	-0.935312	2.301909	-0.685434	0.258606	-0.971019	0.005440
1.480000	-0.970071	2.280588	-0.685628	0.258145	-0.970784	0.005646
1.500000	-1.000246	2.252245	-0.683212	0.257663	-0.970669	0.006252
1.520000	-1.025561	2.217236	-0.678274	0.257171	-0.970661	0.007197
1.540000	-1.045737	2.175916	-0.670902	0.256681	-0.970749	0.008423
1.560000	-1.060496	2.128638	-0.661183	0.256204	-0.970921	0.009869
1.580000	-1.069562	2.075759	-0.649204	0.255752	-0.971166	0.011475
1.600000	-1.072655	2.017632	-0.635053	0.255335	-0.971472	0.013181
1.620000	-1.069499	1.954614	-0.618819	0.254966	-0.971827	0.014929
1.640000	-1.059815	1.887057	-0.600588	0.254655	-0.972220	0.016657
1.660000	-1.043325	1.815319	-0.580447	0.254415	-0.972639	0.018306
1.680000	-1.019753	1.739752	-0.558486	0.254256	-0.973072	0.019817
1.700000	-0.988819	1.660713	-0.534790	0.254190	-0.973508	0.021129
1.720000	-0.950246	1.578555	-0.509449	0.254228	-0.973936	0.022182
1.740000	-0.903757	1.493634	-0.482549	0.254382	-0.974342	0.022917
1.760000	-0.849338	1.406325	-0.454217	0.254659	-0.974718	0.023286
1.780000	-0.788243	1.317096	-0.424766	0.255050	-0.975059	0.023301
1.800000	-0.722102	1.226443	-0.394566	0.255540	-0.975364	0.022989
1.820000	-0.652545	1.134865	-0.363987	0.256115	-0.975632	0.022380
1.840000	-0.581203	1.042858	-0.333396	0.256760	-0.975860	0.021502
1.860000	-0.509707	0.950919	-0.303163	0.257460	-0.976047	0.020383
1.880000	-0.439687	0.859545	-0.273658	0.258202	-0.976192	0.019053
1.900000	-0.372774	0.769233	-0.245250	0.258969	-0.976293	0.017539
1.920000	-0.310597	0.680479	-0.218307	0.259748	-0.976348	0.015870
1.940000	-0.254788	0.593782	-0.193199	0.260523	-0.976356	0.014075
1.960000	-0.206977	0.509637	-0.170295	0.261281	-0.976315	0.012182
1.980000	-0.168795	0.428542	-0.149965	0.262006	-0.976223	0.010221
2.000000	-0.141871	0.350993	-0.132577	0.262685	-0.976080	0.008218
2.020000	-0.127838	0.277488	-0.118500	0.263301	-0.975882	0.006204
2.040000	-0.128324	0.208524	-0.108105	0.263842	-0.975629	0.004207
2.060000	-0.144208	0.144718	-0.101632	0.264293	-0.975321	0.002267
2.080000	-0.171586	0.087458	-0.098523	0.264653	-0.974970	0.000510
2.100000	-0.204684	0.038432	-0.097903	0.264924	-0.974592	-0.000909
2.120000	-0.237724	-0.000673	-0.098896	0.265108	-0.974204	-0.001834
2.140000	-0.265438	-0.028386	-0.100693	0.265208	-0.973822	-0.002126
2.160000	-0.286509	-0.044948	-0.102983	0.265228	-0.973453	-0.001785
2.180000	-0.301474	-0.051397	-0.105695	0.265169	-0.973102	-0.000880
2.200000	-0.310877	-0.048776	-0.108753	0.265035	-0.972774	0.000524
2.220000	-0.315263	-0.038127	-0.112086	0.264829	-0.972475	0.002360
2.240000	-0.315177	-0.020495	-0.115621	0.264555	-0.972208	0.004562
2.260000	-0.311166	0.003078	-0.119285	0.264215	-0.971979	0.007062
2.280000	-0.303774	0.031549	-0.123005	0.263813	-0.971792	0.009794
2.300000	-0.293546	0.063875	-0.126708	0.263352	-0.971653	0.012691
2.320000	-0.281028	0.099013	-0.130322	0.262834	-0.971565	0.015687
2.340000	-0.266765	0.135920	-0.133773	0.262264	-0.971535	0.018714
2.360000	-0.251303	0.173553	-0.136990	0.261644	-0.971566	0.021707
2.380000	-0.235186	0.210868	-0.139899	0.260977	-0.971663	0.024598
2.400000	-0.218960	0.246824	-0.142427	0.260267	-0.971832	0.027320
2.420000	-0.203170	0.280376	-0.144501	0.259516	-0.972076	0.029808
