0.000000	1.072025	-3.456059	0.186413	0.350973	-0.966678	-0.082297
0.020000	1.040578	-3.469373	0.171660	0.350581	-0.965995	-0.080993
0.040000	1.006540	-3.477160	0.156874	0.350274	-0.965212	-0.079636
0.060000	0.970599	-3.479340	0.142408	0.350045	-0.964346	-0.078235
0.080000	0.933446	-3.475832	0.128617	0.349882	-0.963417	-0.076802
0.100000	0.895771	-3.466557	0.115857	0.349777	-0.962443	-0.075346
0.120000	0.858263	-3.451434	0.104480	0.349720	-0.961441	-0.073879
0.140000	0.821613	-3.430383	0.094842	0.349702	-0.960432	-0.072411
0.160000	0.786511	-3.403324	0.087297	0.349713	-0.959433	-0.070952
0.180000	0.753646	-3.370178	0.082200	0.349744	-0.958462	-0.069512
0.200000	0.723708	-3.330864	0.079905	0.349785	-0.957539	-0.068103
0.220000	0.697387	-3.285301	0.080767	0.349826	-0.956681	-0.066733
0.240000	0.675372	-3.233411	0.085138	0.349859	-0.955908	-0.065415
0.260000	0.657983	-3.175165	0.093090	0.349874	-0.955231	-0.064157
0.280000	0.644722	-3.110651	0.104062	0.349866	-0.954648	-0.062966
0.300000	0.634981	-3.039972	0.117409	0.349828	-0.954157	-0.061846
0.320000	0.628148	-2.963231	0.132486	0.349755	-0.953754	-0.060804
0.340000	0.623616	-2.880532	0.148646	0.349640	-0.953435	-0.059847
0.360000	0.620774	-2.791978	0.165244	0.349477	-0.953197	-0.058979
0.380000	0.619013	-2.697673	0.181635	0.349260	-0.953037	-0.058207
0.400000	0.617724	-2.597719	0.197173	0.348984	-0.952951	-0.057537
0.420000	0.616298	-2.492220	0.211212	0.348642	-0.952936	-0.056974
0.440000	0.614124	-2.381279	0.223107	0.348228	-0.952988	-0.056524
0.460000	0.610593	-2.265000	0.232212	0.347737	-0.953105	-0.056194
0.480000	0.605096	-2.143486	0.237882	0.347162	-0.953281	-0.055988
0.500000	0.597024	-2.016840	0.239472	0.346497	-0.953515	-0.055914
0.520000	0.585767	-1.885165	0.236335	0.345736	-0.953802	-0.055976
0.540000	0.570716	-1.748566	0.227826	0.344874	-0.954140	-0.056181
0.560000	0.551477	-1.607295	0.213577	0.343909	-0.954524	-0.056531
0.580000	0.528285	-1.462043	0.194030	0.342860	-0.954949	-0.057015
0.600000	0.501490	-1.313579	0.169771	0.341744	-0.955412	-0.057621
0.620000	0.471439	-1.162674	0.141388	0.340584	-0.955906	-0.058336
0.640000	0.438482	-1.010096	0.109469	0.339397	-0.956428	-0.059150
0.660000	0.402967	-0.856617	0.074600	0.338205	-0.956972	-0.060048
0.680000	0.365245	-0.703005	0.037369	0.337026	-0.957532	-0.061020
0.700000	0.325662	-0.550030	-0.001637	0.335881	-0.958106	-0.062052
0.720000	0.284569	-0.398462	-0.041829	0.334789	-0.958686	-0.063133
0.740000	0.242313	-0.249071	-0.082622	0.333771	-0.959270	-0.064250
0.760000	0.199245	-0.102626	-0.123427	0.332846	-0.959851	-0.065391
0.780000	0.155712	0.040103	-0.163658	0.332033	-0.960424	-0.066544
0.800000	0.112063	0.178347	-0.202726	0.331354	-0.960986	-0.067695
0.820000	0.068648	0.311334	-0.240045	0.330826	-0.961531	-0.068834
0.840000	0.025815	0.438297	-0.275027	0.330471	-0.962053	-0.069948
0.860000	-0.016086	0.558465	-0.307084	0.330309	-0.962549	-0.071024
0.880000	-0.056709	0.671070	-0.335634	0.330358	-0.963014	-0.072051
0.900000	-0.095784	0.775593	-0.360395	0.330624	-0.963441	-0.073021
0.920000	-0.133188	0.871965	-0.381650	0.331087	-0.963826	-0.073938
0.940000	-0.168813	0.960163	-0.399737	0.331723	-0.964163	-0.074804
0.960000	-0.202553	1.040168	-0.414995	0.332510	-0.964447	-0.075625
0.980000	-0.234298	1.111958	-0.427764	0.333423	-0.964672	-0.076405
1.000000	-0.263941	1.175512	-0.438383	0.334439	-0.964833	-0.077146
1.020000	-0.291375	1.230809	-0.447192	0.335536	-0.964923	-0.077854
1.040000	-0.316491	1.277829	-0.454531	0.336690	-0.964938	-0.078532
1.060000	-0.339183	1.316549	-0.460737	0.337877	-0.964872	-0.079184
1.080000	-0.359342	1.346948	-0.466152	0.339075	-0.964719	-0.079814
1.100000	-0.376860	1.369007	-0.471114	0.340259	-0.964474	-0.080426
1.120000	-0.391631	1.382704	-0.475963	0.341408	-0.964131	-0.081025
1.140000	-0.403545	1.388017	-0.481038	0.342496	-0.963685	-0.081613
1.160000	-0.412496	1.384925	-0.486679	0.343502	-0.963130	-0.082195
1.180000	-0.418376	1.373409	-0.493225	0.344401	-0.962460	-0.082775
1.200000	-0.421087	1.353473	-0.500990	0.345172	-0.961672	-0.083356
1.220000	-0.420703	1.325538	-0.509896	0.345813	-0.960775	-0.083935
1.240000	-0.417427	1.290342	-0.519567	0.346338	-0.959789	-0.084503
1.260000	-0.411463	1.248632	-0.529616	0.346761	-0.958738	-0.085049
1.280000	-0.403019	1.201156	-0.539658	0.347097	-0.957641	-0.085565
1.300000	-0.392301	1.148660	-0.549307	0.347359	-0.956521	-0.086042
1.320000	-0.379514	1.091891	-0.558178	0.347563	-0.955398	-0.086469
1.340000	-0.364864	1.031597	-0.565885	0.347722	-0.954295	-0.086837
1.360000	-0.348559	0.968524	-0.572042	0.347852	-0.953232	-0.087138
1.380000	-0.330803	0.903420	-0.576264	0.347965	-0.952232	-0.087361
1.400000	-0.311804	0.837032	-0.578165	0.348076	-0.951315	-0.087497
1.420000	-0.291766	0.770106	-0.577360	0.348201	-0.950503	-0.087537
1.440000	-0.270897	0.703389	-0.573462	0.348352	-0.949817	-0.087471
1.460000	-0.249401	0.637629	-0.566086	0.348545	-0.949280	-0.087291
1.480000	-0.227487	0.573573	-0.554847	0.348793	-0.948911	-0.086985
1.500000	-0.205358	0.511968	-0.539358	0.349112	-0.948733	-0.086546
1.520000	-0.183222	0.453554	-0.519242	0.349514	-0.948767	-0.085964
1.540000	-0.161266	0.398742	-0.494518	0.350004	-0.949016	-0.085241
1.560000	-0.139649	0.347446	-0.465805	0.350566	-0.949453	-0.084396
1.580000	-0.118530	0.299538	-0.433772	0.351185	-0.950052	-0.083448
1.600000	-0.098067	0.254890	-0.399087	0.351846	-0.950785	-0.082417
1.620000	-0.078416	0.213374	-0.362418	0.352534	-0.951624	-0.081325
1.640000	-0.059737	0.174863	-0.324434	0.353232	-0.952542	-0.080190
1.660000	-0.042186	0.139229	-0.285803	0.353925	-0.953511	-0.079034
1.680000	-0.025922	0.106344	-0.247194	0.354598	-0.954504	-0.077875
1.700000	-0.011102	0.076081	-0.209274	0.355235	-0.955492	-0.076734
1.720000	0.002115	0.048311	-0.172713	0.355820	-0.956449	-0.075632
1.740000	0.013573	0.022907	-0.138179	0.356339	-0.957347	-0.074587
1.760000	0.023113	-0.000258	-0.106340	0.356775	-0.958159	-0.073621
1.780000	0.030578	-0.021313	-0.077865	0.357113	-0.958856	-0.072754
1.800000	0.035809	-0.040384	-0.053421	0.357337	-0.959411	-0.072004
1.820000	0.038650	-0.057600	-0.033675	0.357433	-0.959797	-0.071394
1.840000	0.039006	-0.073047	-0.018964	0.357394	-0.960000	-0.070930
1.860000	0.036910	-0.086730	-0.008987	0.357235	-0.960035	-0.070603
1.880000	0.032406	-0.098647	-0.003374	0.356973	-0.959919	-0.070398
1.900000	0.025538	-0.108794	-0.001751	0.356623	-0.959670	-0.070301
1.920000	0.016351	-0.117168	-0.003749	0.356202	-0.959305	-0.070298
1.940000	0.004889	-0.123767	-0.008993	0.355726	-0.958841	-0.070375
1.960000	-0.008801	-0.128586	-0.017114	0.355212	-0.958297	-0.070518
1.980000	-0.024676	-0.131624	-0.027738	0.354677	-0.957689	-0.070713
2.000000	-0.042691	-0.132877	-0.040494	0.354136	-0.957035	-0.070947
2.020000	-0.062801	-0.132341	-0.055010	0.353606	-0.956353	-0.071205
2.040000	-0.084962	-0.130015	-0.070914	0.353103	-0.955659	-0.071473
2.060000	-0.109128	-0.125894	-0.087835	0.352645	-0.954972	-0.071737
2.080000	-0.135255	-0.119975	-0.105400	0.352246	-0.954308	-0.071984
2.100000	-0.163298	-0.112257	-0.123237	0.351924	-0.953686	-0.072199
2.120000	-0.193212	-0.102734	-0.140975	0.351695	-0.953122	-0.072369
2.140000	-0.224953	-0.091406	-0.158242	0.351575	-0.952635	-0.072479
2.160000	-0.258470	-0.078270	-0.174670	0.351581	-0.952240	-0.072515
2.180000	-0.293501	-0.063410	-0.190047	0.351717	-0.951946	-0.072475
2.200000	-0.329522	-0.047016	-0.204356	0.351972	-0.951746	-0.072364
2.220000	-0.365995	-0.029284	-0.217590	0.352335	-0.951633	-0.072192
2.240000	-0.402378	-0.010407	-0.229743	0.352796	-0.951599	-0.071967
2.260000	-0.438132	0.009417	-0.240809	0.353344	-0.951638	-0.071698
2.280000	-0.472718	0.029994	-0.250781	0.353966	-0.951743	-0.071393
