0.000000	-0.373237	0.301381	-0.110387	0.258683	-0.959692	0.049310
0.020000	-0.387888	0.312479	-0.109889	0.259082	-0.958997	0.049845
0.040000	-0.401810	0.323210	-0.109897	0.259457	-0.958373	0.050361
0.060000	-0.414804	0.333579	-0.110437	0.259801	-0.957840	0.050854
0.080000	-0.426676	0.343590	-0.111536	0.260107	-0.957419	0.051322
0.100000	-0.437226	0.353248	-0.113223	0.260368	-0.957131	0.051760
0.120000	-0.446264	0.362555	-0.115523	0.260577	-0.956995	0.052163
0.140000	-0.453749	0.371429	-0.118406	0.260731	-0.957013	0.052529
0.160000	-0.459836	0.379681	-0.121769	0.260828	-0.957165	0.052852
0.180000	-0.464691	0.387114	-0.125506	0.260868	-0.957429	0.053126
0.200000	-0.468481	0.393532	-0.129509	0.260850	-0.957782	0.053347
0.220000	-0.471374	0.398739	-0.133671	0.260775	-0.958202	0.053509
0.240000	-0.473535	0.402540	-0.137885	0.260643	-0.958667	0.053607
0.260000	-0.475132	0.404737	-0.142044	0.260452	-0.959156	0.053635
0.280000	-0.476331	0.405136	-0.146042	0.260202	-0.959646	0.053589
0.300000	-0.477299	0.403539	-0.149770	0.259893	-0.960114	0.053463
0.320000	-0.478202	0.399751	-0.153123	0.259525	-0.960539	0.053253
0.340000	-0.479208	0.393576	-0.155993	0.259096	-0.960899	0.052952
0.360000	-0.480483	0.384818	-0.158273	0.258608	-0.961171	0.052556
0.380000	-0.482194	0.373280	-0.159857	0.258059	-0.961334	0.052060
0.400000	-0.484507	0.358767	-0.160636	0.257450	-0.961365	0.051457
0.420000	-0.487590	0.341081	-0.160505	0.256779	-0.961242	0.050744
0.440000	-0.491581	0.320076	-0.159372	0.256047	-0.960947	0.049916
0.460000	-0.496371	0.296036	-0.157306	0.255265	-0.960491	0.048991
0.480000	-0.501718	0.269475	-0.154455	0.254446	-0.959903	0.047994
0.500000	-0.507375	0.240914	-0.150971	0.253607	-0.959213	0.046952
0.520000	-0.513101	0.210870	-0.147003	0.252762	-0.958449	0.045891
0.540000	-0.518651	0.179860	-0.142704	0.251925	-0.957639	0.044838
0.560000	-0.523780	0.148403	-0.138223	0.251113	-0.956813	0.043820
0.580000	-0.528245	0.117017	-0.133711	0.250339	-0.955999	0.042862
0.600000	-0.531801	0.086221	-0.129318	0.249618	-0.955227	0.041992
0.620000	-0.534205	0.056531	-0.125196	0.248966	-0.954524	0.041235
0.640000	-0.535212	0.028467	-0.121496	0.248397	-0.953921	0.040619
0.660000	-0.534578	0.002547	-0.118367	0.247926	-0.953445	0.040169
0.680000	-0.532060	-0.020712	-0.115961	0.247569	-0.953126	0.039912
0.700000	-0.527413	-0.040792	-0.114428	0.247339	-0.952993	0.039875
0.720000	-0.520393	-0.057174	-0.113918	0.247253	-0.953074	0.040085
0.740000	-0.510756	-0.069340	-0.114584	0.247324	-0.953397	0.040567
0.760000	-0.498382	-0.076967	-0.116514	0.247561	-0.953980	0.041335
0.780000	-0.483564	-0.080377	-0.119596	0.247948	-0.954794	0.042359
0.800000	-0.466678	-0.080025	-0.123678	0.248465	-0.955804	0.043602
0.820000	-0.448101	-0.076366	-0.128607	0.249091	-0.956972	0.045025
0.840000	-0.428209	-0.069855	-0.134229	0.249807	-0.958264	0.046589
0.860000	-0.407381	-0.060947	-0.140390	0.250591	-0.959642	0.048257
0.880000	-0.385992	-0.050097	-0.146939	0.251424	-0.961070	0.049990
0.900000	-0.364420	-0.037760	-0.153721	0.252286	-0.962512	0.051749
0.920000	-0.343041	-0.024392	-0.160583	0.253155	-0.963932	0.053496
0.940000	-0.322232	-0.010447	-0.167373	0.254013	-0.965293	0.055194
0.960000	-0.302370	0.003620	-0.173936	0.254837	-0.966559	0.056802
0.980000	-0.283833	0.017354	-0.180121	0.255609	-0.967695	0.058284
1.000000	-0.266996	0.030299	-0.185772	0.256308	-0.968663	0.059601
1.020000	-0.252237	0.042001	-0.190739	0.256913	-0.969428	0.060715
1.040000	-0.239933	0.052005	-0.194866	0.257404	-0.969953	0.061587
1.060000	-0.230460	0.059855	-0.198001	0.257761	-0.970202	0.062178
1.080000	-0.224130	0.065156	-0.200012	0.257967	-0.970145	0.062457
1.100000	-0.220784	0.067931	-0.200911	0.258028	-0.969797	0.062433
1.120000	-0.220058	0.068390	-0.200776	0.257958	-0.969192	0.062132
1.140000	-0.221588	0.066741	-0.199685	0.257774	-0.968367	0.061584
1.160000	-0.225010	0.063194	-0.197716	0.257491	-0.967355	0.060816
1.180000	-0.229957	0.057958	-0.194945	0.257125	-0.966191	0.059854
1.200000	-0.236066	0.051243	-0.191452	0.256691	-0.964911	0.058728
1.220000	-0.242972	0.043257	-0.187313	0.256206	-0.963548	0.057465
1.240000	-0.250310	0.034209	-0.182606	0.255684	-0.962139	0.056092
1.260000	-0.257716	0.024310	-0.177409	0.255141	-0.960717	0.054637
1.280000	-0.264825	0.013767	-0.171800	0.254593	-0.959318	0.053128
1.300000	-0.271272	0.002791	-0.165855	0.254055	-0.957976	0.051592
1.320000	-0.276693	-0.008409	-0.159654	0.253543	-0.956727	0.050058
1.340000	-0.280723	-0.019625	-0.153273	0.253073	-0.955604	0.048552
1.360000	-0.282997	-0.030647	-0.146791	0.252661	-0.954644	0.047103
1.380000	-0.283150	-0.041266	-0.140284	0.252321	-0.953880	0.045738
1.400000	-0.280842	-0.051275	-0.133831	0.252069	-0.953347	0.044484
1.420000	-0.276133	-0.060502	-0.127506	0.251909	-0.953047	0.043352
1.440000	-0.269435	-0.068810	-0.121382	0.251837	-0.952962	0.042337
1.460000	-0.261172	-0.076060	-0.115533	0.251848	-0.953068	0.041436
1.480000	-0.251768	-0.082114	-0.110030	0.251937	-0.953346	0.040643
1.500000	-0.241646	-0.086834	-0.104947	0.252098	-0.953772	0.039955
1.520000	-0.231229	-0.090082	-0.100356	0.252328	-0.954326	0.039368
1.540000	-0.220940	-0.091721	-0.096330	0.252620	-0.954987	0.038878
1.560000	-0.211203	-0.091612	-0.092942	0.252971	-0.955732	0.038479
1.580000	-0.202442	-0.089617	-0.090264	0.253375	-0.956540	0.038168
1.600000	-0.195080	-0.085599	-0.088369	0.253827	-0.957390	0.037941
1.620000	-0.189540	-0.079419	-0.087330	0.254322	-0.958260	0.037792
1.640000	-0.186246	-0.070940	-0.087220	0.254855	-0.959129	0.037719
1.660000	-0.185621	-0.060023	-0.088112	0.255422	-0.959975	0.037717
1.680000	-0.188088	-0.046531	-0.090078	0.256018	-0.960777	0.037781
1.700000	-0.194058	-0.030337	-0.093187	0.256637	-0.961513	0.037908
1.720000	-0.203552	-0.011635	-0.097416	0.257273	-0.962173	0.038093
1.740000	-0.216170	0.009029	-0.102641	0.257918	-0.962756	0.038333
1.760000	-0.231486	0.031089	-0.108730	0.258566	-0.963262	0.038624
1.780000	-0.249077	0.053981	-0.115553	0.259208	-0.963692	0.038963
1.800000	-0.268518	0.077140	-0.122980	0.259836	-0.964047	0.039348
1.820000	-0.289384	0.100001	-0.130880	0.260443	-0.964326	0.039773
1.840000	-0.311252	0.122000	-0.139122	0.261021	-0.964529	0.040237
1.860000	-0.333697	0.142572	-0.147576	0.261563	-0.964658	0.040734
1.880000	-0.356295	0.161151	-0.156111	0.262061	-0.964712	0.041263
1.900000	-0.378622	0.177174	-0.164597	0.262506	-0.964692	0.041820
1.920000	-0.400252	0.190075	-0.172903	0.262892	-0.964599	0.042400
1.940000	-0.420763	0.199290	-0.180899	0.263211	-0.964431	0.043002
1.960000	-0.439730	0.204254	-0.188454	0.263454	-0.964191	0.043620
1.980000	-0.456728	0.204401	-0.195438	0.263615	-0.963877	0.044253
2.000000	-0.471333	0.199168	-0.201719	0.263685	-0.963491	0.044896
2.020000	-0.483122	0.187991	-0.207169	0.263658	-0.963033	0.045546
2.040000	-0.491835	0.170737	-0.211703	0.263531	-0.962506	0.046198
2.060000	-0.497567	0.148202	-0.215342	0.263318	-0.961922	0.046840
2.080000	-0.500459	0.121308	-0.218119	0.263034	-0.961290	0.047462
2.100000	-0.500656	0.090974	-0.220069	0.262695	-0.960624	0.048053
2.120000	-0.498298	0.058121	-0.221224	0.262314	-0.959935	0.048601
2.140000	-0.493529	0.023669	-0.221618	0.261908	-0.959233	0.049095
2.160000	-0.486490	-0.011461	-0.221284	0.261492	-0.958532	0.049524
2.180000	-0.477324	-0.046350	-0.220257	0.261080	-0.957841	0.049877
2.200000	-0.466173	-0.080076	-0.218570	0.260687	-0.957173	0.050143
2.220000	-0.453179	-0.111720	-0.216256	0.260330	-0.956540	0.050310
2.240000	-0.438485	-0.140361	-0.213349	0.260021	-0.955953	0.050367
2.260000	-0.422232	-0.165079	-0.209882	0.259778	-0.955423	0.050304
2.280000	-0.404564	-0.184953	-0.205890	0.259615	-0.954961	0.050108
2.300000	-0.385623	-0.199063	-0.201405	0.259546	-0.954581	0.049770
2.320000	-0.365550	-0.206489	-0.196461	0.259588	-0.954292	0.049277
2.340000	-0.344488	-0.206310	-0.191093	0.259755	-0.954107	0.048618
2.360000	-0.322604	-0.197869	-0.185342	0.260057	-0.954035	0.047789
2.380000	-0.300180	-0.181707	-0.179300	0.260480	-0.954070	0.046814
2.400000	-0.277528	-0.158714	-0.173069	0.261005	-0.954207	0.045726
2.420000	-0.254964	-0.129776	-0.166752	0.261611	-0.954437	0.044558
2.440000	-0.232801	-0.095781	-0.160452	0.262278	-0.954752	0.043341
2.460000	-0.211351	-0.057615	-0.154272	0.262986	-0.955145	0.042110
2.480000	-0.190930	-0.016167	-0.148314	0.263714	-0.955609	0.040897
2.500000	-0.171852	0.027676	-0.142682	0.264442	-0.956135	0.039734
2.520000	-0.154429	0.073027	-0.137478	0.265151	-0.956716	0.038655
2.540000	-0.138975	0.118998	-0.132806	0.265819	-0.957345	0.037692
2.560000	-0.125806	0.164703	-0.128768	0.266428	-0.958014	0.036878
2.580000	-0.115233	0.209253	-0.125468	0.266955	-0.958715	0.036245
2.600000	-0.107571	0.251762	-0.123007	0.267382	-0.959440	0.035826
2.620000	-0.103134	0.291341	-0.121490	0.267688	-0.960183	0.035655
2.640000	-0.102236	0.327104	-0.121018	0.267852	-0.960935	0.035764
2.660000	-0.105190	0.358163	-0.121696	0.267856	-0.961689	0.036185
2.680000	-0.112265	0.383702	-0.123610	0.267680	-0.962437	0.036947
2.700000	-0.123260	0.403632	-0.126696	0.267333	-0.963173	0.038032
2.720000	-0.137698	0.418295	-0.130797	0.266837	-0.963890	0.039393
