0.000000	-0.366836	0.540048	-0.093268	0.822971	-0.654998	-0.033613
0.020000	-0.397779	0.514575	-0.081440	0.824441	-0.655308	-0.032547
0.040000	-0.424557	0.485578	-0.069834	0.825967	-0.655301	-0.031799
0.060000	-0.446730	0.452525	-0.058654	0.827562	-0.654910	-0.031418
0.080000	-0.463857	0.414881	-0.048101	0.829242	-0.654067	-0.031458
0.100000	-0.475497	0.372113	-0.038376	0.831019	-0.652704	-0.031969
0.120000	-0.481209	0.323686	-0.029681	0.832908	-0.650753	-0.033003
0.140000	-0.480552	0.269068	-0.022217	0.834924	-0.648146	-0.034612
0.160000	-0.473489	0.207947	-0.016145	0.837058	-0.644851	-0.036818
0.180000	-0.461179	0.140671	-0.011497	0.839244	-0.640943	-0.039561
0.200000	-0.445004	0.067712	-0.008283	0.841399	-0.636515	-0.042762
0.220000	-0.426345	-0.010460	-0.006513	0.843444	-0.631663	-0.046345
0.240000	-0.406583	-0.093373	-0.006197	0.845300	-0.626480	-0.050231
0.260000	-0.387101	-0.180558	-0.007345	0.846885	-0.621062	-0.054344
0.280000	-0.369279	-0.271542	-0.009966	0.848120	-0.615501	-0.058605
0.300000	-0.354499	-0.365855	-0.014071	0.848924	-0.609894	-0.062938
0.320000	-0.344142	-0.463026	-0.019669	0.849217	-0.604333	-0.067265
0.340000	-0.339591	-0.562584	-0.026771	0.848919	-0.598913	-0.071509
0.360000	-0.342225	-0.664058	-0.035386	0.847950	-0.593729	-0.075591
0.380000	-0.353428	-0.766978	-0.045524	0.846230	-0.588874	-0.079435
0.400000	-0.374579	-0.870872	-0.057195	0.843678	-0.584444	-0.082964
0.420000	-0.407061	-0.975270	-0.070409	0.840214	-0.580532	-0.086099
0.440000	-0.452256	-1.079700	-0.085175	0.835758	-0.577233	-0.088764
0.460000	-0.511543	-1.183692	-0.101505	0.830231	-0.574641	-0.090880
0.480000	-0.586294	-1.286773	-0.119406	0.823551	-0.572850	-0.092372
0.500000	-0.676565	-1.388327	-0.138768	0.815735	-0.571896	-0.093225
0.520000	-0.779976	-1.487468	-0.159259	0.806970	-0.571705	-0.093544
0.540000	-0.893879	-1.583281	-0.180524	0.797465	-0.572194	-0.093447
0.560000	-1.015626	-1.674852	-0.202205	0.787427	-0.573278	-0.093051
0.580000	-1.142569	-1.761264	-0.223948	0.777064	-0.574873	-0.092473
0.600000	-1.272061	-1.841604	-0.245395	0.766583	-0.576894	-0.091830
0.620000	-1.401453	-1.914956	-0.266191	0.756193	-0.579258	-0.091241
0.640000	-1.528099	-1.980405	-0.285979	0.746102	-0.581878	-0.090822
0.660000	-1.649349	-2.037036	-0.304404	0.736517	-0.584673	-0.090691
0.680000	-1.762557	-2.083935	-0.321109	0.727645	-0.587555	-0.090965
0.700000	-1.865074	-2.120186	-0.335738	0.719695	-0.590443	-0.091762
0.720000	-1.954253	-2.144875	-0.347935	0.712875	-0.593250	-0.093198
0.740000	-2.027446	-2.157086	-0.357343	0.707392	-0.595893	-0.095392
0.760000	-2.082005	-2.155904	-0.363608	0.703454	-0.598287	-0.098461
0.780000	-2.115282	-2.140415	-0.366372	0.701268	-0.600348	-0.102522
0.800000	-2.124794	-2.109774	-0.365306	0.701030	-0.601997	-0.107682
0.820000	-2.110606	-2.064222	-0.360493	0.702728	-0.603238	-0.113882
0.840000	-2.074783	-2.004853	-0.352337	0.706188	-0.604140	-0.120930
0.860000	-2.019446	-1.932786	-0.341254	0.711233	-0.604774	-0.128634
0.880000	-1.946716	-1.849138	-0.327658	0.717685	-0.605212	-0.136799
0.900000	-1.858713	-1.755028	-0.311964	0.725368	-0.605525	-0.145233
0.920000	-1.757558	-1.651573	-0.294585	0.734102	-0.605783	-0.153741
0.940000	-1.645372	-1.539891	-0.275938	0.743710	-0.606058	-0.162130
0.960000	-1.524275	-1.421100	-0.256435	0.754015	-0.606421	-0.170206
0.980000	-1.396388	-1.296319	-0.236492	0.764840	-0.606944	-0.177775
1.000000	-1.263831	-1.166664	-0.216524	0.776006	-0.607697	-0.184643
1.020000	-1.128725	-1.033255	-0.196944	0.787335	-0.608751	-0.190618
1.040000	-0.993191	-0.897208	-0.178167	0.798651	-0.610178	-0.195505
1.060000	-0.859349	-0.759642	-0.160608	0.809775	-0.612048	-0.199110
1.080000	-0.729321	-0.621674	-0.144681	0.820531	-0.614434	-0.201241
1.100000	-0.605225	-0.484423	-0.130801	0.830739	-0.617405	-0.201702
1.120000	-0.488916	-0.349019	-0.119298	0.840255	-0.621021	-0.200356
1.140000	-0.380872	-0.216655	-0.110066	0.849099	-0.625279	-0.197348
1.160000	-0.281135	-0.088544	-0.102863	0.857341	-0.630153	-0.192913
1.180000	-0.189747	0.034099	-0.097445	0.865053	-0.635620	-0.187285
1.200000	-0.106750	0.150063	-0.093569	0.872308	-0.641655	-0.180700
1.220000	-0.032185	0.258132	-0.090991	0.879176	-0.648236	-0.173393
1.240000	0.033906	0.357095	-0.089469	0.885731	-0.655338	-0.165599
1.260000	0.091480	0.445737	-0.088760	0.892042	-0.662936	-0.157553
1.280000	0.140497	0.522845	-0.088619	0.898183	-0.671008	-0.149489
1.300000	0.180915	0.587206	-0.088803	0.904225	-0.679528	-0.141645
1.320000	0.212692	0.637607	-0.089070	0.910239	-0.688474	-0.134253
1.340000	0.235786	0.672833	-0.089176	0.916298	-0.697820	-0.127549
1.360000	0.250156	0.691671	-0.088877	0.922473	-0.707543	-0.121769
1.380000	0.255760	0.692909	-0.087932	0.928835	-0.717619	-0.117148
1.400000	0.252556	0.675333	-0.086095	0.935458	-0.728024	-0.113920
1.420000	0.240505	0.637739	-0.083125	0.942411	-0.738733	-0.112319
1.440000	0.219860	0.580243	-0.078867	0.949696	-0.749678	-0.112450
1.460000	0.191451	0.505556	-0.073342	0.957180	-0.760700	-0.114156
1.480000	0.156177	0.416694	-0.066591	0.964713	-0.771630	-0.117253
1.500000	0.114934	0.316672	-0.058653	0.972142	-0.782299	-0.121556
1.520000	0.068622	0.208504	-0.049570	0.979319	-0.792540	-0.126879
1.540000	0.018136	0.095206	-0.039382	0.986093	-0.802184	-0.133039
1.560000	-0.035624	-0.020207	-0.028130	0.992314	-0.811061	-0.139850
1.580000	-0.091762	-0.134720	-0.015854	0.997831	-0.819004	-0.147126
1.600000	-0.149379	-0.245318	-0.002596	1.002494	-0.825844	-0.154684
1.620000	-0.207578	-0.348987	0.011605	1.006153	-0.831412	-0.162337
1.640000	-0.265461	-0.442710	0.026708	1.008656	-0.835540	-0.169902
1.660000	-0.322131	-0.523473	0.042672	1.009855	-0.838059	-0.177193
1.680000	-0.376690	-0.588261	0.059457	1.009599	-0.838801	-0.184025
1.700000	-0.428239	-0.634059	0.077022	1.007737	-0.837596	-0.190213
1.720000	-0.475882	-0.657851	0.095326	1.004119	-0.834277	-0.195572
1.740000	-0.518721	-0.656623	0.114329	0.998594	-0.828675	-0.199917
1.760000	-0.555935	-0.628285	0.133915	0.991071	-0.820694	-0.203106
1.780000	-0.587021	-0.574553	0.153660	0.981698	-0.810540	-0.205172
1.800000	-0.611558	-0.498118	0.173061	0.970682	-0.798494	-0.206193
1.820000	-0.629124	-0.401674	0.191615	0.958234	-0.784840	-0.206247
1.840000	-0.639299	-0.287912	0.208818	0.944563	-0.769860	-0.205412
1.860000	-0.641660	-0.159525	0.224168	0.929878	-0.753836	-0.203766
1.880000	-0.635787	-0.019205	0.237160	0.914387	-0.737050	-0.201388
1.900000	-0.621257	0.130354	0.247292	0.898300	-0.719785	-0.198354
1.920000	-0.597650	0.286462	0.254061	0.881826	-0.702323	-0.194745
1.940000	-0.564544	0.446425	0.256964	0.865174	-0.684947	-0.190636
1.960000	-0.521518	0.607550	0.255496	0.848554	-0.667939	-0.186107
1.980000	-0.468150	0.767147	0.249156	0.832174	-0.651581	-0.181236
2.000000	-0.404019	0.922521	0.237439	0.816244	-0.636156	-0.176101
2.020000	-0.328703	1.070981	0.219842	0.800973	-0.621947	-0.170779
2.040000	-0.241781	1.209834	0.195863	0.786569	-0.609234	-0.165349
2.060000	-0.142846	1.336404	0.165006	0.773241	-0.598300	-0.159889
2.080000	-0.032386	1.449076	0.127340	0.761119	-0.589275	-0.154451
2.100000	0.087654	1.547953	0.083843	0.750206	-0.582052	-0.149050
2.120000	0.215202	1.633294	0.035579	0.740492	-0.576501	-0.143695
2.140000	0.348181	1.705359	-0.016392	0.731970	-0.572492	-0.138396
2.160000	0.484518	1.764408	-0.071008	0.724632	-0.569895	-0.133162
2.180000	0.622136	1.810699	-0.127205	0.718468	-0.568582	-0.128005
2.200000	0.758962	1.844492	-0.183923	0.713471	-0.568421	-0.122933
2.220000	0.892920	1.866047	-0.240099	0.709632	-0.569283	-0.117956
2.240000	1.021936	1.875623	-0.294671	0.706943	-0.571039	-0.113085
2.260000	1.143934	1.873479	-0.346577	0.705394	-0.573558	-0.108329
2.280000	1.256841	1.859875	-0.394756	0.704979	-0.576711	-0.103699
2.300000	1.358581	1.835071	-0.438144	0.705687	-0.580368	-0.099203
2.320000	1.447079	1.799325	-0.475681	0.707512	-0.584400	-0.094852
2.340000	1.520260	1.752898	-0.506304	0.710443	-0.588676	-0.090656
2.360000	1.576051	1.696048	-0.528951	0.714474	-0.593067	-0.086625
2.380000	1.612375	1.629035	-0.542560	0.719596	-0.597443	-0.082768
2.400000	1.627907	1.552413	-0.546480	0.725769	-0.601701	-0.079099
2.420000	1.623794	1.467708	-0.541420	0.732854	-0.605824	-0.075642
2.440000	1.601697	1.376646	-0.528370	0.740692	-0.609815	-0.072424
2.460000	1.563275	1.280955	-0.508318	0.749122	-0.613676	-0.069472
2.480000	1.510186	1.182361	-0.482254	0.757984	-0.617409	-0.066811
2.500000	1.444092	1.082592	-0.451168	0.767117	-0.621016	-0.064469
2.520000	1.366651	0.983373	-0.416049	0.776363	-0.624499	-0.062473
2.540000	1.279523	0.886433	-0.377887	0.785560	-0.627860	-0.060849
2.560000	1.184368	0.793498	-0.337670	0.794548	-0.631101	-0.059624
2.580000	1.082845	0.706294	-0.296389	0.803168	-0.634224	-0.058823
2.600000	0.976613	0.626550	-0.255033	0.811259	-0.637232	-0.058475
2.620000	0.867332	0.555991	-0.214592	0.818661	-0.640126	-0.058606
2.640000	0.756662	0.496345	-0.176054	0.825214	-0.642908	-0.059242
2.660000	0.646262	0.449338	-0.140410	0.830758	-0.645580	-0.060411
2.680000	0.537793	0.416698	-0.108648	0.835132	-0.648145	-0.062137
2.700000	0.432898	0.400115	-0.081745	0.838180	-0.650605	-0.064448
2.720000	0.332635	0.399770	-0.060091	0.839859	-0.652957	-0.067319
2.740000	0.237279	0.413834	-0.043301	0.840280	-0.655193	-0.070658
2.760000	0.147049	0.440335	-0.030934	0.839563	-0.657307	-0.074369
2.780000	0.062163	0.477304	-0.022549	0.837831	-0.659289	-0.078356
2.800000	-0.017160	0.522770	-0.017705	0.835205	-0.661133	-0.082524
2.820000	-0.090699	0.574763	-0.015962	0.831806	-0.662830	-0.086775
2.840000	-0.158236	0.631313	-0.016880	0.827755	-0.664373	-0.091015
2.860000	-0.219552	0.690449	-0.020018	0.823175	-0.665752	-0.095148
2.880000	-0.274428	0.750202	-0.024934	0.818186	-0.666962	-0.099077
2.900000	-0.322644	0.808600	-0.031190	0.812909	-0.667993	-0.102706
2.920000	-0.363981	0.863674	-0.038343	0.807467	-0.668839	-0.105939
2.940000	-0.398220	0.913454	-0.045954	0.801980	-0.669490	-0.108681
2.960000	-0.425143	0.955968	-0.053581	0.796571	-0.669939	-0.110835
2.980000	-0.444529	0.989248	-0.060785	0.791359	-0.670179	-0.112305
3.000000	-0.456160	1.011321	-0.067124	0.786468	-0.670201	-0.112996
3.020000	-0.459887	1.020425	-0.072190	0.782010	-0.670000	-0.112823
3.040000	-0.456259	1.016802	-0.075892	0.778023	-0.669599	-0.111812
3.060000	-0.446216	1.001827	-0.078317	0.774505	-0.669036	-0.110053
3.080000	-0.430701	0.976888	-0.079552	0.771451	-0.668349	-0.107634
3.100000	-0.410660	0.943372	-0.079686	0.768856	-0.667578	-0.104647
3.120000	-0.387037	0.902667	-0.078808	0.766717	-0.666760	-0.101181
3.140000	-0.360777	0.856162	-0.077007	0.765028	-0.665933	-0.097325
3.160000	-0.332823	0.805243	-0.074370	0.763786	-0.665136	-0.093170
3.180000	-0.304121	0.751299	-0.070987	0.762987	-0.664407	-0.088806
3.200000	-0.275615	0.695718	-0.066947	0.762625	-0.663785	-0.084321
3.220000	-0.248249	0.639886	-0.062337	0.762697	-0.663309	-0.079806
3.240000	-0.222968	0.585193	-0.057246	0.763199	-0.663015	-0.075352
3.260000	-0.200717	0.533025	-0.051763	0.764126	-0.662944	-0.071047
