0.000000	-0.781192	0.539527	0.097879	0.845347	-0.606157	-0.060671
0.020000	-0.790522	0.483031	0.100009	0.840654	-0.603545	-0.062109
0.040000	-0.799272	0.418861	0.098156	0.835406	-0.600206	-0.063861
0.060000	-0.807781	0.347375	0.092522	0.829701	-0.596270	-0.065909
0.080000	-0.816385	0.268932	0.083307	0.823641	-0.591863	-0.068234
0.100000	-0.825422	0.183892	0.070713	0.817326	-0.587114	-0.070818
0.120000	-0.835231	0.092613	0.054941	0.810855	-0.582151	-0.073642
0.140000	-0.846149	-0.004544	0.036193	0.804330	-0.577101	-0.076687
0.160000	-0.858515	-0.107222	0.014670	0.797851	-0.572094	-0.079936
0.180000	-0.872665	-0.215061	-0.009427	0.791518	-0.567255	-0.083371
0.200000	-0.888939	-0.327701	-0.035896	0.785431	-0.562715	-0.086971
0.220000	-0.907674	-0.444783	-0.064537	0.779691	-0.558600	-0.090720
0.240000	-0.929207	-0.565950	-0.095147	0.774398	-0.555038	-0.094598
0.260000	-0.953877	-0.690840	-0.127525	0.769653	-0.552158	-0.098588
0.280000	-0.982021	-0.819095	-0.161470	0.765555	-0.550087	-0.102670
0.300000	-1.013978	-0.950357	-0.196781	0.762206	-0.548953	-0.106826
0.320000	-1.049993	-1.084155	-0.233223	0.759695	-0.548865	-0.111039
0.340000	-1.089481	-1.219041	-0.270262	0.758013	-0.549759	-0.115294
0.360000	-1.131422	-1.353045	-0.307207	0.757099	-0.551478	-0.119580
0.380000	-1.174790	-1.484195	-0.343363	0.756894	-0.553866	-0.123885
0.400000	-1.218561	-1.610518	-0.378038	0.757336	-0.556767	-0.128198
0.420000	-1.261709	-1.730043	-0.410539	0.758366	-0.560023	-0.132507
0.440000	-1.303209	-1.840796	-0.440173	0.759921	-0.563479	-0.136801
0.460000	-1.342036	-1.940805	-0.466247	0.761942	-0.566977	-0.141068
0.480000	-1.377166	-2.028098	-0.488067	0.764368	-0.570362	-0.145297
0.500000	-1.407572	-2.100701	-0.504940	0.767139	-0.573477	-0.149476
0.520000	-1.432230	-2.156642	-0.516173	0.770193	-0.576164	-0.153593
0.540000	-1.450116	-2.193949	-0.521074	0.773470	-0.578268	-0.157637
0.560000	-1.460203	-2.210648	-0.518948	0.776909	-0.579632	-0.161596
0.580000	-1.461467	-2.204769	-0.509104	0.780450	-0.580099	-0.165459
0.600000	-1.452882	-2.174337	-0.490846	0.784032	-0.579513	-0.169215
0.620000	-1.433425	-2.117380	-0.463484	0.787594	-0.577717	-0.172851
0.640000	-1.402498	-2.032938	-0.426750	0.791100	-0.574637	-0.176359
0.660000	-1.360904	-1.923345	-0.381771	0.794592	-0.570467	-0.179743
0.680000	-1.309733	-1.791612	-0.329956	0.798127	-0.565454	-0.183006
0.700000	-1.250072	-1.640747	-0.272716	0.801764	-0.559847	-0.186154
0.720000	-1.183009	-1.473759	-0.211462	0.805560	-0.553894	-0.189191
0.740000	-1.109633	-1.293656	-0.147603	0.809573	-0.547844	-0.192122
0.760000	-1.031033	-1.103448	-0.082549	0.813862	-0.541945	-0.194952
0.780000	-0.948296	-0.906142	-0.017710	0.818484	-0.536445	-0.197685
0.800000	-0.862511	-0.704748	0.045502	0.823497	-0.531593	-0.200327
0.820000	-0.774766	-0.502275	0.105679	0.828959	-0.527636	-0.202882
0.840000	-0.686149	-0.301731	0.161410	0.834927	-0.524823	-0.205355
0.860000	-0.597749	-0.106125	0.211285	0.841461	-0.523403	-0.207751
0.880000	-0.510655	0.081534	0.253893	0.848617	-0.523623	-0.210074
0.900000	-0.425953	0.258237	0.287825	0.856454	-0.525731	-0.212329
0.920000	-0.344733	0.420977	0.311671	0.865030	-0.529977	-0.214522
0.940000	-0.268074	0.566780	0.324049	0.874400	-0.536603	-0.216656
0.960000	-0.196687	0.694181	0.324739	0.884558	-0.545640	-0.218730
0.980000	-0.130799	0.803695	0.315054	0.895412	-0.556839	-0.220739
1.000000	-0.070604	0.895974	0.296410	0.906864	-0.569932	-0.222673
1.020000	-0.016295	0.971666	0.270222	0.918817	-0.584652	-0.224524
1.040000	0.031933	1.031425	0.237908	0.931173	-0.600730	-0.226285
1.060000	0.073887	1.075901	0.200882	0.943836	-0.617899	-0.227948
1.080000	0.109374	1.105744	0.160562	0.956708	-0.635891	-0.229504
1.100000	0.138199	1.121606	0.118363	0.969690	-0.654437	-0.230946
1.120000	0.160169	1.124138	0.075702	0.982687	-0.673270	-0.232266
1.140000	0.175089	1.113990	0.033994	0.995601	-0.692123	-0.233455
1.160000	0.182767	1.091813	-0.005344	1.008334	-0.710727	-0.234506
1.180000	0.183008	1.058259	-0.040896	1.020788	-0.728814	-0.235411
1.200000	0.175620	1.013978	-0.071245	1.032867	-0.746117	-0.236162
1.220000	0.160407	0.959622	-0.094977	1.044473	-0.762367	-0.236750
1.240000	0.137183	0.895845	-0.110686	1.055508	-0.777298	-0.237168
1.260000	0.106303	0.823678	-0.117863	1.065860	-0.790722	-0.237416
1.280000	0.069033	0.744780	-0.117511	1.075389	-0.802583	-0.237506
1.300000	0.026727	0.660870	-0.110780	1.083953	-0.812839	-0.237450
1.320000	-0.019258	0.573670	-0.098817	1.091409	-0.821448	-0.237263
1.340000	-0.067569	0.484899	-0.082772	1.097618	-0.828367	-0.236958
1.360000	-0.116851	0.396278	-0.063792	1.102435	-0.833554	-0.236547
1.380000	-0.165748	0.309527	-0.043027	1.105720	-0.836967	-0.236046
1.400000	-0.212908	0.226365	-0.021624	1.107331	-0.838562	-0.235466
1.420000	-0.256973	0.148513	-0.000733	1.107126	-0.838298	-0.234821
1.440000	-0.296591	0.077692	0.018498	1.104962	-0.836132	-0.234125
1.460000	-0.330406	0.015621	0.034920	1.100698	-0.832022	-0.233391
1.480000	-0.357063	-0.035979	0.047386	1.094193	-0.825925	-0.232632
1.500000	-0.375207	-0.075389	0.054745	1.085303	-0.817799	-0.231862
1.520000	-0.383485	-0.100888	0.055850	1.073888	-0.807601	-0.231094
1.540000	-0.380541	-0.110755	0.049552	1.059805	-0.795290	-0.230341
1.560000	-0.365020	-0.103271	0.034703	1.042913	-0.780822	-0.229617
1.580000	-0.335616	-0.076770	0.010200	1.023080	-0.764162	-0.228935
1.600000	-0.292332	-0.031034	-0.023802	1.000453	-0.745458	-0.228272
1.620000	-0.236596	0.032572	-0.065778	0.975485	-0.725056	-0.227574
1.640000	-0.169908	0.112605	-0.114136	0.948642	-0.703313	-0.226783
1.660000	-0.093768	0.207622	-0.167283	0.920392	-0.680586	-0.225840
1.680000	-0.009677	0.316179	-0.223624	0.891201	-0.657233	-0.224688
1.700000	0.080864	0.436832	-0.281568	0.861538	-0.633609	-0.223269
1.720000	0.176357	0.568138	-0.339521	0.831868	-0.610072	-0.221525
1.740000	0.275300	0.708654	-0.395889	0.802659	-0.586978	-0.219398
1.760000	0.376192	0.856936	-0.449080	0.774379	-0.564685	-0.216830
1.780000	0.477535	1.011540	-0.497500	0.747494	-0.543550	-0.213764
1.800000	0.577827	1.171024	-0.539556	0.722472	-0.523929	-0.210142
1.820000	0.675567	1.333944	-0.573656	0.699779	-0.506180	-0.205905
1.840000	0.769257	1.498855	-0.598205	0.679882	-0.490658	-0.200996
1.860000	0.857395	1.664315	-0.611611	0.663250	-0.477722	-0.195357
1.880000	0.938481	1.828881	-0.612280	0.650348	-0.467728	-0.188930
1.900000	1.011156	1.991106	-0.598889	0.641575	-0.460979	-0.181672
1.920000	1.075125	2.149530	-0.572144	0.636792	-0.457369	-0.173657
1.940000	1.130575	2.302685	-0.533678	0.635623	-0.456609	-0.165009
1.960000	1.177701	2.449103	-0.485129	0.637686	-0.458405	-0.155855
1.980000	1.216693	2.587316	-0.428135	0.642602	-0.462466	-0.146319
2.000000	1.247744	2.715856	-0.364334	0.649990	-0.468499	-0.136528
2.020000	1.271046	2.833255	-0.295363	0.659471	-0.476214	-0.126608
2.040000	1.286791	2.938046	-0.222861	0.670665	-0.485317	-0.116683
2.060000	1.295170	3.028760	-0.148466	0.683190	-0.495516	-0.106879
2.080000	1.296376	3.103929	-0.073814	0.696669	-0.506521	-0.097323
2.100000	1.290601	3.162086	-0.000545	0.710719	-0.518038	-0.088139
2.120000	1.278037	3.201762	0.069705	0.724962	-0.529775	-0.079454
2.140000	1.258876	3.221490	0.135297	0.739017	-0.541441	-0.071393
2.160000	1.233310	3.219802	0.194593	0.752504	-0.552744	-0.064082
2.180000	1.201531	3.195229	0.245956	0.765043	-0.563391	-0.057646
2.200000	1.163753	3.146533	0.287878	0.776281	-0.573110	-0.052199
2.220000	1.120427	3.074832	0.320199	0.786146	-0.581839	-0.047735
2.240000	1.072141	2.982632	0.343552	0.794730	-0.589635	-0.044178
2.260000	1.019485	2.872458	0.358578	0.802128	-0.596559	-0.041450
2.280000	0.963048	2.746832	0.365921	0.808434	-0.602671	-0.039472
2.300000	0.903420	2.608280	0.366223	0.813743	-0.608032	-0.038168
2.320000	0.841192	2.459326	0.360125	0.818150	-0.612701	-0.037459
2.340000	0.776953	2.302493	0.348272	0.821749	-0.616739	-0.037268
2.360000	0.711293	2.140306	0.331305	0.824635	-0.620206	-0.037517
2.380000	0.644803	1.975289	0.309867	0.826903	-0.623162	-0.038129
2.400000	0.578071	1.809965	0.284601	0.828647	-0.625669	-0.039026
2.420000	0.511689	1.646860	0.256148	0.829962	-0.627785	-0.040129
2.440000	0.446245	1.488496	0.225152	0.830942	-0.629572	-0.041361
2.460000	0.382330	1.337399	0.192254	0.831682	-0.631089	-0.042646
2.480000	0.320533	1.196091	0.158099	0.832277	-0.632397	-0.043904
2.500000	0.261445	1.067098	0.123327	0.832821	-0.633556	-0.045058
2.520000	0.205656	0.952944	0.088582	0.833409	-0.634626	-0.046030
2.540000	0.153675	0.855617	0.054483	0.834120	-0.635657	-0.046755
2.560000	0.105536	0.773906	0.021516	0.834936	-0.636637	-0.047232
2.580000	0.061095	0.705406	-0.009886	0.835805	-0.637528	-0.047487
2.600000	0.020206	0.647712	-0.039287	0.836674	-0.638294	-0.047545
2.620000	-0.017274	0.598419	-0.066253	0.837491	-0.638900	-0.047432
2.640000	-0.051491	0.555122	-0.090349	0.838203	-0.639308	-0.047173
2.660000	-0.082589	0.515415	-0.111142	0.838757	-0.639481	-0.046794
2.680000	-0.110712	0.476894	-0.128196	0.839100	-0.639385	-0.046321
2.700000	-0.136006	0.437152	-0.141076	0.839179	-0.638982	-0.045778
2.720000	-0.158615	0.393786	-0.149350	0.838943	-0.638235	-0.045192
2.740000	-0.178683	0.344388	-0.152581	0.838338	-0.637109	-0.044588
2.760000	-0.196355	0.286555	-0.150335	0.837312	-0.635567	-0.043991
2.780000	-0.211776	0.217881	-0.142178	0.835811	-0.633573	-0.043426
2.800000	-0.225091	0.135961	-0.127675	0.833783	-0.631089	-0.042921
2.820000	-0.236443	0.038389	-0.106393	0.831176	-0.628081	-0.042499
2.840000	-0.245979	-0.077234	-0.077897	0.827937	-0.624511	-0.042186
2.860000	-0.254102	-0.211830	-0.042204	0.824056	-0.620381	-0.041999
2.880000	-0.261799	-0.362967	-0.000351	0.819618	-0.615779	-0.041933
2.900000	-0.270141	-0.527742	0.046484	0.814724	-0.610806	-0.041983
2.920000	-0.280197	-0.703257	0.097123	0.809472	-0.605561	-0.042141
2.940000	-0.293036	-0.886611	0.150387	0.803961	-0.600145	-0.042400
2.960000	-0.309728	-1.074904	0.205099	0.798292	-0.594658	-0.042754
2.980000	-0.331342	-1.265236	0.260080	0.792563	-0.589199	-0.043195
3.000000	-0.358947	-1.454708	0.314152	0.786874	-0.583869	-0.043717
3.020000	-0.393614	-1.640418	0.366136	0.781325	-0.578767	-0.044314
