0.000000	-0.714947	1.656343	-0.168141	0.803773	-0.665293	-0.041275
0.020000	-0.678850	1.757663	-0.142454	0.803287	-0.665186	-0.040503
0.040000	-0.647043	1.844191	-0.117639	0.802735	-0.664162	-0.040263
0.060000	-0.621212	1.912143	-0.094512	0.802140	-0.662125	-0.040590
0.080000	-0.603044	1.957736	-0.073887	0.801527	-0.658981	-0.041519
0.100000	-0.594223	1.977185	-0.056579	0.800921	-0.654636	-0.043085
0.120000	-0.596436	1.966709	-0.043403	0.800346	-0.648994	-0.045326
0.140000	-0.611319	1.922637	-0.035154	0.799826	-0.641964	-0.048275
0.160000	-0.638992	1.844792	-0.032049	0.799353	-0.633580	-0.051924
0.180000	-0.677827	1.737028	-0.033635	0.798888	-0.624021	-0.056218
0.200000	-0.726097	1.603427	-0.039422	0.798384	-0.613471	-0.061098
0.220000	-0.782075	1.448070	-0.048918	0.797800	-0.602118	-0.066507
0.240000	-0.844032	1.275037	-0.061635	0.797092	-0.590147	-0.072385
0.260000	-0.910244	1.088409	-0.077080	0.796215	-0.577743	-0.078675
0.280000	-0.978982	0.892266	-0.094765	0.795126	-0.565094	-0.085318
0.300000	-1.048519	0.690690	-0.114197	0.793782	-0.552384	-0.092256
0.320000	-1.117129	0.487760	-0.134888	0.792138	-0.539800	-0.099430
0.340000	-1.183084	0.287558	-0.156347	0.790152	-0.527528	-0.106783
0.360000	-1.244658	0.094165	-0.178083	0.787779	-0.515753	-0.114255
0.380000	-1.300123	-0.088340	-0.199606	0.784976	-0.504662	-0.121788
0.400000	-1.347752	-0.255875	-0.220425	0.781699	-0.494440	-0.129325
0.420000	-1.385819	-0.404360	-0.240050	0.777904	-0.485273	-0.136807
0.440000	-1.412615	-0.529759	-0.257996	0.773550	-0.477347	-0.144175
0.460000	-1.427401	-0.630424	-0.274018	0.768657	-0.470760	-0.151388
0.480000	-1.430872	-0.708233	-0.288231	0.763338	-0.465492	-0.158432
0.500000	-1.423839	-0.765350	-0.300777	0.757714	-0.461508	-0.165290
0.520000	-1.407111	-0.803935	-0.311799	0.751907	-0.458776	-0.171949
0.540000	-1.381499	-0.826152	-0.321441	0.746038	-0.457263	-0.178396
0.560000	-1.347813	-0.834162	-0.329844	0.740228	-0.456936	-0.184614
0.580000	-1.306863	-0.830127	-0.337152	0.734598	-0.457763	-0.190592
0.600000	-1.259459	-0.816211	-0.343507	0.729269	-0.459710	-0.196314
0.620000	-1.206412	-0.794575	-0.349052	0.724362	-0.462745	-0.201766
0.640000	-1.148532	-0.767381	-0.353930	0.720000	-0.466836	-0.206934
0.660000	-1.086629	-0.736791	-0.358285	0.716302	-0.471948	-0.211804
0.680000	-1.021512	-0.704968	-0.362257	0.713390	-0.478050	-0.216361
0.700000	-0.953993	-0.674074	-0.365991	0.711384	-0.485108	-0.220592
0.720000	-0.884881	-0.646272	-0.369630	0.710408	-0.493091	-0.224482
0.740000	-0.814987	-0.623722	-0.373315	0.710580	-0.501964	-0.228018
0.760000	-0.745120	-0.608589	-0.377190	0.712023	-0.511695	-0.231184
0.780000	-0.676092	-0.603033	-0.381398	0.714858	-0.522252	-0.233967
0.800000	-0.608687	-0.608562	-0.386032	0.719181	-0.533598	-0.236360
0.820000	-0.543568	-0.623511	-0.390951	0.724971	-0.545683	-0.238390
0.840000	-0.481365	-0.645256	-0.395941	0.732171	-0.558452	-0.240095
0.860000	-0.422704	-0.671175	-0.400789	0.740724	-0.571850	-0.241511
0.880000	-0.368212	-0.698642	-0.405281	0.750571	-0.585822	-0.242678
0.900000	-0.318518	-0.725036	-0.409205	0.761657	-0.600314	-0.243632
0.920000	-0.274248	-0.747731	-0.412347	0.773923	-0.615270	-0.244411
0.940000	-0.236031	-0.764105	-0.414493	0.787313	-0.630635	-0.245053
0.960000	-0.204494	-0.771534	-0.415430	0.801769	-0.646355	-0.245596
0.980000	-0.180263	-0.767393	-0.414945	0.817235	-0.662374	-0.246076
1.000000	-0.163968	-0.749060	-0.412825	0.833652	-0.678637	-0.246532
1.020000	-0.156235	-0.713911	-0.408855	0.850964	-0.695091	-0.247002
1.040000	-0.157691	-0.659321	-0.402824	0.869113	-0.711679	-0.247522
1.060000	-0.168965	-0.582668	-0.394516	0.888043	-0.728346	-0.248132
1.080000	-0.190684	-0.481328	-0.383720	0.907695	-0.745039	-0.248867
1.100000	-0.223467	-0.352701	-0.370223	0.928013	-0.761701	-0.249766
1.120000	-0.267173	-0.196748	-0.354006	0.948848	-0.778227	-0.250833
1.140000	-0.320229	-0.018230	-0.335412	0.969890	-0.794422	-0.252013
1.160000	-0.380903	0.177564	-0.314823	0.990807	-0.810077	-0.253243
1.180000	-0.447467	0.385347	-0.292619	1.011269	-0.824986	-0.254459
1.200000	-0.518189	0.599830	-0.269183	1.030946	-0.838941	-0.255600
1.220000	-0.591340	0.815725	-0.244897	1.049506	-0.851736	-0.256602
1.240000	-0.665190	1.027743	-0.220141	1.066620	-0.863163	-0.257403
1.260000	-0.738007	1.230597	-0.195298	1.081956	-0.873016	-0.257940
1.280000	-0.808063	1.418997	-0.170750	1.095185	-0.881086	-0.258150
1.300000	-0.873626	1.587657	-0.146879	1.105975	-0.887168	-0.257970
1.320000	-0.932967	1.731286	-0.124065	1.113996	-0.891053	-0.257339
1.340000	-0.984356	1.844598	-0.102691	1.118918	-0.892536	-0.256192
1.360000	-1.026061	1.922303	-0.083138	1.120410	-0.891408	-0.254468
1.380000	-1.056354	1.959114	-0.065789	1.118141	-0.887463	-0.252104
1.400000	-1.073504	1.949742	-0.051025	1.111782	-0.880493	-0.249036
1.420000	-1.075875	1.889322	-0.039208	1.101029	-0.870313	-0.245209
1.440000	-1.063320	1.779580	-0.030415	1.086024	-0.857052	-0.240664
1.460000	-1.036864	1.627460	-0.024491	1.067262	-0.841096	-0.235523
1.480000	-0.997569	1.440048	-0.021277	1.045245	-0.822834	-0.229909
1.500000	-0.946491	1.224430	-0.020613	1.020475	-0.802656	-0.223943
1.520000	-0.884692	0.987693	-0.022339	0.993456	-0.780952	-0.217749
1.540000	-0.813231	0.736921	-0.026297	0.964691	-0.758113	-0.211450
1.560000	-0.733165	0.479202	-0.032326	0.934682	-0.734530	-0.205167
1.580000	-0.645556	0.221622	-0.040266	0.903932	-0.710592	-0.199025
1.600000	-0.551461	-0.028734	-0.049958	0.872945	-0.686689	-0.193146
1.620000	-0.451941	-0.264780	-0.061242	0.842222	-0.663213	-0.187652
1.640000	-0.348054	-0.479428	-0.073959	0.812268	-0.640552	-0.182666
1.660000	-0.240861	-0.665594	-0.087949	0.783584	-0.619098	-0.178312
1.680000	-0.131419	-0.816192	-0.103052	0.756674	-0.599241	-0.174711
1.700000	-0.020788	-0.924134	-0.119109	0.732041	-0.581370	-0.171987
1.720000	0.089971	-0.982335	-0.135960	0.710187	-0.565877	-0.170261
1.740000	0.199860	-0.985366	-0.153444	0.691529	-0.553075	-0.169622
1.760000	0.308179	-0.936331	-0.171398	0.676033	-0.542891	-0.169964
1.780000	0.414326	-0.841072	-0.189657	0.663522	-0.535123	-0.171125
1.800000	0.517699	-0.705433	-0.208056	0.653819	-0.529573	-0.172941
1.820000	0.617697	-0.535259	-0.226429	0.646748	-0.526041	-0.175248
1.840000	0.713718	-0.336393	-0.244612	0.642130	-0.524326	-0.177882
1.860000	0.805159	-0.114680	-0.262440	0.639790	-0.524228	-0.180679
1.880000	0.891420	0.124036	-0.279748	0.639551	-0.525549	-0.183476
1.900000	0.971899	0.373911	-0.296371	0.641234	-0.528087	-0.186109
1.920000	1.045993	0.629102	-0.312144	0.644663	-0.531644	-0.188414
1.940000	1.113101	0.883763	-0.326902	0.649661	-0.536019	-0.190227
1.960000	1.172621	1.132052	-0.340479	0.656052	-0.541012	-0.191385
1.980000	1.223952	1.368123	-0.352712	0.663657	-0.546423	-0.191724
2.000000	1.266491	1.586132	-0.363434	0.672300	-0.552053	-0.191080
2.020000	1.299637	1.780237	-0.372482	0.681804	-0.557702	-0.189289
2.040000	1.322788	1.944592	-0.379689	0.691991	-0.563170	-0.186187
2.060000	1.335403	2.073769	-0.384906	0.702690	-0.568268	-0.181629
2.080000	1.337670	2.167252	-0.388149	0.713768	-0.572941	-0.175666
2.100000	1.330252	2.227734	-0.389543	0.725126	-0.577220	-0.168485
2.120000	1.313817	2.257961	-0.389219	0.736662	-0.581139	-0.160273
2.140000	1.289036	2.260681	-0.387303	0.748275	-0.584730	-0.151216
2.160000	1.256580	2.238642	-0.383923	0.759865	-0.588026	-0.141502
2.180000	1.217119	2.194590	-0.379208	0.771329	-0.591060	-0.131318
2.200000	1.171323	2.131273	-0.373287	0.782568	-0.593866	-0.120851
2.220000	1.119861	2.051437	-0.366286	0.793480	-0.596476	-0.110288
2.240000	1.063405	1.957832	-0.358334	0.803965	-0.598923	-0.099816
2.260000	1.002625	1.853203	-0.349560	0.813921	-0.601240	-0.089622
2.280000	0.938190	1.740297	-0.340092	0.823247	-0.603461	-0.079894
2.300000	0.870771	1.621863	-0.330057	0.831842	-0.605618	-0.070818
2.320000	0.801039	1.500648	-0.319584	0.839606	-0.607744	-0.062582
2.340000	0.729662	1.379398	-0.308800	0.846438	-0.609872	-0.055372
2.360000	0.657313	1.260861	-0.297835	0.852235	-0.612036	-0.049377
2.380000	0.584540	1.147362	-0.286813	0.856926	-0.614257	-0.044733
2.400000	0.511400	1.039474	-0.275851	0.860549	-0.616514	-0.041378
2.420000	0.437818	0.937320	-0.265059	0.863174	-0.618775	-0.039193
2.440000	0.363722	0.841022	-0.254552	0.864869	-0.621006	-0.038065
2.460000	0.289040	0.750699	-0.244440	0.865704	-0.623175	-0.037874
2.480000	0.213696	0.666476	-0.234838	0.865747	-0.625248	-0.038507
2.500000	0.137620	0.588472	-0.225857	0.865068	-0.627194	-0.039845
2.520000	0.060737	0.516811	-0.217610	0.863735	-0.628978	-0.041773
2.540000	-0.017026	0.451612	-0.210209	0.861817	-0.630569	-0.044174
2.560000	-0.095742	0.392999	-0.203767	0.859384	-0.631934	-0.046931
2.580000	-0.175483	0.341093	-0.198396	0.856504	-0.633039	-0.049929
2.600000	-0.256323	0.296015	-0.194209	0.853246	-0.633852	-0.053051
2.620000	-0.338336	0.257887	-0.191319	0.849680	-0.634340	-0.056181
2.640000	-0.421594	0.226831	-0.189837	0.845874	-0.634470	-0.059201
2.660000	-0.506170	0.202968	-0.189877	0.841897	-0.634210	-0.061997
2.680000	-0.592133	0.186416	-0.191548	0.837819	-0.633526	-0.064451
2.700000	-0.679244	0.176990	-0.194819	0.833705	-0.632426	-0.066497
2.720000	-0.766765	0.174013	-0.199424	0.829619	-0.630978	-0.068149
2.740000	-0.853911	0.176763	-0.205078	0.825621	-0.629256	-0.069425
2.760000	-0.939898	0.184517	-0.211494	0.821775	-0.627335	-0.070346
2.780000	-1.023941	0.196555	-0.218386	0.818142	-0.625289	-0.070931
2.800000	-1.105256	0.212153	-0.225468	0.814785	-0.623192	-0.071200
2.820000	-1.183058	0.230591	-0.232453	0.811765	-0.621120	-0.071175
2.840000	-1.256564	0.251146	-0.239057	0.809145	-0.619147	-0.070873
2.860000	-1.324987	0.273096	-0.244991	0.806986	-0.617346	-0.070315
2.880000	-1.387544	0.295719	-0.249971	0.805351	-0.615792	-0.069522
2.900000	-1.443451	0.318294	-0.253711	0.804302	-0.614561	-0.068513
2.920000	-1.491923	0.340097	-0.255923	0.803900	-0.613726	-0.067307
2.940000	-1.532175	0.360408	-0.256322	0.804208	-0.613361	-0.065925
2.960000	-1.563422	0.378505	-0.254622	0.805289	-0.613541	-0.064388
2.980000	-1.584882	0.393664	-0.250536	0.807203	-0.614341	-0.062713
3.000000	-1.595768	0.405166	-0.243779	0.810013	-0.615835	-0.060923
3.020000	-1.595697	0.412320	-0.234183	0.813725	-0.618048	-0.059045
3.040000	-1.585616	0.414554	-0.221974	0.818153	-0.620841	-0.057142
3.060000	-1.566751	0.411317	-0.207460	0.823074	-0.624041	-0.055281
3.080000	-1.540327	0.402059	-0.190951	0.828263	-0.627473	-0.053530
3.100000	-1.507569	0.386229	-0.172755	0.833497	-0.630965	-0.051957
3.120000	-1.469702	0.363276	-0.153181	0.838551	-0.634342	-0.050631
3.140000	-1.427951	0.332650	-0.132536	0.843201	-0.637433	-0.049618
