0.000000	-0.393614	-1.640418	0.366136	0.781325	-0.578767	-0.044314
0.020000	-0.436411	-1.819468	0.414855	0.776014	-0.573995	-0.044978
0.040000	-0.488408	-1.988956	0.459131	0.771040	-0.569652	-0.045702
0.060000	-0.550674	-2.145984	0.497784	0.766504	-0.565837	-0.046480
0.080000	-0.624279	-2.287650	0.529637	0.762505	-0.562652	-0.047304
0.100000	-0.710293	-2.411055	0.553512	0.759141	-0.560196	-0.048169
0.120000	-0.809784	-2.513299	0.568230	0.756513	-0.558569	-0.049067
0.140000	-0.923822	-2.591481	0.572613	0.754719	-0.557872	-0.049992
0.160000	-1.052859	-2.643352	0.565805	0.753837	-0.558175	-0.050942
0.180000	-1.194371	-2.669784	0.548498	0.753831	-0.559417	-0.051953
0.200000	-1.344943	-2.672589	0.521850	0.754637	-0.561493	-0.053065
0.220000	-1.501161	-2.653576	0.487018	0.756187	-0.564299	-0.054322
0.240000	-1.659608	-2.614558	0.445158	0.758413	-0.567731	-0.055766
0.260000	-1.816869	-2.557346	0.397428	0.761251	-0.571685	-0.057440
0.280000	-1.969529	-2.483749	0.344985	0.764632	-0.576057	-0.059387
0.300000	-2.114173	-2.395579	0.288987	0.768490	-0.580743	-0.061649
0.320000	-2.247385	-2.294648	0.230591	0.772758	-0.585640	-0.064270
0.340000	-2.365750	-2.182766	0.170953	0.777370	-0.590643	-0.067291
0.360000	-2.465853	-2.061743	0.111232	0.782258	-0.595649	-0.070756
0.380000	-2.544277	-1.933392	0.052583	0.787357	-0.600552	-0.074707
0.400000	-2.597609	-1.799523	-0.003835	0.792599	-0.605250	-0.079187
0.420000	-2.622432	-1.661946	-0.056865	0.797918	-0.609639	-0.084238
0.440000	-2.615331	-1.522474	-0.105351	0.803246	-0.613614	-0.089904
0.460000	-2.572916	-1.382913	-0.148139	0.808518	-0.617073	-0.096226
0.480000	-2.494514	-1.244685	-0.184630	0.813692	-0.619973	-0.103197
0.500000	-2.384506	-1.108496	-0.215248	0.818771	-0.622392	-0.110716
0.520000	-2.247826	-0.974971	-0.240530	0.823763	-0.624417	-0.118675
0.540000	-2.089408	-0.844738	-0.261012	0.828679	-0.626137	-0.126961
0.560000	-1.914184	-0.718424	-0.277231	0.833527	-0.627640	-0.135465
0.580000	-1.727090	-0.596654	-0.289725	0.838316	-0.629015	-0.144077
0.600000	-1.533059	-0.480057	-0.299030	0.843055	-0.630350	-0.152686
0.620000	-1.337025	-0.369257	-0.305683	0.847752	-0.631734	-0.161182
0.640000	-1.143921	-0.264882	-0.310220	0.852416	-0.633254	-0.169454
0.660000	-0.958681	-0.167559	-0.313179	0.857057	-0.634999	-0.177393
0.680000	-0.786238	-0.077914	-0.315096	0.861683	-0.637058	-0.184888
0.700000	-0.631528	0.003425	-0.316507	0.866303	-0.639519	-0.191829
0.720000	-0.499483	0.075834	-0.317951	0.870926	-0.642471	-0.198105
0.740000	-0.395037	0.138684	-0.319964	0.875561	-0.646001	-0.203606
0.760000	-0.322537	0.191417	-0.323022	0.880219	-0.650188	-0.208237
0.780000	-0.281281	0.234057	-0.327083	0.884937	-0.655017	-0.212018
0.800000	-0.267983	0.266929	-0.331844	0.889765	-0.660430	-0.215035
0.820000	-0.279338	0.290358	-0.336994	0.894750	-0.666364	-0.217372
0.840000	-0.312039	0.304669	-0.342227	0.899943	-0.672759	-0.219114
0.860000	-0.362782	0.310188	-0.347234	0.905393	-0.679554	-0.220343
0.880000	-0.428261	0.307241	-0.351708	0.911148	-0.686689	-0.221146
0.900000	-0.505171	0.296153	-0.355339	0.917259	-0.694103	-0.221606
0.920000	-0.590205	0.277250	-0.357821	0.923773	-0.701734	-0.221808
0.940000	-0.680059	0.250859	-0.358846	0.930741	-0.709523	-0.221836
0.960000	-0.771427	0.217303	-0.358105	0.938211	-0.717408	-0.221775
0.980000	-0.861003	0.176910	-0.355290	0.946233	-0.725329	-0.221708
1.000000	-0.945482	0.130004	-0.350094	0.954855	-0.733225	-0.221720
1.020000	-1.021558	0.076912	-0.342208	0.964128	-0.741035	-0.221896
1.040000	-1.085926	0.017959	-0.331324	0.974100	-0.748699	-0.222320
1.060000	-1.135280	-0.046529	-0.317135	0.984820	-0.756155	-0.223076
1.080000	-1.166315	-0.116227	-0.299333	0.996337	-0.763343	-0.224248
1.100000	-1.176422	-0.190663	-0.277744	1.008651	-0.770192	-0.225903
1.120000	-1.166559	-0.268629	-0.252895	1.021499	-0.776578	-0.228005
1.140000	-1.138821	-0.348677	-0.225530	1.034538	-0.782362	-0.230488
1.160000	-1.095302	-0.429361	-0.196396	1.047424	-0.787402	-0.233286
1.180000	-1.038097	-0.509234	-0.166239	1.059813	-0.791560	-0.236334
1.200000	-0.969302	-0.586850	-0.135804	1.071361	-0.794695	-0.239565
1.220000	-0.891013	-0.660762	-0.105839	1.081724	-0.796666	-0.242914
1.240000	-0.805323	-0.729524	-0.077089	1.090558	-0.797334	-0.246314
1.260000	-0.714328	-0.791689	-0.050300	1.097518	-0.796558	-0.249700
1.280000	-0.620124	-0.845810	-0.026218	1.102262	-0.794198	-0.253006
1.300000	-0.524805	-0.890442	-0.005590	1.104446	-0.790115	-0.256165
1.320000	-0.430466	-0.924137	0.010839	1.103724	-0.784168	-0.259112
1.340000	-0.339203	-0.945450	0.022322	1.099753	-0.776216	-0.261781
1.360000	-0.253111	-0.952933	0.028113	1.092190	-0.766120	-0.264105
1.380000	-0.174284	-0.945140	0.027466	1.080690	-0.753740	-0.266020
1.400000	-0.104819	-0.920624	0.019635	1.064909	-0.738935	-0.267458
1.420000	-0.046636	-0.878097	0.003965	1.044553	-0.721592	-0.268358
1.440000	0.000377	-0.818104	-0.019143	1.019900	-0.701917	-0.268703
1.460000	0.037652	-0.742386	-0.048601	0.991602	-0.680319	-0.268506
1.480000	0.066644	-0.652702	-0.083307	0.960317	-0.657215	-0.267780
1.500000	0.088807	-0.550812	-0.122161	0.926704	-0.633018	-0.266539
1.520000	0.105596	-0.438477	-0.164063	0.891420	-0.608144	-0.264797
1.540000	0.118467	-0.317455	-0.207912	0.855123	-0.583006	-0.262566
1.560000	0.128873	-0.189507	-0.252609	0.818472	-0.558020	-0.259859
1.580000	0.138269	-0.056392	-0.297052	0.782124	-0.533599	-0.256691
1.600000	0.148110	0.080129	-0.340142	0.746738	-0.510160	-0.253075
1.620000	0.159852	0.218297	-0.380778	0.712971	-0.488116	-0.249024
1.640000	0.174948	0.356352	-0.417859	0.681482	-0.467881	-0.244552
1.660000	0.194853	0.492534	-0.450285	0.652929	-0.449871	-0.239671
1.680000	0.221022	0.625084	-0.476956	0.627969	-0.434501	-0.234395
1.700000	0.254910	0.752241	-0.496772	0.607262	-0.422184	-0.228738
1.720000	0.297971	0.872245	-0.508631	0.591464	-0.413336	-0.222713
1.740000	0.351621	0.983358	-0.511463	0.581220	-0.408361	-0.216334
1.760000	0.415849	1.084554	-0.505218	0.576668	-0.407328	-0.209631
1.780000	0.488837	1.175715	-0.491144	0.577308	-0.409876	-0.202657
1.800000	0.568655	1.256782	-0.470572	0.582595	-0.415619	-0.195463
1.820000	0.653370	1.327694	-0.444831	0.591989	-0.424168	-0.188103
1.840000	0.741050	1.388390	-0.415252	0.604947	-0.435137	-0.180631
1.860000	0.829764	1.438811	-0.383165	0.620926	-0.448139	-0.173099
1.880000	0.917579	1.478896	-0.349901	0.639385	-0.462786	-0.165560
1.900000	1.002564	1.508585	-0.316789	0.659779	-0.478692	-0.158067
1.920000	1.082787	1.527819	-0.285159	0.681569	-0.495469	-0.150673
1.940000	1.156316	1.536535	-0.256343	0.704210	-0.512730	-0.143432
1.960000	1.221219	1.534676	-0.231670	0.727160	-0.530087	-0.136396
1.980000	1.275565	1.522179	-0.212470	0.749878	-0.547154	-0.129618
2.000000	1.317421	1.498985	-0.200074	0.771821	-0.563543	-0.123152
2.020000	1.344856	1.465034	-0.195811	0.792446	-0.578867	-0.117050
2.040000	1.355937	1.420266	-0.201013	0.811212	-0.592740	-0.111365
2.060000	1.348736	1.364621	-0.217007	0.827575	-0.604773	-0.106151
2.080000	1.322324	1.298455	-0.244110	0.841187	-0.614725	-0.101438
2.100000	1.278301	1.223170	-0.280090	0.852179	-0.622718	-0.097203
2.120000	1.218658	1.140332	-0.322320	0.860761	-0.628928	-0.093412
2.140000	1.145389	1.051506	-0.368173	0.867141	-0.633535	-0.090034
2.160000	1.060484	0.958258	-0.415019	0.871527	-0.636717	-0.087035
2.180000	0.965936	0.862152	-0.460231	0.874128	-0.638651	-0.084383
2.200000	0.863736	0.764754	-0.501182	0.875151	-0.639516	-0.082045
2.220000	0.755877	0.667628	-0.535244	0.874805	-0.639491	-0.079989
2.240000	0.644351	0.572341	-0.559788	0.873298	-0.638752	-0.078181
2.260000	0.531150	0.480457	-0.572188	0.870840	-0.637479	-0.076590
2.280000	0.418264	0.393542	-0.569815	0.867637	-0.635849	-0.075183
2.300000	0.307688	0.313160	-0.550041	0.863899	-0.634041	-0.073927
2.320000	0.201412	0.240878	-0.510239	0.859833	-0.632233	-0.072789
2.340000	0.101428	0.178260	-0.447781	0.855649	-0.630602	-0.071737
2.360000	0.009729	0.126872	-0.360039	0.851553	-0.629328	-0.070738
2.380000	-0.072220	0.087679	-0.245743	0.847711	-0.628540	-0.069767
2.400000	-0.144691	0.059665	-0.108114	0.844142	-0.628211	-0.068824
2.420000	-0.208316	0.041407	0.048699	0.840832	-0.628281	-0.067914
2.440000	-0.263726	0.031478	0.220547	0.837770	-0.628691	-0.067041
2.460000	-0.311555	0.028453	0.403282	0.834945	-0.629380	-0.066211
2.480000	-0.352432	0.030908	0.592755	0.832344	-0.630289	-0.065428
2.500000	-0.386991	0.037418	0.784818	0.829957	-0.631357	-0.064697
2.520000	-0.415863	0.046556	0.975322	0.827770	-0.632525	-0.064023
2.540000	-0.439681	0.056899	1.160118	0.825773	-0.633733	-0.063411
2.560000	-0.459075	0.067020	1.335058	0.823953	-0.634920	-0.062867
2.580000	-0.474677	0.075496	1.495992	0.822298	-0.636028	-0.062394
2.600000	-0.487121	0.080901	1.638773	0.820798	-0.636995	-0.061997
2.620000	-0.497036	0.081809	1.759251	0.819439	-0.637763	-0.061682
2.640000	-0.505056	0.076796	1.853278	0.818211	-0.638271	-0.061454
2.660000	-0.511813	0.064437	1.916706	0.817101	-0.638459	-0.061317
2.680000	-0.517937	0.043306	1.945385	0.816098	-0.638268	-0.061276
2.700000	-0.524021	0.012214	1.935922	0.815190	-0.637645	-0.061338
2.720000	-0.530372	-0.028345	1.890336	0.814374	-0.636591	-0.061520
2.740000	-0.537173	-0.077139	1.813005	0.813649	-0.635130	-0.061845
2.760000	-0.544606	-0.132934	1.708321	0.813012	-0.633288	-0.062337
2.780000	-0.552854	-0.194498	1.580673	0.812463	-0.631089	-0.063018
2.800000	-0.562097	-0.260595	1.434451	0.812000	-0.628558	-0.063911
2.820000	-0.572520	-0.329992	1.274044	0.811622	-0.625719	-0.065038
2.840000	-0.584303	-0.401456	1.103844	0.811328	-0.622598	-0.066423
2.860000	-0.597629	-0.473752	0.928240	0.811117	-0.619218	-0.068088
2.880000	-0.612680	-0.545647	0.751621	0.810987	-0.615604	-0.070056
2.900000	-0.629638	-0.615906	0.578378	0.810937	-0.611781	-0.072350
2.920000	-0.648686	-0.683297	0.412901	0.810966	-0.607775	-0.074993
2.940000	-0.670006	-0.746584	0.259580	0.811072	-0.603608	-0.078008
2.960000	-0.693779	-0.804535	0.122804	0.811254	-0.599307	-0.081417
2.980000	-0.720189	-0.855915	0.006963	0.811511	-0.594896	-0.085243
3.000000	-0.749416	-0.899491	-0.083552	0.811842	-0.590399	-0.089509
