0.000000	-0.276518	-0.216866	-0.064525	0.785637	-0.639569	-0.003346
0.020000	-0.298139	-0.240863	-0.074801	0.785072	-0.641181	-0.001869
0.040000	-0.321695	-0.261140	-0.083573	0.784616	-0.642815	-0.000598
0.060000	-0.347054	-0.278547	-0.090787	0.784297	-0.644436	0.000440
0.080000	-0.374086	-0.293932	-0.096389	0.784145	-0.646005	0.001222
0.100000	-0.402663	-0.308145	-0.100326	0.784190	-0.647486	0.001723
0.120000	-0.432653	-0.322033	-0.102543	0.784462	-0.648842	0.001919
0.140000	-0.463926	-0.336447	-0.102988	0.784990	-0.650035	0.001784
0.160000	-0.496353	-0.352235	-0.101606	0.785804	-0.651030	0.001294
0.180000	-0.529803	-0.370245	-0.098343	0.786934	-0.651788	0.000423
0.200000	-0.564146	-0.391327	-0.093146	0.788409	-0.652272	-0.000851
0.220000	-0.599252	-0.416206	-0.086008	0.790248	-0.652450	-0.002552
0.240000	-0.634984	-0.444564	-0.077305	0.792383	-0.652321	-0.004672
0.260000	-0.671203	-0.475560	-0.067612	0.794699	-0.651901	-0.007190
0.280000	-0.707771	-0.508349	-0.057502	0.797083	-0.651205	-0.010086
0.300000	-0.744548	-0.542088	-0.047548	0.799420	-0.650250	-0.013339
0.320000	-0.781396	-0.575930	-0.038326	0.801596	-0.649050	-0.016928
0.340000	-0.818174	-0.609032	-0.030408	0.803499	-0.647623	-0.020831
0.360000	-0.854745	-0.640549	-0.024368	0.805013	-0.645983	-0.025028
0.380000	-0.890969	-0.669636	-0.020781	0.806024	-0.644147	-0.029498
0.400000	-0.926707	-0.695448	-0.020220	0.806419	-0.642131	-0.034220
0.420000	-0.961821	-0.717141	-0.023260	0.806084	-0.639950	-0.039173
0.440000	-0.996171	-0.733870	-0.030473	0.804905	-0.637619	-0.044337
0.460000	-1.029618	-0.744791	-0.042435	0.802767	-0.635156	-0.049690
0.480000	-1.062023	-0.749058	-0.059719	0.799557	-0.632576	-0.055211
0.500000	-1.093247	-0.745827	-0.082899	0.795161	-0.629894	-0.060880
0.520000	-1.123152	-0.734253	-0.112548	0.789464	-0.627127	-0.066675
0.540000	-1.151590	-0.713531	-0.149197	0.782362	-0.624290	-0.072575
0.560000	-1.178255	-0.683727	-0.192393	0.773932	-0.621402	-0.078544
0.580000	-1.202681	-0.645765	-0.240716	0.764435	-0.618481	-0.084531
0.600000	-1.224395	-0.600608	-0.292702	0.754139	-0.615547	-0.090486
0.620000	-1.242925	-0.549217	-0.346890	0.743311	-0.612621	-0.096355
0.640000	-1.257798	-0.492553	-0.401819	0.732220	-0.609722	-0.102090
0.660000	-1.268541	-0.431580	-0.456025	0.721134	-0.606870	-0.107637
0.680000	-1.274681	-0.367257	-0.508047	0.710320	-0.604083	-0.112946
0.700000	-1.275747	-0.300546	-0.556423	0.700046	-0.601383	-0.117966
0.720000	-1.271265	-0.232410	-0.599690	0.690581	-0.598789	-0.122645
0.740000	-1.260763	-0.163809	-0.636388	0.682192	-0.596320	-0.126933
0.760000	-1.243768	-0.095706	-0.665053	0.675147	-0.593997	-0.130777
0.780000	-1.219808	-0.029062	-0.684224	0.669714	-0.591838	-0.134127
0.800000	-1.188410	0.035161	-0.692438	0.666161	-0.589864	-0.136932
0.820000	-1.149101	0.096002	-0.688234	0.664755	-0.588094	-0.139139
0.840000	-1.101428	0.152512	-0.670188	0.665760	-0.586549	-0.140700
0.860000	-1.045653	0.204190	-0.638259	0.669228	-0.585264	-0.141614
0.880000	-0.982934	0.251100	-0.594142	0.674947	-0.584291	-0.141947
0.900000	-0.914485	0.293341	-0.539645	0.682690	-0.583688	-0.141764
0.920000	-0.841522	0.331014	-0.476574	0.692231	-0.583508	-0.141136
0.940000	-0.765260	0.364218	-0.406735	0.703340	-0.583807	-0.140128
0.960000	-0.686914	0.393051	-0.331935	0.715792	-0.584640	-0.138810
0.980000	-0.607698	0.417615	-0.253980	0.729359	-0.586061	-0.137248
1.000000	-0.528829	0.438008	-0.174677	0.743812	-0.588127	-0.135512
1.020000	-0.451520	0.454330	-0.095832	0.758926	-0.590892	-0.133668
1.040000	-0.376988	0.466681	-0.019252	0.774471	-0.594412	-0.131784
1.060000	-0.306447	0.475160	0.053257	0.790221	-0.598740	-0.129930
1.080000	-0.241112	0.479867	0.119888	0.805949	-0.603933	-0.128171
1.100000	-0.182199	0.480901	0.178836	0.821426	-0.610046	-0.126577
1.120000	-0.130922	0.478361	0.228292	0.836426	-0.617133	-0.125214
1.140000	-0.088496	0.472348	0.266452	0.850721	-0.625250	-0.124152
1.160000	-0.056137	0.462962	0.291508	0.864084	-0.634452	-0.123457
1.180000	-0.034993	0.450296	0.301770	0.876297	-0.644788	-0.123195
1.200000	-0.025125	0.434379	0.297434	0.887328	-0.656210	-0.123374
1.220000	-0.025709	0.415183	0.280236	0.897289	-0.668591	-0.123957
1.240000	-0.035895	0.392678	0.251956	0.906299	-0.681802	-0.124907
1.260000	-0.054831	0.366834	0.214374	0.914475	-0.695713	-0.126186
1.280000	-0.081668	0.337621	0.169270	0.921937	-0.710194	-0.127756
1.300000	-0.115556	0.305010	0.118425	0.928801	-0.725117	-0.129579
1.320000	-0.155643	0.268970	0.063619	0.935187	-0.740351	-0.131618
1.340000	-0.201080	0.229472	0.006632	0.941212	-0.755768	-0.133834
1.360000	-0.251016	0.186487	-0.050757	0.946995	-0.771239	-0.136190
1.380000	-0.304601	0.139985	-0.106765	0.952653	-0.786633	-0.138648
1.400000	-0.360984	0.089935	-0.159614	0.958304	-0.801821	-0.141171
1.420000	-0.419314	0.036308	-0.207524	0.964068	-0.816674	-0.143719
1.440000	-0.478742	-0.020926	-0.248713	0.970061	-0.831062	-0.146256
1.460000	-0.538417	-0.081796	-0.281402	0.976402	-0.844857	-0.148744
1.480000	-0.597489	-0.146332	-0.303810	0.983210	-0.857928	-0.151144
1.500000	-0.655126	-0.214404	-0.314544	0.990555	-0.870146	-0.153426
1.520000	-0.710594	-0.285026	-0.314271	0.998264	-0.881376	-0.155589
1.540000	-0.763193	-0.356926	-0.304338	1.006080	-0.891484	-0.157643
1.560000	-0.812223	-0.428836	-0.286098	1.013748	-0.900333	-0.159600
1.580000	-0.856983	-0.499484	-0.260900	1.021010	-0.907788	-0.161470
1.600000	-0.896772	-0.567601	-0.230095	1.027610	-0.913715	-0.163264
1.620000	-0.930891	-0.631915	-0.195033	1.033293	-0.917977	-0.164992
1.640000	-0.958638	-0.691158	-0.157063	1.037802	-0.920439	-0.166665
1.660000	-0.979314	-0.744058	-0.117537	1.040880	-0.920967	-0.168294
1.680000	-0.992217	-0.789346	-0.077805	1.042272	-0.919424	-0.169890
1.700000	-0.996647	-0.825750	-0.039216	1.041721	-0.915676	-0.171463
1.720000	-0.991905	-0.852002	-0.003122	1.038971	-0.909587	-0.173023
1.740000	-0.977289	-0.866829	0.029128	1.033765	-0.901021	-0.174582
1.760000	-0.952098	-0.868963	0.056182	1.025847	-0.889843	-0.176150
1.780000	-0.915634	-0.857133	0.076692	1.014961	-0.875919	-0.177739
1.800000	-0.867194	-0.830068	0.089307	1.000851	-0.859112	-0.179357
1.820000	-0.806167	-0.786644	0.092783	0.983296	-0.839316	-0.181013
1.840000	-0.733044	-0.727534	0.087203	0.962514	-0.816776	-0.182655
1.860000	-0.649050	-0.654617	0.073538	0.939018	-0.791976	-0.184198
1.880000	-0.555431	-0.569798	0.052776	0.913326	-0.765401	-0.185552
1.900000	-0.453426	-0.474981	0.025907	0.885957	-0.737540	-0.186631
1.920000	-0.344280	-0.372068	-0.006080	0.857429	-0.708880	-0.187347
1.940000	-0.229234	-0.262963	-0.042197	0.828261	-0.679907	-0.187612
1.960000	-0.109530	-0.149570	-0.081454	0.798972	-0.651109	-0.187338
1.980000	0.013588	-0.033792	-0.122864	0.770080	-0.622972	-0.186437
2.000000	0.138879	0.082467	-0.165438	0.742103	-0.595985	-0.184822
2.020000	0.265101	0.197303	-0.208186	0.715560	-0.570633	-0.182404
2.040000	0.391010	0.308814	-0.250119	0.690970	-0.547405	-0.179097
2.060000	0.515364	0.415095	-0.290250	0.668851	-0.526787	-0.174811
2.080000	0.636922	0.514243	-0.327589	0.649721	-0.509267	-0.169461
2.100000	0.754440	0.604355	-0.361147	0.634100	-0.495331	-0.162956
2.120000	0.866677	0.683526	-0.389937	0.622505	-0.485466	-0.155211
2.140000	0.972397	0.749886	-0.412983	0.615445	-0.480150	-0.146140
2.160000	1.070675	0.802840	-0.429928	0.613017	-0.479455	-0.135781
2.180000	1.160990	0.843464	-0.441215	0.614783	-0.482920	-0.124334
2.200000	1.242845	0.872947	-0.447345	0.620266	-0.490050	-0.112008
2.220000	1.315747	0.892480	-0.448817	0.628990	-0.500351	-0.099015
2.240000	1.379202	0.903252	-0.446129	0.640480	-0.513327	-0.085563
2.260000	1.432714	0.906452	-0.439782	0.654259	-0.528483	-0.071864
2.280000	1.475790	0.903270	-0.430274	0.669852	-0.545323	-0.058128
2.300000	1.507935	0.894896	-0.418105	0.686782	-0.563353	-0.044563
2.320000	1.528654	0.882520	-0.403774	0.704574	-0.582076	-0.031382
2.340000	1.537453	0.867331	-0.387781	0.722752	-0.600998	-0.018793
2.360000	1.533838	0.850518	-0.370624	0.740840	-0.619624	-0.007007
2.380000	1.517313	0.833272	-0.352804	0.758362	-0.637458	0.003765
2.400000	1.487384	0.816783	-0.334819	0.774842	-0.654006	0.013315
2.420000	1.443558	0.802238	-0.317168	0.789805	-0.668771	0.021431
2.440000	1.385348	0.790821	-0.300349	0.802777	-0.681262	0.027905
2.460000	1.312982	0.783117	-0.284661	0.813512	-0.691233	0.032652
2.480000	1.227883	0.778712	-0.270069	0.822145	-0.698853	0.035791
2.500000	1.131588	0.777096	-0.256510	0.828848	-0.704330	0.037462
2.520000	1.025632	0.777759	-0.243919	0.833792	-0.707872	0.037806
2.540000	0.911553	0.780192	-0.232230	0.837147	-0.709687	0.036962
2.560000	0.790888	0.783884	-0.221380	0.839086	-0.709983	0.035070
2.580000	0.665172	0.788327	-0.211304	0.839780	-0.708967	0.032269
2.600000	0.535943	0.793009	-0.201936	0.839399	-0.706848	0.028701
2.620000	0.404737	0.797422	-0.193212	0.838115	-0.703834	0.024504
2.640000	0.273091	0.801055	-0.185068	0.836100	-0.700133	0.019819
2.660000	0.142542	0.803399	-0.177438	0.833524	-0.695952	0.014784
2.680000	0.014626	0.803945	-0.170258	0.830558	-0.691500	0.009542
2.700000	-0.109121	0.802181	-0.163463	0.827375	-0.686984	0.004230
2.720000	-0.227160	0.797599	-0.156988	0.824145	-0.682613	-0.001011
2.740000	-0.337957	0.789689	-0.150769	0.821039	-0.678595	-0.006042
2.760000	-0.439973	0.777941	-0.144741	0.818229	-0.675137	-0.010721
2.780000	-0.532012	0.762033	-0.138862	0.815847	-0.672394	-0.014943
2.800000	-0.614038	0.742294	-0.133174	0.813891	-0.670337	-0.018712
2.820000	-0.686268	0.719189	-0.127735	0.812332	-0.668897	-0.022058
2.840000	-0.748920	0.693187	-0.122602	0.811138	-0.668005	-0.025010
2.860000	-0.802209	0.664755	-0.117835	0.810280	-0.667593	-0.027597
2.880000	-0.846353	0.634359	-0.113490	0.809726	-0.667591	-0.029850
2.900000	-0.881569	0.602468	-0.109627	0.809448	-0.667931	-0.031797
2.920000	-0.908073	0.569547	-0.106303	0.809413	-0.668544	-0.033468
2.940000	-0.926082	0.536065	-0.103576	0.809593	-0.669362	-0.034892
2.960000	-0.935812	0.502488	-0.101506	0.809956	-0.670315	-0.036099
2.980000	-0.937481	0.469284	-0.100149	0.810472	-0.671334	-0.037118
3.000000	-0.931305	0.436919	-0.099565	0.811111	-0.672352	-0.037978
3.020000	-0.917501	0.405862	-0.099811	0.811842	-0.673298	-0.038710
3.040000	-0.896286	0.376578	-0.100945	0.812636	-0.674105	-0.039341
3.060000	-0.867876	0.349536	-0.103026	0.813461	-0.674703	-0.039903
3.080000	-0.832488	0.325202	-0.106112	0.814287	-0.675024	-0.040423
3.100000	-0.790427	0.303968	-0.110224	0.815085	-0.675007	-0.040928
3.120000	-0.742660	0.285651	-0.115116	0.815831	-0.674656	-0.041407
3.140000	-0.690450	0.269813	-0.120418	0.816503	-0.674003	-0.041836
3.160000	-0.635067	0.256010	-0.125758	0.817080	-0.673080	-0.042188
3.180000	-0.577775	0.243803	-0.130766	0.817540	-0.671921	-0.042439
3.200000	-0.519844	0.232748	-0.135071	0.817862	-0.670556	-0.042564
3.220000	-0.462538	0.222404	-0.138304	0.818024	-0.669020	-0.042538
3.240000	-0.407126	0.212330	-0.140092	0.818005	-0.667344	-0.042335
3.260000	-0.354874	0.202085	-0.140067	0.817784	-0.665560	-0.041929
3.280000	-0.307050	0.191225	-0.137856	0.817339	-0.663702	-0.041297
3.300000	-0.264920	0.179311	-0.133091	0.816649	-0.661801	-0.040412
3.320000	-0.229751	0.165900	-0.125398	0.815692	-0.659890	-0.039249
3.340000	-0.202810	0.150550	-0.114410	0.814446	-0.658002	-0.037784
3.360000	-0.185365	0.132821	-0.099754	0.812891	-0.656168	-0.035991
3.380000	-0.178681	0.112269	-0.081060	0.811005	-0.654422	-0.033844
3.400000	-0.184027	0.088455	-0.057957	0.808766	-0.652796	-0.031319
3.420000	-0.202589	0.060971	-0.030113	0.806156	-0.651321	-0.028394
3.440000	-0.234009	0.030084	0.002087	0.803206	-0.650021	-0.025105
3.460000	-0.276549	-0.003334	0.037614	0.799994	-0.648909	-0.021543
3.480000	-0.328423	-0.038391	0.075416	0.796597	-0.648001	-0.017801
3.500000	-0.387842	-0.074196	0.114441	0.793096	-0.647309	-0.013970
3.520000	-0.453021	-0.109856	0.153639	0.789568	-0.646849	-0.010144
3.540000	-0.522170	-0.144479	0.191956	0.786092	-0.646634	-0.006415
3.560000	-0.593503	-0.177173	0.228342	0.782747	-0.646679	-0.002874
3.580000	-0.665233	-0.207045	0.261743	0.779611	-0.646997	0.000385
3.600000	-0.735573	-0.233204	0.291110	0.776763	-0.647603	0.003271
3.620000	-0.802734	-0.254758	0.315389	0.774282	-0.648511	0.005691
3.640000	-0.864930	-0.270814	0.333529	0.772247	-0.649735	0.007553
3.660000	-0.920373	-0.280480	0.344478	0.770736	-0.651289	0.008763
3.680000	-0.967276	-0.282864	0.347185	0.769827	-0.653187	0.009231
3.700000	-1.003852	-0.277074	0.340597	0.769600	-0.655444	0.008864
3.720000	-1.028313	-0.262217	0.323663	0.770133	-0.658073	0.007568
3.740000	-1.039256	-0.237669	0.295633	0.771479	-0.661074	0.005276
3.760000	-1.037557	-0.204392	0.257553	0.773539	-0.664361	0.002049
3.780000	-1.024938	-0.163934	0.211134	0.776158	-0.667812	-0.001999
