0.000000	-0.690040	0.502689	-0.144065	0.826782	-0.647390	-0.025447
0.020000	-0.657061	0.486375	-0.134781	0.826056	-0.645547	-0.026377
0.040000	-0.625848	0.467290	-0.125184	0.825189	-0.643725	-0.027461
0.060000	-0.597083	0.444865	-0.115412	0.824183	-0.641964	-0.028691
0.080000	-0.571445	0.418534	-0.105604	0.823040	-0.640304	-0.030061
0.100000	-0.549616	0.387729	-0.095896	0.821759	-0.638787	-0.031565
0.120000	-0.532277	0.351881	-0.086428	0.820341	-0.637453	-0.033197
0.140000	-0.520107	0.310424	-0.077337	0.818788	-0.636341	-0.034950
0.160000	-0.513664	0.262929	-0.068737	0.817100	-0.635480	-0.036820
0.180000	-0.512804	0.209753	-0.060603	0.815273	-0.634830	-0.038810
0.200000	-0.517136	0.151527	-0.052861	0.813304	-0.634325	-0.040926
0.220000	-0.526270	0.088883	-0.045437	0.811188	-0.633902	-0.043177
0.240000	-0.539817	0.022452	-0.038258	0.808920	-0.633495	-0.045568
0.260000	-0.557386	-0.047135	-0.031250	0.806497	-0.633040	-0.048107
0.280000	-0.578589	-0.119246	-0.024339	0.803914	-0.632472	-0.050800
0.300000	-0.603034	-0.193249	-0.017452	0.801167	-0.631727	-0.053653
0.320000	-0.630332	-0.268513	-0.010515	0.798251	-0.630739	-0.056675
0.340000	-0.660092	-0.344406	-0.003454	0.795163	-0.629444	-0.059870
0.360000	-0.691926	-0.420297	0.003804	0.791897	-0.627778	-0.063247
0.380000	-0.725443	-0.495554	0.011334	0.788450	-0.625675	-0.066812
0.400000	-0.760252	-0.569546	0.019208	0.784817	-0.623072	-0.070572
0.420000	-0.795965	-0.641641	0.027502	0.780994	-0.619902	-0.074533
0.440000	-0.832191	-0.711208	0.036287	0.776977	-0.616103	-0.078703
0.460000	-0.868551	-0.777674	0.045623	0.772763	-0.611624	-0.083084
0.480000	-0.904750	-0.840914	0.055450	0.768371	-0.606533	-0.087652
0.500000	-0.940529	-0.901004	0.065656	0.763825	-0.600953	-0.092369
0.520000	-0.975630	-0.958023	0.076127	0.759152	-0.595005	-0.097198
0.540000	-1.009795	-1.012050	0.086751	0.754377	-0.588811	-0.102101
0.560000	-1.042766	-1.063164	0.097415	0.749527	-0.582493	-0.107041
0.580000	-1.074287	-1.111442	0.108005	0.744627	-0.576172	-0.111981
0.600000	-1.104097	-1.156964	0.118409	0.739702	-0.569972	-0.116883
0.620000	-1.131941	-1.199809	0.128513	0.734780	-0.564012	-0.121710
0.640000	-1.157559	-1.240053	0.138206	0.729885	-0.558417	-0.126423
0.660000	-1.180694	-1.277778	0.147373	0.725044	-0.553306	-0.130987
0.680000	-1.201088	-1.313059	0.155901	0.720281	-0.548803	-0.135363
0.700000	-1.218483	-1.345978	0.163679	0.715624	-0.545029	-0.139513
0.720000	-1.232621	-1.376611	0.170592	0.711098	-0.542105	-0.143401
0.740000	-1.243244	-1.405038	0.176528	0.706729	-0.540155	-0.146989
0.760000	-1.250094	-1.431336	0.181373	0.702542	-0.539299	-0.150239
0.780000	-1.252930	-1.455568	0.185017	0.698566	-0.539655	-0.153116
0.800000	-1.251816	-1.477465	0.187372	0.694863	-0.541245	-0.155625
0.820000	-1.247096	-1.496459	0.188372	0.691531	-0.544005	-0.157803
0.840000	-1.239121	-1.511973	0.187955	0.688665	-0.547871	-0.159692
0.860000	-1.228243	-1.523429	0.186055	0.686363	-0.552775	-0.161333
0.880000	-1.214816	-1.530251	0.182609	0.684722	-0.558651	-0.162765
0.900000	-1.199191	-1.531859	0.177552	0.683839	-0.565433	-0.164031
0.920000	-1.181720	-1.527677	0.170820	0.683812	-0.573056	-0.165169
0.940000	-1.162756	-1.517128	0.162349	0.684737	-0.581452	-0.166221
0.960000	-1.142651	-1.499633	0.152076	0.686711	-0.590556	-0.167227
0.980000	-1.121757	-1.474615	0.139934	0.689832	-0.600302	-0.168228
1.000000	-1.100427	-1.441497	0.125862	0.694196	-0.610623	-0.169264
1.020000	-1.079014	-1.399700	0.109794	0.699901	-0.621453	-0.170377
1.040000	-1.057868	-1.348648	0.091665	0.707044	-0.632727	-0.171606
1.060000	-1.037343	-1.287763	0.071414	0.715721	-0.644377	-0.172992
1.080000	-1.017790	-1.216467	0.048973	0.726031	-0.656339	-0.174576
1.100000	-0.999498	-1.134442	0.024343	0.738036	-0.668543	-0.176396
1.120000	-0.982357	-1.042922	-0.002105	0.751599	-0.680914	-0.178477
1.140000	-0.966116	-0.943719	-0.029859	0.766511	-0.693373	-0.180841
1.160000	-0.950519	-0.838645	-0.058410	0.782560	-0.705840	-0.183509
1.180000	-0.935314	-0.729513	-0.087246	0.799535	-0.718236	-0.186501
1.200000	-0.920247	-0.618135	-0.115855	0.817224	-0.730481	-0.189838
1.220000	-0.905064	-0.506324	-0.143726	0.835418	-0.742495	-0.193541
1.240000	-0.889511	-0.395892	-0.170349	0.853903	-0.754200	-0.197631
1.260000	-0.873335	-0.288651	-0.195212	0.872470	-0.765515	-0.202128
1.280000	-0.856282	-0.186414	-0.217803	0.890908	-0.776362	-0.207053
1.300000	-0.838098	-0.090994	-0.237613	0.909005	-0.786660	-0.212428
1.320000	-0.818530	-0.004203	-0.254130	0.926550	-0.796331	-0.218273
1.340000	-0.797324	0.072147	-0.266842	0.943332	-0.805295	-0.224609
1.360000	-0.774227	0.136244	-0.275238	0.959141	-0.813472	-0.231457
1.380000	-0.748984	0.186274	-0.278808	0.973764	-0.820783	-0.238837
1.400000	-0.721342	0.220426	-0.277040	0.986991	-0.827149	-0.246770
1.420000	-0.691074	0.237036	-0.269479	0.998619	-0.832493	-0.255272
1.440000	-0.658339	0.236582	-0.256469	1.008554	-0.836785	-0.264263
1.460000	-0.623583	0.221132	-0.238949	1.016785	-0.840030	-0.273599
1.480000	-0.587257	0.192797	-0.217871	1.023303	-0.842234	-0.283131
1.500000	-0.549815	0.153683	-0.194189	1.028098	-0.843400	-0.292712
1.520000	-0.511710	0.105900	-0.168856	1.031162	-0.843535	-0.302194
1.540000	-0.473393	0.051555	-0.142825	1.032485	-0.842645	-0.311429
1.560000	-0.435317	-0.007243	-0.117050	1.032058	-0.840733	-0.320269
1.580000	-0.397935	-0.068386	-0.092483	1.029872	-0.837806	-0.328567
1.600000	-0.361700	-0.129766	-0.070078	1.025918	-0.833869	-0.336176
1.620000	-0.327063	-0.189273	-0.050787	1.020185	-0.828927	-0.342946
1.640000	-0.294478	-0.244801	-0.035565	1.012666	-0.822985	-0.348731
1.660000	-0.264397	-0.294240	-0.025364	1.003351	-0.816049	-0.353383
1.680000	-0.237272	-0.335482	-0.021137	0.992231	-0.808124	-0.356754
1.700000	-0.213556	-0.366419	-0.023837	0.979296	-0.799215	-0.358696
1.720000	-0.193702	-0.384943	-0.034418	0.964537	-0.789328	-0.359062
1.740000	-0.178149	-0.388966	-0.053817	0.947948	-0.778469	-0.357707
1.760000	-0.166621	-0.377488	-0.082154	0.929642	-0.766694	-0.354612
1.780000	-0.157811	-0.351079	-0.118364	0.909911	-0.754135	-0.349945
1.800000	-0.150333	-0.310434	-0.161290	0.889058	-0.740927	-0.343886
1.820000	-0.142796	-0.256250	-0.209776	0.867387	-0.727205	-0.336619
1.840000	-0.133812	-0.189220	-0.262663	0.845203	-0.713107	-0.328323
1.860000	-0.121994	-0.110041	-0.318795	0.822809	-0.698769	-0.319182
1.880000	-0.105952	-0.019407	-0.377015	0.800510	-0.684325	-0.309375
1.900000	-0.084299	0.081987	-0.436165	0.778609	-0.669913	-0.299085
1.920000	-0.055645	0.193445	-0.495087	0.757410	-0.655668	-0.288493
1.940000	-0.018603	0.314272	-0.552626	0.737219	-0.641727	-0.277780
1.960000	0.028216	0.443774	-0.607623	0.718338	-0.628225	-0.267129
1.980000	0.086200	0.581254	-0.658921	0.701072	-0.615299	-0.256720
2.000000	0.156738	0.726019	-0.705364	0.685724	-0.603084	-0.246736
2.020000	0.241219	0.877372	-0.745793	0.672600	-0.591717	-0.237357
2.040000	0.341016	1.034615	-0.779057	0.662001	-0.581333	-0.228764
2.060000	0.456174	1.196592	-0.804484	0.654068	-0.572014	-0.221051
2.080000	0.584246	1.361300	-0.822303	0.648638	-0.563743	-0.214154
2.100000	0.722520	1.526644	-0.832840	0.645516	-0.556492	-0.207986
2.120000	0.868281	1.690528	-0.836419	0.644508	-0.550232	-0.202465
2.140000	1.018813	1.850856	-0.833368	0.645416	-0.544935	-0.197507
2.160000	1.171402	2.005533	-0.824011	0.648048	-0.540573	-0.193028
2.180000	1.323333	2.152463	-0.808674	0.652206	-0.537118	-0.188944
2.200000	1.471893	2.289551	-0.787683	0.657696	-0.534541	-0.185171
2.220000	1.614365	2.414700	-0.761365	0.664323	-0.532815	-0.181626
2.240000	1.748036	2.525816	-0.730043	0.671892	-0.531910	-0.178224
2.260000	1.870191	2.620802	-0.694046	0.680207	-0.531799	-0.174882
2.280000	1.978115	2.697563	-0.653697	0.689072	-0.532453	-0.171516
2.300000	2.069093	2.754003	-0.609323	0.698294	-0.533844	-0.168042
2.320000	2.140411	2.788027	-0.561249	0.707676	-0.535944	-0.164376
2.340000	2.189354	2.797538	-0.509802	0.717023	-0.538725	-0.160434
2.360000	2.213208	2.780442	-0.455307	0.726140	-0.542159	-0.156133
2.380000	2.209257	2.734643	-0.398090	0.734832	-0.546216	-0.151388
2.400000	2.175385	2.658607	-0.338538	0.742925	-0.550863	-0.146135
2.420000	2.113237	2.554347	-0.277437	0.750381	-0.556026	-0.140425
2.440000	2.025922	2.425252	-0.215721	0.757216	-0.561617	-0.134357
2.460000	1.916553	2.274716	-0.154328	0.763445	-0.567547	-0.128027
2.480000	1.788240	2.106131	-0.094196	0.769083	-0.573727	-0.121534
2.500000	1.644097	1.922891	-0.036260	0.774145	-0.580069	-0.114976
2.520000	1.487234	1.728387	0.018541	0.778647	-0.586484	-0.108450
2.540000	1.320765	1.526014	0.069272	0.782603	-0.592884	-0.102053
2.560000	1.147800	1.319164	0.114994	0.786030	-0.599179	-0.095885
2.580000	0.971452	1.111229	0.154771	0.788941	-0.605281	-0.090043
2.600000	0.794834	0.905604	0.187667	0.791354	-0.611102	-0.084624
2.620000	0.621055	0.705680	0.212743	0.793282	-0.616553	-0.079726
2.640000	0.453230	0.514851	0.229063	0.794741	-0.621544	-0.075446
2.660000	0.294470	0.336510	0.235690	0.795746	-0.625989	-0.071884
2.680000	0.147886	0.174049	0.231687	0.796314	-0.629797	-0.069136
2.700000	0.016290	0.030536	0.216289	0.796460	-0.632893	-0.067285
2.720000	-0.100061	-0.093729	0.190188	0.796221	-0.635305	-0.066274
2.740000	-0.202197	-0.199840	0.154811	0.795644	-0.637113	-0.065980
2.760000	-0.291162	-0.288904	0.111594	0.794775	-0.638400	-0.066279
2.780000	-0.367995	-0.362028	0.061970	0.793659	-0.639247	-0.067044
2.800000	-0.433738	-0.420316	0.007372	0.792344	-0.639736	-0.068152
2.820000	-0.489432	-0.464875	-0.050766	0.790874	-0.639947	-0.069477
2.840000	-0.536120	-0.496811	-0.111010	0.789296	-0.639962	-0.070895
2.860000	-0.574841	-0.517231	-0.171926	0.787657	-0.639864	-0.072282
2.880000	-0.606638	-0.527239	-0.232081	0.786001	-0.639732	-0.073511
2.900000	-0.632552	-0.527942	-0.290040	0.784377	-0.639650	-0.074459
2.920000	-0.653623	-0.520446	-0.344371	0.782828	-0.639697	-0.075001
2.940000	-0.670894	-0.505858	-0.393638	0.781402	-0.639957	-0.075012
2.960000	-0.685406	-0.485282	-0.436410	0.780145	-0.640509	-0.074367
2.980000	-0.698200	-0.459826	-0.471251	0.779102	-0.641436	-0.072941
3.000000	-0.710251	-0.430560	-0.496838	0.778318	-0.642813	-0.070622
3.020000	-0.721768	-0.398156	-0.513136	0.777812	-0.644636	-0.067439
3.040000	-0.732458	-0.363025	-0.520947	0.777584	-0.646852	-0.063516
3.060000	-0.742021	-0.325572	-0.521087	0.777637	-0.649406	-0.058975
3.080000	-0.750157	-0.286204	-0.514373	0.777972	-0.652243	-0.053940
3.100000	-0.756567	-0.245326	-0.501619	0.778591	-0.655309	-0.048535
3.120000	-0.760950	-0.203345	-0.483642	0.779496	-0.658548	-0.042885
3.140000	-0.763007	-0.160668	-0.461257	0.780687	-0.661908	-0.037112
3.160000	-0.762436	-0.117699	-0.435282	0.782168	-0.665332	-0.031341
3.180000	-0.758939	-0.074846	-0.406532	0.783938	-0.668767	-0.025695
3.200000	-0.752214	-0.032514	-0.375822	0.786000	-0.672157	-0.020298
3.220000	-0.741963	0.008889	-0.343970	0.788356	-0.675448	-0.015274
3.240000	-0.727885	0.048959	-0.311790	0.791007	-0.678585	-0.010747
3.260000	-0.709679	0.087290	-0.280099	0.793955	-0.681515	-0.006840
3.280000	-0.687047	0.123474	-0.249712	0.797201	-0.684181	-0.003678
3.300000	-0.659687	0.157105	-0.221447	0.800747	-0.686530	-0.001384
3.320000	-0.627318	0.187779	-0.196106	0.804593	-0.688508	-0.000079
3.340000	-0.590296	0.215130	-0.174047	0.808691	-0.690081	0.000204
3.360000	-0.549784	0.238841	-0.155063	0.812932	-0.691243	-0.000453
3.380000	-0.506998	0.258598	-0.138911	0.817203	-0.691989	-0.001961
3.400000	-0.463155	0.274087	-0.125349	0.821391	-0.692316	-0.004232
3.420000	-0.419469	0.284995	-0.114132	0.825382	-0.692217	-0.007178
3.440000	-0.377156	0.291009	-0.105018	0.829064	-0.691689	-0.010710
3.460000	-0.337432	0.291814	-0.097764	0.832323	-0.690728	-0.014740
