0.000000	-0.408487	0.214768	-1.605880	0.839742	-0.597586	-0.063349
0.020000	-0.486869	0.095411	-1.460548	0.835495	-0.589596	-0.067257
0.040000	-0.569146	-0.035104	-1.298791	0.830886	-0.581513	-0.071506
0.060000	-0.654364	-0.174828	-1.124438	0.825931	-0.573495	-0.076077
0.080000	-0.741569	-0.321814	-0.941319	0.820650	-0.565700	-0.080951
0.100000	-0.829807	-0.474114	-0.753260	0.815058	-0.558286	-0.086107
0.120000	-0.918122	-0.629780	-0.564090	0.809172	-0.551412	-0.091527
0.140000	-1.005561	-0.786864	-0.377639	0.803012	-0.545235	-0.097191
0.160000	-1.091169	-0.943420	-0.197733	0.796592	-0.539914	-0.103078
0.180000	-1.173992	-1.097500	-0.028202	0.789931	-0.535607	-0.109171
0.200000	-1.253075	-1.247155	0.127126	0.783046	-0.532471	-0.115448
0.220000	-1.327465	-1.390438	0.264423	0.775954	-0.530666	-0.121890
0.240000	-1.396205	-1.525403	0.379861	0.768673	-0.530348	-0.128478
0.260000	-1.458370	-1.650197	0.470035	0.761225	-0.531654	-0.135194
0.280000	-1.513265	-1.763807	0.535202	0.753694	-0.534518	-0.142022
0.300000	-1.560316	-1.865649	0.577491	0.746188	-0.538771	-0.148955
0.320000	-1.598948	-1.955138	0.599042	0.738821	-0.544245	-0.155981
0.340000	-1.628588	-2.031693	0.602000	0.731702	-0.550773	-0.163090
0.360000	-1.648662	-2.094732	0.588505	0.724942	-0.558184	-0.170272
0.380000	-1.658596	-2.143671	0.560700	0.718653	-0.566311	-0.177517
0.400000	-1.657817	-2.177929	0.520727	0.712946	-0.574984	-0.184815
0.420000	-1.645750	-2.196922	0.470729	0.707931	-0.584036	-0.192156
0.440000	-1.621822	-2.200069	0.412849	0.703720	-0.593298	-0.199529
0.460000	-1.585459	-2.186787	0.349227	0.700424	-0.602600	-0.206925
0.480000	-1.536087	-2.156493	0.282007	0.698154	-0.611776	-0.214333
0.500000	-1.473133	-2.108605	0.213331	0.697020	-0.620655	-0.221744
0.520000	-1.396022	-2.042541	0.145341	0.697134	-0.629069	-0.229146
0.540000	-1.304182	-1.957718	0.080180	0.698608	-0.636850	-0.236530
0.560000	-1.197037	-1.853553	0.019989	0.701551	-0.643830	-0.243886
0.580000	-1.074086	-1.729535	-0.033142	0.706070	-0.649845	-0.251203
0.600000	-0.936500	-1.586766	-0.078379	0.712173	-0.654890	-0.258456
0.620000	-0.787123	-1.427970	-0.116140	0.719766	-0.659111	-0.265608
0.640000	-0.628876	-1.255942	-0.146900	0.728750	-0.662666	-0.272620
0.660000	-0.464675	-1.073478	-0.171133	0.739027	-0.665707	-0.279452
0.680000	-0.297442	-0.883372	-0.189314	0.750500	-0.668391	-0.286067
0.700000	-0.130094	-0.688419	-0.201917	0.763070	-0.670873	-0.292424
0.720000	0.034449	-0.491414	-0.209416	0.776640	-0.673306	-0.298487
0.740000	0.193269	-0.295152	-0.212287	0.791110	-0.675847	-0.304215
0.760000	0.343446	-0.102428	-0.211002	0.806384	-0.678651	-0.309570
0.780000	0.482061	0.083963	-0.206038	0.822362	-0.681871	-0.314513
0.800000	0.606196	0.261227	-0.197868	0.838948	-0.685665	-0.319005
0.820000	0.712931	0.426569	-0.186966	0.856042	-0.690185	-0.323009
0.840000	0.799348	0.577193	-0.173808	0.873547	-0.695588	-0.326484
0.860000	0.862527	0.710304	-0.158867	0.891365	-0.702028	-0.329392
0.880000	0.899550	0.823108	-0.142619	0.909397	-0.709661	-0.331694
0.900000	0.907511	0.912821	-0.125536	0.927546	-0.718640	-0.333352
0.920000	0.885328	0.977931	-0.108075	0.945674	-0.728982	-0.334359
0.940000	0.835501	1.019443	-0.090656	0.963572	-0.740435	-0.334767
0.960000	0.760953	1.038652	-0.073694	0.981019	-0.752714	-0.334639
0.980000	0.664605	1.036856	-0.057604	0.997797	-0.765535	-0.334034
1.000000	0.549377	1.015350	-0.042801	1.013685	-0.778613	-0.333014
1.020000	0.418192	0.975431	-0.029701	1.028465	-0.791666	-0.331639
1.040000	0.273970	0.918395	-0.018719	1.041916	-0.804407	-0.329970
1.060000	0.119632	0.845539	-0.010270	1.053820	-0.816554	-0.328069
1.080000	-0.041899	0.758159	-0.004769	1.063956	-0.827821	-0.325996
1.100000	-0.207703	0.657552	-0.002632	1.072105	-0.837925	-0.323811
1.120000	-0.374858	0.545014	-0.004274	1.078048	-0.846581	-0.321577
1.140000	-0.540444	0.421841	-0.010109	1.081566	-0.853504	-0.319353
1.160000	-0.701538	0.289330	-0.020555	1.082438	-0.858412	-0.317200
1.180000	-0.855221	0.148777	-0.036025	1.080445	-0.861019	-0.315180
1.200000	-0.998569	0.001479	-0.056934	1.075367	-0.861041	-0.313353
1.220000	-1.128663	-0.151268	-0.083699	1.066986	-0.858194	-0.311780
1.240000	-1.242988	-0.307844	-0.116543	1.055176	-0.852292	-0.310503
1.260000	-1.340704	-0.465295	-0.154903	1.040198	-0.843555	-0.309484
1.280000	-1.421400	-0.620325	-0.198014	1.022414	-0.832306	-0.308665
1.300000	-1.484666	-0.769640	-0.245110	1.002186	-0.818870	-0.307988
1.320000	-1.530092	-0.909943	-0.295427	0.979873	-0.803568	-0.307395
1.340000	-1.557268	-1.037939	-0.348199	0.955838	-0.786726	-0.306828
1.360000	-1.565782	-1.150334	-0.402662	0.930442	-0.768667	-0.306230
1.380000	-1.555226	-1.243830	-0.458050	0.904046	-0.749714	-0.305541
1.400000	-1.525188	-1.315133	-0.513598	0.877011	-0.730190	-0.304705
1.420000	-1.475258	-1.360947	-0.568540	0.849698	-0.710420	-0.303663
1.440000	-1.405026	-1.377977	-0.622112	0.822469	-0.690728	-0.302357
1.460000	-1.314082	-1.362928	-0.673549	0.795685	-0.671436	-0.300730
1.480000	-1.202015	-1.312503	-0.722086	0.769708	-0.652868	-0.298722
1.500000	-1.068414	-1.223407	-0.766956	0.744897	-0.635348	-0.296278
1.520000	-0.912870	-1.092345	-0.807396	0.721615	-0.619199	-0.293337
1.540000	-0.734997	-0.916077	-0.842645	0.700221	-0.604744	-0.289844
1.560000	-0.536063	-0.695089	-0.872303	0.680926	-0.592149	-0.285779
1.580000	-0.320009	-0.435899	-0.896552	0.663706	-0.581335	-0.281189
1.600000	-0.091022	-0.145570	-0.915626	0.648514	-0.572199	-0.276126
1.620000	0.146712	0.168832	-0.929758	0.635303	-0.564640	-0.270640
1.640000	0.389007	0.500242	-0.939184	0.624026	-0.558554	-0.264783
1.660000	0.631678	0.841595	-0.944138	0.614636	-0.553840	-0.258608
1.680000	0.870538	1.185825	-0.944854	0.607087	-0.550394	-0.252165
1.700000	1.101402	1.525869	-0.941566	0.601331	-0.548114	-0.245506
1.720000	1.320084	1.854660	-0.934509	0.597321	-0.546899	-0.238682
1.740000	1.522397	2.165133	-0.923917	0.595012	-0.546645	-0.231746
1.760000	1.704156	2.450225	-0.910024	0.594355	-0.547249	-0.224748
1.780000	1.861175	2.702869	-0.893065	0.595305	-0.548611	-0.217741
1.800000	1.989268	2.916000	-0.873273	0.597813	-0.550626	-0.210775
1.820000	2.084249	3.082554	-0.850884	0.601834	-0.553194	-0.203902
1.840000	2.141933	3.195465	-0.826132	0.607321	-0.556210	-0.197175
1.860000	2.158504	3.248256	-0.799255	0.614222	-0.559576	-0.190641
1.880000	2.134846	3.241886	-0.770561	0.622426	-0.563227	-0.184319
1.900000	2.075062	3.182405	-0.740401	0.631782	-0.567121	-0.178207
1.920000	1.983317	3.075965	-0.709126	0.642140	-0.571218	-0.172302
1.940000	1.863776	2.928718	-0.677090	0.653346	-0.575477	-0.166600
1.960000	1.720604	2.746815	-0.644644	0.665249	-0.579858	-0.161098
1.980000	1.557966	2.536407	-0.612141	0.677697	-0.584319	-0.155794
2.000000	1.380028	2.303645	-0.579934	0.690538	-0.588821	-0.150683
2.020000	1.190955	2.054681	-0.548375	0.703621	-0.593322	-0.145764
2.040000	0.994913	1.795666	-0.517816	0.716794	-0.597782	-0.141032
2.060000	0.796065	1.532752	-0.488610	0.729905	-0.602160	-0.136485
2.080000	0.598578	1.272089	-0.461108	0.742802	-0.606415	-0.132120
2.100000	0.406616	1.019829	-0.435664	0.755333	-0.610508	-0.127934
2.120000	0.224346	0.782123	-0.412629	0.767347	-0.614396	-0.123923
2.140000	0.055932	0.565123	-0.392357	0.778691	-0.618041	-0.120084
2.160000	-0.094462	0.374980	-0.375199	0.789215	-0.621399	-0.116414
2.180000	-0.222730	0.217757	-0.361498	0.798767	-0.624433	-0.112911
2.200000	-0.327334	0.095841	-0.351217	0.807274	-0.627120	-0.109579
2.220000	-0.410151	0.006726	-0.343809	0.814761	-0.629467	-0.106432
2.240000	-0.473295	-0.052441	-0.338691	0.821262	-0.631479	-0.103486
2.260000	-0.518884	-0.084507	-0.335282	0.826809	-0.633164	-0.100756
2.280000	-0.549030	-0.092323	-0.333000	0.831436	-0.634528	-0.098257
2.300000	-0.565851	-0.078739	-0.331263	0.835176	-0.635578	-0.096005
2.320000	-0.571460	-0.046604	-0.329488	0.838062	-0.636322	-0.094014
2.340000	-0.567973	0.001231	-0.327094	0.840128	-0.636766	-0.092300
2.360000	-0.557506	0.061918	-0.323498	0.841405	-0.636917	-0.090879
2.380000	-0.542174	0.132606	-0.318119	0.841928	-0.636781	-0.089765
2.400000	-0.524092	0.210446	-0.310374	0.841729	-0.636367	-0.088974
2.420000	-0.505374	0.292587	-0.299683	0.840842	-0.635679	-0.088521
2.440000	-0.488137	0.376181	-0.285461	0.839299	-0.634726	-0.088421
2.460000	-0.474496	0.458376	-0.267129	0.837134	-0.633515	-0.088690
2.480000	-0.466565	0.536325	-0.244102	0.834379	-0.632051	-0.089343
2.500000	-0.466294	0.607315	-0.215890	0.831069	-0.630344	-0.090391
2.520000	-0.474009	0.669999	-0.182865	0.827237	-0.628404	-0.091810
2.540000	-0.489122	0.723794	-0.145895	0.822918	-0.626247	-0.093555
2.560000	-0.511035	0.768128	-0.105847	0.818146	-0.623890	-0.095582
2.580000	-0.539148	0.802426	-0.063594	0.812956	-0.621346	-0.097846
2.600000	-0.572862	0.826117	-0.020004	0.807383	-0.618633	-0.100302
2.620000	-0.611580	0.838627	0.024052	0.801461	-0.615765	-0.102906
2.640000	-0.654703	0.839383	0.067704	0.795226	-0.612758	-0.105611
2.660000	-0.701631	0.827812	0.110081	0.788711	-0.609626	-0.108374
2.680000	-0.751766	0.803341	0.150313	0.781952	-0.606387	-0.111150
2.700000	-0.804510	0.765397	0.187531	0.774983	-0.603054	-0.113894
2.720000	-0.859264	0.713407	0.220863	0.767839	-0.599645	-0.116561
2.740000	-0.915428	0.646798	0.249440	0.760554	-0.596173	-0.119107
2.760000	-0.972405	0.564997	0.272392	0.753163	-0.592654	-0.121486
2.780000	-1.029596	0.467430	0.288848	0.745701	-0.589105	-0.123653
2.800000	-1.086402	0.353525	0.297938	0.738202	-0.585540	-0.125565
2.820000	-1.142259	0.223236	0.299117	0.730706	-0.581979	-0.127196
2.840000	-1.196729	0.078375	0.292978	0.723272	-0.578462	-0.128593
2.860000	-1.249399	-0.078840	0.280367	0.715961	-0.575029	-0.129819
2.880000	-1.299857	-0.246190	0.262129	0.708835	-0.571724	-0.130935
2.900000	-1.347692	-0.421458	0.239109	0.701955	-0.568587	-0.132006
2.920000	-1.392490	-0.602423	0.212152	0.695385	-0.565661	-0.133093
