0.000000	-0.948764	-1.026182	0.214083	0.619933	-0.474859	-0.154954
0.020000	-0.968985	-1.044961	0.189411	0.603991	-0.470227	-0.157587
0.040000	-0.986203	-1.064811	0.161364	0.590916	-0.467327	-0.160144
0.060000	-1.000014	-1.085982	0.129786	0.581170	-0.466449	-0.162592
0.080000	-1.010014	-1.108723	0.094526	0.575218	-0.467882	-0.164899
0.100000	-1.015802	-1.133285	0.055427	0.573522	-0.471914	-0.167031
0.120000	-1.017090	-1.159612	0.012556	0.576319	-0.478688	-0.168974
0.140000	-1.013910	-1.186842	-0.033444	0.583245	-0.487956	-0.170760
0.160000	-1.006341	-1.213980	-0.081836	0.593836	-0.499406	-0.172425
0.180000	-0.994465	-1.240031	-0.131881	0.607630	-0.512727	-0.174011
0.200000	-0.978364	-1.264000	-0.182840	0.624162	-0.527607	-0.175556
0.220000	-0.958117	-1.284892	-0.233975	0.642971	-0.543733	-0.177098
0.240000	-0.933806	-1.301713	-0.284547	0.663592	-0.560796	-0.178677
0.260000	-0.905512	-1.313466	-0.333819	0.685563	-0.578482	-0.180332
0.280000	-0.873316	-1.319158	-0.381051	0.708419	-0.596480	-0.182102
0.300000	-0.837300	-1.317793	-0.425506	0.731699	-0.614479	-0.184025
0.320000	-0.797543	-1.308376	-0.466445	0.754939	-0.632166	-0.186141
0.340000	-0.754128	-1.289913	-0.503129	0.777676	-0.649230	-0.188488
0.360000	-0.707136	-1.261407	-0.534820	0.799446	-0.665360	-0.191106
0.380000	-0.656646	-1.221865	-0.560780	0.819786	-0.680243	-0.194033
0.400000	-0.602741	-1.170292	-0.580270	0.838234	-0.693568	-0.197309
0.420000	-0.545519	-1.105742	-0.592578	0.854338	-0.705032	-0.200971
0.440000	-0.485550	-1.028636	-0.597689	0.868002	-0.714566	-0.205023
0.460000	-0.423924	-0.940894	-0.596358	0.879511	-0.722359	-0.209433
0.480000	-0.361754	-0.844509	-0.589377	0.889173	-0.728610	-0.214165
0.500000	-0.300156	-0.741478	-0.577538	0.897297	-0.733523	-0.219185
0.520000	-0.240246	-0.633795	-0.561633	0.904188	-0.737297	-0.224458
0.540000	-0.183136	-0.523455	-0.542455	0.910154	-0.740134	-0.229949
0.560000	-0.129944	-0.412452	-0.520796	0.915503	-0.742236	-0.235623
0.580000	-0.081783	-0.302783	-0.497448	0.920542	-0.743803	-0.241447
0.600000	-0.039769	-0.196441	-0.473205	0.925577	-0.745038	-0.247384
0.620000	-0.005017	-0.095422	-0.448857	0.930917	-0.746140	-0.253401
0.640000	0.021360	-0.001720	-0.425198	0.936868	-0.747312	-0.259462
0.660000	0.038245	0.082668	-0.403020	0.943738	-0.748754	-0.265532
0.680000	0.044523	0.155750	-0.383114	0.951834	-0.750669	-0.271578
0.700000	0.039081	0.215529	-0.366275	0.961463	-0.753256	-0.277563
0.720000	0.020802	0.260010	-0.353293	0.972933	-0.756717	-0.283454
0.740000	-0.011209	0.287510	-0.344835	0.986486	-0.761217	-0.289215
0.760000	-0.056177	0.298701	-0.340603	1.001876	-0.766630	-0.294798
0.780000	-0.112566	0.295342	-0.339857	1.018632	-0.772702	-0.300156
0.800000	-0.178830	0.279195	-0.341857	1.036282	-0.779176	-0.305237
0.820000	-0.253428	0.252022	-0.345859	1.054354	-0.785796	-0.309990
0.840000	-0.334815	0.215585	-0.351123	1.072376	-0.792306	-0.314367
0.860000	-0.421450	0.171648	-0.356906	1.089875	-0.798450	-0.318317
0.880000	-0.511789	0.121974	-0.362467	1.106379	-0.803971	-0.321789
0.900000	-0.604288	0.068324	-0.367063	1.121417	-0.808613	-0.324733
0.920000	-0.697405	0.012462	-0.369954	1.134517	-0.812119	-0.327100
0.940000	-0.789597	-0.043851	-0.370396	1.145205	-0.814235	-0.328839
0.960000	-0.879321	-0.098850	-0.367650	1.153010	-0.814702	-0.329900
0.980000	-0.965032	-0.150775	-0.360971	1.157460	-0.813266	-0.330232
1.000000	-1.045190	-0.197861	-0.349620	1.158082	-0.809669	-0.329787
1.020000	-1.118249	-0.238348	-0.332853	1.154406	-0.803657	-0.328512
1.040000	-1.182668	-0.270471	-0.309931	1.145957	-0.794971	-0.326359
1.060000	-1.237261	-0.292736	-0.280646	1.132511	-0.783499	-0.323311
1.080000	-1.281848	-0.304402	-0.246303	1.114529	-0.769523	-0.319446
1.100000	-1.316426	-0.304860	-0.208471	1.092596	-0.753397	-0.314859
1.120000	-1.340991	-0.293500	-0.168717	1.067296	-0.735475	-0.309646
1.140000	-1.355539	-0.269712	-0.128610	1.039213	-0.716110	-0.303902
1.160000	-1.360068	-0.232888	-0.089718	1.008930	-0.695656	-0.297722
1.180000	-1.354574	-0.182417	-0.053610	0.977031	-0.674466	-0.291200
1.200000	-1.339053	-0.117691	-0.021853	0.944102	-0.652894	-0.284433
1.220000	-1.313503	-0.038100	0.003984	0.910725	-0.631293	-0.277515
1.240000	-1.277918	0.056966	0.022333	0.877484	-0.610016	-0.270541
1.260000	-1.232297	0.168115	0.031626	0.844964	-0.589419	-0.263606
1.280000	-1.176635	0.295958	0.030293	0.813749	-0.569853	-0.256806
1.300000	-1.110929	0.441103	0.016768	0.784422	-0.551672	-0.250236
1.320000	-1.035176	0.604161	-0.010518	0.757567	-0.535231	-0.243991
1.340000	-0.949372	0.785739	-0.053134	0.733769	-0.520882	-0.238165
1.360000	-0.853513	0.986449	-0.112648	0.713611	-0.508979	-0.232855
1.380000	-0.747738	1.206332	-0.190130	0.697584	-0.499810	-0.228136
1.400000	-0.633037	1.442010	-0.283641	0.685621	-0.493266	-0.223968
1.420000	-0.510718	1.688825	-0.390116	0.677443	-0.489088	-0.220268
1.440000	-0.382092	1.942116	-0.506491	0.672773	-0.487020	-0.216954
1.460000	-0.248468	2.197223	-0.629698	0.671331	-0.486802	-0.213942
1.480000	-0.111155	2.449486	-0.756673	0.672841	-0.488177	-0.211149
1.500000	0.028536	2.694245	-0.884349	0.677023	-0.490888	-0.208492
1.520000	0.169297	2.926839	-1.009660	0.683600	-0.494675	-0.205888
1.540000	0.309818	3.142609	-1.129541	0.692294	-0.499282	-0.203255
1.560000	0.448788	3.336893	-1.240925	0.702826	-0.504450	-0.200508
1.580000	0.584900	3.505032	-1.340748	0.714918	-0.509921	-0.197565
1.600000	0.716842	3.642366	-1.425942	0.728292	-0.515438	-0.194343
1.620000	0.843305	3.744233	-1.493442	0.742671	-0.520742	-0.190759
1.640000	0.962980	3.805975	-1.540182	0.757775	-0.525575	-0.186730
1.660000	1.074557	3.822930	-1.563097	0.773327	-0.529680	-0.182173
1.680000	1.176727	3.790439	-1.559120	0.789049	-0.532798	-0.177004
1.700000	1.268267	3.704211	-1.525402	0.804669	-0.534688	-0.171150
1.720000	1.349213	3.565267	-1.462194	0.820012	-0.535331	-0.164665
1.740000	1.420542	3.378615	-1.372077	0.834978	-0.534879	-0.157701
1.760000	1.483257	3.149356	-1.257686	0.849467	-0.533486	-0.150410
1.780000	1.538357	2.882595	-1.121657	0.863378	-0.531308	-0.142947
1.800000	1.586845	2.583434	-0.966626	0.876612	-0.528499	-0.135465
1.820000	1.629720	2.256975	-0.795229	0.889070	-0.525214	-0.128117
1.840000	1.667984	1.908322	-0.610101	0.900650	-0.521609	-0.121058
1.860000	1.702638	1.542577	-0.413879	0.911254	-0.517838	-0.114440
1.880000	1.734684	1.164843	-0.209197	0.920781	-0.514056	-0.108416
1.900000	1.765121	0.780224	0.001308	0.929132	-0.510419	-0.103142
1.920000	1.794952	0.393821	0.215000	0.936207	-0.507080	-0.098770
1.940000	1.825176	0.010738	0.429244	0.941906	-0.504196	-0.095453
1.960000	1.856796	-0.363923	0.641404	0.946130	-0.501921	-0.093345
1.980000	1.890812	-0.725058	0.848843	0.948778	-0.500410	-0.092600
2.000000	1.928163	-1.067666	1.048951	0.949755	-0.499814	-0.093363
2.020000	1.968458	-1.388885	1.239627	0.949070	-0.500192	-0.095615
2.040000	2.010035	-1.687903	1.419259	0.946829	-0.501516	-0.099177
2.060000	2.051182	-1.963988	1.586254	0.943142	-0.503754	-0.103866
2.080000	2.090186	-2.216412	1.739022	0.938120	-0.506874	-0.109496
2.100000	2.125333	-2.444441	1.875970	0.931873	-0.510846	-0.115884
2.120000	2.154912	-2.647347	1.995505	0.924511	-0.515636	-0.122845
2.140000	2.177208	-2.824398	2.096037	0.916145	-0.521215	-0.130194
2.160000	2.190510	-2.974864	2.175972	0.906885	-0.527549	-0.137747
2.180000	2.193105	-3.098013	2.233719	0.896841	-0.534607	-0.145320
2.200000	2.183279	-3.193116	2.267686	0.886125	-0.542359	-0.152729
2.220000	2.159321	-3.259442	2.276281	0.874846	-0.550771	-0.159789
2.240000	2.119516	-3.296259	2.257912	0.863114	-0.559812	-0.166315
2.260000	2.062152	-3.302838	2.210987	0.851041	-0.569451	-0.172123
2.280000	1.985517	-3.278447	2.133913	0.838736	-0.579656	-0.177030
2.300000	1.887898	-3.222357	2.025099	0.826309	-0.590395	-0.180849
2.320000	1.767594	-3.133849	1.882975	0.813872	-0.601636	-0.183399
2.340000	1.624309	-3.013701	1.708372	0.801521	-0.613297	-0.184612
2.360000	1.460368	-2.865484	1.506621	0.789329	-0.625200	-0.184640
2.380000	1.278390	-2.693079	1.283544	0.777367	-0.637156	-0.183657
2.400000	1.080990	-2.500366	1.044968	0.765703	-0.648978	-0.181840
2.420000	0.870787	-2.291224	0.796716	0.754410	-0.660478	-0.179363
2.440000	0.650395	-2.069535	0.544613	0.743556	-0.671467	-0.176402
2.460000	0.422432	-1.839179	0.294483	0.733212	-0.681758	-0.173132
2.480000	0.189515	-1.604034	0.052151	0.723448	-0.691162	-0.169728
2.500000	-0.045740	-1.367982	-0.176559	0.714334	-0.699492	-0.166365
