0.000000	-0.218411	0.076237	-0.279914	0.802361	-0.627668	-0.081961
0.020000	-0.206298	0.058518	-0.299275	0.801042	-0.627464	-0.078823
0.040000	-0.197003	0.043770	-0.316398	0.799972	-0.627401	-0.075685
0.060000	-0.190764	0.032951	-0.330733	0.799178	-0.627483	-0.072607
0.080000	-0.187819	0.027018	-0.341733	0.798682	-0.627710	-0.069652
0.100000	-0.188405	0.026928	-0.348846	0.798509	-0.628087	-0.066882
0.120000	-0.192756	0.033619	-0.351531	0.798683	-0.628614	-0.064358
0.140000	-0.201011	0.046811	-0.349668	0.799190	-0.629281	-0.062128
0.160000	-0.213152	0.064380	-0.343775	0.799958	-0.630053	-0.060215
0.180000	-0.229153	0.084044	-0.334427	0.800910	-0.630895	-0.058640
0.200000	-0.248985	0.103525	-0.322196	0.801968	-0.631772	-0.057426
0.220000	-0.272620	0.120540	-0.307657	0.803058	-0.632647	-0.056595
0.240000	-0.300031	0.132810	-0.291383	0.804100	-0.633485	-0.056169
0.260000	-0.331189	0.138054	-0.273947	0.805020	-0.634251	-0.056169
0.280000	-0.366066	0.133992	-0.255923	0.805740	-0.634909	-0.056617
0.300000	-0.404635	0.118343	-0.237885	0.806183	-0.635423	-0.057535
0.320000	-0.446867	0.088827	-0.220406	0.806272	-0.635759	-0.058946
0.340000	-0.492735	0.043163	-0.204060	0.805931	-0.635880	-0.060870
0.360000	-0.542210	-0.020930	-0.189420	0.805083	-0.635751	-0.063331
0.380000	-0.595265	-0.105731	-0.177059	0.803651	-0.635336	-0.066349
0.400000	-0.651872	-0.213521	-0.167552	0.801558	-0.634599	-0.069947
0.420000	-0.712002	-0.346581	-0.161472	0.798728	-0.633506	-0.074146
0.440000	-0.775576	-0.506830	-0.159338	0.795093	-0.632026	-0.078964
0.460000	-0.841921	-0.691996	-0.161051	0.790700	-0.630184	-0.084362
0.480000	-0.909976	-0.897098	-0.166110	0.785667	-0.628045	-0.090265
0.500000	-0.978678	-1.117113	-0.174006	0.780116	-0.625671	-0.096598
0.520000	-1.046960	-1.347017	-0.184233	0.774166	-0.623125	-0.103285
0.540000	-1.113757	-1.581786	-0.196282	0.767937	-0.620473	-0.110251
0.560000	-1.178005	-1.816395	-0.209646	0.761550	-0.617777	-0.117420
0.580000	-1.238638	-2.045820	-0.223818	0.755126	-0.615101	-0.124718
0.600000	-1.294590	-2.265038	-0.238289	0.748784	-0.612509	-0.132069
0.620000	-1.344798	-2.469024	-0.252553	0.742645	-0.610064	-0.139397
0.640000	-1.388194	-2.652754	-0.266100	0.736829	-0.607830	-0.146628
0.660000	-1.423715	-2.811204	-0.278425	0.731457	-0.605870	-0.153685
0.680000	-1.450295	-2.939350	-0.289019	0.726648	-0.604249	-0.160494
0.700000	-1.466869	-3.032167	-0.297375	0.722524	-0.603029	-0.166978
0.720000	-1.472372	-3.084633	-0.302984	0.719205	-0.602275	-0.173064
0.740000	-1.465738	-3.091722	-0.305340	0.716810	-0.602050	-0.178675
0.760000	-1.446257	-3.050044	-0.304099	0.715434	-0.602403	-0.183753
0.780000	-1.414663	-2.962882	-0.299592	0.715062	-0.603321	-0.188311
0.800000	-1.372063	-2.835219	-0.292319	0.715653	-0.604775	-0.192382
0.820000	-1.319560	-2.672039	-0.282782	0.717165	-0.606737	-0.195996
0.840000	-1.258260	-2.478325	-0.271483	0.719556	-0.609179	-0.199186
0.860000	-1.189266	-2.259062	-0.258922	0.722785	-0.612073	-0.201981
0.880000	-1.113683	-2.019233	-0.245602	0.726809	-0.615389	-0.204414
0.900000	-1.032617	-1.763822	-0.232023	0.731588	-0.619100	-0.206516
0.920000	-0.947172	-1.497812	-0.218688	0.737078	-0.623177	-0.208319
0.940000	-0.858452	-1.226188	-0.206097	0.743239	-0.627592	-0.209853
0.960000	-0.767562	-0.953934	-0.194752	0.750028	-0.632316	-0.211151
0.980000	-0.675608	-0.686032	-0.185155	0.757405	-0.637322	-0.212243
1.000000	-0.583692	-0.427468	-0.177806	0.765326	-0.642579	-0.213162
1.020000	-0.492921	-0.183224	-0.173207	0.773751	-0.648062	-0.213938
1.040000	-0.404399	0.041715	-0.171860	0.782637	-0.653739	-0.214603
1.060000	-0.319230	0.242366	-0.174266	0.791943	-0.659585	-0.215189
1.080000	-0.238464	0.414198	-0.180847	0.801632	-0.665575	-0.215725
1.100000	-0.162661	0.556764	-0.191308	0.811712	-0.671739	-0.216235
1.120000	-0.092118	0.671786	-0.204975	0.822212	-0.678133	-0.216737
1.140000	-0.027131	0.761003	-0.221170	0.833163	-0.684815	-0.217251
1.160000	0.032005	0.826156	-0.239213	0.844597	-0.691841	-0.217795
1.180000	0.084995	0.868985	-0.258428	0.856545	-0.699268	-0.218387
1.200000	0.131543	0.891231	-0.278137	0.869036	-0.707154	-0.219047
1.220000	0.171353	0.894633	-0.297660	0.882102	-0.715554	-0.219793
1.240000	0.204131	0.880932	-0.316320	0.895774	-0.724526	-0.220643
1.260000	0.229580	0.851869	-0.333439	0.910082	-0.734127	-0.221617
1.280000	0.247405	0.809183	-0.348338	0.925058	-0.744413	-0.222733
1.300000	0.257310	0.754615	-0.360340	0.940732	-0.755442	-0.224011
1.320000	0.259001	0.689906	-0.368765	0.957135	-0.767269	-0.225468
1.340000	0.252181	0.616795	-0.372938	0.974298	-0.779954	-0.227123
1.360000	0.236556	0.537023	-0.372178	0.992251	-0.793551	-0.228995
1.380000	0.211829	0.452330	-0.365808	1.011026	-0.808118	-0.231103
1.400000	0.178017	0.364356	-0.353466	1.030552	-0.823616	-0.233449
1.420000	0.136158	0.274410	-0.335830	1.050427	-0.839697	-0.235980
1.440000	0.087500	0.183732	-0.313792	1.070180	-0.855946	-0.238630
1.460000	0.033292	0.093565	-0.288242	1.089341	-0.871949	-0.241336
1.480000	-0.025219	0.005148	-0.260073	1.107440	-0.887292	-0.244032
1.500000	-0.086784	-0.080276	-0.230174	1.124006	-0.901562	-0.246655
1.520000	-0.150154	-0.161466	-0.199437	1.138569	-0.914344	-0.249140
1.540000	-0.214082	-0.237183	-0.168754	1.150658	-0.925225	-0.251421
1.560000	-0.277319	-0.306183	-0.139016	1.159803	-0.933790	-0.253436
1.580000	-0.338617	-0.367227	-0.111114	1.165534	-0.939626	-0.255118
1.600000	-0.396728	-0.419073	-0.085939	1.167379	-0.942319	-0.256404
1.620000	-0.450403	-0.460480	-0.064382	1.164869	-0.941455	-0.257229
1.640000	-0.498394	-0.490207	-0.047336	1.157533	-0.936620	-0.257529
1.660000	-0.539453	-0.507012	-0.035690	1.144901	-0.927401	-0.257238
1.680000	-0.572332	-0.509656	-0.030336	1.126502	-0.913383	-0.256293
1.700000	-0.595797	-0.496924	-0.032147	1.101881	-0.894164	-0.254629
1.720000	-0.609241	-0.468778	-0.041246	1.071170	-0.869822	-0.252233
1.740000	-0.612881	-0.426730	-0.056764	1.035283	-0.841073	-0.249154
1.760000	-0.606993	-0.372401	-0.077762	0.995188	-0.808675	-0.245445
1.780000	-0.591853	-0.307411	-0.103302	0.951853	-0.773388	-0.241160
1.800000	-0.567736	-0.233381	-0.132445	0.906245	-0.735970	-0.236354
1.820000	-0.534918	-0.151931	-0.164253	0.859333	-0.697180	-0.231081
1.840000	-0.493675	-0.064682	-0.197788	0.812082	-0.657777	-0.225393
1.860000	-0.444281	0.026747	-0.232110	0.765463	-0.618520	-0.219347
1.880000	-0.387014	0.120734	-0.266283	0.720441	-0.580167	-0.212994
1.900000	-0.322147	0.215660	-0.299366	0.677985	-0.543478	-0.206389
1.920000	-0.249958	0.309903	-0.330423	0.639062	-0.509212	-0.199587
1.940000	-0.170720	0.401844	-0.358514	0.604640	-0.478127	-0.192641
1.960000	-0.084711	0.489862	-0.382702	0.575688	-0.450982	-0.185604
1.980000	0.007794	0.572337	-0.402047	0.553171	-0.428536	-0.178532
2.000000	0.106516	0.647658	-0.415618	0.538051	-0.411543	-0.171478
2.020000	0.210800	0.715027	-0.422953	0.530690	-0.400315	-0.164490
2.040000	0.319362	0.775026	-0.424389	0.530438	-0.394415	-0.157609
2.060000	0.430855	0.828368	-0.420344	0.536544	-0.393336	-0.150874
2.080000	0.543930	0.875768	-0.411233	0.548259	-0.396568	-0.144326
2.100000	0.657242	0.917941	-0.397472	0.564832	-0.403602	-0.138003
2.120000	0.769443	0.955601	-0.379476	0.585516	-0.413931	-0.131945
2.140000	0.879186	0.989463	-0.357661	0.609559	-0.427045	-0.126191
2.160000	0.985123	1.020240	-0.332444	0.636212	-0.442436	-0.120781
2.180000	1.085909	1.048649	-0.304240	0.664726	-0.459595	-0.115754
2.200000	1.180195	1.075402	-0.273465	0.694351	-0.478013	-0.111150
2.220000	1.266635	1.101215	-0.240534	0.724337	-0.497182	-0.107009
2.240000	1.343882	1.126802	-0.205864	0.753935	-0.516593	-0.103369
2.260000	1.410588	1.152877	-0.169870	0.782395	-0.535736	-0.100270
2.280000	1.465406	1.180156	-0.132969	0.808967	-0.554105	-0.097752
2.300000	1.506990	1.209352	-0.095576	0.832901	-0.571189	-0.095854
2.320000	1.533992	1.241180	-0.058107	0.853449	-0.586480	-0.094616
2.340000	1.545105	1.276323	-0.020977	0.869878	-0.599482	-0.094075
2.360000	1.540124	1.314609	0.015408	0.881979	-0.610024	-0.094209
2.380000	1.520049	1.354926	0.050652	0.890108	-0.618296	-0.094934
2.400000	1.485940	1.396115	0.084361	0.894651	-0.624505	-0.096158
2.420000	1.438861	1.437017	0.116140	0.895995	-0.628857	-0.097794
2.440000	1.379872	1.476473	0.145594	0.894527	-0.631561	-0.099753
2.460000	1.310035	1.513325	0.172328	0.890632	-0.632822	-0.101944
2.480000	1.230413	1.546413	0.195949	0.884698	-0.632849	-0.104280
2.500000	1.142066	1.574579	0.216060	0.877111	-0.631848	-0.106670
2.520000	1.046057	1.596663	0.232268	0.868256	-0.630026	-0.109026
2.540000	0.943447	1.611506	0.244178	0.858522	-0.627591	-0.111259
2.560000	0.835297	1.617950	0.251395	0.848293	-0.624750	-0.113280
2.580000	0.722671	1.614835	0.253523	0.837956	-0.621710	-0.114998
2.600000	0.606628	1.601003	0.250169	0.827899	-0.618677	-0.116326
2.620000	0.488232	1.575294	0.240938	0.818506	-0.615860	-0.117174
2.640000	0.368543	1.536550	0.225435	0.810165	-0.613464	-0.117453
2.660000	0.248611	1.483927	0.203378	0.803220	-0.611678	-0.117086
2.680000	0.129391	1.418978	0.175339	0.797696	-0.610534	-0.116086
2.700000	0.011795	1.344354	0.142283	0.793472	-0.609994	-0.114507
2.720000	-0.103267	1.262715	0.105176	0.790424	-0.610020	-0.112404
2.740000	-0.214883	1.176719	0.064987	0.788431	-0.610574	-0.109832
2.760000	-0.322141	1.089024	0.022681	0.787370	-0.611619	-0.106845
2.780000	-0.424131	1.002289	-0.020774	0.787118	-0.613115	-0.103499
2.800000	-0.519940	0.919173	-0.064411	0.787553	-0.615025	-0.099848
2.820000	-0.608658	0.842332	-0.107265	0.788553	-0.617311	-0.095946
2.840000	-0.689374	0.774427	-0.148367	0.789995	-0.619935	-0.091850
2.860000	-0.761175	0.718116	-0.186751	0.791757	-0.622859	-0.087612
2.880000	-0.823151	0.676056	-0.221449	0.793716	-0.626044	-0.083289
2.900000	-0.874391	0.650907	-0.251496	0.795750	-0.629452	-0.078934
2.920000	-0.913982	0.645326	-0.275924	0.797736	-0.633046	-0.074603
2.940000	-0.941014	0.661972	-0.293767	0.799553	-0.636788	-0.070351
2.960000	-0.954723	0.703138	-0.304158	0.801085	-0.640635	-0.066230
2.980000	-0.955876	0.767320	-0.307282	0.802306	-0.644514	-0.062284
3.000000	-0.946146	0.850762	-0.303945	0.803239	-0.648329	-0.058548
3.020000	-0.927220	0.949682	-0.294963	0.803908	-0.651986	-0.055058
3.040000	-0.900784	1.060296	-0.281150	0.804339	-0.655391	-0.051849
3.060000	-0.868523	1.178820	-0.263322	0.804556	-0.658447	-0.048957
3.080000	-0.832122	1.301470	-0.242291	0.804584	-0.661060	-0.046418
3.100000	-0.793269	1.424463	-0.218875	0.804446	-0.663135	-0.044268
3.120000	-0.753649	1.544016	-0.193887	0.804167	-0.664578	-0.042541
