0.000000	-0.304696	-0.392481	-0.207734	0.843663	-0.587971	-0.030950
0.020000	-0.362165	-0.446342	-0.198161	0.841040	-0.585688	-0.032910
0.040000	-0.416947	-0.483477	-0.190217	0.837261	-0.582715	-0.035679
0.060000	-0.468862	-0.502924	-0.184289	0.832226	-0.579011	-0.039286
0.080000	-0.517688	-0.506696	-0.180286	0.826045	-0.574653	-0.043654
0.100000	-0.563194	-0.497380	-0.178022	0.818870	-0.569741	-0.048693
0.120000	-0.605147	-0.477561	-0.177313	0.810850	-0.564377	-0.054308
0.140000	-0.643316	-0.449826	-0.177974	0.802138	-0.558659	-0.060406
0.160000	-0.677469	-0.416758	-0.179819	0.792884	-0.552687	-0.066895
0.180000	-0.707374	-0.380945	-0.182663	0.783240	-0.546563	-0.073680
0.200000	-0.732800	-0.344972	-0.186323	0.773356	-0.540385	-0.080669
0.220000	-0.753516	-0.311424	-0.190612	0.763384	-0.534253	-0.087768
0.240000	-0.769289	-0.282888	-0.195347	0.753474	-0.528269	-0.094885
0.260000	-0.779888	-0.261948	-0.200341	0.743777	-0.522532	-0.101925
0.280000	-0.785081	-0.251191	-0.205411	0.734445	-0.517141	-0.108797
0.300000	-0.784637	-0.253202	-0.210371	0.725629	-0.512197	-0.115406
0.320000	-0.778324	-0.270567	-0.215036	0.717480	-0.507801	-0.121660
0.340000	-0.765909	-0.305872	-0.219222	0.710149	-0.504051	-0.127464
0.360000	-0.747184	-0.361626	-0.222744	0.703783	-0.501047	-0.132729
0.380000	-0.722702	-0.437629	-0.225456	0.698441	-0.498828	-0.137415
0.400000	-0.693969	-0.530298	-0.227260	0.694061	-0.497363	-0.141550
0.420000	-0.662555	-0.635835	-0.228060	0.690580	-0.496614	-0.145169
0.440000	-0.630027	-0.750445	-0.227758	0.687929	-0.496544	-0.148304
0.460000	-0.597953	-0.870329	-0.226260	0.686044	-0.497118	-0.150987
0.480000	-0.567900	-0.991692	-0.223470	0.684857	-0.498296	-0.153252
0.500000	-0.541437	-1.110737	-0.219290	0.684304	-0.500044	-0.155132
0.520000	-0.520131	-1.223666	-0.213626	0.684317	-0.502323	-0.156659
0.540000	-0.505551	-1.326683	-0.206381	0.684830	-0.505098	-0.157867
0.560000	-0.499263	-1.415991	-0.197458	0.685778	-0.508330	-0.158788
0.580000	-0.502835	-1.487793	-0.186763	0.687094	-0.511984	-0.159455
0.600000	-0.517837	-1.538292	-0.174199	0.688712	-0.516022	-0.159901
0.620000	-0.545834	-1.563692	-0.159670	0.690566	-0.520407	-0.160159
0.640000	-0.588396	-1.560195	-0.143080	0.692590	-0.525102	-0.160262
0.660000	-0.647090	-1.524005	-0.124333	0.694717	-0.530071	-0.160243
0.680000	-0.723480	-1.451332	-0.103333	0.696882	-0.535276	-0.160134
0.700000	-0.817765	-1.340791	-0.080096	0.699093	-0.540726	-0.159972
0.720000	-0.926747	-1.196988	-0.054916	0.701546	-0.546536	-0.159801
0.740000	-1.046704	-1.025450	-0.028129	0.704464	-0.552840	-0.159666
0.760000	-1.173918	-0.831701	-0.000071	0.708071	-0.559771	-0.159612
0.780000	-1.304667	-0.621267	0.028920	0.712592	-0.567462	-0.159683
0.800000	-1.435231	-0.399673	0.058510	0.718249	-0.576048	-0.159926
0.820000	-1.561891	-0.172444	0.088362	0.725266	-0.585662	-0.160385
0.840000	-1.680926	0.054895	0.118138	0.733868	-0.596436	-0.161105
0.860000	-1.788616	0.276819	0.147504	0.744277	-0.608505	-0.162131
0.880000	-1.881241	0.487802	0.176122	0.756719	-0.622002	-0.163509
0.900000	-1.955080	0.682320	0.203656	0.771415	-0.637060	-0.165284
0.920000	-2.006414	0.854846	0.229770	0.788591	-0.653812	-0.167501
0.940000	-2.031523	0.999857	0.254128	0.808470	-0.672393	-0.170204
0.960000	-2.026686	1.111827	0.276393	0.831276	-0.692935	-0.173439
0.980000	-1.988183	1.185230	0.296229	0.857232	-0.715572	-0.177251
1.000000	-1.912465	1.214729	0.313304	0.886543	-0.740424	-0.181683
1.020000	-1.800151	1.199543	0.327403	0.918969	-0.767300	-0.186704
1.040000	-1.656167	1.143602	0.338426	0.953806	-0.795683	-0.192208
1.060000	-1.485636	1.051052	0.346283	0.990328	-0.825043	-0.198089
1.080000	-1.293682	0.926040	0.350881	1.027811	-0.854850	-0.204237
1.100000	-1.085430	0.772712	0.352129	1.065530	-0.884574	-0.210544
1.120000	-0.866004	0.595214	0.349935	1.102759	-0.913683	-0.216902
1.140000	-0.640526	0.397693	0.344205	1.138775	-0.941647	-0.223202
1.160000	-0.414121	0.184294	0.334850	1.172851	-0.967937	-0.229337
1.180000	-0.191913	-0.040836	0.321775	1.204264	-0.992021	-0.235198
1.200000	0.020974	-0.273550	0.304890	1.232288	-1.013369	-0.240676
1.220000	0.219416	-0.509703	0.284103	1.256198	-1.031451	-0.245663
1.240000	0.398290	-0.745147	0.259321	1.275270	-1.045735	-0.250052
1.260000	0.552472	-0.975738	0.230453	1.288778	-1.055693	-0.253733
1.280000	0.676837	-1.197328	0.197406	1.295997	-1.060793	-0.256598
1.300000	0.766262	-1.405771	0.160089	1.296203	-1.060505	-0.258539
1.320000	0.816512	-1.597154	0.118442	1.288805	-1.054394	-0.259467
1.340000	0.829640	-1.769215	0.072639	1.274151	-1.042709	-0.259428
1.360000	0.810404	-1.920400	0.022950	1.252998	-1.025991	-0.258530
1.380000	0.763576	-2.049159	-0.030350	1.226103	-1.004782	-0.256876
1.400000	0.693925	-2.153944	-0.086988	1.194224	-0.979624	-0.254574
1.420000	0.606223	-2.233203	-0.146692	1.158118	-0.951060	-0.251729
1.440000	0.505239	-2.285388	-0.209190	1.118543	-0.919632	-0.248447
1.460000	0.395744	-2.308949	-0.274207	1.076255	-0.885882	-0.244834
1.480000	0.282509	-2.302335	-0.341471	1.032013	-0.850353	-0.240995
1.500000	0.170304	-2.263997	-0.410709	0.986574	-0.813587	-0.237037
1.520000	0.063899	-2.192385	-0.481649	0.940694	-0.776127	-0.233066
1.540000	-0.031935	-2.085950	-0.554016	0.895132	-0.738514	-0.229186
1.560000	-0.112428	-1.943141	-0.627540	0.850645	-0.701292	-0.225505
1.580000	-0.172809	-1.762409	-0.701945	0.807990	-0.665002	-0.222128
1.600000	-0.208308	-1.542205	-0.776961	0.767924	-0.630187	-0.219160
1.620000	-0.214155	-1.280977	-0.852313	0.731206	-0.597389	-0.216708
1.640000	-0.185857	-0.977444	-0.927709	0.698564	-0.567133	-0.214872
1.660000	-0.123830	-0.635026	-1.002523	0.670225	-0.539628	-0.213646
1.680000	-0.032681	-0.261163	-1.075838	0.645990	-0.514810	-0.212936
1.700000	0.082846	0.136576	-1.146732	0.625645	-0.492611	-0.212644
1.720000	0.218007	0.550621	-1.214280	0.608974	-0.472960	-0.212671
1.740000	0.368060	0.973402	-1.277557	0.595765	-0.455786	-0.212921
1.760000	0.528260	1.397350	-1.335640	0.585803	-0.441020	-0.213296
1.780000	0.693865	1.814895	-1.387604	0.578873	-0.428591	-0.213696
1.800000	0.860131	2.218468	-1.432526	0.574762	-0.418428	-0.214026
1.820000	1.022315	2.600499	-1.469482	0.573256	-0.410462	-0.214187
1.840000	1.175673	2.953419	-1.497547	0.574140	-0.404621	-0.214081
1.860000	1.315462	3.269658	-1.515797	0.577200	-0.400837	-0.213610
1.880000	1.436938	3.541646	-1.523308	0.582221	-0.399038	-0.212677
1.900000	1.535359	3.761814	-1.519156	0.588991	-0.399154	-0.211184
1.920000	1.605981	3.922593	-1.502417	0.597295	-0.401114	-0.209033
1.940000	1.644060	4.016413	-1.472167	0.606918	-0.404850	-0.206126
1.960000	1.644896	4.035780	-1.427494	0.617647	-0.410288	-0.202367
1.980000	1.606879	3.978799	-1.368422	0.629299	-0.417317	-0.197728
2.000000	1.533559	3.852909	-1.296533	0.641743	-0.425752	-0.192299
2.020000	1.428975	3.666436	-1.213555	0.654854	-0.435399	-0.186180
2.040000	1.297166	3.427702	-1.121218	0.668505	-0.446070	-0.179471
2.060000	1.142168	3.145033	-1.021252	0.682571	-0.457570	-0.172274
2.080000	0.968022	2.826753	-0.915386	0.696925	-0.469710	-0.164688
2.100000	0.778765	2.481187	-0.805349	0.711442	-0.482298	-0.156814
2.120000	0.578435	2.116659	-0.692872	0.725996	-0.495141	-0.148753
2.140000	0.371072	1.741494	-0.579683	0.740460	-0.508049	-0.140603
2.160000	0.160713	1.364015	-0.467511	0.754710	-0.520830	-0.132468
2.180000	-0.048602	0.992547	-0.358087	0.768618	-0.533292	-0.124445
2.200000	-0.252837	0.635416	-0.253139	0.782060	-0.545245	-0.116637
2.220000	-0.447952	0.300944	-0.154397	0.794908	-0.556495	-0.109143
2.240000	-0.629908	-0.002543	-0.063591	0.807038	-0.566853	-0.102063
2.260000	-0.794668	-0.266720	0.017550	0.818323	-0.576126	-0.095499
2.280000	-0.938193	-0.483265	0.087297	0.828637	-0.584123	-0.089550
2.300000	-1.057569	-0.646488	0.144386	0.837883	-0.590714	-0.084292
2.320000	-1.153728	-0.759725	0.189141	0.846061	-0.595986	-0.079713
2.340000	-1.228423	-0.828239	0.222230	0.853191	-0.600068	-0.075782
2.360000	-1.283409	-0.857291	0.244318	0.859294	-0.603093	-0.072468
2.380000	-1.320440	-0.852147	0.256071	0.864392	-0.605190	-0.069742
2.400000	-1.341270	-0.818067	0.258156	0.868503	-0.606491	-0.067572
2.420000	-1.347654	-0.760315	0.251239	0.871651	-0.607127	-0.065928
2.440000	-1.341344	-0.684154	0.235985	0.873854	-0.607229	-0.064780
2.460000	-1.324095	-0.594847	0.213060	0.875134	-0.606927	-0.064096
2.480000	-1.297662	-0.497657	0.183131	0.875511	-0.606353	-0.063847
2.500000	-1.263798	-0.397847	0.146864	0.875007	-0.605637	-0.064003
2.520000	-1.224257	-0.300680	0.104925	0.873642	-0.604912	-0.064531
2.540000	-1.180793	-0.211417	0.057980	0.871436	-0.604306	-0.065403
2.560000	-1.135161	-0.135324	0.006694	0.868410	-0.603952	-0.066587
2.580000	-1.089114	-0.077662	-0.048266	0.864586	-0.603980	-0.068053
2.600000	-1.044393	-0.043625	-0.106227	0.859984	-0.604520	-0.069769
2.620000	-1.002107	-0.035374	-0.166234	0.854667	-0.605616	-0.071688
2.640000	-0.962501	-0.050901	-0.226941	0.848752	-0.607197	-0.073737
2.660000	-0.925756	-0.087894	-0.286975	0.842361	-0.609185	-0.075839
2.680000	-0.892055	-0.144041	-0.344963	0.835616	-0.611500	-0.077920
2.700000	-0.861578	-0.217032	-0.399529	0.828637	-0.614063	-0.079905
2.720000	-0.834509	-0.304554	-0.449301	0.821547	-0.616794	-0.081720
2.740000	-0.811028	-0.404296	-0.492906	0.814468	-0.619615	-0.083288
