0.000000	-0.445889	-1.158168	0.250987	0.814325	-0.656613	-0.064748
0.020000	-0.461294	-1.134228	0.237414	0.812602	-0.654467	-0.072047
0.040000	-0.485933	-1.093309	0.221059	0.809891	-0.652328	-0.079274
0.060000	-0.519741	-1.035779	0.202116	0.806208	-0.650211	-0.086379
0.080000	-0.561516	-0.963837	0.181037	0.801690	-0.648116	-0.093327
0.100000	-0.610001	-0.879777	0.158291	0.796484	-0.646043	-0.100086
0.120000	-0.663938	-0.785891	0.134346	0.790734	-0.643991	-0.106622
0.140000	-0.722068	-0.684472	0.109669	0.784585	-0.641961	-0.112904
0.160000	-0.783134	-0.577813	0.084728	0.778182	-0.639951	-0.118897
0.180000	-0.845876	-0.468208	0.059990	0.771670	-0.637963	-0.124570
0.200000	-0.909037	-0.357948	0.035923	0.765194	-0.635995	-0.129888
0.220000	-0.971359	-0.249326	0.012994	0.758899	-0.634047	-0.134820
0.240000	-1.031583	-0.144636	-0.008328	0.752930	-0.632119	-0.139331
0.260000	-1.088451	-0.046171	-0.027576	0.747432	-0.630211	-0.143390
0.280000	-1.140705	0.043777	-0.044282	0.742550	-0.628323	-0.146963
0.300000	-1.187087	0.122915	-0.057979	0.738429	-0.626453	-0.150018
0.320000	-1.226339	0.188950	-0.068199	0.735213	-0.624603	-0.152520
0.340000	-1.257202	0.239589	-0.074475	0.733049	-0.622771	-0.154438
0.360000	-1.278421	0.272546	-0.076340	0.732080	-0.620957	-0.155739
0.380000	-1.289286	0.286890	-0.073604	0.732380	-0.619170	-0.156417
0.400000	-1.290264	0.284616	-0.066672	0.733873	-0.617438	-0.156525
0.420000	-1.281978	0.268102	-0.056029	0.736458	-0.615790	-0.156124
0.440000	-1.265048	0.239727	-0.042157	0.740040	-0.614257	-0.155276
0.460000	-1.240097	0.201870	-0.025541	0.744518	-0.612867	-0.154040
0.480000	-1.207747	0.156908	-0.006665	0.749797	-0.611653	-0.152480
0.500000	-1.168619	0.107222	0.013989	0.755776	-0.610642	-0.150654
0.520000	-1.123335	0.055188	0.035935	0.762359	-0.609865	-0.148625
0.540000	-1.072517	0.003186	0.058691	0.769448	-0.609353	-0.146453
0.560000	-1.016787	-0.046407	0.081773	0.776944	-0.609135	-0.144200
0.580000	-0.956766	-0.091210	0.104697	0.784750	-0.609241	-0.141925
0.600000	-0.893077	-0.128847	0.126979	0.792766	-0.609701	-0.139691
0.620000	-0.826341	-0.156939	0.148136	0.800897	-0.610546	-0.137558
0.640000	-0.757180	-0.173106	0.167684	0.809042	-0.611804	-0.135588
0.660000	-0.686216	-0.174972	0.185140	0.817105	-0.613506	-0.133841
0.680000	-0.614148	-0.161197	0.200174	0.825020	-0.615683	-0.132363
0.700000	-0.541888	-0.133367	0.212896	0.832813	-0.618366	-0.131160
0.720000	-0.470391	-0.093580	0.223490	0.840526	-0.621588	-0.130228
0.740000	-0.400606	-0.043934	0.232142	0.848202	-0.625381	-0.129566
0.760000	-0.333487	0.013473	0.239037	0.855882	-0.629777	-0.129170
0.780000	-0.269985	0.076543	0.244360	0.863609	-0.634808	-0.129039
0.800000	-0.211052	0.143179	0.248296	0.871425	-0.640507	-0.129169
0.820000	-0.157640	0.211281	0.251031	0.879372	-0.646906	-0.129559
0.840000	-0.110702	0.278751	0.252749	0.887492	-0.654037	-0.130205
0.860000	-0.071188	0.343493	0.253635	0.895828	-0.661932	-0.131106
0.880000	-0.040052	0.403408	0.253875	0.904422	-0.670624	-0.132259
0.900000	-0.018244	0.456397	0.253654	0.913315	-0.680145	-0.133660
0.920000	-0.006717	0.500363	0.253156	0.922551	-0.690526	-0.135309
0.940000	-0.006423	0.533208	0.252568	0.932171	-0.701801	-0.137201
0.960000	-0.018313	0.552833	0.252074	0.942217	-0.714002	-0.139336
0.980000	-0.043312	0.557190	0.251853	0.952728	-0.727156	-0.141709
1.000000	-0.081478	0.545719	0.251897	0.963626	-0.741176	-0.144303
1.020000	-0.131873	0.519579	0.251981	0.974700	-0.755839	-0.147083
1.040000	-0.193500	0.480029	0.251869	0.985731	-0.770914	-0.150012
1.060000	-0.265366	0.428324	0.251324	0.996500	-0.786171	-0.153056
1.080000	-0.346475	0.365720	0.250110	1.006787	-0.801380	-0.156177
1.100000	-0.435831	0.293475	0.247990	1.016374	-0.816310	-0.159339
1.120000	-0.532441	0.212846	0.244727	1.025042	-0.830731	-0.162508
1.140000	-0.635308	0.125088	0.240084	1.032571	-0.844413	-0.165646
1.160000	-0.743438	0.031458	0.233826	1.038744	-0.857124	-0.168718
1.180000	-0.855835	-0.066787	0.225716	1.043340	-0.868635	-0.171687
1.200000	-0.971505	-0.168390	0.215516	1.046141	-0.878715	-0.174518
1.220000	-1.089453	-0.272095	0.202990	1.046928	-0.887135	-0.177175
1.240000	-1.208683	-0.376645	0.187902	1.045481	-0.893662	-0.179621
1.260000	-1.328200	-0.480784	0.170015	1.041583	-0.898068	-0.181821
1.280000	-1.447009	-0.583255	0.149093	1.035013	-0.900121	-0.183738
1.300000	-1.564115	-0.682800	0.124899	1.025553	-0.899592	-0.185337
1.320000	-1.678326	-0.777839	0.097309	1.013140	-0.896370	-0.186590
1.340000	-1.788002	-0.866053	0.066455	0.998060	-0.890615	-0.187491
1.360000	-1.891443	-0.945020	0.032505	0.980650	-0.882528	-0.188036
1.380000	-1.986944	-1.012317	-0.004373	0.961247	-0.872306	-0.188220
1.400000	-2.072806	-1.065522	-0.044012	0.940188	-0.860150	-0.188041
1.420000	-2.147326	-1.102214	-0.086244	0.917809	-0.846258	-0.187493
1.440000	-2.208801	-1.119970	-0.130901	0.894447	-0.830829	-0.186574
1.460000	-2.255531	-1.116369	-0.177815	0.870439	-0.814064	-0.185278
1.480000	-2.285813	-1.088987	-0.226818	0.846122	-0.796159	-0.183603
1.500000	-2.297945	-1.035404	-0.277743	0.821832	-0.777316	-0.181545
1.520000	-2.290226	-0.953196	-0.330421	0.797906	-0.757733	-0.179099
1.540000	-2.260953	-0.839943	-0.384686	0.774681	-0.737609	-0.176261
1.560000	-2.208424	-0.693221	-0.440369	0.752493	-0.717143	-0.173028
1.580000	-2.130938	-0.510608	-0.497302	0.731680	-0.696535	-0.169396
1.600000	-2.026794	-0.289685	-0.555318	0.712578	-0.675983	-0.165360
1.620000	-1.895611	-0.030029	-0.614158	0.695441	-0.655676	-0.160937
1.640000	-1.740959	0.262801	-0.673297	0.680281	-0.635771	-0.156200
1.660000	-1.567146	0.582128	-0.732157	0.667062	-0.616418	-0.151234
1.680000	-1.378478	0.921280	-0.790160	0.655750	-0.597769	-0.146123
1.700000	-1.179261	1.273580	-0.846731	0.646308	-0.579974	-0.140952
1.720000	-0.973804	1.632355	-0.901291	0.638703	-0.563184	-0.135806
1.740000	-0.766413	1.990929	-0.953265	0.632898	-0.547550	-0.130769
1.760000	-0.561393	2.342629	-1.002075	0.628859	-0.533222	-0.125926
1.780000	-0.363054	2.680779	-1.047144	0.626550	-0.520351	-0.121361
1.800000	-0.175700	2.998704	-1.087894	0.625937	-0.509089	-0.117159
1.820000	-0.003640	3.289731	-1.123751	0.626985	-0.499586	-0.113405
1.840000	0.148821	3.547185	-1.154135	0.629658	-0.491992	-0.110183
1.860000	0.277375	3.764390	-1.178470	0.633920	-0.486459	-0.107578
1.880000	0.377715	3.934672	-1.196180	0.639738	-0.483137	-0.105675
1.900000	0.445535	4.051357	-1.206686	0.647076	-0.482178	-0.104558
1.920000	0.476527	4.107770	-1.209413	0.655898	-0.483731	-0.104311
1.940000	0.466411	4.097280	-1.203789	0.666170	-0.487947	-0.105019
1.960000	0.413587	4.017934	-1.189770	0.677785	-0.494813	-0.106694
1.980000	0.321484	3.876550	-1.168307	0.690508	-0.504020	-0.109209
2.000000	0.194083	3.680905	-1.140459	0.704087	-0.515222	-0.112427
2.020000	0.035366	3.438780	-1.107287	0.718272	-0.528075	-0.116208
2.040000	-0.150686	3.157955	-1.069848	0.732814	-0.542235	-0.120411
2.060000	-0.360091	2.846209	-1.029203	0.747460	-0.557356	-0.124898
2.080000	-0.588868	2.511321	-0.986411	0.761960	-0.573096	-0.129530
2.100000	-0.833035	2.161072	-0.942532	0.776065	-0.589108	-0.134165
2.120000	-1.088610	1.803240	-0.898624	0.789523	-0.605050	-0.138666
2.140000	-1.351613	1.445606	-0.855747	0.802084	-0.620576	-0.142893
2.160000	-1.618062	1.095950	-0.814960	0.813497	-0.635342	-0.146706
2.180000	-1.883975	0.762050	-0.777323	0.823511	-0.649003	-0.149966
2.200000	-2.145370	0.451688	-0.743896	0.831877	-0.661216	-0.152532
2.220000	-2.398267	0.172641	-0.715737	0.838343	-0.671635	-0.154267
2.240000	-2.638684	-0.067310	-0.693905	0.842659	-0.679917	-0.155030
2.260000	-2.862691	-0.260815	-0.679355	0.844594	-0.685735	-0.154691
2.280000	-3.067181	-0.407224	-0.671380	0.844215	-0.689060	-0.153264
2.300000	-3.249691	-0.511190	-0.667962	0.841826	-0.690095	-0.150880
2.320000	-3.407779	-0.577509	-0.667048	0.837737	-0.689050	-0.147670
2.340000	-3.539003	-0.610980	-0.666583	0.832261	-0.686135	-0.143767
2.360000	-3.640919	-0.616398	-0.664512	0.825706	-0.681559	-0.139304
2.380000	-3.711085	-0.598562	-0.658784	0.818384	-0.675532	-0.134412
2.400000	-3.747058	-0.562268	-0.647342	0.810605	-0.668264	-0.129225
2.420000	-3.746395	-0.512313	-0.628134	0.802681	-0.659965	-0.123874
2.440000	-3.706653	-0.453495	-0.599105	0.794920	-0.650845	-0.118492
2.460000	-3.625390	-0.390611	-0.558201	0.787635	-0.641114	-0.113212
2.480000	-3.500162	-0.328457	-0.503369	0.781135	-0.630980	-0.108165
2.500000	-3.328526	-0.271831	-0.432554	0.775732	-0.620655	-0.103485
2.520000	-3.108040	-0.225531	-0.343702	0.771736	-0.610348	-0.099304
2.540000	-2.836262	-0.194352	-0.234760	0.769457	-0.600268	-0.095754
2.560000	-2.510747	-0.183093	-0.103673	0.769206	-0.590626	-0.092968
2.580000	-2.130675	-0.195488	0.050761	0.771205	-0.581612	-0.091052
2.600000	-1.703569	-0.229799	0.225362	0.775219	-0.573313	-0.089981
2.620000	-1.239633	-0.282530	0.415541	0.780867	-0.565785	-0.089685
2.640000	-0.749074	-0.350185	0.616710	0.787765	-0.559084	-0.090095
2.660000	-0.242095	-0.429269	0.824280	0.795533	-0.553264	-0.091143
2.680000	0.271097	-0.516286	1.033662	0.803789	-0.548382	-0.092760
2.700000	0.780298	-0.607740	1.240268	0.812150	-0.544492	-0.094876
2.720000	1.275302	-0.700134	1.439509	0.820236	-0.541649	-0.097424
2.740000	1.745905	-0.789974	1.626796	0.827663	-0.539910	-0.100335
2.760000	2.181900	-0.873762	1.797540	0.834051	-0.539329	-0.103538
2.780000	2.573083	-0.948004	1.947154	0.839017	-0.539962	-0.106967
2.800000	2.909248	-1.009203	2.071047	0.842180	-0.541864	-0.110551
2.820000	3.180190	-1.053863	2.164631	0.843158	-0.545091	-0.114223
2.840000	3.375705	-1.078489	2.223319	0.841569	-0.549697	-0.117912
2.860000	3.485586	-1.079584	2.242520	0.837031	-0.555739	-0.121551
2.880000	3.499628	-1.053652	2.217646	0.829162	-0.563271	-0.125071
2.900000	3.408678	-0.997596	2.144603	0.817641	-0.572334	-0.128405
2.920000	3.216001	-0.913017	2.025144	0.802864	-0.582790	-0.131524
2.940000	2.932974	-0.804586	1.864837	0.785693	-0.594384	-0.134420
2.960000	2.571112	-0.677027	1.669318	0.767000	-0.606861	-0.137088
2.980000	2.141931	-0.535062	1.444223	0.747656	-0.619965	-0.139521
