0.000000	-0.764521	0.183363	-0.272452	0.865217	-0.607124	-0.068556
0.020000	-0.812026	0.146352	-0.295787	0.866115	-0.608276	-0.069192
0.040000	-0.863095	0.101342	-0.311975	0.866094	-0.608022	-0.069860
0.060000	-0.917767	0.048282	-0.319581	0.865010	-0.606164	-0.070550
0.080000	-0.976082	-0.012879	-0.317172	0.862717	-0.602504	-0.071249
0.100000	-1.038081	-0.082194	-0.303313	0.859072	-0.596841	-0.071947
0.120000	-1.103802	-0.159710	-0.276574	0.853930	-0.588978	-0.072633
0.140000	-1.173078	-0.245069	-0.236417	0.847241	-0.578869	-0.073304
0.160000	-1.245254	-0.336950	-0.184410	0.839172	-0.566825	-0.073980
0.180000	-1.319607	-0.433896	-0.122419	0.829923	-0.553212	-0.074684
0.200000	-1.395412	-0.534447	-0.052314	0.819691	-0.538394	-0.075438
0.220000	-1.471946	-0.637145	0.024039	0.808677	-0.522733	-0.076265
0.240000	-1.548484	-0.740532	0.104771	0.797080	-0.506595	-0.077187
0.260000	-1.624304	-0.843150	0.188014	0.785099	-0.490343	-0.078228
0.280000	-1.698681	-0.943539	0.271900	0.772932	-0.474341	-0.079410
0.300000	-1.770892	-1.040241	0.354561	0.760780	-0.458953	-0.080754
0.320000	-1.840211	-1.131798	0.434130	0.748840	-0.444544	-0.082285
0.340000	-1.905917	-1.216752	0.508737	0.737313	-0.431476	-0.084025
0.360000	-1.967283	-1.293644	0.576516	0.726397	-0.420115	-0.085996
0.380000	-2.023588	-1.361016	0.635598	0.716291	-0.410825	-0.088220
0.400000	-2.074107	-1.417409	0.684115	0.707195	-0.403968	-0.090722
0.420000	-2.118115	-1.461365	0.720200	0.699307	-0.399910	-0.093522
0.440000	-2.154941	-1.491851	0.742604	0.692779	-0.398882	-0.096635
0.460000	-2.184069	-1.509142	0.751984	0.687614	-0.400715	-0.100049
0.480000	-2.205012	-1.513766	0.749358	0.683785	-0.405161	-0.103746
0.500000	-2.217284	-1.506247	0.735748	0.681269	-0.411972	-0.107707
0.520000	-2.220401	-1.487111	0.712175	0.680038	-0.420900	-0.111916
0.540000	-2.213876	-1.456885	0.679657	0.680069	-0.431698	-0.116354
0.560000	-2.197223	-1.416093	0.639216	0.681335	-0.444118	-0.121004
0.580000	-2.169957	-1.365263	0.591872	0.683811	-0.457912	-0.125848
0.600000	-2.131592	-1.304920	0.538645	0.687472	-0.472833	-0.130868
0.620000	-2.081641	-1.235589	0.480556	0.692292	-0.488634	-0.136047
0.640000	-2.019620	-1.157797	0.418624	0.698246	-0.505065	-0.141366
0.660000	-1.945042	-1.072070	0.353870	0.705309	-0.521880	-0.146808
0.680000	-1.857422	-0.978933	0.287315	0.713455	-0.538831	-0.152356
0.700000	-1.756273	-0.878912	0.219979	0.722658	-0.555671	-0.157991
0.720000	-1.641111	-0.772534	0.152881	0.732894	-0.572151	-0.163696
0.740000	-1.511448	-0.660324	0.087043	0.744137	-0.588024	-0.169453
0.760000	-1.367114	-0.542923	0.023412	0.756359	-0.603073	-0.175245
0.780000	-1.210019	-0.421742	-0.037543	0.769516	-0.617277	-0.181061
0.800000	-1.042920	-0.298501	-0.095548	0.783557	-0.630700	-0.186889
0.820000	-0.868577	-0.174923	-0.150329	0.798431	-0.643402	-0.192721
0.840000	-0.689748	-0.052731	-0.201613	0.814087	-0.655445	-0.198546
0.860000	-0.509194	0.066355	-0.249126	0.830475	-0.666893	-0.204355
0.880000	-0.329673	0.180611	-0.292595	0.847544	-0.677805	-0.210137
0.900000	-0.153946	0.288314	-0.331748	0.865242	-0.688245	-0.215883
0.920000	0.015228	0.387744	-0.366309	0.883519	-0.698275	-0.221583
0.940000	0.175090	0.477177	-0.396006	0.902325	-0.707955	-0.227227
0.960000	0.322881	0.554891	-0.420565	0.921607	-0.717348	-0.232805
0.980000	0.455840	0.619164	-0.439712	0.941316	-0.726517	-0.238307
1.000000	0.571209	0.668273	-0.453176	0.961401	-0.735522	-0.243723
1.020000	0.666228	0.700497	-0.460681	0.981810	-0.744426	-0.249043
1.040000	0.738137	0.714113	-0.461954	1.002493	-0.753290	-0.254258
1.060000	0.784181	0.707401	-0.456723	1.023398	-0.762177	-0.259358
1.080000	0.802994	0.679788	-0.445013	1.044411	-0.771089	-0.264323
1.100000	0.796675	0.633551	-0.427590	1.065256	-0.779880	-0.269111
1.120000	0.767852	0.571403	-0.405333	1.085633	-0.788384	-0.273678
1.140000	0.719154	0.496059	-0.379123	1.105241	-0.796433	-0.277978
1.160000	0.653209	0.410234	-0.349838	1.123781	-0.803859	-0.281965
1.180000	0.572646	0.316640	-0.318360	1.140952	-0.810494	-0.285595
1.200000	0.480093	0.217993	-0.285567	1.156454	-0.816172	-0.288823
1.220000	0.378180	0.117007	-0.252340	1.169988	-0.820724	-0.291602
1.240000	0.269534	0.016394	-0.219557	1.181253	-0.823983	-0.293887
1.260000	0.156784	-0.081129	-0.188099	1.189948	-0.825782	-0.295634
1.280000	0.042559	-0.172850	-0.158846	1.195775	-0.825952	-0.296796
1.300000	-0.070513	-0.256053	-0.132677	1.198432	-0.824326	-0.297329
1.320000	-0.179803	-0.328026	-0.110472	1.197619	-0.820738	-0.297188
1.340000	-0.282683	-0.386054	-0.093110	1.193037	-0.815018	-0.296326
1.360000	-0.376524	-0.427422	-0.081472	1.184386	-0.807000	-0.294699
1.380000	-0.458697	-0.449417	-0.076437	1.171365	-0.796516	-0.292262
1.400000	-0.526967	-0.449903	-0.078659	1.153780	-0.783459	-0.288983
1.420000	-0.581178	-0.429800	-0.087596	1.132000	-0.768043	-0.284910
1.440000	-0.621860	-0.391040	-0.102309	1.106580	-0.750589	-0.280116
1.460000	-0.649545	-0.335552	-0.121862	1.078073	-0.731416	-0.274673
1.480000	-0.664763	-0.265268	-0.145319	1.047035	-0.710844	-0.268654
1.500000	-0.668045	-0.182117	-0.171740	1.014018	-0.689193	-0.262132
1.520000	-0.659920	-0.088032	-0.200190	0.979579	-0.666785	-0.255180
1.540000	-0.640921	0.015059	-0.229730	0.944270	-0.643938	-0.247870
1.560000	-0.611577	0.125223	-0.259424	0.908646	-0.620972	-0.240275
1.580000	-0.572419	0.240531	-0.288334	0.873263	-0.598208	-0.232468
1.600000	-0.523979	0.359052	-0.315523	0.838672	-0.575967	-0.224522
1.620000	-0.466785	0.478855	-0.340054	0.805431	-0.554567	-0.216510
1.640000	-0.401370	0.598009	-0.360989	0.774091	-0.534329	-0.208503
1.660000	-0.328264	0.714584	-0.377392	0.745209	-0.515573	-0.200576
1.680000	-0.247998	0.826650	-0.388324	0.719338	-0.498619	-0.192800
1.700000	-0.161102	0.932275	-0.392849	0.697032	-0.483787	-0.185249
1.720000	-0.068106	1.029529	-0.390029	0.678846	-0.471397	-0.177995
1.740000	0.030458	1.116482	-0.378927	0.665334	-0.461770	-0.171110
1.760000	0.134052	1.191221	-0.358621	0.657044	-0.455222	-0.164668
1.780000	0.241697	1.253027	-0.329111	0.654099	-0.451834	-0.158699
1.800000	0.351722	1.303035	-0.291833	0.655963	-0.451322	-0.153166
1.820000	0.462398	1.342540	-0.248349	0.662044	-0.453370	-0.148030
1.840000	0.571996	1.372840	-0.200222	0.671748	-0.457664	-0.143249
1.860000	0.678787	1.395231	-0.149012	0.684481	-0.463888	-0.138783
1.880000	0.781039	1.411009	-0.096282	0.699651	-0.471725	-0.134592
1.900000	0.877025	1.421470	-0.043593	0.716663	-0.480860	-0.130633
1.920000	0.965014	1.427911	0.007493	0.734925	-0.490978	-0.126867
1.940000	1.043277	1.431627	0.055414	0.753844	-0.501762	-0.123253
1.960000	1.110084	1.433917	0.098608	0.772825	-0.512898	-0.119749
1.980000	1.163706	1.436074	0.135514	0.791276	-0.524070	-0.116316
2.000000	1.202414	1.439397	0.164570	0.808603	-0.534961	-0.112912
2.020000	1.224477	1.445181	0.184214	0.824213	-0.545257	-0.109497
2.040000	1.228206	1.454699	0.192914	0.837521	-0.554645	-0.106030
2.060000	1.213473	1.468265	0.190317	0.848277	-0.562968	-0.102505
2.080000	1.182183	1.484951	0.177601	0.856667	-0.570266	-0.098958
2.100000	1.136376	1.503742	0.156048	0.862904	-0.576596	-0.095427
2.120000	1.078094	1.523627	0.126940	0.867203	-0.582012	-0.091951
2.140000	1.009376	1.543591	0.091559	0.869779	-0.586569	-0.088570
2.160000	0.932266	1.562622	0.051187	0.870846	-0.590322	-0.085321
2.180000	0.848803	1.579707	0.007105	0.870619	-0.593327	-0.082245
2.200000	0.761028	1.593832	-0.039404	0.869312	-0.595638	-0.079379
2.220000	0.670982	1.603984	-0.087060	0.867139	-0.597311	-0.076762
2.240000	0.580707	1.609150	-0.134579	0.864315	-0.598400	-0.074434
2.260000	0.492244	1.608318	-0.180681	0.861055	-0.598960	-0.072433
2.280000	0.407632	1.600473	-0.224083	0.857573	-0.599048	-0.070799
2.300000	0.328914	1.584603	-0.263504	0.854084	-0.598717	-0.069569
2.320000	0.258088	1.559725	-0.297689	0.850797	-0.598022	-0.068781
2.340000	0.195995	1.525664	-0.326125	0.847823	-0.597010	-0.068436
2.360000	0.142219	1.483129	-0.349107	0.845159	-0.595717	-0.068492
2.380000	0.096280	1.432870	-0.366972	0.842799	-0.594179	-0.068908
2.400000	0.057697	1.375640	-0.380056	0.840735	-0.592431	-0.069641
2.420000	0.025989	1.312191	-0.388694	0.838959	-0.590510	-0.070648
2.440000	0.000676	1.243275	-0.393223	0.837465	-0.588452	-0.071886
2.460000	-0.018723	1.169644	-0.393978	0.836245	-0.586292	-0.073313
2.480000	-0.032687	1.092050	-0.391295	0.835291	-0.584066	-0.074887
2.500000	-0.041699	1.011245	-0.385511	0.834598	-0.581811	-0.076565
2.520000	-0.046238	0.927981	-0.376961	0.834156	-0.579562	-0.078303
2.540000	-0.046784	0.843009	-0.365982	0.833959	-0.577355	-0.080061
2.560000	-0.043819	0.757083	-0.352908	0.834000	-0.575227	-0.081794
2.580000	-0.037823	0.670953	-0.338078	0.834272	-0.573212	-0.083461
2.600000	-0.029276	0.585372	-0.321825	0.834766	-0.571348	-0.085018
2.620000	-0.018659	0.501091	-0.304487	0.835476	-0.569669	-0.086424
2.640000	-0.006453	0.418864	-0.286399	0.836395	-0.568212	-0.087636
2.660000	0.006863	0.339441	-0.267898	0.837515	-0.567013	-0.088610
2.680000	0.020807	0.263575	-0.249319	0.838829	-0.566108	-0.089305
2.700000	0.034897	0.192012	-0.230997	0.840329	-0.565532	-0.089679
2.720000	0.048494	0.125103	-0.213240	0.841972	-0.565292	-0.089719
2.740000	0.060706	0.062546	-0.196305	0.843655	-0.565349	-0.089462
2.760000	0.070613	0.003977	-0.180447	0.845271	-0.565657	-0.088952
2.780000	0.077298	-0.050965	-0.165918	0.846712	-0.566173	-0.088231
2.800000	0.079844	-0.102643	-0.152973	0.847871	-0.566853	-0.087340
2.820000	0.077332	-0.151420	-0.141866	0.848640	-0.567651	-0.086322
