0.000000	-0.621734	0.437375	-0.081674	0.822835	-0.639024	-0.031491
0.020000	-0.625539	0.423513	-0.077051	0.823393	-0.644951	-0.023952
0.040000	-0.626774	0.399152	-0.073697	0.823860	-0.650455	-0.017714
0.060000	-0.625841	0.364446	-0.071620	0.824193	-0.655474	-0.012791
0.080000	-0.623319	0.320154	-0.070731	0.824340	-0.659961	-0.009120
0.100000	-0.619788	0.267039	-0.070941	0.824252	-0.663870	-0.006640
0.120000	-0.615830	0.205863	-0.072163	0.823880	-0.667152	-0.005289
0.140000	-0.612025	0.137387	-0.074307	0.823173	-0.669760	-0.005004
0.160000	-0.608955	0.062374	-0.077284	0.822081	-0.671646	-0.005723
0.180000	-0.607199	-0.018413	-0.081006	0.820554	-0.672764	-0.007384
0.200000	-0.607339	-0.104214	-0.085385	0.818543	-0.673066	-0.009924
0.220000	-0.609955	-0.194265	-0.090330	0.815997	-0.672504	-0.013283
0.240000	-0.615629	-0.287804	-0.095754	0.812866	-0.671031	-0.017397
0.260000	-0.624940	-0.384070	-0.101567	0.809102	-0.668600	-0.022204
0.280000	-0.638471	-0.482301	-0.107682	0.804652	-0.665163	-0.027642
0.300000	-0.656800	-0.581733	-0.114009	0.799469	-0.660672	-0.033650
0.320000	-0.680510	-0.681605	-0.120459	0.793501	-0.655081	-0.040164
0.340000	-0.710182	-0.781156	-0.126944	0.786699	-0.648342	-0.047123
0.360000	-0.746340	-0.879628	-0.133375	0.779020	-0.640416	-0.054465
0.380000	-0.788561	-0.976373	-0.139647	0.770531	-0.631404	-0.062129
0.400000	-0.835612	-1.070834	-0.145646	0.761395	-0.621531	-0.070056
0.420000	-0.886235	-1.162457	-0.151255	0.751779	-0.611023	-0.078188
0.440000	-0.939171	-1.250686	-0.156359	0.741848	-0.600107	-0.086465
0.460000	-0.993162	-1.334969	-0.160842	0.731769	-0.589010	-0.094829
0.480000	-1.046950	-1.414749	-0.164588	0.721708	-0.577958	-0.103220
0.500000	-1.099276	-1.489474	-0.167482	0.711830	-0.567179	-0.111581
0.520000	-1.148882	-1.558588	-0.169407	0.702303	-0.556899	-0.119851
0.540000	-1.194509	-1.621536	-0.170249	0.693291	-0.547345	-0.127972
0.560000	-1.234900	-1.677766	-0.169891	0.684960	-0.538744	-0.135884
0.580000	-1.268796	-1.726721	-0.168217	0.677478	-0.531323	-0.143530
0.600000	-1.294939	-1.767848	-0.165112	0.671010	-0.525309	-0.150850
0.620000	-1.312069	-1.800592	-0.160460	0.665722	-0.520929	-0.157786
0.640000	-1.318930	-1.824399	-0.154145	0.661779	-0.518409	-0.164278
0.660000	-1.314262	-1.838714	-0.146052	0.659349	-0.517976	-0.170267
0.680000	-1.297054	-1.843154	-0.136144	0.658565	-0.519806	-0.175707
0.700000	-1.267672	-1.838286	-0.124833	0.659379	-0.523789	-0.180629
0.720000	-1.226964	-1.825011	-0.112686	0.661680	-0.529715	-0.185084
0.740000	-1.175777	-1.804228	-0.100268	0.665359	-0.537374	-0.189129
0.760000	-1.114957	-1.776838	-0.088148	0.670304	-0.546557	-0.192816
0.780000	-1.045352	-1.743742	-0.076891	0.676405	-0.557052	-0.196201
0.800000	-0.967809	-1.705838	-0.067064	0.683551	-0.568652	-0.199338
0.820000	-0.883175	-1.664027	-0.059234	0.691633	-0.581144	-0.202280
0.840000	-0.792297	-1.619210	-0.053968	0.700538	-0.594321	-0.205083
0.860000	-0.696021	-1.572286	-0.051833	0.710157	-0.607972	-0.207801
0.880000	-0.595196	-1.524155	-0.053395	0.720379	-0.621886	-0.210487
0.900000	-0.490668	-1.475718	-0.059221	0.731093	-0.635855	-0.213197
0.920000	-0.383285	-1.427875	-0.069878	0.742189	-0.649668	-0.215984
0.940000	-0.273893	-1.381526	-0.085932	0.753557	-0.663115	-0.218903
0.960000	-0.163339	-1.337570	-0.107951	0.765085	-0.675987	-0.222008
0.980000	-0.052472	-1.296906	-0.136498	0.776663	-0.688074	-0.225353
1.000000	0.057684	-1.260012	-0.171631	0.788220	-0.699253	-0.228966
1.020000	0.165727	-1.226466	-0.212324	0.799769	-0.709583	-0.232821
1.040000	0.270205	-1.195733	-0.257415	0.811333	-0.719150	-0.236881
1.060000	0.369670	-1.167276	-0.305740	0.822935	-0.728035	-0.241114
1.080000	0.462670	-1.140560	-0.356133	0.834598	-0.736324	-0.245483
1.100000	0.547754	-1.115048	-0.407432	0.846347	-0.744100	-0.249955
1.120000	0.623472	-1.090204	-0.458473	0.858203	-0.751447	-0.254494
1.140000	0.688374	-1.065493	-0.508092	0.870191	-0.758449	-0.259067
1.160000	0.741009	-1.040378	-0.555124	0.882334	-0.765189	-0.263638
1.180000	0.779926	-1.014323	-0.598407	0.894655	-0.771751	-0.268173
1.200000	0.803676	-0.986792	-0.636775	0.907178	-0.778219	-0.272637
1.220000	0.810806	-0.957249	-0.669066	0.919925	-0.784677	-0.276996
1.240000	0.799867	-0.925158	-0.694114	0.932920	-0.791209	-0.281215
1.260000	0.769408	-0.889983	-0.710758	0.946187	-0.797897	-0.285259
1.280000	0.717979	-0.851187	-0.717831	0.959748	-0.804828	-0.289094
1.300000	0.644256	-0.808275	-0.714233	0.973619	-0.812075	-0.292686
1.320000	0.549322	-0.761518	-0.700036	0.987655	-0.819562	-0.296007
1.340000	0.436420	-0.711874	-0.676364	1.001569	-0.827078	-0.299038
1.360000	0.308868	-0.660326	-0.644382	1.015068	-0.834403	-0.301758
1.380000	0.169985	-0.607855	-0.605250	1.027861	-0.841320	-0.304147
1.400000	0.023089	-0.555445	-0.560131	1.039655	-0.847612	-0.306185
1.420000	-0.128501	-0.504079	-0.510189	1.050157	-0.853060	-0.307853
1.440000	-0.281467	-0.454737	-0.456586	1.059075	-0.857446	-0.309130
1.460000	-0.432491	-0.408404	-0.400483	1.066116	-0.860554	-0.309996
1.480000	-0.578253	-0.366061	-0.343045	1.070990	-0.862165	-0.310431
1.500000	-0.715435	-0.328692	-0.285432	1.073402	-0.862062	-0.310415
1.520000	-0.840719	-0.297278	-0.228808	1.073061	-0.860026	-0.309929
1.540000	-0.950786	-0.272802	-0.174336	1.069675	-0.855841	-0.308951
1.560000	-1.042318	-0.256246	-0.123177	1.062950	-0.849288	-0.307462
1.580000	-1.111996	-0.248594	-0.076494	1.052595	-0.840149	-0.305442
1.600000	-1.156501	-0.250827	-0.035451	1.038318	-0.828206	-0.302870
1.620000	-1.173140	-0.263559	-0.001057	1.019918	-0.813313	-0.299733
1.640000	-1.162938	-0.285199	0.026574	0.997750	-0.795732	-0.296049
1.660000	-1.128293	-0.313346	0.047664	0.972371	-0.775883	-0.291847
1.680000	-1.071605	-0.345596	0.062433	0.944339	-0.754182	-0.287157
1.700000	-0.995273	-0.379545	0.071102	0.914213	-0.731049	-0.282011
1.720000	-0.901698	-0.412790	0.073892	0.882551	-0.706899	-0.276438
1.740000	-0.793280	-0.442927	0.071023	0.849911	-0.682152	-0.270468
1.760000	-0.672418	-0.467553	0.062716	0.816850	-0.657226	-0.264131
1.780000	-0.541511	-0.484265	0.049193	0.783928	-0.632537	-0.257458
1.800000	-0.402961	-0.490659	0.030673	0.751702	-0.608504	-0.250479
1.820000	-0.259167	-0.484331	0.007379	0.720730	-0.585545	-0.243224
1.840000	-0.112529	-0.462878	-0.020471	0.691570	-0.564077	-0.235723
1.860000	0.034553	-0.423896	-0.052654	0.664781	-0.544519	-0.228006
1.880000	0.179680	-0.364983	-0.088950	0.640920	-0.527288	-0.220104
1.900000	0.320451	-0.283734	-0.129139	0.620546	-0.512802	-0.212047
1.920000	0.454467	-0.177746	-0.172998	0.604217	-0.501479	-0.203865
1.940000	0.579414	-0.044877	-0.220288	0.592454	-0.493707	-0.195588
1.960000	0.694189	0.113329	-0.270486	0.585261	-0.489474	-0.187247
1.980000	0.798588	0.292593	-0.322858	0.582257	-0.488463	-0.178877
2.000000	0.892430	0.488574	-0.376666	0.583051	-0.490355	-0.170508
2.020000	0.975530	0.696929	-0.431172	0.587255	-0.494828	-0.162173
2.040000	1.047708	0.913317	-0.485639	0.594477	-0.501562	-0.153906
2.060000	1.108779	1.133394	-0.539330	0.604330	-0.510234	-0.145739
2.080000	1.158561	1.352819	-0.591505	0.616422	-0.520525	-0.137704
2.100000	1.196871	1.567250	-0.641427	0.630364	-0.532113	-0.129834
2.120000	1.223528	1.772345	-0.688359	0.645767	-0.544676	-0.122161
2.140000	1.238347	1.963761	-0.731563	0.662239	-0.557895	-0.114719
2.160000	1.241146	2.137156	-0.770300	0.679393	-0.571447	-0.107540
2.180000	1.231743	2.288189	-0.803833	0.696837	-0.585012	-0.100656
2.200000	1.209955	2.412516	-0.831424	0.714182	-0.598269	-0.094100
2.220000	1.175599	2.505796	-0.852335	0.731038	-0.610897	-0.087904
2.240000	1.128493	2.563687	-0.865829	0.747015	-0.622574	-0.082102
2.260000	1.068468	2.581915	-0.871179	0.761728	-0.632983	-0.076726
2.280000	0.996074	2.559609	-0.868232	0.774972	-0.641966	-0.071796
2.300000	0.912895	2.500806	-0.857663	0.786803	-0.649596	-0.067320
2.320000	0.820597	2.409923	-0.840212	0.797301	-0.655966	-0.063302
2.340000	0.720846	2.291379	-0.816617	0.806542	-0.661165	-0.059747
2.360000	0.615305	2.149590	-0.787617	0.814605	-0.665286	-0.056659
2.380000	0.505642	1.988976	-0.753951	0.821567	-0.668420	-0.054043
2.400000	0.393521	1.813952	-0.716359	0.827506	-0.670658	-0.051905
2.420000	0.280606	1.628939	-0.675579	0.832500	-0.672092	-0.050248
2.440000	0.168565	1.438352	-0.632350	0.836626	-0.672813	-0.049078
2.460000	0.059061	1.246611	-0.587411	0.839963	-0.672911	-0.048400
2.480000	-0.046240	1.058132	-0.541502	0.842588	-0.672480	-0.048218
2.500000	-0.145672	0.877334	-0.495361	0.844579	-0.671609	-0.048537
2.520000	-0.237571	0.708634	-0.449727	0.846014	-0.670390	-0.049362
2.540000	-0.320271	0.556450	-0.405340	0.846970	-0.668915	-0.050697
2.560000	-0.392114	0.425180	-0.362935	0.847526	-0.667275	-0.052548
2.580000	-0.452235	0.317140	-0.323036	0.847739	-0.665534	-0.054892
2.600000	-0.501230	0.230795	-0.285763	0.847634	-0.663712	-0.057662
2.620000	-0.539855	0.164191	-0.251197	0.847231	-0.661822	-0.060783
2.640000	-0.568867	0.115375	-0.219415	0.846549	-0.659875	-0.064180
2.660000	-0.589022	0.082396	-0.190498	0.845609	-0.657887	-0.067781
2.680000	-0.601075	0.063298	-0.164525	0.844430	-0.655869	-0.071511
2.700000	-0.605784	0.056131	-0.141574	0.843034	-0.653834	-0.075296
2.720000	-0.603903	0.058940	-0.121726	0.841439	-0.651796	-0.079062
2.740000	-0.596189	0.069773	-0.105058	0.839666	-0.649768	-0.082734
2.760000	-0.583398	0.086677	-0.091650	0.837734	-0.647763	-0.086240
2.780000	-0.566286	0.107700	-0.081582	0.835664	-0.645794	-0.089504
2.800000	-0.545609	0.130887	-0.074932	0.833476	-0.643873	-0.092453
2.820000	-0.522124	0.154286	-0.071780	0.831190	-0.642015	-0.095013
2.840000	-0.496586	0.175945	-0.072205	0.828825	-0.640231	-0.097110
2.860000	-0.469751	0.193910	-0.076286	0.826402	-0.638536	-0.098670
2.880000	-0.442376	0.206228	-0.084101	0.823941	-0.636942	-0.099618
2.900000	-0.415126	0.211452	-0.095622	0.821462	-0.635460	-0.099904
2.920000	-0.388321	0.210073	-0.110399	0.818990	-0.634095	-0.099570
2.940000	-0.362200	0.203049	-0.127883	0.816548	-0.632849	-0.098675
2.960000	-0.336999	0.191337	-0.147524	0.814161	-0.631724	-0.097284
2.980000	-0.312956	0.175895	-0.168774	0.811854	-0.630724	-0.095456
3.000000	-0.290308	0.157680	-0.191082	0.809650	-0.629850	-0.093256
3.020000	-0.269292	0.137649	-0.213900	0.807575	-0.629105	-0.090744
3.040000	-0.250146	0.116760	-0.236677	0.805652	-0.628491	-0.087983
3.060000	-0.233106	0.095970	-0.258865	0.803906	-0.628011	-0.085034
