0.000000	1.467598	3.265453	-2.050465	-0.083544	-1.770208	-0.467771
0.020000	1.460190	3.092496	-2.253045	-0.131079	-1.724275	-0.443029
0.040000	1.430709	2.895927	-2.477545	-0.180979	-1.675512	-0.416672
0.060000	1.384184	2.680868	-2.722488	-0.231896	-1.624164	-0.389327
0.080000	1.325646	2.452440	-2.986394	-0.282480	-1.570473	-0.361618
0.100000	1.260122	2.215763	-3.267786	-0.331384	-1.514686	-0.334171
0.120000	1.192642	1.975959	-3.565186	-0.377257	-1.457046	-0.307612
0.140000	1.128236	1.738149	-3.877114	-0.418750	-1.397796	-0.282566
0.160000	1.071932	1.507453	-4.202094	-0.454515	-1.337182	-0.259659
0.180000	1.028759	1.288992	-4.538646	-0.483202	-1.275447	-0.239517
0.200000	1.003746	1.087888	-4.885292	-0.503463	-1.212836	-0.222765
0.220000	1.001680	0.909037	-5.240481	-0.514040	-1.149600	-0.209987
0.240000	1.023843	0.754128	-5.601617	-0.515004	-1.086099	-0.201179
0.260000	1.068891	0.622442	-5.965317	-0.507421	-1.022774	-0.195892
0.280000	1.135417	0.513200	-6.328181	-0.492379	-0.960069	-0.193669
0.300000	1.222013	0.425624	-6.686807	-0.470970	-0.898427	-0.194050
0.320000	1.327273	0.358937	-7.037796	-0.444281	-0.838290	-0.196579
0.340000	1.449788	0.312361	-7.377747	-0.413404	-0.780102	-0.200796
0.360000	1.588152	0.285119	-7.703258	-0.379427	-0.724305	-0.206243
0.380000	1.740958	0.276432	-8.010929	-0.343440	-0.671344	-0.212461
0.400000	1.906797	0.285523	-8.297360	-0.306533	-0.621661	-0.218993
0.420000	2.084263	0.311614	-8.559149	-0.269795	-0.575699	-0.225380
0.440000	2.271949	0.353928	-8.792896	-0.234316	-0.533901	-0.231164
0.460000	2.468446	0.411686	-8.995200	-0.201186	-0.496710	-0.235887
0.480000	2.672348	0.484111	-9.162661	-0.171494	-0.464570	-0.239089
0.500000	2.882247	0.570425	-9.291878	-0.146329	-0.437924	-0.240313
0.520000	3.096737	0.669850	-9.379450	-0.126782	-0.417214	-0.239101
0.540000	3.314394	0.781593	-9.422027	-0.113928	-0.402875	-0.235001
0.560000	3.533006	0.904008	-9.418887	-0.108132	-0.394890	-0.227916
0.580000	3.749214	1.034215	-9.373138	-0.108721	-0.392579	-0.218269
0.600000	3.959562	1.169233	-9.288194	-0.114940	-0.395215	-0.206521
0.620000	4.160599	1.306081	-9.167467	-0.126034	-0.402066	-0.193137
0.640000	4.348872	1.441778	-9.014369	-0.141249	-0.412402	-0.178578
0.660000	4.520927	1.573345	-8.832314	-0.159829	-0.425495	-0.163308
0.680000	4.673312	1.697800	-8.624712	-0.181020	-0.440614	-0.147789
0.700000	4.802574	1.812164	-8.394979	-0.204066	-0.457029	-0.132483
0.720000	4.905260	1.913455	-8.146524	-0.228213	-0.474010	-0.117854
0.740000	4.977917	1.998693	-7.882762	-0.252706	-0.490828	-0.104364
0.760000	5.017092	2.064899	-7.607105	-0.276789	-0.506753	-0.092476
0.780000	5.019333	2.109090	-7.322966	-0.299709	-0.521054	-0.082652
0.800000	4.981186	2.128287	-7.033756	-0.320710	-0.533003	-0.075356
0.820000	4.899198	2.119509	-6.742889	-0.339037	-0.541868	-0.071050
0.840000	4.769917	2.079777	-6.453777	-0.353935	-0.546920	-0.070197
0.860000	4.589892	2.006109	-6.169832	-0.364650	-0.547430	-0.073259
0.880000	4.358125	1.897222	-5.893543	-0.370673	-0.542978	-0.080482
0.900000	4.080868	1.756833	-5.624676	-0.372224	-0.534060	-0.091471
0.920000	3.765701	1.589576	-5.362495	-0.369657	-0.521339	-0.105712
0.940000	3.420207	1.400090	-5.106265	-0.363326	-0.505480	-0.122692
0.960000	3.051969	1.193009	-4.855249	-0.353584	-0.487146	-0.141898
0.980000	2.668567	0.972970	-4.608714	-0.340786	-0.467002	-0.162817
1.000000	2.277585	0.744610	-4.365922	-0.325283	-0.445711	-0.184936
1.020000	1.886604	0.512564	-4.126139	-0.307431	-0.423938	-0.207742
1.040000	1.503205	0.281469	-3.888630	-0.287583	-0.402346	-0.230721
1.060000	1.134972	0.055961	-3.652658	-0.266093	-0.381600	-0.253361
1.080000	0.789487	-0.159324	-3.417489	-0.243314	-0.362362	-0.275148
1.100000	0.474330	-0.359749	-3.182387	-0.219600	-0.345298	-0.295568
1.120000	0.197085	-0.540679	-2.946616	-0.195304	-0.331072	-0.314110
1.140000	-0.034667	-0.697477	-2.709441	-0.170781	-0.320346	-0.330260
1.160000	-0.213344	-0.825508	-2.470127	-0.146384	-0.313786	-0.343505
1.180000	-0.331363	-0.920134	-2.227938	-0.122467	-0.312055	-0.353331
1.200000	-0.382562	-0.977398	-1.982442	-0.099358	-0.315681	-0.359317
1.220000	-0.369787	-0.997653	-1.735129	-0.077237	-0.324337	-0.361629
1.240000	-0.299406	-0.982934	-1.488244	-0.056221	-0.337358	-0.360659
1.260000	-0.177799	-0.935284	-1.244031	-0.036427	-0.354077	-0.356803
1.280000	-0.011343	-0.856743	-1.004737	-0.017974	-0.373831	-0.350453
1.300000	0.193584	-0.749352	-0.772607	-0.000980	-0.395954	-0.342004
1.320000	0.430605	-0.615153	-0.549885	0.014438	-0.419781	-0.331851
1.340000	0.693341	-0.456186	-0.338818	0.028162	-0.444646	-0.320386
1.360000	0.975414	-0.274493	-0.141651	0.040074	-0.469885	-0.308005
1.380000	1.270447	-0.072114	0.039372	0.050055	-0.494831	-0.295102
1.400000	1.572061	0.148910	0.202003	0.057989	-0.518820	-0.282070
1.420000	1.873879	0.386536	0.343999	0.063757	-0.541187	-0.269303
1.440000	2.169523	0.638725	0.463114	0.067242	-0.561267	-0.257196
1.460000	2.452615	0.903435	0.557102	0.068324	-0.578393	-0.246143
1.480000	2.716777	1.178625	0.623717	0.066888	-0.591901	-0.236538
1.500000	2.955638	1.462250	0.660721	0.062815	-0.601127	-0.228775
1.520000	3.164810	1.751030	0.667335	0.056110	-0.605727	-0.223097
1.540000	3.344664	2.038727	0.646293	0.047077	-0.606123	-0.219393
1.560000	3.496266	2.318667	0.600843	0.036061	-0.602851	-0.217499
1.580000	3.620682	2.584179	0.534231	0.023406	-0.596445	-0.217249
1.600000	3.718980	2.828589	0.449706	0.009458	-0.587442	-0.218479
1.620000	3.792227	3.045224	0.350515	-0.005437	-0.576375	-0.221024
1.640000	3.841489	3.227412	0.239906	-0.020935	-0.563782	-0.224719
1.660000	3.867834	3.368480	0.121126	-0.036689	-0.550196	-0.229400
1.680000	3.872328	3.461755	-0.002577	-0.052355	-0.536153	-0.234902
1.700000	3.856038	3.500565	-0.127956	-0.067588	-0.522188	-0.241060
1.720000	3.820032	3.478236	-0.251763	-0.082041	-0.508837	-0.247710
1.740000	3.765375	3.388096	-0.370751	-0.095370	-0.496635	-0.254687
1.760000	3.693135	3.223472	-0.481671	-0.107229	-0.486116	-0.261827
1.780000	3.604379	2.977692	-0.581277	-0.117273	-0.477817	-0.268964
1.800000	3.500174	2.644082	-0.666321	-0.125156	-0.472273	-0.275934
1.820000	3.381617	2.216466	-0.733648	-0.130547	-0.469998	-0.282574
1.840000	3.250488	1.700017	-0.782229	-0.133416	-0.471064	-0.288776
1.860000	3.109253	1.111222	-0.813153	-0.134034	-0.475095	-0.294485
1.880000	2.960404	0.467057	-0.827602	-0.132685	-0.481699	-0.299647
1.900000	2.806435	-0.215499	-0.826756	-0.129655	-0.490480	-0.304208
1.920000	2.649839	-0.919471	-0.811796	-0.125227	-0.501045	-0.308117
1.940000	2.493111	-1.627881	-0.783904	-0.119686	-0.513001	-0.311319
1.960000	2.338744	-2.323752	-0.744261	-0.113318	-0.525953	-0.313763
1.980000	2.189230	-2.990108	-0.694048	-0.106405	-0.539508	-0.315393
2.000000	2.047065	-3.609972	-0.634446	-0.099234	-0.553272	-0.316158
2.020000	1.914741	-4.166366	-0.566636	-0.092088	-0.566851	-0.316004
2.040000	1.794751	-4.642314	-0.491800	-0.085252	-0.579852	-0.314878
2.060000	1.689590	-5.020839	-0.411118	-0.079010	-0.591880	-0.312727
2.080000	1.601751	-5.284963	-0.325771	-0.073647	-0.602542	-0.309498
2.100000	1.533727	-5.417711	-0.236941	-0.069448	-0.611444	-0.305137
2.120000	1.487960	-5.402512	-0.145817	-0.066692	-0.618199	-0.299595
2.140000	1.464959	-5.237892	-0.053939	-0.065462	-0.622701	-0.292929
2.160000	1.462773	-4.941568	0.036716	-0.065592	-0.625198	-0.285334
2.180000	1.479296	-4.532502	0.124140	-0.066900	-0.625961	-0.277014
2.200000	1.512418	-4.029653	0.206325	-0.069205	-0.625260	-0.268172
2.220000	1.560032	-3.451981	0.281263	-0.072323	-0.623368	-0.259013
2.240000	1.620030	-2.818446	0.346948	-0.076075	-0.620554	-0.249739
2.260000	1.690302	-2.148009	0.401372	-0.080276	-0.617091	-0.240556
2.280000	1.768742	-1.459629	0.442526	-0.084746	-0.613249	-0.231666
2.300000	1.853241	-0.772267	0.468404	-0.089302	-0.609299	-0.223273
2.320000	1.941690	-0.104882	0.476998	-0.093762	-0.605512	-0.215582
2.340000	2.031982	0.523564	0.466301	-0.097945	-0.602160	-0.208795
2.360000	2.122009	1.094113	0.434304	-0.101668	-0.599514	-0.203118
2.380000	2.209662	1.587804	0.379001	-0.104749	-0.597843	-0.198752
2.400000	2.292833	1.985677	0.298384	-0.107007	-0.597421	-0.195903
2.420000	2.369414	2.268772	0.190444	-0.108259	-0.598517	-0.194774
2.440000	2.437297	2.418152	0.053181	-0.108324	-0.601402	-0.195568
2.460000	2.494730	2.424312	-0.113385	-0.107112	-0.606208	-0.198365
2.480000	2.540858	2.301711	-0.304089	-0.104768	-0.612711	-0.202923
2.500000	2.574968	2.068556	-0.512963	-0.101475	-0.620632	-0.208954
2.520000	2.596345	1.743052	-0.734037	-0.097414	-0.629691	-0.216170
2.540000	2.604276	1.343406	-0.961343	-0.092767	-0.639610	-0.224279
2.560000	2.598048	0.887824	-1.188912	-0.087716	-0.650109	-0.232995
2.580000	2.576947	0.394513	-1.410776	-0.082443	-0.660909	-0.242026
