0.000000	1.111453	-1.391851	1.317939	-0.093998	-1.430409	-0.163295
0.020000	0.949901	-1.322238	1.181097	-0.112387	-1.437786	-0.174607
0.040000	0.793215	-1.234910	1.040671	-0.130421	-1.444817	-0.186052
0.060000	0.638561	-1.130758	0.900084	-0.147685	-1.451527	-0.197547
0.080000	0.483106	-1.010670	0.762761	-0.163764	-1.457939	-0.209008
0.100000	0.324016	-0.875536	0.632129	-0.178245	-1.464080	-0.220351
0.120000	0.158457	-0.726244	0.511610	-0.190711	-1.469972	-0.231492
0.140000	-0.016404	-0.563685	0.404632	-0.200749	-1.475642	-0.242348
0.160000	-0.203372	-0.388761	0.314578	-0.207948	-1.481112	-0.252835
0.180000	-0.403691	-0.203155	0.242685	-0.212191	-1.486354	-0.262882
0.200000	-0.616256	-0.009723	0.186953	-0.213796	-1.491261	-0.272435
0.220000	-0.839768	0.188583	0.145114	-0.213117	-1.495721	-0.281441
0.240000	-1.072929	0.388812	0.114902	-0.210511	-1.499621	-0.289848
0.260000	-1.314439	0.588010	0.094049	-0.206332	-1.502847	-0.297604
0.280000	-1.563000	0.783226	0.080289	-0.200934	-1.505286	-0.304656
0.300000	-1.817313	0.971508	0.071355	-0.194674	-1.506827	-0.310953
0.320000	-2.076078	1.149903	0.064980	-0.187905	-1.507354	-0.316442
0.340000	-2.337997	1.315459	0.058897	-0.180984	-1.506756	-0.321071
0.360000	-2.601772	1.465225	0.050838	-0.174263	-1.504920	-0.324786
0.380000	-2.866102	1.596248	0.038538	-0.168100	-1.501732	-0.327537
0.400000	-3.129690	1.705576	0.019729	-0.162849	-1.497080	-0.329271
0.420000	-3.391236	1.790256	-0.007855	-0.158864	-1.490850	-0.329935
0.440000	-3.649442	1.847338	-0.046483	-0.156501	-1.482930	-0.329477
0.460000	-3.903003	1.873887	-0.098410	-0.156112	-1.473207	-0.327846
0.480000	-4.149846	1.869320	-0.164701	-0.157840	-1.461637	-0.325065
0.500000	-4.386417	1.837590	-0.244119	-0.161417	-1.448304	-0.321309
0.520000	-4.608994	1.783170	-0.335159	-0.166528	-1.433312	-0.316767
0.540000	-4.813855	1.710530	-0.436321	-0.172859	-1.416761	-0.311628
0.560000	-4.997275	1.624144	-0.546102	-0.180095	-1.398752	-0.306082
0.580000	-5.155532	1.528484	-0.663000	-0.187921	-1.379386	-0.300319
0.600000	-5.284903	1.428020	-0.785512	-0.196024	-1.358764	-0.294528
0.620000	-5.381666	1.327227	-0.912136	-0.204089	-1.336988	-0.288899
0.640000	-5.442097	1.230575	-1.041370	-0.211802	-1.314159	-0.283621
0.660000	-5.462473	1.142536	-1.171712	-0.218847	-1.290378	-0.278885
0.680000	-5.439071	1.067584	-1.301660	-0.224911	-1.265746	-0.274880
0.700000	-5.368169	1.010189	-1.429711	-0.229679	-1.240364	-0.271795
0.720000	-5.246043	0.974824	-1.554362	-0.232837	-1.214333	-0.269820
0.740000	-5.068971	0.965961	-1.674113	-0.234070	-1.187756	-0.269145
0.760000	-4.833229	0.988072	-1.787461	-0.233063	-1.160732	-0.269960
0.780000	-4.535095	1.045629	-1.892903	-0.229503	-1.133363	-0.272453
0.800000	-4.173058	1.140957	-1.989260	-0.223181	-1.105764	-0.276736
0.820000	-3.754513	1.267737	-2.076655	-0.214319	-1.078107	-0.282598
0.840000	-3.289100	1.417474	-2.155538	-0.203245	-1.050579	-0.289747
0.860000	-2.786456	1.581671	-2.226360	-0.190289	-1.023366	-0.297892
0.880000	-2.256220	1.751834	-2.289570	-0.175779	-0.996654	-0.306743
0.900000	-1.708030	1.919467	-2.345618	-0.160045	-0.970629	-0.316009
0.920000	-1.151524	2.076073	-2.394956	-0.143415	-0.945478	-0.325397
0.940000	-0.596341	2.213159	-2.438032	-0.126220	-0.921387	-0.334618
0.960000	-0.052119	2.322228	-2.475297	-0.108787	-0.898542	-0.343379
0.980000	0.471505	2.394784	-2.507202	-0.091446	-0.877130	-0.351391
1.000000	0.964890	2.422333	-2.534196	-0.074526	-0.857337	-0.358361
1.020000	1.418400	2.396379	-2.556730	-0.058356	-0.839349	-0.363999
1.040000	1.822397	2.308426	-2.575253	-0.043265	-0.823353	-0.368014
1.060000	2.167241	2.149979	-2.590217	-0.029582	-0.809534	-0.370114
1.080000	2.443294	1.912542	-2.602070	-0.017637	-0.798080	-0.370009
1.100000	2.642910	1.590381	-2.611145	-0.007699	-0.789115	-0.367478
1.120000	2.769052	1.192485	-2.617138	0.000272	-0.782439	-0.362679
1.140000	2.828210	0.732728	-2.619534	0.006421	-0.777743	-0.355897
1.160000	2.826871	0.224987	-2.617821	0.010893	-0.774718	-0.347416
1.180000	2.771528	-0.316860	-2.611484	0.013832	-0.773056	-0.337519
1.200000	2.668668	-0.878935	-2.600008	0.015383	-0.772447	-0.326491
1.220000	2.524783	-1.447361	-2.582880	0.015691	-0.772584	-0.314616
1.240000	2.346361	-2.008260	-2.559585	0.014901	-0.773157	-0.302178
1.260000	2.139893	-2.547754	-2.529610	0.013156	-0.773858	-0.289460
1.280000	1.911869	-3.051967	-2.492441	0.010603	-0.774377	-0.276748
1.300000	1.668778	-3.507020	-2.447562	0.007385	-0.774407	-0.264324
1.320000	1.417110	-3.899035	-2.394461	0.003647	-0.773637	-0.252473
1.340000	1.163355	-4.214136	-2.332624	-0.000466	-0.771761	-0.241480
1.360000	0.914003	-4.438445	-2.261535	-0.004809	-0.768468	-0.231627
1.380000	0.675544	-4.558084	-2.180682	-0.009238	-0.763451	-0.223200
1.400000	0.454468	-4.559175	-2.089549	-0.013608	-0.756399	-0.216481
1.420000	0.257264	-4.427841	-1.987624	-0.017775	-0.747006	-0.211756
1.440000	0.090334	-4.150902	-1.874442	-0.021596	-0.734973	-0.209299
1.460000	-0.042034	-3.732027	-1.750778	-0.025011	-0.720308	-0.209154
1.480000	-0.137726	-3.192188	-1.618675	-0.028041	-0.703328	-0.211129
1.500000	-0.194726	-2.553145	-1.480232	-0.030709	-0.684363	-0.215022
1.520000	-0.211019	-1.836659	-1.337551	-0.033042	-0.663745	-0.220630
1.540000	-0.184588	-1.064490	-1.192733	-0.035063	-0.641804	-0.227751
1.560000	-0.113420	-0.258399	-1.047878	-0.036797	-0.618872	-0.236181
1.580000	0.004503	0.559854	-0.905087	-0.038268	-0.595279	-0.245720
1.600000	0.171196	1.368508	-0.766461	-0.039502	-0.571357	-0.256163
1.620000	0.388674	2.145803	-0.634101	-0.040523	-0.547436	-0.267308
1.640000	0.658952	2.869979	-0.510107	-0.041355	-0.523848	-0.278953
1.660000	0.984047	3.519274	-0.396581	-0.042024	-0.500924	-0.290896
1.680000	1.365974	4.071929	-0.295622	-0.042554	-0.478995	-0.302932
1.700000	1.806749	4.506183	-0.209333	-0.042969	-0.458391	-0.314861
1.720000	2.308387	4.800275	-0.139812	-0.043294	-0.439443	-0.326480
1.740000	2.872722	4.932873	-0.089116	-0.043554	-0.422480	-0.337586
1.760000	3.494382	4.899636	-0.057443	-0.043792	-0.407662	-0.348034
1.780000	4.158555	4.718473	-0.042566	-0.044070	-0.394936	-0.357750
1.800000	4.849792	4.408801	-0.042093	-0.044453	-0.384234	-0.366665
1.820000	5.552643	3.990034	-0.053632	-0.045007	-0.375488	-0.374707
1.840000	6.251660	3.481590	-0.074791	-0.045797	-0.368629	-0.381809
1.860000	6.931391	2.902884	-0.103178	-0.046888	-0.363590	-0.387900
1.880000	7.576387	2.273333	-0.136401	-0.048345	-0.360303	-0.392911
1.900000	8.171200	1.612352	-0.172067	-0.050232	-0.358698	-0.396773
1.920000	8.700378	0.939357	-0.207784	-0.052616	-0.358708	-0.399416
1.940000	9.148473	0.273764	-0.241162	-0.055561	-0.360265	-0.400771
1.960000	9.500034	-0.365010	-0.269806	-0.059132	-0.363301	-0.400767
1.980000	9.739613	-0.957550	-0.291327	-0.063395	-0.367747	-0.399336
2.000000	9.851759	-1.484440	-0.303330	-0.068414	-0.373536	-0.396408
2.020000	9.821023	-1.926264	-0.303425	-0.074254	-0.380598	-0.391914
2.040000	9.631955	-2.263605	-0.289219	-0.080981	-0.388866	-0.385783
2.060000	9.271501	-2.479107	-0.258611	-0.088643	-0.398266	-0.377970
2.080000	8.749425	-2.575022	-0.212268	-0.097125	-0.408661	-0.368642
2.100000	8.088127	-2.564460	-0.152392	-0.106221	-0.419884	-0.358086
2.120000	7.310138	-2.460647	-0.081201	-0.115728	-0.431765	-0.346590
2.140000	6.437994	-2.276809	-0.000910	-0.125438	-0.444134	-0.334443
2.160000	5.494226	-2.026172	0.086261	-0.135146	-0.456822	-0.321933
2.180000	4.501368	-1.721962	0.178097	-0.144647	-0.469660	-0.309348
2.200000	3.481954	-1.377405	0.272379	-0.153734	-0.482479	-0.296976
2.220000	2.458517	-1.005728	0.366890	-0.162203	-0.495109	-0.285107
2.240000	1.453590	-0.620155	0.459414	-0.169847	-0.507381	-0.274027
2.260000	0.489706	-0.233913	0.547731	-0.176461	-0.519125	-0.264026
2.280000	-0.410601	0.139773	0.629626	-0.181839	-0.530174	-0.255391
2.300000	-1.224798	0.487675	0.702881	-0.185776	-0.540356	-0.248411
2.320000	-1.930352	0.796569	0.765278	-0.188065	-0.549502	-0.243375
2.340000	-2.504730	1.053228	0.814600	-0.188501	-0.557445	-0.240570
2.360000	-2.925398	1.244427	0.848630	-0.186879	-0.564013	-0.240284
2.380000	-3.177395	1.360897	0.865946	-0.183088	-0.569094	-0.242691
2.400000	-3.271841	1.407003	0.867867	-0.177351	-0.572761	-0.247566
2.420000	-3.225468	1.390044	0.856303	-0.169959	-0.575132	-0.254597
2.440000	-3.055008	1.317316	0.833162	-0.161206	-0.576321	-0.263473
2.460000	-2.777193	1.196120	0.800353	-0.151384	-0.576446	-0.273885
2.480000	-2.408756	1.033752	0.759785	-0.140785	-0.575622	-0.285521
2.500000	-1.966428	0.837512	0.713368	-0.129703	-0.573965	-0.298070
2.520000	-1.466943	0.614698	0.663010	-0.118429	-0.571591	-0.311222
2.540000	-0.927033	0.372607	0.610620	-0.107257	-0.568616	-0.324665
2.560000	-0.363429	0.118538	0.558108	-0.096479	-0.565156	-0.338090
2.580000	0.207135	-0.140210	0.507382	-0.086387	-0.561327	-0.351185
2.600000	0.767929	-0.396339	0.460351	-0.077275	-0.557245	-0.363639
2.620000	1.302218	-0.642551	0.418924	-0.069435	-0.553026	-0.375143
2.640000	1.793272	-0.871548	0.385011	-0.063159	-0.548786	-0.385384
2.660000	2.224357	-1.076032	0.360520	-0.058740	-0.544642	-0.394052
2.680000	2.578742	-1.248703	0.347361	-0.056471	-0.540708	-0.400836
2.700000	2.839694	-1.382264	0.347441	-0.056644	-0.537101	-0.405426
2.720000	2.991692	-1.469924	0.362505	-0.059522	-0.533934	-0.407536
2.740000	3.035042	-1.511517	0.392134	-0.064972	-0.531266	-0.407210
2.760000	2.981165	-1.511530	0.434386	-0.072585	-0.529122	-0.404722
2.780000	2.841711	-1.474548	0.487293	-0.081947	-0.527526	-0.400352
2.800000	2.628330	-1.405153	0.548883	-0.092642	-0.526502	-0.394380
2.820000	2.352672	-1.307930	0.617185	-0.104255	-0.526074	-0.387085
2.840000	2.026387	-1.187461	0.690230	-0.116372	-0.526265	-0.378747
2.860000	1.661125	-1.048331	0.766047	-0.128577	-0.527099	-0.369645
2.880000	1.268537	-0.895122	0.842664	-0.140455	-0.528600	-0.360060
2.900000	0.860272	-0.732419	0.918112	-0.151591	-0.530792	-0.350270
2.920000	0.447980	-0.564806	0.990420	-0.161571	-0.533698	-0.340555
2.940000	0.043313	-0.396864	1.057617	-0.169978	-0.537342	-0.331196
2.960000	-0.342081	-0.233179	1.117732	-0.176399	-0.541749	-0.322471
2.980000	-0.696552	-0.078333	1.168796	-0.180419	-0.546941	-0.314660
3.000000	-1.008448	0.063089	1.208837	-0.181621	-0.552943	-0.308043
3.020000	-1.266120	0.186505	1.235885	-0.179592	-0.559778	-0.302899
3.040000	-1.460126	0.288346	1.248454	-0.174051	-0.567475	-0.299446
3.060000	-1.590943	0.369609	1.247234	-0.165328	-0.576086	-0.297620
3.080000	-1.661830	0.432570	1.233525	-0.153920	-0.585667	-0.297279
3.100000	-1.676045	0.479504	1.208628	-0.140328	-0.596277	-0.298280
3.120000	-1.636849	0.512689	1.173844	-0.125050	-0.607973	-0.300482
3.140000	-1.547500	0.534401	1.130473	-0.108585	-0.620812	-0.303742
3.160000	-1.411258	0.546915	1.079816	-0.091432	-0.634851	-0.307918
3.180000	-1.231382	0.552508	1.023174	-0.074091	-0.650149	-0.312868
3.200000	-1.011132	0.553456	0.961846	-0.057059	-0.666763	-0.318450
3.220000	-0.753766	0.552035	0.897134	-0.040837	-0.684750	-0.324521
3.240000	-0.462544	0.550522	0.830339	-0.025923	-0.704168	-0.330939
3.260000	-0.140726	0.551194	0.762760	-0.012817	-0.725074	-0.337562
