0.000000	1.071934	0.506267	-1.870769	-0.044663	-1.428417	-0.467407
0.020000	1.183126	0.106692	-1.702875	-0.060690	-1.433366	-0.472875
0.040000	1.250830	-0.297145	-1.517026	-0.078304	-1.438250	-0.476831
0.060000	1.283081	-0.691095	-1.317950	-0.096957	-1.442723	-0.479385
0.080000	1.287914	-1.061006	-1.110373	-0.116098	-1.446443	-0.480648
0.100000	1.273364	-1.392726	-0.899021	-0.135180	-1.449064	-0.480730
0.120000	1.247466	-1.672106	-0.688621	-0.153652	-1.450243	-0.479742
0.140000	1.218255	-1.884993	-0.483898	-0.170965	-1.449636	-0.477794
0.160000	1.193766	-2.017238	-0.289580	-0.186570	-1.446898	-0.474998
0.180000	1.182035	-2.054689	-0.110392	-0.199918	-1.441685	-0.471462
0.200000	1.191095	-1.983195	0.048940	-0.210460	-1.433654	-0.467300
0.220000	1.228917	-1.788768	0.183722	-0.217650	-1.422462	-0.462619
0.240000	1.298745	-1.469145	0.291665	-0.221270	-1.407985	-0.457514
0.260000	1.395990	-1.041499	0.374462	-0.221640	-1.390455	-0.452047
0.280000	1.515329	-0.524829	0.434181	-0.219131	-1.370139	-0.446279
0.300000	1.651437	0.061864	0.472891	-0.214115	-1.347304	-0.440271
0.320000	1.798990	0.699580	0.492659	-0.206963	-1.322215	-0.434082
0.340000	1.952663	1.369320	0.495554	-0.198046	-1.295140	-0.427774
0.360000	2.107133	2.052083	0.483644	-0.187736	-1.266344	-0.421407
0.380000	2.257075	2.728871	0.458996	-0.176404	-1.236095	-0.415042
0.400000	2.397165	3.380683	0.423679	-0.164422	-1.204658	-0.408738
0.420000	2.522078	3.988519	0.379761	-0.152160	-1.172300	-0.402557
0.440000	2.626490	4.533379	0.329310	-0.139990	-1.139287	-0.396559
0.460000	2.705077	4.996263	0.274395	-0.128283	-1.105887	-0.390805
0.480000	2.752514	5.358173	0.217082	-0.117411	-1.072365	-0.385354
0.500000	2.763478	5.600106	0.159441	-0.107745	-1.038988	-0.380268
0.520000	2.732643	5.703065	0.103539	-0.099655	-1.006022	-0.375607
0.540000	2.655222	5.649726	0.051333	-0.093488	-0.973722	-0.371426
0.560000	2.533432	5.444692	0.003313	-0.089245	-0.942189	-0.367699
0.580000	2.374408	5.107960	-0.041058	-0.086687	-0.911418	-0.364344
0.600000	2.185388	4.659845	-0.082338	-0.085569	-0.881399	-0.361280
0.620000	1.973610	4.120664	-0.121088	-0.085648	-0.852124	-0.358424
0.640000	1.746310	3.510732	-0.157864	-0.086678	-0.823584	-0.355693
0.660000	1.510727	2.850364	-0.193227	-0.088416	-0.795771	-0.353006
0.680000	1.274097	2.159876	-0.227734	-0.090618	-0.768676	-0.350278
0.700000	1.043659	1.459583	-0.261946	-0.093039	-0.742292	-0.347429
0.720000	0.826650	0.769802	-0.296419	-0.095434	-0.716608	-0.344375
0.740000	0.630308	0.110847	-0.331714	-0.097561	-0.691617	-0.341035
0.760000	0.461869	-0.496965	-0.368389	-0.099173	-0.667309	-0.337325
0.780000	0.328572	-1.033320	-0.407002	-0.100028	-0.643678	-0.333163
0.800000	0.237654	-1.477901	-0.448113	-0.099881	-0.620713	-0.328467
0.820000	0.196352	-1.810393	-0.492280	-0.098488	-0.598406	-0.323154
0.840000	0.211904	-2.010481	-0.540063	-0.095603	-0.576750	-0.317141
0.860000	0.289538	-2.063501	-0.591847	-0.091052	-0.555739	-0.310385
0.880000	0.425454	-1.980178	-0.647244	-0.084961	-0.535391	-0.303010
0.900000	0.613318	-1.778360	-0.705651	-0.077544	-0.515730	-0.295189
0.920000	0.846798	-1.475894	-0.766461	-0.069013	-0.496778	-0.287094
0.940000	1.119562	-1.090629	-0.829071	-0.059583	-0.478559	-0.278897
0.960000	1.425276	-0.640413	-0.892876	-0.049465	-0.461096	-0.270773
0.980000	1.757608	-0.143093	-0.957269	-0.038872	-0.444412	-0.262892
1.000000	2.110224	0.383482	-1.021648	-0.028019	-0.428529	-0.255428
1.020000	2.476792	0.921464	-1.085406	-0.017118	-0.413473	-0.248554
1.040000	2.850979	1.453006	-1.147939	-0.006381	-0.399264	-0.242442
1.060000	3.226452	1.960259	-1.208643	0.003977	-0.385927	-0.237264
1.080000	3.596878	2.425376	-1.266911	0.013745	-0.373485	-0.233194
1.100000	3.955925	2.830508	-1.322140	0.022708	-0.361960	-0.230404
1.120000	4.297259	3.157807	-1.373724	0.030654	-0.351377	-0.229066
1.140000	4.614548	3.389425	-1.421059	0.037370	-0.341758	-0.229353
1.160000	4.901459	3.507515	-1.463540	0.042642	-0.333126	-0.231438
1.180000	5.151661	3.494241	-1.500562	0.046259	-0.325505	-0.235493
1.200000	5.360827	3.340554	-1.531824	0.048087	-0.318913	-0.241578
1.220000	5.530124	3.061539	-1.557861	0.048216	-0.313359	-0.249441
1.240000	5.661656	2.676387	-1.579347	0.046776	-0.308849	-0.258778
1.260000	5.757526	2.204291	-1.596957	0.043894	-0.305389	-0.269284
1.280000	5.819839	1.664443	-1.611367	0.039697	-0.302985	-0.280655
1.300000	5.850697	1.076036	-1.623253	0.034314	-0.301643	-0.292586
1.320000	5.852206	0.458261	-1.633289	0.027872	-0.301370	-0.304773
1.340000	5.826468	-0.169689	-1.642150	0.020501	-0.302172	-0.316913
1.360000	5.775587	-0.788623	-1.650513	0.012326	-0.304054	-0.328700
1.380000	5.701667	-1.379347	-1.659052	0.003478	-0.307023	-0.339829
1.400000	5.606811	-1.922671	-1.668443	-0.005917	-0.311085	-0.349998
1.420000	5.493124	-2.399401	-1.679361	-0.015731	-0.316247	-0.358900
1.440000	5.362709	-2.790346	-1.692481	-0.025835	-0.322513	-0.366233
1.460000	5.217669	-3.076312	-1.708479	-0.036102	-0.329892	-0.371691
1.480000	5.060109	-3.238110	-1.728030	-0.046403	-0.338388	-0.374970
1.500000	4.892161	-3.257108	-1.751773	-0.056612	-0.348005	-0.375775
1.520000	4.716801	-3.130974	-1.779324	-0.066597	-0.358666	-0.374078
1.540000	4.537959	-2.875772	-1.809137	-0.076230	-0.370198	-0.370149
1.560000	4.359615	-2.508552	-1.839607	-0.085380	-0.382428	-0.364277
1.580000	4.185748	-2.046363	-1.869128	-0.093916	-0.395180	-0.356749
1.600000	4.020339	-1.506257	-1.896093	-0.101709	-0.408278	-0.347854
1.620000	3.867367	-0.905283	-1.918897	-0.108627	-0.421547	-0.337880
1.640000	3.730813	-0.260491	-1.935933	-0.114541	-0.434813	-0.327113
1.660000	3.614655	0.411069	-1.945596	-0.119320	-0.447899	-0.315843
1.680000	3.522876	1.092346	-1.946279	-0.122834	-0.460631	-0.304357
1.700000	3.459453	1.766291	-1.936376	-0.124952	-0.472833	-0.292943
1.720000	3.428368	2.415853	-1.914281	-0.125544	-0.484330	-0.281889
1.740000	3.433600	3.023983	-1.878388	-0.124480	-0.494946	-0.271483
1.760000	3.479129	3.573629	-1.827090	-0.121629	-0.504507	-0.262012
1.780000	3.568935	4.047743	-1.758783	-0.116861	-0.512836	-0.253765
1.800000	3.706999	4.429275	-1.671859	-0.110046	-0.519759	-0.247029
1.820000	3.897285	4.701212	-1.564720	-0.101053	-0.525102	-0.242092
1.840000	4.140853	4.854850	-1.437259	-0.089902	-0.528829	-0.239087
1.860000	4.432262	4.900039	-1.292705	-0.076942	-0.531218	-0.237810
1.880000	4.765192	4.849144	-1.134738	-0.062567	-0.532590	-0.238005
1.900000	5.133322	4.714529	-0.967038	-0.047171	-0.533265	-0.239420
1.920000	5.530333	4.508558	-0.793285	-0.031149	-0.533565	-0.241803
1.940000	5.949903	4.243597	-0.617161	-0.014894	-0.533809	-0.244899
1.960000	6.385712	3.932010	-0.442344	0.001199	-0.534317	-0.248456
1.980000	6.831440	3.586161	-0.272515	0.016735	-0.535411	-0.252222
2.000000	7.280766	3.218415	-0.111355	0.031321	-0.537410	-0.255942
2.020000	7.727370	2.841136	0.037456	0.044562	-0.540636	-0.259364
2.040000	8.164932	2.466688	0.170238	0.056064	-0.545408	-0.262235
2.060000	8.587131	2.107438	0.283311	0.065433	-0.552047	-0.264302
2.080000	8.987648	1.775748	0.372994	0.072275	-0.560873	-0.265312
2.100000	9.360160	1.483984	0.435607	0.076195	-0.572208	-0.265011
2.120000	9.698350	1.244505	0.467472	0.076799	-0.586371	-0.263147
2.140000	9.997367	1.065466	0.466727	0.073882	-0.603546	-0.259562
2.160000	10.256644	0.942751	0.436803	0.067787	-0.623523	-0.254375
2.180000	10.476386	0.870026	0.382092	0.058958	-0.646017	-0.247756
2.200000	10.656804	0.840954	0.306987	0.047838	-0.670744	-0.239874
2.220000	10.798102	0.849200	0.215878	0.034870	-0.697422	-0.230900
2.240000	10.900491	0.888428	0.113158	0.020497	-0.725767	-0.221002
2.260000	10.964176	0.952302	0.003219	0.005163	-0.755495	-0.210350
2.280000	10.989365	1.034486	-0.109549	-0.010689	-0.786322	-0.199114
2.300000	10.976266	1.128644	-0.220753	-0.026615	-0.817966	-0.187464
2.320000	10.925087	1.228441	-0.326002	-0.042173	-0.850142	-0.175568
2.340000	10.836034	1.327540	-0.420904	-0.056920	-0.882567	-0.163597
2.360000	10.709317	1.419607	-0.501067	-0.070411	-0.914958	-0.151720
2.380000	10.545141	1.498304	-0.562099	-0.082204	-0.947031	-0.140107
2.400000	10.343715	1.557296	-0.599610	-0.091855	-0.978502	-0.128928
2.420000	10.105246	1.590248	-0.609206	-0.098921	-1.009087	-0.118351
2.440000	9.829942	1.590823	-0.586498	-0.102959	-1.038505	-0.108547
2.460000	9.518425	1.553759	-0.528014	-0.103617	-1.066504	-0.099668
2.480000	9.173914	1.480511	-0.436063	-0.101115	-1.093058	-0.091754
2.500000	8.800633	1.375127	-0.315178	-0.095892	-1.118222	-0.084803
2.520000	8.402805	1.241661	-0.169902	-0.088389	-1.142052	-0.078815
2.540000	7.984654	1.084169	-0.004775	-0.079047	-1.164604	-0.073786
2.560000	7.550404	0.906703	0.175663	-0.068307	-1.185935	-0.069716
2.580000	7.104281	0.713318	0.366870	-0.056609	-1.206100	-0.066602
2.600000	6.650508	0.508068	0.564307	-0.044394	-1.225155	-0.064442
2.620000	6.193309	0.295008	0.763433	-0.032103	-1.243157	-0.063236
2.640000	5.736910	0.078190	0.959706	-0.020175	-1.260163	-0.062979
2.660000	5.285533	-0.138329	1.148587	-0.009053	-1.276227	-0.063672
2.680000	4.843404	-0.350498	1.325535	0.000823	-1.291406	-0.065312
2.700000	4.414747	-0.554260	1.486008	0.009014	-1.305757	-0.067897
2.720000	4.003786	-0.745562	1.625467	0.015077	-1.319335	-0.071426
2.740000	3.614745	-0.920351	1.739370	0.018573	-1.332196	-0.075896
2.760000	3.251849	-1.074571	1.823178	0.019060	-1.344397	-0.081305
2.780000	2.919069	-1.204346	1.872633	0.016129	-1.355993	-0.087650
2.800000	2.616582	-1.308457	1.887766	0.009830	-1.367022	-0.094880
2.820000	2.341629	-1.387740	1.871915	0.000568	-1.377508	-0.102914
2.840000	2.091376	-1.443085	1.828505	-0.011242	-1.387476	-0.111667
2.860000	1.862991	-1.475380	1.760961	-0.025185	-1.396951	-0.121056
2.880000	1.653640	-1.485515	1.672707	-0.040847	-1.405957	-0.130997
2.900000	1.460489	-1.474379	1.567169	-0.057813	-1.414519	-0.141407
2.920000	1.280705	-1.442861	1.447772	-0.075668	-1.422662	-0.152201
2.940000	1.111453	-1.391851	1.317939	-0.093998	-1.430409	-0.163295
