0.000000	-1.060839	-1.452395	-0.389059	-0.147571	-1.251937	-0.335301
0.020000	-0.753681	-1.452517	-0.453302	-0.155159	-1.273977	-0.345815
0.040000	-0.473128	-1.433834	-0.512140	-0.162740	-1.294433	-0.355606
0.060000	-0.227102	-1.395076	-0.564382	-0.170221	-1.312990	-0.364526
0.080000	-0.023521	-1.334973	-0.608836	-0.177507	-1.329332	-0.372425
0.100000	0.129692	-1.252257	-0.644314	-0.184505	-1.343142	-0.379154
0.120000	0.224663	-1.145671	-0.669630	-0.191122	-1.354107	-0.384565
0.140000	0.258505	-1.015495	-0.684269	-0.197282	-1.362031	-0.388591
0.160000	0.237796	-0.864927	-0.688983	-0.202949	-1.366946	-0.391322
0.180000	0.170173	-0.697486	-0.684666	-0.208088	-1.368910	-0.392865
0.200000	0.063273	-0.516695	-0.672212	-0.212666	-1.367980	-0.393326
0.220000	-0.075269	-0.326073	-0.652516	-0.216650	-1.364212	-0.392814
0.240000	-0.237816	-0.129144	-0.626472	-0.220006	-1.357665	-0.391434
0.260000	-0.416732	0.070573	-0.594973	-0.222701	-1.348397	-0.389294
0.280000	-0.604381	0.269556	-0.558913	-0.224700	-1.336463	-0.386502
0.300000	-0.793127	0.464284	-0.519188	-0.225971	-1.321923	-0.383163
0.320000	-0.975333	0.651235	-0.476691	-0.226479	-1.304832	-0.379386
0.340000	-1.143363	0.826888	-0.432315	-0.226192	-1.285249	-0.375276
0.360000	-1.289581	0.987722	-0.386956	-0.225076	-1.263230	-0.370942
0.380000	-1.406351	1.130217	-0.341507	-0.223097	-1.238834	-0.366490
0.400000	-1.486036	1.250849	-0.296863	-0.220221	-1.212118	-0.362027
0.420000	-1.521000	1.346099	-0.253917	-0.216415	-1.183138	-0.357661
0.440000	-1.503608	1.412445	-0.213564	-0.211646	-1.151953	-0.353497
0.460000	-1.428888	1.447593	-0.176519	-0.205910	-1.118690	-0.349622
0.480000	-1.302389	1.454092	-0.142792	-0.199322	-1.083757	-0.346033
0.500000	-1.132255	1.435686	-0.112219	-0.192027	-1.047632	-0.342705
0.520000	-0.926629	1.396117	-0.084637	-0.184168	-1.010789	-0.339614
0.540000	-0.693654	1.339130	-0.059881	-0.175892	-0.973707	-0.336737
0.560000	-0.441473	1.268466	-0.037787	-0.167342	-0.936862	-0.334049
0.580000	-0.178228	1.187871	-0.018193	-0.158662	-0.900729	-0.331526
0.600000	0.087937	1.101086	-0.000933	-0.149998	-0.865787	-0.329144
0.620000	0.348879	1.011856	0.014155	-0.141493	-0.832511	-0.326879
0.640000	0.596455	0.923923	0.027236	-0.133292	-0.801378	-0.324707
0.660000	0.822522	0.841031	0.038474	-0.125540	-0.772865	-0.322603
0.680000	1.018937	0.766923	0.048032	-0.118381	-0.747449	-0.320544
0.700000	1.177556	0.705342	0.056074	-0.111960	-0.725605	-0.318506
0.720000	1.290238	0.660032	0.062765	-0.106420	-0.707811	-0.316464
0.740000	1.348838	0.634736	0.068267	-0.101907	-0.694543	-0.314394
0.760000	1.347012	0.632335	0.072760	-0.098533	-0.686148	-0.312275
0.780000	1.287806	0.651200	0.076495	-0.096236	-0.682287	-0.310099
0.800000	1.177319	0.688239	0.079749	-0.094900	-0.682404	-0.307862
0.820000	1.021653	0.740358	0.082798	-0.094410	-0.685940	-0.305561
0.840000	0.826911	0.804462	0.085919	-0.094649	-0.692335	-0.303192
0.860000	0.599193	0.877457	0.089388	-0.095501	-0.701032	-0.300752
0.880000	0.344603	0.956249	0.093481	-0.096849	-0.711470	-0.298237
0.900000	0.069241	1.037745	0.098476	-0.098578	-0.723093	-0.295644
0.920000	-0.220790	1.118849	0.104648	-0.100570	-0.735341	-0.292969
0.940000	-0.519389	1.196467	0.112274	-0.102711	-0.747655	-0.290208
0.960000	-0.820453	1.267506	0.121631	-0.104882	-0.759478	-0.287359
0.980000	-1.117881	1.328872	0.132994	-0.106969	-0.770249	-0.284417
1.000000	-1.405571	1.377469	0.146641	-0.108855	-0.779411	-0.281379
1.020000	-1.677421	1.410205	0.162847	-0.110424	-0.786405	-0.278242
1.040000	-1.927329	1.423984	0.181890	-0.111559	-0.790672	-0.275001
1.060000	-2.149210	1.415725	0.204042	-0.112144	-0.791657	-0.271654
1.080000	-2.339231	1.383974	0.229146	-0.112135	-0.789175	-0.268229
1.100000	-2.498078	1.330544	0.256179	-0.111625	-0.783791	-0.264817
1.120000	-2.626979	1.257642	0.284013	-0.110728	-0.776158	-0.261517
1.140000	-2.727159	1.167472	0.311522	-0.109554	-0.766928	-0.258428
1.160000	-2.799846	1.062239	0.337580	-0.108215	-0.756755	-0.255648
1.180000	-2.846266	0.944148	0.361061	-0.106823	-0.746293	-0.253276
1.200000	-2.867648	0.815404	0.380836	-0.105490	-0.736193	-0.251411
1.220000	-2.865216	0.678212	0.395781	-0.104328	-0.727110	-0.250152
1.240000	-2.840198	0.534777	0.404767	-0.103448	-0.719696	-0.249597
1.260000	-2.793822	0.387304	0.406669	-0.102962	-0.714605	-0.249846
1.280000	-2.727313	0.237997	0.400361	-0.102982	-0.712489	-0.250997
1.300000	-2.641899	0.089063	0.384714	-0.103620	-0.714002	-0.253149
1.320000	-2.538806	-0.057295	0.358604	-0.104987	-0.719797	-0.256401
1.340000	-2.419261	-0.198872	0.320903	-0.107196	-0.730526	-0.260851
1.360000	-2.284492	-0.333462	0.270484	-0.110358	-0.746844	-0.266599
1.380000	-2.135770	-0.458906	0.206323	-0.114577	-0.769359	-0.273735
1.400000	-1.975159	-0.573847	0.129163	-0.119829	-0.797920	-0.282222
1.420000	-1.805390	-0.677603	0.041236	-0.125980	-0.831733	-0.291915
1.440000	-1.629215	-0.769513	-0.055177	-0.132893	-0.869986	-0.302662
1.460000	-1.449385	-0.848916	-0.157795	-0.140431	-0.911865	-0.314316
1.480000	-1.268654	-0.915152	-0.264338	-0.148457	-0.956556	-0.326725
1.500000	-1.089773	-0.967560	-0.372526	-0.156834	-1.003246	-0.339740
1.520000	-0.915493	-1.005480	-0.480078	-0.165424	-1.051121	-0.353212
1.540000	-0.748567	-1.028251	-0.584713	-0.174092	-1.099369	-0.366991
1.560000	-0.591748	-1.035211	-0.684152	-0.182699	-1.147175	-0.380927
1.580000	-0.447786	-1.025701	-0.776113	-0.191109	-1.193726	-0.394870
1.600000	-0.319434	-0.999060	-0.858317	-0.199184	-1.238209	-0.408671
1.620000	-0.209444	-0.954627	-0.928482	-0.206788	-1.279811	-0.422181
1.640000	-0.120567	-0.891741	-0.984329	-0.213784	-1.317717	-0.435248
1.660000	-0.055557	-0.809743	-1.023576	-0.220034	-1.351114	-0.447725
1.680000	-0.017164	-0.707970	-1.043944	-0.225401	-1.379189	-0.459461
1.700000	-0.008102	-0.585784	-1.043176	-0.229750	-1.401135	-0.470306
1.720000	-0.028318	-0.444035	-1.020737	-0.233009	-1.416539	-0.480146
1.740000	-0.073199	-0.286031	-0.978924	-0.235218	-1.425642	-0.488918
1.760000	-0.137708	-0.115306	-0.920301	-0.236423	-1.428748	-0.496569
1.780000	-0.216810	0.064602	-0.847431	-0.236673	-1.426158	-0.503040
1.800000	-0.305467	0.250159	-0.762875	-0.236016	-1.418175	-0.508278
1.820000	-0.398642	0.437829	-0.669197	-0.234500	-1.405100	-0.512225
1.840000	-0.491299	0.624075	-0.568959	-0.232172	-1.387237	-0.514827
1.860000	-0.578401	0.805363	-0.464725	-0.229082	-1.364887	-0.516028
1.880000	-0.654912	0.978156	-0.359057	-0.225276	-1.338352	-0.515771
1.900000	-0.715794	1.138918	-0.254517	-0.220803	-1.307935	-0.514001
1.920000	-0.756011	1.284114	-0.153669	-0.215711	-1.273939	-0.510662
1.940000	-0.770526	1.410208	-0.059075	-0.210047	-1.236664	-0.505699
1.960000	-0.754302	1.513664	0.026701	-0.203860	-1.196414	-0.499056
1.980000	-0.702303	1.590946	0.101098	-0.197199	-1.153490	-0.490676
2.000000	-0.610378	1.639085	0.161861	-0.190112	-1.108221	-0.480527
2.020000	-0.480965	1.659317	0.209020	-0.182673	-1.061122	-0.468745
2.040000	-0.319472	1.654773	0.243637	-0.174963	-1.012794	-0.455541
2.060000	-0.131319	1.628595	0.266778	-0.167063	-0.963837	-0.441126
2.080000	0.078072	1.583922	0.279511	-0.159054	-0.914853	-0.425714
2.100000	0.303282	1.523895	0.282902	-0.151018	-0.866442	-0.409517
2.120000	0.538889	1.451656	0.278016	-0.143036	-0.819206	-0.392745
2.140000	0.779472	1.370344	0.265922	-0.135189	-0.773745	-0.375611
2.160000	1.019611	1.283100	0.247685	-0.127559	-0.730660	-0.358328
2.180000	1.253883	1.193065	0.224371	-0.120227	-0.690553	-0.341107
2.200000	1.476869	1.103379	0.197048	-0.113274	-0.654024	-0.324160
2.220000	1.683148	1.017183	0.166781	-0.106782	-0.621674	-0.307699
2.240000	1.867299	0.937618	0.134638	-0.100831	-0.594104	-0.291936
2.260000	2.023900	0.867824	0.101684	-0.095504	-0.571916	-0.277084
2.280000	2.147531	0.810942	0.068987	-0.090881	-0.555709	-0.263354
2.300000	2.232771	0.770112	0.037612	-0.087044	-0.546086	-0.250958
2.320000	2.274199	0.748476	0.008627	-0.084075	-0.543647	-0.240108
2.340000	2.267863	0.748168	-0.017074	-0.082032	-0.548764	-0.230977
2.360000	2.216371	0.766843	-0.039363	-0.080876	-0.560792	-0.223563
2.380000	2.124153	0.800903	-0.058324	-0.080542	-0.578800	-0.217814
2.400000	1.995644	0.846754	-0.074043	-0.080964	-0.601859	-0.213678
2.420000	1.835276	0.900800	-0.086606	-0.082075	-0.629038	-0.211104
2.440000	1.647482	0.959444	-0.096096	-0.083809	-0.659407	-0.210041
2.460000	1.436696	1.019090	-0.102599	-0.086101	-0.692036	-0.210437
2.480000	1.207349	1.076143	-0.106201	-0.088883	-0.725995	-0.212241
2.500000	0.963875	1.127007	-0.106987	-0.092090	-0.760354	-0.215401
2.520000	0.710707	1.168085	-0.105041	-0.095655	-0.794183	-0.219866
2.540000	0.452278	1.195782	-0.100449	-0.099513	-0.826552	-0.225584
2.560000	0.193020	1.206502	-0.093296	-0.103598	-0.856530	-0.232504
2.580000	-0.062633	1.196649	-0.083667	-0.107843	-0.883188	-0.240575
2.600000	-0.310248	1.162626	-0.071647	-0.112182	-0.905596	-0.249745
2.620000	-0.545392	1.100839	-0.057321	-0.116549	-0.922823	-0.259963
2.640000	-0.763654	1.007725	-0.040778	-0.120878	-0.933946	-0.271176
2.660000	-0.962387	0.882670	-0.022287	-0.125126	-0.938599	-0.283287
2.680000	-1.142014	0.730181	-0.002443	-0.129289	-0.937390	-0.296117
2.700000	-1.303267	0.555280	0.018130	-0.133366	-0.931021	-0.309478
2.720000	-1.446878	0.362990	0.038807	-0.137358	-0.920195	-0.323185
2.740000	-1.573579	0.158333	0.058963	-0.141265	-0.905616	-0.337050
2.760000	-1.684102	-0.053669	0.077973	-0.145086	-0.887987	-0.350887
2.780000	-1.779178	-0.267994	0.095213	-0.148821	-0.868012	-0.364509
2.800000	-1.859540	-0.479620	0.110058	-0.152471	-0.846394	-0.377730
2.820000	-1.925918	-0.683525	0.121882	-0.156035	-0.823837	-0.390361
2.840000	-1.979046	-0.874686	0.130061	-0.159513	-0.801043	-0.402218
2.860000	-2.019655	-1.048083	0.133970	-0.162905	-0.778717	-0.413112
2.880000	-2.048476	-1.198691	0.132984	-0.166211	-0.757561	-0.422858
2.900000	-2.066241	-1.321491	0.126478	-0.169431	-0.738279	-0.431268
2.920000	-2.073683	-1.411458	0.113827	-0.172565	-0.721574	-0.438156
2.940000	-2.071533	-1.463572	0.094407	-0.175612	-0.708150	-0.443334
2.960000	-2.060522	-1.472810	0.067592	-0.178573	-0.698710	-0.446617
2.980000	-2.041334	-1.436094	0.033098	-0.181447	-0.693780	-0.447903
3.000000	-2.014468	-1.357317	-0.008147	-0.184232	-0.693255	-0.447399
3.020000	-1.980389	-1.241934	-0.054938	-0.186925	-0.696885	-0.445382
3.040000	-1.939556	-1.095404	-0.106073	-0.189526	-0.704420	-0.442127
3.060000	-1.892431	-0.923182	-0.160347	-0.192031	-0.715613	-0.437911
3.080000	-1.839477	-0.730724	-0.216559	-0.194437	-0.730213	-0.433009
3.100000	-1.781155	-0.523488	-0.273503	-0.196744	-0.747972	-0.427697
3.120000	-1.717927	-0.306929	-0.329979	-0.198948	-0.768641	-0.422252
3.140000	-1.650254	-0.086503	-0.384781	-0.201047	-0.791972	-0.416950
3.160000	-1.578598	0.132332	-0.436708	-0.203039	-0.817714	-0.412066
3.180000	-1.503421	0.344120	-0.484555	-0.204922	-0.845619	-0.407878
3.200000	-1.425185	0.543405	-0.527120	-0.206693	-0.875439	-0.404660
3.220000	-1.344350	0.724730	-0.563199	-0.208351	-0.906923	-0.402689
3.240000	-1.261380	0.882639	-0.591589	-0.209892	-0.939824	-0.402241
3.260000	-1.176735	1.011676	-0.611087	-0.211314	-0.973891	-0.403592
3.280000	-1.090876	1.106453	-0.620506	-0.212616	-1.008876	-0.407013
3.300000	-1.004216	1.165003	-0.619514	-0.213793	-1.044471	-0.412562
3.320000	-0.917097	1.190252	-0.608995	-0.214835	-1.080289	-0.419983
3.340000	-0.829857	1.185507	-0.589931	-0.215734	-1.115936	-0.429001
3.360000	-0.742834	1.154074	-0.563300	-0.216482	-1.151019	-0.439338
3.380000	-0.656364	1.099261	-0.530085	-0.217069	-1.185145	-0.450717
3.400000	-0.570786	1.024372	-0.491264	-0.217488	-1.217919	-0.462861
3.420000	-0.486437	0.932714	-0.447818	-0.217728	-1.248948	-0.475492
3.440000	-0.403654	0.827593	-0.400727	-0.217781	-1.277838	-0.488335
3.460000	-0.322775	0.712316	-0.350973	-0.217639	-1.304196	-0.501111
3.480000	-0.244138	0.590189	-0.299534	-0.217292	-1.327627	-0.513544
3.500000	-0.168079	0.464518	-0.247391	-0.216733	-1.347740	-0.525356
3.520000	-0.094937	0.338608	-0.195525	-0.215951	-1.364139	-0.536271
3.540000	-0.025049	0.215767	-0.144915	-0.214939	-1.376431	-0.546011
3.560000	0.041248	0.099301	-0.096542	-0.213687	-1.384223	-0.554299
3.580000	0.103616	-0.007484	-0.051387	-0.212188	-1.387121	-0.560858
3.600000	0.161794	-0.101529	-0.010360	-0.210432	-1.384775	-0.565433
3.620000	0.216349	-0.182410	0.026364	-0.208426	-1.377309	-0.568006
3.640000	0.268347	-0.251309	0.059057	-0.206181	-1.365134	-0.568703
3.660000	0.318862	-0.309425	0.087999	-0.203711	-1.348664	-0.567651
3.680000	0.368969	-0.357963	0.113470	-0.201027	-1.328314	-0.564979
3.700000	0.419742	-0.398124	0.135748	-0.198143	-1.304498	-0.560813
3.720000	0.472255	-0.431109	0.155112	-0.195072	-1.277632	-0.555282
3.740000	0.527583	-0.458122	0.171843	-0.191825	-1.248129	-0.548514
3.760000	0.586798	-0.480363	0.186218	-0.188416	-1.216405	-0.540635
3.780000	0.650977	-0.499036	0.198518	-0.184857	-1.182875	-0.531775
3.800000	0.721192	-0.515342	0.209021	-0.181161	-1.147952	-0.522060
3.820000	0.798518	-0.530484	0.218007	-0.177340	-1.112052	-0.511618
3.840000	0.884029	-0.545663	0.225755	-0.173408	-1.075589	-0.500578
3.860000	0.978799	-0.562081	0.232545	-0.169376	-1.038979	-0.489066
3.880000	1.083903	-0.580941	0.238654	-0.165258	-1.002634	-0.477211
3.900000	1.200414	-0.603445	0.244364	-0.161066	-0.966971	-0.465140
3.920000	1.328612	-0.630372	0.249848	-0.156822	-0.932364	-0.452967
3.940000	1.465739	-0.660890	0.254884	-0.152585	-0.899034	-0.440751
3.960000	1.608316	-0.693784	0.259154	-0.148421	-0.867164	-0.428539
3.980000	1.752863	-0.727837	0.262342	-0.144398	-0.836939	-0.416378
4.000000	1.895899	-0.761834	0.264129	-0.140582	-0.808544	-0.404313
4.020000	2.033945	-0.794558	0.264199	-0.137042	-0.782162	-0.392393
4.040000	2.163521	-0.824793	0.262233	-0.133843	-0.757978	-0.380663
4.060000	2.281146	-0.851323	0.257915	-0.131053	-0.736176	-0.369169
4.080000	2.383342	-0.872932	0.250928	-0.128738	-0.716940	-0.357959
4.100000	2.466627	-0.888405	0.240952	-0.126967	-0.700456	-0.347080
4.120000	2.527522	-0.896525	0.227672	-0.125805	-0.686906	-0.336577
4.140000	2.562546	-0.896076	0.210770	-0.125320	-0.676475	-0.326497
4.160000	2.568221	-0.885842	0.189928	-0.125579	-0.669347	-0.316887
4.180000	2.541066	-0.864607	0.164828	-0.126648	-0.665708	-0.307793
4.200000	2.477600	-0.831154	0.135155	-0.128596	-0.665740	-0.299263
4.220000	2.374344	-0.784269	0.100589	-0.131489	-0.669628	-0.291342
4.240000	2.228430	-0.723003	0.060890	-0.135380	-0.677501	-0.284074
4.260000	2.042109	-0.648642	0.016445	-0.140214	-0.689020	-0.277481
4.280000	1.820182	-0.563590	-0.032042	-0.145880	-0.703615	-0.271571
4.300000	1.567471	-0.470257	-0.083865	-0.152265	-0.720713	-0.266353
4.320000	1.288794	-0.371053	-0.138318	-0.159259	-0.739740	-0.261837
4.340000	0.988973	-0.268390	-0.194698	-0.166750	-0.760126	-0.258030
4.360000	0.672829	-0.164677	-0.252297	-0.174626	-0.781296	-0.254943
4.380000	0.345182	-0.062325	-0.310410	-0.182777	-0.802679	-0.252585
4.400000	0.010851	0.036255	-0.368332	-0.191090	-0.823701	-0.250964
4.420000	-0.325342	0.128653	-0.425357	-0.199453	-0.843791	-0.250089
4.440000	-0.658577	0.212458	-0.480780	-0.207756	-0.862375	-0.249970
4.460000	-0.984033	0.285259	-0.533895	-0.215888	-0.878881	-0.250615
4.480000	-1.296891	0.344647	-0.583997	-0.223735	-0.892737	-0.252033
4.500000	-1.592329	0.388211	-0.630380	-0.231188	-0.903369	-0.254235
4.520000	-1.865527	0.413540	-0.672339	-0.238134	-0.910205	-0.257227
4.540000	-2.111665	0.418223	-0.709167	-0.244462	-0.912673	-0.261021
4.560000	-2.326060	0.399972	-0.740179	-0.250063	-0.910228	-0.265621
4.580000	-2.507085	0.359198	-0.765082	-0.254894	-0.902940	-0.270987
4.600000	-2.656104	0.298958	-0.783977	-0.258976	-0.891486	-0.277029
4.620000	-2.774607	0.222416	-0.796978	-0.262331	-0.876564	-0.283653
4.640000	-2.864084	0.132740	-0.804201	-0.264982	-0.858876	-0.290770
4.660000	-2.926026	0.033097	-0.805760	-0.266953	-0.839121	-0.298286
4.680000	-2.961921	-0.073348	-0.801771	-0.268266	-0.817999	-0.306110
4.700000	-2.973260	-0.183427	-0.792350	-0.268945	-0.796210	-0.314150
4.720000	-2.961534	-0.293975	-0.777610	-0.269012	-0.774456	-0.322314
4.740000	-2.928231	-0.401825	-0.757668	-0.268490	-0.753434	-0.330509
4.760000	-2.874843	-0.503810	-0.732639	-0.267404	-0.733847	-0.338645
4.780000	-2.802858	-0.596765	-0.702638	-0.265774	-0.716394	-0.346629
4.800000	-2.713767	-0.677521	-0.667779	-0.263626	-0.701774	-0.354369
4.820000	-2.609060	-0.742914	-0.628179	-0.260981	-0.690689	-0.361774
4.840000	-2.490227	-0.789776	-0.583952	-0.257863	-0.683838	-0.368751
4.860000	-2.358758	-0.814942	-0.535213	-0.254295	-0.681921	-0.375208
4.880000	-2.216120	-0.815828	-0.482166	-0.250303	-0.685527	-0.381069
4.900000	-2.063635	-0.793721	-0.425592	-0.245938	-0.694496	-0.386358
4.920000	-1.902564	-0.751482	-0.366507	-0.241261	-0.708369	-0.391137
4.940000	-1.734168	-0.691974	-0.305929	-0.236333	-0.726683	-0.395472
4.960000	-1.559708	-0.618063	-0.244876	-0.231215	-0.748977	-0.399427
4.980000	-1.380445	-0.532614	-0.184365	-0.225966	-0.774788	-0.403066
5.000000	-1.197640	-0.438490	-0.125415	-0.220649	-0.803655	-0.406453
5.020000	-1.012555	-0.338557	-0.069042	-0.215322	-0.835117	-0.409653
5.040000	-0.826450	-0.235678	-0.016264	-0.210048	-0.868711	-0.412730
5.060000	-0.640587	-0.132719	0.031900	-0.204888	-0.903975	-0.415748
5.080000	-0.456227	-0.032544	0.074434	-0.199900	-0.940447	-0.418771
5.100000	-0.274631	0.061981	0.110320	-0.195147	-0.977667	-0.421864
5.120000	-0.097060	0.147994	0.138541	-0.190690	-1.015172	-0.425091
5.140000	0.075225	0.222629	0.158077	-0.186588	-1.052499	-0.428516
5.160000	0.240963	0.283021	0.167913	-0.182902	-1.089188	-0.432204
5.180000	0.398893	0.326309	0.167033	-0.179694	-1.124777	-0.436218
5.200000	0.547857	0.351042	0.155104	-0.176994	-1.158888	-0.440571
5.220000	0.686956	0.359272	0.133500	-0.174763	-1.191351	-0.445148
5.240000	0.815327	0.353591	0.103858	-0.172948	-1.222028	-0.449814
5.260000	0.932111	0.336589	0.067810	-0.171498	-1.250782	-0.454432
5.280000	1.036446	0.310860	0.026993	-0.170360	-1.277474	-0.458869
5.300000	1.127472	0.278992	-0.016960	-0.169483	-1.301968	-0.462989
5.320000	1.204328	0.243578	-0.062413	-0.168816	-1.324126	-0.466656
5.340000	1.266153	0.207209	-0.107732	-0.168307	-1.343809	-0.469735
5.360000	1.312085	0.172475	-0.151281	-0.167903	-1.360881	-0.472092
5.380000	1.341265	0.141968	-0.191426	-0.167553	-1.375203	-0.473591
5.400000	1.352831	0.118280	-0.226532	-0.167206	-1.386637	-0.474096
5.420000	1.345923	0.104000	-0.254965	-0.166809	-1.395046	-0.473473
5.440000	1.319679	0.101721	-0.275089	-0.166311	-1.400293	-0.471586
5.460000	1.273238	0.114034	-0.285270	-0.165660	-1.402238	-0.468301
5.480000	1.205741	0.143529	-0.283873	-0.164805	-1.400746	-0.463481
5.500000	1.116325	0.192798	-0.269263	-0.163692	-1.395677	-0.456992
5.520000	1.004835	0.263602	-0.240360	-0.162282	-1.386945	-0.448751
5.540000	0.874839	0.353313	-0.199028	-0.160585	-1.374723	-0.438956
5.560000	0.731138	0.457853	-0.148096	-0.158630	-1.359274	-0.427899
5.580000	0.578531	0.573144	-0.090396	-0.156445	-1.340860	-0.415868
5.600000	0.421818	0.695110	-0.028761	-0.154060	-1.319743	-0.403155
5.620000	0.265798	0.819672	0.033977	-0.151503	-1.296184	-0.390051
5.640000	0.115270	0.942753	0.094988	-0.148803	-1.270445	-0.376845
5.660000	-0.024965	1.060275	0.151438	-0.145989	-1.242789	-0.363827
5.680000	-0.150107	1.168160	0.200497	-0.143090	-1.213476	-0.351290
5.700000	-0.255358	1.262331	0.239332	-0.140133	-1.182770	-0.339522
5.720000	-0.335917	1.338709	0.265111	-0.137149	-1.150932	-0.328814
5.740000	-0.386985	1.393218	0.275003	-0.134166	-1.118223	-0.319457
5.760000	-0.403763	1.421779	0.266176	-0.131213	-1.084906	-0.311742
5.780000	-0.381449	1.420315	0.235798	-0.128318	-1.051242	-0.305958
5.800000	-0.315246	1.384747	0.181038	-0.125510	-1.017494	-0.302396
5.820000	-0.201412	1.311833	0.099743	-0.122816	-0.983915	-0.301293
