0.000000	-4.958196	3.120206	-0.404240	-0.336997	-0.819406	-0.548414
0.020000	-4.671178	2.893708	-0.370487	-0.342962	-0.837961	-0.567353
0.040000	-4.376768	2.649168	-0.314230	-0.348597	-0.857004	-0.585974
0.060000	-4.078649	2.392207	-0.239471	-0.353881	-0.876201	-0.604202
0.080000	-3.780503	2.128448	-0.150212	-0.358792	-0.895215	-0.621958
0.100000	-3.486014	1.863512	-0.050452	-0.363309	-0.913715	-0.639169
0.120000	-3.198865	1.603022	0.055806	-0.367409	-0.931364	-0.655756
0.140000	-2.922738	1.352598	0.164562	-0.371070	-0.947830	-0.671644
0.160000	-2.661318	1.117864	0.271815	-0.374272	-0.962777	-0.686756
0.180000	-2.418286	0.904441	0.373563	-0.376993	-0.975871	-0.701016
0.200000	-2.197327	0.717951	0.465806	-0.379210	-0.986777	-0.714348
0.220000	-2.002123	0.564016	0.544542	-0.380902	-0.995163	-0.726676
0.240000	-1.836228	0.448085	0.605852	-0.382049	-1.000702	-0.737924
0.260000	-1.699580	0.370743	0.648143	-0.382669	-1.003356	-0.748069
0.280000	-1.588076	0.327143	0.672414	-0.382824	-1.003399	-0.757141
0.300000	-1.497402	0.312155	0.679801	-0.382579	-1.001125	-0.765174
0.320000	-1.423244	0.320647	0.671440	-0.381997	-0.996828	-0.772202
0.340000	-1.361287	0.347490	0.648468	-0.381144	-0.990798	-0.778259
0.360000	-1.307219	0.387552	0.612020	-0.380083	-0.983331	-0.783378
0.380000	-1.256724	0.435702	0.563233	-0.378879	-0.974718	-0.787594
0.400000	-1.205489	0.486810	0.503242	-0.377595	-0.965253	-0.790941
0.420000	-1.149200	0.535744	0.433184	-0.376297	-0.955227	-0.793452
0.440000	-1.083543	0.577373	0.354194	-0.375048	-0.944935	-0.795161
0.460000	-1.004202	0.606568	0.267410	-0.373912	-0.934670	-0.796103
0.480000	-0.906866	0.618196	0.173966	-0.372955	-0.924723	-0.796311
0.500000	-0.787219	0.607127	0.074999	-0.372240	-0.915388	-0.795819
0.520000	-0.640947	0.568231	-0.028355	-0.371831	-0.906957	-0.794660
0.540000	-0.463736	0.496376	-0.134960	-0.371793	-0.899725	-0.792870
0.560000	-0.251286	0.386447	-0.243681	-0.372190	-0.893982	-0.790481
0.580000	-0.001893	0.236483	-0.353473	-0.373041	-0.889881	-0.787511
0.600000	0.280414	0.051480	-0.463494	-0.374266	-0.887262	-0.783938
0.620000	0.590842	-0.162636	-0.572929	-0.375775	-0.885924	-0.779739
0.640000	0.924597	-0.399940	-0.680964	-0.377474	-0.885669	-0.774887
0.660000	1.276886	-0.654507	-0.786783	-0.379271	-0.886294	-0.769356
0.680000	1.642914	-0.920411	-0.889571	-0.381073	-0.887599	-0.763123
0.700000	2.017888	-1.191728	-0.988513	-0.382789	-0.889385	-0.756160
0.720000	2.397015	-1.462532	-1.082795	-0.384325	-0.891450	-0.748444
0.740000	2.775500	-1.726897	-1.171600	-0.385591	-0.893595	-0.739948
0.760000	3.148551	-1.978899	-1.254114	-0.386492	-0.895618	-0.730647
0.780000	3.511374	-2.212612	-1.329523	-0.386938	-0.897319	-0.720516
0.800000	3.859175	-2.422111	-1.397010	-0.386835	-0.898498	-0.709529
0.820000	4.187159	-2.601471	-1.455761	-0.386091	-0.898954	-0.697662
0.840000	4.490535	-2.744765	-1.504961	-0.384615	-0.898487	-0.684888
0.860000	4.764508	-2.846071	-1.543794	-0.382312	-0.896897	-0.671182
0.880000	5.004284	-2.899460	-1.571447	-0.379093	-0.893983	-0.656519
0.900000	5.206112	-2.900703	-1.587387	-0.374889	-0.889601	-0.640891
0.920000	5.371085	-2.853435	-1.592407	-0.369759	-0.883879	-0.624373
0.940000	5.501702	-2.763576	-1.587682	-0.363794	-0.877018	-0.607062
0.960000	5.600460	-2.637047	-1.574386	-0.357088	-0.869222	-0.589056
0.980000	5.669859	-2.479768	-1.553696	-0.349733	-0.860695	-0.570453
1.000000	5.712397	-2.297659	-1.526785	-0.341821	-0.851640	-0.551352
1.020000	5.730572	-2.096641	-1.494829	-0.333446	-0.842260	-0.531849
1.040000	5.726885	-1.882635	-1.459004	-0.324699	-0.832758	-0.512044
1.060000	5.703832	-1.661560	-1.420484	-0.315673	-0.823337	-0.492033
1.080000	5.663913	-1.439338	-1.380444	-0.306461	-0.814202	-0.471916
1.100000	5.609626	-1.221888	-1.340060	-0.297155	-0.805554	-0.451789
1.120000	5.543471	-1.015131	-1.300507	-0.287848	-0.797598	-0.431752
1.140000	5.467945	-0.824987	-1.262959	-0.278633	-0.790537	-0.411901
1.160000	5.385548	-0.657377	-1.228592	-0.269602	-0.784573	-0.392335
1.180000	5.298777	-0.518222	-1.198582	-0.260847	-0.779911	-0.373152
1.200000	5.210132	-0.413441	-1.174103	-0.252461	-0.776754	-0.354450
1.220000	5.121915	-0.348350	-1.156211	-0.244531	-0.775284	-0.336321
1.240000	5.034369	-0.321942	-1.144716	-0.237086	-0.775479	-0.318807
1.260000	4.946514	-0.329436	-1.138689	-0.230121	-0.777192	-0.301917
1.280000	4.857350	-0.366005	-1.137185	-0.223627	-0.780274	-0.285661
1.300000	4.765878	-0.426818	-1.139265	-0.217600	-0.784578	-0.270049
1.320000	4.671101	-0.507047	-1.143986	-0.212033	-0.789954	-0.255089
1.340000	4.572019	-0.601862	-1.150407	-0.206920	-0.796255	-0.240792
1.360000	4.467634	-0.706434	-1.157586	-0.202253	-0.803331	-0.227167
1.380000	4.356948	-0.815935	-1.164582	-0.198028	-0.811035	-0.214223
1.400000	4.238962	-0.925534	-1.170452	-0.194236	-0.819219	-0.201970
1.420000	4.112677	-1.030404	-1.174256	-0.190873	-0.827733	-0.190417
1.440000	3.977095	-1.125714	-1.175052	-0.187931	-0.836429	-0.179574
1.460000	3.831218	-1.206636	-1.171897	-0.185405	-0.845160	-0.169450
1.480000	3.674046	-1.268340	-1.163851	-0.183287	-0.853776	-0.160055
1.500000	3.504582	-1.305998	-1.149971	-0.181572	-0.862129	-0.151398
1.520000	3.321826	-1.314780	-1.129317	-0.180253	-0.870071	-0.143488
1.540000	3.124839	-1.289996	-1.100972	-0.179324	-0.877457	-0.136335
1.560000	2.914472	-1.231250	-1.064815	-0.178772	-0.884243	-0.129919
1.580000	2.693661	-1.143135	-1.021645	-0.178580	-0.890502	-0.124190
1.600000	2.465459	-1.030524	-0.972317	-0.178728	-0.896316	-0.119097
1.620000	2.232918	-0.898292	-0.917683	-0.179199	-0.901765	-0.114588
1.640000	1.999092	-0.751312	-0.858595	-0.179973	-0.906930	-0.110611
1.660000	1.767032	-0.594459	-0.795906	-0.181032	-0.911890	-0.107113
1.680000	1.539793	-0.432607	-0.730470	-0.182356	-0.916727	-0.104043
1.700000	1.320425	-0.270629	-0.663139	-0.183929	-0.921520	-0.101350
1.720000	1.111984	-0.113399	-0.594766	-0.185730	-0.926352	-0.098980
1.740000	0.917520	0.034209	-0.526203	-0.187742	-0.931301	-0.096882
1.760000	0.740087	0.167319	-0.458304	-0.189946	-0.936449	-0.095005
1.780000	0.582738	0.281060	-0.391921	-0.192322	-0.941876	-0.093296
1.800000	0.448525	0.370556	-0.327907	-0.194853	-0.947662	-0.091703
1.820000	0.340501	0.430934	-0.267115	-0.197520	-0.953889	-0.090175
1.840000	0.261720	0.457320	-0.210398	-0.200303	-0.960637	-0.088659
1.860000	0.215225	0.444853	-0.158607	-0.203186	-0.967985	-0.087104
1.880000	0.202054	0.392210	-0.112298	-0.206132	-0.975916	-0.085478
1.900000	0.218613	0.306216	-0.071348	-0.209070	-0.984184	-0.083793
1.920000	0.260658	0.194844	-0.035535	-0.211922	-0.992513	-0.082068
1.940000	0.323947	0.066065	-0.004639	-0.214612	-1.000626	-0.080322
1.960000	0.404233	-0.072146	0.021561	-0.217062	-1.008245	-0.078575
1.980000	0.497275	-0.211820	0.043284	-0.219195	-1.015093	-0.076845
2.000000	0.598827	-0.344983	0.060751	-0.220934	-1.020894	-0.075152
2.020000	0.704646	-0.463662	0.074183	-0.222202	-1.025371	-0.073514
2.040000	0.810488	-0.559887	0.083800	-0.222922	-1.028247	-0.071952
2.060000	0.912109	-0.625685	0.089822	-0.223016	-1.029244	-0.070483
2.080000	1.005265	-0.653083	0.092470	-0.222408	-1.028086	-0.069127
2.100000	1.085712	-0.634109	0.091965	-0.221020	-1.024496	-0.067903
2.120000	1.149207	-0.560791	0.088526	-0.218775	-1.018196	-0.066830
2.140000	1.191504	-0.425158	0.082374	-0.215595	-1.008911	-0.065927
2.160000	1.208362	-0.219236	0.073729	-0.211405	-0.996362	-0.065214
2.180000	1.195637	0.064468	0.062833	-0.206133	-0.980292	-0.064709
2.200000	1.151408	0.423166	0.050366	-0.199859	-0.960866	-0.064452
2.220000	1.075881	0.844175	0.037431	-0.192804	-0.938651	-0.064498
2.240000	0.969351	1.314413	0.025149	-0.185196	-0.914234	-0.064904
2.260000	0.832115	1.820796	0.014641	-0.177264	-0.888200	-0.065725
2.280000	0.664466	2.350242	0.007027	-0.169234	-0.861133	-0.067018
2.300000	0.466699	2.889667	0.003427	-0.161336	-0.833619	-0.068840
2.320000	0.239110	3.425989	0.004964	-0.153796	-0.806244	-0.071247
2.340000	-0.018007	3.946125	0.012756	-0.146843	-0.779592	-0.074295
2.360000	-0.304357	4.436991	0.027925	-0.140705	-0.754249	-0.078041
2.380000	-0.619645	4.885505	0.051591	-0.135609	-0.730800	-0.082541
2.400000	-0.963576	5.278583	0.084875	-0.131784	-0.709831	-0.087852
2.420000	-1.335854	5.603143	0.128898	-0.129457	-0.691926	-0.094029
2.440000	-1.736187	5.846101	0.184780	-0.128856	-0.677671	-0.101130
2.460000	-2.164277	5.994375	0.253641	-0.130209	-0.667652	-0.109210
2.480000	-2.619831	6.034882	0.336604	-0.133744	-0.662453	-0.118327
2.500000	-3.101911	5.957171	0.434406	-0.139641	-0.662543	-0.128524
2.520000	-3.605415	5.767866	0.545315	-0.147760	-0.667642	-0.139776
2.540000	-4.123579	5.480402	0.666614	-0.157839	-0.677166	-0.152025
2.560000	-4.649636	5.108230	0.795581	-0.169612	-0.690534	-0.165216
2.580000	-5.176817	4.664802	0.929495	-0.182816	-0.707162	-0.179291
2.600000	-5.698354	4.163570	1.065635	-0.197185	-0.726467	-0.194195
2.620000	-6.207481	3.617985	1.201280	-0.212456	-0.747868	-0.209872
2.640000	-6.697428	3.041498	1.333710	-0.228364	-0.770782	-0.226264
2.660000	-7.161428	2.447562	1.460204	-0.244645	-0.794625	-0.243316
2.680000	-7.592713	1.849628	1.578039	-0.261033	-0.818816	-0.260970
2.700000	-7.984515	1.261148	1.684497	-0.277266	-0.842771	-0.279172
2.720000	-8.330066	0.695573	1.776855	-0.293077	-0.865908	-0.297864
