0.000000	-3.408190	1.727851	-0.446234	-0.186209	-0.787468	-0.426977
0.020000	-3.214277	1.629710	-0.437811	-0.195619	-0.813394	-0.438056
0.040000	-3.011043	1.523846	-0.425981	-0.205401	-0.840317	-0.449609
0.060000	-2.801726	1.412154	-0.411865	-0.215415	-0.867728	-0.461796
0.080000	-2.589563	1.296525	-0.396584	-0.225519	-0.895117	-0.474774
0.100000	-2.377792	1.178855	-0.381262	-0.235573	-0.921977	-0.488699
0.120000	-2.169650	1.061035	-0.367019	-0.245437	-0.947797	-0.503731
0.140000	-1.968375	0.944961	-0.354977	-0.254969	-0.972070	-0.520027
0.160000	-1.777203	0.832524	-0.346259	-0.264030	-0.994284	-0.537744
0.180000	-1.599283	0.725576	-0.341952	-0.272481	-1.013948	-0.557030
0.200000	-1.435733	0.624964	-0.342366	-0.280247	-1.030889	-0.577797
0.220000	-1.285662	0.530548	-0.347041	-0.287315	-1.045260	-0.599725
0.240000	-1.148090	0.442143	-0.355487	-0.293677	-1.057228	-0.622484
0.260000	-1.022040	0.359566	-0.367209	-0.299322	-1.066957	-0.645745
0.280000	-0.906532	0.282633	-0.381717	-0.304240	-1.074615	-0.669178
0.300000	-0.800590	0.211160	-0.398516	-0.308422	-1.080366	-0.692452
0.320000	-0.703233	0.144963	-0.417116	-0.311858	-1.084377	-0.715237
0.340000	-0.613484	0.083858	-0.437023	-0.314537	-1.086814	-0.737204
0.360000	-0.530365	0.027661	-0.457746	-0.316450	-1.087841	-0.758023
0.380000	-0.452897	-0.023812	-0.478791	-0.317588	-1.087626	-0.777363
0.400000	-0.380102	-0.070744	-0.499666	-0.317939	-1.086335	-0.794895
0.420000	-0.311001	-0.113320	-0.519880	-0.317496	-1.084132	-0.810289
0.440000	-0.244616	-0.151724	-0.538939	-0.316247	-1.081184	-0.823215
0.460000	-0.179968	-0.186139	-0.556351	-0.314183	-1.077657	-0.833343
0.480000	-0.116080	-0.216750	-0.571624	-0.311294	-1.073716	-0.840342
0.500000	-0.051973	-0.243740	-0.584265	-0.307571	-1.069528	-0.843884
0.520000	0.013357	-0.267301	-0.593804	-0.303008	-1.065244	-0.843672
0.540000	0.081198	-0.287725	-0.600011	-0.297658	-1.060858	-0.839797
0.560000	0.153024	-0.305365	-0.602816	-0.291614	-1.056259	-0.832603
0.580000	0.230311	-0.320576	-0.602147	-0.284967	-1.051337	-0.822435
0.600000	0.314534	-0.333711	-0.597937	-0.277807	-1.045981	-0.809638
0.620000	0.407169	-0.345127	-0.590115	-0.270227	-1.040079	-0.794559
0.640000	0.509693	-0.355176	-0.578611	-0.262318	-1.033520	-0.777543
0.660000	0.623581	-0.364215	-0.563356	-0.254171	-1.026193	-0.758937
0.680000	0.750309	-0.372597	-0.544281	-0.245879	-1.017988	-0.739086
0.700000	0.891354	-0.380678	-0.521316	-0.237532	-1.008792	-0.718335
0.720000	1.048190	-0.388811	-0.494391	-0.229222	-0.998494	-0.697032
0.740000	1.222294	-0.397352	-0.463437	-0.221041	-0.986984	-0.675521
0.760000	1.415142	-0.406655	-0.428384	-0.213081	-0.974151	-0.654149
0.780000	1.628210	-0.417074	-0.389163	-0.205432	-0.959883	-0.633261
0.800000	1.862974	-0.428965	-0.345704	-0.198186	-0.944068	-0.613203
0.820000	2.120909	-0.442681	-0.297937	-0.191436	-0.926597	-0.594321
0.840000	2.402260	-0.458482	-0.245975	-0.185252	-0.907440	-0.576880
0.860000	2.702279	-0.476241	-0.190668	-0.179632	-0.886903	-0.560817
0.880000	3.014953	-0.495731	-0.133050	-0.174551	-0.865375	-0.545986
0.900000	3.334268	-0.516726	-0.074158	-0.169986	-0.843246	-0.532241
0.920000	3.654211	-0.539000	-0.015029	-0.165912	-0.820907	-0.519435
0.940000	3.968768	-0.562328	0.043303	-0.162307	-0.798748	-0.507422
0.960000	4.271926	-0.586483	0.099801	-0.159145	-0.777159	-0.496056
0.980000	4.557670	-0.611240	0.153428	-0.156404	-0.756529	-0.485192
1.000000	4.819989	-0.636373	0.203149	-0.154060	-0.737248	-0.474682
1.020000	5.052868	-0.661655	0.247928	-0.152088	-0.719707	-0.464380
1.040000	5.250293	-0.686862	0.286729	-0.150465	-0.704296	-0.454142
1.060000	5.406252	-0.711766	0.318516	-0.149168	-0.691405	-0.443819
1.080000	5.514730	-0.736142	0.342253	-0.148172	-0.681423	-0.433266
1.100000	5.569715	-0.759764	0.356903	-0.147453	-0.674741	-0.422338
1.120000	5.565192	-0.782406	0.361431	-0.146989	-0.671748	-0.410887
1.140000	5.495149	-0.803843	0.354801	-0.146755	-0.672836	-0.398767
1.160000	5.354601	-0.823865	0.336144	-0.146727	-0.678331	-0.385854
1.180000	5.147781	-0.842416	0.306089	-0.146893	-0.688006	-0.372210
1.200000	4.883781	-0.859523	0.266056	-0.147240	-0.701343	-0.357996
1.220000	4.571736	-0.875210	0.217471	-0.147758	-0.717818	-0.343375
1.240000	4.220780	-0.889503	0.161761	-0.148437	-0.736910	-0.328508
1.260000	3.840049	-0.902429	0.100352	-0.149266	-0.758095	-0.313559
1.280000	3.438676	-0.914013	0.034669	-0.150234	-0.780853	-0.298688
1.300000	3.025798	-0.924280	-0.033860	-0.151332	-0.804660	-0.284060
1.320000	2.610549	-0.933258	-0.103809	-0.152548	-0.828994	-0.269835
1.340000	2.202064	-0.940971	-0.173753	-0.153872	-0.853333	-0.256176
1.360000	1.809477	-0.947445	-0.242264	-0.155294	-0.877154	-0.243246
1.380000	1.441924	-0.952706	-0.307916	-0.156802	-0.899936	-0.231207
1.400000	1.108540	-0.956781	-0.369283	-0.158387	-0.921156	-0.220220
1.420000	0.818459	-0.959694	-0.424940	-0.160037	-0.940292	-0.210449
1.440000	0.580816	-0.961472	-0.473458	-0.161743	-0.956821	-0.202055
1.460000	0.404049	-0.962121	-0.513504	-0.163493	-0.970260	-0.195187
1.480000	0.287933	-0.961405	-0.544865	-0.165281	-0.980599	-0.189812
1.500000	0.226377	-0.958925	-0.568093	-0.167100	-0.988154	-0.185777
1.520000	0.213180	-0.954278	-0.583754	-0.168944	-0.993243	-0.182926
1.540000	0.242140	-0.947062	-0.592414	-0.170807	-0.996188	-0.181102
1.560000	0.307056	-0.936873	-0.594636	-0.172684	-0.997306	-0.180151
1.580000	0.401726	-0.923311	-0.590988	-0.174568	-0.996920	-0.179915
1.600000	0.519949	-0.905971	-0.582035	-0.176453	-0.995347	-0.180239
1.620000	0.655524	-0.884451	-0.568341	-0.178334	-0.992909	-0.180967
1.640000	0.802248	-0.858349	-0.550474	-0.180204	-0.989925	-0.181942
1.660000	0.953921	-0.827261	-0.528997	-0.182057	-0.986715	-0.183010
1.680000	1.104341	-0.790787	-0.504477	-0.183889	-0.983599	-0.184014
1.700000	1.247306	-0.748522	-0.477479	-0.185691	-0.980896	-0.184798
1.720000	1.376616	-0.700064	-0.448569	-0.187460	-0.978927	-0.185205
1.740000	1.486068	-0.645011	-0.418312	-0.189188	-0.978012	-0.185081
1.760000	1.569663	-0.583003	-0.387265	-0.190869	-0.978453	-0.184277
1.780000	1.625022	-0.514437	-0.355814	-0.192489	-0.980239	-0.182777
1.800000	1.652901	-0.440370	-0.324202	-0.194025	-0.983087	-0.180684
1.820000	1.654156	-0.361877	-0.292665	-0.195455	-0.986707	-0.178103
1.840000	1.629645	-0.280037	-0.261441	-0.196756	-0.990806	-0.175139
1.860000	1.580226	-0.195925	-0.230766	-0.197906	-0.995095	-0.171898
1.880000	1.506757	-0.110620	-0.200878	-0.198883	-0.999281	-0.168485
1.900000	1.410094	-0.025196	-0.172014	-0.199664	-1.003074	-0.165005
1.920000	1.291096	0.059267	-0.144410	-0.200227	-1.006181	-0.161564
1.940000	1.150621	0.141695	-0.118303	-0.200549	-1.008313	-0.158267
1.960000	0.989525	0.221009	-0.093931	-0.200608	-1.009178	-0.155219
1.980000	0.808666	0.296133	-0.071530	-0.200381	-1.008483	-0.152525
2.000000	0.608903	0.365991	-0.051338	-0.199847	-1.005940	-0.150291
2.020000	0.391092	0.429505	-0.033590	-0.198983	-1.001255	-0.148623
2.040000	0.156092	0.485598	-0.018525	-0.197765	-0.994138	-0.147625
2.060000	-0.095241	0.533193	-0.006379	-0.196173	-0.984297	-0.147404
2.080000	-0.362048	0.571214	0.002610	-0.194183	-0.971442	-0.148063
2.100000	-0.643472	0.598585	0.008207	-0.191774	-0.955281	-0.149709
2.120000	-0.938152	0.614653	0.010331	-0.188955	-0.935756	-0.152411
2.140000	-1.243405	0.619882	0.009315	-0.185827	-0.913418	-0.156148
2.160000	-1.556335	0.614922	0.005561	-0.182501	-0.888921	-0.160879
2.180000	-1.874042	0.600418	-0.000530	-0.179091	-0.862917	-0.166568
2.200000	-2.193628	0.577020	-0.008557	-0.175711	-0.836058	-0.173176
2.220000	-2.512194	0.545375	-0.018119	-0.172472	-0.808996	-0.180665
2.240000	-2.826843	0.506129	-0.028815	-0.169489	-0.782384	-0.188998
2.260000	-3.134675	0.459932	-0.040243	-0.166875	-0.756875	-0.198135
2.280000	-3.432793	0.407431	-0.052004	-0.164742	-0.733120	-0.208038
2.300000	-3.718299	0.349273	-0.063695	-0.163204	-0.711773	-0.218671
2.320000	-3.988293	0.286106	-0.074915	-0.162373	-0.693485	-0.229993
2.340000	-4.239877	0.218578	-0.085264	-0.162363	-0.678910	-0.241968
2.360000	-4.470154	0.147336	-0.094341	-0.163287	-0.668699	-0.254557
2.380000	-4.676224	0.073029	-0.101743	-0.165259	-0.663504	-0.267723
2.400000	-4.855190	-0.003697	-0.107071	-0.168390	-0.663979	-0.281426
2.420000	-5.004950	-0.082131	-0.110037	-0.172741	-0.670527	-0.295638
2.440000	-5.126171	-0.161344	-0.110752	-0.178189	-0.682692	-0.310368
2.460000	-5.220117	-0.240361	-0.109413	-0.184569	-0.699830	-0.325628
2.480000	-5.288054	-0.318205	-0.106215	-0.191717	-0.721297	-0.341433
