0.000000	-4.272285	1.329762	1.584904	-0.133342	-0.591939	-0.305330
0.020000	-4.172478	1.404946	1.625645	-0.142063	-0.623689	-0.318548
0.040000	-4.055998	1.466544	1.662039	-0.152455	-0.659371	-0.332540
0.060000	-3.926661	1.513913	1.693437	-0.164344	-0.698095	-0.347223
0.080000	-3.788285	1.546411	1.719191	-0.177558	-0.738969	-0.362518
0.100000	-3.644688	1.563396	1.738651	-0.191924	-0.781102	-0.378342
0.120000	-3.499687	1.564224	1.751170	-0.207270	-0.823604	-0.394613
0.140000	-3.357101	1.548255	1.756097	-0.223422	-0.865583	-0.411250
0.160000	-3.220746	1.514844	1.752785	-0.240208	-0.906148	-0.428172
0.180000	-3.094441	1.463351	1.740585	-0.257455	-0.944408	-0.445296
0.200000	-2.982002	1.393132	1.718847	-0.274991	-0.979472	-0.462542
0.220000	-2.887248	1.303545	1.686923	-0.292643	-1.010449	-0.479827
0.240000	-2.813996	1.193948	1.644165	-0.310238	-1.036447	-0.497070
0.260000	-2.765415	1.064002	1.590058	-0.327610	-1.056691	-0.514193
0.280000	-2.739668	0.915712	1.525131	-0.344646	-1.071291	-0.531138
0.300000	-2.732593	0.752171	1.450398	-0.361256	-1.080771	-0.547861
0.320000	-2.740014	0.576480	1.366875	-0.377351	-1.085657	-0.564316
0.340000	-2.757755	0.391738	1.275578	-0.392841	-1.086475	-0.580456
0.360000	-2.781640	0.201045	1.177523	-0.407637	-1.083750	-0.596237
0.380000	-2.807493	0.007502	1.073726	-0.421651	-1.078009	-0.611612
0.400000	-2.831139	-0.185793	0.965203	-0.434792	-1.069776	-0.626536
0.420000	-2.848401	-0.375738	0.852971	-0.446972	-1.059578	-0.640963
0.440000	-2.855104	-0.559235	0.738045	-0.458101	-1.047940	-0.654847
0.460000	-2.847071	-0.733183	0.621442	-0.468090	-1.035389	-0.668143
0.480000	-2.820127	-0.894482	0.504177	-0.476850	-1.022449	-0.680805
0.500000	-2.770097	-1.040032	0.387267	-0.484291	-1.009648	-0.692787
0.520000	-2.692803	-1.166734	0.271728	-0.490324	-0.997510	-0.704044
0.540000	-2.584071	-1.271488	0.158576	-0.494861	-0.986561	-0.714530
0.560000	-2.439726	-1.351194	0.048826	-0.497811	-0.977327	-0.724198
0.580000	-2.257455	-1.404006	-0.056684	-0.499137	-0.970165	-0.732996
0.600000	-2.040262	-1.431650	-0.157629	-0.498952	-0.964950	-0.740841
0.620000	-1.792093	-1.436489	-0.253777	-0.497392	-0.961472	-0.747650
0.640000	-1.516895	-1.420883	-0.344893	-0.494595	-0.959521	-0.753339
0.660000	-1.218616	-1.387195	-0.430744	-0.490700	-0.958885	-0.757821
0.680000	-0.901202	-1.337786	-0.511095	-0.485844	-0.959356	-0.761014
0.700000	-0.568600	-1.275017	-0.585713	-0.480165	-0.960722	-0.762832
0.720000	-0.224758	-1.201249	-0.654364	-0.473800	-0.962773	-0.763191
0.740000	0.126379	-1.118846	-0.716815	-0.466888	-0.965299	-0.762005
0.760000	0.480863	-1.030167	-0.772832	-0.459566	-0.968090	-0.759191
0.780000	0.834747	-0.937575	-0.822180	-0.451972	-0.970935	-0.754664
0.800000	1.184085	-0.843432	-0.864626	-0.444244	-0.973624	-0.748339
0.820000	1.524929	-0.750098	-0.899937	-0.436520	-0.975946	-0.740131
0.840000	1.853332	-0.659935	-0.927878	-0.428937	-0.977692	-0.729957
0.860000	2.165348	-0.575306	-0.948215	-0.421633	-0.978651	-0.717730
0.880000	2.457029	-0.498570	-0.960716	-0.414745	-0.978613	-0.703367
0.900000	2.724957	-0.431784	-0.965300	-0.408388	-0.977389	-0.686818
0.920000	2.968944	-0.375119	-0.962825	-0.402523	-0.974928	-0.668241
0.940000	3.190028	-0.328034	-0.954510	-0.397053	-0.971228	-0.647875
0.960000	3.389250	-0.289989	-0.941569	-0.391883	-0.966290	-0.625960
0.980000	3.567648	-0.260440	-0.925219	-0.386917	-0.960112	-0.602734
1.000000	3.726262	-0.238847	-0.906677	-0.382059	-0.952694	-0.578435
1.020000	3.866133	-0.224668	-0.887160	-0.377213	-0.944036	-0.553304
1.040000	3.988299	-0.217361	-0.867883	-0.372283	-0.934136	-0.527578
1.060000	4.093802	-0.216384	-0.850064	-0.367173	-0.922994	-0.501498
1.080000	4.183680	-0.221195	-0.834918	-0.361788	-0.910610	-0.475300
1.100000	4.258973	-0.231253	-0.823664	-0.356031	-0.896982	-0.449225
1.120000	4.320721	-0.246016	-0.817516	-0.349807	-0.882111	-0.423512
1.140000	4.369964	-0.264942	-0.817691	-0.343019	-0.865996	-0.398399
1.160000	4.407742	-0.287490	-0.825407	-0.335572	-0.848636	-0.374125
1.180000	4.435094	-0.313117	-0.841878	-0.327370	-0.830031	-0.350929
1.200000	4.453058	-0.341282	-0.868320	-0.318316	-0.810180	-0.329050
1.220000	4.462355	-0.371320	-0.905148	-0.308391	-0.789191	-0.308642
1.240000	4.462960	-0.402284	-0.950928	-0.297746	-0.767422	-0.289669
1.260000	4.454745	-0.433185	-1.003965	-0.286558	-0.745269	-0.272066
1.280000	4.437583	-0.463038	-1.062563	-0.275002	-0.723125	-0.255766
1.300000	4.411343	-0.490853	-1.125027	-0.263256	-0.701383	-0.240706
1.320000	4.375900	-0.515643	-1.189660	-0.251496	-0.680438	-0.226821
1.340000	4.331123	-0.536421	-1.254767	-0.239899	-0.660685	-0.214044
1.360000	4.276885	-0.552199	-1.318653	-0.228641	-0.642516	-0.202312
1.380000	4.213057	-0.561989	-1.379621	-0.217898	-0.626326	-0.191559
1.400000	4.139512	-0.564804	-1.435976	-0.207847	-0.612509	-0.181720
1.420000	4.056121	-0.559656	-1.486023	-0.198665	-0.601459	-0.172730
1.440000	3.962756	-0.545558	-1.528066	-0.190527	-0.593571	-0.164524
1.460000	3.859288	-0.521522	-1.560409	-0.183612	-0.589237	-0.157038
1.480000	3.745589	-0.486560	-1.581357	-0.178094	-0.588853	-0.150206
1.500000	3.621531	-0.439685	-1.589213	-0.174150	-0.592812	-0.143963
1.520000	3.487019	-0.379976	-1.582360	-0.171950	-0.601487	-0.138245
1.540000	3.342676	-0.307970	-1.560869	-0.171489	-0.614799	-0.133002
1.560000	3.189819	-0.225612	-1.526443	-0.172597	-0.632229	-0.128200
1.580000	3.029794	-0.134908	-1.480855	-0.175097	-0.653240	-0.123805
1.600000	2.863949	-0.037862	-1.425876	-0.178811	-0.677296	-0.119782
1.620000	2.693630	0.063522	-1.363276	-0.183564	-0.703861	-0.116098
1.640000	2.520183	0.167240	-1.294829	-0.189177	-0.732397	-0.112717
1.660000	2.344954	0.271287	-1.222305	-0.195473	-0.762369	-0.109607
1.680000	2.169290	0.373659	-1.147476	-0.202276	-0.793241	-0.106733
1.700000	1.994538	0.472351	-1.072113	-0.209408	-0.824475	-0.104060
1.720000	1.822043	0.565360	-0.997988	-0.216691	-0.855535	-0.101555
1.740000	1.653152	0.650681	-0.926872	-0.223950	-0.885884	-0.099183
1.760000	1.489212	0.726310	-0.860537	-0.231006	-0.914987	-0.096910
1.780000	1.331569	0.790242	-0.800755	-0.237683	-0.942307	-0.094703
1.800000	1.181569	0.840473	-0.749296	-0.243803	-0.967306	-0.092527
1.820000	1.040558	0.874999	-0.707933	-0.249189	-0.989450	-0.090347
1.840000	0.909884	0.891815	-0.678436	-0.253665	-1.008201	-0.088130
1.860000	0.790673	0.889188	-0.662401	-0.257066	-1.023062	-0.085844
1.880000	0.681602	0.868416	-0.659454	-0.259375	-1.033980	-0.083490
1.900000	0.579816	0.832691	-0.667988	-0.260670	-1.041178	-0.081090
1.920000	0.482435	0.785236	-0.686377	-0.261028	-1.044886	-0.078663
1.940000	0.386580	0.729272	-0.712995	-0.260525	-1.045330	-0.076231
1.960000	0.289371	0.668022	-0.746217	-0.259241	-1.042738	-0.073815
1.980000	0.187930	0.604707	-0.784418	-0.257252	-1.037340	-0.071436
2.000000	0.079377	0.542551	-0.825970	-0.254635	-1.029362	-0.069116
2.020000	-0.039169	0.484774	-0.869249	-0.251470	-1.019033	-0.066874
2.040000	-0.170584	0.434600	-0.912629	-0.247832	-1.006581	-0.064733
2.060000	-0.317750	0.395249	-0.954485	-0.243800	-0.992234	-0.062713
2.080000	-0.483546	0.369946	-0.993189	-0.239451	-0.976220	-0.060836
2.100000	-0.670850	0.361910	-1.027118	-0.234862	-0.958767	-0.059122
2.120000	-0.882543	0.374365	-1.054645	-0.230112	-0.940102	-0.057592
2.140000	-1.121503	0.410533	-1.074144	-0.225278	-0.920455	-0.056268
2.160000	-1.390610	0.473635	-1.083990	-0.220437	-0.900052	-0.055171
2.180000	-1.691333	0.565659	-1.082888	-0.215662	-0.879132	-0.054342
2.200000	-2.019581	0.683712	-1.070850	-0.211007	-0.857965	-0.053899
2.220000	-2.369888	0.823701	-1.048210	-0.206521	-0.836833	-0.053980
2.240000	-2.736791	0.981532	-1.015301	-0.202253	-0.816016	-0.054724
2.260000	-3.114826	1.153112	-0.972457	-0.198252	-0.795795	-0.056269
2.280000	-3.498527	1.334347	-0.920014	-0.194566	-0.776451	-0.058754
2.300000	-3.882432	1.521142	-0.858303	-0.191246	-0.758263	-0.062315
2.320000	-4.261075	1.709404	-0.787659	-0.188339	-0.741513	-0.067092
2.340000	-4.628993	1.895040	-0.708417	-0.185896	-0.726482	-0.073223
2.360000	-4.980722	2.073955	-0.620909	-0.183964	-0.713450	-0.080846
2.380000	-5.310796	2.242056	-0.525471	-0.182593	-0.702697	-0.090098
2.400000	-5.613753	2.395249	-0.422435	-0.181832	-0.694504	-0.101119
2.420000	-5.884127	2.529440	-0.312135	-0.181730	-0.689153	-0.114047
2.440000	-6.116456	2.640535	-0.194906	-0.182337	-0.686923	-0.129018
2.460000	-6.305273	2.724441	-0.071081	-0.183700	-0.688095	-0.146173
2.480000	-6.445171	2.777104	0.058996	-0.185868	-0.692946	-0.165646
2.500000	-6.534137	2.796922	0.194405	-0.188846	-0.701477	-0.187414
2.520000	-6.575449	2.786118	0.333330	-0.192568	-0.713263	-0.211209
2.540000	-6.572848	2.747246	0.473873	-0.196962	-0.727843	-0.236740
2.560000	-6.530073	2.682861	0.614139	-0.201958	-0.744753	-0.263715
2.580000	-6.450863	2.595516	0.752231	-0.207485	-0.763532	-0.291845
2.600000	-6.338958	2.487765	0.886254	-0.213470	-0.783717	-0.320839
