0.000000	-4.910606	0.411272	0.516998	-0.192218	-0.791612	-0.334657
0.020000	-4.873034	0.375136	0.472683	-0.202284	-0.803000	-0.350032
0.040000	-4.815539	0.340313	0.425007	-0.212870	-0.815381	-0.365862
0.060000	-4.739876	0.308278	0.375247	-0.223751	-0.828419	-0.382116
0.080000	-4.647803	0.280508	0.324681	-0.234697	-0.841780	-0.398767
0.100000	-4.541076	0.258480	0.274584	-0.245483	-0.855129	-0.415784
0.120000	-4.421451	0.243669	0.226234	-0.255882	-0.868131	-0.433138
0.140000	-4.290686	0.237552	0.180907	-0.265666	-0.880452	-0.450801
0.160000	-4.150536	0.241605	0.139881	-0.274609	-0.891757	-0.468744
0.180000	-4.002758	0.257305	0.104433	-0.282484	-0.901712	-0.486937
0.200000	-3.849109	0.286128	0.075839	-0.289063	-0.909981	-0.505352
0.220000	-3.691260	0.329349	0.055254	-0.294143	-0.916263	-0.523956
0.240000	-3.529991	0.386143	0.042565	-0.297753	-0.920587	-0.542695
0.260000	-3.365552	0.454428	0.036899	-0.300064	-0.923182	-0.561501
0.280000	-3.198185	0.532109	0.037375	-0.301247	-0.924279	-0.580302
0.300000	-3.028132	0.617090	0.043111	-0.301474	-0.924111	-0.599031
0.320000	-2.855636	0.707274	0.053224	-0.300918	-0.922909	-0.617618
0.340000	-2.680938	0.800564	0.066834	-0.299750	-0.920904	-0.635993
0.360000	-2.504282	0.894865	0.083058	-0.298141	-0.918328	-0.654087
0.380000	-2.325908	0.988079	0.101014	-0.296265	-0.915412	-0.671831
0.400000	-2.146060	1.078112	0.119821	-0.294293	-0.912388	-0.689155
0.420000	-1.964980	1.162865	0.138597	-0.292396	-0.909487	-0.705991
0.440000	-1.782910	1.240243	0.156460	-0.290748	-0.906941	-0.722269
0.460000	-1.600092	1.308150	0.172528	-0.289519	-0.904981	-0.737919
0.480000	-1.416768	1.364489	0.185920	-0.288881	-0.903840	-0.752872
0.500000	-1.233181	1.407163	0.195753	-0.289007	-0.903747	-0.767059
0.520000	-1.049590	1.434181	0.201191	-0.290058	-0.904923	-0.780411
0.540000	-0.866511	1.445081	0.202081	-0.292052	-0.907389	-0.792870
0.560000	-0.684652	1.440570	0.198787	-0.294892	-0.911023	-0.804388
0.580000	-0.504729	1.421388	0.191688	-0.298480	-0.915695	-0.814914
0.600000	-0.327457	1.388272	0.181162	-0.302720	-0.921276	-0.824399
0.620000	-0.153550	1.341959	0.167587	-0.307512	-0.927638	-0.832794
0.640000	0.016277	1.283188	0.151342	-0.312759	-0.934652	-0.840049
0.660000	0.181308	1.212695	0.132806	-0.318363	-0.942191	-0.846116
0.680000	0.340830	1.131220	0.112356	-0.324226	-0.950124	-0.850944
0.700000	0.494127	1.039500	0.090372	-0.330250	-0.958325	-0.854485
0.720000	0.640484	0.938273	0.067230	-0.336337	-0.966663	-0.856689
0.740000	0.779187	0.828275	0.043311	-0.342389	-0.975011	-0.857506
0.760000	0.909521	0.710247	0.018992	-0.348308	-0.983240	-0.856888
0.780000	1.030772	0.584924	-0.005349	-0.353997	-0.991221	-0.854786
0.800000	1.142223	0.453045	-0.029332	-0.359357	-0.998826	-0.851148
0.820000	1.243161	0.315348	-0.052580	-0.364291	-1.005927	-0.845928
0.840000	1.332871	0.172570	-0.074714	-0.368700	-1.012394	-0.839074
0.860000	1.410641	0.025450	-0.095357	-0.372487	-1.018099	-0.830538
0.880000	1.476782	-0.125031	-0.114226	-0.375575	-1.022923	-0.820317
0.900000	1.533958	-0.277335	-0.131262	-0.377938	-1.026766	-0.808513
0.920000	1.585163	-0.429848	-0.146438	-0.379556	-1.029531	-0.795242
0.940000	1.633391	-0.580952	-0.159726	-0.380409	-1.031122	-0.780622
0.960000	1.681636	-0.729032	-0.171097	-0.380479	-1.031443	-0.764770
0.980000	1.732894	-0.872472	-0.180524	-0.379745	-1.030396	-0.747803
1.000000	1.790158	-1.009656	-0.187979	-0.378188	-1.027885	-0.729839
1.020000	1.856423	-1.138968	-0.193434	-0.375789	-1.023813	-0.710993
1.040000	1.934683	-1.258792	-0.196860	-0.372527	-1.018085	-0.691384
1.060000	2.027932	-1.367512	-0.198230	-0.368384	-1.010603	-0.671128
1.080000	2.139166	-1.463513	-0.197517	-0.363339	-1.001270	-0.650342
1.100000	2.271378	-1.545178	-0.194692	-0.357373	-0.989991	-0.629144
1.120000	2.427562	-1.610891	-0.189727	-0.350466	-0.976668	-0.607650
1.140000	2.610714	-1.659036	-0.182594	-0.342599	-0.961205	-0.585978
1.160000	2.823827	-1.687998	-0.173265	-0.333753	-0.943506	-0.564244
1.180000	3.069648	-1.696263	-0.161725	-0.323913	-0.923486	-0.542565
1.200000	3.345595	-1.684516	-0.148213	-0.313175	-0.901333	-0.521025
1.220000	3.643957	-1.655560	-0.133213	-0.301742	-0.877500	-0.499681
1.240000	3.956818	-1.612281	-0.117223	-0.289823	-0.852445	-0.478586
1.260000	4.276259	-1.557568	-0.100736	-0.277625	-0.826632	-0.457796
1.280000	4.594363	-1.494307	-0.084249	-0.265355	-0.800520	-0.437364
1.300000	4.903212	-1.425387	-0.068257	-0.253221	-0.774570	-0.417346
1.320000	5.194888	-1.353695	-0.053255	-0.241430	-0.749245	-0.397797
1.340000	5.461475	-1.282119	-0.039739	-0.230190	-0.725005	-0.378770
1.360000	5.695054	-1.213546	-0.028204	-0.219709	-0.702310	-0.360320
1.380000	5.887708	-1.150863	-0.019146	-0.210195	-0.681623	-0.342503
1.400000	6.031519	-1.096958	-0.013059	-0.201853	-0.663404	-0.325372
1.420000	6.118569	-1.054720	-0.010439	-0.194894	-0.648115	-0.308982
1.440000	6.140942	-1.027034	-0.011783	-0.189523	-0.636216	-0.293388
1.460000	6.090718	-1.016789	-0.017584	-0.185948	-0.628168	-0.278644
1.480000	5.959981	-1.026873	-0.028339	-0.184377	-0.624433	-0.264805
1.500000	5.742687	-1.059517	-0.044430	-0.184974	-0.625379	-0.251918
1.520000	5.444941	-1.112708	-0.065516	-0.187614	-0.630766	-0.239975
1.540000	5.077694	-1.182737	-0.090963	-0.192059	-0.640113	-0.228950
1.560000	4.651909	-1.265891	-0.120139	-0.198069	-0.652940	-0.218814
1.580000	4.178551	-1.358457	-0.152409	-0.205406	-0.668765	-0.209540
1.600000	3.668583	-1.456722	-0.187141	-0.213832	-0.687107	-0.201101
1.620000	3.132969	-1.556974	-0.223702	-0.223106	-0.707485	-0.193468
1.640000	2.582673	-1.655499	-0.261458	-0.232991	-0.729417	-0.186613
1.660000	2.028658	-1.748585	-0.299775	-0.243247	-0.752422	-0.180511
1.680000	1.481888	-1.832518	-0.338021	-0.253636	-0.776018	-0.175132
1.700000	0.953326	-1.903587	-0.375563	-0.263919	-0.799725	-0.170449
1.720000	0.453937	-1.958077	-0.411766	-0.273856	-0.823061	-0.166434
1.740000	-0.005315	-1.992276	-0.445998	-0.283210	-0.845545	-0.163060
1.760000	-0.413468	-2.002471	-0.477626	-0.291740	-0.866695	-0.160298
1.780000	-0.759558	-1.984949	-0.506016	-0.299209	-0.886030	-0.158123
1.800000	-1.032634	-1.936004	-0.530535	-0.305378	-0.903069	-0.156504
1.820000	-1.226617	-1.853924	-0.550855	-0.310105	-0.917515	-0.155407
1.840000	-1.347317	-1.741873	-0.567386	-0.313490	-0.929515	-0.154772
1.860000	-1.402328	-1.603748	-0.580649	-0.315667	-0.939283	-0.154536
1.880000	-1.399246	-1.443443	-0.591165	-0.316771	-0.947035	-0.154638
1.900000	-1.345664	-1.264854	-0.599456	-0.316936	-0.952984	-0.155015
1.920000	-1.249177	-1.071877	-0.606044	-0.316297	-0.957347	-0.155605
1.940000	-1.117379	-0.868407	-0.611449	-0.314987	-0.960336	-0.156345
1.960000	-0.957865	-0.658340	-0.616192	-0.313142	-0.962167	-0.157173
1.980000	-0.778229	-0.445571	-0.620796	-0.310896	-0.963054	-0.158028
2.000000	-0.586065	-0.233996	-0.625782	-0.308384	-0.963213	-0.158846
2.020000	-0.388968	-0.027509	-0.631671	-0.305740	-0.962858	-0.159566
2.040000	-0.194532	0.169992	-0.638983	-0.303098	-0.962202	-0.160124
2.060000	-0.010351	0.354613	-0.648242	-0.300594	-0.961462	-0.160460
2.080000	0.155980	0.522459	-0.659968	-0.298361	-0.960852	-0.160511
2.100000	0.296867	0.669633	-0.674682	-0.296534	-0.960586	-0.160213
2.120000	0.404715	0.792240	-0.692905	-0.295247	-0.960879	-0.159506
2.140000	0.473310	0.887228	-0.714945	-0.294597	-0.961889	-0.158345
2.160000	0.503590	0.955915	-0.739987	-0.294482	-0.963475	-0.156779
2.180000	0.498804	1.001031	-0.766859	-0.294734	-0.965404	-0.154891
2.200000	0.462202	1.025306	-0.794386	-0.295188	-0.967439	-0.152759
2.220000	0.397035	1.031473	-0.821395	-0.295676	-0.969346	-0.150466
2.240000	0.306554	1.022261	-0.846712	-0.296032	-0.970890	-0.148091
2.260000	0.194009	1.000403	-0.869163	-0.296090	-0.971834	-0.145714
2.280000	0.062650	0.968629	-0.887575	-0.295682	-0.971945	-0.143418
2.300000	-0.084271	0.929670	-0.900772	-0.294644	-0.970987	-0.141281
2.320000	-0.243504	0.886257	-0.907582	-0.292807	-0.968724	-0.139385
2.340000	-0.411800	0.841121	-0.906831	-0.290005	-0.964921	-0.137810
2.360000	-0.585906	0.796993	-0.897345	-0.286072	-0.959344	-0.136637
2.380000	-0.762573	0.756605	-0.877949	-0.280841	-0.951757	-0.135947
2.400000	-0.938550	0.722687	-0.847471	-0.274145	-0.941925	-0.135819
2.420000	-1.110586	0.697970	-0.804736	-0.265819	-0.929613	-0.136335
2.440000	-1.275441	0.685176	-0.748577	-0.255696	-0.914586	-0.137575
2.460000	-1.431185	0.685741	-0.678707	-0.243782	-0.896849	-0.139604
2.480000	-1.578503	0.698536	-0.596596	-0.230426	-0.876875	-0.142452
2.500000	-1.718390	0.722130	-0.503920	-0.216013	-0.855194	-0.146149
2.520000	-1.851840	0.755090	-0.402358	-0.200932	-0.832335	-0.150721
2.540000	-1.979849	0.795985	-0.293588	-0.185571	-0.808829	-0.156198
2.560000	-2.103411	0.843382	-0.179285	-0.170316	-0.785205	-0.162607
2.580000	-2.223522	0.895849	-0.061129	-0.155556	-0.761994	-0.169975
2.600000	-2.341176	0.951955	0.059203	-0.141677	-0.739725	-0.178332
2.620000	-2.457368	1.010266	0.180034	-0.129068	-0.718928	-0.187705
2.640000	-2.573093	1.069352	0.299687	-0.118117	-0.700133	-0.198122
2.660000	-2.689347	1.127780	0.416483	-0.109210	-0.683869	-0.209611
2.680000	-2.807123	1.184117	0.528745	-0.102735	-0.670668	-0.222200
2.700000	-2.927418	1.236932	0.634796	-0.099080	-0.661057	-0.235917
2.720000	-3.051226	1.284793	0.732958	-0.098632	-0.655568	-0.250790
2.740000	-3.179539	1.326268	0.821554	-0.101779	-0.654730	-0.266846
2.760000	-3.312598	1.360294	0.899339	-0.108703	-0.658806	-0.284068
2.780000	-3.448684	1.386760	0.966181	-0.119061	-0.667371	-0.302314
2.800000	-3.585771	1.405709	1.022127	-0.132424	-0.679892	-0.321423
2.820000	-3.721827	1.417181	1.067225	-0.148364	-0.695835	-0.341235
