0.000000	-5.223012	2.500053	-0.440030	-0.259105	-0.733318	-0.237419
0.020000	-5.300954	2.410725	-0.458075	-0.267478	-0.736095	-0.247847
0.040000	-5.369425	2.302154	-0.456722	-0.276909	-0.739778	-0.260026
0.060000	-5.427583	2.173157	-0.432967	-0.287440	-0.744374	-0.274146
0.080000	-5.474591	2.023045	-0.384505	-0.299100	-0.749884	-0.290360
0.100000	-5.509656	1.854221	-0.313379	-0.311803	-0.756262	-0.308600
0.120000	-5.532000	1.670270	-0.223300	-0.325425	-0.763440	-0.328715
0.140000	-5.540843	1.474778	-0.117984	-0.339840	-0.771354	-0.350554
0.160000	-5.535408	1.271334	-0.001146	-0.354921	-0.779938	-0.373964
0.180000	-5.514916	1.063526	0.123500	-0.370544	-0.789127	-0.398795
0.200000	-5.478589	0.854940	0.252239	-0.386582	-0.798854	-0.424894
0.220000	-5.425648	0.649166	0.381356	-0.402910	-0.809054	-0.452109
0.240000	-5.355315	0.449789	0.507135	-0.419402	-0.819662	-0.480290
0.260000	-5.266812	0.260399	0.625863	-0.435932	-0.830611	-0.509284
0.280000	-5.159359	0.084581	0.733823	-0.452374	-0.841836	-0.538939
0.300000	-5.032179	-0.074075	0.827301	-0.468603	-0.853272	-0.569104
0.320000	-4.884493	-0.211982	0.902583	-0.484493	-0.864852	-0.599628
0.340000	-4.715524	-0.325552	0.955953	-0.499917	-0.876512	-0.630358
0.360000	-4.524491	-0.411199	0.983696	-0.514752	-0.888185	-0.661144
0.380000	-4.310620	-0.465343	0.982104	-0.528869	-0.899806	-0.691832
0.400000	-4.073800	-0.486732	0.949361	-0.542156	-0.911295	-0.722236
0.420000	-3.815485	-0.479590	0.888098	-0.554525	-0.922536	-0.752081
0.440000	-3.537353	-0.448923	0.801583	-0.565892	-0.933411	-0.781082
0.460000	-3.241084	-0.399740	0.693086	-0.576173	-0.943800	-0.808955
0.480000	-2.928356	-0.337050	0.565875	-0.585284	-0.953584	-0.835413
0.500000	-2.600847	-0.265859	0.423221	-0.593142	-0.962643	-0.860170
0.520000	-2.260237	-0.191176	0.268391	-0.599664	-0.970857	-0.882942
0.540000	-1.908204	-0.118010	0.104655	-0.604764	-0.978108	-0.903443
0.560000	-1.546426	-0.051367	-0.064718	-0.608360	-0.984275	-0.921388
0.580000	-1.176583	0.003743	-0.236459	-0.610368	-0.989240	-0.936490
0.600000	-0.800353	0.042313	-0.407298	-0.610704	-0.992882	-0.948464
0.620000	-0.419415	0.059335	-0.573967	-0.609285	-0.995083	-0.957026
0.640000	-0.035448	0.049801	-0.733197	-0.606026	-0.995723	-0.961889
0.660000	0.349871	0.008703	-0.881718	-0.600844	-0.994682	-0.962768
0.680000	0.734862	-0.068968	-1.016261	-0.593655	-0.991841	-0.959377
0.700000	1.117856	-0.187974	-1.133658	-0.584382	-0.987088	-0.951448
0.720000	1.497398	-0.347664	-1.232942	-0.573097	-0.980478	-0.939069
0.740000	1.872242	-0.542082	-1.315307	-0.560015	-0.972228	-0.922682
0.760000	2.241152	-0.765048	-1.382038	-0.545360	-0.962561	-0.902741
0.780000	2.602892	-1.010385	-1.434419	-0.529354	-0.951704	-0.879703
0.800000	2.956224	-1.271914	-1.473735	-0.512219	-0.939879	-0.854022
0.820000	3.299911	-1.543456	-1.501269	-0.494178	-0.927312	-0.826155
0.840000	3.632717	-1.818832	-1.518307	-0.475453	-0.914226	-0.796557
0.860000	3.953406	-2.091865	-1.526132	-0.456267	-0.900845	-0.765684
0.880000	4.260739	-2.356375	-1.526029	-0.436843	-0.887395	-0.733990
0.900000	4.553482	-2.606184	-1.519282	-0.417403	-0.874099	-0.701931
0.920000	4.830396	-2.835114	-1.507175	-0.398170	-0.861181	-0.669964
0.940000	5.090245	-3.036985	-1.490993	-0.379366	-0.848867	-0.638543
0.960000	5.331792	-3.205620	-1.472021	-0.361213	-0.837380	-0.608124
0.980000	5.553802	-3.334840	-1.451541	-0.343935	-0.826944	-0.579162
1.000000	5.755036	-3.418466	-1.430840	-0.327753	-0.817784	-0.552113
1.020000	5.934334	-3.451415	-1.411063	-0.312865	-0.810094	-0.527370
1.040000	6.091045	-3.435858	-1.392447	-0.299301	-0.803868	-0.504904
1.060000	6.224720	-3.376920	-1.374856	-0.287023	-0.799019	-0.484520
1.080000	6.334912	-3.279732	-1.358156	-0.275991	-0.795458	-0.466019
1.100000	6.421177	-3.149424	-1.342210	-0.266168	-0.793100	-0.449203
1.120000	6.483068	-2.991128	-1.326882	-0.257514	-0.791855	-0.433875
1.140000	6.520137	-2.809975	-1.312038	-0.249992	-0.791637	-0.419837
1.160000	6.531939	-2.611097	-1.297541	-0.243563	-0.792358	-0.406891
1.180000	6.518027	-2.399625	-1.283256	-0.238188	-0.793931	-0.394839
1.200000	6.477956	-2.180691	-1.269046	-0.233828	-0.796267	-0.383484
1.220000	6.411278	-1.959425	-1.254777	-0.230446	-0.799280	-0.372627
1.240000	6.317547	-1.740959	-1.240312	-0.228002	-0.802882	-0.362071
1.260000	6.196318	-1.530425	-1.225516	-0.226459	-0.806985	-0.351619
1.280000	6.047143	-1.332953	-1.210253	-0.225777	-0.811502	-0.341072
1.300000	5.869576	-1.153676	-1.194387	-0.225918	-0.816345	-0.330232
1.320000	5.663171	-0.997724	-1.177783	-0.226844	-0.821427	-0.318903
1.340000	5.427481	-0.870229	-1.160305	-0.228516	-0.826660	-0.306885
1.360000	5.162832	-0.774870	-1.141824	-0.230884	-0.831969	-0.294039
1.380000	4.872632	-0.709522	-1.122234	-0.233854	-0.837327	-0.280453
1.400000	4.561064	-0.670606	-1.101436	-0.237320	-0.842719	-0.266274
1.420000	4.232308	-0.654543	-1.079332	-0.241177	-0.848129	-0.251649
1.440000	3.890545	-0.657756	-1.055822	-0.245320	-0.853543	-0.236723
1.460000	3.539957	-0.676667	-1.030809	-0.249643	-0.858947	-0.221644
1.480000	3.184723	-0.707697	-1.004192	-0.254040	-0.864324	-0.206557
1.500000	2.829025	-0.747269	-0.975873	-0.258406	-0.869660	-0.191608
1.520000	2.477045	-0.791804	-0.945754	-0.262635	-0.874940	-0.176945
1.540000	2.132963	-0.837725	-0.913734	-0.266621	-0.880149	-0.162713
1.560000	1.800960	-0.881453	-0.879716	-0.270260	-0.885272	-0.149059
1.580000	1.485217	-0.919410	-0.843601	-0.273446	-0.890295	-0.136129
1.600000	1.189915	-0.948017	-0.805289	-0.276073	-0.895201	-0.124070
1.620000	0.919236	-0.963698	-0.764681	-0.278036	-0.899977	-0.113028
1.640000	0.677360	-0.962874	-0.721679	-0.279229	-0.904607	-0.103149
1.660000	0.467663	-0.942654	-0.676271	-0.279571	-0.909081	-0.094553
1.680000	0.289261	-0.903792	-0.628902	-0.279113	-0.913412	-0.087217
1.700000	0.139865	-0.848239	-0.580169	-0.277946	-0.917623	-0.081071
1.720000	0.017186	-0.777949	-0.530670	-0.276166	-0.921735	-0.076046
1.740000	-0.081067	-0.694876	-0.481001	-0.273864	-0.925769	-0.072071
1.760000	-0.157184	-0.600974	-0.431759	-0.271133	-0.929748	-0.069078
1.780000	-0.213453	-0.498197	-0.383542	-0.268068	-0.933693	-0.066996
1.800000	-0.252165	-0.388497	-0.336947	-0.264760	-0.937626	-0.065756
1.820000	-0.275610	-0.273828	-0.292570	-0.261304	-0.941568	-0.065288
1.840000	-0.286077	-0.156144	-0.251009	-0.257791	-0.945542	-0.065522
1.860000	-0.285856	-0.037399	-0.212860	-0.254316	-0.949568	-0.066389
1.880000	-0.277237	0.080453	-0.178722	-0.250971	-0.953670	-0.067818
1.900000	-0.262510	0.195460	-0.149190	-0.247849	-0.957868	-0.069740
1.920000	-0.243965	0.305668	-0.124862	-0.245044	-0.962184	-0.072086
1.940000	-0.223891	0.409122	-0.106336	-0.242649	-0.966639	-0.074785
1.960000	-0.204578	0.503870	-0.094207	-0.240757	-0.971257	-0.077769
1.980000	-0.188246	0.588134	-0.089006	-0.239451	-0.976044	-0.080969
2.000000	-0.176263	0.662299	-0.090440	-0.238715	-0.980854	-0.084348
2.020000	-0.169430	0.728192	-0.097665	-0.238460	-0.985431	-0.087888
2.040000	-0.168533	0.787670	-0.109829	-0.238597	-0.989519	-0.091572
2.060000	-0.174362	0.842588	-0.126076	-0.239038	-0.992863	-0.095383
2.080000	-0.187705	0.894801	-0.145554	-0.239693	-0.995207	-0.099303
2.100000	-0.209350	0.946165	-0.167410	-0.240474	-0.996294	-0.103314
2.120000	-0.240086	0.998536	-0.190789	-0.241291	-0.995868	-0.107401
2.140000	-0.280701	1.053767	-0.214838	-0.242057	-0.993674	-0.111544
2.160000	-0.331984	1.113716	-0.238704	-0.242681	-0.989456	-0.115727
2.180000	-0.394723	1.180237	-0.261533	-0.243075	-0.982956	-0.119933
2.200000	-0.469706	1.255186	-0.282472	-0.243151	-0.973920	-0.124144
2.220000	-0.557722	1.340418	-0.300667	-0.242819	-0.962092	-0.128343
2.240000	-0.659559	1.437789	-0.315264	-0.241991	-0.947215	-0.132512
2.260000	-0.776006	1.549154	-0.325410	-0.240576	-0.929033	-0.136634
2.280000	-0.907793	1.676206	-0.330283	-0.238493	-0.907316	-0.140695
2.300000	-1.054631	1.817778	-0.329609	-0.235751	-0.882301	-0.144742
2.320000	-1.215359	1.970256	-0.323583	-0.232440	-0.854620	-0.148875
2.340000	-1.388788	2.129949	-0.312416	-0.228653	-0.824919	-0.153195
2.360000	-1.573728	2.293166	-0.296319	-0.224483	-0.793844	-0.157801
2.380000	-1.768990	2.456215	-0.275501	-0.220021	-0.762040	-0.162796
2.400000	-1.973385	2.615405	-0.250173	-0.215362	-0.730154	-0.168279
2.420000	-2.185725	2.767044	-0.220547	-0.210597	-0.698830	-0.174353
2.440000	-2.404819	2.907440	-0.186831	-0.205819	-0.668716	-0.181118
2.460000	-2.629479	3.032903	-0.149237	-0.201121	-0.640456	-0.188674
2.480000	-2.858516	3.139740	-0.107975	-0.196596	-0.614696	-0.197123
2.500000	-3.090740	3.224261	-0.063256	-0.192337	-0.592083	-0.206565
2.520000	-3.324962	3.282774	-0.015290	-0.188435	-0.573261	-0.217102
