0.000000	-0.223360	0.353077	-0.256283	-0.085413	-0.984168	-0.021206
0.020000	-0.222258	0.353196	-0.257779	-0.084937	-0.983910	-0.021209
0.040000	-0.221733	0.352778	-0.258936	-0.084503	-0.983740	-0.021356
0.060000	-0.221587	0.351765	-0.259706	-0.084109	-0.983650	-0.021650
0.080000	-0.221621	0.350097	-0.260041	-0.083748	-0.983634	-0.022090
0.100000	-0.221636	0.347717	-0.259894	-0.083416	-0.983685	-0.022677
0.120000	-0.221432	0.344565	-0.259217	-0.083109	-0.983795	-0.023412
0.140000	-0.220810	0.340583	-0.257963	-0.082821	-0.983958	-0.024297
0.160000	-0.219572	0.335712	-0.256084	-0.082549	-0.984166	-0.025331
0.180000	-0.217517	0.329893	-0.253532	-0.082288	-0.984413	-0.026515
0.200000	-0.214449	0.323067	-0.250260	-0.082032	-0.984692	-0.027851
0.220000	-0.210166	0.315175	-0.246220	-0.081778	-0.984996	-0.029339
0.240000	-0.204470	0.306160	-0.241365	-0.081520	-0.985318	-0.030980
0.260000	-0.197162	0.295962	-0.235647	-0.081255	-0.985650	-0.032774
0.280000	-0.188189	0.284565	-0.229060	-0.080980	-0.985988	-0.034716
0.300000	-0.177853	0.272059	-0.221699	-0.080704	-0.986329	-0.036782
0.320000	-0.166514	0.258549	-0.213677	-0.080436	-0.986671	-0.038945
0.340000	-0.154528	0.244142	-0.205104	-0.080184	-0.987013	-0.041181
0.360000	-0.142255	0.228942	-0.196091	-0.079957	-0.987353	-0.043462
0.380000	-0.130052	0.213056	-0.186751	-0.079765	-0.987689	-0.045763
0.400000	-0.118277	0.196589	-0.177193	-0.079617	-0.988019	-0.048058
0.420000	-0.107289	0.179647	-0.167530	-0.079521	-0.988342	-0.050320
0.440000	-0.097445	0.162335	-0.157873	-0.079487	-0.988656	-0.052524
0.460000	-0.089104	0.144759	-0.148333	-0.079523	-0.988960	-0.054643
0.480000	-0.082624	0.127025	-0.139021	-0.079638	-0.989251	-0.056652
0.500000	-0.078363	0.109239	-0.130049	-0.079842	-0.989528	-0.058524
0.520000	-0.076678	0.091506	-0.121528	-0.080144	-0.989789	-0.060234
0.540000	-0.077928	0.073932	-0.113569	-0.080551	-0.990033	-0.061754
0.560000	-0.082472	0.056622	-0.106284	-0.081074	-0.990258	-0.063060
0.580000	-0.090667	0.039682	-0.099784	-0.081722	-0.990461	-0.064125
0.600000	-0.102765	0.023224	-0.094159	-0.082499	-0.990642	-0.064927
0.620000	-0.118466	0.007388	-0.089393	-0.083394	-0.990802	-0.065466
0.640000	-0.137286	-0.007675	-0.085432	-0.084388	-0.990941	-0.065749
0.660000	-0.158742	-0.021815	-0.082225	-0.085463	-0.991061	-0.065782
0.680000	-0.182351	-0.034882	-0.079719	-0.086600	-0.991163	-0.065573
0.700000	-0.207628	-0.046724	-0.077861	-0.087781	-0.991249	-0.065128
0.720000	-0.234092	-0.057192	-0.076598	-0.088988	-0.991319	-0.064454
0.740000	-0.261258	-0.066134	-0.075879	-0.090202	-0.991374	-0.063558
0.760000	-0.288644	-0.073402	-0.075649	-0.091404	-0.991417	-0.062447
0.780000	-0.315767	-0.078843	-0.075857	-0.092578	-0.991448	-0.061127
0.800000	-0.342142	-0.082308	-0.076451	-0.093703	-0.991469	-0.059606
0.820000	-0.367287	-0.083645	-0.077377	-0.094763	-0.991481	-0.057889
0.840000	-0.390718	-0.082706	-0.078583	-0.095737	-0.991484	-0.055985
0.860000	-0.411952	-0.079338	-0.080016	-0.096609	-0.991481	-0.053900
0.880000	-0.430507	-0.073393	-0.081624	-0.097359	-0.991473	-0.051641
0.900000	-0.445898	-0.064718	-0.083354	-0.097970	-0.991460	-0.049214
0.920000	-0.457680	-0.053179	-0.085158	-0.098424	-0.991444	-0.046628
0.940000	-0.465868	-0.038822	-0.087038	-0.098727	-0.991422	-0.043915
0.960000	-0.470782	-0.021812	-0.089028	-0.098898	-0.991386	-0.041120
0.980000	-0.472748	-0.002320	-0.091164	-0.098957	-0.991331	-0.038289
1.000000	-0.472092	0.019487	-0.093483	-0.098923	-0.991250	-0.035468
1.020000	-0.469139	0.043440	-0.096020	-0.098817	-0.991138	-0.032704
1.040000	-0.464214	0.069370	-0.098810	-0.098657	-0.990987	-0.030042
1.060000	-0.457645	0.097108	-0.101889	-0.098463	-0.990791	-0.027530
1.080000	-0.449756	0.126487	-0.105294	-0.098255	-0.990544	-0.025212
1.100000	-0.440873	0.157336	-0.109060	-0.098052	-0.990240	-0.023136
1.120000	-0.431322	0.189488	-0.113222	-0.097875	-0.989872	-0.021347
1.140000	-0.421429	0.222773	-0.117817	-0.097743	-0.989433	-0.019891
1.160000	-0.411520	0.257023	-0.122880	-0.097675	-0.988919	-0.018814
1.180000	-0.401919	0.292070	-0.128447	-0.097691	-0.988321	-0.018163
1.200000	-0.392954	0.327744	-0.134553	-0.097810	-0.987635	-0.017985
1.220000	-0.384937	0.363870	-0.141230	-0.098052	-0.986854	-0.018321
1.240000	-0.377985	0.400133	-0.148414	-0.098415	-0.985988	-0.019163
1.260000	-0.372039	0.436107	-0.155963	-0.098878	-0.985061	-0.020459
1.280000	-0.367040	0.471357	-0.163732	-0.099424	-0.984096	-0.022154
1.300000	-0.362927	0.505452	-0.171578	-0.100032	-0.983118	-0.024195
1.320000	-0.359637	0.537959	-0.179356	-0.100682	-0.982149	-0.026527
1.340000	-0.357110	0.568446	-0.186920	-0.101356	-0.981214	-0.029096
1.360000	-0.355285	0.596480	-0.194127	-0.102033	-0.980335	-0.031848
1.380000	-0.354100	0.621629	-0.200832	-0.102694	-0.979538	-0.034730
1.400000	-0.353494	0.643461	-0.206891	-0.103320	-0.978845	-0.037686
1.420000	-0.353406	0.661543	-0.212158	-0.103891	-0.978280	-0.040663
1.440000	-0.353774	0.675442	-0.216490	-0.104387	-0.977867	-0.043606
1.460000	-0.354539	0.684727	-0.219741	-0.104789	-0.977630	-0.046462
1.480000	-0.355637	0.688964	-0.221768	-0.105077	-0.977592	-0.049177
1.500000	-0.357009	0.687722	-0.222425	-0.105232	-0.977776	-0.051696
1.520000	-0.358592	0.680568	-0.221569	-0.105235	-0.978207	-0.053965
1.540000	-0.360310	0.667211	-0.219093	-0.105068	-0.978902	-0.055938
