0.000000	-0.608584	0.731426	-0.129747	-0.005792	-0.994403	-0.045753
0.020000	-0.602038	0.750181	-0.129732	-0.005593	-0.993820	-0.046182
0.040000	-0.593392	0.761065	-0.129071	-0.005473	-0.993293	-0.046295
0.060000	-0.582798	0.764466	-0.127757	-0.005434	-0.992824	-0.046115
0.080000	-0.570445	0.760926	-0.125791	-0.005476	-0.992413	-0.045678
0.100000	-0.556521	0.750990	-0.123173	-0.005599	-0.992063	-0.045014
0.120000	-0.541213	0.735202	-0.119902	-0.005804	-0.991773	-0.044157
0.140000	-0.524709	0.714104	-0.115979	-0.006090	-0.991545	-0.043140
0.160000	-0.507197	0.688240	-0.111404	-0.006457	-0.991380	-0.041996
0.180000	-0.488865	0.658154	-0.106176	-0.006906	-0.991278	-0.040758
0.200000	-0.469901	0.624390	-0.100297	-0.007437	-0.991242	-0.039457
0.220000	-0.450492	0.587491	-0.093765	-0.008050	-0.991272	-0.038128
0.240000	-0.430826	0.548000	-0.086582	-0.008746	-0.991368	-0.036803
0.260000	-0.411091	0.506462	-0.078747	-0.009524	-0.991533	-0.035514
0.280000	-0.391476	0.463420	-0.070260	-0.010384	-0.991766	-0.034295
0.300000	-0.372167	0.419418	-0.061122	-0.011327	-0.992070	-0.033179
0.320000	-0.353352	0.374998	-0.051332	-0.012354	-0.992445	-0.032198
0.340000	-0.335215	0.330703	-0.040894	-0.013463	-0.992891	-0.031384
0.360000	-0.317778	0.286994	-0.029903	-0.014644	-0.993403	-0.030745
0.380000	-0.300890	0.244246	-0.018556	-0.015876	-0.993967	-0.030261
0.400000	-0.284393	0.202832	-0.007054	-0.017137	-0.994566	-0.029910
0.420000	-0.268127	0.163123	0.004400	-0.018404	-0.995188	-0.029672
0.440000	-0.251932	0.125490	0.015604	-0.019656	-0.995818	-0.029525
0.460000	-0.235648	0.090305	0.026357	-0.020869	-0.996440	-0.029448
0.480000	-0.219116	0.057938	0.036457	-0.022023	-0.997041	-0.029420
0.500000	-0.202175	0.028761	0.045702	-0.023094	-0.997605	-0.029420
0.520000	-0.184668	0.003146	0.053889	-0.024061	-0.998118	-0.029427
0.540000	-0.166433	-0.018536	0.060818	-0.024901	-0.998565	-0.029419
0.560000	-0.147311	-0.035915	0.066287	-0.025592	-0.998933	-0.029376
0.580000	-0.127142	-0.048617	0.070092	-0.026113	-0.999205	-0.029275
0.600000	-0.105768	-0.056273	0.072034	-0.026440	-0.999368	-0.029097
0.620000	-0.083028	-0.058511	0.071909	-0.026552	-0.999407	-0.028819
0.640000	-0.058763	-0.054958	0.069516	-0.026426	-0.999308	-0.028422
0.660000	-0.032896	-0.045349	0.064692	-0.026045	-0.999058	-0.027886
0.680000	-0.005994	-0.030209	0.057573	-0.025426	-0.998668	-0.027220
0.700000	0.021081	-0.010429	0.048436	-0.024602	-0.998158	-0.026446
0.720000	0.047464	0.013094	0.037555	-0.023605	-0.997549	-0.025584
0.740000	0.072292	0.039467	0.025206	-0.022470	-0.996862	-0.024655
0.760000	0.094700	0.067794	0.011665	-0.021228	-0.996118	-0.023680
0.780000	0.113825	0.097181	-0.002791	-0.019913	-0.995335	-0.022680
0.800000	0.128801	0.126733	-0.017888	-0.018558	-0.994537	-0.021675
0.820000	0.138767	0.155557	-0.033350	-0.017196	-0.993742	-0.020686
0.840000	0.142856	0.182756	-0.048900	-0.015860	-0.992971	-0.019735
0.860000	0.140205	0.207436	-0.064263	-0.014583	-0.992245	-0.018842
0.880000	0.129950	0.228704	-0.079163	-0.013399	-0.991585	-0.018028
0.900000	0.111227	0.245663	-0.093325	-0.012339	-0.991011	-0.017313
0.920000	0.083172	0.257420	-0.106472	-0.011438	-0.990544	-0.016719
0.940000	0.044920	0.263079	-0.118329	-0.010728	-0.990203	-0.016267
0.960000	-0.004392	0.261747	-0.128620	-0.010242	-0.990011	-0.015976
0.980000	-0.065629	0.252528	-0.137070	-0.010013	-0.989987	-0.015869
1.000000	-0.139275	0.234818	-0.143423	-0.010067	-0.990146	-0.015962
1.020000	-0.224077	0.209348	-0.147523	-0.010387	-0.990474	-0.016254
1.040000	-0.318286	0.177228	-0.149242	-0.010948	-0.990950	-0.016739
1.060000	-0.420150	0.139568	-0.148452	-0.011723	-0.991552	-0.017411
1.080000	-0.527919	0.097481	-0.145024	-0.012686	-0.992260	-0.018263
1.100000	-0.639842	0.052077	-0.138829	-0.013811	-0.993051	-0.019290
1.120000	-0.754168	0.004468	-0.129740	-0.015071	-0.993904	-0.020486
1.140000	-0.869148	-0.044236	-0.117627	-0.016441	-0.994799	-0.021843
1.160000	-0.983029	-0.092923	-0.102362	-0.017894	-0.995712	-0.023356
1.180000	-1.094063	-0.140483	-0.083818	-0.019404	-0.996623	-0.025020
1.200000	-1.200497	-0.185803	-0.061864	-0.020944	-0.997511	-0.026827
1.220000	-1.300582	-0.227774	-0.036374	-0.022489	-0.998353	-0.028772
1.240000	-1.392567	-0.265284	-0.007218	-0.024011	-0.999129	-0.030848
1.260000	-1.474701	-0.297221	0.025732	-0.025486	-0.999817	-0.033050
1.280000	-1.545234	-0.322476	0.062604	-0.026886	-1.000396	-0.035371
1.300000	-1.602425	-0.339946	0.103524	-0.028186	-1.000844	-0.037805
1.320000	-1.645474	-0.349451	0.148341	-0.029373	-1.001152	-0.040343
1.340000	-1.675253	-0.352454	0.196408	-0.030460	-1.001332	-0.042973
1.360000	-1.692811	-0.350584	0.247030	-0.031463	-1.001399	-0.045681
1.380000	-1.699193	-0.345474	0.299511	-0.032396	-1.001367	-0.048453
1.400000	-1.695447	-0.338754	0.353154	-0.033276	-1.001250	-0.051276
1.420000	-1.682620	-0.332056	0.407263	-0.034117	-1.001063	-0.054136
1.440000	-1.661759	-0.327011	0.461141	-0.034934	-1.000820	-0.057020
