0.000000	-0.272904	-0.123598	-0.105115	-0.107321	-0.992053	-0.029174
0.020000	-0.294597	-0.114958	-0.118300	-0.107075	-0.990684	-0.029189
0.040000	-0.317862	-0.104129	-0.131303	-0.106345	-0.989364	-0.029154
0.060000	-0.341690	-0.090969	-0.143931	-0.105210	-0.988102	-0.029078
0.080000	-0.365070	-0.075333	-0.155995	-0.103750	-0.986907	-0.028967
0.100000	-0.386995	-0.057079	-0.167302	-0.102045	-0.985786	-0.028829
0.120000	-0.406455	-0.036061	-0.177662	-0.100173	-0.984748	-0.028671
0.140000	-0.422441	-0.012136	-0.186883	-0.098214	-0.983802	-0.028500
0.160000	-0.433942	0.014839	-0.194775	-0.096247	-0.982956	-0.028324
0.180000	-0.439951	0.045009	-0.201146	-0.094353	-0.982218	-0.028150
0.200000	-0.439457	0.078517	-0.205805	-0.092610	-0.981597	-0.027985
0.220000	-0.431451	0.115507	-0.208562	-0.091097	-0.981101	-0.027836
0.240000	-0.414925	0.156122	-0.209225	-0.089895	-0.980739	-0.027712
0.260000	-0.388869	0.200508	-0.207602	-0.089082	-0.980519	-0.027618
0.280000	-0.352350	0.248773	-0.203517	-0.088734	-0.980448	-0.027562
0.300000	-0.305810	0.300432	-0.197025	-0.088854	-0.980526	-0.027541
0.320000	-0.250869	0.354486	-0.188383	-0.089382	-0.980740	-0.027548
0.340000	-0.189187	0.409922	-0.177853	-0.090258	-0.981080	-0.027572
0.360000	-0.122422	0.465724	-0.165701	-0.091420	-0.981533	-0.027604
0.380000	-0.052236	0.520876	-0.152189	-0.092807	-0.982090	-0.027635
0.400000	0.019714	0.574365	-0.137581	-0.094357	-0.982737	-0.027655
0.420000	0.091767	0.625175	-0.122140	-0.096009	-0.983464	-0.027655
0.440000	0.162264	0.672291	-0.106130	-0.097702	-0.984260	-0.027625
0.460000	0.229546	0.714699	-0.089815	-0.099375	-0.985113	-0.027556
0.480000	0.291954	0.751382	-0.073457	-0.100965	-0.986013	-0.027439
0.500000	0.347827	0.781328	-0.057320	-0.102413	-0.986946	-0.027264
0.520000	0.395506	0.803519	-0.041669	-0.103657	-0.987903	-0.027022
0.540000	0.433333	0.816942	-0.026765	-0.104634	-0.988872	-0.026704
0.560000	0.459648	0.820582	-0.012873	-0.105285	-0.989841	-0.026300
0.580000	0.472790	0.813424	-0.000257	-0.105548	-0.990800	-0.025800
0.600000	0.471118	0.794463	0.010822	-0.105361	-0.991737	-0.025195
0.620000	0.454185	0.763543	0.020198	-0.104708	-0.992641	-0.024486
0.640000	0.423559	0.721925	0.027868	-0.103644	-0.993507	-0.023684
0.660000	0.380997	0.671005	0.033843	-0.102231	-0.994328	-0.022806
0.680000	0.328259	0.612181	0.038135	-0.100530	-0.995097	-0.021866
0.700000	0.267102	0.546850	0.040757	-0.098604	-0.995806	-0.020879
0.720000	0.199285	0.476408	0.041720	-0.096514	-0.996450	-0.019860
0.740000	0.126567	0.402253	0.041036	-0.094324	-0.997022	-0.018824
0.760000	0.050706	0.325782	0.038718	-0.092094	-0.997515	-0.017786
0.780000	-0.026539	0.248392	0.034777	-0.089886	-0.997923	-0.016761
0.800000	-0.103411	0.171480	0.029225	-0.087764	-0.998238	-0.015764
0.820000	-0.178150	0.096442	0.022075	-0.085788	-0.998454	-0.014810
0.840000	-0.248999	0.024676	0.013337	-0.084021	-0.998565	-0.013914
0.860000	-0.314198	-0.042421	0.003025	-0.082525	-0.998563	-0.013091
0.880000	-0.371990	-0.103452	-0.008850	-0.081361	-0.998442	-0.012355
0.900000	-0.420616	-0.157020	-0.022276	-0.080593	-0.998195	-0.011722
0.920000	-0.458317	-0.201728	-0.037240	-0.080281	-0.997816	-0.011207
0.940000	-0.483393	-0.236220	-0.053728	-0.080486	-0.997298	-0.010824
0.960000	-0.495704	-0.260213	-0.071615	-0.081208	-0.996648	-0.010575
0.980000	-0.496798	-0.274589	-0.090661	-0.082386	-0.995885	-0.010450
1.000000	-0.488306	-0.280290	-0.110620	-0.083953	-0.995029	-0.010438
1.020000	-0.471860	-0.278255	-0.131245	-0.085844	-0.994102	-0.010525
1.040000	-0.449094	-0.269424	-0.152292	-0.087993	-0.993124	-0.010702
1.060000	-0.421639	-0.254738	-0.173514	-0.090334	-0.992114	-0.010956
1.080000	-0.391127	-0.235137	-0.194664	-0.092802	-0.991094	-0.011275
1.100000	-0.359190	-0.211563	-0.215498	-0.095330	-0.990084	-0.011649
1.120000	-0.327462	-0.184953	-0.235768	-0.097854	-0.989103	-0.012066
1.140000	-0.297573	-0.156251	-0.255229	-0.100306	-0.988174	-0.012514
1.160000	-0.271157	-0.126394	-0.273635	-0.102623	-0.987315	-0.012981
1.180000	-0.249844	-0.096325	-0.290740	-0.104738	-0.986549	-0.013457
1.200000	-0.235269	-0.066983	-0.306297	-0.106584	-0.985894	-0.013928
1.220000	-0.229062	-0.039309	-0.320062	-0.108098	-0.985371	-0.014385
1.240000	-0.232432	-0.014089	-0.331834	-0.109226	-0.984996	-0.014817
1.260000	-0.244659	0.008591	-0.341632	-0.109985	-0.984761	-0.015226
1.280000	-0.264472	0.028844	-0.349536	-0.110407	-0.984652	-0.015614
1.300000	-0.290602	0.046782	-0.355624	-0.110527	-0.984654	-0.015985
1.320000	-0.321778	0.062518	-0.359976	-0.110377	-0.984754	-0.016342
