0.000000	0.149973	-2.806706	2.117458	0.396532	-0.881572	0.210848
0.020000	0.160307	-2.864263	2.166046	0.394732	-0.882762	0.206313
0.040000	0.173709	-2.915904	2.202978	0.392802	-0.884144	0.201543
0.060000	0.189241	-2.960159	2.227978	0.390777	-0.885697	0.196606
0.080000	0.205969	-2.995557	2.240772	0.388692	-0.887398	0.191569
0.100000	0.222954	-3.020625	2.241083	0.386581	-0.889227	0.186501
0.120000	0.239260	-3.033895	2.228636	0.384478	-0.891162	0.181468
0.140000	0.253950	-3.033893	2.203155	0.382420	-0.893182	0.176538
0.160000	0.266087	-3.019149	2.164364	0.380439	-0.895265	0.171780
0.180000	0.274735	-2.988192	2.111988	0.378571	-0.897390	0.167262
0.200000	0.278957	-2.939550	2.045751	0.376851	-0.899536	0.163050
0.220000	0.277817	-2.871753	1.965378	0.375313	-0.901680	0.159212
0.240000	0.270376	-2.783329	1.870592	0.373992	-0.903803	0.155817
0.260000	0.255699	-2.672808	1.761119	0.372922	-0.905881	0.152933
0.280000	0.232849	-2.538717	1.636682	0.372138	-0.907894	0.150626
0.300000	0.200889	-2.379586	1.497006	0.371676	-0.909821	0.148964
0.320000	0.158883	-2.193944	1.341816	0.371568	-0.911639	0.148016
0.340000	0.106200	-1.980940	1.171168	0.371841	-0.913330	0.147833
0.360000	0.044027	-1.743392	0.987094	0.372460	-0.914883	0.148367
0.380000	-0.025782	-1.485463	0.792348	0.373371	-0.916291	0.149537
0.400000	-0.101376	-1.211320	0.589685	0.374518	-0.917548	0.151259
0.420000	-0.180899	-0.925126	0.381860	0.375846	-0.918648	0.153450
0.440000	-0.262499	-0.631048	0.171629	0.377300	-0.919583	0.156029
0.460000	-0.344322	-0.333251	-0.038255	0.378824	-0.920348	0.158912
0.480000	-0.424515	-0.035899	-0.245035	0.380364	-0.920936	0.162017
0.500000	-0.501225	0.256842	-0.445958	0.381864	-0.921340	0.165260
0.520000	-0.572597	0.540806	-0.638266	0.383270	-0.921553	0.168560
0.540000	-0.636778	0.811829	-0.819207	0.384525	-0.921570	0.171833
0.560000	-0.691915	1.065744	-0.986024	0.385575	-0.921384	0.174997
0.580000	-0.736154	1.298388	-1.135963	0.386364	-0.920987	0.177969
0.600000	-0.767643	1.505594	-1.266268	0.386838	-0.920374	0.180667
0.620000	-0.784526	1.683198	-1.374184	0.386942	-0.919538	0.183007
0.640000	-0.784957	1.827043	-1.456964	0.386619	-0.918472	0.184907
0.660000	-0.768126	1.935030	-1.513302	0.385849	-0.917177	0.186323
0.680000	-0.735567	2.009681	-1.545145	0.384683	-0.915666	0.187300
0.700000	-0.689132	2.054152	-1.554878	0.383186	-0.913954	0.187894
0.720000	-0.630674	2.071595	-1.544890	0.381419	-0.912057	0.188160
0.740000	-0.562043	2.065164	-1.517569	0.379445	-0.909991	0.188155
0.760000	-0.485094	2.038014	-1.475302	0.377328	-0.907771	0.187935
0.780000	-0.401677	1.993298	-1.420476	0.375130	-0.905413	0.187555
0.800000	-0.313645	1.934171	-1.355480	0.372914	-0.902933	0.187072
0.820000	-0.222851	1.863786	-1.282701	0.370742	-0.900347	0.186542
0.840000	-0.131146	1.785297	-1.204526	0.368678	-0.897669	0.186020
0.860000	-0.040383	1.701858	-1.123343	0.366785	-0.894916	0.185563
0.880000	0.047587	1.616622	-1.041540	0.365125	-0.892102	0.185226
0.900000	0.130910	1.532745	-0.961505	0.363761	-0.889245	0.185066
0.920000	0.207734	1.453379	-0.885624	0.362755	-0.886359	0.185139
0.940000	0.276209	1.381679	-0.816286	0.362172	-0.883461	0.185501
0.960000	0.334539	1.320697	-0.755803	0.362070	-0.880564	0.186205
0.980000	0.382154	1.271378	-0.704939	0.362455	-0.877686	0.187262
1.000000	0.419627	1.232691	-0.663003	0.363280	-0.874839	0.188642
1.020000	0.447578	1.203526	-0.629246	0.364496	-0.872037	0.190310
1.040000	0.466627	1.182775	-0.602921	0.366053	-0.869295	0.192236
1.060000	0.477392	1.169328	-0.583280	0.367903	-0.866628	0.194387
1.080000	0.480493	1.162077	-0.569574	0.369996	-0.864048	0.196731
1.100000	0.476550	1.159912	-0.561057	0.372284	-0.861570	0.199234
1.120000	0.466180	1.161724	-0.556979	0.374717	-0.859208	0.201865
1.140000	0.450004	1.166405	-0.556594	0.377247	-0.856977	0.204592
1.160000	0.428641	1.172846	-0.559152	0.379824	-0.854890	0.207381
1.180000	0.402709	1.179937	-0.563907	0.382399	-0.852961	0.210201
1.200000	0.372830	1.186569	-0.570111	0.384923	-0.851205	0.213019
1.220000	0.339620	1.191633	-0.577014	0.387348	-0.849635	0.215803
1.240000	0.303701	1.194021	-0.583870	0.389624	-0.848266	0.218520
1.260000	0.265690	1.192624	-0.589931	0.391701	-0.847111	0.221138
1.280000	0.226208	1.186331	-0.594448	0.393532	-0.846186	0.223625
1.300000	0.185853	1.174133	-0.596732	0.395071	-0.845501	0.225951
1.320000	0.145002	1.156060	-0.596719	0.396310	-0.845048	0.228119
1.340000	0.103898	1.132781	-0.594725	0.397268	-0.844804	0.230155
1.360000	0.062782	1.104970	-0.591069	0.397962	-0.844747	0.232081
1.380000	0.021894	1.073304	-0.586073	0.398409	-0.844853	0.233922
1.400000	-0.018523	1.038457	-0.580057	0.398627	-0.845100	0.235702
1.420000	-0.058230	1.001105	-0.573343	0.398634	-0.845466	0.237444
1.440000	-0.096984	0.961924	-0.566251	0.398447	-0.845927	0.239174
1.460000	-0.134546	0.921589	-0.559101	0.398083	-0.846462	0.240914
1.480000	-0.170675	0.880776	-0.552215	0.397561	-0.847047	0.242688
1.500000	-0.205128	0.840160	-0.545913	0.396897	-0.847659	0.244522
1.520000	-0.237667	0.800418	-0.540516	0.396110	-0.848277	0.246438
1.540000	-0.268048	0.762223	-0.536345	0.395216	-0.848878	0.248461
1.560000	-0.296032	0.726253	-0.533720	0.394233	-0.849438	0.250615
1.580000	-0.321378	0.693182	-0.532962	0.393179	-0.849936	0.252924
1.600000	-0.343844	0.663686	-0.534393	0.392072	-0.850348	0.255412
1.620000	-0.363290	0.638313	-0.538245	0.390930	-0.850657	0.258091
1.640000	-0.379956	0.617121	-0.544424	0.389776	-0.850867	0.260928
1.660000	-0.394174	0.600055	-0.552754	0.388634	-0.850987	0.263881
1.680000	-0.406276	0.587056	-0.563061	0.387529	-0.851024	0.266907
1.700000	-0.416594	0.578068	-0.575171	0.386485	-0.850987	0.269961
1.720000	-0.425458	0.573033	-0.588909	0.385526	-0.850885	0.273002
1.740000	-0.433202	0.571895	-0.604099	0.384676	-0.850726	0.275985
1.760000	-0.440156	0.574596	-0.620569	0.383960	-0.850518	0.278868
1.780000	-0.446652	0.581080	-0.638142	0.383401	-0.850270	0.281608
1.800000	-0.453022	0.591288	-0.656644	0.383025	-0.849990	0.284161
1.820000	-0.459597	0.605165	-0.675901	0.382855	-0.849688	0.286484
1.840000	-0.466710	0.622653	-0.695738	0.382915	-0.849370	0.288535
1.860000	-0.474692	0.643695	-0.715981	0.383230	-0.849046	0.290269
1.880000	-0.483874	0.668234	-0.736454	0.383823	-0.848724	0.291644
1.900000	-0.494589	0.696213	-0.756984	0.384720	-0.848412	0.292616
1.920000	-0.507168	0.727575	-0.777395	0.385944	-0.848120	0.293143
1.940000	-0.521941	0.762261	-0.797513	0.387520	-0.847855	0.293182
1.960000	-0.539030	0.800048	-0.817145	0.389449	-0.847621	0.292718
1.980000	-0.558058	0.840318	-0.836058	0.391679	-0.847416	0.291809
2.000000	-0.578580	0.882397	-0.854011	0.394153	-0.847232	0.290521
2.020000	-0.600148	0.925611	-0.870764	0.396812	-0.847065	0.288921
2.040000	-0.622316	0.969286	-0.886076	0.399596	-0.846908	0.287075
2.060000	-0.644638	1.012749	-0.899708	0.402447	-0.846757	0.285049
2.080000	-0.666668	1.055325	-0.911420	0.405307	-0.846605	0.282911
2.100000	-0.687957	1.096341	-0.920971	0.408116	-0.846447	0.280727
2.120000	-0.708061	1.135123	-0.928120	0.410816	-0.846277	0.278564
2.140000	-0.726533	1.170997	-0.932629	0.413349	-0.846089	0.276487
2.160000	-0.742926	1.203290	-0.934256	0.415655	-0.845879	0.274564
2.180000	-0.756793	1.231327	-0.932762	0.417675	-0.845639	0.272861
2.200000	-0.767689	1.254434	-0.927906	0.419352	-0.845366	0.271444
2.220000	-0.775166	1.271938	-0.919448	0.420626	-0.845052	0.270381
2.240000	-0.778778	1.283166	-0.907148	0.421438	-0.844693	0.269737
2.260000	-0.778225	1.287612	-0.890872	0.421755	-0.844285	0.269556
2.280000	-0.773654	1.285297	-0.870814	0.421617	-0.843834	0.269807
2.300000	-0.765297	1.276341	-0.847228	0.421078	-0.843348	0.270445
2.320000	-0.753389	1.260862	-0.820370	0.420195	-0.842832	0.271425
2.340000	-0.738162	1.238980	-0.790496	0.419021	-0.842294	0.272704
2.360000	-0.719849	1.210815	-0.757862	0.417612	-0.841742	0.274237
2.380000	-0.698683	1.176487	-0.722722	0.416022	-0.841182	0.275978
2.400000	-0.674898	1.136114	-0.685333	0.414308	-0.840621	0.277884
2.420000	-0.648727	1.089816	-0.645949	0.412522	-0.840067	0.279909
2.440000	-0.620402	1.037713	-0.604827	0.410722	-0.839526	0.282010
2.460000	-0.590157	0.979925	-0.562221	0.408961	-0.839006	0.284142
2.480000	-0.558225	0.916570	-0.518389	0.407295	-0.838513	0.286259
2.500000	-0.524839	0.847768	-0.473584	0.405779	-0.838055	0.288319
2.520000	-0.490232	0.773640	-0.428063	0.404467	-0.837639	0.290275
2.540000	-0.454637	0.694303	-0.382080	0.403414	-0.837271	0.292083
2.560000	-0.418288	0.609879	-0.335893	0.402676	-0.836960	0.293699
2.580000	-0.381424	0.520564	-0.289746	0.402298	-0.836709	0.295085
2.600000	-0.344331	0.427071	-0.243824	0.402269	-0.836511	0.296237
2.620000	-0.307313	0.330324	-0.198287	0.402551	-0.836352	0.297171
2.640000	-0.270674	0.231246	-0.153294	0.403108	-0.836218	0.297899
2.660000	-0.234719	0.130761	-0.109004	0.403904	-0.836096	0.298436
2.680000	-0.199751	0.029792	-0.065576	0.404902	-0.835972	0.298795
2.700000	-0.166074	-0.070736	-0.023169	0.406066	-0.835832	0.298991
2.720000	-0.133994	-0.169900	0.018057	0.407359	-0.835662	0.299037
2.740000	-0.103813	-0.266776	0.057942	0.408744	-0.835449	0.298946
2.760000	-0.075836	-0.360441	0.096329	0.410186	-0.835179	0.298732
2.780000	-0.050368	-0.449971	0.133057	0.411647	-0.834838	0.298410
