0.000000	-0.093186	0.025320	-0.055613	0.421745	-0.867388	0.206040
0.020000	-0.135178	0.212772	-0.153850	0.422258	-0.867584	0.207266
0.040000	-0.182420	0.396988	-0.253782	0.422620	-0.867925	0.208641
0.060000	-0.234045	0.576937	-0.354282	0.422845	-0.868389	0.210137
0.080000	-0.289190	0.751587	-0.454225	0.422945	-0.868955	0.211728
0.100000	-0.346987	0.919904	-0.552485	0.422934	-0.869600	0.213385
0.120000	-0.406573	1.080857	-0.647935	0.422822	-0.870303	0.215081
0.140000	-0.467082	1.233412	-0.739451	0.422624	-0.871042	0.216786
0.160000	-0.527647	1.376539	-0.825906	0.422352	-0.871795	0.218475
0.180000	-0.587405	1.509204	-0.906174	0.422018	-0.872540	0.220118
0.200000	-0.645488	1.630375	-0.979130	0.421634	-0.873256	0.221688
0.220000	-0.701033	1.739020	-1.043647	0.421215	-0.873920	0.223157
0.240000	-0.753246	1.834254	-1.098755	0.420769	-0.874513	0.224501
0.260000	-0.801811	1.916179	-1.144509	0.420299	-0.875027	0.225714
0.280000	-0.846606	1.985297	-1.181385	0.419800	-0.875461	0.226803
0.300000	-0.887511	2.042110	-1.209856	0.419269	-0.875813	0.227770
0.320000	-0.924405	2.087121	-1.230398	0.418701	-0.876081	0.228621
0.340000	-0.957166	2.120833	-1.243487	0.418093	-0.876262	0.229359
0.360000	-0.985675	2.143748	-1.249597	0.417441	-0.876356	0.229990
0.380000	-1.009809	2.156369	-1.249203	0.416742	-0.876359	0.230516
0.400000	-1.029448	2.159198	-1.242781	0.415992	-0.876271	0.230944
0.420000	-1.044471	2.152739	-1.230806	0.415186	-0.876089	0.231277
0.440000	-1.054757	2.137493	-1.213752	0.414321	-0.875811	0.231519
0.460000	-1.060186	2.113965	-1.192096	0.413394	-0.875436	0.231675
0.480000	-1.060635	2.082656	-1.166311	0.412400	-0.874961	0.231750
0.500000	-1.055985	2.044069	-1.136874	0.411335	-0.874384	0.231747
0.520000	-1.046114	1.998707	-1.104259	0.410197	-0.873705	0.231670
0.540000	-1.030902	1.947072	-1.068941	0.408981	-0.872920	0.231525
0.560000	-1.010245	1.889659	-1.031385	0.407685	-0.872029	0.231317
0.580000	-0.984339	1.826825	-0.991876	0.406319	-0.871047	0.231055
0.600000	-0.953621	1.758816	-0.950553	0.404906	-0.870006	0.230758
0.620000	-0.918531	1.685876	-0.907554	0.403470	-0.868934	0.230443
0.640000	-0.879515	1.608247	-0.863012	0.402033	-0.867862	0.230125
0.660000	-0.837015	1.526173	-0.817066	0.400619	-0.866819	0.229823
0.680000	-0.791473	1.439897	-0.769850	0.399251	-0.865836	0.229552
0.700000	-0.743333	1.349661	-0.721501	0.397951	-0.864943	0.229331
0.720000	-0.693038	1.255710	-0.672155	0.396743	-0.864171	0.229176
0.740000	-0.641031	1.158286	-0.621947	0.395651	-0.863548	0.229104
0.760000	-0.587755	1.057632	-0.571013	0.394696	-0.863105	0.229131
0.780000	-0.533652	0.953992	-0.519490	0.393902	-0.862872	0.229276
0.800000	-0.479166	0.847608	-0.467514	0.393293	-0.862880	0.229554
0.820000	-0.424739	0.738724	-0.415220	0.392891	-0.863157	0.229984
0.840000	-0.370816	0.627583	-0.362744	0.392719	-0.863735	0.230581
0.860000	-0.317838	0.514428	-0.310223	0.392801	-0.864644	0.231363
0.880000	-0.266221	0.399609	-0.257819	0.393152	-0.865902	0.232341
0.900000	-0.216241	0.284037	-0.205839	0.393753	-0.867472	0.233500
0.920000	-0.168123	0.168811	-0.154637	0.394570	-0.869299	0.234814
0.940000	-0.122094	0.055030	-0.104566	0.395570	-0.871326	0.236258
0.960000	-0.078382	-0.056209	-0.055979	0.396722	-0.873496	0.237807
0.980000	-0.037213	-0.163806	-0.009232	0.397992	-0.875755	0.239436
1.000000	0.001186	-0.266665	0.035323	0.399347	-0.878044	0.241119
1.020000	0.036588	-0.363686	0.077332	0.400756	-0.880310	0.242832
1.040000	0.068766	-0.453772	0.116441	0.402184	-0.882494	0.244549
1.060000	0.097494	-0.535823	0.152297	0.403601	-0.884542	0.246246
1.080000	0.122543	-0.608743	0.184545	0.404972	-0.886397	0.247897
1.100000	0.143688	-0.671432	0.212832	0.406265	-0.888002	0.249476
1.120000	0.160702	-0.722792	0.236805	0.407448	-0.889302	0.250959
1.140000	0.173357	-0.761726	0.256109	0.408488	-0.890241	0.252321
1.160000	0.181426	-0.787134	0.270390	0.409352	-0.890762	0.253536
1.180000	0.184684	-0.797919	0.279296	0.410007	-0.890809	0.254579
1.200000	0.182902	-0.792982	0.282473	0.410422	-0.890327	0.255425
1.220000	0.176037	-0.771814	0.279741	0.410575	-0.889286	0.256057
1.240000	0.164630	-0.735796	0.271488	0.410487	-0.887747	0.256480
1.260000	0.149340	-0.686692	0.258214	0.410187	-0.885787	0.256706
1.280000	0.130827	-0.626263	0.240418	0.409705	-0.883486	0.256746
1.300000	0.109750	-0.556274	0.218600	0.409068	-0.880922	0.256611
1.320000	0.086769	-0.478488	0.193260	0.408306	-0.878171	0.256311
1.340000	0.062544	-0.394666	0.164898	0.407448	-0.875313	0.255858
1.360000	0.037734	-0.306572	0.134014	0.406522	-0.872426	0.255264
1.380000	0.012999	-0.215969	0.101108	0.405557	-0.869588	0.254538
1.400000	-0.011003	-0.124620	0.066680	0.404582	-0.866877	0.253693
1.420000	-0.033610	-0.034287	0.031229	0.403626	-0.864371	0.252739
1.440000	-0.054165	0.053266	-0.004744	0.402717	-0.862148	0.251687
1.460000	-0.072006	0.136277	-0.040740	0.401885	-0.860286	0.250548
1.480000	-0.086476	0.212983	-0.076258	0.401158	-0.858865	0.249334
1.500000	-0.096948	0.281680	-0.110811	0.400564	-0.857956	0.248056
1.520000	-0.103397	0.341721	-0.144100	0.400112	-0.857566	0.246727
1.540000	-0.106311	0.393360	-0.175995	0.399793	-0.857636	0.245364
1.560000	-0.106196	0.436879	-0.206370	0.399601	-0.858108	0.243982
1.580000	-0.103555	0.472561	-0.235098	0.399526	-0.858924	0.242598
1.600000	-0.098894	0.500688	-0.262053	0.399561	-0.860026	0.241228
1.620000	-0.092718	0.521544	-0.287108	0.399697	-0.861354	0.239888
1.640000	-0.085530	0.535411	-0.310137	0.399927	-0.862850	0.238595
1.660000	-0.077836	0.542573	-0.331014	0.400241	-0.864457	0.237364
1.680000	-0.070141	0.543311	-0.349613	0.400632	-0.866114	0.236211
1.700000	-0.062948	0.537909	-0.365807	0.401092	-0.867764	0.235153
1.720000	-0.056763	0.526649	-0.379469	0.401612	-0.869348	0.234205
1.740000	-0.052091	0.509814	-0.390474	0.402185	-0.870808	0.233385
1.760000	-0.049436	0.487687	-0.398696	0.402801	-0.872085	0.232708
1.780000	-0.049303	0.460551	-0.404007	0.403454	-0.873121	0.232190
1.800000	-0.052197	0.428688	-0.406282	0.404135	-0.873857	0.231847
1.820000	-0.058621	0.392381	-0.405394	0.404835	-0.874234	0.231695
1.840000	-0.069006	0.351915	-0.401241	0.405547	-0.874202	0.231749
1.860000	-0.083063	0.307590	-0.393958	0.406263	-0.873775	0.232001
1.880000	-0.100108	0.259712	-0.383808	0.406978	-0.873005	0.232430
1.900000	-0.119455	0.208592	-0.371055	0.407685	-0.871945	0.233017
1.920000	-0.140415	0.154537	-0.355964	0.408379	-0.870646	0.233742
1.940000	-0.162303	0.097855	-0.338798	0.409052	-0.869161	0.234586
1.960000	-0.184430	0.038856	-0.319823	0.409698	-0.867542	0.235527
1.980000	-0.206109	-0.022153	-0.299303	0.410312	-0.865841	0.236548
2.000000	-0.226653	-0.084864	-0.277502	0.410887	-0.864112	0.237627
2.020000	-0.245375	-0.148968	-0.254686	0.411417	-0.862404	0.238744
2.040000	-0.261588	-0.214156	-0.231117	0.411895	-0.860772	0.239881
2.060000	-0.274603	-0.280121	-0.207062	0.412316	-0.859267	0.241016
2.080000	-0.283735	-0.346554	-0.182784	0.412673	-0.857942	0.242131
2.100000	-0.288296	-0.413147	-0.158547	0.412960	-0.856848	0.243205
2.120000	-0.287598	-0.479591	-0.134617	0.413170	-0.856039	0.244218
2.140000	-0.280954	-0.545578	-0.111258	0.413298	-0.855565	0.245152
2.160000	-0.267705	-0.610809	-0.088717	0.413337	-0.855479	0.245985
2.180000	-0.247931	-0.675222	-0.066806	0.413289	-0.855784	0.246709
2.200000	-0.222508	-0.739012	-0.044862	0.413162	-0.856437	0.247324
2.220000	-0.192351	-0.802386	-0.022202	0.412965	-0.857393	0.247833
2.240000	-0.158375	-0.865552	0.001858	0.412706	-0.858605	0.248237
2.260000	-0.121495	-0.928716	0.028003	0.412395	-0.860028	0.248537
2.280000	-0.082627	-0.992087	0.056916	0.412041	-0.861615	0.248735
2.300000	-0.042686	-1.055871	0.089283	0.411652	-0.863320	0.248834
2.320000	-0.002586	-1.120276	0.125787	0.411237	-0.865098	0.248833
2.340000	0.036756	-1.185509	0.167112	0.410805	-0.866902	0.248736
2.360000	0.074425	-1.251777	0.213943	0.410366	-0.868687	0.248543
2.380000	0.109507	-1.319288	0.266964	0.409927	-0.870406	0.248256
2.400000	0.141087	-1.388250	0.326859	0.409499	-0.872014	0.247878
2.420000	0.168248	-1.458868	0.394313	0.409089	-0.873464	0.247409
2.440000	0.190076	-1.531351	0.470009	0.408706	-0.874710	0.246851
2.460000	0.205889	-1.605826	0.554349	0.408357	-0.875718	0.246203
2.480000	0.216062	-1.682058	0.646455	0.408031	-0.876503	0.245452
2.500000	0.221270	-1.759708	0.745089	0.407715	-0.877094	0.244583
2.520000	0.222186	-1.838440	0.849010	0.407395	-0.877521	0.243578
2.540000	0.219483	-1.917916	0.956980	0.407057	-0.877814	0.242422
2.560000	0.213836	-1.997799	1.067760	0.406687	-0.878002	0.241099
2.580000	0.205918	-2.077750	1.180110	0.406270	-0.878114	0.239591
2.600000	0.196402	-2.157432	1.292792	0.405794	-0.878180	0.237884
2.620000	0.185964	-2.236508	1.404567	0.405245	-0.878230	0.235960
2.640000	0.175276	-2.314639	1.514195	0.404608	-0.878292	0.233804
2.660000	0.165012	-2.391489	1.620437	0.403869	-0.878397	0.231400
2.680000	0.155846	-2.466720	1.722055	0.403015	-0.878575	0.228730
2.700000	0.148452	-2.539995	1.817809	0.402032	-0.878854	0.225780
2.720000	0.143503	-2.610975	1.906459	0.400906	-0.879263	0.222532
2.740000	0.141674	-2.679323	1.986768	0.399622	-0.879834	0.218971
2.760000	0.143637	-2.744701	2.057495	0.398168	-0.880595	0.215080
2.780000	0.149973	-2.806706	2.117458	0.396532	-0.881572	0.210848
