0.000000	-0.050368	-0.449971	0.133057	0.411647	-0.834838	0.298410
0.020000	-0.027712	-0.534442	0.167968	0.413091	-0.834413	0.297993
0.040000	-0.008173	-0.612930	0.200901	0.414482	-0.833890	0.297495
0.060000	0.007946	-0.684513	0.231699	0.415783	-0.833255	0.296929
0.080000	0.020340	-0.748265	0.260201	0.416958	-0.832494	0.296310
0.100000	0.028742	-0.803352	0.286256	0.417973	-0.831597	0.295650
0.120000	0.033222	-0.849726	0.309779	0.418824	-0.830577	0.294956
0.140000	0.034022	-0.887752	0.330721	0.419524	-0.829462	0.294233
0.160000	0.031391	-0.917801	0.349033	0.420083	-0.828277	0.293483
0.180000	0.025575	-0.940245	0.364667	0.420512	-0.827050	0.292711
0.200000	0.016820	-0.955453	0.377574	0.420825	-0.825808	0.291921
0.220000	0.005372	-0.963795	0.387704	0.421031	-0.824577	0.291116
0.240000	-0.008521	-0.965644	0.395009	0.421144	-0.823385	0.290300
0.260000	-0.024614	-0.961368	0.399440	0.421173	-0.822257	0.289477
0.280000	-0.042659	-0.951338	0.400948	0.421131	-0.821223	0.288651
0.300000	-0.062411	-0.935926	0.399484	0.421030	-0.820307	0.287825
0.320000	-0.083623	-0.915500	0.395000	0.420881	-0.819537	0.287003
0.340000	-0.106048	-0.890433	0.387446	0.420695	-0.818940	0.286189
0.360000	-0.129439	-0.861094	0.376774	0.420484	-0.818542	0.285387
0.380000	-0.153551	-0.827854	0.362935	0.420260	-0.818372	0.284600
0.400000	-0.178137	-0.791083	0.345880	0.420035	-0.818454	0.283832
0.420000	-0.202949	-0.751152	0.325569	0.419818	-0.818816	0.283087
0.440000	-0.227722	-0.708422	0.302189	0.419618	-0.819454	0.282373
0.460000	-0.252167	-0.663244	0.276160	0.419433	-0.820334	0.281700
0.480000	-0.275998	-0.615969	0.247913	0.419263	-0.821423	0.281079
0.500000	-0.298926	-0.566949	0.217879	0.419110	-0.822686	0.280520
0.520000	-0.320666	-0.516536	0.186488	0.418972	-0.824089	0.280035
0.540000	-0.340927	-0.465081	0.154171	0.418851	-0.825597	0.279634
0.560000	-0.359424	-0.412934	0.121359	0.418745	-0.827175	0.279329
0.580000	-0.375869	-0.360448	0.088484	0.418654	-0.828790	0.279129
0.600000	-0.389973	-0.307973	0.055975	0.418580	-0.830407	0.279046
0.620000	-0.401450	-0.255862	0.024265	0.418521	-0.831992	0.279090
0.640000	-0.410011	-0.204464	-0.006218	0.418479	-0.833509	0.279273
0.660000	-0.415370	-0.154133	-0.035041	0.418452	-0.834925	0.279606
0.680000	-0.417238	-0.105218	-0.061773	0.418441	-0.836206	0.280098
0.700000	-0.415328	-0.058072	-0.085985	0.418446	-0.837316	0.280761
0.720000	-0.409359	-0.013044	-0.107251	0.418467	-0.838222	0.281605
0.740000	-0.399322	0.029559	-0.125398	0.418502	-0.838913	0.282624
0.760000	-0.385565	0.069487	-0.140586	0.418547	-0.839407	0.283789
0.780000	-0.368464	0.106494	-0.152995	0.418599	-0.839727	0.285069
0.800000	-0.348390	0.140336	-0.162807	0.418652	-0.839891	0.286434
0.820000	-0.325718	0.170766	-0.170203	0.418703	-0.839922	0.287853
0.840000	-0.300820	0.197538	-0.175365	0.418747	-0.839840	0.289296
0.860000	-0.274071	0.220408	-0.178474	0.418781	-0.839666	0.290732
0.880000	-0.245844	0.239129	-0.179712	0.418800	-0.839420	0.292130
0.900000	-0.216512	0.253457	-0.179260	0.418801	-0.839125	0.293462
0.920000	-0.186449	0.263144	-0.177299	0.418778	-0.838800	0.294694
0.940000	-0.156029	0.267947	-0.174010	0.418729	-0.838466	0.295799
0.960000	-0.125624	0.267619	-0.169576	0.418648	-0.838145	0.296744
0.980000	-0.095608	0.261914	-0.164177	0.418532	-0.837857	0.297499
1.000000	-0.066355	0.250587	-0.157995	0.418377	-0.837623	0.298034
1.020000	-0.038238	0.233393	-0.151211	0.418178	-0.837463	0.298319
1.040000	-0.011631	0.210085	-0.144007	0.417931	-0.837400	0.298322
1.060000	0.013151	0.180716	-0.136582	0.417636	-0.837445	0.298030
1.080000	0.035949	0.146116	-0.129187	0.417302	-0.837592	0.297471
1.100000	0.056628	0.107242	-0.122079	0.416939	-0.837827	0.296680
1.120000	0.075051	0.065054	-0.115516	0.416559	-0.838142	0.295692
1.140000	0.091085	0.020510	-0.109756	0.416172	-0.838524	0.294542
1.160000	0.104595	-0.025431	-0.105055	0.415789	-0.838961	0.293267
1.180000	0.115444	-0.071813	-0.101673	0.415420	-0.839444	0.291899
1.200000	0.123499	-0.117675	-0.099866	0.415076	-0.839960	0.290476
1.220000	0.128624	-0.162060	-0.099892	0.414768	-0.840499	0.289033
1.240000	0.130684	-0.204009	-0.102009	0.414507	-0.841048	0.287603
1.260000	0.129545	-0.242564	-0.106475	0.414303	-0.841598	0.286224
1.280000	0.125071	-0.276767	-0.113548	0.414167	-0.842137	0.284929
1.300000	0.117127	-0.305659	-0.123484	0.414109	-0.842653	0.283754
1.320000	0.105578	-0.328282	-0.136543	0.414141	-0.843136	0.282735
1.340000	0.090289	-0.343677	-0.152980	0.414273	-0.843573	0.281906
1.360000	0.071126	-0.350887	-0.173055	0.414516	-0.843955	0.281303
1.380000	0.048047	-0.349188	-0.196908	0.414878	-0.844270	0.280953
1.400000	0.021543	-0.339189	-0.224025	0.415354	-0.844511	0.280845
1.420000	-0.007711	-0.321963	-0.253662	0.415934	-0.844672	0.280952
1.440000	-0.039037	-0.298583	-0.285074	0.416609	-0.844747	0.281248
1.460000	-0.071760	-0.270122	-0.317516	0.417369	-0.844730	0.281707
1.480000	-0.105204	-0.237655	-0.350244	0.418205	-0.844615	0.282301
1.500000	-0.138691	-0.202255	-0.382515	0.419106	-0.844396	0.283006
1.520000	-0.171546	-0.164996	-0.413582	0.420063	-0.844067	0.283794
1.540000	-0.203092	-0.126951	-0.442703	0.421066	-0.843621	0.284639
1.560000	-0.232654	-0.089193	-0.469132	0.422106	-0.843054	0.285515
1.580000	-0.259554	-0.052797	-0.492124	0.423173	-0.842358	0.286395
1.600000	-0.283116	-0.018837	-0.510937	0.424257	-0.841528	0.287254
1.620000	-0.302665	0.011616	-0.524824	0.425348	-0.840558	0.288064
1.640000	-0.317523	0.037486	-0.533042	0.426437	-0.839441	0.288800
1.660000	-0.327015	0.057700	-0.534845	0.427514	-0.838172	0.289435
1.680000	-0.330560	0.071307	-0.529593	0.428570	-0.836748	0.289946
1.700000	-0.328293	0.078278	-0.517413	0.429592	-0.835187	0.290335
1.720000	-0.320679	0.079008	-0.498787	0.430569	-0.833520	0.290617
1.740000	-0.308183	0.073889	-0.474196	0.431490	-0.831777	0.290806
1.760000	-0.291271	0.063318	-0.444123	0.432341	-0.829987	0.290916
