0.000000	0.466056	0.545137	-0.092342	0.443023	-0.911919	-0.223405
0.020000	0.439701	0.550898	-0.100184	0.441934	-0.913116	-0.221363
0.040000	0.411795	0.556238	-0.108611	0.440781	-0.914340	-0.219165
0.060000	0.383227	0.561292	-0.117539	0.439576	-0.915566	-0.216796
0.080000	0.354885	0.566198	-0.126880	0.438333	-0.916767	-0.214241
0.100000	0.327657	0.571090	-0.136551	0.437067	-0.917918	-0.211485
0.120000	0.302433	0.576104	-0.146463	0.435790	-0.918991	-0.208513
0.140000	0.280100	0.581377	-0.156533	0.434517	-0.919962	-0.205311
0.160000	0.261546	0.587045	-0.166674	0.433260	-0.920804	-0.201864
0.180000	0.247506	0.593199	-0.176806	0.432034	-0.921495	-0.198162
0.200000	0.237801	0.599670	-0.186888	0.430851	-0.922042	-0.194234
0.220000	0.231927	0.606195	-0.196891	0.429724	-0.922459	-0.190118
0.240000	0.229379	0.612513	-0.206785	0.428664	-0.922764	-0.185856
0.260000	0.229650	0.618361	-0.216542	0.427684	-0.922972	-0.181486
0.280000	0.232236	0.623475	-0.226134	0.426796	-0.923099	-0.177051
0.300000	0.236630	0.627594	-0.235531	0.426013	-0.923160	-0.172589
0.320000	0.242327	0.630454	-0.244704	0.425347	-0.923172	-0.168141
0.340000	0.248822	0.631792	-0.253625	0.424809	-0.923150	-0.163747
0.360000	0.255608	0.631347	-0.262265	0.424414	-0.923110	-0.159447
0.380000	0.262181	0.628856	-0.270595	0.424172	-0.923068	-0.155282
0.400000	0.268035	0.624055	-0.278586	0.424096	-0.923040	-0.151291
0.420000	0.272663	0.616682	-0.286210	0.424198	-0.923042	-0.147514
0.440000	0.275562	0.606475	-0.293437	0.424491	-0.923089	-0.143992
0.460000	0.276224	0.593171	-0.300239	0.424987	-0.923198	-0.140765
0.480000	0.274145	0.576507	-0.306586	0.425699	-0.923384	-0.137873
0.500000	0.269011	0.556413	-0.312421	0.426626	-0.923654	-0.135339
0.520000	0.260927	0.533238	-0.317620	0.427745	-0.923990	-0.133147
0.540000	0.250056	0.507387	-0.322049	0.429028	-0.924376	-0.131277
0.560000	0.236560	0.479267	-0.325575	0.430447	-0.924792	-0.129708
0.580000	0.220603	0.449285	-0.328067	0.431975	-0.925219	-0.128420
0.600000	0.202346	0.417845	-0.329390	0.433584	-0.925639	-0.127392
0.620000	0.181953	0.385355	-0.329413	0.435246	-0.926034	-0.126603
0.640000	0.159586	0.352221	-0.328002	0.436934	-0.926383	-0.126034
0.660000	0.135408	0.318848	-0.325024	0.438620	-0.926670	-0.125663
0.680000	0.109581	0.285643	-0.320348	0.440276	-0.926875	-0.125470
0.700000	0.082269	0.253012	-0.313839	0.441874	-0.926980	-0.125435
0.720000	0.053632	0.221361	-0.305365	0.443387	-0.926965	-0.125536
0.740000	0.023836	0.191096	-0.294793	0.444788	-0.926813	-0.125753
0.760000	-0.006959	0.162624	-0.281991	0.446047	-0.926504	-0.126067
0.780000	-0.038590	0.136350	-0.266826	0.447138	-0.926020	-0.126455
0.800000	-0.070893	0.112681	-0.249164	0.448034	-0.925342	-0.126898
0.820000	-0.103706	0.092020	-0.228879	0.448706	-0.924452	-0.127375
0.840000	-0.136868	0.074621	-0.206086	0.449144	-0.923355	-0.127873
0.860000	-0.170217	0.060527	-0.181250	0.449362	-0.922084	-0.128385
0.880000	-0.203594	0.049766	-0.154860	0.449376	-0.920679	-0.128907
0.900000	-0.236837	0.042364	-0.127406	0.449202	-0.919176	-0.129435
0.920000	-0.269787	0.038349	-0.099376	0.448855	-0.917614	-0.129964
0.940000	-0.302283	0.037749	-0.071262	0.448350	-0.916030	-0.130489
0.960000	-0.334164	0.040590	-0.043553	0.447704	-0.914461	-0.131007
0.980000	-0.365269	0.046900	-0.016737	0.446932	-0.912947	-0.131511
1.000000	-0.395439	0.056706	0.008695	0.446049	-0.911523	-0.131999
1.020000	-0.424513	0.070036	0.032253	0.445072	-0.910228	-0.132465
1.040000	-0.452330	0.086916	0.053449	0.444015	-0.909100	-0.132904
1.060000	-0.478730	0.107375	0.071791	0.442896	-0.908176	-0.133313
1.080000	-0.503552	0.131438	0.086792	0.441728	-0.907494	-0.133686
1.100000	-0.526635	0.159135	0.097961	0.440528	-0.907091	-0.134019
1.120000	-0.547820	0.190491	0.104808	0.439312	-0.907006	-0.134307
1.140000	-0.566946	0.225534	0.106844	0.438095	-0.907276	-0.134546
1.160000	-0.583888	0.264085	0.103833	0.436890	-0.907921	-0.134736
1.180000	-0.598623	0.305376	0.096261	0.435703	-0.908907	-0.134891
1.200000	-0.611148	0.348535	0.084743	0.434537	-0.910192	-0.135027
1.220000	-0.621458	0.392688	0.069893	0.433398	-0.911734	-0.135161
1.240000	-0.629549	0.436964	0.052325	0.432290	-0.913492	-0.135309
1.260000	-0.635417	0.480490	0.032656	0.431216	-0.915422	-0.135487
1.280000	-0.639057	0.522393	0.011497	0.430181	-0.917484	-0.135711
1.300000	-0.640465	0.561802	-0.010534	0.429190	-0.919634	-0.135998
1.320000	-0.639637	0.597843	-0.032825	0.428246	-0.921830	-0.136365
1.340000	-0.636568	0.629644	-0.054760	0.427354	-0.924031	-0.136827
1.360000	-0.631255	0.656333	-0.075724	0.426517	-0.926194	-0.137400
1.380000	-0.623693	0.677037	-0.095104	0.425741	-0.928277	-0.138102
1.400000	-0.613878	0.690883	-0.112285	0.425030	-0.930237	-0.138948
1.420000	-0.601806	0.697000	-0.126651	0.424387	-0.932034	-0.139955
1.440000	-0.587471	0.694514	-0.137589	0.423817	-0.933624	-0.141139
1.460000	-0.570941	0.682881	-0.144683	0.423324	-0.934976	-0.142508
1.480000	-0.552548	0.662787	-0.148263	0.422905	-0.936095	-0.144036
1.500000	-0.532686	0.635210	-0.148835	0.422560	-0.936999	-0.145692
1.520000	-0.511748	0.601125	-0.146906	0.422287	-0.937702	-0.147441
1.540000	-0.490129	0.561510	-0.142983	0.422084	-0.938220	-0.149251
1.560000	-0.468224	0.517341	-0.137571	0.421948	-0.938569	-0.151089
1.580000	-0.446427	0.469595	-0.131177	0.421878	-0.938765	-0.152923
1.600000	-0.425132	0.419248	-0.124308	0.421873	-0.938822	-0.154720
1.620000	-0.404732	0.367276	-0.117469	0.421930	-0.938757	-0.156446
1.640000	-0.385624	0.314658	-0.111168	0.422048	-0.938585	-0.158069
1.660000	-0.368200	0.262369	-0.105910	0.422224	-0.938321	-0.159556
1.680000	-0.352855	0.211385	-0.102202	0.422457	-0.937983	-0.160875
1.700000	-0.339983	0.162684	-0.100550	0.422745	-0.937584	-0.161992
1.720000	-0.329979	0.117242	-0.101461	0.423087	-0.937141	-0.162875
1.740000	-0.323237	0.076036	-0.105441	0.423479	-0.936669	-0.163490
1.760000	-0.320151	0.040043	-0.112996	0.423921	-0.936184	-0.163806
1.780000	-0.321114	0.010236	-0.124632	0.424411	-0.935702	-0.163789
1.800000	-0.326258	-0.012872	-0.140546	0.424945	-0.935233	-0.163428
1.820000	-0.335110	-0.029851	-0.160220	0.425518	-0.934776	-0.162767
1.840000	-0.347109	-0.041418	-0.183036	0.426123	-0.934329	-0.161855
1.860000	-0.361696	-0.048294	-0.208374	0.426755	-0.933888	-0.160740
1.880000	-0.378311	-0.051199	-0.235617	0.427406	-0.933452	-0.159473
1.900000	-0.396394	-0.050853	-0.264146	0.428070	-0.933017	-0.158104
1.920000	-0.415385	-0.047974	-0.293342	0.428742	-0.932581	-0.156680
1.940000	-0.434725	-0.043283	-0.322585	0.429414	-0.932141	-0.155253
1.960000	-0.453853	-0.037500	-0.351259	0.430081	-0.931696	-0.153872
1.980000	-0.472210	-0.031344	-0.378743	0.430736	-0.931241	-0.152585
2.000000	-0.489237	-0.025535	-0.404420	0.431372	-0.930774	-0.151443
2.020000	-0.504373	-0.020792	-0.427671	0.431985	-0.930293	-0.150495
2.040000	-0.517058	-0.017836	-0.447876	0.432566	-0.929795	-0.149790
2.060000	-0.526733	-0.017386	-0.464418	0.433110	-0.929278	-0.149378
2.080000	-0.532838	-0.020161	-0.476678	0.433611	-0.928739	-0.149309
2.100000	-0.534832	-0.026853	-0.484063	0.434063	-0.928175	-0.149629
2.120000	-0.532603	-0.037513	-0.486550	0.434469	-0.927587	-0.150335
2.140000	-0.526450	-0.051573	-0.484671	0.434843	-0.926982	-0.151373
2.160000	-0.516690	-0.068443	-0.478976	0.435198	-0.926364	-0.152688
2.180000	-0.503640	-0.087530	-0.470018	0.435548	-0.925740	-0.154225
2.200000	-0.487617	-0.108243	-0.458348	0.435905	-0.925114	-0.155928
2.220000	-0.468936	-0.129989	-0.444520	0.436285	-0.924492	-0.157741
2.240000	-0.447916	-0.152176	-0.429086	0.436700	-0.923879	-0.159610
2.260000	-0.424873	-0.174213	-0.412597	0.437164	-0.923281	-0.161479
2.280000	-0.400123	-0.195508	-0.395606	0.437689	-0.922704	-0.163293
2.300000	-0.373984	-0.215469	-0.378664	0.438291	-0.922152	-0.164996
2.320000	-0.346772	-0.233503	-0.362325	0.438982	-0.921631	-0.166532
2.340000	-0.318804	-0.249019	-0.347140	0.439776	-0.921148	-0.167848
2.360000	-0.290396	-0.261426	-0.333661	0.440687	-0.920706	-0.168886
2.380000	-0.261866	-0.270130	-0.322441	0.441727	-0.920312	-0.169592
2.400000	-0.233530	-0.274540	-0.314031	0.442910	-0.919971	-0.169911
2.420000	-0.205683	-0.274169	-0.308894	0.444247	-0.919688	-0.169796
2.440000	-0.178468	-0.269206	-0.306901	0.445719	-0.919460	-0.169273
2.460000	-0.151973	-0.260115	-0.307685	0.447300	-0.919280	-0.168389
2.480000	-0.126282	-0.247360	-0.310879	0.448963	-0.919145	-0.167196
2.500000	-0.101480	-0.231405	-0.316118	0.450678	-0.919049	-0.165745
