0.000000	-0.488856	0.210300	-0.344159	0.311508	-0.924738	0.208885
0.020000	-0.494005	0.220706	-0.340809	0.311561	-0.926035	0.208833
0.040000	-0.495211	0.228020	-0.333621	0.311411	-0.927291	0.208838
0.060000	-0.492789	0.232559	-0.323158	0.311080	-0.928495	0.208888
0.080000	-0.487051	0.234639	-0.309981	0.310590	-0.929636	0.208971
0.100000	-0.478313	0.234577	-0.294654	0.309962	-0.930702	0.209077
0.120000	-0.466890	0.232689	-0.277739	0.309220	-0.931683	0.209194
0.140000	-0.453094	0.229294	-0.259800	0.308383	-0.932567	0.209311
0.160000	-0.437241	0.224707	-0.241397	0.307476	-0.933342	0.209416
0.180000	-0.419645	0.219246	-0.223096	0.306518	-0.933999	0.209498
0.200000	-0.400620	0.213226	-0.205456	0.305533	-0.934524	0.209546
0.220000	-0.380480	0.206966	-0.189043	0.304543	-0.934908	0.209549
0.240000	-0.359539	0.200781	-0.174417	0.303568	-0.935138	0.209494
0.260000	-0.338113	0.194989	-0.162142	0.302632	-0.935205	0.209371
0.280000	-0.316514	0.189906	-0.152781	0.301755	-0.935095	0.209169
0.300000	-0.295058	0.185849	-0.146895	0.300961	-0.934799	0.208875
0.320000	-0.274058	0.183135	-0.145048	0.300270	-0.934305	0.208480
0.340000	-0.253799	0.181955	-0.147585	0.299701	-0.933608	0.207976
0.360000	-0.234449	0.182048	-0.154074	0.299257	-0.932728	0.207377
0.380000	-0.216157	0.183052	-0.163904	0.298939	-0.931690	0.206702
0.400000	-0.199067	0.184606	-0.176470	0.298747	-0.930520	0.205967
0.420000	-0.183326	0.186347	-0.191164	0.298682	-0.929242	0.205190
0.440000	-0.169079	0.187914	-0.207376	0.298743	-0.927882	0.204389
0.460000	-0.156473	0.188945	-0.224499	0.298932	-0.926464	0.203583
0.480000	-0.145653	0.189078	-0.241926	0.299248	-0.925013	0.202788
0.500000	-0.136765	0.187952	-0.259048	0.299692	-0.923556	0.202022
0.520000	-0.129956	0.185203	-0.275258	0.300264	-0.922116	0.201303
0.540000	-0.125372	0.180471	-0.289947	0.300965	-0.920719	0.200649
0.560000	-0.123157	0.173394	-0.302507	0.301795	-0.919390	0.200077
0.580000	-0.123459	0.163609	-0.312332	0.302755	-0.918154	0.199606
0.600000	-0.126423	0.150755	-0.318812	0.303844	-0.917036	0.199252
0.620000	-0.132195	0.134470	-0.321340	0.305063	-0.916062	0.199035
0.640000	-0.140916	0.114401	-0.319317	0.306413	-0.915256	0.198970
0.660000	-0.152481	0.090623	-0.312591	0.307882	-0.914625	0.199058
0.680000	-0.166432	0.063829	-0.301648	0.309443	-0.914156	0.199276
0.700000	-0.182283	0.034755	-0.287026	0.311067	-0.913830	0.199595
0.720000	-0.199550	0.004140	-0.269261	0.312727	-0.913630	0.199992
0.740000	-0.217747	-0.027278	-0.248890	0.314394	-0.913538	0.200438
0.760000	-0.236389	-0.058760	-0.226448	0.316040	-0.913539	0.200908
0.780000	-0.254991	-0.089568	-0.202474	0.317635	-0.913613	0.201375
0.800000	-0.273067	-0.118964	-0.177503	0.319153	-0.913744	0.201813
0.820000	-0.290133	-0.146210	-0.152072	0.320564	-0.913915	0.202196
0.840000	-0.305703	-0.170567	-0.126718	0.321840	-0.914107	0.202498
0.860000	-0.319292	-0.191298	-0.101977	0.322952	-0.914305	0.202692
0.880000	-0.330415	-0.207664	-0.078386	0.323873	-0.914490	0.202751
0.900000	-0.338586	-0.218927	-0.056482	0.324574	-0.914645	0.202651
0.920000	-0.343321	-0.224348	-0.036800	0.325026	-0.914753	0.202363
0.940000	-0.344133	-0.223189	-0.019878	0.325202	-0.914797	0.201863
0.960000	-0.340593	-0.214802	-0.006211	0.325075	-0.914761	0.201127
0.980000	-0.332852	-0.199501	0.004147	0.324659	-0.914644	0.200177
1.000000	-0.321413	-0.178182	0.011411	0.323988	-0.914458	0.199057
1.020000	-0.306788	-0.151751	0.015798	0.323096	-0.914214	0.197815
1.040000	-0.289485	-0.121114	0.017528	0.322018	-0.913920	0.196496
1.060000	-0.270015	-0.087175	0.016818	0.320789	-0.913589	0.195148
1.080000	-0.248886	-0.050842	0.013886	0.319444	-0.913229	0.193816
1.100000	-0.226609	-0.013018	0.008950	0.318018	-0.912853	0.192546
1.120000	-0.203694	0.025389	0.002230	0.316544	-0.912470	0.191387
1.140000	-0.180649	0.063476	-0.006058	0.315059	-0.912090	0.190383
1.160000	-0.157985	0.100336	-0.015695	0.313597	-0.911724	0.189581
1.180000	-0.136212	0.135063	-0.026462	0.312192	-0.911384	0.189028
1.200000	-0.115838	0.166753	-0.038142	0.310879	-0.911078	0.188769
1.220000	-0.097375	0.194499	-0.050516	0.309694	-0.910817	0.188852
1.240000	-0.081330	0.217398	-0.063366	0.308670	-0.910613	0.189322
1.260000	-0.068033	0.234922	-0.076500	0.307829	-0.910470	0.190200
1.280000	-0.057383	0.247442	-0.089782	0.307159	-0.910380	0.191441
1.300000	-0.049218	0.255459	-0.103088	0.306641	-0.910335	0.192992
1.320000	-0.043375	0.259475	-0.116291	0.306260	-0.910326	0.194801
1.340000	-0.039690	0.259991	-0.129267	0.305999	-0.910343	0.196813
1.360000	-0.038002	0.257509	-0.141890	0.305839	-0.910377	0.198976
1.380000	-0.038146	0.252529	-0.154034	0.305765	-0.910420	0.201237
1.400000	-0.039961	0.245554	-0.165574	0.305759	-0.910461	0.203542
1.420000	-0.043283	0.237085	-0.176384	0.305804	-0.910492	0.205839
1.440000	-0.047951	0.227623	-0.186339	0.305884	-0.910505	0.208074
1.460000	-0.053799	0.217670	-0.195313	0.305980	-0.910488	0.210193
1.480000	-0.060667	0.207726	-0.203181	0.306076	-0.910434	0.212145
1.500000	-0.068391	0.198294	-0.209817	0.306155	-0.910334	0.213876
1.520000	-0.076808	0.189876	-0.215096	0.306200	-0.910178	0.215332
1.540000	-0.085756	0.182971	-0.218893	0.306194	-0.909957	0.216461
1.560000	-0.095071	0.178082	-0.221081	0.306120	-0.909661	0.217210
1.580000	-0.104591	0.175711	-0.221535	0.305961	-0.909283	0.217524
1.600000	-0.114172	0.176306	-0.220163	0.305701	-0.908814	0.217360
1.620000	-0.123821	0.179879	-0.217139	0.305345	-0.908265	0.216743
1.640000	-0.133626	0.186223	-0.212775	0.304904	-0.907654	0.215734
1.660000	-0.143672	0.195130	-0.207381	0.304390	-0.906999	0.214392
1.680000	-0.154046	0.206393	-0.201269	0.303817	-0.906318	0.212780
1.700000	-0.164834	0.219803	-0.194750	0.303196	-0.905630	0.210957
1.720000	-0.176122	0.235153	-0.188136	0.302539	-0.904953	0.208984
1.740000	-0.187996	0.252233	-0.181737	0.301860	-0.904305	0.206923
1.760000	-0.200543	0.270837	-0.175866	0.301169	-0.903706	0.204833
1.780000	-0.213849	0.290755	-0.170833	0.300481	-0.903172	0.202776
1.800000	-0.228000	0.311781	-0.166949	0.299806	-0.902722	0.200812
1.820000	-0.243082	0.333705	-0.164526	0.299157	-0.902375	0.199002
1.840000	-0.259183	0.356320	-0.163875	0.298546	-0.902149	0.197406
1.860000	-0.276387	0.379419	-0.165308	0.297987	-0.902062	0.196086
1.880000	-0.294780	0.402791	-0.169133	0.297490	-0.902133	0.195102
1.900000	-0.314318	0.426198	-0.175452	0.297064	-0.902368	0.194485
1.920000	-0.334703	0.449338	-0.183960	0.296709	-0.902755	0.194213
1.940000	-0.355611	0.471903	-0.194305	0.296421	-0.903275	0.194254
1.960000	-0.376716	0.493585	-0.206136	0.296201	-0.903914	0.194580
1.980000	-0.397691	0.514074	-0.219099	0.296045	-0.904654	0.195160
2.000000	-0.418212	0.533064	-0.232844	0.295952	-0.905479	0.195963
2.020000	-0.437951	0.550244	-0.247018	0.295920	-0.906373	0.196961
2.040000	-0.456585	0.565307	-0.261271	0.295947	-0.907319	0.198122
2.060000	-0.473786	0.577945	-0.275249	0.296033	-0.908300	0.199418
2.080000	-0.489230	0.587849	-0.288602	0.296174	-0.909301	0.200817
2.100000	-0.502589	0.594711	-0.300977	0.296369	-0.910305	0.202290
2.120000	-0.513540	0.598221	-0.312022	0.296616	-0.911295	0.203807
2.140000	-0.521756	0.598073	-0.321387	0.296914	-0.912255	0.205337
2.160000	-0.526911	0.593957	-0.328718	0.297261	-0.913169	0.206851
2.180000	-0.528679	0.585565	-0.333665	0.297655	-0.914020	0.208319
2.200000	-0.526735	0.572589	-0.335875	0.298094	-0.914792	0.209711
2.220000	-0.520874	0.554866	-0.335096	0.298575	-0.915471	0.211001
2.240000	-0.511380	0.532828	-0.331482	0.299094	-0.916063	0.212185
2.260000	-0.498661	0.507055	-0.325287	0.299645	-0.916574	0.213264
