0.000000	-0.300329	-0.307708	-0.087569	0.346302	-0.839665	0.331837
0.020000	-0.301693	-0.310604	-0.092813	0.347738	-0.839423	0.331150
0.040000	-0.302753	-0.311113	-0.096734	0.349248	-0.839203	0.330502
0.060000	-0.303450	-0.309488	-0.099458	0.350813	-0.839006	0.329887
0.080000	-0.303724	-0.305983	-0.101109	0.352413	-0.838832	0.329301
0.100000	-0.303516	-0.300849	-0.101814	0.354028	-0.838684	0.328740
0.120000	-0.302767	-0.294339	-0.101698	0.355640	-0.838562	0.328198
0.140000	-0.301417	-0.286706	-0.100886	0.357229	-0.838467	0.327670
0.160000	-0.299407	-0.278203	-0.099504	0.358776	-0.838400	0.327152
0.180000	-0.296679	-0.269082	-0.097676	0.360261	-0.838363	0.326640
0.200000	-0.293172	-0.259595	-0.095529	0.361665	-0.838357	0.326127
0.220000	-0.288827	-0.249996	-0.093188	0.362968	-0.838382	0.325610
0.240000	-0.283586	-0.240536	-0.090778	0.364152	-0.838439	0.325083
0.260000	-0.277388	-0.231469	-0.088425	0.365196	-0.838531	0.324542
0.280000	-0.270175	-0.223048	-0.086253	0.366082	-0.838657	0.323982
0.300000	-0.261887	-0.215524	-0.084389	0.366790	-0.838819	0.323399
0.320000	-0.252481	-0.209129	-0.082945	0.367304	-0.839018	0.322787
0.340000	-0.242061	-0.203907	-0.081910	0.367631	-0.839250	0.322149
0.360000	-0.230807	-0.199801	-0.081210	0.367791	-0.839510	0.321486
0.380000	-0.218901	-0.196753	-0.080770	0.367806	-0.839792	0.320805
0.400000	-0.206525	-0.194705	-0.080515	0.367697	-0.840093	0.320107
0.420000	-0.193860	-0.193601	-0.080370	0.367485	-0.840405	0.319398
0.440000	-0.181088	-0.193382	-0.080260	0.367190	-0.840724	0.318680
0.460000	-0.168391	-0.193990	-0.080110	0.366833	-0.841045	0.317957
0.480000	-0.155949	-0.195368	-0.079845	0.366435	-0.841361	0.317234
0.500000	-0.143946	-0.197458	-0.079391	0.366017	-0.841669	0.316513
0.520000	-0.132562	-0.200202	-0.078671	0.365600	-0.841962	0.315799
0.540000	-0.121978	-0.203544	-0.077611	0.365204	-0.842236	0.315096
0.560000	-0.112378	-0.207424	-0.076137	0.364851	-0.842484	0.314406
0.580000	-0.103941	-0.211786	-0.074172	0.364561	-0.842702	0.313735
0.600000	-0.096851	-0.216571	-0.071642	0.364355	-0.842884	0.313084
0.620000	-0.091288	-0.221723	-0.068473	0.364255	-0.843026	0.312460
0.640000	-0.087389	-0.227148	-0.064646	0.364273	-0.843122	0.311864
0.660000	-0.085141	-0.232639	-0.060332	0.364399	-0.843175	0.311301
0.680000	-0.084501	-0.237964	-0.055742	0.364619	-0.843188	0.310774
0.700000	-0.085426	-0.242892	-0.051085	0.364918	-0.843163	0.310286
0.720000	-0.087873	-0.247193	-0.046571	0.365279	-0.843103	0.309841
0.740000	-0.091799	-0.250635	-0.042409	0.365689	-0.843011	0.309443
0.760000	-0.097161	-0.252987	-0.038811	0.366133	-0.842888	0.309095
0.780000	-0.103916	-0.254017	-0.035984	0.366594	-0.842738	0.308800
0.800000	-0.112020	-0.253494	-0.034140	0.367059	-0.842563	0.308562
0.820000	-0.121431	-0.251188	-0.033488	0.367512	-0.842366	0.308384
0.840000	-0.132105	-0.246866	-0.034238	0.367938	-0.842150	0.308270
0.860000	-0.143999	-0.240299	-0.036600	0.368323	-0.841918	0.308224
0.880000	-0.157070	-0.231254	-0.040783	0.368650	-0.841671	0.308248
0.900000	-0.171276	-0.219500	-0.046997	0.368906	-0.841413	0.308347
0.920000	-0.186573	-0.204806	-0.055452	0.369074	-0.841145	0.308523
0.940000	-0.202917	-0.186942	-0.066359	0.369141	-0.840872	0.308780
0.960000	-0.220246	-0.165727	-0.079869	0.369093	-0.840596	0.309121
0.980000	-0.238349	-0.141356	-0.095736	0.368939	-0.840320	0.309541
1.000000	-0.256952	-0.114182	-0.113537	0.368696	-0.840051	0.310030
1.020000	-0.275782	-0.084562	-0.132850	0.368380	-0.839793	0.310581
1.040000	-0.294564	-0.052850	-0.153252	0.368007	-0.839551	0.311186
1.060000	-0.313024	-0.019401	-0.174320	0.367596	-0.839330	0.311835
1.080000	-0.330889	0.015429	-0.195631	0.367162	-0.839135	0.312520
1.100000	-0.347885	0.051285	-0.216763	0.366723	-0.838972	0.313234
1.120000	-0.363738	0.087812	-0.237293	0.366295	-0.838845	0.313966
1.140000	-0.378173	0.124655	-0.256798	0.365894	-0.838759	0.314710
1.160000	-0.390917	0.161458	-0.274856	0.365538	-0.838720	0.315457
1.180000	-0.401695	0.197866	-0.291043	0.365244	-0.838733	0.316197
1.200000	-0.410235	0.233525	-0.304938	0.365027	-0.838801	0.316924
1.220000	-0.416262	0.268078	-0.316116	0.364906	-0.838932	0.317627
1.240000	-0.419501	0.301171	-0.324157	0.364896	-0.839129	0.318300
1.260000	-0.419680	0.332449	-0.328636	0.365015	-0.839397	0.318933
1.280000	-0.416681	0.361644	-0.329331	0.365267	-0.839738	0.319521
1.300000	-0.410806	0.388723	-0.326544	0.365626	-0.840142	0.320067
1.320000	-0.402425	0.413691	-0.320666	0.366059	-0.840597	0.320576
1.340000	-0.391906	0.436552	-0.312087	0.366535	-0.841093	0.321053
1.360000	-0.379620	0.457313	-0.301196	0.367023	-0.841616	0.321502
1.380000	-0.365937	0.475977	-0.288384	0.367490	-0.842157	0.321927
1.400000	-0.351225	0.492551	-0.274040	0.367904	-0.842703	0.322334
1.420000	-0.335855	0.507038	-0.258556	0.368233	-0.843243	0.322726
1.440000	-0.320195	0.519443	-0.242320	0.368447	-0.843766	0.323108
1.460000	-0.304617	0.529773	-0.225722	0.368512	-0.844260	0.323485
1.480000	-0.289489	0.538031	-0.209154	0.368397	-0.844713	0.323861
1.500000	-0.275181	0.544222	-0.193004	0.368070	-0.845114	0.324242
1.520000	-0.262063	0.548352	-0.177663	0.367500	-0.845452	0.324630
1.540000	-0.250504	0.550426	-0.163521	0.366654	-0.845715	0.325032
1.560000	-0.240874	0.550448	-0.150968	0.365501	-0.845892	0.325451
1.580000	-0.233533	0.548425	-0.140384	0.364009	-0.845971	0.325891
1.600000	-0.228570	0.544415	-0.131881	0.362187	-0.845953	0.326353
1.620000	-0.225780	0.538530	-0.125277	0.360083	-0.845848	0.326830
1.640000	-0.224940	0.530886	-0.120375	0.357747	-0.845669	0.327315
1.660000	-0.225831	0.521598	-0.116978	0.355229	-0.845427	0.327800
1.680000	-0.228230	0.510783	-0.114889	0.352580	-0.845135	0.328281
1.700000	-0.231916	0.498555	-0.113912	0.349851	-0.844805	0.328749
1.720000	-0.236669	0.485030	-0.113848	0.347091	-0.844448	0.329198
1.740000	-0.242266	0.470324	-0.114502	0.344352	-0.844077	0.329622
1.760000	-0.248488	0.454552	-0.115676	0.341683	-0.843704	0.330013
1.780000	-0.255111	0.437829	-0.117173	0.339136	-0.843340	0.330366
1.800000	-0.261916	0.420272	-0.118796	0.336760	-0.842999	0.330673
1.820000	-0.268681	0.401996	-0.120348	0.334607	-0.842691	0.330927
1.840000	-0.275184	0.383117	-0.121632	0.332726	-0.842429	0.331123
1.860000	-0.281205	0.363749	-0.122452	0.331168	-0.842224	0.331252
1.880000	-0.286522	0.344008	-0.122609	0.329984	-0.842090	0.331309
1.900000	-0.290915	0.324011	-0.121909	0.329223	-0.842037	0.331287
1.920000	-0.294273	0.303901	-0.120302	0.328910	-0.842071	0.331186
1.940000	-0.296723	0.283882	-0.118061	0.329011	-0.842181	0.331018
1.960000	-0.298422	0.264167	-0.115497	0.329485	-0.842353	0.330798
1.980000	-0.299530	0.244967	-0.112925	0.330291	-0.842574	0.330543
2.000000	-0.300203	0.226496	-0.110657	0.331388	-0.842832	0.330266
2.020000	-0.300601	0.208965	-0.109007	0.332736	-0.843114	0.329983
2.040000	-0.300881	0.192586	-0.108288	0.334292	-0.843406	0.329709
2.060000	-0.301201	0.177573	-0.108813	0.336016	-0.843696	0.329458
2.080000	-0.301720	0.164136	-0.110895	0.337866	-0.843970	0.329246
2.100000	-0.302595	0.152489	-0.114848	0.339803	-0.844216	0.329088
2.120000	-0.303985	0.142844	-0.120984	0.341785	-0.844420	0.328999
2.140000	-0.306048	0.135412	-0.129617	0.343770	-0.844569	0.328994
2.160000	-0.308941	0.130407	-0.141060	0.345719	-0.844651	0.329087
2.180000	-0.312823	0.128040	-0.155626	0.347589	-0.844653	0.329295
2.200000	-0.317852	0.128524	-0.173629	0.349339	-0.844560	0.329631
2.220000	-0.324177	0.132054	-0.195355	0.350931	-0.844362	0.330110
2.240000	-0.331766	0.138514	-0.220596	0.352353	-0.844059	0.330723
2.260000	-0.340424	0.147497	-0.248692	0.353619	-0.843665	0.331443
2.280000	-0.349949	0.158591	-0.278966	0.354744	-0.843193	0.332240
2.300000	-0.360141	0.171381	-0.310742	0.355742	-0.842656	0.333086
2.320000	-0.370798	0.185453	-0.343344	0.356630	-0.842070	0.333952
2.340000	-0.381720	0.200393	-0.376096	0.357422	-0.841447	0.334809
2.360000	-0.392704	0.215786	-0.408321	0.358133	-0.840800	0.335628
2.380000	-0.403551	0.231220	-0.439344	0.358778	-0.840145	0.336381
2.400000	-0.414058	0.246278	-0.468487	0.359372	-0.839494	0.337038
2.420000	-0.424025	0.260548	-0.495076	0.359931	-0.838862	0.337570
2.440000	-0.433251	0.273615	-0.518432	0.360470	-0.838261	0.337949
2.460000	-0.441534	0.285065	-0.537881	0.361002	-0.837707	0.338146
2.480000	-0.448672	0.294484	-0.552745	0.361544	-0.837211	0.338131
2.500000	-0.454466	0.301458	-0.562350	0.362111	-0.836789	0.337877
2.520000	-0.458714	0.305572	-0.566017	0.362717	-0.836454	0.337354
2.540000	-0.461215	0.306412	-0.563072	0.363378	-0.836219	0.336534
