0.000000	0.002764	-0.547439	-0.017683	0.304858	-0.921741	0.224491
0.020000	-0.027096	-0.530250	-0.033251	0.305873	-0.920832	0.225257
0.040000	-0.059381	-0.505904	-0.051183	0.306918	-0.919726	0.226075
0.060000	-0.093663	-0.475221	-0.071080	0.307974	-0.918456	0.226928
0.080000	-0.129510	-0.439023	-0.092545	0.309023	-0.917054	0.227797
0.100000	-0.166492	-0.398130	-0.115180	0.310048	-0.915551	0.228663
0.120000	-0.204179	-0.353362	-0.138587	0.311029	-0.913981	0.229508
0.140000	-0.242141	-0.305541	-0.162369	0.311950	-0.912375	0.230312
0.160000	-0.279947	-0.255487	-0.186128	0.312791	-0.910766	0.231059
0.180000	-0.317168	-0.204020	-0.209466	0.313535	-0.909186	0.231728
0.200000	-0.353373	-0.151962	-0.231985	0.314164	-0.907666	0.232302
0.220000	-0.388131	-0.100133	-0.253288	0.314660	-0.906240	0.232763
0.240000	-0.421013	-0.049353	-0.272978	0.315003	-0.904940	0.233091
0.260000	-0.451588	-0.000444	-0.290655	0.315177	-0.903797	0.233267
0.280000	-0.479425	0.045774	-0.305924	0.315163	-0.902845	0.233275
0.300000	-0.504096	0.088480	-0.318385	0.314944	-0.902114	0.233094
0.320000	-0.525169	0.126854	-0.327642	0.314500	-0.901638	0.232707
0.340000	-0.542291	0.160216	-0.333383	0.313821	-0.901441	0.232102
0.360000	-0.555500	0.188611	-0.335736	0.312931	-0.901510	0.231298
0.380000	-0.564961	0.212311	-0.334971	0.311866	-0.901819	0.230328
0.400000	-0.570837	0.231594	-0.331357	0.310661	-0.902342	0.229222
0.420000	-0.573292	0.246732	-0.325165	0.309353	-0.903055	0.228012
0.440000	-0.572490	0.258000	-0.316662	0.307977	-0.903931	0.226730
0.460000	-0.568595	0.265673	-0.306120	0.306569	-0.904944	0.225405
0.480000	-0.561770	0.270026	-0.293806	0.305165	-0.906069	0.224069
0.500000	-0.552179	0.271333	-0.279991	0.303800	-0.907281	0.222755
0.520000	-0.539987	0.269869	-0.264944	0.302509	-0.908554	0.221492
0.540000	-0.525357	0.265909	-0.248935	0.301330	-0.909861	0.220311
0.560000	-0.508453	0.259726	-0.232232	0.300297	-0.911179	0.219246
0.580000	-0.489439	0.251596	-0.215106	0.299447	-0.912480	0.218325
0.600000	-0.468479	0.241793	-0.197826	0.298815	-0.913739	0.217581
0.620000	-0.445736	0.230592	-0.180660	0.298436	-0.914931	0.217045
0.640000	-0.421375	0.218266	-0.163879	0.298347	-0.916031	0.216748
0.660000	-0.395638	0.205075	-0.147673	0.298559	-0.917021	0.216700
0.680000	-0.368923	0.191243	-0.132080	0.299042	-0.917902	0.216870
0.700000	-0.341645	0.176990	-0.117122	0.299757	-0.918679	0.217223
0.720000	-0.314219	0.162538	-0.102818	0.300666	-0.919354	0.217724
0.740000	-0.287058	0.148107	-0.089190	0.301734	-0.919931	0.218337
0.760000	-0.260580	0.133919	-0.076257	0.302921	-0.920413	0.219026
0.780000	-0.235197	0.120194	-0.064040	0.304190	-0.920803	0.219757
0.800000	-0.211326	0.107153	-0.052560	0.305505	-0.921105	0.220494
0.820000	-0.189381	0.095017	-0.041838	0.306826	-0.921321	0.221200
0.840000	-0.169777	0.084007	-0.031893	0.308118	-0.921455	0.221842
0.860000	-0.152930	0.074345	-0.022747	0.309343	-0.921511	0.222383
0.880000	-0.139253	0.066250	-0.014419	0.310462	-0.921492	0.222788
0.900000	-0.129163	0.059944	-0.006931	0.311439	-0.921400	0.223021
0.920000	-0.123074	0.055648	-0.000303	0.312236	-0.921240	0.223048
0.940000	-0.121400	0.053583	0.005445	0.312816	-0.921014	0.222832
0.960000	-0.124526	0.053953	0.010293	0.313142	-0.920727	0.222340
0.980000	-0.132300	0.056700	0.014243	0.313214	-0.920382	0.221581
1.000000	-0.144132	0.061546	0.017314	0.313057	-0.919988	0.220593
1.020000	-0.159414	0.068205	0.019527	0.312697	-0.919551	0.219418
1.040000	-0.177541	0.076392	0.020900	0.312160	-0.919078	0.218098
1.060000	-0.197907	0.085822	0.021453	0.311474	-0.918577	0.216673
1.080000	-0.219906	0.096209	0.021206	0.310665	-0.918054	0.215186
1.100000	-0.242933	0.107270	0.020179	0.309759	-0.917516	0.213677
1.120000	-0.266381	0.118719	0.018392	0.308783	-0.916970	0.212189
1.140000	-0.289645	0.130271	0.015864	0.307764	-0.916424	0.210761
1.160000	-0.312119	0.141640	0.012615	0.306728	-0.915884	0.209436
1.180000	-0.333196	0.152542	0.008664	0.305701	-0.915358	0.208254
1.200000	-0.352272	0.162691	0.004032	0.304710	-0.914852	0.207258
1.220000	-0.368740	0.171803	-0.001262	0.303782	-0.914373	0.206488
1.240000	-0.381995	0.179592	-0.007199	0.302944	-0.913928	0.205986
1.260000	-0.391430	0.185773	-0.013758	0.302220	-0.913525	0.205793
1.280000	-0.396440	0.190062	-0.020919	0.301640	-0.913170	0.205950
1.300000	-0.396499	0.192206	-0.028661	0.301224	-0.912870	0.206492
1.320000	-0.391813	0.192260	-0.036935	0.300972	-0.912617	0.207395
1.340000	-0.382977	0.190438	-0.045679	0.300865	-0.912398	0.208602
1.360000	-0.370590	0.186960	-0.054830	0.300887	-0.912202	0.210055
1.380000	-0.355251	0.182043	-0.064327	0.301019	-0.912014	0.211698
1.400000	-0.337560	0.175905	-0.074107	0.301245	-0.911823	0.213473
1.420000	-0.318116	0.168763	-0.084109	0.301546	-0.911615	0.215325
1.440000	-0.297517	0.160835	-0.094269	0.301906	-0.911377	0.217195
1.460000	-0.276363	0.152339	-0.104527	0.302307	-0.911096	0.219028
1.480000	-0.255253	0.143492	-0.114819	0.302732	-0.910759	0.220765
1.500000	-0.234786	0.134514	-0.125083	0.303164	-0.910354	0.222350
1.520000	-0.215561	0.125620	-0.135258	0.303584	-0.909868	0.223726
1.540000	-0.198177	0.117029	-0.145282	0.303976	-0.909287	0.224837
1.560000	-0.183234	0.108959	-0.155091	0.304322	-0.908598	0.225624
1.580000	-0.171330	0.101627	-0.164624	0.304605	-0.907790	0.226032
1.600000	-0.163023	0.095242	-0.173821	0.304809	-0.906850	0.226007
1.620000	-0.158348	0.089896	-0.182666	0.304933	-0.905787	0.225560
1.640000	-0.156981	0.085598	-0.191165	0.304989	-0.904626	0.224741
1.660000	-0.158591	0.082359	-0.199329	0.304986	-0.903388	0.223602
1.680000	-0.162848	0.080188	-0.207168	0.304937	-0.902098	0.222195
1.700000	-0.169421	0.079094	-0.214691	0.304852	-0.900778	0.220572
1.720000	-0.177979	0.079086	-0.221908	0.304742	-0.899453	0.218785
1.740000	-0.188191	0.080175	-0.228829	0.304618	-0.898145	0.216886
1.760000	-0.199727	0.082368	-0.235462	0.304491	-0.896878	0.214926
1.780000	-0.212255	0.085676	-0.241818	0.304372	-0.895675	0.212958
1.800000	-0.225446	0.090108	-0.247906	0.304272	-0.894561	0.211034
1.820000	-0.238968	0.095673	-0.253736	0.304201	-0.893557	0.209205
1.840000	-0.252491	0.102380	-0.259318	0.304172	-0.892687	0.207523
1.860000	-0.265683	0.110240	-0.264661	0.304194	-0.891976	0.206040
1.880000	-0.278215	0.119261	-0.269774	0.304279	-0.891445	0.204808
1.900000	-0.289754	0.129452	-0.274668	0.304437	-0.891120	0.203880
1.920000	-0.300031	0.140790	-0.279344	0.304678	-0.891015	0.203293
1.940000	-0.309035	0.153097	-0.283771	0.304993	-0.891119	0.203030
1.960000	-0.316824	0.166158	-0.287907	0.305376	-0.891412	0.203057
1.980000	-0.323461	0.179756	-0.291712	0.305815	-0.891873	0.203341
