0.000000	-0.978680	0.193209	0.515524	0.528741	-0.855389	0.103455
0.020000	-0.941531	0.099747	0.651382	0.529958	-0.853288	0.104633
0.040000	-0.885093	0.005717	0.765527	0.530218	-0.851969	0.105520
0.060000	-0.807402	-0.087958	0.855249	0.529458	-0.851533	0.106085
0.080000	-0.708079	-0.180551	0.919562	0.527678	-0.852004	0.106330
0.100000	-0.589532	-0.271680	0.960496	0.524988	-0.853280	0.106319
0.120000	-0.454448	-0.361000	0.980391	0.521509	-0.855246	0.106120
0.140000	-0.305515	-0.448162	0.981585	0.517366	-0.857787	0.105802
0.160000	-0.145423	-0.532820	0.966414	0.512678	-0.860787	0.105434
0.180000	0.023142	-0.614626	0.937217	0.507568	-0.864132	0.105085
0.200000	0.197492	-0.693234	0.896331	0.502159	-0.867704	0.104824
0.220000	0.374937	-0.768297	0.846094	0.496573	-0.871390	0.104720
0.240000	0.552791	-0.839468	0.788844	0.490930	-0.875074	0.104842
0.260000	0.728366	-0.906399	0.726919	0.485355	-0.878640	0.105259
0.280000	0.898972	-0.968744	0.662657	0.479967	-0.881974	0.106040
0.300000	1.061923	-1.026156	0.598394	0.474891	-0.884959	0.107253
0.320000	1.214529	-1.078287	0.536470	0.470247	-0.887481	0.108968
0.340000	1.354104	-1.124791	0.479221	0.466157	-0.889425	0.111253
0.360000	1.477959	-1.165321	0.428986	0.462745	-0.890674	0.114178
0.380000	1.583407	-1.199529	0.388102	0.460131	-0.891114	0.117812
0.400000	1.668383	-1.227038	0.358258	0.458397	-0.890669	0.122188
0.420000	1.733081	-1.247360	0.338805	0.457476	-0.889409	0.127214
0.440000	1.778206	-1.259980	0.328561	0.457268	-0.887435	0.132770
0.460000	1.804459	-1.264385	0.326346	0.457674	-0.884851	0.138735
0.480000	1.812545	-1.260062	0.330982	0.458593	-0.881758	0.144988
0.500000	1.803166	-1.246496	0.341289	0.459925	-0.878258	0.151409
0.520000	1.777025	-1.223175	0.356085	0.461570	-0.874453	0.157878
0.540000	1.734827	-1.189584	0.374193	0.463429	-0.870446	0.164273
0.560000	1.677273	-1.145210	0.394431	0.465401	-0.866339	0.170474
0.580000	1.605068	-1.089540	0.415620	0.467386	-0.862233	0.176360
0.600000	1.518914	-1.022059	0.436580	0.469284	-0.858231	0.181811
0.620000	1.419515	-0.942254	0.456132	0.470995	-0.854435	0.186706
0.640000	1.307573	-0.849611	0.473095	0.472420	-0.850947	0.190925
0.660000	1.183793	-0.743617	0.486290	0.473458	-0.847870	0.194346
0.680000	1.048877	-0.623758	0.494537	0.474009	-0.845305	0.196850
0.700000	0.903528	-0.489521	0.496656	0.473973	-0.843354	0.198315
0.720000	0.748585	-0.340654	0.491592	0.473264	-0.842106	0.198642
0.740000	0.585944	-0.178977	0.479264	0.471900	-0.841543	0.197886
0.760000	0.418007	-0.007292	0.460059	0.469950	-0.841594	0.196182
0.780000	0.247175	0.171596	0.434361	0.467483	-0.842189	0.193661
0.800000	0.075852	0.354879	0.402560	0.464567	-0.843258	0.190457
0.820000	-0.093558	0.539750	0.365041	0.461271	-0.844731	0.186702
0.840000	-0.258654	0.723402	0.322191	0.457665	-0.846539	0.182529
0.860000	-0.417031	0.903029	0.274397	0.453816	-0.848611	0.178070
0.880000	-0.566288	1.075824	0.222047	0.449795	-0.850876	0.173460
0.900000	-0.704020	1.238979	0.165527	0.445669	-0.853265	0.168830
0.920000	-0.827825	1.389689	0.105225	0.441508	-0.855709	0.164314
0.940000	-0.935300	1.525146	0.041527	0.437380	-0.858136	0.160043
0.960000	-1.024041	1.642543	-0.025180	0.433355	-0.860476	0.156152
0.980000	-1.091646	1.739073	-0.094510	0.429501	-0.862661	0.152772
1.000000	-1.135712	1.811930	-0.166073	0.425886	-0.864618	0.150037
1.020000	-1.153835	1.858307	-0.239485	0.422581	-0.866280	0.148079
1.040000	-1.143758	1.875539	-0.314350	0.419652	-0.867577	0.147026
1.060000	-1.106171	1.863866	-0.390095	0.417126	-0.868496	0.146884
1.080000	-1.044522	1.826238	-0.465987	0.414993	-0.869070	0.147548
1.100000	-0.962365	1.765711	-0.541284	0.413243	-0.869335	0.148911
1.120000	-0.863252	1.685342	-0.615246	0.411865	-0.869329	0.150861
1.140000	-0.750736	1.588185	-0.687129	0.410847	-0.869087	0.153292
1.160000	-0.628371	1.477296	-0.756194	0.410179	-0.868645	0.156093
1.180000	-0.499709	1.355731	-0.821700	0.409849	-0.868040	0.159155
1.200000	-0.368304	1.226545	-0.882904	0.409847	-0.867308	0.162369
1.220000	-0.237709	1.092793	-0.939065	0.410162	-0.866486	0.165627
1.240000	-0.111477	0.957532	-0.989443	0.410782	-0.865608	0.168819
1.260000	0.006839	0.823817	-1.033297	0.411697	-0.864712	0.171836
1.280000	0.113686	0.694704	-1.069884	0.412895	-0.863834	0.174569
1.300000	0.205511	0.573247	-1.098463	0.414366	-0.863010	0.176909
1.320000	0.278760	0.462503	-1.118294	0.416099	-0.862277	0.178747
1.340000	0.329882	0.365527	-1.128635	0.418083	-0.861670	0.179974
1.360000	0.355345	0.285358	-1.128752	0.420306	-0.861225	0.180481
1.380000	0.353960	0.223459	-1.118595	0.422746	-0.860962	0.180227
1.400000	0.328810	0.178407	-1.099367	0.425362	-0.860868	0.179294
1.420000	0.283436	0.148470	-1.072401	0.428109	-0.860927	0.177776
1.440000	0.221378	0.131918	-1.039035	0.430943	-0.861124	0.175767
1.460000	0.146176	0.127021	-1.000602	0.433819	-0.861441	0.173362
1.480000	0.061369	0.132048	-0.958440	0.436694	-0.861864	0.170654
1.500000	-0.029502	0.145269	-0.913882	0.439523	-0.862377	0.167739
1.520000	-0.122896	0.164953	-0.868265	0.442263	-0.862963	0.164711
1.540000	-0.215275	0.189369	-0.822924	0.444868	-0.863606	0.161664
1.560000	-0.303097	0.216787	-0.779195	0.447294	-0.864292	0.158693
1.580000	-0.382823	0.245476	-0.738412	0.449498	-0.865003	0.155891
1.600000	-0.450913	0.273706	-0.701911	0.451435	-0.865724	0.153354
1.620000	-0.503826	0.299747	-0.671027	0.453061	-0.866440	0.151175
1.640000	-0.538023	0.321867	-0.647097	0.454332	-0.867134	0.149449
1.660000	-0.549969	0.338337	-0.631451	0.455203	-0.867790	0.148271
1.680000	-0.537850	0.347892	-0.624523	0.455653	-0.868397	0.147691
1.700000	-0.503921	0.350361	-0.624611	0.455716	-0.868956	0.147662
1.720000	-0.451023	0.345730	-0.629709	0.455432	-0.869467	0.148118
1.740000	-0.381998	0.333986	-0.637808	0.454842	-0.869933	0.148998
1.760000	-0.299690	0.315117	-0.646902	0.453988	-0.870355	0.150236
1.780000	-0.206941	0.289110	-0.654982	0.452909	-0.870734	0.151771
1.800000	-0.106593	0.255951	-0.660040	0.451647	-0.871073	0.153537
1.820000	-0.001488	0.215629	-0.660070	0.450242	-0.871372	0.155471
1.840000	0.105531	0.168129	-0.653062	0.448737	-0.871635	0.157510
1.860000	0.211622	0.113439	-0.637010	0.447170	-0.871861	0.159590
1.880000	0.313942	0.051547	-0.609906	0.445584	-0.872053	0.161648
1.900000	0.409650	-0.017562	-0.569741	0.444020	-0.872212	0.163620
1.920000	0.495902	-0.093898	-0.514510	0.442517	-0.872341	0.165442
1.940000	0.569856	-0.177477	-0.442202	0.441118	-0.872440	0.167051
1.960000	0.628670	-0.268310	-0.350812	0.439863	-0.872511	0.168383
1.980000	0.669502	-0.366410	-0.238331	0.438792	-0.872556	0.169375
2.000000	0.690330	-0.471698	-0.103408	0.437939	-0.872580	0.169979
2.020000	0.693244	-0.583628	0.052016	0.437295	-0.872602	0.170233
2.040000	0.681622	-0.701508	0.224972	0.436838	-0.872648	0.170200
2.060000	0.658840	-0.824649	0.412492	0.436545	-0.872743	0.169942
2.080000	0.628276	-0.952358	0.611606	0.436397	-0.872911	0.169523
2.100000	0.593305	-1.083945	0.819345	0.436370	-0.873177	0.169006
2.120000	0.557306	-1.218720	1.032739	0.436443	-0.873567	0.168454
2.140000	0.523654	-1.355989	1.248820	0.436594	-0.874106	0.167931
2.160000	0.495727	-1.495064	1.464617	0.436802	-0.874818	0.167498
2.180000	0.476902	-1.635253	1.677163	0.437045	-0.875728	0.167219
2.200000	0.470555	-1.775864	1.883487	0.437301	-0.876861	0.167158
2.220000	0.480064	-1.916207	2.080621	0.437548	-0.878243	0.167378
2.240000	0.508804	-2.055591	2.265594	0.437764	-0.879898	0.167940
2.260000	0.560155	-2.193324	2.435439	0.437929	-0.881851	0.168910
2.280000	0.637491	-2.328717	2.587185	0.438020	-0.884128	0.170349
