0.000000	-0.419601	1.082983	0.196954	0.369582	-0.865451	0.263571
0.020000	-0.458479	0.920270	0.218432	0.367823	-0.866518	0.264187
0.040000	-0.493999	0.756464	0.236693	0.365900	-0.867606	0.264700
0.060000	-0.525456	0.594934	0.251463	0.363847	-0.868661	0.265092
0.080000	-0.552150	0.439050	0.262465	0.361698	-0.869632	0.265346
0.100000	-0.573376	0.292179	0.269425	0.359489	-0.870466	0.265444
0.120000	-0.588432	0.157691	0.272068	0.357252	-0.871111	0.265369
0.140000	-0.596615	0.038955	0.270117	0.355022	-0.871515	0.265104
0.160000	-0.597224	-0.060660	0.263299	0.352833	-0.871625	0.264632
0.180000	-0.589632	-0.138026	0.251374	0.350718	-0.871394	0.263937
0.200000	-0.574234	-0.193155	0.234603	0.348697	-0.870836	0.263029
0.220000	-0.552138	-0.228264	0.213589	0.346779	-0.870008	0.261938
0.240000	-0.524468	-0.245619	0.188946	0.344973	-0.868967	0.260693
0.260000	-0.492347	-0.247482	0.161286	0.343290	-0.867770	0.259322
0.280000	-0.456900	-0.236117	0.131224	0.341738	-0.866476	0.257856
0.300000	-0.419249	-0.213787	0.099370	0.340328	-0.865142	0.256323
0.320000	-0.380518	-0.182757	0.066339	0.339068	-0.863827	0.254752
0.340000	-0.341830	-0.145290	0.032744	0.337969	-0.862587	0.253172
0.360000	-0.304310	-0.103650	-0.000804	0.337040	-0.861480	0.251614
0.380000	-0.269080	-0.060100	-0.033690	0.336289	-0.860564	0.250105
0.400000	-0.237265	-0.016903	-0.065303	0.335728	-0.859897	0.248676
0.420000	-0.209987	0.023675	-0.095029	0.335365	-0.859536	0.247354
0.440000	-0.188371	0.059373	-0.122255	0.335210	-0.859540	0.246170
0.460000	-0.173439	0.088096	-0.146414	0.335270	-0.859958	0.245151
0.480000	-0.165185	0.109504	-0.167400	0.335535	-0.860781	0.244294
0.500000	-0.163002	0.124277	-0.185375	0.335982	-0.861958	0.243583
0.520000	-0.166274	0.133109	-0.200508	0.336590	-0.863439	0.243000
0.540000	-0.174387	0.136695	-0.212966	0.337337	-0.865176	0.242530
0.560000	-0.186725	0.135730	-0.222916	0.338199	-0.867118	0.242154
0.580000	-0.202672	0.130908	-0.230524	0.339156	-0.869216	0.241855
0.600000	-0.221614	0.122923	-0.235959	0.340185	-0.871420	0.241616
0.620000	-0.242934	0.112470	-0.239388	0.341264	-0.873680	0.241419
0.640000	-0.266018	0.100243	-0.240977	0.342370	-0.875948	0.241249
0.660000	-0.290251	0.086937	-0.240894	0.343483	-0.878173	0.241087
0.680000	-0.315017	0.073246	-0.239307	0.344579	-0.880305	0.240916
0.700000	-0.339701	0.059864	-0.236382	0.345637	-0.882296	0.240719
0.720000	-0.363687	0.047486	-0.232286	0.346634	-0.884095	0.240479
0.740000	-0.386361	0.036806	-0.227187	0.347549	-0.885653	0.240179
0.760000	-0.407107	0.028518	-0.221253	0.348359	-0.886919	0.239801
0.780000	-0.425309	0.023318	-0.214650	0.349042	-0.887846	0.239328
0.800000	-0.440456	0.021763	-0.207526	0.349580	-0.888392	0.238746
0.820000	-0.452651	0.023596	-0.199918	0.349980	-0.888580	0.238059
0.840000	-0.462226	0.028260	-0.191821	0.350255	-0.888454	0.237277
0.860000	-0.469509	0.035199	-0.183228	0.350422	-0.888058	0.236409
0.880000	-0.474833	0.043854	-0.174135	0.350495	-0.887436	0.235467
0.900000	-0.478529	0.053669	-0.164536	0.350490	-0.886633	0.234459
0.920000	-0.480927	0.064086	-0.154425	0.350420	-0.885693	0.233397
0.940000	-0.482358	0.074548	-0.143798	0.350301	-0.884659	0.232290
0.960000	-0.483153	0.084498	-0.132648	0.350149	-0.883576	0.231149
0.980000	-0.483642	0.093378	-0.120970	0.349977	-0.882489	0.229983
1.000000	-0.484158	0.100631	-0.108760	0.349802	-0.881441	0.228803
1.020000	-0.485030	0.105699	-0.096010	0.349637	-0.880476	0.227618
1.040000	-0.486589	0.108026	-0.082717	0.349499	-0.879639	0.226440
1.060000	-0.489167	0.107054	-0.068874	0.349402	-0.878975	0.225277
1.080000	-0.493094	0.102225	-0.054475	0.349360	-0.878526	0.224141
1.100000	-0.498701	0.092983	-0.039517	0.349389	-0.878338	0.223041
1.120000	-0.506319	0.078770	-0.023992	0.349505	-0.878454	0.221988
1.140000	-0.516265	0.059056	-0.007904	0.349720	-0.878918	0.220991
1.160000	-0.528458	0.034089	0.008516	0.350037	-0.879731	0.220054
1.180000	-0.542370	0.004999	0.024779	0.350441	-0.880853	0.219174
1.200000	-0.557447	-0.027040	0.040382	0.350916	-0.882238	0.218346
1.220000	-0.573135	-0.060851	0.054822	0.351447	-0.883841	0.217569
1.240000	-0.588881	-0.095258	0.067596	0.352018	-0.885617	0.216837
1.260000	-0.604132	-0.129086	0.078201	0.352614	-0.887522	0.216146
1.280000	-0.618334	-0.161158	0.086133	0.353220	-0.889512	0.215495
1.300000	-0.630934	-0.190300	0.090890	0.353820	-0.891540	0.214878
1.320000	-0.641378	-0.215334	0.091968	0.354399	-0.893563	0.214292
1.340000	-0.649113	-0.235087	0.088864	0.354941	-0.895536	0.213733
1.360000	-0.653586	-0.248380	0.081076	0.355431	-0.897414	0.213198
1.380000	-0.654243	-0.254040	0.068099	0.355853	-0.899152	0.212683
1.400000	-0.650531	-0.250889	0.049432	0.356193	-0.900705	0.212184
1.420000	-0.641896	-0.237752	0.024570	0.356434	-0.902030	0.211698
1.440000	-0.627877	-0.213797	-0.006789	0.356565	-0.903088	0.211224
1.460000	-0.608450	-0.179828	-0.044001	0.356585	-0.903886	0.210774
1.480000	-0.583721	-0.137136	-0.086136	0.356499	-0.904439	0.210366
1.500000	-0.553800	-0.087015	-0.132264	0.356311	-0.904763	0.210016
1.520000	-0.518791	-0.030757	-0.181456	0.356027	-0.904876	0.209740
1.540000	-0.478802	0.030345	-0.232783	0.355649	-0.904793	0.209557
1.560000	-0.433940	0.094998	-0.285315	0.355184	-0.904531	0.209482
1.580000	-0.384313	0.161911	-0.338123	0.354634	-0.904107	0.209532
1.600000	-0.330027	0.229789	-0.390278	0.354005	-0.903537	0.209725
1.620000	-0.271189	0.297342	-0.440849	0.353302	-0.902838	0.210076
1.640000	-0.207907	0.363275	-0.488909	0.352527	-0.902025	0.210604
1.660000	-0.140287	0.426298	-0.533527	0.351687	-0.901116	0.211324
1.680000	-0.068436	0.485116	-0.573773	0.350785	-0.900127	0.212253
1.700000	0.007539	0.538437	-0.608720	0.349826	-0.899074	0.213409
1.720000	0.087530	0.584969	-0.637436	0.348814	-0.897973	0.214807
1.740000	0.171430	0.623420	-0.658994	0.347753	-0.896842	0.216466
1.760000	0.259070	0.652589	-0.672537	0.346649	-0.895696	0.218399
1.780000	0.349597	0.672289	-0.678008	0.345512	-0.894541	0.220593
1.800000	0.441739	0.682947	-0.675839	0.344355	-0.893377	0.223020
1.820000	0.534221	0.685000	-0.666469	0.343191	-0.892205	0.225650
1.840000	0.625766	0.678885	-0.650335	0.342033	-0.891026	0.228455
1.860000	0.715099	0.665040	-0.627876	0.340894	-0.889839	0.231406
1.880000	0.800943	0.643901	-0.599530	0.339788	-0.888646	0.234472
1.900000	0.882022	0.615905	-0.565736	0.338729	-0.887446	0.237625
1.920000	0.957059	0.581490	-0.526931	0.337728	-0.886240	0.240837
1.940000	1.024779	0.541092	-0.483554	0.336800	-0.885029	0.244077
1.960000	1.083905	0.495148	-0.436043	0.335958	-0.883813	0.247316
1.980000	1.133161	0.444096	-0.384837	0.335214	-0.882592	0.250526
2.000000	1.171271	0.388372	-0.330374	0.334583	-0.881366	0.253678
2.020000	1.196958	0.328413	-0.273091	0.334077	-0.880137	0.256741
2.040000	1.208947	0.264657	-0.213428	0.333710	-0.878904	0.259688
2.060000	1.205960	0.197540	-0.151823	0.333494	-0.877669	0.262488
2.080000	1.187227	0.127582	-0.088739	0.333438	-0.876432	0.265118
2.100000	1.153914	0.055624	-0.024742	0.333529	-0.875201	0.267573
2.120000	1.107651	-0.017419	0.039581	0.333748	-0.873984	0.269851
2.140000	1.050071	-0.090631	0.103642	0.334076	-0.872789	0.271953
2.160000	0.982805	-0.163096	0.166853	0.334495	-0.871625	0.273877
2.180000	0.907483	-0.233897	0.228625	0.334988	-0.870499	0.275623
2.200000	0.825738	-0.302119	0.288371	0.335536	-0.869421	0.277191
2.220000	0.739201	-0.366845	0.345501	0.336120	-0.868398	0.278579
2.240000	0.649502	-0.427158	0.399429	0.336722	-0.867439	0.279788
2.260000	0.558273	-0.482144	0.449567	0.337323	-0.866551	0.280816
2.280000	0.467146	-0.530886	0.495325	0.337907	-0.865744	0.281663
2.300000	0.377752	-0.572468	0.536116	0.338453	-0.865025	0.282328
2.320000	0.291722	-0.605973	0.571351	0.338944	-0.864403	0.282811
2.340000	0.210688	-0.630485	0.600444	0.339362	-0.863886	0.283111
2.360000	0.136280	-0.645090	0.622805	0.339688	-0.863482	0.283227
2.380000	0.070117	-0.648883	0.637854	0.339904	-0.863199	0.283159
