0.000000	-0.270408	0.047689	-0.409051	0.433112	-0.828180	0.290960
0.020000	-0.246061	0.027398	-0.369461	0.433789	-0.826386	0.290953
0.040000	-0.218694	0.002839	-0.325836	0.434362	-0.824635	0.290909
0.060000	-0.188774	-0.025593	-0.278659	0.434818	-0.822956	0.290842
0.080000	-0.156765	-0.057502	-0.228412	0.435146	-0.821378	0.290766
0.100000	-0.123133	-0.092494	-0.175577	0.435333	-0.819933	0.290695
0.120000	-0.088345	-0.130174	-0.120636	0.435367	-0.818650	0.290643
0.140000	-0.052865	-0.170147	-0.064072	0.435237	-0.817558	0.290625
0.160000	-0.017159	-0.212018	-0.006368	0.434930	-0.816687	0.290654
0.180000	0.018307	-0.255391	0.051995	0.434436	-0.816067	0.290744
0.200000	0.053067	-0.299872	0.110533	0.433740	-0.815727	0.290910
0.220000	0.086663	-0.345068	0.168768	0.432834	-0.815697	0.291165
0.240000	0.118749	-0.390606	0.226272	0.431729	-0.815967	0.291510
0.260000	0.149082	-0.436137	0.282667	0.430457	-0.816498	0.291937
0.280000	0.177425	-0.481310	0.337575	0.429051	-0.817249	0.292435
0.300000	0.203539	-0.525775	0.390618	0.427546	-0.818178	0.292996
0.320000	0.227186	-0.569182	0.441419	0.425975	-0.819244	0.293610
0.340000	0.248127	-0.611182	0.489602	0.424370	-0.820407	0.294267
0.360000	0.266124	-0.651423	0.534787	0.422764	-0.821625	0.294958
0.380000	0.280939	-0.689557	0.576598	0.421193	-0.822857	0.295673
0.400000	0.292333	-0.725233	0.614658	0.419687	-0.824061	0.296403
0.420000	0.300068	-0.758102	0.648588	0.418282	-0.825197	0.297139
0.440000	0.303905	-0.787812	0.678012	0.417009	-0.826224	0.297870
0.460000	0.303607	-0.814015	0.702553	0.415903	-0.827100	0.298588
0.480000	0.298934	-0.836359	0.721832	0.414996	-0.827784	0.299282
0.500000	0.289649	-0.854496	0.735472	0.414323	-0.828235	0.299944
0.520000	0.275522	-0.868080	0.743106	0.413915	-0.828413	0.300564
0.540000	0.256563	-0.876900	0.744656	0.413778	-0.828310	0.301136
0.560000	0.233064	-0.880901	0.740380	0.413889	-0.827955	0.301659
0.580000	0.205332	-0.880035	0.730553	0.414221	-0.827379	0.302132
0.600000	0.173671	-0.874257	0.715450	0.414748	-0.826614	0.302555
0.620000	0.138388	-0.863518	0.695348	0.415445	-0.825691	0.302924
0.640000	0.099789	-0.847773	0.670520	0.416286	-0.824641	0.303241
0.660000	0.058180	-0.826975	0.641244	0.417246	-0.823494	0.303504
0.680000	0.013867	-0.801076	0.607794	0.418297	-0.822283	0.303711
0.700000	-0.032844	-0.770030	0.570446	0.419414	-0.821038	0.303862
0.720000	-0.081647	-0.733790	0.529475	0.420572	-0.819791	0.303955
0.740000	-0.132237	-0.692310	0.485156	0.421745	-0.818572	0.303990
0.760000	-0.184306	-0.645541	0.437766	0.422906	-0.817413	0.303965
0.780000	-0.237550	-0.593438	0.387580	0.424030	-0.816346	0.303880
0.800000	-0.291661	-0.535953	0.334873	0.425092	-0.815400	0.303733
0.820000	-0.346335	-0.473041	0.279920	0.426064	-0.814608	0.303523
0.840000	-0.401262	-0.404697	0.223009	0.426924	-0.813998	0.303250
0.860000	-0.456110	-0.331275	0.164522	0.427660	-0.813572	0.302912
0.880000	-0.510538	-0.253301	0.104887	0.428272	-0.813323	0.302511
0.900000	-0.564201	-0.171301	0.044532	0.428755	-0.813243	0.302045
0.920000	-0.616758	-0.085802	-0.016115	0.429107	-0.813323	0.301514
0.940000	-0.667866	0.002672	-0.076625	0.429325	-0.813554	0.300919
0.960000	-0.717182	0.093592	-0.136570	0.429406	-0.813928	0.300260
0.980000	-0.764363	0.186434	-0.195522	0.429348	-0.814438	0.299535
1.000000	-0.809066	0.280669	-0.253054	0.429147	-0.815073	0.298746
1.020000	-0.850949	0.375774	-0.308735	0.428802	-0.815827	0.297892
1.040000	-0.889670	0.471220	-0.362140	0.428308	-0.816690	0.296972
1.060000	-0.924884	0.566481	-0.412838	0.427664	-0.817655	0.295988
1.080000	-0.956250	0.661032	-0.460402	0.426866	-0.818712	0.294938
1.100000	-0.983425	0.754346	-0.504404	0.425912	-0.819854	0.293822
1.120000	-1.006066	0.845896	-0.544415	0.424798	-0.821072	0.292641
1.140000	-1.023831	0.935157	-0.580008	0.423523	-0.822358	0.291394
1.160000	-1.036384	1.021599	-0.610769	0.422084	-0.823703	0.290082
1.180000	-1.043577	1.104644	-0.636617	0.420487	-0.825097	0.288710
1.200000	-1.045431	1.183662	-0.657784	0.418750	-0.826525	0.287288
1.220000	-1.041979	1.258024	-0.674515	0.416889	-0.827976	0.285829
1.240000	-1.033250	1.327101	-0.687054	0.414921	-0.829436	0.284342
1.260000	-1.019276	1.390262	-0.695647	0.412862	-0.830891	0.282839
1.280000	-1.000086	1.446877	-0.700538	0.410730	-0.832329	0.281331
1.300000	-0.975712	1.496316	-0.701972	0.408540	-0.833737	0.279829
1.320000	-0.946184	1.537950	-0.700194	0.406311	-0.835101	0.278343
1.340000	-0.911532	1.571149	-0.695448	0.404058	-0.836408	0.276885
1.360000	-0.871788	1.595282	-0.687979	0.401798	-0.837645	0.275466
1.380000	-0.826982	1.609720	-0.678033	0.399549	-0.838798	0.274096
1.400000	-0.777145	1.613833	-0.665854	0.397326	-0.839855	0.272788
1.420000	-0.722307	1.606991	-0.651686	0.395147	-0.840803	0.271551
1.440000	-0.662498	1.588564	-0.635775	0.393028	-0.841628	0.270396
1.460000	-0.597761	1.557945	-0.618362	0.390986	-0.842318	0.269335
1.480000	-0.528516	1.515296	-0.599607	0.389035	-0.842868	0.268380
1.500000	-0.455639	1.461711	-0.579567	0.387187	-0.843289	0.267544
1.520000	-0.380034	1.398338	-0.558293	0.385454	-0.843589	0.266841
1.540000	-0.302607	1.326329	-0.535837	0.383847	-0.843777	0.266282
1.560000	-0.224263	1.246831	-0.512249	0.382377	-0.843863	0.265883
1.580000	-0.145905	1.160996	-0.487582	0.381057	-0.843857	0.265656
1.600000	-0.068438	1.069973	-0.461886	0.379896	-0.843767	0.265615
1.620000	0.007232	0.974910	-0.435213	0.378908	-0.843603	0.265773
1.640000	0.080202	0.876959	-0.407614	0.378104	-0.843374	0.266143
1.660000	0.149566	0.777268	-0.379141	0.377494	-0.843091	0.266739
1.680000	0.214421	0.676987	-0.349844	0.377091	-0.842761	0.267573
1.700000	0.273861	0.577266	-0.319776	0.376906	-0.842394	0.268660
1.720000	0.326982	0.479254	-0.288987	0.376950	-0.842000	0.270013
1.740000	0.372879	0.384102	-0.257528	0.377236	-0.841588	0.271644
1.760000	0.410648	0.292958	-0.225452	0.377774	-0.841168	0.273568
1.780000	0.439385	0.206971	-0.192809	0.378575	-0.840748	0.275797
1.800000	0.458596	0.127004	-0.159746	0.379640	-0.840335	0.278331
1.820000	0.468771	0.053226	-0.126633	0.380937	-0.839925	0.281133
1.840000	0.470549	-0.014296	-0.093875	0.382432	-0.839514	0.284163
1.860000	0.464566	-0.075494	-0.061877	0.384087	-0.839098	0.287378
1.880000	0.451459	-0.130300	-0.031044	0.385870	-0.838672	0.290739
1.900000	0.431865	-0.178648	-0.001780	0.387743	-0.838232	0.294204
1.920000	0.406422	-0.220469	0.025509	0.389673	-0.837774	0.297731
1.940000	0.375765	-0.255696	0.050419	0.391624	-0.837293	0.301280
1.960000	0.340533	-0.284261	0.072545	0.393560	-0.836785	0.304809
1.980000	0.301361	-0.306097	0.091482	0.395447	-0.836245	0.308278
2.000000	0.258888	-0.321137	0.106826	0.397248	-0.835669	0.311646
2.020000	0.213750	-0.329312	0.118171	0.398930	-0.835053	0.314870
2.040000	0.166584	-0.330556	0.125114	0.400457	-0.834393	0.317910
2.060000	0.118027	-0.324801	0.127248	0.401792	-0.833684	0.320725
2.080000	0.068716	-0.311979	0.124170	0.402903	-0.832921	0.323274
2.100000	0.019289	-0.292023	0.115474	0.403752	-0.832101	0.325515
2.120000	-0.029672	-0.264988	0.100907	0.404313	-0.831221	0.327416
2.140000	-0.077856	-0.231561	0.080987	0.404602	-0.830292	0.328978
2.160000	-0.125039	-0.192626	0.056476	0.404648	-0.829328	0.330217
2.180000	-0.170999	-0.149071	0.028139	0.404480	-0.828343	0.331148
2.200000	-0.215513	-0.101783	-0.003260	0.404126	-0.827351	0.331787
2.220000	-0.258357	-0.051646	-0.036957	0.403617	-0.826367	0.332147
2.240000	-0.299308	0.000451	-0.072189	0.402981	-0.825405	0.332246
2.260000	-0.338143	0.053624	-0.108191	0.402248	-0.824479	0.332096
2.280000	-0.374639	0.106985	-0.144200	0.401446	-0.823603	0.331714
2.300000	-0.408573	0.159648	-0.179452	0.400605	-0.822792	0.331115
2.320000	-0.439722	0.210726	-0.213182	0.399753	-0.822059	0.330314
2.340000	-0.467862	0.259334	-0.244628	0.398921	-0.821420	0.329325
2.360000	-0.492771	0.304584	-0.273025	0.398136	-0.820887	0.328164
2.380000	-0.514224	0.345591	-0.297610	0.397428	-0.820476	0.326847
2.400000	-0.532000	0.381468	-0.317618	0.396827	-0.820200	0.325387
2.420000	-0.545875	0.411329	-0.332286	0.396361	-0.820074	0.323800
2.440000	-0.555651	0.434360	-0.340917	0.396057	-0.820111	0.322102
2.460000	-0.561430	0.450605	-0.343611	0.395914	-0.820308	0.320312
2.480000	-0.563507	0.460663	-0.340985	0.395912	-0.820650	0.318450
