0.000000	-0.321120	-0.149642	-0.102313	1.047329	-0.109974	-0.106975
0.020000	-0.314749	-0.149063	-0.110958	1.047913	-0.109304	-0.107258
0.040000	-0.308902	-0.148811	-0.119107	1.048411	-0.108481	-0.107639
0.060000	-0.303672	-0.149006	-0.126536	1.048810	-0.107526	-0.108082
0.080000	-0.299153	-0.149764	-0.133018	1.049095	-0.106457	-0.108548
0.100000	-0.295438	-0.151207	-0.138330	1.049249	-0.105292	-0.108998
0.120000	-0.292621	-0.153453	-0.142246	1.049259	-0.104051	-0.109395
0.140000	-0.290794	-0.156620	-0.144541	1.049108	-0.102751	-0.109700
0.160000	-0.290050	-0.160828	-0.144990	1.048783	-0.101412	-0.109875
0.180000	-0.290440	-0.166115	-0.143473	1.048276	-0.100051	-0.109896
0.200000	-0.291886	-0.172284	-0.140173	1.047610	-0.098681	-0.109776
0.220000	-0.294288	-0.179100	-0.135328	1.046809	-0.097314	-0.109536
0.240000	-0.297546	-0.186323	-0.129176	1.045900	-0.095964	-0.109196
0.260000	-0.301562	-0.193718	-0.121953	1.044907	-0.094643	-0.108778
0.280000	-0.306236	-0.201047	-0.113898	1.043857	-0.093364	-0.108301
0.300000	-0.311467	-0.208072	-0.105248	1.042775	-0.092139	-0.107787
0.320000	-0.317156	-0.214557	-0.096239	1.041687	-0.090981	-0.107255
0.340000	-0.323203	-0.220263	-0.087111	1.040618	-0.089902	-0.106727
0.360000	-0.329510	-0.224954	-0.078099	1.039594	-0.088915	-0.106224
0.380000	-0.335975	-0.228392	-0.069443	1.038640	-0.088034	-0.105766
0.400000	-0.342500	-0.230340	-0.061378	1.037783	-0.087270	-0.105373
0.420000	-0.348985	-0.230561	-0.054143	1.037048	-0.086635	-0.105066
0.440000	-0.355330	-0.228818	-0.047975	1.036460	-0.086144	-0.104866
0.460000	-0.361435	-0.224872	-0.043112	1.036045	-0.085808	-0.104794
0.480000	-0.367202	-0.218488	-0.039790	1.035829	-0.085639	-0.104869
0.500000	-0.372529	-0.209426	-0.038248	1.035838	-0.085652	-0.105114
0.520000	-0.377319	-0.197492	-0.038701	1.036092	-0.085855	-0.105546
0.540000	-0.381483	-0.182909	-0.041136	1.036575	-0.086236	-0.106168
0.560000	-0.384939	-0.166156	-0.045403	1.037242	-0.086767	-0.106971
0.580000	-0.387604	-0.147712	-0.051351	1.038053	-0.087421	-0.107948
0.600000	-0.389395	-0.128059	-0.058830	1.038964	-0.088169	-0.109090
0.620000	-0.390231	-0.107677	-0.067686	1.039933	-0.088984	-0.110389
0.640000	-0.390030	-0.087047	-0.077771	1.040917	-0.089838	-0.111836
0.660000	-0.388708	-0.066648	-0.088931	1.041874	-0.090704	-0.113424
0.680000	-0.386183	-0.046962	-0.101016	1.042761	-0.091554	-0.115144
0.700000	-0.382374	-0.028470	-0.113874	1.043536	-0.092360	-0.116987
0.720000	-0.377198	-0.011651	-0.127355	1.044155	-0.093094	-0.118946
0.740000	-0.370571	0.003013	-0.141306	1.044576	-0.093729	-0.121012
0.760000	-0.362413	0.015042	-0.155578	1.044758	-0.094237	-0.123177
0.780000	-0.352641	0.023956	-0.170017	1.044656	-0.094591	-0.125432
0.800000	-0.341171	0.029273	-0.184474	1.044229	-0.094762	-0.127770
0.820000	-0.327923	0.030514	-0.198796	1.043435	-0.094723	-0.130182
0.840000	-0.312870	0.027357	-0.212826	1.042248	-0.094456	-0.132655
0.860000	-0.296201	0.020078	-0.226385	1.040720	-0.093980	-0.135154
0.880000	-0.278150	0.009093	-0.239284	1.038914	-0.093322	-0.137640
0.900000	-0.258957	-0.005183	-0.251340	1.036897	-0.092510	-0.140075
0.920000	-0.238857	-0.022336	-0.262365	1.034733	-0.091570	-0.142419
0.940000	-0.218088	-0.041949	-0.272173	1.032489	-0.090530	-0.144634
0.960000	-0.196886	-0.063607	-0.280579	1.030231	-0.089418	-0.146682
0.980000	-0.175488	-0.086895	-0.287396	1.028022	-0.088260	-0.148522
1.000000	-0.154133	-0.111399	-0.292439	1.025930	-0.087084	-0.150116
1.020000	-0.133055	-0.136702	-0.295521	1.024019	-0.085918	-0.151425
1.040000	-0.112493	-0.162389	-0.296456	1.022356	-0.084788	-0.152411
1.060000	-0.092682	-0.188046	-0.295058	1.021005	-0.083722	-0.153035
1.080000	-0.073861	-0.213256	-0.291141	1.020032	-0.082748	-0.153257
1.100000	-0.056266	-0.237605	-0.284520	1.019503	-0.081892	-0.153038
1.120000	-0.040135	-0.260677	-0.275007	1.019484	-0.081181	-0.152341
1.140000	-0.025701	-0.282060	-0.262423	1.020038	-0.080644	-0.151126
1.160000	-0.013115	-0.301491	-0.246835	1.021178	-0.080292	-0.149402
1.180000	-0.002400	-0.318932	-0.228684	1.022839	-0.080114	-0.147241
1.200000	0.006435	-0.334360	-0.208441	1.024950	-0.080099	-0.144724
1.220000	0.013378	-0.347756	-0.186578	1.027440	-0.080234	-0.141930
1.240000	0.018416	-0.359097	-0.163565	1.030238	-0.080508	-0.138939
1.260000	0.021539	-0.368363	-0.139872	1.033271	-0.080909	-0.135830
1.280000	0.022734	-0.375532	-0.115972	1.036469	-0.081423	-0.132683
1.300000	0.021992	-0.380583	-0.092335	1.039761	-0.082040	-0.129577
1.320000	0.019299	-0.383495	-0.069432	1.043075	-0.082747	-0.126591
1.340000	0.014645	-0.384247	-0.047733	1.046340	-0.083532	-0.123807
1.360000	0.008018	-0.382817	-0.027711	1.049485	-0.084383	-0.121302
1.380000	-0.000593	-0.379185	-0.009834	1.052438	-0.085288	-0.119157
1.400000	-0.011200	-0.373329	0.005424	1.055128	-0.086235	-0.117451
1.420000	-0.023814	-0.365228	0.017594	1.057484	-0.087212	-0.116263
1.440000	-0.038447	-0.354861	0.026204	1.059435	-0.088206	-0.115674
1.460000	-0.055110	-0.342207	0.030784	1.060909	-0.089207	-0.115762
1.480000	-0.073751	-0.327270	0.031062	1.061861	-0.090201	-0.116571
1.500000	-0.094126	-0.310133	0.027362	1.062323	-0.091181	-0.118031
1.520000	-0.115954	-0.290892	0.020125	1.062341	-0.092139	-0.120053
1.540000	-0.138956	-0.269645	0.009787	1.061962	-0.093066	-0.122548
1.560000	-0.162852	-0.246488	-0.003213	1.061233	-0.093954	-0.125425
1.580000	-0.187361	-0.221518	-0.018437	1.060200	-0.094795	-0.128595
1.600000	-0.212204	-0.194833	-0.035447	1.058909	-0.095580	-0.131968
1.620000	-0.237101	-0.166529	-0.053805	1.057409	-0.096302	-0.135455
1.640000	-0.261771	-0.136703	-0.073072	1.055744	-0.096951	-0.138967
1.660000	-0.285934	-0.105452	-0.092811	1.053961	-0.097521	-0.142412
1.680000	-0.309311	-0.072873	-0.112583	1.052108	-0.098002	-0.145703
1.700000	-0.331621	-0.039063	-0.131949	1.050231	-0.098386	-0.148749
1.720000	-0.352584	-0.004118	-0.150473	1.048375	-0.098666	-0.151460
1.740000	-0.371920	0.031864	-0.167716	1.046589	-0.098832	-0.153747
1.760000	-0.389350	0.068786	-0.183239	1.044918	-0.098877	-0.155521
1.780000	-0.404650	0.106486	-0.196700	1.043400	-0.098796	-0.156715
1.800000	-0.417827	0.144536	-0.208137	1.042037	-0.098598	-0.157362
1.820000	-0.428945	0.182444	-0.217682	1.040820	-0.098296	-0.157516
1.840000	-0.438067	0.219719	-0.225468	1.039742	-0.097902	-0.157231
1.860000	-0.445256	0.255867	-0.231627	1.038796	-0.097430	-0.156564
1.880000	-0.450576	0.290397	-0.236290	1.037974	-0.096892	-0.155568
1.900000	-0.454089	0.322816	-0.239590	1.037269	-0.096301	-0.154300
1.920000	-0.455860	0.352632	-0.241660	1.036672	-0.095670	-0.152814
1.940000	-0.455952	0.379354	-0.242631	1.036177	-0.095010	-0.151165
1.960000	-0.454427	0.402488	-0.242636	1.035775	-0.094336	-0.149407
1.980000	-0.451350	0.421543	-0.241806	1.035459	-0.093660	-0.147597
2.000000	-0.446783	0.436026	-0.240275	1.035222	-0.092994	-0.145789
2.020000	-0.440791	0.445446	-0.238175	1.035055	-0.092351	-0.144038
2.040000	-0.433435	0.449309	-0.235637	1.034952	-0.091745	-0.142399
2.060000	-0.424781	0.447124	-0.232794	1.034905	-0.091187	-0.140927
2.080000	-0.414890	0.438399	-0.229778	1.034905	-0.090690	-0.139677
2.100000	-0.403838	0.422742	-0.226715	1.034947	-0.090266	-0.138699
2.120000	-0.391798	0.400638	-0.223664	1.035026	-0.089915	-0.137986
2.140000	-0.378991	0.373029	-0.220656	1.035141	-0.089632	-0.137507
2.160000	-0.365643	0.340859	-0.217718	1.035289	-0.089409	-0.137230
2.180000	-0.351976	0.305071	-0.214879	1.035470	-0.089241	-0.137121
2.200000	-0.338215	0.266611	-0.212167	1.035681	-0.089123	-0.137149
2.220000	-0.324583	0.226422	-0.209610	1.035921	-0.089048	-0.137280
2.240000	-0.311303	0.185450	-0.207237	1.036188	-0.089010	-0.137482
2.260000	-0.298600	0.144637	-0.205075	1.036480	-0.089003	-0.137722
2.280000	-0.286697	0.104929	-0.203154	1.036796	-0.089022	-0.137968
2.300000	-0.275818	0.067270	-0.201501	1.037133	-0.089061	-0.138187
2.320000	-0.266186	0.032603	-0.200144	1.037491	-0.089113	-0.138347
2.340000	-0.258025	0.001874	-0.199113	1.037867	-0.089172	-0.138414
2.360000	-0.251558	-0.023973	-0.198435	1.038260	-0.089233	-0.138357
2.380000	-0.247011	-0.043994	-0.198138	1.038668	-0.089291	-0.138143
2.400000	-0.244605	-0.057246	-0.198251	1.039089	-0.089338	-0.137738
2.420000	-0.244554	-0.062821	-0.198800	1.039522	-0.089368	-0.137113
2.440000	-0.246814	-0.060740	-0.199758	1.039961	-0.089382	-0.136264
2.460000	-0.251080	-0.051957	-0.201045	1.040401	-0.089381	-0.135221
2.480000	-0.257037	-0.037469	-0.202578	1.040834	-0.089369	-0.134013
2.500000	-0.264367	-0.018273	-0.204275	1.041252	-0.089348	-0.132671
2.520000	-0.272755	0.004632	-0.206052	1.041650	-0.089322	-0.131223
2.540000	-0.281885	0.030251	-0.207827	1.042019	-0.089293	-0.129699
2.560000	-0.291440	0.057586	-0.209517	1.042353	-0.089265	-0.128130
2.580000	-0.301104	0.085640	-0.211039	1.042645	-0.089241	-0.126545
2.600000	-0.310561	0.113415	-0.212312	1.042887	-0.089224	-0.124974
2.620000	-0.319496	0.139915	-0.213251	1.043073	-0.089217	-0.123446
2.640000	-0.327590	0.164142	-0.213775	1.043195	-0.089223	-0.121992
2.660000	-0.334529	0.185099	-0.213800	1.043247	-0.089244	-0.120640
2.680000	-0.339997	0.201789	-0.213244	1.043221	-0.089285	-0.119422
2.700000	-0.343676	0.213215	-0.212024	1.043111	-0.089348	-0.118366
2.720000	-0.345252	0.218379	-0.210057	1.042908	-0.089436	-0.117503
2.740000	-0.344407	0.216285	-0.207262	1.042607	-0.089553	-0.116861
2.760000	-0.340861	0.206036	-0.203565	1.042201	-0.089701	-0.116469
2.780000	-0.334754	0.187942	-0.199037	1.041698	-0.089878	-0.116321
2.800000	-0.326502	0.163108	-0.193834	1.041115	-0.090083	-0.116388
2.820000	-0.316529	0.132649	-0.188119	1.040469	-0.090313	-0.116645
2.840000	-0.305255	0.097683	-0.182052	1.039779	-0.090563	-0.117064
