0.000000	-0.315514	0.238660	-0.199796	1.035537	-0.078232	-0.148424
0.020000	-0.310223	0.237774	-0.199793	1.035481	-0.078629	-0.148017
0.040000	-0.304304	0.234673	-0.198870	1.035639	-0.079096	-0.147463
0.060000	-0.297880	0.229624	-0.197190	1.035991	-0.079620	-0.146783
0.080000	-0.291074	0.222893	-0.194917	1.036516	-0.080190	-0.145996
0.100000	-0.284008	0.214747	-0.192215	1.037193	-0.080793	-0.145122
0.120000	-0.276803	0.205454	-0.189248	1.038001	-0.081417	-0.144182
0.140000	-0.269583	0.195279	-0.186179	1.038919	-0.082049	-0.143195
0.160000	-0.262468	0.184489	-0.183173	1.039927	-0.082679	-0.142183
0.180000	-0.255583	0.173351	-0.180394	1.041002	-0.083293	-0.141165
0.200000	-0.249048	0.162133	-0.178005	1.042126	-0.083880	-0.140160
0.220000	-0.242985	0.151099	-0.176170	1.043276	-0.084426	-0.139191
0.240000	-0.237518	0.140518	-0.175054	1.044432	-0.084921	-0.138275
0.260000	-0.232768	0.130656	-0.174819	1.045573	-0.085352	-0.137435
0.280000	-0.228858	0.121779	-0.175631	1.046677	-0.085707	-0.136689
0.300000	-0.225872	0.114086	-0.177597	1.047730	-0.085977	-0.136053
0.320000	-0.223763	0.107538	-0.180624	1.048728	-0.086165	-0.135526
0.340000	-0.222455	0.102041	-0.184578	1.049675	-0.086279	-0.135101
0.360000	-0.221873	0.097502	-0.189325	1.050572	-0.086324	-0.134774
0.380000	-0.221940	0.093829	-0.194728	1.051421	-0.086307	-0.134538
0.400000	-0.222581	0.090930	-0.200652	1.052226	-0.086233	-0.134388
0.420000	-0.223720	0.088711	-0.206964	1.052987	-0.086110	-0.134318
0.440000	-0.225280	0.087079	-0.213527	1.053708	-0.085944	-0.134323
0.460000	-0.227186	0.085943	-0.220206	1.054389	-0.085740	-0.134397
0.480000	-0.229363	0.085208	-0.226867	1.055034	-0.085505	-0.134535
0.500000	-0.231733	0.084783	-0.233374	1.055645	-0.085245	-0.134731
0.520000	-0.234222	0.084575	-0.239593	1.056223	-0.084968	-0.134980
0.540000	-0.236753	0.084491	-0.245387	1.056770	-0.084678	-0.135275
0.560000	-0.239250	0.084438	-0.250623	1.057290	-0.084383	-0.135612
0.580000	-0.241638	0.084323	-0.255165	1.057784	-0.084088	-0.135984
0.600000	-0.243841	0.084055	-0.258878	1.058253	-0.083800	-0.136386
0.620000	-0.245786	0.083544	-0.261635	1.058701	-0.083524	-0.136813
0.640000	-0.247423	0.082747	-0.263381	1.059127	-0.083265	-0.137252
0.660000	-0.248717	0.081636	-0.264090	1.059530	-0.083024	-0.137690
0.680000	-0.249628	0.080185	-0.263738	1.059909	-0.082802	-0.138114
0.700000	-0.250119	0.078367	-0.262300	1.060263	-0.082603	-0.138510
0.720000	-0.250154	0.076157	-0.259751	1.060592	-0.082428	-0.138864
0.740000	-0.249694	0.073528	-0.256066	1.060894	-0.082278	-0.139164
0.760000	-0.248702	0.070453	-0.251222	1.061168	-0.082157	-0.139395
0.780000	-0.247140	0.066907	-0.245193	1.061414	-0.082065	-0.139544
0.800000	-0.244971	0.062862	-0.237955	1.061630	-0.082005	-0.139598
0.820000	-0.242157	0.058293	-0.229483	1.061816	-0.081979	-0.139542
0.840000	-0.238661	0.053173	-0.219753	1.061971	-0.081988	-0.139364
0.860000	-0.234445	0.047476	-0.208739	1.062094	-0.082036	-0.139050
0.880000	-0.229472	0.041176	-0.196418	1.062183	-0.082123	-0.138586
0.900000	-0.223704	0.034245	-0.182763	1.062238	-0.082252	-0.137960
0.920000	-0.217103	0.026658	-0.167752	1.062259	-0.082424	-0.137156
0.940000	-0.209639	0.018398	-0.151369	1.062243	-0.082642	-0.136164
0.960000	-0.201431	0.009635	-0.133790	1.062197	-0.082904	-0.134998
0.980000	-0.192728	0.000709	-0.115364	1.062129	-0.083206	-0.133698
1.000000	-0.183788	-0.008035	-0.096450	1.062049	-0.083544	-0.132305
1.020000	-0.174867	-0.016249	-0.077403	1.061966	-0.083913	-0.130860
1.040000	-0.166221	-0.023588	-0.058579	1.061891	-0.084309	-0.129403
1.060000	-0.158106	-0.029705	-0.040336	1.061832	-0.084728	-0.127975
1.080000	-0.150780	-0.034255	-0.023030	1.061800	-0.085165	-0.126617
1.100000	-0.144497	-0.036890	-0.007017	1.061803	-0.085616	-0.125370
1.120000	-0.139516	-0.037265	0.007346	1.061852	-0.086077	-0.124274
1.140000	-0.136092	-0.035033	0.019702	1.061956	-0.086544	-0.123371
1.160000	-0.134481	-0.029848	0.029695	1.062125	-0.087012	-0.122701
1.180000	-0.134939	-0.021365	0.036969	1.062368	-0.087477	-0.122304
1.200000	-0.137725	-0.009235	0.041166	1.062695	-0.087934	-0.122222
1.220000	-0.143092	0.006885	0.041930	1.063116	-0.088380	-0.122496
1.240000	-0.151299	0.027344	0.038905	1.063640	-0.088809	-0.123165
1.260000	-0.162526	0.052376	0.031821	1.064273	-0.089219	-0.124259
1.280000	-0.176503	0.081543	0.020943	1.065001	-0.089603	-0.125734
1.300000	-0.192787	0.114154	0.006733	1.065805	-0.089958	-0.127519
1.320000	-0.210935	0.149517	-0.010342	1.066662	-0.090278	-0.129541
1.340000	-0.230504	0.186939	-0.029820	1.067552	-0.090560	-0.131729
1.360000	-0.251054	0.225729	-0.051236	1.068453	-0.090798	-0.134012
1.380000	-0.272140	0.265194	-0.074125	1.069344	-0.090987	-0.136318
1.400000	-0.293321	0.304643	-0.098023	1.070204	-0.091124	-0.138575
1.420000	-0.314153	0.343384	-0.122466	1.071013	-0.091203	-0.140713
1.440000	-0.334195	0.380725	-0.146990	1.071748	-0.091220	-0.142658
1.460000	-0.353003	0.415973	-0.171129	1.072389	-0.091170	-0.144341
1.480000	-0.370136	0.448436	-0.194421	1.072915	-0.091048	-0.145689
1.500000	-0.385151	0.477423	-0.216400	1.073304	-0.090850	-0.146630
1.520000	-0.397605	0.502242	-0.236602	1.073536	-0.090571	-0.147094
1.540000	-0.407055	0.522200	-0.254563	1.073589	-0.090206	-0.147008
1.560000	-0.413061	0.536608	-0.269819	1.073443	-0.089751	-0.146301
1.580000	-0.415389	0.545116	-0.282084	1.073088	-0.089208	-0.144942
1.600000	-0.414285	0.548171	-0.291480	1.072544	-0.088598	-0.142993
1.620000	-0.410065	0.546326	-0.298185	1.071835	-0.087941	-0.140530
1.640000	-0.403042	0.540137	-0.302380	1.070985	-0.087259	-0.137627
1.660000	-0.393533	0.530159	-0.304244	1.070017	-0.086576	-0.134360
1.680000	-0.381851	0.516947	-0.303955	1.068956	-0.085911	-0.130803
1.700000	-0.368311	0.501058	-0.301694	1.067824	-0.085288	-0.127031
1.720000	-0.353228	0.483045	-0.297640	1.066646	-0.084728	-0.123121
1.740000	-0.336916	0.463464	-0.291971	1.065445	-0.084253	-0.119146
1.760000	-0.319690	0.442871	-0.284868	1.064245	-0.083885	-0.115183
1.780000	-0.301864	0.421820	-0.276510	1.063069	-0.083646	-0.111305
1.800000	-0.283754	0.400867	-0.267076	1.061942	-0.083558	-0.107589
1.820000	-0.265674	0.380566	-0.256745	1.060886	-0.083642	-0.104109
1.840000	-0.247938	0.361475	-0.245698	1.059927	-0.083920	-0.100940
1.860000	-0.230861	0.344146	-0.234112	1.059087	-0.084415	-0.098158
1.880000	-0.214758	0.329137	-0.222168	1.058390	-0.085148	-0.095838
1.900000	-0.199904	0.316875	-0.210035	1.057855	-0.086133	-0.094038
1.920000	-0.186389	0.307177	-0.197841	1.057476	-0.087343	-0.092738
1.940000	-0.174243	0.299673	-0.185697	1.057239	-0.088740	-0.091895
1.960000	-0.163497	0.293992	-0.173717	1.057132	-0.090284	-0.091463
1.980000	-0.154182	0.289762	-0.162014	1.057142	-0.091938	-0.091399
2.000000	-0.146329	0.286614	-0.150700	1.057255	-0.093661	-0.091659
2.020000	-0.139970	0.284177	-0.139889	1.057457	-0.095417	-0.092197
2.040000	-0.135135	0.282079	-0.129692	1.057736	-0.097165	-0.092971
2.060000	-0.131855	0.279950	-0.120224	1.058079	-0.098868	-0.093936
2.080000	-0.130162	0.277420	-0.111596	1.058471	-0.100485	-0.095047
2.100000	-0.130086	0.274118	-0.103922	1.058901	-0.101980	-0.096260
2.120000	-0.131659	0.269673	-0.097314	1.059354	-0.103312	-0.097532
2.140000	-0.134911	0.263714	-0.091886	1.059818	-0.104444	-0.098817
2.160000	-0.139874	0.255871	-0.087750	1.060279	-0.105336	-0.100072
2.180000	-0.146578	0.245773	-0.085019	1.060724	-0.105949	-0.101252
2.200000	-0.155054	0.233051	-0.083805	1.061140	-0.106246	-0.102314
2.220000	-0.165207	0.217513	-0.084107	1.061517	-0.106210	-0.103231
2.240000	-0.176712	0.199299	-0.085717	1.061854	-0.105866	-0.104012
2.260000	-0.189216	0.178588	-0.088398	1.062150	-0.105246	-0.104671
2.280000	-0.202367	0.155558	-0.091919	1.062404	-0.104380	-0.105218
2.300000	-0.215812	0.130387	-0.096045	1.062614	-0.103298	-0.105666
2.320000	-0.229200	0.103252	-0.100541	1.062779	-0.102032	-0.106029
2.340000	-0.242177	0.074333	-0.105175	1.062899	-0.100611	-0.106318
2.360000	-0.254392	0.043806	-0.109712	1.062973	-0.099067	-0.106547
2.380000	-0.265492	0.011851	-0.113918	1.062999	-0.097429	-0.106726
2.400000	-0.275125	-0.021356	-0.117560	1.062976	-0.095729	-0.106869
2.420000	-0.282939	-0.055635	-0.120404	1.062904	-0.093997	-0.106989
2.440000	-0.288580	-0.090809	-0.122216	1.062782	-0.092264	-0.107097
2.460000	-0.291698	-0.126700	-0.122762	1.062608	-0.090560	-0.107207
2.480000	-0.291940	-0.163130	-0.121808	1.062381	-0.088915	-0.107330
2.500000	-0.288953	-0.199920	-0.119120	1.062100	-0.087361	-0.107480
2.520000	-0.282385	-0.236893	-0.114465	1.061765	-0.085928	-0.107667
2.540000	-0.272052	-0.273805	-0.107707	1.061375	-0.084640	-0.107903
2.560000	-0.258431	-0.310160	-0.099098	1.060934	-0.083497	-0.108183
2.580000	-0.242158	-0.345397	-0.088984	1.060447	-0.082491	-0.108501
2.600000	-0.223871	-0.378956	-0.077711	1.059918	-0.081617	-0.108850
2.620000	-0.204208	-0.410277	-0.065626	1.059352	-0.080867	-0.109224
2.640000	-0.183806	-0.438800	-0.053074	1.058754	-0.080235	-0.109616
2.660000	-0.163303	-0.463966	-0.040401	1.058128	-0.079714	-0.110020
