0.000000	-0.175005	0.126982	-0.309602	1.035058	-0.076076	-0.134056
0.020000	-0.178280	0.151006	-0.316753	1.035145	-0.076056	-0.133721
0.040000	-0.186522	0.176401	-0.323105	1.035537	-0.076215	-0.133473
0.060000	-0.199037	0.202694	-0.328598	1.036190	-0.076532	-0.133310
0.080000	-0.215135	0.229409	-0.333172	1.037062	-0.076983	-0.133230
0.100000	-0.234125	0.256072	-0.336765	1.038112	-0.077546	-0.133231
0.120000	-0.255314	0.282207	-0.339317	1.039294	-0.078200	-0.133313
0.140000	-0.278012	0.307339	-0.340768	1.040569	-0.078922	-0.133472
0.160000	-0.301528	0.330995	-0.341055	1.041891	-0.079689	-0.133709
0.180000	-0.325170	0.352698	-0.340119	1.043219	-0.080480	-0.134021
0.200000	-0.348246	0.371975	-0.337899	1.044511	-0.081272	-0.134407
0.220000	-0.370065	0.388349	-0.334334	1.045722	-0.082043	-0.134865
0.240000	-0.389937	0.401347	-0.329363	1.046811	-0.082770	-0.135394
0.260000	-0.407169	0.410493	-0.322926	1.047736	-0.083432	-0.135991
0.280000	-0.421071	0.415313	-0.314961	1.048452	-0.084005	-0.136656
0.300000	-0.430950	0.415331	-0.305408	1.048918	-0.084469	-0.137387
0.320000	-0.436122	0.410078	-0.294208	1.049091	-0.084800	-0.138182
0.340000	-0.436350	0.399484	-0.281426	1.048957	-0.084990	-0.139033
0.360000	-0.432168	0.384165	-0.267336	1.048550	-0.085054	-0.139920
0.380000	-0.424183	0.364803	-0.252235	1.047908	-0.085009	-0.140821
0.400000	-0.413005	0.342080	-0.236421	1.047071	-0.084870	-0.141715
0.420000	-0.399240	0.316678	-0.220188	1.046076	-0.084656	-0.142582
0.440000	-0.383499	0.289279	-0.203833	1.044963	-0.084382	-0.143399
0.460000	-0.366388	0.260565	-0.187653	1.043770	-0.084066	-0.144147
0.480000	-0.348516	0.231219	-0.171944	1.042536	-0.083724	-0.144803
0.500000	-0.330492	0.201922	-0.157003	1.041299	-0.083374	-0.145347
0.520000	-0.312923	0.173357	-0.143125	1.040099	-0.083031	-0.145756
0.540000	-0.296417	0.146205	-0.130607	1.038972	-0.082713	-0.146011
0.560000	-0.281584	0.121150	-0.119746	1.037960	-0.082436	-0.146090
0.580000	-0.269031	0.098872	-0.110838	1.037099	-0.082218	-0.145972
0.600000	-0.259367	0.080055	-0.104179	1.036428	-0.082075	-0.145635
0.620000	-0.253199	0.065379	-0.100065	1.035987	-0.082023	-0.145059
0.640000	-0.251097	0.055481	-0.098764	1.035812	-0.082079	-0.144224
0.660000	-0.253092	0.050336	-0.100155	1.035903	-0.082240	-0.143148
0.680000	-0.258827	0.049451	-0.103833	1.036237	-0.082490	-0.141872
0.700000	-0.267936	0.052317	-0.109388	1.036790	-0.082813	-0.140439
0.720000	-0.280053	0.058429	-0.116410	1.037538	-0.083194	-0.138892
0.740000	-0.294812	0.067279	-0.124487	1.038456	-0.083616	-0.137274
0.760000	-0.311847	0.078362	-0.133211	1.039521	-0.084064	-0.135626
0.780000	-0.330792	0.091170	-0.142170	1.040708	-0.084522	-0.133991
0.800000	-0.351281	0.105197	-0.150954	1.041993	-0.084973	-0.132413
0.820000	-0.372948	0.119937	-0.159154	1.043352	-0.085403	-0.130933
0.840000	-0.395428	0.134882	-0.166358	1.044761	-0.085796	-0.129595
0.860000	-0.418355	0.149526	-0.172156	1.046195	-0.086134	-0.128441
0.880000	-0.441361	0.163363	-0.176138	1.047630	-0.086404	-0.127513
0.900000	-0.464082	0.175886	-0.177893	1.049042	-0.086588	-0.126855
0.920000	-0.486152	0.186588	-0.177012	1.050408	-0.086670	-0.126508
0.940000	-0.507211	0.194981	-0.173103	1.051702	-0.086637	-0.126514
0.960000	-0.527033	0.200949	-0.166167	1.052912	-0.086487	-0.126873
0.980000	-0.545512	0.204716	-0.156566	1.054030	-0.086235	-0.127549
1.000000	-0.562550	0.206521	-0.144675	1.055052	-0.085895	-0.128506
1.020000	-0.578046	0.206602	-0.130869	1.055973	-0.085481	-0.129705
1.040000	-0.591901	0.205198	-0.115522	1.056787	-0.085009	-0.131110
1.060000	-0.604015	0.202547	-0.099012	1.057489	-0.084492	-0.132684
1.080000	-0.614288	0.198887	-0.081712	1.058073	-0.083944	-0.134388
1.100000	-0.622619	0.194456	-0.063997	1.058535	-0.083381	-0.136186
1.120000	-0.628910	0.189494	-0.046244	1.058868	-0.082817	-0.138041
1.140000	-0.633061	0.184238	-0.028827	1.059067	-0.082265	-0.139916
1.160000	-0.634971	0.178926	-0.012122	1.059128	-0.081742	-0.141772
1.180000	-0.634541	0.173797	0.003497	1.059044	-0.081260	-0.143573
1.200000	-0.631671	0.169089	0.017654	1.058810	-0.080835	-0.145282
1.220000	-0.626261	0.165041	0.029974	1.058422	-0.080480	-0.146861
1.240000	-0.618211	0.161890	0.040081	1.057873	-0.080211	-0.148274
1.260000	-0.607424	0.159874	0.047604	1.057159	-0.080042	-0.149482
1.280000	-0.593939	0.159083	0.052358	1.056283	-0.079978	-0.150467
1.300000	-0.578051	0.159342	0.054510	1.055270	-0.080012	-0.151245
1.320000	-0.560078	0.160450	0.054258	1.054144	-0.080131	-0.151834
1.340000	-0.540341	0.162204	0.051804	1.052930	-0.080326	-0.152252
1.360000	-0.519158	0.164403	0.047346	1.051652	-0.080586	-0.152517
1.380000	-0.496848	0.166844	0.041086	1.050336	-0.080901	-0.152648
1.400000	-0.473733	0.169325	0.033223	1.049006	-0.081259	-0.152664
1.420000	-0.450130	0.171645	0.023957	1.047687	-0.081651	-0.152582
1.440000	-0.426359	0.173601	0.013490	1.046405	-0.082066	-0.152421
1.460000	-0.402740	0.174992	0.002020	1.045183	-0.082493	-0.152200
1.480000	-0.379593	0.175615	-0.010252	1.044047	-0.082922	-0.151937
1.500000	-0.357236	0.175268	-0.023125	1.043022	-0.083342	-0.151649
1.520000	-0.335989	0.173749	-0.036400	1.042132	-0.083743	-0.151357
1.540000	-0.316172	0.170857	-0.049877	1.041402	-0.084113	-0.151077
1.560000	-0.298104	0.166389	-0.063355	1.040857	-0.084443	-0.150829
1.580000	-0.282105	0.160142	-0.076634	1.040522	-0.084722	-0.150631
1.600000	-0.268415	0.152008	-0.089533	1.040412	-0.084943	-0.150497
1.620000	-0.256983	0.142221	-0.101941	1.040505	-0.085111	-0.150425
1.640000	-0.247687	0.131095	-0.113765	1.040770	-0.085232	-0.150410
1.660000	-0.240409	0.118945	-0.124910	1.041176	-0.085315	-0.150448
1.680000	-0.235027	0.106085	-0.135282	1.041692	-0.085368	-0.150532
1.700000	-0.231422	0.092831	-0.144788	1.042288	-0.085399	-0.150658
1.720000	-0.229472	0.079497	-0.153332	1.042933	-0.085414	-0.150821
1.740000	-0.229057	0.066398	-0.160822	1.043596	-0.085422	-0.151015
1.760000	-0.230057	0.053849	-0.167163	1.044246	-0.085431	-0.151235
1.780000	-0.232352	0.042164	-0.172261	1.044853	-0.085448	-0.151476
1.800000	-0.235821	0.031658	-0.176023	1.045385	-0.085480	-0.151733
1.820000	-0.240343	0.022646	-0.178353	1.045812	-0.085536	-0.152000
1.840000	-0.245799	0.015442	-0.179158	1.046104	-0.085624	-0.152273
1.860000	-0.252068	0.010362	-0.178344	1.046229	-0.085750	-0.152546
1.880000	-0.259030	0.007719	-0.175817	1.046156	-0.085923	-0.152814
1.900000	-0.266563	0.007739	-0.171527	1.045862	-0.086149	-0.153072
1.920000	-0.274549	0.010193	-0.165642	1.045361	-0.086420	-0.153319
1.940000	-0.282865	0.014718	-0.158396	1.044676	-0.086729	-0.153553
1.960000	-0.291390	0.020948	-0.150026	1.043830	-0.087066	-0.153774
1.980000	-0.300005	0.028518	-0.140765	1.042849	-0.087422	-0.153981
2.000000	-0.308589	0.037063	-0.130848	1.041756	-0.087787	-0.154173
2.020000	-0.317020	0.046219	-0.120512	1.040576	-0.088154	-0.154349
2.040000	-0.325177	0.055619	-0.109990	1.039331	-0.088511	-0.154508
2.060000	-0.332941	0.064899	-0.099519	1.038047	-0.088851	-0.154649
2.080000	-0.340190	0.073693	-0.089332	1.036748	-0.089163	-0.154771
2.100000	-0.346804	0.081638	-0.079664	1.035456	-0.089440	-0.154874
2.120000	-0.352661	0.088367	-0.070752	1.034198	-0.089671	-0.154956
2.140000	-0.357641	0.093515	-0.062829	1.032996	-0.089848	-0.155017
2.160000	-0.361623	0.096718	-0.056132	1.031874	-0.089961	-0.155055
2.180000	-0.364487	0.097610	-0.050894	1.030858	-0.090001	-0.155069
2.200000	-0.366111	0.095827	-0.047351	1.029969	-0.089960	-0.155060
2.220000	-0.366375	0.091003	-0.045737	1.029234	-0.089827	-0.155025
2.240000	-0.365225	0.082964	-0.046188	1.028669	-0.089598	-0.154965
2.260000	-0.362804	0.072113	-0.048536	1.028275	-0.089281	-0.154881
2.280000	-0.359295	0.058958	-0.052555	1.028048	-0.088886	-0.154778
2.300000	-0.354879	0.044011	-0.058022	1.027983	-0.088423	-0.154656
2.320000	-0.349739	0.027780	-0.064711	1.028077	-0.087903	-0.154520
2.340000	-0.344057	0.010776	-0.072398	1.028326	-0.087337	-0.154370
2.360000	-0.338013	-0.006492	-0.080859	1.028727	-0.086733	-0.154211
2.380000	-0.331791	-0.023514	-0.089868	1.029276	-0.086103	-0.154045
2.400000	-0.325573	-0.039780	-0.099202	1.029969	-0.085457	-0.153875
2.420000	-0.319539	-0.054780	-0.108635	1.030801	-0.084806	-0.153703
2.440000	-0.313873	-0.068005	-0.117943	1.031770	-0.084159	-0.153531
2.460000	-0.308755	-0.078944	-0.126902	1.032872	-0.083526	-0.153363
2.480000	-0.304368	-0.087088	-0.135286	1.034102	-0.082919	-0.153202
2.500000	-0.300894	-0.091927	-0.142871	1.035458	-0.082348	-0.153049
2.520000	-0.298515	-0.092951	-0.149433	1.036934	-0.081822	-0.152907
2.540000	-0.297408	-0.089664	-0.154751	1.038528	-0.081352	-0.152780
2.560000	-0.297600	-0.082027	-0.158760	1.040222	-0.080946	-0.152667
2.580000	-0.298935	-0.070562	-0.161585	1.041986	-0.080605	-0.152562
2.600000	-0.301242	-0.055826	-0.163362	1.043787	-0.080334	-0.152463
2.620000	-0.304355	-0.038375	-0.164228	1.045592	-0.080134	-0.152364
2.640000	-0.308104	-0.018766	-0.164319	1.047370	-0.080010	-0.152261
2.660000	-0.312320	0.002443	-0.163771	1.049088	-0.079963	-0.152149
2.680000	-0.316836	0.024697	-0.162721	1.050714	-0.079997	-0.152024
2.700000	-0.321482	0.047439	-0.161305	1.052215	-0.080115	-0.151881
2.720000	-0.326089	0.070111	-0.159660	1.053560	-0.080319	-0.151716
2.740000	-0.330490	0.092157	-0.157921	1.054715	-0.080613	-0.151524
2.760000	-0.334514	0.113021	-0.156226	1.055649	-0.080999	-0.151302
2.780000	-0.337995	0.132146	-0.154710	1.056329	-0.081480	-0.151043
2.800000	-0.340763	0.148974	-0.153510	1.056723	-0.082060	-0.150745
2.820000	-0.342650	0.162950	-0.152762	1.056799	-0.082741	-0.150402
2.840000	-0.343486	0.173516	-0.152603	1.056525	-0.083526	-0.150009
2.860000	-0.343126	0.180176	-0.153153	1.055873	-0.084417	-0.149564
2.880000	-0.341617	0.182962	-0.154390	1.054866	-0.085403	-0.149068
2.900000	-0.339107	0.182177	-0.156220	1.053554	-0.086471	-0.148526
2.920000	-0.335745	0.178129	-0.158548	1.051984	-0.087605	-0.147944
2.940000	-0.331679	0.171124	-0.161279	1.050206	-0.088788	-0.147327
2.960000	-0.327058	0.161468	-0.164317	1.048268	-0.090007	-0.146680
2.980000	-0.322030	0.149469	-0.167567	1.046219	-0.091246	-0.146009
3.000000	-0.316746	0.135433	-0.170935	1.044108	-0.092489	-0.145318
3.020000	-0.311352	0.119666	-0.174324	1.041983	-0.093721	-0.144613
3.040000	-0.305999	0.102475	-0.177641	1.039892	-0.094927	-0.143899
3.060000	-0.300834	0.084167	-0.180788	1.037886	-0.096091	-0.143182
3.080000	-0.296007	0.065048	-0.183673	1.036011	-0.097199	-0.142466
3.100000	-0.291666	0.045426	-0.186198	1.034318	-0.098235	-0.141758
3.120000	-0.287960	0.025606	-0.188270	1.032854	-0.099183	-0.141061
3.140000	-0.285037	0.005895	-0.189793	1.031669	-0.100028	-0.140382
3.160000	-0.283047	-0.013400	-0.190671	1.030811	-0.100756	-0.139726
3.180000	-0.282133	-0.031974	-0.190814	1.030328	-0.101351	-0.139098
3.200000	-0.282316	-0.049548	-0.190223	1.030227	-0.101807	-0.138503
3.220000	-0.283495	-0.065871	-0.188993	1.030480	-0.102130	-0.137950
3.240000	-0.285562	-0.080696	-0.187224	1.031056	-0.102323	-0.137444
3.260000	-0.288410	-0.093771	-0.185015	1.031923	-0.102391	-0.136994
3.280000	-0.291932	-0.104849	-0.182466	1.033051	-0.102340	-0.136605
3.300000	-0.296019	-0.113678	-0.179676	1.034406	-0.102173	-0.136284
3.320000	-0.300565	-0.120012	-0.176746	1.035960	-0.101896	-0.136039
3.340000	-0.305462	-0.123598	-0.173773	1.037680	-0.101513	-0.135877
3.360000	-0.310603	-0.124190	-0.170859	1.039535	-0.101028	-0.135804
3.380000	-0.315880	-0.121537	-0.168103	1.041493	-0.100448	-0.135827
3.400000	-0.321185	-0.115389	-0.165603	1.043525	-0.099775	-0.135954
3.420000	-0.326412	-0.105498	-0.163460	1.045597	-0.099015	-0.136190
3.440000	-0.331452	-0.091614	-0.161774	1.047680	-0.098173	-0.136544
3.460000	-0.336199	-0.073488	-0.160643	1.049741	-0.097253	-0.137021
3.480000	-0.340544	-0.050871	-0.160167	1.051751	-0.096259	-0.137630
3.500000	-0.344382	-0.023515	-0.160446	1.053676	-0.095198	-0.138376
3.520000	-0.347627	0.008477	-0.161511	1.055493	-0.094076	-0.139257
3.540000	-0.350244	0.044308	-0.163257	1.057188	-0.092908	-0.140250
3.560000	-0.352203	0.083098	-0.165564	1.058748	-0.091710	-0.141330
3.580000	-0.353472	0.123968	-0.168314	1.060163	-0.090497	-0.142473
3.600000	-0.354022	0.166038	-0.171386	1.061420	-0.089284	-0.143654
3.620000	-0.353820	0.208428	-0.174660	1.062508	-0.088087	-0.144847
3.640000	-0.352838	0.250259	-0.178016	1.063414	-0.086921	-0.146028
3.660000	-0.351044	0.290651	-0.181334	1.064126	-0.085801	-0.147172
3.680000	-0.348408	0.328724	-0.184495	1.064634	-0.084742	-0.148254
3.700000	-0.344899	0.363599	-0.187378	1.064924	-0.083761	-0.149249
3.720000	-0.340486	0.394395	-0.189864	1.064985	-0.082872	-0.150133
3.740000	-0.335140	0.420233	-0.191832	1.064805	-0.082092	-0.150880
