0.000000	-0.194726	0.085005	-0.103159	1.048899	-0.084601	-0.137967
0.020000	-0.198054	0.094679	-0.102229	1.047812	-0.083657	-0.138483
0.040000	-0.201885	0.103604	-0.101439	1.046840	-0.082804	-0.138866
0.060000	-0.206243	0.111576	-0.100779	1.046011	-0.082084	-0.139096
0.080000	-0.211156	0.118390	-0.100237	1.045353	-0.081535	-0.139156
0.100000	-0.216650	0.123844	-0.099804	1.044894	-0.081199	-0.139028
0.120000	-0.222752	0.127734	-0.099470	1.044663	-0.081115	-0.138695
0.140000	-0.229487	0.129855	-0.099222	1.044688	-0.081323	-0.138138
0.160000	-0.236847	0.130084	-0.099060	1.044984	-0.081846	-0.137352
0.180000	-0.244714	0.128557	-0.099003	1.045522	-0.082645	-0.136365
0.200000	-0.252943	0.125460	-0.099078	1.046267	-0.083672	-0.135214
0.220000	-0.261393	0.120984	-0.099310	1.047182	-0.084876	-0.133937
0.240000	-0.269921	0.115315	-0.099726	1.048230	-0.086209	-0.132569
0.260000	-0.278383	0.108643	-0.100352	1.049375	-0.087622	-0.131149
0.280000	-0.286638	0.101156	-0.101213	1.050580	-0.089063	-0.129712
0.300000	-0.294543	0.093041	-0.102335	1.051809	-0.090485	-0.128297
0.320000	-0.301954	0.084488	-0.103744	1.053026	-0.091837	-0.126939
0.340000	-0.308730	0.075684	-0.105466	1.054193	-0.093070	-0.125675
0.360000	-0.314727	0.066818	-0.107528	1.055274	-0.094135	-0.124542
0.380000	-0.319804	0.058078	-0.109955	1.056232	-0.094982	-0.123578
0.400000	-0.323816	0.049653	-0.112773	1.057032	-0.095561	-0.122819
0.420000	-0.326622	0.041730	-0.116007	1.057636	-0.095824	-0.122302
0.440000	-0.328078	0.034498	-0.119685	1.058008	-0.095721	-0.122064
0.460000	-0.328047	0.028144	-0.123829	1.058113	-0.095202	-0.122140
0.480000	-0.326562	0.022811	-0.128403	1.057944	-0.094264	-0.122530
0.500000	-0.323884	0.018583	-0.133283	1.057535	-0.092959	-0.123183
0.520000	-0.320287	0.015541	-0.138344	1.056923	-0.091340	-0.124047
0.540000	-0.316048	0.013765	-0.143457	1.056146	-0.089466	-0.125068
0.560000	-0.311443	0.013334	-0.148496	1.055239	-0.087391	-0.126192
0.580000	-0.306747	0.014330	-0.153333	1.054239	-0.085170	-0.127366
0.600000	-0.302237	0.016832	-0.157842	1.053184	-0.082861	-0.128536
0.620000	-0.298188	0.020921	-0.161895	1.052109	-0.080518	-0.129650
0.640000	-0.294875	0.026677	-0.165364	1.051052	-0.078197	-0.130654
0.660000	-0.292575	0.034181	-0.168123	1.050049	-0.075955	-0.131495
0.680000	-0.291564	0.043512	-0.170045	1.049137	-0.073846	-0.132118
0.700000	-0.292117	0.054751	-0.171002	1.048353	-0.071926	-0.132472
0.720000	-0.294510	0.067978	-0.170868	1.047733	-0.070252	-0.132502
0.740000	-0.299018	0.083273	-0.169514	1.047314	-0.068879	-0.132155
0.760000	-0.305918	0.100717	-0.166814	1.047133	-0.067863	-0.131377
0.780000	-0.315486	0.120390	-0.162641	1.047226	-0.067259	-0.130116
0.800000	-0.327974	0.142356	-0.156877	1.047628	-0.067121	-0.128322
0.820000	-0.343239	0.166388	-0.149598	1.048328	-0.067446	-0.126018
0.840000	-0.360796	0.192012	-0.141039	1.049280	-0.068188	-0.123288
0.860000	-0.380151	0.218745	-0.131442	1.050432	-0.069298	-0.120219
0.880000	-0.400809	0.246104	-0.121047	1.051737	-0.070727	-0.116897
0.900000	-0.422276	0.273608	-0.110097	1.053145	-0.072427	-0.113408
0.920000	-0.444055	0.300774	-0.098832	1.054607	-0.074348	-0.109839
0.940000	-0.465654	0.327118	-0.087495	1.056073	-0.076443	-0.106277
0.960000	-0.486576	0.352160	-0.076326	1.057495	-0.078661	-0.102807
0.980000	-0.506327	0.375415	-0.065567	1.058823	-0.080955	-0.099517
1.000000	-0.524413	0.396402	-0.055459	1.060008	-0.083275	-0.096492
1.020000	-0.540338	0.414639	-0.046244	1.061001	-0.085574	-0.093819
1.040000	-0.553608	0.429642	-0.038163	1.061753	-0.087801	-0.091585
1.060000	-0.563728	0.440929	-0.031458	1.062214	-0.089909	-0.089875
1.080000	-0.570202	0.448018	-0.026369	1.062336	-0.091848	-0.088777
1.100000	-0.572538	0.450426	-0.023139	1.062069	-0.093571	-0.088376
1.120000	-0.570342	0.447787	-0.021967	1.061375	-0.095034	-0.088740
1.140000	-0.563806	0.440391	-0.022823	1.060284	-0.096234	-0.089825
1.160000	-0.553326	0.428757	-0.025592	1.058847	-0.097183	-0.091549
1.180000	-0.539298	0.413407	-0.030162	1.057117	-0.097888	-0.093829
1.200000	-0.522115	0.394860	-0.036421	1.055144	-0.098362	-0.096584
1.220000	-0.502175	0.373635	-0.044254	1.052982	-0.098613	-0.099730
1.240000	-0.479872	0.350253	-0.053550	1.050681	-0.098653	-0.103187
1.260000	-0.455603	0.325233	-0.064195	1.048295	-0.098490	-0.106872
1.280000	-0.429762	0.299096	-0.076076	1.045874	-0.098135	-0.110702
1.300000	-0.402745	0.272362	-0.089080	1.043471	-0.097599	-0.114596
1.320000	-0.374947	0.245550	-0.103095	1.041138	-0.096890	-0.118471
1.340000	-0.346765	0.219181	-0.118007	1.038926	-0.096020	-0.122245
1.360000	-0.318593	0.193774	-0.133703	1.036887	-0.094999	-0.125835
1.380000	-0.290827	0.169849	-0.150071	1.035075	-0.093836	-0.129161
1.400000	-0.263862	0.147927	-0.166997	1.033539	-0.092541	-0.132138
1.420000	-0.238094	0.128527	-0.184369	1.032333	-0.091125	-0.134686
1.440000	-0.213906	0.112138	-0.202067	1.031504	-0.089598	-0.136728
1.460000	-0.191507	0.098829	-0.219898	1.031050	-0.087982	-0.138257
1.480000	-0.170986	0.088375	-0.237612	1.030936	-0.086305	-0.139317
1.500000	-0.152427	0.080543	-0.254961	1.031123	-0.084594	-0.139955
1.520000	-0.135917	0.075101	-0.271695	1.031573	-0.082878	-0.140216
1.540000	-0.121541	0.071818	-0.287564	1.032250	-0.081186	-0.140144
1.560000	-0.109384	0.070461	-0.302320	1.033115	-0.079545	-0.139786
1.580000	-0.099532	0.070798	-0.315712	1.034131	-0.077984	-0.139186
1.600000	-0.092071	0.072598	-0.327492	1.035260	-0.076532	-0.138390
1.620000	-0.087086	0.075628	-0.337410	1.036465	-0.075215	-0.137443
1.640000	-0.084662	0.079656	-0.345217	1.037709	-0.074064	-0.136391
1.660000	-0.084886	0.084451	-0.350663	1.038952	-0.073105	-0.135279
1.680000	-0.087843	0.089780	-0.353499	1.040159	-0.072368	-0.134152
1.700000	-0.093617	0.095411	-0.353475	1.041291	-0.071880	-0.133056
1.720000	-0.102295	0.101112	-0.350342	1.042311	-0.071670	-0.132036
1.740000	-0.113963	0.106651	-0.343851	1.043181	-0.071767	-0.131137
1.760000	-0.128630	0.111833	-0.333856	1.043871	-0.072187	-0.130396
1.780000	-0.145966	0.116629	-0.320683	1.044386	-0.072905	-0.129810
1.800000	-0.165544	0.121055	-0.304787	1.044737	-0.073882	-0.129366
1.820000	-0.186938	0.125130	-0.286628	1.044939	-0.075078	-0.129049
1.840000	-0.209721	0.128871	-0.266662	1.045006	-0.076454	-0.128846
1.860000	-0.233465	0.132296	-0.245347	1.044950	-0.077970	-0.128743
1.880000	-0.257745	0.135422	-0.223141	1.044786	-0.079588	-0.128726
1.900000	-0.282134	0.138267	-0.200502	1.044526	-0.081269	-0.128781
1.920000	-0.306204	0.140849	-0.177885	1.044184	-0.082971	-0.128894
1.940000	-0.329530	0.143184	-0.155751	1.043773	-0.084658	-0.129052
1.960000	-0.351684	0.145290	-0.134555	1.043307	-0.086289	-0.129241
1.980000	-0.372240	0.147186	-0.114755	1.042799	-0.087824	-0.129447
2.000000	-0.390771	0.148888	-0.096809	1.042263	-0.089226	-0.129655
2.020000	-0.406850	0.150414	-0.081175	1.041712	-0.090453	-0.129853
2.040000	-0.420050	0.151782	-0.068310	1.041160	-0.091468	-0.130026
2.060000	-0.429949	0.153008	-0.058668	1.040619	-0.092231	-0.130161
2.080000	-0.436351	0.154064	-0.052431	1.040101	-0.092725	-0.130251
2.100000	-0.439473	0.154835	-0.049302	1.039612	-0.092971	-0.130301
2.120000	-0.439569	0.155202	-0.048933	1.039156	-0.092994	-0.130321
2.140000	-0.436896	0.155044	-0.050978	1.038741	-0.092820	-0.130317
2.160000	-0.431710	0.154239	-0.055089	1.038370	-0.092473	-0.130296
2.180000	-0.424266	0.152668	-0.060920	1.038050	-0.091978	-0.130266
2.200000	-0.414820	0.150208	-0.068124	1.037786	-0.091362	-0.130235
2.220000	-0.403628	0.146739	-0.076354	1.037583	-0.090648	-0.130210
2.240000	-0.390946	0.142141	-0.085263	1.037448	-0.089862	-0.130198
2.260000	-0.377030	0.136292	-0.094504	1.037385	-0.089029	-0.130207
2.280000	-0.362136	0.129071	-0.103730	1.037399	-0.088175	-0.130244
2.300000	-0.346519	0.120358	-0.112595	1.037498	-0.087324	-0.130316
2.320000	-0.330435	0.110032	-0.120751	1.037685	-0.086501	-0.130432
2.340000	-0.314141	0.097972	-0.127852	1.037967	-0.085732	-0.130599
2.360000	-0.297892	0.084057	-0.133550	1.038348	-0.085042	-0.130824
2.380000	-0.281944	0.068166	-0.137500	1.038835	-0.084456	-0.131114
2.400000	-0.266534	0.050309	-0.139465	1.039429	-0.083991	-0.131474
2.420000	-0.251837	0.030972	-0.139623	1.040115	-0.083640	-0.131899
2.440000	-0.238012	0.010747	-0.138239	1.040876	-0.083388	-0.132380
2.460000	-0.225216	-0.009771	-0.135584	1.041693	-0.083219	-0.132909
2.480000	-0.213609	-0.029989	-0.131925	1.042548	-0.083121	-0.133479
2.500000	-0.203349	-0.049314	-0.127530	1.043425	-0.083077	-0.134081
2.520000	-0.194595	-0.067153	-0.122668	1.044304	-0.083075	-0.134707
2.540000	-0.187506	-0.082911	-0.117606	1.045169	-0.083098	-0.135349
2.560000	-0.182240	-0.095996	-0.112613	1.046001	-0.083134	-0.135999
2.580000	-0.178957	-0.105814	-0.107956	1.046782	-0.083166	-0.136649
2.600000	-0.177814	-0.111772	-0.103905	1.047495	-0.083181	-0.137291
2.620000	-0.178971	-0.113275	-0.100726	1.048122	-0.083165	-0.137917
2.640000	-0.182587	-0.109732	-0.098689	1.048644	-0.083102	-0.138519
2.660000	-0.188820	-0.100547	-0.098062	1.049045	-0.082978	-0.139088
2.680000	-0.197828	-0.085129	-0.099112	1.049305	-0.082779	-0.139618
2.700000	-0.209684	-0.063090	-0.102039	1.049413	-0.082493	-0.140100
2.720000	-0.224037	-0.035045	-0.106714	1.049374	-0.082130	-0.140540
2.740000	-0.240413	-0.001904	-0.112909	1.049203	-0.081700	-0.140944
2.760000	-0.258336	0.035418	-0.120394	1.048913	-0.081217	-0.141318
2.780000	-0.277330	0.076010	-0.128941	1.048519	-0.080694	-0.141668
2.800000	-0.296920	0.118959	-0.138322	1.048034	-0.080143	-0.142002
