0.000000	-0.280568	0.499900	-0.198942	1.033651	-0.101142	-0.133742
0.020000	-0.267780	0.487181	-0.205627	1.033462	-0.101276	-0.133438
0.040000	-0.254627	0.470567	-0.212466	1.033333	-0.101409	-0.133071
0.060000	-0.241405	0.450573	-0.219242	1.033273	-0.101539	-0.132655
0.080000	-0.228408	0.427715	-0.225740	1.033290	-0.101662	-0.132206
0.100000	-0.215929	0.402508	-0.231742	1.033393	-0.101775	-0.131741
0.120000	-0.204265	0.375470	-0.237033	1.033592	-0.101874	-0.131273
0.140000	-0.193708	0.347115	-0.241396	1.033894	-0.101957	-0.130820
0.160000	-0.184554	0.317960	-0.244615	1.034308	-0.102021	-0.130396
0.180000	-0.177096	0.288521	-0.246473	1.034843	-0.102062	-0.130018
0.200000	-0.171630	0.259314	-0.246755	1.035509	-0.102077	-0.129699
0.220000	-0.168450	0.230854	-0.245243	1.036312	-0.102063	-0.129457
0.240000	-0.167822	0.203635	-0.241744	1.037262	-0.102016	-0.129305
0.260000	-0.169688	0.177871	-0.236325	1.038343	-0.101934	-0.129241
0.280000	-0.173773	0.153591	-0.229226	1.039527	-0.101811	-0.129251
0.300000	-0.179796	0.130824	-0.220690	1.040786	-0.101643	-0.129321
0.320000	-0.187478	0.109595	-0.210962	1.042092	-0.101427	-0.129438
0.340000	-0.196541	0.089932	-0.200284	1.043417	-0.101158	-0.129588
0.360000	-0.206705	0.071862	-0.188900	1.044731	-0.100833	-0.129757
0.380000	-0.217691	0.055412	-0.177053	1.046007	-0.100446	-0.129931
0.400000	-0.229220	0.040608	-0.164987	1.047217	-0.099994	-0.130096
0.420000	-0.241011	0.027478	-0.152946	1.048331	-0.099472	-0.130240
0.440000	-0.252787	0.016049	-0.141172	1.049323	-0.098877	-0.130347
0.460000	-0.264268	0.006347	-0.129910	1.050162	-0.098204	-0.130404
0.480000	-0.275174	-0.001601	-0.119402	1.050822	-0.097449	-0.130398
0.500000	-0.285227	-0.007767	-0.109892	1.051273	-0.096609	-0.130315
0.520000	-0.294146	-0.012125	-0.101624	1.051488	-0.095678	-0.130140
0.540000	-0.301654	-0.014647	-0.094841	1.051437	-0.094652	-0.129861
0.560000	-0.307473	-0.015309	-0.089782	1.051095	-0.093529	-0.129463
0.580000	-0.311469	-0.014138	-0.086537	1.050462	-0.092315	-0.128952
0.600000	-0.313683	-0.011231	-0.085001	1.049581	-0.091033	-0.128354
0.620000	-0.314171	-0.006688	-0.085056	1.048496	-0.089709	-0.127698
0.640000	-0.312986	-0.000611	-0.086584	1.047252	-0.088364	-0.127012
0.660000	-0.310184	0.006899	-0.089468	1.045892	-0.087024	-0.126326
0.680000	-0.305819	0.015740	-0.093591	1.044461	-0.085712	-0.125667
0.700000	-0.299947	0.025813	-0.098835	1.043003	-0.084452	-0.125065
0.720000	-0.292620	0.037016	-0.105082	1.041562	-0.083269	-0.124548
0.740000	-0.283895	0.049247	-0.112215	1.040182	-0.082185	-0.124145
0.760000	-0.273825	0.062405	-0.120116	1.038908	-0.081225	-0.123884
0.780000	-0.262465	0.076390	-0.128668	1.037784	-0.080413	-0.123794
0.800000	-0.249871	0.091100	-0.137753	1.036853	-0.079773	-0.123903
0.820000	-0.236096	0.106435	-0.147254	1.036161	-0.079328	-0.124241
0.840000	-0.221195	0.122292	-0.157053	1.035752	-0.079103	-0.124835
0.860000	-0.205223	0.138572	-0.167032	1.035669	-0.079121	-0.125715
0.880000	-0.188235	0.155172	-0.177075	1.035957	-0.079406	-0.126909
0.900000	-0.170367	0.171973	-0.187058	1.036635	-0.079968	-0.128423
0.920000	-0.151970	0.188801	-0.196846	1.037655	-0.080778	-0.130207
0.940000	-0.133426	0.205478	-0.206302	1.038961	-0.081800	-0.132202
0.960000	-0.115118	0.221822	-0.215288	1.040496	-0.083000	-0.134347
0.980000	-0.097429	0.237654	-0.223669	1.042203	-0.084343	-0.136583
1.000000	-0.080741	0.252795	-0.231305	1.044024	-0.085793	-0.138851
1.020000	-0.065439	0.267064	-0.238061	1.045903	-0.087317	-0.141091
1.040000	-0.051905	0.280280	-0.243799	1.047782	-0.088878	-0.143244
1.060000	-0.040522	0.292265	-0.248381	1.049605	-0.090443	-0.145250
1.080000	-0.031672	0.302838	-0.251670	1.051314	-0.091976	-0.147048
1.100000	-0.025739	0.311819	-0.253529	1.052852	-0.093442	-0.148581
1.120000	-0.023106	0.319029	-0.253822	1.054163	-0.094807	-0.149788
1.140000	-0.024156	0.324286	-0.252409	1.055188	-0.096035	-0.150609
1.160000	-0.029272	0.327412	-0.249156	1.055872	-0.097092	-0.150985
1.180000	-0.038836	0.328225	-0.243923	1.056157	-0.097942	-0.150857
1.200000	-0.053036	0.326633	-0.236657	1.056007	-0.098564	-0.150189
1.220000	-0.071396	0.322830	-0.227584	1.055463	-0.098974	-0.149030
1.240000	-0.093304	0.317071	-0.216989	1.054579	-0.099200	-0.147446
1.260000	-0.118145	0.309612	-0.205157	1.053409	-0.099269	-0.145501
1.280000	-0.145305	0.300709	-0.192374	1.052009	-0.099207	-0.143262
1.300000	-0.174169	0.290617	-0.178923	1.050433	-0.099041	-0.140794
1.320000	-0.204125	0.279594	-0.165091	1.048736	-0.098799	-0.138164
1.340000	-0.234557	0.267893	-0.151162	1.046973	-0.098505	-0.135435
1.360000	-0.264852	0.255771	-0.137422	1.045199	-0.098189	-0.132675
1.380000	-0.294396	0.243484	-0.124155	1.043468	-0.097875	-0.129949
1.400000	-0.322575	0.231288	-0.111646	1.041835	-0.097592	-0.127323
1.420000	-0.348774	0.219437	-0.100182	1.040356	-0.097365	-0.124862
1.440000	-0.372380	0.208189	-0.090046	1.039084	-0.097222	-0.122632
1.460000	-0.392778	0.197798	-0.081524	1.038075	-0.097189	-0.120698
1.480000	-0.409355	0.188521	-0.074901	1.037384	-0.097293	-0.119127
1.500000	-0.421497	0.180613	-0.070462	1.037065	-0.097561	-0.117983
1.520000	-0.428591	0.174329	-0.068492	1.037173	-0.098020	-0.117333
1.540000	-0.430380	0.169782	-0.069110	1.037728	-0.098680	-0.117201
1.560000	-0.427348	0.166786	-0.072099	1.038676	-0.099517	-0.117526
1.580000	-0.420074	0.165118	-0.077197	1.039957	-0.100503	-0.118236
1.600000	-0.409134	0.164554	-0.084139	1.041507	-0.101612	-0.119261
1.620000	-0.395108	0.164873	-0.092666	1.043265	-0.102813	-0.120528
1.640000	-0.378573	0.165850	-0.102514	1.045169	-0.104081	-0.121966
1.660000	-0.360107	0.167262	-0.113420	1.047156	-0.105386	-0.123504
1.680000	-0.340287	0.168886	-0.125123	1.049165	-0.106701	-0.125069
1.700000	-0.319693	0.170499	-0.137361	1.051134	-0.107998	-0.126591
1.720000	-0.298902	0.171878	-0.149871	1.053000	-0.109249	-0.127998
1.740000	-0.278492	0.172800	-0.162391	1.054702	-0.110425	-0.129218
1.760000	-0.259040	0.173041	-0.174658	1.056177	-0.111501	-0.130179
1.780000	-0.241125	0.172378	-0.186411	1.057364	-0.112446	-0.130811
1.800000	-0.225325	0.170589	-0.197387	1.058200	-0.113234	-0.131041
1.820000	-0.212218	0.167450	-0.207324	1.058623	-0.113836	-0.130799
1.840000	-0.202186	0.162852	-0.216028	1.058599	-0.114236	-0.130043
1.860000	-0.195079	0.157000	-0.223492	1.058165	-0.114449	-0.128820
1.880000	-0.190660	0.150153	-0.229742	1.057373	-0.114493	-0.127188
1.900000	-0.188689	0.142565	-0.234802	1.056272	-0.114390	-0.125209
1.920000	-0.188928	0.134496	-0.238698	1.054914	-0.114159	-0.122940
1.940000	-0.191136	0.126202	-0.241453	1.053350	-0.113819	-0.120443
1.960000	-0.195076	0.117941	-0.243093	1.051629	-0.113390	-0.117776
1.980000	-0.200508	0.109969	-0.243642	1.049804	-0.112893	-0.115000
2.000000	-0.207193	0.102545	-0.243126	1.047924	-0.112347	-0.112175
2.020000	-0.214893	0.095925	-0.241569	1.046040	-0.111772	-0.109359
2.040000	-0.223368	0.090367	-0.238996	1.044203	-0.111187	-0.106613
2.060000	-0.232379	0.086128	-0.235432	1.042463	-0.110612	-0.103996
2.080000	-0.241688	0.083465	-0.230902	1.040872	-0.110068	-0.101569
2.100000	-0.251055	0.082635	-0.225431	1.039480	-0.109574	-0.099391
2.120000	-0.260241	0.083897	-0.219043	1.038337	-0.109149	-0.097521
2.140000	-0.269008	0.087506	-0.211763	1.037495	-0.108814	-0.096020
2.160000	-0.277118	0.093719	-0.203617	1.037004	-0.108588	-0.094946
2.180000	-0.284408	0.102605	-0.194697	1.036881	-0.108479	-0.094324
2.200000	-0.290847	0.113916	-0.185205	1.037089	-0.108469	-0.094117
2.220000	-0.296416	0.127372	-0.175357	1.037586	-0.108543	-0.094283
2.240000	-0.301098	0.142696	-0.165368	1.038328	-0.108683	-0.094779
2.260000	-0.304873	0.159606	-0.155452	1.039272	-0.108870	-0.095563
2.280000	-0.307724	0.177824	-0.145824	1.040376	-0.109089	-0.096592
2.300000	-0.309631	0.197071	-0.136699	1.041596	-0.109321	-0.097823
2.320000	-0.310576	0.217067	-0.128292	1.042890	-0.109548	-0.099215
2.340000	-0.310542	0.237532	-0.120818	1.044214	-0.109753	-0.100725
2.360000	-0.309508	0.258189	-0.114491	1.045526	-0.109920	-0.102309
2.380000	-0.307458	0.278756	-0.109527	1.046782	-0.110029	-0.103927
2.400000	-0.304372	0.298955	-0.106140	1.047940	-0.110064	-0.105534
2.420000	-0.300232	0.318506	-0.104545	1.048957	-0.110008	-0.107089
2.440000	-0.295019	0.337131	-0.104957	1.049789	-0.109842	-0.108550
2.460000	-0.288716	0.354549	-0.107590	1.050395	-0.109549	-0.109873
2.480000	-0.281370	0.370330	-0.112493	1.050749	-0.109122	-0.111033
2.500000	-0.273179	0.383715	-0.119346	1.050872	-0.108575	-0.112039
2.520000	-0.264357	0.393897	-0.127783	1.050787	-0.107925	-0.112908
2.540000	-0.255121	0.400071	-0.137434	1.050520	-0.107190	-0.113652
2.560000	-0.245688	0.401433	-0.147933	1.050094	-0.106386	-0.114288
2.580000	-0.236272	0.397177	-0.158910	1.049535	-0.105530	-0.114831
2.600000	-0.227091	0.386497	-0.169999	1.048867	-0.104640	-0.115294
2.620000	-0.218359	0.368588	-0.180830	1.048115	-0.103733	-0.115694
2.640000	-0.210294	0.342646	-0.191036	1.047303	-0.102826	-0.116045
2.660000	-0.203111	0.307863	-0.200250	1.046456	-0.101936	-0.116362
2.680000	-0.197027	0.263437	-0.208102	1.045599	-0.101080	-0.116660
2.700000	-0.192256	0.208560	-0.214225	1.044756	-0.100276	-0.116953
2.720000	-0.189016	0.142428	-0.218252	1.043951	-0.099541	-0.117258
