0.000000	-0.212134	-0.120089	-0.182806	1.049823	-0.097280	-0.114216
0.020000	-0.211884	-0.130876	-0.182676	1.050732	-0.097973	-0.115126
0.040000	-0.212607	-0.136662	-0.182861	1.051627	-0.098859	-0.116050
0.060000	-0.214374	-0.136841	-0.183407	1.052502	-0.099955	-0.116968
0.080000	-0.217215	-0.131209	-0.184325	1.053351	-0.101257	-0.117868
0.100000	-0.221093	-0.120260	-0.185555	1.054167	-0.102733	-0.118743
0.120000	-0.225961	-0.104554	-0.187032	1.054939	-0.104348	-0.119590
0.140000	-0.231776	-0.084653	-0.188694	1.055658	-0.106064	-0.120405
0.160000	-0.238491	-0.061118	-0.190474	1.056315	-0.107847	-0.121184
0.180000	-0.246062	-0.034511	-0.192307	1.056900	-0.109661	-0.121923
0.200000	-0.254444	-0.005393	-0.194130	1.057406	-0.111471	-0.122617
0.220000	-0.263590	0.025675	-0.195878	1.057821	-0.113239	-0.123263
0.240000	-0.273457	0.058132	-0.197485	1.058138	-0.114932	-0.123857
0.260000	-0.283999	0.091416	-0.198888	1.058347	-0.116512	-0.124393
0.280000	-0.295171	0.124965	-0.200021	1.058438	-0.117945	-0.124869
0.300000	-0.306928	0.158218	-0.200820	1.058402	-0.119195	-0.125281
0.320000	-0.319224	0.190615	-0.201221	1.058231	-0.120225	-0.125623
0.340000	-0.332014	0.221594	-0.201157	1.057915	-0.121001	-0.125892
0.360000	-0.345253	0.250592	-0.200566	1.057444	-0.121486	-0.126085
0.380000	-0.358897	0.277050	-0.199382	1.056810	-0.121644	-0.126196
0.400000	-0.372897	0.300418	-0.197542	1.056004	-0.121442	-0.126222
0.420000	-0.387151	0.320476	-0.195064	1.055032	-0.120878	-0.126161
0.440000	-0.401494	0.337373	-0.192050	1.053920	-0.119984	-0.126013
0.460000	-0.415756	0.351277	-0.188606	1.052692	-0.118798	-0.125777
0.480000	-0.429770	0.362355	-0.184838	1.051375	-0.117355	-0.125456
0.500000	-0.443368	0.370773	-0.180854	1.049993	-0.115692	-0.125047
0.520000	-0.456379	0.376700	-0.176761	1.048571	-0.113845	-0.124552
0.540000	-0.468637	0.380303	-0.172665	1.047136	-0.111849	-0.123972
0.560000	-0.479972	0.381749	-0.168673	1.045712	-0.109741	-0.123305
0.580000	-0.490216	0.381206	-0.164892	1.044325	-0.107556	-0.122552
0.600000	-0.499201	0.378840	-0.161428	1.043000	-0.105331	-0.121714
0.620000	-0.506758	0.374819	-0.158389	1.041762	-0.103102	-0.120791
0.640000	-0.512719	0.369311	-0.155881	1.040638	-0.100904	-0.119782
0.660000	-0.516914	0.362482	-0.154010	1.039651	-0.098775	-0.118688
0.680000	-0.519177	0.354501	-0.152885	1.038828	-0.096749	-0.117510
0.700000	-0.519338	0.345534	-0.152610	1.038194	-0.094863	-0.116247
0.720000	-0.517261	0.335735	-0.153270	1.037771	-0.093150	-0.114902
0.740000	-0.513071	0.325149	-0.154771	1.037551	-0.091617	-0.113491
0.760000	-0.507008	0.313771	-0.156933	1.037513	-0.090260	-0.112040
0.780000	-0.499317	0.301596	-0.159577	1.037638	-0.089076	-0.110572
0.800000	-0.490240	0.288618	-0.162526	1.037904	-0.088060	-0.109112
0.820000	-0.480020	0.274833	-0.165601	1.038291	-0.087209	-0.107684
0.840000	-0.468901	0.260235	-0.168622	1.038777	-0.086517	-0.106313
0.860000	-0.457125	0.244819	-0.171412	1.039344	-0.085982	-0.105022
0.880000	-0.444936	0.228580	-0.173791	1.039969	-0.085599	-0.103837
0.900000	-0.432576	0.211511	-0.175580	1.040632	-0.085363	-0.102782
0.920000	-0.420289	0.193610	-0.176602	1.041312	-0.085272	-0.101880
0.940000	-0.408317	0.174869	-0.176677	1.041990	-0.085321	-0.101157
0.960000	-0.396905	0.155283	-0.175628	1.042643	-0.085505	-0.100637
0.980000	-0.386294	0.134848	-0.173274	1.043252	-0.085821	-0.100343
1.000000	-0.376728	0.113559	-0.169437	1.043795	-0.086265	-0.100301
1.020000	-0.368425	0.091423	-0.163961	1.044255	-0.086832	-0.100531
1.040000	-0.361347	0.068596	-0.156919	1.044631	-0.087511	-0.101023
1.060000	-0.355299	0.045322	-0.148522	1.044938	-0.088286	-0.101745
1.080000	-0.350086	0.021846	-0.138984	1.045187	-0.089143	-0.102666
1.100000	-0.345510	-0.001590	-0.128518	1.045393	-0.090066	-0.103755
1.120000	-0.341377	-0.024739	-0.117337	1.045568	-0.091040	-0.104981
1.140000	-0.337491	-0.047357	-0.105655	1.045725	-0.092050	-0.106312
1.160000	-0.333654	-0.069200	-0.093685	1.045878	-0.093080	-0.107718
1.180000	-0.329672	-0.090023	-0.081640	1.046039	-0.094116	-0.109167
1.200000	-0.325347	-0.109582	-0.069733	1.046222	-0.095141	-0.110628
1.220000	-0.320485	-0.127632	-0.058179	1.046439	-0.096142	-0.112070
1.240000	-0.314889	-0.143928	-0.047190	1.046705	-0.097102	-0.113462
1.260000	-0.308363	-0.158226	-0.036979	1.047031	-0.098007	-0.114773
1.280000	-0.300712	-0.170282	-0.027760	1.047431	-0.098841	-0.115970
1.300000	-0.291738	-0.179851	-0.019747	1.047919	-0.099589	-0.117024
1.320000	-0.281246	-0.186688	-0.013152	1.048507	-0.100235	-0.117903
1.340000	-0.269040	-0.190549	-0.008188	1.049208	-0.100766	-0.118576
1.360000	-0.254989	-0.191249	-0.005028	1.050031	-0.101167	-0.119017
1.380000	-0.239359	-0.188963	-0.003584	1.050960	-0.101446	-0.119238
1.400000	-0.222566	-0.184006	-0.003672	1.051967	-0.101616	-0.119264
1.420000	-0.205026	-0.176691	-0.005106	1.053026	-0.101690	-0.119118
1.440000	-0.187157	-0.167331	-0.007703	1.054111	-0.101680	-0.118827
1.460000	-0.169375	-0.156242	-0.011276	1.055193	-0.101601	-0.118415
1.480000	-0.152095	-0.143735	-0.015642	1.056248	-0.101465	-0.117906
1.500000	-0.135736	-0.130126	-0.020615	1.057247	-0.101285	-0.117327
1.520000	-0.120714	-0.115728	-0.026011	1.058164	-0.101075	-0.116700
1.540000	-0.107444	-0.100855	-0.031645	1.058974	-0.100848	-0.116052
1.560000	-0.096345	-0.085820	-0.037332	1.059647	-0.100616	-0.115407
1.580000	-0.087832	-0.070937	-0.042887	1.060159	-0.100393	-0.114790
1.600000	-0.082322	-0.056521	-0.048125	1.060483	-0.100193	-0.114226
1.620000	-0.080231	-0.042884	-0.052863	1.060591	-0.100027	-0.113739
1.640000	-0.081977	-0.030341	-0.056914	1.060456	-0.099911	-0.113355
1.660000	-0.087975	-0.019205	-0.060094	1.060053	-0.099855	-0.113098
1.680000	-0.098604	-0.009770	-0.062232	1.059357	-0.099874	-0.112992
1.700000	-0.113677	-0.002030	-0.063357	1.058381	-0.099969	-0.113042
1.720000	-0.132580	0.004245	-0.063651	1.057165	-0.100132	-0.113238
1.740000	-0.154687	0.009293	-0.063297	1.055750	-0.100358	-0.113570
1.760000	-0.179371	0.013350	-0.062480	1.054179	-0.100639	-0.114030
1.780000	-0.206008	0.016654	-0.061387	1.052492	-0.100968	-0.114606
1.800000	-0.233971	0.019442	-0.060200	1.050730	-0.101340	-0.115290
1.820000	-0.262636	0.021950	-0.059106	1.048936	-0.101746	-0.116072
1.840000	-0.291377	0.024416	-0.058288	1.047150	-0.102180	-0.116941
1.860000	-0.319567	0.027077	-0.057933	1.045414	-0.102636	-0.117889
1.880000	-0.346581	0.030170	-0.058224	1.043769	-0.103107	-0.118905
1.900000	-0.371794	0.033931	-0.059346	1.042256	-0.103585	-0.119980
1.920000	-0.394580	0.038598	-0.061485	1.040917	-0.104064	-0.121104
1.940000	-0.414314	0.044408	-0.064824	1.039793	-0.104538	-0.122267
1.960000	-0.430369	0.051598	-0.069550	1.038926	-0.104998	-0.123460
1.980000	-0.442120	0.060405	-0.075846	1.038357	-0.105440	-0.124673
2.000000	-0.449088	0.070980	-0.083843	1.038116	-0.105855	-0.125895
2.020000	-0.451510	0.083056	-0.093405	1.038185	-0.106243	-0.127115
2.040000	-0.449842	0.096238	-0.104312	1.038525	-0.106601	-0.128319
2.060000	-0.444543	0.110131	-0.116348	1.039102	-0.106928	-0.129494
2.080000	-0.436067	0.124337	-0.129293	1.039881	-0.107222	-0.130628
2.100000	-0.424874	0.138463	-0.142928	1.040823	-0.107481	-0.131707
2.120000	-0.411419	0.152113	-0.157036	1.041895	-0.107706	-0.132719
2.140000	-0.396159	0.164890	-0.171398	1.043060	-0.107892	-0.133651
2.160000	-0.379552	0.176400	-0.185795	1.044281	-0.108040	-0.134489
2.180000	-0.362054	0.186247	-0.200010	1.045524	-0.108148	-0.135221
2.200000	-0.344123	0.194035	-0.213823	1.046751	-0.108214	-0.135834
2.220000	-0.326215	0.199369	-0.227017	1.047928	-0.108236	-0.136314
2.240000	-0.308787	0.201853	-0.239372	1.049018	-0.108214	-0.136649
2.260000	-0.292296	0.201091	-0.250671	1.049985	-0.108145	-0.136826
2.280000	-0.277200	0.196688	-0.260695	1.050794	-0.108029	-0.136832
2.300000	-0.263953	0.188253	-0.269226	1.051408	-0.107862	-0.136654
2.320000	-0.252827	0.175747	-0.276146	1.051808	-0.107647	-0.136292
2.340000	-0.243748	0.159812	-0.281522	1.052009	-0.107389	-0.135767
2.360000	-0.236599	0.141163	-0.285442	1.052026	-0.107091	-0.135104
2.380000	-0.231266	0.120514	-0.287996	1.051877	-0.106759	-0.134328
2.400000	-0.227636	0.098582	-0.289271	1.051578	-0.106399	-0.133464
2.420000	-0.225592	0.076081	-0.289356	1.051146	-0.106016	-0.132537
2.440000	-0.225020	0.053727	-0.288340	1.050598	-0.105615	-0.131572
2.460000	-0.225807	0.032235	-0.286311	1.049950	-0.105201	-0.130593
2.480000	-0.227836	0.012320	-0.283358	1.049220	-0.104779	-0.129625
2.500000	-0.230993	-0.005302	-0.279569	1.048425	-0.104355	-0.128693
2.520000	-0.235164	-0.019916	-0.275033	1.047580	-0.103934	-0.127821
2.540000	-0.240234	-0.030807	-0.269838	1.046703	-0.103520	-0.127036
2.560000	-0.246088	-0.037260	-0.264073	1.045811	-0.103120	-0.126360
2.580000	-0.252612	-0.038559	-0.257827	1.044920	-0.102738	-0.125820
2.600000	-0.259691	-0.033988	-0.251187	1.044047	-0.102379	-0.125439
2.620000	-0.267211	-0.022834	-0.244243	1.043209	-0.102049	-0.125244
2.640000	-0.275048	-0.004660	-0.237086	1.042420	-0.101752	-0.125249
2.660000	-0.283049	0.019862	-0.229822	1.041680	-0.101488	-0.125440
2.680000	-0.291054	0.049789	-0.222561	1.040985	-0.101256	-0.125792
2.700000	-0.298901	0.084176	-0.215412	1.040334	-0.101055	-0.126280
2.720000	-0.306429	0.122082	-0.208484	1.039722	-0.100883	-0.126881
2.740000	-0.313477	0.162561	-0.201886	1.039149	-0.100740	-0.127570
2.760000	-0.319884	0.204670	-0.195727	1.038609	-0.100625	-0.128324
2.780000	-0.325489	0.247466	-0.190117	1.038101	-0.100536	-0.129117
2.800000	-0.330132	0.290005	-0.185166	1.037622	-0.100474	-0.129927
2.820000	-0.333650	0.331343	-0.180981	1.037169	-0.100435	-0.130728
2.840000	-0.335883	0.370536	-0.177673	1.036738	-0.100421	-0.131496
2.860000	-0.336670	0.406642	-0.175351	1.036328	-0.100429	-0.132208
2.880000	-0.335849	0.438715	-0.174124	1.035935	-0.100459	-0.132839
2.900000	-0.333260	0.465814	-0.174101	1.035556	-0.100509	-0.133365
2.920000	-0.328742	0.486993	-0.175391	1.035188	-0.100579	-0.133761
2.940000	-0.322191	0.501494	-0.178064	1.034831	-0.100667	-0.134009
2.960000	-0.313804	0.509519	-0.181971	1.034490	-0.100770	-0.134116
2.980000	-0.303874	0.511584	-0.186897	1.034173	-0.100886	-0.134096
3.000000	-0.292698	0.508206	-0.192626	1.033891	-0.101011	-0.133966
