0.000000	-0.276809	-0.051505	-0.127813	1.051394	-0.082730	-0.113121
0.020000	-0.267129	-0.072712	-0.133490	1.050296	-0.082537	-0.113285
0.040000	-0.254086	-0.093714	-0.139100	1.049203	-0.082636	-0.113521
0.060000	-0.238342	-0.114217	-0.144615	1.048116	-0.082987	-0.113824
0.080000	-0.220561	-0.133924	-0.150005	1.047035	-0.083548	-0.114188
0.100000	-0.201402	-0.152538	-0.155242	1.045962	-0.084276	-0.114606
0.120000	-0.181529	-0.169764	-0.160295	1.044896	-0.085131	-0.115073
0.140000	-0.161603	-0.185306	-0.165135	1.043839	-0.086071	-0.115581
0.160000	-0.142286	-0.198866	-0.169733	1.042791	-0.087053	-0.116126
0.180000	-0.124240	-0.210150	-0.174061	1.041752	-0.088038	-0.116701
0.200000	-0.108126	-0.218860	-0.178088	1.040723	-0.088982	-0.117299
0.220000	-0.094607	-0.224701	-0.181786	1.039704	-0.089845	-0.117916
0.240000	-0.084344	-0.227376	-0.185126	1.038697	-0.090585	-0.118544
0.260000	-0.078000	-0.226590	-0.188077	1.037702	-0.091160	-0.119177
0.280000	-0.076235	-0.222045	-0.190611	1.036718	-0.091529	-0.119810
0.300000	-0.079559	-0.213520	-0.192711	1.035750	-0.091658	-0.120436
0.320000	-0.087647	-0.201194	-0.194429	1.034806	-0.091562	-0.121045
0.340000	-0.099897	-0.185380	-0.195838	1.033903	-0.091268	-0.121627
0.360000	-0.115705	-0.166393	-0.197012	1.033052	-0.090805	-0.122173
0.380000	-0.134469	-0.144546	-0.198026	1.032269	-0.090202	-0.122671
0.400000	-0.155584	-0.120153	-0.198953	1.031568	-0.089488	-0.123112
0.420000	-0.178447	-0.093527	-0.199867	1.030962	-0.088692	-0.123485
0.440000	-0.202456	-0.064983	-0.200843	1.030465	-0.087842	-0.123780
0.460000	-0.227006	-0.034835	-0.201954	1.030091	-0.086967	-0.123987
0.480000	-0.251495	-0.003395	-0.203275	1.029855	-0.086096	-0.124096
0.500000	-0.275319	0.029021	-0.204879	1.029770	-0.085258	-0.124097
0.520000	-0.297876	0.062101	-0.206841	1.029850	-0.084480	-0.123978
0.540000	-0.318561	0.095531	-0.209234	1.030110	-0.083793	-0.123731
0.560000	-0.336772	0.128995	-0.212132	1.030563	-0.083224	-0.123344
0.580000	-0.351904	0.162182	-0.215610	1.031222	-0.082803	-0.122808
0.600000	-0.363356	0.194777	-0.219742	1.032103	-0.082559	-0.122112
0.620000	-0.370570	0.226474	-0.224591	1.033217	-0.082516	-0.121249
0.640000	-0.373577	0.257072	-0.230095	1.034547	-0.082673	-0.120231
0.660000	-0.372809	0.286438	-0.236104	1.036056	-0.083003	-0.119087
0.680000	-0.368702	0.314442	-0.242467	1.037706	-0.083481	-0.117848
0.700000	-0.361697	0.340954	-0.249034	1.039461	-0.084084	-0.116542
0.720000	-0.352230	0.365842	-0.255654	1.041284	-0.084785	-0.115198
0.740000	-0.340741	0.388978	-0.262176	1.043137	-0.085559	-0.113846
0.760000	-0.327668	0.410229	-0.268448	1.044984	-0.086382	-0.112515
0.780000	-0.313450	0.429466	-0.274320	1.046786	-0.087228	-0.111234
0.800000	-0.298524	0.446559	-0.279642	1.048508	-0.088073	-0.110032
0.820000	-0.283329	0.461376	-0.284262	1.050112	-0.088890	-0.108940
0.840000	-0.268305	0.473787	-0.288029	1.051561	-0.089656	-0.107985
0.860000	-0.253888	0.483662	-0.290792	1.052817	-0.090344	-0.107198
0.880000	-0.240517	0.490871	-0.292401	1.053845	-0.090930	-0.106607
0.900000	-0.228631	0.495283	-0.292705	1.054605	-0.091389	-0.106241
0.920000	-0.218669	0.496767	-0.291552	1.055062	-0.091696	-0.106131
0.940000	-0.211062	0.495196	-0.288796	1.055179	-0.091825	-0.106305
0.960000	-0.205975	0.490572	-0.284413	1.054952	-0.091774	-0.106765
0.980000	-0.203222	0.483069	-0.278549	1.054421	-0.091565	-0.107480
1.000000	-0.202590	0.472871	-0.271360	1.053627	-0.091224	-0.108417
1.020000	-0.203868	0.460164	-0.263002	1.052612	-0.090775	-0.109543
1.040000	-0.206844	0.445131	-0.253632	1.051419	-0.090245	-0.110824
1.060000	-0.211306	0.427960	-0.243405	1.050089	-0.089658	-0.112227
1.080000	-0.217043	0.408833	-0.232478	1.048665	-0.089040	-0.113718
1.100000	-0.223843	0.387937	-0.221007	1.047188	-0.088416	-0.115263
1.120000	-0.231493	0.365457	-0.209149	1.045701	-0.087810	-0.116830
1.140000	-0.239784	0.341577	-0.197059	1.044246	-0.087249	-0.118385
1.160000	-0.248501	0.316483	-0.184894	1.042865	-0.086758	-0.119894
1.180000	-0.257435	0.290359	-0.172810	1.041600	-0.086361	-0.121323
1.200000	-0.266373	0.263391	-0.160963	1.040493	-0.086084	-0.122641
1.220000	-0.275103	0.235763	-0.149510	1.039586	-0.085953	-0.123812
1.240000	-0.283413	0.207661	-0.138606	1.038921	-0.085992	-0.124803
1.260000	-0.291093	0.179269	-0.128408	1.038540	-0.086227	-0.125582
1.280000	-0.297977	0.150796	-0.119031	1.038467	-0.086671	-0.126126
1.300000	-0.304028	0.122506	-0.110476	1.038674	-0.087308	-0.126447
1.320000	-0.309225	0.094675	-0.102730	1.039127	-0.088116	-0.126560
1.340000	-0.313553	0.067580	-0.095775	1.039791	-0.089074	-0.126481
1.360000	-0.316992	0.041496	-0.089597	1.040630	-0.090160	-0.126226
1.380000	-0.319525	0.016698	-0.084181	1.041611	-0.091353	-0.125810
1.400000	-0.321133	-0.006538	-0.079511	1.042697	-0.092630	-0.125251
1.420000	-0.321799	-0.027936	-0.075571	1.043854	-0.093970	-0.124563
1.440000	-0.321504	-0.047221	-0.072347	1.045048	-0.095352	-0.123762
1.460000	-0.320230	-0.064117	-0.069822	1.046242	-0.096755	-0.122865
1.480000	-0.317959	-0.078347	-0.067982	1.047403	-0.098155	-0.121887
1.500000	-0.314673	-0.089638	-0.066811	1.048495	-0.099532	-0.120844
1.520000	-0.310354	-0.097713	-0.066293	1.049483	-0.100865	-0.119753
1.540000	-0.304984	-0.102295	-0.066414	1.050332	-0.102131	-0.118628
1.560000	-0.298544	-0.103111	-0.067157	1.051008	-0.103308	-0.117486
1.580000	-0.291018	-0.099883	-0.068508	1.051475	-0.104377	-0.116343
1.600000	-0.282409	-0.092422	-0.070448	1.051705	-0.105316	-0.115214
1.620000	-0.272858	-0.081021	-0.072947	1.051708	-0.106122	-0.114114
1.640000	-0.262551	-0.066144	-0.075968	1.051509	-0.106795	-0.113057
1.660000	-0.251673	-0.048254	-0.079475	1.051129	-0.107334	-0.112059
1.680000	-0.240412	-0.027816	-0.083433	1.050593	-0.107741	-0.111132
1.700000	-0.228954	-0.005292	-0.087806	1.049925	-0.108016	-0.110292
1.720000	-0.217484	0.018851	-0.092557	1.049147	-0.108158	-0.109553
1.740000	-0.206190	0.044152	-0.097651	1.048284	-0.108168	-0.108930
1.760000	-0.195258	0.070146	-0.103052	1.047359	-0.108047	-0.108435
1.780000	-0.184874	0.096369	-0.108723	1.046395	-0.107794	-0.108085
1.800000	-0.175224	0.122357	-0.114629	1.045417	-0.107410	-0.107893
1.820000	-0.166495	0.147646	-0.120733	1.044446	-0.106895	-0.107874
1.840000	-0.158874	0.171773	-0.127001	1.043508	-0.106249	-0.108042
1.860000	-0.152545	0.194273	-0.133395	1.042626	-0.105473	-0.108411
1.880000	-0.147697	0.214682	-0.139880	1.041822	-0.104567	-0.108996
1.900000	-0.144515	0.232539	-0.146420	1.041122	-0.103530	-0.109811
1.920000	-0.143103	0.247565	-0.152976	1.040538	-0.102373	-0.110857
1.940000	-0.143394	0.259886	-0.159503	1.040068	-0.101118	-0.112105
1.960000	-0.145297	0.269682	-0.165954	1.039703	-0.099793	-0.113524
1.980000	-0.148718	0.277129	-0.172284	1.039438	-0.098426	-0.115082
2.000000	-0.153569	0.282406	-0.178446	1.039264	-0.097043	-0.116746
2.020000	-0.159755	0.285692	-0.184394	1.039176	-0.095672	-0.118485
2.040000	-0.167188	0.287164	-0.190083	1.039167	-0.094339	-0.120266
2.060000	-0.175774	0.287001	-0.195465	1.039228	-0.093071	-0.122057
2.080000	-0.185422	0.285382	-0.200495	1.039355	-0.091896	-0.123828
2.100000	-0.196041	0.282483	-0.205127	1.039539	-0.090841	-0.125544
2.120000	-0.207540	0.278485	-0.209315	1.039774	-0.089933	-0.127175
2.140000	-0.219828	0.273564	-0.213012	1.040053	-0.089198	-0.128688
2.160000	-0.232811	0.267899	-0.216172	1.040368	-0.088665	-0.130052
2.180000	-0.246400	0.261669	-0.218749	1.040714	-0.088359	-0.131234
2.200000	-0.260503	0.255051	-0.220698	1.041083	-0.088308	-0.132202
2.220000	-0.275022	0.248216	-0.221974	1.041469	-0.088539	-0.132926
2.240000	-0.289748	0.241180	-0.222582	1.041865	-0.089044	-0.133405
2.260000	-0.304365	0.233816	-0.222567	1.042269	-0.089792	-0.133667
2.280000	-0.318556	0.225994	-0.221980	1.042676	-0.090747	-0.133740
2.300000	-0.332005	0.217584	-0.220868	1.043084	-0.091877	-0.133652
2.320000	-0.344394	0.208456	-0.219279	1.043487	-0.093146	-0.133431
2.340000	-0.355405	0.198479	-0.217264	1.043883	-0.094521	-0.133106
2.360000	-0.364720	0.187522	-0.214869	1.044268	-0.095968	-0.132703
2.380000	-0.372024	0.175455	-0.212143	1.044638	-0.097452	-0.132253
2.400000	-0.376997	0.162149	-0.209136	1.044989	-0.098939	-0.131782
2.420000	-0.379323	0.147471	-0.205895	1.045317	-0.100396	-0.131319
2.440000	-0.378684	0.131293	-0.202469	1.045619	-0.101787	-0.130891
2.460000	-0.374763	0.113482	-0.198906	1.045891	-0.103080	-0.130529
2.480000	-0.367243	0.093910	-0.195256	1.046130	-0.104239	-0.130258
2.500000	-0.355805	0.072446	-0.191567	1.046331	-0.105230	-0.130108
2.520000	-0.340133	0.048958	-0.187886	1.046491	-0.106021	-0.130106
2.540000	-0.319908	0.023318	-0.184264	1.046606	-0.106575	-0.130281
2.560000	-0.294883	-0.004567	-0.180746	1.046673	-0.106864	-0.130657
2.580000	-0.265505	-0.034389	-0.177359	1.046695	-0.106896	-0.131223
2.600000	-0.232629	-0.065605	-0.174121	1.046680	-0.106706	-0.131946
2.620000	-0.197118	-0.097670	-0.171047	1.046633	-0.106325	-0.132791
2.640000	-0.159832	-0.130039	-0.168153	1.046563	-0.105789	-0.133727
2.660000	-0.121632	-0.162167	-0.165455	1.046477	-0.105129	-0.134719
2.680000	-0.083379	-0.193509	-0.162969	1.046380	-0.104380	-0.135734
2.700000	-0.045936	-0.223520	-0.160712	1.046281	-0.103575	-0.136739
2.720000	-0.010162	-0.251655	-0.158700	1.046186	-0.102747	-0.137701
2.740000	0.023080	-0.277368	-0.156948	1.046102	-0.101929	-0.138586
2.760000	0.052930	-0.300115	-0.155472	1.046037	-0.101156	-0.139362
2.780000	0.078527	-0.319351	-0.154289	1.045997	-0.100460	-0.139994
2.800000	0.099009	-0.334531	-0.153415	1.045989	-0.099874	-0.140449
2.820000	0.113516	-0.345108	-0.152866	1.046020	-0.099433	-0.140695
2.840000	0.121185	-0.350540	-0.152657	1.046098	-0.099169	-0.140697
2.860000	0.121219	-0.350318	-0.152803	1.046229	-0.099113	-0.140426
2.880000	0.113710	-0.344490	-0.153275	1.046409	-0.099264	-0.139887
2.900000	0.099423	-0.333518	-0.154016	1.046630	-0.099594	-0.139118
2.920000	0.079138	-0.317875	-0.154966	1.046882	-0.100075	-0.138152
2.940000	0.053634	-0.298032	-0.156067	1.047154	-0.100678	-0.137028
2.960000	0.023691	-0.274464	-0.157261	1.047437	-0.101377	-0.135780
2.980000	-0.009911	-0.247641	-0.158487	1.047722	-0.102144	-0.134444
3.000000	-0.046392	-0.218036	-0.159688	1.047998	-0.102949	-0.133058
3.020000	-0.084973	-0.186121	-0.160805	1.048255	-0.103766	-0.131656
3.040000	-0.124873	-0.152369	-0.161778	1.048485	-0.104567	-0.130275
3.060000	-0.165312	-0.117252	-0.162550	1.048677	-0.105322	-0.128951
3.080000	-0.205511	-0.081243	-0.163060	1.048821	-0.106006	-0.127720
3.100000	-0.244690	-0.044814	-0.163251	1.048908	-0.106589	-0.126618
3.120000	-0.282069	-0.008437	-0.163063	1.048928	-0.107044	-0.125681
