0.000000	-2.030034	-0.768885	2.034211	-0.656068	-0.184164	-0.748705
0.020000	-1.900364	-0.941128	1.976691	-0.679406	-0.181644	-0.769452
0.040000	-1.766098	-1.085303	1.909469	-0.703765	-0.179445	-0.790099
0.060000	-1.628181	-1.202343	1.833300	-0.728765	-0.177502	-0.810318
0.080000	-1.487559	-1.293181	1.748939	-0.754023	-0.175748	-0.829781
0.100000	-1.345177	-1.358750	1.657141	-0.779159	-0.174119	-0.848161
0.120000	-1.201981	-1.399983	1.558662	-0.803791	-0.172549	-0.865129
0.140000	-1.058917	-1.417812	1.454255	-0.827539	-0.170971	-0.880358
0.160000	-0.916929	-1.413169	1.344676	-0.850021	-0.169321	-0.893520
0.180000	-0.776964	-1.386989	1.230680	-0.870856	-0.167531	-0.904288
0.200000	-0.639968	-1.340203	1.113021	-0.889664	-0.165537	-0.912333
0.220000	-0.506877	-1.273752	0.992455	-0.906069	-0.163274	-0.917338
0.240000	-0.378377	-1.188806	0.869738	-0.919911	-0.160716	-0.919290
0.260000	-0.254858	-1.086805	0.745628	-0.931278	-0.157880	-0.918535
0.280000	-0.136693	-0.969204	0.620884	-0.940272	-0.154787	-0.915439
0.300000	-0.024255	-0.837459	0.496264	-0.946995	-0.151457	-0.910367
0.320000	0.082081	-0.693024	0.372526	-0.951549	-0.147910	-0.903685
0.340000	0.181944	-0.537355	0.250429	-0.954036	-0.144168	-0.895759
0.360000	0.274960	-0.371907	0.130732	-0.954559	-0.140251	-0.886954
0.380000	0.360754	-0.198135	0.014191	-0.953220	-0.136178	-0.877636
0.400000	0.438956	-0.017495	-0.098433	-0.950121	-0.131971	-0.868172
0.420000	0.509190	0.168560	-0.206383	-0.945364	-0.127649	-0.858926
0.440000	0.571083	0.358572	-0.308900	-0.939051	-0.123234	-0.850264
0.460000	0.624263	0.551088	-0.405226	-0.931285	-0.118746	-0.842552
0.480000	0.668357	0.744652	-0.494603	-0.922167	-0.114205	-0.836157
0.500000	0.702990	0.937808	-0.576272	-0.911800	-0.109631	-0.831442
0.520000	0.727789	1.129103	-0.649475	-0.900286	-0.105046	-0.828775
0.540000	0.742383	1.317078	-0.713457	-0.887727	-0.100469	-0.828521
0.560000	0.746763	1.500014	-0.768110	-0.874263	-0.095933	-0.830848
0.580000	0.741761	1.675573	-0.814838	-0.860118	-0.091497	-0.835473
0.600000	0.728328	1.841331	-0.855257	-0.845528	-0.087225	-0.842048
0.620000	0.707416	1.994865	-0.890984	-0.830730	-0.083180	-0.850226
0.640000	0.679978	2.133750	-0.923635	-0.815961	-0.079426	-0.859658
0.660000	0.646963	2.255563	-0.954825	-0.801457	-0.076025	-0.869997
0.680000	0.609325	2.357880	-0.986172	-0.787455	-0.073042	-0.880895
0.700000	0.568013	2.438276	-1.019291	-0.774191	-0.070540	-0.892004
0.720000	0.523982	2.494328	-1.055798	-0.761903	-0.068583	-0.902976
0.740000	0.478180	2.523611	-1.097311	-0.750826	-0.067233	-0.913463
0.760000	0.431561	2.523703	-1.145444	-0.741197	-0.066554	-0.923117
0.780000	0.385076	2.492179	-1.201815	-0.733252	-0.066610	-0.931591
0.800000	0.339677	2.426615	-1.268039	-0.727230	-0.067464	-0.938536
0.820000	0.296314	2.324587	-1.345734	-0.723365	-0.069179	-0.943605
0.840000	0.255941	2.183672	-1.436513	-0.721894	-0.071819	-0.946450
0.860000	0.219366	2.002927	-1.541119	-0.722927	-0.075414	-0.946829
0.880000	0.186971	1.785898	-1.657632	-0.726182	-0.079894	-0.944815
0.900000	0.159059	1.536977	-1.783636	-0.731308	-0.085168	-0.940545
0.920000	0.135928	1.260560	-1.916711	-0.737951	-0.091147	-0.934155
0.940000	0.117881	0.961039	-2.054438	-0.745757	-0.097741	-0.925779
0.960000	0.105218	0.642807	-2.194398	-0.754373	-0.104860	-0.915553
0.980000	0.098241	0.310259	-2.334174	-0.763448	-0.112415	-0.903613
1.000000	0.097249	-0.032212	-2.471346	-0.772626	-0.120316	-0.890094
1.020000	0.102544	-0.380212	-2.603495	-0.781556	-0.128473	-0.875132
1.040000	0.114426	-0.729348	-2.728203	-0.789884	-0.136796	-0.858861
1.060000	0.133197	-1.075227	-2.843052	-0.797256	-0.145197	-0.841418
1.080000	0.159158	-1.413455	-2.945621	-0.803321	-0.153584	-0.822938
1.100000	0.192609	-1.739638	-3.033494	-0.807724	-0.161868	-0.803557
1.120000	0.233851	-2.049382	-3.104250	-0.810113	-0.169960	-0.783409
1.140000	0.283185	-2.338294	-3.155471	-0.810134	-0.177770	-0.762630
1.160000	0.340912	-2.601981	-3.184739	-0.807434	-0.185208	-0.741356
1.180000	0.407327	-2.836066	-3.189648	-0.801662	-0.192184	-0.719723
1.200000	0.482106	-3.037989	-3.169268	-0.792736	-0.198649	-0.697872
1.220000	0.563746	-3.208641	-3.125471	-0.781076	-0.204628	-0.675962
1.240000	0.650615	-3.349300	-3.060438	-0.767163	-0.210153	-0.654152
1.260000	0.741079	-3.461243	-2.976353	-0.751475	-0.215257	-0.632600
1.280000	0.833506	-3.545745	-2.875401	-0.734491	-0.219975	-0.611465
1.300000	0.926262	-3.604084	-2.759763	-0.716691	-0.224338	-0.590906
1.320000	1.017715	-3.637536	-2.631623	-0.698553	-0.228380	-0.571082
1.340000	1.106231	-3.647378	-2.493164	-0.680557	-0.232134	-0.552152
1.360000	1.190177	-3.634887	-2.346571	-0.663181	-0.235632	-0.534274
1.380000	1.267920	-3.601339	-2.194024	-0.646905	-0.238909	-0.517608
1.400000	1.337827	-3.548011	-2.037709	-0.632208	-0.241998	-0.502313
1.420000	1.398266	-3.476180	-1.879808	-0.619569	-0.244930	-0.488547
1.440000	1.447602	-3.387122	-1.722505	-0.609466	-0.247740	-0.476468
1.460000	1.484203	-3.282114	-1.567982	-0.602380	-0.250460	-0.466237
1.480000	1.506438	-3.162433	-1.418422	-0.598787	-0.253124	-0.458012
1.500000	1.513281	-3.029121	-1.275292	-0.598923	-0.255751	-0.451852
1.520000	1.505198	-2.882652	-1.138309	-0.602419	-0.258326	-0.447575
1.540000	1.482879	-2.723414	-1.006926	-0.608817	-0.260832	-0.444961
1.560000	1.447016	-2.551791	-0.880595	-0.617656	-0.263248	-0.443791
1.580000	1.398298	-2.368173	-0.758768	-0.628480	-0.265557	-0.443846
1.600000	1.337415	-2.172944	-0.640898	-0.640829	-0.267737	-0.444907
1.620000	1.265060	-1.966493	-0.526436	-0.654244	-0.269772	-0.446754
1.640000	1.181921	-1.749206	-0.414835	-0.668267	-0.271641	-0.449167
1.660000	1.088690	-1.521470	-0.305548	-0.682438	-0.273325	-0.451927
1.680000	0.986057	-1.283671	-0.198026	-0.696299	-0.274806	-0.454816
1.700000	0.874713	-1.036198	-0.091722	-0.709392	-0.276064	-0.457613
1.720000	0.755348	-0.779435	0.013911	-0.721257	-0.277081	-0.460099
1.740000	0.628652	-0.513771	0.119423	-0.731436	-0.277837	-0.462056
1.760000	0.495317	-0.239592	0.225359	-0.739470	-0.278313	-0.463263
1.780000	0.356032	0.042716	0.332269	-0.744900	-0.278490	-0.463501
1.800000	0.211488	0.332764	0.440699	-0.747268	-0.278349	-0.462551
1.820000	0.062402	0.629940	0.551088	-0.746222	-0.277872	-0.460255
1.840000	-0.090378	0.932447	0.663292	-0.741972	-0.277044	-0.456776
1.860000	-0.245957	1.238102	0.776983	-0.734910	-0.275852	-0.452382
1.880000	-0.403444	1.544724	0.891831	-0.725429	-0.274284	-0.447342
1.900000	-0.561944	1.850128	1.007507	-0.713921	-0.272325	-0.441921
1.920000	-0.720565	2.152134	1.123680	-0.700780	-0.269964	-0.436390
1.940000	-0.878414	2.448559	1.240021	-0.686396	-0.267187	-0.431014
1.960000	-1.034598	2.737221	1.356200	-0.671164	-0.263980	-0.426062
1.980000	-1.188223	3.015936	1.471887	-0.655474	-0.260332	-0.421803
2.000000	-1.338397	3.282523	1.586753	-0.639720	-0.256228	-0.418502
2.020000	-1.484227	3.534799	1.700468	-0.624295	-0.251655	-0.416430
2.040000	-1.624819	3.770582	1.812703	-0.609590	-0.246601	-0.415852
2.060000	-1.759280	3.987690	1.923127	-0.595999	-0.241053	-0.417038
2.080000	-1.886718	4.183940	2.031411	-0.583913	-0.234997	-0.420254
2.100000	-2.006238	4.357149	2.137225	-0.573725	-0.228420	-0.425769
2.120000	-2.116949	4.505136	2.240240	-0.565828	-0.221310	-0.433851
2.140000	-2.217981	4.625847	2.340093	-0.560583	-0.213657	-0.444740
2.160000	-2.308745	4.718779	2.436043	-0.557986	-0.205505	-0.458350
2.180000	-2.388840	4.784455	2.527094	-0.557790	-0.196934	-0.474382
2.200000	-2.457868	4.823417	2.612247	-0.559743	-0.188023	-0.492531
2.220000	-2.515431	4.836205	2.690501	-0.563593	-0.178852	-0.512493
2.240000	-2.561130	4.823360	2.760859	-0.569089	-0.169501	-0.533964
2.260000	-2.594568	4.785422	2.822320	-0.575980	-0.160048	-0.556638
2.280000	-2.615345	4.722934	2.873885	-0.584014	-0.150573	-0.580212
2.300000	-2.623063	4.636435	2.914554	-0.592939	-0.141157	-0.604382
2.320000	-2.617325	4.526467	2.943328	-0.602504	-0.131878	-0.628842
2.340000	-2.597733	4.393570	2.959208	-0.612457	-0.122817	-0.653289
2.360000	-2.563887	4.238286	2.961193	-0.622548	-0.114052	-0.677419
2.380000	-2.515389	4.061156	2.948285	-0.632523	-0.105664	-0.700927
2.400000	-2.451842	3.862719	2.919484	-0.642133	-0.097731	-0.723508
2.420000	-2.372847	3.643518	2.873791	-0.651125	-0.090334	-0.744858
2.440000	-2.278006	3.404093	2.810206	-0.659248	-0.083553	-0.764674
2.460000	-2.166956	3.145018	2.727757	-0.666255	-0.077465	-0.782655
2.480000	-2.040710	2.868100	2.626517	-0.672096	-0.072121	-0.798693
2.500000	-1.902048	2.576738	2.507905	-0.676974	-0.067535	-0.812923
2.520000	-1.753867	2.274433	2.373428	-0.681107	-0.063716	-0.825497
2.540000	-1.599064	1.964688	2.224591	-0.684713	-0.060675	-0.836567
2.560000	-1.440534	1.651005	2.062903	-0.688012	-0.058424	-0.846286
2.580000	-1.281175	1.336886	1.889869	-0.691222	-0.056973	-0.854804
2.600000	-1.123884	1.025833	1.706996	-0.694562	-0.056332	-0.862274
