0.000000	-1.397014	-2.846461	0.000071	-0.780647	-0.057461	-0.941194
0.020000	-1.438801	-3.327017	-0.054718	-0.805384	-0.044126	-0.958897
0.040000	-1.468759	-3.754216	-0.099890	-0.828467	-0.031583	-0.975177
0.060000	-1.482206	-4.119320	-0.136440	-0.849528	-0.020146	-0.989639
0.080000	-1.474460	-4.413589	-0.165364	-0.868203	-0.010126	-1.001893
0.100000	-1.440838	-4.628285	-0.187657	-0.884127	-0.001838	-1.011544
0.120000	-1.376658	-4.754671	-0.204315	-0.896934	0.004406	-1.018199
0.140000	-1.277264	-4.784057	-0.216333	-0.906259	0.008294	-1.021469
0.160000	-1.141069	-4.714161	-0.224655	-0.911966	0.009686	-1.021184
0.180000	-0.972503	-4.555232	-0.230125	-0.914361	0.008773	-1.017613
0.200000	-0.776692	-4.318972	-0.233573	-0.913799	0.005787	-1.011075
0.220000	-0.558763	-4.017084	-0.235832	-0.910638	0.000960	-1.001888
0.240000	-0.323842	-3.661271	-0.237733	-0.905234	-0.005478	-0.990372
0.260000	-0.077055	-3.263236	-0.240109	-0.897945	-0.013294	-0.976845
0.280000	0.176471	-2.834681	-0.243790	-0.889127	-0.022258	-0.961626
0.300000	0.431610	-2.387309	-0.249608	-0.879137	-0.032138	-0.945034
0.320000	0.683236	-1.932824	-0.258395	-0.868332	-0.042702	-0.927388
0.340000	0.926221	-1.482927	-0.270982	-0.857068	-0.053721	-0.909007
0.360000	1.155439	-1.049322	-0.288202	-0.845703	-0.064961	-0.890209
0.380000	1.365765	-0.643711	-0.310886	-0.834593	-0.076192	-0.871313
0.400000	1.552071	-0.277798	-0.339865	-0.824095	-0.087183	-0.852638
0.420000	1.709232	0.036715	-0.375971	-0.814566	-0.097702	-0.834504
0.440000	1.832120	0.288126	-0.420036	-0.806363	-0.107517	-0.817228
0.460000	1.915609	0.464731	-0.472891	-0.799842	-0.116398	-0.801130
0.480000	1.955998	0.558206	-0.535065	-0.795270	-0.124159	-0.786464
0.500000	1.955396	0.574021	-0.605849	-0.792536	-0.130798	-0.773218
0.520000	1.917399	0.521165	-0.684218	-0.791439	-0.136363	-0.761314
0.540000	1.845600	0.408626	-0.769146	-0.791774	-0.140901	-0.750673
0.560000	1.743593	0.245394	-0.859609	-0.793338	-0.144457	-0.741217
0.580000	1.614973	0.040458	-0.954582	-0.795927	-0.147078	-0.732866
0.600000	1.463334	-0.197194	-1.053039	-0.799338	-0.148812	-0.725543
0.620000	1.292271	-0.458573	-1.153956	-0.803366	-0.149705	-0.719168
0.640000	1.105377	-0.734689	-1.256308	-0.807809	-0.149803	-0.713663
0.660000	0.906246	-1.016554	-1.359069	-0.812463	-0.149154	-0.708949
0.680000	0.698474	-1.295178	-1.461215	-0.817124	-0.147803	-0.704947
0.700000	0.485653	-1.561574	-1.561720	-0.821589	-0.145798	-0.701580
0.720000	0.271379	-1.806751	-1.659560	-0.825653	-0.143186	-0.698767
0.740000	0.059246	-2.021722	-1.753710	-0.829114	-0.140012	-0.696430
0.760000	-0.147153	-2.197496	-1.843144	-0.831768	-0.136324	-0.694491
0.780000	-0.344239	-2.325168	-1.926841	-0.833412	-0.132169	-0.692871
0.800000	-0.529562	-2.401301	-2.004014	-0.833944	-0.127637	-0.691487
0.820000	-0.702481	-2.431252	-2.074250	-0.833419	-0.122890	-0.690251
0.840000	-0.862517	-2.421173	-2.137170	-0.831906	-0.118095	-0.689071
0.860000	-1.009194	-2.377213	-2.192398	-0.829475	-0.113419	-0.687858
0.880000	-1.142032	-2.305525	-2.239554	-0.826196	-0.109029	-0.686523
0.900000	-1.260554	-2.212258	-2.278260	-0.822139	-0.105092	-0.684976
0.920000	-1.364284	-2.103565	-2.308138	-0.817374	-0.101775	-0.683127
0.940000	-1.452742	-1.985595	-2.328810	-0.811969	-0.099246	-0.680886
0.960000	-1.525450	-1.864501	-2.339898	-0.805996	-0.097672	-0.678163
0.980000	-1.581933	-1.746432	-2.341022	-0.799524	-0.097219	-0.674868
1.000000	-1.621710	-1.637541	-2.331806	-0.792622	-0.098055	-0.670912
1.020000	-1.644306	-1.543977	-2.311871	-0.785360	-0.100348	-0.666205
1.040000	-1.649241	-1.471892	-2.280839	-0.777809	-0.104263	-0.660657
1.060000	-1.636038	-1.427437	-2.238331	-0.770037	-0.109969	-0.654179
1.080000	-1.604220	-1.416762	-2.183969	-0.762114	-0.117633	-0.646680
1.100000	-1.553309	-1.446019	-2.117376	-0.754111	-0.127421	-0.638070
1.120000	-1.483390	-1.518808	-2.038519	-0.746105	-0.139402	-0.628312
1.140000	-1.396404	-1.630351	-1.948511	-0.738198	-0.153321	-0.617537
1.160000	-1.294669	-1.774149	-1.848696	-0.730499	-0.168856	-0.605913
1.180000	-1.180505	-1.943706	-1.740420	-0.723114	-0.185684	-0.593606
1.200000	-1.056232	-2.132522	-1.625026	-0.716153	-0.203483	-0.580784
1.220000	-0.924168	-2.334102	-1.503861	-0.709723	-0.221931	-0.567612
1.240000	-0.786634	-2.541946	-1.378269	-0.703932	-0.240707	-0.554257
1.260000	-0.645949	-2.749558	-1.249596	-0.698888	-0.259488	-0.540888
1.280000	-0.504431	-2.950440	-1.119187	-0.694698	-0.277952	-0.527670
1.300000	-0.364402	-3.138093	-0.988386	-0.691471	-0.295776	-0.514770
1.320000	-0.228179	-3.306021	-0.858538	-0.689315	-0.312640	-0.502355
1.340000	-0.098083	-3.447726	-0.730989	-0.688337	-0.328220	-0.490592
1.360000	0.023567	-3.556709	-0.607085	-0.688645	-0.342196	-0.479648
1.380000	0.134452	-3.626474	-0.488168	-0.690348	-0.354243	-0.469689
1.400000	0.232253	-3.650522	-0.375586	-0.693553	-0.364041	-0.460883
1.420000	0.314649	-3.622356	-0.270683	-0.698368	-0.371268	-0.453396
1.440000	0.379655	-3.536677	-0.174657	-0.704871	-0.375656	-0.447369
1.460000	0.427657	-3.396715	-0.087664	-0.712930	-0.377327	-0.442754
1.480000	0.460069	-3.209401	-0.009408	-0.722319	-0.376571	-0.439423
1.500000	0.478312	-2.981679	0.060409	-0.732813	-0.373679	-0.437245
1.520000	0.483804	-2.720494	0.122087	-0.744188	-0.368944	-0.436092
1.540000	0.477964	-2.432789	0.175922	-0.756218	-0.362655	-0.435834
1.560000	0.462211	-2.125510	0.222214	-0.768679	-0.355105	-0.436343
1.580000	0.437964	-1.805601	0.261261	-0.781345	-0.346584	-0.437487
1.600000	0.406643	-1.480006	0.293361	-0.793991	-0.337384	-0.439140
1.620000	0.369666	-1.155670	0.318812	-0.806392	-0.327795	-0.441170
1.640000	0.328452	-0.839538	0.337913	-0.818324	-0.318110	-0.443449
1.660000	0.284421	-0.538554	0.350961	-0.829560	-0.308619	-0.445848
1.680000	0.238992	-0.259662	0.358256	-0.839877	-0.299614	-0.448237
1.700000	0.193583	-0.009808	0.360095	-0.849049	-0.291386	-0.450486
1.720000	0.149613	0.204065	0.356777	-0.856850	-0.284225	-0.452467
1.740000	0.108502	0.375012	0.348599	-0.863057	-0.278424	-0.454050
1.760000	0.071607	0.496443	0.335867	-0.867455	-0.274259	-0.455112
1.780000	0.039170	0.568071	0.318980	-0.870050	-0.271762	-0.455621
1.800000	0.010478	0.595029	0.298422	-0.871031	-0.270752	-0.455630
1.820000	-0.015212	0.582626	0.274681	-0.870595	-0.271043	-0.455191
1.840000	-0.038647	0.536173	0.248242	-0.868938	-0.272447	-0.454358
1.860000	-0.060570	0.460979	0.219593	-0.866258	-0.274776	-0.453185
1.880000	-0.081726	0.362354	0.189220	-0.862749	-0.277843	-0.451725
1.900000	-0.102860	0.245607	0.157610	-0.858609	-0.281462	-0.450031
1.920000	-0.124715	0.116049	0.125250	-0.854035	-0.285445	-0.448158
1.940000	-0.148038	-0.021012	0.092627	-0.849223	-0.289604	-0.446158
1.960000	-0.173572	-0.160265	0.060227	-0.844368	-0.293753	-0.444085
1.980000	-0.202062	-0.296400	0.028537	-0.839669	-0.297704	-0.441993
2.000000	-0.234252	-0.424109	-0.001957	-0.835320	-0.301269	-0.439935
2.020000	-0.270887	-0.538081	-0.030767	-0.831519	-0.304262	-0.437964
2.040000	-0.312713	-0.633006	-0.057406	-0.828463	-0.306496	-0.436135
2.060000	-0.360472	-0.703575	-0.081389	-0.826347	-0.307782	-0.434500
2.080000	-0.414567	-0.745425	-0.102337	-0.825334	-0.307971	-0.433105
2.100000	-0.473447	-0.759565	-0.120485	-0.825390	-0.307117	-0.431942
2.120000	-0.534875	-0.748897	-0.136287	-0.826415	-0.305350	-0.430987
2.140000	-0.596614	-0.716323	-0.150194	-0.828306	-0.302798	-0.430217
2.160000	-0.656426	-0.664747	-0.162660	-0.830961	-0.299589	-0.429605
2.180000	-0.712073	-0.597073	-0.174138	-0.834278	-0.295852	-0.429129
2.200000	-0.761318	-0.516205	-0.185080	-0.838157	-0.291715	-0.428762
2.220000	-0.801923	-0.425045	-0.195938	-0.842494	-0.287307	-0.428482
2.240000	-0.831650	-0.326497	-0.207167	-0.847189	-0.282757	-0.428264
2.260000	-0.848261	-0.223465	-0.219218	-0.852138	-0.278193	-0.428082
2.280000	-0.849520	-0.118852	-0.232544	-0.857242	-0.273744	-0.427914
2.300000	-0.833188	-0.015562	-0.247598	-0.862396	-0.269538	-0.427733
