0.000000	-1.366021	1.885397	1.890288	-0.590625	-0.245856	-0.659572
0.020000	-1.161111	1.432813	1.789508	-0.614151	-0.264606	-0.692822
0.040000	-0.967880	0.983621	1.677642	-0.638800	-0.283085	-0.725915
0.060000	-0.790326	0.544339	1.554979	-0.664265	-0.300839	-0.758417
0.080000	-0.632451	0.121484	1.421803	-0.690244	-0.317411	-0.789895
0.100000	-0.498253	-0.278425	1.278400	-0.716430	-0.332344	-0.819914
0.120000	-0.391735	-0.648872	1.125056	-0.742519	-0.345182	-0.848041
0.140000	-0.316894	-0.983337	0.962058	-0.768207	-0.355469	-0.873843
0.160000	-0.277721	-1.275314	0.789693	-0.793189	-0.362750	-0.896886
0.180000	-0.275918	-1.520571	0.608750	-0.817216	-0.366783	-0.916896
0.200000	-0.308041	-1.719991	0.421137	-0.840166	-0.367812	-0.933953
0.220000	-0.369947	-1.875155	0.228919	-0.861932	-0.366144	-0.948187
0.240000	-0.457491	-1.987645	0.034159	-0.882409	-0.362090	-0.959727
0.260000	-0.566528	-2.059043	-0.161079	-0.901491	-0.355956	-0.968702
0.280000	-0.692914	-2.090929	-0.354733	-0.919072	-0.348053	-0.975241
0.300000	-0.832505	-2.084886	-0.544739	-0.935046	-0.338687	-0.979474
0.320000	-0.981155	-2.042495	-0.729034	-0.949307	-0.328169	-0.981529
0.340000	-1.134720	-1.965337	-0.905553	-0.961751	-0.316806	-0.981537
0.360000	-1.289057	-1.854993	-1.072235	-0.972270	-0.304907	-0.979625
0.380000	-1.440020	-1.713046	-1.227015	-0.980759	-0.292781	-0.975924
0.400000	-1.583465	-1.541077	-1.367830	-0.987112	-0.280736	-0.970562
0.420000	-1.715247	-1.340666	-1.492617	-0.991223	-0.269080	-0.963670
0.440000	-1.831221	-1.113397	-1.599313	-0.992987	-0.258123	-0.955375
0.460000	-1.927245	-0.860849	-1.685853	-0.992298	-0.248173	-0.945808
0.480000	-1.999172	-0.584605	-1.750175	-0.989049	-0.239538	-0.935097
0.500000	-2.042912	-0.286274	-1.790251	-0.983139	-0.232523	-0.923372
0.520000	-2.056994	0.031119	-1.805796	-0.974629	-0.227231	-0.910791
0.540000	-2.043705	0.362526	-1.799020	-0.963817	-0.223480	-0.897552
0.560000	-2.005622	0.702741	-1.772329	-0.951018	-0.221063	-0.883854
0.580000	-1.945318	1.046559	-1.728128	-0.936549	-0.219773	-0.869900
0.600000	-1.865371	1.388776	-1.668819	-0.920725	-0.219406	-0.855889
0.620000	-1.768356	1.724186	-1.596808	-0.903863	-0.219754	-0.842022
0.640000	-1.656849	2.047584	-1.514499	-0.886277	-0.220613	-0.828500
0.660000	-1.533426	2.353764	-1.424296	-0.868284	-0.221776	-0.815524
0.680000	-1.400662	2.637522	-1.328605	-0.850199	-0.223037	-0.803293
0.700000	-1.261135	2.893652	-1.229828	-0.832339	-0.224190	-0.792010
0.720000	-1.117418	3.116950	-1.130371	-0.815019	-0.225030	-0.781874
0.740000	-0.972089	3.302210	-1.032638	-0.798555	-0.225350	-0.773085
0.760000	-0.827723	3.444226	-0.939033	-0.783262	-0.224944	-0.765846
0.780000	-0.686895	3.537794	-0.851961	-0.769457	-0.223607	-0.760356
0.800000	-0.552170	3.577738	-0.773819	-0.757453	-0.221134	-0.756815
0.820000	-0.424779	3.561854	-0.706416	-0.747401	-0.217469	-0.755242
0.840000	-0.303515	3.493400	-0.650470	-0.739146	-0.212832	-0.755330
0.860000	-0.186903	3.376222	-0.606584	-0.732503	-0.207473	-0.756736
0.880000	-0.073471	3.214168	-0.575358	-0.727286	-0.201639	-0.759117
0.900000	0.038252	3.011084	-0.557396	-0.723309	-0.195579	-0.762128
0.920000	0.149740	2.770816	-0.553299	-0.720385	-0.189543	-0.765428
0.940000	0.262466	2.497211	-0.563670	-0.718330	-0.183779	-0.768673
0.960000	0.377902	2.194115	-0.589111	-0.716956	-0.178535	-0.771520
0.980000	0.497520	1.865375	-0.630224	-0.716078	-0.174062	-0.773626
1.000000	0.622793	1.514836	-0.687610	-0.715511	-0.170607	-0.774647
1.020000	0.755194	1.146347	-0.761872	-0.715068	-0.168420	-0.774241
1.040000	0.896195	0.763752	-0.853612	-0.714562	-0.167749	-0.772064
1.060000	1.047269	0.370899	-0.963433	-0.713809	-0.168843	-0.767774
1.080000	1.209888	-0.028366	-1.091936	-0.712622	-0.171951	-0.761026
1.100000	1.385525	-0.430197	-1.239723	-0.710816	-0.177322	-0.751478
1.120000	1.575653	-0.830746	-1.407396	-0.708203	-0.185204	-0.738786
1.140000	1.780674	-1.226329	-1.594690	-0.704653	-0.195740	-0.722755
1.160000	1.996907	-1.613872	-1.798029	-0.700236	-0.208659	-0.703744
1.180000	2.219698	-1.990446	-2.013047	-0.695072	-0.223595	-0.682248
1.200000	2.444394	-2.353124	-2.235380	-0.689283	-0.240182	-0.658762
1.220000	2.666341	-2.698979	-2.460663	-0.682987	-0.258052	-0.633778
1.240000	2.880885	-3.025083	-2.684529	-0.676306	-0.276840	-0.607793
1.260000	3.083372	-3.328508	-2.902615	-0.669359	-0.296177	-0.581298
1.280000	3.269149	-3.606326	-3.110556	-0.662267	-0.315698	-0.554790
1.300000	3.433561	-3.855610	-3.303985	-0.655149	-0.335036	-0.528761
1.320000	3.571956	-4.073432	-3.478539	-0.648127	-0.353824	-0.503706
1.340000	3.679679	-4.256864	-3.629851	-0.641320	-0.371695	-0.480119
1.360000	3.752076	-4.402979	-3.753557	-0.634848	-0.388282	-0.458495
1.380000	3.784493	-4.508849	-3.845292	-0.628833	-0.403219	-0.439327
1.400000	3.772277	-4.571547	-3.900691	-0.623393	-0.416140	-0.423109
1.420000	3.710775	-4.588144	-3.915389	-0.618649	-0.426676	-0.410336
1.440000	3.595402	-4.555756	-3.885076	-0.614720	-0.434467	-0.401496
1.460000	3.425538	-4.473926	-3.808620	-0.611647	-0.439387	-0.396725
1.480000	3.206560	-4.345869	-3.689691	-0.609351	-0.441675	-0.395632
1.500000	2.944341	-4.175104	-3.532358	-0.607744	-0.441597	-0.397779
1.520000	2.644757	-3.965154	-3.340692	-0.606740	-0.439420	-0.402729
1.540000	2.313682	-3.719537	-3.118763	-0.606249	-0.435413	-0.410046
1.560000	1.956992	-3.441775	-2.870640	-0.606184	-0.429843	-0.419293
1.580000	1.580560	-3.135388	-2.600394	-0.606457	-0.422976	-0.430032
1.600000	1.190261	-2.803896	-2.312095	-0.606981	-0.415080	-0.441826
1.620000	0.791971	-2.450820	-2.009812	-0.607667	-0.406423	-0.454240
1.640000	0.391564	-2.079681	-1.697617	-0.608428	-0.397271	-0.466835
1.660000	-0.005085	-1.693999	-1.379578	-0.609175	-0.387893	-0.479175
1.680000	-0.392102	-1.297294	-1.059766	-0.609821	-0.378554	-0.490823
1.700000	-0.763611	-0.893087	-0.742250	-0.610278	-0.369524	-0.501343
1.720000	-1.113739	-0.484898	-0.431101	-0.610459	-0.361068	-0.510296
1.740000	-1.436609	-0.076248	-0.130390	-0.610274	-0.353454	-0.517247
1.760000	-1.726349	0.329343	0.155815	-0.609637	-0.346950	-0.521758
1.780000	-1.977270	0.728378	0.423556	-0.608463	-0.341812	-0.523412
1.800000	-2.187843	1.117890	0.671362	-0.606747	-0.338064	-0.522215
1.820000	-2.360611	1.495432	0.900203	-0.604560	-0.335502	-0.518588
1.840000	-2.498290	1.858578	1.111148	-0.601977	-0.333913	-0.512972
1.860000	-2.603591	2.204900	1.305266	-0.599073	-0.333081	-0.505806
1.880000	-2.679230	2.531974	1.483629	-0.595922	-0.332793	-0.497528
1.900000	-2.727921	2.837373	1.647306	-0.592600	-0.332835	-0.488578
1.920000	-2.752376	3.118671	1.797367	-0.589182	-0.332994	-0.479396
1.940000	-2.755311	3.373442	1.934882	-0.585741	-0.333056	-0.470420
1.960000	-2.739439	3.599259	2.060921	-0.582354	-0.332805	-0.462091
1.980000	-2.707474	3.793697	2.176554	-0.579094	-0.332030	-0.454846
2.000000	-2.662130	3.954330	2.282852	-0.576037	-0.330515	-0.449126
2.020000	-2.606120	4.078731	2.380883	-0.573258	-0.328048	-0.445370
2.040000	-2.542160	4.164474	2.471718	-0.570831	-0.324413	-0.444018
2.060000	-2.472962	4.209134	2.556428	-0.568831	-0.319397	-0.445507
2.080000	-2.401241	4.210283	2.636082	-0.567333	-0.312787	-0.450279
2.100000	-2.329319	4.166114	2.711480	-0.566416	-0.304420	-0.458690
2.120000	-2.256928	4.078911	2.781644	-0.566180	-0.294488	-0.470561
2.140000	-2.182744	3.952620	2.844868	-0.566737	-0.283323	-0.485493
2.160000	-2.105443	3.791193	2.899446	-0.568199	-0.271258	-0.503085
2.180000	-2.023699	3.598584	2.943670	-0.570675	-0.258625	-0.522938
2.200000	-1.936185	3.378745	2.975835	-0.574277	-0.245759	-0.544653
2.220000	-1.841577	3.135627	2.994232	-0.579116	-0.232991	-0.567829
2.240000	-1.738547	2.873183	2.997156	-0.585303	-0.220655	-0.592067
2.260000	-1.625772	2.595366	2.982900	-0.592949	-0.209084	-0.616967
2.280000	-1.501925	2.306127	2.949756	-0.602165	-0.198612	-0.642129
2.300000	-1.365680	2.009420	2.896019	-0.613062	-0.189570	-0.667155
2.320000	-1.215712	1.709195	2.819981	-0.625751	-0.182292	-0.691643
2.340000	-1.050695	1.409406	2.719935	-0.640343	-0.177111	-0.715194
2.360000	-0.869303	1.114005	2.594176	-0.656948	-0.174360	-0.737409
