0.000000	-2.653289	4.801307	3.009439	-0.590467	-0.173168	-0.822445
0.020000	-2.408190	4.345859	2.905038	-0.594753	-0.155632	-0.857267
0.040000	-2.160408	3.876405	2.788092	-0.600626	-0.138871	-0.891533
0.060000	-1.914302	3.401412	2.660874	-0.608164	-0.123166	-0.924818
0.080000	-1.674234	2.929346	2.525658	-0.617450	-0.108796	-0.956697
0.100000	-1.444563	2.468674	2.384718	-0.628563	-0.096043	-0.986744
0.120000	-1.229649	2.027864	2.240328	-0.641584	-0.085186	-1.014534
0.140000	-1.033853	1.615382	2.094760	-0.656594	-0.076505	-1.039640
0.160000	-0.861535	1.239695	1.950290	-0.673672	-0.070280	-1.061637
0.180000	-0.717056	0.909270	1.809189	-0.692900	-0.066793	-1.080101
0.200000	-0.604609	0.632287	1.673653	-0.714345	-0.066308	-1.094620
0.220000	-0.524566	0.410271	1.544006	-0.737815	-0.068785	-1.105147
0.240000	-0.473461	0.238073	1.418702	-0.762848	-0.073867	-1.112000
0.260000	-0.447659	0.110255	1.296113	-0.788975	-0.081189	-1.115508
0.280000	-0.443529	0.021375	1.174611	-0.815723	-0.090382	-1.116006
0.300000	-0.457436	-0.034005	1.052567	-0.842623	-0.101080	-1.113825
0.320000	-0.485746	-0.061325	0.928354	-0.869202	-0.112915	-1.109297
0.340000	-0.524827	-0.066027	0.800342	-0.894991	-0.125519	-1.102754
0.360000	-0.571045	-0.053548	0.666905	-0.919518	-0.138526	-1.094528
0.380000	-0.620767	-0.029330	0.526412	-0.942311	-0.151567	-1.084951
0.400000	-0.670359	0.001189	0.377237	-0.962901	-0.164276	-1.074356
0.420000	-0.716187	0.032568	0.217752	-0.980816	-0.176284	-1.063075
0.440000	-0.754618	0.059366	0.046326	-0.995585	-0.187225	-1.051439
0.460000	-0.782020	0.076146	-0.138666	-1.006737	-0.196731	-1.039781
0.480000	-0.794757	0.077466	-0.338855	-1.013801	-0.204435	-1.028432
0.500000	-0.789257	0.057962	-0.555820	-1.016316	-0.209976	-1.017720
0.520000	-0.764159	0.015078	-0.789390	-1.014194	-0.213247	-1.007758
0.540000	-0.720938	-0.050143	-1.037147	-1.007823	-0.214467	-0.998389
0.560000	-0.661253	-0.136427	-1.296527	-0.997622	-0.213876	-0.989438
0.580000	-0.586763	-0.242498	-1.564968	-0.984013	-0.211713	-0.980730
0.600000	-0.499127	-0.367082	-1.839905	-0.967413	-0.208218	-0.972088
0.620000	-0.400006	-0.508903	-2.118774	-0.948243	-0.203630	-0.963340
0.640000	-0.291057	-0.666685	-2.399012	-0.926923	-0.198189	-0.954308
0.660000	-0.173939	-0.839153	-2.678057	-0.903871	-0.192134	-0.944818
0.680000	-0.050313	-1.025033	-2.953343	-0.879508	-0.185706	-0.934695
0.700000	0.078163	-1.223048	-3.222307	-0.854254	-0.179144	-0.923764
0.720000	0.209829	-1.431924	-3.482386	-0.828528	-0.172688	-0.911849
0.740000	0.343027	-1.650385	-3.731016	-0.802749	-0.166576	-0.898775
0.760000	0.476097	-1.877155	-3.965634	-0.777338	-0.161049	-0.884367
0.780000	0.607380	-2.110961	-4.183676	-0.752713	-0.156347	-0.868450
0.800000	0.735217	-2.350525	-4.382578	-0.729295	-0.152708	-0.850849
0.820000	0.857950	-2.594573	-4.559778	-0.707503	-0.150373	-0.831389
0.840000	0.974182	-2.841579	-4.713205	-0.687624	-0.149489	-0.810022
0.860000	1.083190	-3.089380	-4.842046	-0.669604	-0.149965	-0.787023
0.880000	1.184358	-3.335713	-4.945686	-0.653337	-0.151675	-0.762721
0.900000	1.277067	-3.578315	-5.023511	-0.638718	-0.154492	-0.737442
0.920000	1.360700	-3.814922	-5.074904	-0.625639	-0.158290	-0.711514
0.940000	1.434640	-4.043272	-5.099251	-0.613994	-0.162941	-0.685263
0.960000	1.498269	-4.261101	-5.095937	-0.603678	-0.168320	-0.659017
0.980000	1.550971	-4.466145	-5.064346	-0.594583	-0.174298	-0.633103
1.000000	1.592126	-4.656143	-5.003864	-0.586604	-0.180750	-0.607848
1.020000	1.621119	-4.828829	-4.913875	-0.579634	-0.187549	-0.583580
1.040000	1.637332	-4.981941	-4.793765	-0.573567	-0.194567	-0.560625
1.060000	1.640146	-5.113217	-4.642918	-0.568296	-0.201679	-0.539311
1.080000	1.628946	-5.220391	-4.460720	-0.563716	-0.208757	-0.519965
1.100000	1.603113	-5.301202	-4.246554	-0.559719	-0.215674	-0.502914
1.120000	1.562030	-5.353387	-3.999807	-0.556200	-0.222304	-0.488486
1.140000	1.505596	-5.375328	-3.720900	-0.553079	-0.228557	-0.476889
1.160000	1.435445	-5.367577	-3.413737	-0.550360	-0.234467	-0.467939
1.180000	1.353572	-5.331142	-3.082948	-0.548067	-0.240092	-0.461368
1.200000	1.261972	-5.267027	-2.733165	-0.546225	-0.245493	-0.456908
1.220000	1.162643	-5.176240	-2.369017	-0.544858	-0.250729	-0.454292
1.240000	1.057578	-5.059785	-1.995137	-0.543989	-0.255859	-0.453251
1.260000	0.948774	-4.918670	-1.616155	-0.543641	-0.260942	-0.453519
1.280000	0.838227	-4.753901	-1.236702	-0.543840	-0.266039	-0.454827
1.300000	0.727932	-4.566483	-0.861410	-0.544609	-0.271208	-0.456907
1.320000	0.619886	-4.357423	-0.494908	-0.545971	-0.276510	-0.459492
1.340000	0.516083	-4.127727	-0.141829	-0.547951	-0.282003	-0.462314
1.360000	0.418520	-3.878402	0.193197	-0.550572	-0.287747	-0.465106
1.380000	0.329192	-3.610452	0.505538	-0.553858	-0.293802	-0.467599
1.400000	0.250095	-3.324885	0.790565	-0.557833	-0.300227	-0.469527
1.420000	0.183224	-3.022706	1.043645	-0.562521	-0.307081	-0.470620
1.440000	0.130577	-2.704922	1.260148	-0.567946	-0.314424	-0.470612
1.460000	0.093666	-2.372563	1.436160	-0.574118	-0.322294	-0.469271
1.480000	0.070508	-2.026839	1.572984	-0.580954	-0.330578	-0.466639
1.500000	0.057572	-1.669037	1.674228	-0.588327	-0.339092	-0.462873
1.520000	0.051321	-1.300447	1.743511	-0.596112	-0.347654	-0.458134
1.540000	0.048218	-0.922357	1.784450	-0.604181	-0.356082	-0.452581
1.560000	0.044725	-0.536056	1.800664	-0.612408	-0.364194	-0.446375
1.580000	0.037304	-0.142831	1.795772	-0.620668	-0.371807	-0.439674
1.600000	0.022419	0.256028	1.773392	-0.628833	-0.378740	-0.432640
1.620000	-0.003468	0.659234	1.737143	-0.636778	-0.384808	-0.425431
1.640000	-0.043895	1.065496	1.690643	-0.644377	-0.389831	-0.418207
1.660000	-0.102399	1.473528	1.637510	-0.651503	-0.393626	-0.411129
1.680000	-0.182517	1.882040	1.581363	-0.658030	-0.396010	-0.404355
1.700000	-0.287787	2.289743	1.525820	-0.663831	-0.396801	-0.398047
1.720000	-0.421746	2.695350	1.474500	-0.668780	-0.395816	-0.392363
1.740000	-0.587931	3.097572	1.431021	-0.672752	-0.392874	-0.387463
1.760000	-0.789881	3.495119	1.399001	-0.675619	-0.387792	-0.383507
1.780000	-1.030852	3.886626	1.381898	-0.677262	-0.380400	-0.380652
1.800000	-1.308980	4.269285	1.380224	-0.677667	-0.370750	-0.379000
1.820000	-1.617914	4.639030	1.391910	-0.676916	-0.359092	-0.378605
1.840000	-1.951156	4.991753	1.414801	-0.675093	-0.345680	-0.379521
1.860000	-2.302204	5.323343	1.446743	-0.672284	-0.330771	-0.381800
1.880000	-2.664558	5.629692	1.485581	-0.668572	-0.314618	-0.385495
1.900000	-3.031717	5.906691	1.529159	-0.664042	-0.297477	-0.390658
1.920000	-3.397181	6.150232	1.575323	-0.658778	-0.279603	-0.397343
1.940000	-3.754449	6.356204	1.621919	-0.652866	-0.261252	-0.405603
1.960000	-4.097021	6.520499	1.666791	-0.646390	-0.242679	-0.415489
1.980000	-4.418396	6.639008	1.707784	-0.639434	-0.224138	-0.427055
2.000000	-4.712074	6.707622	1.742743	-0.632082	-0.205886	-0.440353
2.020000	-4.971553	6.722233	1.769515	-0.624420	-0.188176	-0.455437
2.040000	-5.190335	6.678730	1.785942	-0.616532	-0.171265	-0.472360
2.060000	-5.361918	6.573005	1.789872	-0.608502	-0.155407	-0.491173
2.080000	-5.479801	6.400949	1.779149	-0.600415	-0.140858	-0.511930
2.100000	-5.537485	6.158453	1.751617	-0.592356	-0.127873	-0.534684
2.120000	-5.529262	5.842252	1.705400	-0.584419	-0.116687	-0.559465
