0.000000	-2.722950	-1.314918	-0.102017	-0.539274	-0.194583	-0.867967
0.020000	-2.653790	-1.544705	-0.168257	-0.561946	-0.200696	-0.882171
0.040000	-2.584874	-1.726929	-0.210781	-0.588624	-0.206290	-0.897175
0.060000	-2.516125	-1.862067	-0.230834	-0.618932	-0.211294	-0.912886
0.080000	-2.447032	-1.953421	-0.231802	-0.652196	-0.215709	-0.929084
0.100000	-2.377078	-2.004324	-0.217103	-0.687739	-0.219537	-0.945547
0.120000	-2.305748	-2.018111	-0.190150	-0.724885	-0.222779	-0.962053
0.140000	-2.232523	-1.998117	-0.154358	-0.762955	-0.225437	-0.978380
0.160000	-2.156887	-1.947677	-0.113143	-0.801274	-0.227512	-0.994307
0.180000	-2.078323	-1.870124	-0.069919	-0.839163	-0.229006	-1.009611
0.200000	-1.996316	-1.768794	-0.028101	-0.875945	-0.229920	-1.024072
0.220000	-1.910347	-1.647022	0.008895	-0.910945	-0.230257	-1.037466
0.240000	-1.819900	-1.508141	0.037656	-0.943483	-0.230017	-1.049573
0.260000	-1.724459	-1.355486	0.054765	-0.972884	-0.229203	-1.060171
0.280000	-1.623507	-1.192393	0.056808	-0.998470	-0.227816	-1.069037
0.300000	-1.516527	-1.022195	0.040370	-1.019564	-0.225858	-1.075950
0.320000	-1.403002	-0.848227	0.002036	-1.035488	-0.223329	-1.080688
0.340000	-1.282415	-0.673824	-0.061608	-1.045567	-0.220233	-1.083030
0.360000	-1.154250	-0.502320	-0.153979	-1.049122	-0.216570	-1.082753
0.380000	-1.018194	-0.336921	-0.277714	-1.045642	-0.212357	-1.079690
0.400000	-0.875127	-0.180070	-0.430895	-1.035586	-0.207699	-1.073985
0.420000	-0.726366	-0.033932	-0.609943	-1.019766	-0.202733	-1.065898
0.440000	-0.573229	0.099325	-0.811276	-0.998997	-0.197596	-1.055689
0.460000	-0.417031	0.217537	-1.031313	-0.974090	-0.192425	-1.043619
0.480000	-0.259091	0.318536	-1.266472	-0.945861	-0.187356	-1.029946
0.500000	-0.100725	0.400158	-1.513173	-0.915121	-0.182527	-1.014930
0.520000	0.056751	0.460237	-1.767834	-0.882683	-0.178074	-0.998832
0.540000	0.212018	0.496606	-2.026874	-0.849362	-0.174136	-0.981911
0.560000	0.363760	0.507100	-2.286711	-0.815971	-0.170848	-0.964427
0.580000	0.510660	0.489553	-2.543765	-0.783322	-0.168347	-0.946640
0.600000	0.651401	0.441799	-2.794453	-0.752229	-0.166771	-0.928810
0.620000	0.784666	0.361672	-3.035195	-0.723505	-0.166257	-0.911196
0.640000	0.909138	0.247006	-3.262409	-0.697963	-0.166941	-0.894059
0.660000	1.023500	0.095635	-3.472513	-0.676418	-0.168960	-0.877658
0.680000	1.126439	-0.094596	-3.661933	-0.659679	-0.172451	-0.862252
0.700000	1.217532	-0.323710	-3.828256	-0.648158	-0.177453	-0.847979
0.720000	1.298337	-0.586963	-3.971671	-0.641368	-0.183784	-0.834707
0.740000	1.370687	-0.878967	-4.092720	-0.638703	-0.191234	-0.822266
0.760000	1.436409	-1.194330	-4.191943	-0.639556	-0.199593	-0.810486
0.780000	1.497334	-1.527665	-4.269881	-0.643320	-0.208649	-0.799197
0.800000	1.555292	-1.873582	-4.327076	-0.649387	-0.218192	-0.788230
0.820000	1.612111	-2.226691	-4.364069	-0.657151	-0.228011	-0.777415
0.840000	1.669623	-2.581604	-4.381402	-0.666005	-0.237897	-0.766583
0.860000	1.729656	-2.932929	-4.379614	-0.675342	-0.247638	-0.755563
0.880000	1.794041	-3.275279	-4.359249	-0.684555	-0.257024	-0.744186
0.900000	1.864607	-3.603264	-4.320845	-0.693037	-0.265844	-0.732283
0.920000	1.943183	-3.911494	-4.264946	-0.700180	-0.273887	-0.719684
0.940000	2.031600	-4.194581	-4.192092	-0.705379	-0.280944	-0.706219
0.960000	2.131687	-4.447134	-4.102824	-0.708025	-0.286803	-0.691718
0.980000	2.245274	-4.663764	-3.997684	-0.707512	-0.291254	-0.676012
1.000000	2.374191	-4.839082	-3.877212	-0.703234	-0.294086	-0.658931
1.020000	2.519270	-4.968829	-3.742123	-0.694766	-0.295163	-0.640373
1.040000	2.676649	-5.054076	-3.593946	-0.682554	-0.294698	-0.620551
1.060000	2.841085	-5.097461	-3.434451	-0.667299	-0.293007	-0.599772
1.080000	3.007335	-5.101619	-3.265408	-0.649701	-0.290405	-0.578342
1.100000	3.170154	-5.069190	-3.088586	-0.630460	-0.287208	-0.556570
1.120000	3.324299	-5.002811	-2.905753	-0.610277	-0.283732	-0.534761
1.140000	3.464527	-4.905119	-2.718680	-0.589851	-0.280294	-0.513222
1.160000	3.585594	-4.778752	-2.529137	-0.569884	-0.277208	-0.492260
1.180000	3.682256	-4.626348	-2.338892	-0.551075	-0.274790	-0.472182
1.200000	3.749270	-4.450543	-2.149715	-0.534125	-0.273357	-0.453295
1.220000	3.781392	-4.253977	-1.963376	-0.519734	-0.273224	-0.435905
1.240000	3.773378	-4.039286	-1.781643	-0.508603	-0.274707	-0.420319
1.260000	3.719986	-3.809108	-1.606287	-0.501432	-0.278121	-0.406844
1.280000	3.615971	-3.566080	-1.439077	-0.498920	-0.283783	-0.395787
1.300000	3.456089	-3.312841	-1.281782	-0.501770	-0.292009	-0.387454
1.320000	3.236468	-3.051734	-1.135921	-0.510523	-0.303031	-0.382080
1.340000	2.961807	-2.783276	-1.001447	-0.524734	-0.316570	-0.379448
1.360000	2.640119	-2.507275	-0.877708	-0.543581	-0.332148	-0.379167
1.380000	2.279422	-2.223536	-0.764048	-0.566235	-0.349284	-0.380843
1.400000	1.887734	-1.931867	-0.659815	-0.591872	-0.367500	-0.384086
1.420000	1.473074	-1.632074	-0.564354	-0.619666	-0.386317	-0.388503
1.440000	1.043461	-1.323964	-0.477011	-0.648791	-0.405256	-0.393701
1.460000	0.606912	-1.007343	-0.397133	-0.678421	-0.423838	-0.399290
1.480000	0.171447	-0.682019	-0.324065	-0.707730	-0.441584	-0.404876
1.500000	-0.254916	-0.347798	-0.257154	-0.735893	-0.458014	-0.410068
1.520000	-0.664158	-0.004485	-0.195746	-0.762084	-0.472649	-0.414475
1.540000	-1.048262	0.348110	-0.139187	-0.785476	-0.485011	-0.417702
1.560000	-1.399208	0.710184	-0.086822	-0.805245	-0.494620	-0.419360
1.580000	-1.708978	1.081928	-0.037998	-0.820563	-0.500998	-0.419055
1.600000	-1.969554	1.463535	0.007939	-0.830606	-0.503665	-0.416395
1.620000	-2.172916	1.855201	0.051643	-0.834548	-0.502142	-0.410989
1.640000	-2.311607	2.256949	0.093783	-0.831622	-0.495988	-0.402482
1.660000	-2.386589	2.666292	0.135269	-0.821953	-0.485352	-0.391069
1.680000	-2.405334	3.078796	0.177191	-0.806354	-0.470834	-0.377377
1.700000	-2.375481	3.489978	0.220649	-0.785656	-0.453046	-0.362039
1.720000	-2.304667	3.895355	0.266739	-0.760691	-0.432600	-0.345692
1.740000	-2.200533	4.290443	0.316558	-0.732291	-0.410109	-0.328970
1.760000	-2.070717	4.670760	0.371204	-0.701286	-0.386185	-0.312509
1.780000	-1.922859	5.031823	0.431774	-0.668508	-0.361440	-0.296943
1.800000	-1.764597	5.369147	0.499365	-0.634788	-0.336487	-0.282910
1.820000	-1.603571	5.678250	0.575075	-0.600957	-0.311938	-0.271042
1.840000	-1.447419	5.954650	0.660000	-0.567847	-0.288406	-0.261977
1.860000	-1.303780	6.193861	0.755239	-0.536289	-0.266502	-0.256349
1.880000	-1.180294	6.391402	0.861888	-0.507114	-0.246840	-0.254793
1.900000	-1.084599	6.542790	0.981045	-0.481154	-0.230031	-0.257945
1.920000	-1.024335	6.643540	1.113806	-0.459240	-0.216688	-0.266440
1.940000	-1.007140	6.689170	1.261270	-0.442203	-0.207423	-0.280913
1.960000	-1.040544	6.675260	1.424494	-0.430865	-0.202841	-0.301989
1.980000	-1.126006	6.600912	1.602359	-0.425572	-0.203111	-0.329735
2.000000	-1.255854	6.470525	1.790470	-0.425949	-0.207751	-0.363374
2.020000	-1.421665	6.288933	1.984161	-0.431560	-0.216222	-0.402061
2.040000	-1.615012	6.060972	2.178769	-0.441973	-0.227988	-0.444951
2.060000	-1.827471	5.791476	2.369628	-0.456752	-0.242510	-0.491200
2.080000	-2.050618	5.485281	2.552073	-0.475464	-0.259251	-0.539961
2.100000	-2.276029	5.147223	2.721439	-0.497675	-0.277675	-0.590390
2.120000	-2.495277	4.782136	2.873061	-0.522949	-0.297242	-0.641642
2.140000	-2.699939	4.394856	3.002275	-0.550854	-0.317416	-0.692872
2.160000	-2.881591	3.990217	3.104414	-0.580955	-0.337659	-0.743233
2.180000	-3.031806	3.573056	3.174815	-0.612818	-0.357435	-0.791883
