0.000000	-3.110785	2.512876	1.512246	-0.712575	-0.280191	-0.816491
0.020000	-2.744092	2.135848	1.546471	-0.730312	-0.292530	-0.845455
0.040000	-2.372360	1.754535	1.572903	-0.748378	-0.304493	-0.873248
0.060000	-2.002191	1.375114	1.590775	-0.766482	-0.315739	-0.899435
0.080000	-1.640183	1.003761	1.599319	-0.784335	-0.325926	-0.923584
0.100000	-1.292936	0.646652	1.597768	-0.801644	-0.334711	-0.945261
0.120000	-0.967051	0.309965	1.585353	-0.818119	-0.341753	-0.964033
0.140000	-0.669022	-0.000189	1.561323	-0.833473	-0.346715	-0.979475
0.160000	-0.401440	-0.280088	1.525507	-0.847563	-0.349497	-0.991454
0.180000	-0.161897	-0.529066	1.478480	-0.860432	-0.350296	-1.000211
0.200000	0.052341	-0.746661	1.420862	-0.872132	-0.349329	-1.006012
0.220000	0.244008	-0.932408	1.353277	-0.882718	-0.346815	-1.009124
0.240000	0.415836	-1.085843	1.276348	-0.892243	-0.342970	-1.009813
0.260000	0.570560	-1.206501	1.190695	-0.900761	-0.338012	-1.008345
0.280000	0.710913	-1.293917	1.096942	-0.908326	-0.332159	-1.004986
0.300000	0.839629	-1.347629	0.995711	-0.914992	-0.325628	-1.000002
0.320000	0.959441	-1.367171	0.887624	-0.920812	-0.318636	-0.993658
0.340000	1.073083	-1.352079	0.773304	-0.925841	-0.311401	-0.986222
0.360000	1.183289	-1.301889	0.653372	-0.930132	-0.304141	-0.977960
0.380000	1.292792	-1.216137	0.528452	-0.933738	-0.297073	-0.969136
0.400000	1.404326	-1.094357	0.399165	-0.936714	-0.290414	-0.960018
0.420000	1.520624	-0.936087	0.266134	-0.939114	-0.284383	-0.950872
0.440000	1.644420	-0.740861	0.129981	-0.940991	-0.279196	-0.941963
0.460000	1.778448	-0.508216	-0.008672	-0.942398	-0.275071	-0.933558
0.480000	1.925236	-0.237940	-0.149204	-0.943389	-0.272214	-0.925911
0.500000	2.083866	0.065915	-0.291045	-0.943997	-0.270644	-0.919092
0.520000	2.250561	0.395766	-0.433659	-0.944238	-0.270226	-0.913013
0.540000	2.421460	0.743919	-0.576515	-0.944128	-0.270818	-0.907584
0.560000	2.592697	1.102682	-0.719080	-0.943684	-0.272280	-0.902714
0.580000	2.760410	1.464363	-0.860822	-0.942922	-0.274470	-0.898312
0.600000	2.920735	1.821270	-1.001209	-0.941857	-0.277248	-0.894286
0.620000	3.069810	2.165710	-1.139709	-0.940507	-0.280472	-0.890545
0.640000	3.203771	2.489991	-1.275788	-0.938887	-0.284002	-0.886999
0.660000	3.318754	2.786421	-1.408915	-0.937014	-0.287697	-0.883557
0.680000	3.410896	3.047307	-1.538557	-0.934903	-0.291416	-0.880127
0.700000	3.476334	3.264957	-1.664182	-0.932571	-0.295018	-0.876618
0.720000	3.511205	3.431678	-1.785257	-0.930034	-0.298362	-0.872940
0.740000	3.511645	3.539779	-1.901251	-0.927309	-0.301308	-0.869001
0.760000	3.473791	3.581567	-2.011631	-0.924410	-0.303713	-0.864710
0.780000	3.393780	3.549350	-2.115864	-0.921356	-0.305438	-0.859977
0.800000	3.267808	3.435526	-2.213422	-0.918160	-0.306343	-0.854710
0.820000	3.096108	3.238597	-2.304009	-0.914797	-0.306375	-0.848837
0.840000	2.885444	2.966938	-2.387703	-0.911169	-0.305621	-0.842314
0.860000	2.643172	2.629822	-2.464620	-0.907175	-0.304182	-0.835100
0.880000	2.376649	2.236524	-2.534872	-0.902712	-0.302159	-0.827155
0.900000	2.093233	1.796317	-2.598575	-0.897677	-0.299651	-0.818438
0.920000	1.800280	1.318475	-2.655842	-0.891968	-0.296760	-0.808907
0.940000	1.505147	0.812272	-2.706788	-0.885483	-0.293585	-0.798523
0.960000	1.215192	0.286981	-2.751525	-0.878118	-0.290228	-0.787243
0.980000	0.937772	-0.248123	-2.790169	-0.869772	-0.286788	-0.775028
1.000000	0.680244	-0.783767	-2.822834	-0.860342	-0.283365	-0.761836
1.020000	0.449964	-1.310677	-2.849633	-0.849726	-0.280061	-0.747627
1.040000	0.254290	-1.819579	-2.870680	-0.837821	-0.276976	-0.732359
1.060000	0.100580	-2.301200	-2.886090	-0.824525	-0.274210	-0.715992
1.080000	-0.003811	-2.746265	-2.895977	-0.809734	-0.271864	-0.698485
1.100000	-0.051524	-3.145501	-2.900454	-0.793348	-0.270037	-0.679797
1.120000	-0.035891	-3.490161	-2.899601	-0.775285	-0.268827	-0.659899
1.140000	0.041053	-3.778156	-2.893073	-0.755751	-0.268288	-0.638911
1.160000	0.171312	-4.011962	-2.880228	-0.735146	-0.268441	-0.617053
1.180000	0.346772	-4.194142	-2.860422	-0.713876	-0.269309	-0.594548
1.200000	0.559320	-4.327259	-2.833009	-0.692342	-0.270916	-0.571619
1.220000	0.800841	-4.413877	-2.797343	-0.670951	-0.273283	-0.548490
1.240000	1.063223	-4.456560	-2.752778	-0.650107	-0.276432	-0.525384
1.260000	1.338352	-4.457872	-2.698669	-0.630213	-0.280387	-0.502523
1.280000	1.618114	-4.420376	-2.634371	-0.611673	-0.285169	-0.480130
1.300000	1.894396	-4.346635	-2.559238	-0.594893	-0.290801	-0.458429
1.320000	2.159084	-4.239214	-2.472624	-0.580276	-0.297305	-0.437642
1.340000	2.404064	-4.100677	-2.373884	-0.568227	-0.304704	-0.417994
1.360000	2.621223	-3.933586	-2.262373	-0.559150	-0.313021	-0.399705
1.380000	2.802448	-3.740505	-2.137443	-0.553448	-0.322277	-0.383001
1.400000	2.939624	-3.523998	-1.998451	-0.551527	-0.332495	-0.368103
1.420000	3.024967	-3.286605	-1.844828	-0.553765	-0.343691	-0.355225
1.440000	3.056706	-3.030420	-1.677428	-0.560055	-0.355749	-0.344409
1.460000	3.038333	-2.757147	-1.498349	-0.569870	-0.368439	-0.335545
1.480000	2.973521	-2.468477	-1.309731	-0.582668	-0.381530	-0.328518
1.500000	2.865939	-2.166102	-1.113713	-0.597906	-0.394786	-0.323214
1.520000	2.719259	-1.851713	-0.912437	-0.615043	-0.407975	-0.319517
1.540000	2.537152	-1.527002	-0.708041	-0.633536	-0.420863	-0.317314
1.560000	2.323288	-1.193660	-0.502666	-0.652842	-0.433218	-0.316489
1.580000	2.081339	-0.853379	-0.298453	-0.672420	-0.444806	-0.316928
1.600000	1.814976	-0.507849	-0.097540	-0.691727	-0.455393	-0.318516
1.620000	1.527869	-0.158762	0.097931	-0.710220	-0.464747	-0.321139
1.640000	1.223690	0.192190	0.285822	-0.727359	-0.472633	-0.324681
1.660000	0.906110	0.543316	0.463991	-0.742599	-0.478820	-0.329028
1.680000	0.578799	0.892926	0.630299	-0.755400	-0.483073	-0.334065
1.700000	0.245428	1.239326	0.782606	-0.765219	-0.485159	-0.339678
1.720000	-0.090331	1.580827	0.918771	-0.771513	-0.484845	-0.345752
1.740000	-0.424807	1.915736	1.036656	-0.773740	-0.481897	-0.352173
1.760000	-0.754331	2.242362	1.134121	-0.771358	-0.476083	-0.358825
1.780000	-1.075450	2.559007	1.210068	-0.764094	-0.467304	-0.365641
1.800000	-1.385301	2.863948	1.266183	-0.752389	-0.455824	-0.372679
1.820000	-1.681117	3.155463	1.304612	-0.736804	-0.441966	-0.380018
1.840000	-1.960131	3.431826	1.327500	-0.717900	-0.426052	-0.387737
1.860000	-2.219577	3.691315	1.336993	-0.696236	-0.408406	-0.395914
1.880000	-2.456687	3.932203	1.335237	-0.672373	-0.389351	-0.404630
1.900000	-2.668695	4.152768	1.324379	-0.646873	-0.369209	-0.413962
1.920000	-2.852834	4.351285	1.306564	-0.620294	-0.348304	-0.423990
1.940000	-3.006338	4.526030	1.283937	-0.593199	-0.326959	-0.434793
1.960000	-3.126438	4.675278	1.258645	-0.566147	-0.305497	-0.446449
1.980000	-3.210369	4.797306	1.232834	-0.539699	-0.284240	-0.459037
2.000000	-3.255364	4.890390	1.208649	-0.514416	-0.263512	-0.472637
2.020000	-3.258656	4.952804	1.188237	-0.490858	-0.243636	-0.487327
2.040000	-3.217478	4.982826	1.173743	-0.469585	-0.224935	-0.503186
2.060000	-3.129063	4.978730	1.167313	-0.451158	-0.207732	-0.520293
2.080000	-2.990785	4.938860	1.171016	-0.436127	-0.192345	-0.538721
2.100000	-2.803883	4.863426	1.184772	-0.424731	-0.178947	-0.558391
2.120000	-2.573859	4.754694	1.206138	-0.416869	-0.167557	-0.579051
2.140000	-2.306437	4.615039	1.232545	-0.412423	-0.158181	-0.600444
2.160000	-2.007337	4.446834	1.261428	-0.411274	-0.150830	-0.622309
2.180000	-1.682281	4.252451	1.290219	-0.413304	-0.145510	-0.644389
2.200000	-1.336993	4.034263	1.316352	-0.418394	-0.142230	-0.666425
2.220000	-0.977193	3.794645	1.337260	-0.426426	-0.140999	-0.688158
2.240000	-0.608604	3.535968	1.350376	-0.437280	-0.141825	-0.709329
2.260000	-0.236947	3.260607	1.353133	-0.450838	-0.144717	-0.729679
2.280000	0.132054	2.970935	1.342964	-0.466982	-0.149683	-0.748949
2.300000	0.492679	2.669324	1.317303	-0.485592	-0.156730	-0.766881
2.320000	0.839205	2.358148	1.273582	-0.506552	-0.165869	-0.783216
2.340000	1.165911	2.039781	1.209236	-0.529741	-0.177107	-0.797695
2.360000	1.467073	1.716594	1.121696	-0.555041	-0.190452	-0.810059
2.380000	1.737033	1.390974	1.008453	-0.582331	-0.205909	-0.820054
2.400000	1.973053	1.065851	0.869647	-0.611381	-0.223328	-0.827629
2.420000	2.176506	0.744925	0.709151	-0.641807	-0.242339	-0.833016
