0.000000	-2.238333	1.124438	-0.118169	-0.702634	-0.177884	-0.938850
0.020000	-2.195568	0.665487	-0.297185	-0.694221	-0.187703	-0.941149
0.040000	-2.134515	0.246679	-0.460192	-0.685457	-0.197433	-0.941291
0.060000	-2.055008	-0.122760	-0.604841	-0.676582	-0.206891	-0.939353
0.080000	-1.956879	-0.433603	-0.728778	-0.667839	-0.215889	-0.935411
0.100000	-1.839962	-0.676627	-0.829651	-0.659467	-0.224242	-0.929540
0.120000	-1.704090	-0.842604	-0.905111	-0.651709	-0.231765	-0.921815
0.140000	-1.549097	-0.922309	-0.952803	-0.644806	-0.238271	-0.912314
0.160000	-1.375402	-0.909462	-0.971269	-0.638951	-0.243598	-0.901159
0.180000	-1.186092	-0.811189	-0.963109	-0.634121	-0.247694	-0.888697
0.200000	-0.985015	-0.638428	-0.932076	-0.630230	-0.250534	-0.875335
0.220000	-0.776017	-0.402119	-0.881926	-0.627193	-0.252096	-0.861483
0.240000	-0.562944	-0.113203	-0.816414	-0.624926	-0.252358	-0.847548
0.260000	-0.349644	0.217381	-0.739295	-0.623343	-0.251296	-0.833938
0.280000	-0.139963	0.578694	-0.654322	-0.622358	-0.248887	-0.821063
0.300000	0.062251	0.959796	-0.565251	-0.621886	-0.245110	-0.809331
0.320000	0.253153	1.349747	-0.475837	-0.621843	-0.239939	-0.799149
0.340000	0.428896	1.737608	-0.389834	-0.622142	-0.233354	-0.790926
0.360000	0.585632	2.112439	-0.310997	-0.622699	-0.225331	-0.785071
0.380000	0.719516	2.463300	-0.243081	-0.623429	-0.215847	-0.781992
0.400000	0.826699	2.779252	-0.189841	-0.624245	-0.204879	-0.782097
0.420000	0.903337	3.049355	-0.155031	-0.625064	-0.192404	-0.785794
0.440000	0.945696	3.262860	-0.142331	-0.625800	-0.178405	-0.793479
0.460000	0.953541	3.414818	-0.153133	-0.626401	-0.163010	-0.805126
0.480000	0.930676	3.506984	-0.186188	-0.626848	-0.146517	-0.820227
0.500000	0.881129	3.541484	-0.240096	-0.627125	-0.129234	-0.838246
0.520000	0.808931	3.520448	-0.313461	-0.627217	-0.111469	-0.858647
0.540000	0.718110	3.446001	-0.404884	-0.627108	-0.093529	-0.880895
0.560000	0.612696	3.320273	-0.512968	-0.626781	-0.075723	-0.904454
0.580000	0.496718	3.145390	-0.636315	-0.626221	-0.058358	-0.928789
0.600000	0.374204	2.923482	-0.773526	-0.625412	-0.041741	-0.953362
0.620000	0.249185	2.656674	-0.923205	-0.624339	-0.026181	-0.977639
0.640000	0.125690	2.347095	-1.083953	-0.622984	-0.011986	-1.001085
0.660000	0.007747	1.996874	-1.254372	-0.621332	0.000538	-1.023162
0.680000	-0.100615	1.608136	-1.433065	-0.619368	0.011082	-1.043336
0.700000	-0.195365	1.183011	-1.618634	-0.617075	0.019338	-1.061070
0.720000	-0.272475	0.723626	-1.809680	-0.614438	0.025000	-1.075830
0.740000	-0.327915	0.232108	-2.004807	-0.611440	0.027758	-1.087078
0.760000	-0.357657	-0.289415	-2.202616	-0.608066	0.027305	-1.094281
0.780000	-0.357671	-0.838814	-2.401709	-0.604299	0.023334	-1.096901
0.800000	-0.324054	-1.413891	-2.600669	-0.600127	0.015549	-1.094419
0.820000	-0.256641	-2.010329	-2.797507	-0.595593	0.004000	-1.086793
0.840000	-0.159541	-2.621393	-2.989575	-0.590808	-0.010865	-1.074528
0.860000	-0.037093	-3.240214	-3.174194	-0.585888	-0.028577	-1.058158
0.880000	0.106362	-3.859925	-3.348681	-0.580948	-0.048667	-1.038216
0.900000	0.266485	-4.473659	-3.510357	-0.576103	-0.070666	-1.015238
0.920000	0.438935	-5.074547	-3.656540	-0.571466	-0.094104	-0.989756
0.940000	0.619371	-5.655721	-3.784548	-0.567155	-0.118514	-0.962305
0.960000	0.803454	-6.210315	-3.891701	-0.563283	-0.143425	-0.933420
0.980000	0.986843	-6.731459	-3.975317	-0.559965	-0.168368	-0.903633
1.000000	1.165197	-7.212287	-4.032715	-0.557317	-0.192876	-0.873480
1.020000	1.334177	-7.645930	-4.061215	-0.555453	-0.216477	-0.843494
1.040000	1.489442	-8.025522	-4.058134	-0.554489	-0.238705	-0.814209
1.060000	1.626652	-8.344193	-4.020792	-0.554539	-0.259088	-0.786159
1.080000	1.741467	-8.595077	-3.946508	-0.555718	-0.277159	-0.759879
1.100000	1.829603	-8.771398	-3.832662	-0.558140	-0.292454	-0.735897
1.120000	1.889738	-8.871141	-3.679766	-0.561841	-0.304791	-0.714430
1.140000	1.924866	-8.899235	-3.492902	-0.566746	-0.314400	-0.695246
1.160000	1.938323	-8.861159	-3.277514	-0.572768	-0.321546	-0.678077
1.180000	1.933446	-8.762392	-3.039048	-0.579825	-0.326491	-0.662654
1.200000	1.913570	-8.608413	-2.782948	-0.587829	-0.329498	-0.648707
1.220000	1.882033	-8.404700	-2.514657	-0.596698	-0.330830	-0.635968
1.240000	1.842169	-8.156733	-2.239621	-0.606345	-0.330750	-0.624169
1.260000	1.797316	-7.869991	-1.963283	-0.616686	-0.329522	-0.613041
1.280000	1.750809	-7.549951	-1.691088	-0.627637	-0.327408	-0.602315
1.300000	1.705985	-7.202095	-1.428480	-0.639111	-0.324672	-0.591722
1.320000	1.666180	-6.831899	-1.180904	-0.651025	-0.321576	-0.580994
1.340000	1.634730	-6.444843	-0.953803	-0.663293	-0.318384	-0.569861
1.360000	1.614972	-6.046406	-0.752624	-0.675831	-0.315359	-0.558056
1.380000	1.610241	-5.642067	-0.582808	-0.688554	-0.312763	-0.545309
1.400000	1.623851	-5.237287	-0.449770	-0.701376	-0.310859	-0.531354
1.420000	1.656642	-4.835606	-0.355459	-0.714183	-0.309773	-0.516121
1.440000	1.704822	-4.436963	-0.295341	-0.726806	-0.309375	-0.499908
1.460000	1.764087	-4.040905	-0.264170	-0.739069	-0.309508	-0.483055
1.480000	1.830137	-3.646974	-0.256697	-0.750798	-0.310014	-0.465901
1.500000	1.898669	-3.254716	-0.267676	-0.761817	-0.310737	-0.448786
1.520000	1.965380	-2.863675	-0.291859	-0.771951	-0.311519	-0.432050
1.540000	2.025969	-2.473395	-0.323998	-0.781024	-0.312204	-0.416031
1.560000	2.076132	-2.083422	-0.358847	-0.788862	-0.312633	-0.401070
1.580000	2.111568	-1.693299	-0.391157	-0.795288	-0.312650	-0.387505
1.600000	2.127975	-1.302571	-0.415682	-0.800129	-0.312097	-0.375677
1.620000	2.121050	-0.910783	-0.427174	-0.803208	-0.310817	-0.365924
1.640000	2.086491	-0.517479	-0.420385	-0.804350	-0.308653	-0.358587
1.660000	2.019996	-0.122203	-0.390069	-0.803380	-0.305448	-0.354004
1.680000	1.917262	0.275500	-0.330978	-0.800122	-0.301045	-0.352515
1.700000	1.773987	0.676085	-0.237864	-0.794403	-0.295285	-0.354459
1.720000	1.585870	1.080008	-0.105480	-0.786045	-0.288013	-0.360177
1.740000	1.350517	1.487180	0.069481	-0.774957	-0.279139	-0.369872
1.760000	1.072968	1.895392	0.282776	-0.761370	-0.268845	-0.383219
1.780000	0.760074	2.301920	0.528325	-0.745592	-0.257376	-0.399767
1.800000	0.418684	2.704038	0.800047	-0.727934	-0.244978	-0.419064
1.820000	0.055647	3.099024	1.091862	-0.708704	-0.231898	-0.440658
1.840000	-0.322188	3.484152	1.397689	-0.688212	-0.218380	-0.464095
1.860000	-0.707972	3.856698	1.711448	-0.666766	-0.204672	-0.488924
1.880000	-1.094855	4.213936	2.027058	-0.644677	-0.191018	-0.514692
1.900000	-1.475987	4.553144	2.338438	-0.622253	-0.177666	-0.540948
1.920000	-1.844520	4.871595	2.639508	-0.599805	-0.164860	-0.567240
1.940000	-2.193604	5.166567	2.924188	-0.577640	-0.152847	-0.593113
1.960000	-2.516390	5.435334	3.186397	-0.556068	-0.141872	-0.618118
1.980000	-2.806029	5.675171	3.420055	-0.535400	-0.132183	-0.641801
2.000000	-3.055670	5.883354	3.619080	-0.515943	-0.124023	-0.663710
2.020000	-3.258466	6.057160	3.777393	-0.498007	-0.117641	-0.683393
2.040000	-3.407566	6.193862	3.888912	-0.481901	-0.113280	-0.700397
2.060000	-3.497053	6.290942	3.948323	-0.467913	-0.111149	-0.714330
2.080000	-3.528974	6.347632	3.956856	-0.456139	-0.111122	-0.725299
2.100000	-3.509424	6.364052	3.919063	-0.446576	-0.112902	-0.733668
2.120000	-3.444528	6.340331	3.839525	-0.439223	-0.116193	-0.739804
2.140000	-3.340411	6.276599	3.722821	-0.434079	-0.120698	-0.744071
2.160000	-3.203198	6.172982	3.573530	-0.431140	-0.126121	-0.746835
2.180000	-3.039015	6.029609	3.396232	-0.430406	-0.132165	-0.748463
2.200000	-2.853988	5.846610	3.195506	-0.431873	-0.138533	-0.749318
2.220000	-2.654241	5.624112	2.975933	-0.435541	-0.144928	-0.749768
2.240000	-2.445900	5.362243	2.742091	-0.441407	-0.151054	-0.750178
2.260000	-2.235090	5.061132	2.498561	-0.449470	-0.156614	-0.750913
2.280000	-2.027936	4.720908	2.249921	-0.459727	-0.161311	-0.752339
2.300000	-1.830565	4.341698	2.000751	-0.472176	-0.164848	-0.754822
2.320000	-1.649100	3.923632	1.755632	-0.486815	-0.166929	-0.758727
2.340000	-1.489669	3.466837	1.519141	-0.503643	-0.167257	-0.764420
2.360000	-1.358395	2.971442	1.295860	-0.522657	-0.165536	-0.772266
2.380000	-1.261178	2.437756	1.090249	-0.543848	-0.161481	-0.782616
2.400000	-1.198730	1.870220	0.904098	-0.567032	-0.155100	-0.795455
2.420000	-1.166592	1.277394	0.736525	-0.591850	-0.146695	-0.810406
2.440000	-1.160082	0.668017	0.586534	-0.617938	-0.136579	-0.827076
2.460000	-1.174518	0.050828	0.453131	-0.644929	-0.125063	-0.845072
2.480000	-1.205218	-0.565436	0.335318	-0.672459	-0.112462	-0.864001
2.500000	-1.247500	-1.172035	0.232102	-0.700161	-0.099089	-0.883471
2.520000	-1.296681	-1.760232	0.142486	-0.727670	-0.085255	-0.903088
2.540000	-1.348080	-2.321286	0.065474	-0.754621	-0.071275	-0.922460
