0.000000	0.704550	2.402060	1.340620	-0.625739	-0.390049	-0.946001
0.020000	0.930459	2.126392	1.105066	-0.637714	-0.395086	-0.974895
0.040000	1.150292	1.838279	0.886122	-0.652053	-0.400392	-1.000732
0.060000	1.362521	1.537322	0.689426	-0.668898	-0.405960	-1.023007
0.080000	1.565623	1.223132	0.520603	-0.688390	-0.411783	-1.041217
0.100000	1.758537	0.896692	0.382643	-0.710477	-0.417822	-1.055115
0.120000	1.941137	0.561773	0.273192	-0.734721	-0.423979	-1.064973
0.140000	2.113413	0.222484	0.189247	-0.760634	-0.430145	-1.071125
0.160000	2.275355	-0.117064	0.127804	-0.787729	-0.436213	-1.073909
0.180000	2.426953	-0.452762	0.085861	-0.815520	-0.442075	-1.073658
0.200000	2.568196	-0.780501	0.060413	-0.843519	-0.447624	-1.070709
0.220000	2.699074	-1.096172	0.048458	-0.871239	-0.452752	-1.065397
0.240000	2.819576	-1.395663	0.046992	-0.898195	-0.457352	-1.058056
0.260000	2.929691	-1.674867	0.053012	-0.923898	-0.461315	-1.049023
0.280000	3.029411	-1.929673	0.063515	-0.947862	-0.464535	-1.038632
0.300000	3.118723	-2.155973	0.075497	-0.969600	-0.466904	-1.027220
0.320000	3.197618	-2.349655	0.085954	-0.988626	-0.468314	-1.015121
0.340000	3.266085	-2.506611	0.091885	-1.004451	-0.468658	-1.002670
0.360000	3.324114	-2.622732	0.090284	-1.016590	-0.467829	-0.990204
0.380000	3.371694	-2.693907	0.078150	-1.024555	-0.465718	-0.978056
0.400000	3.408802	-2.716314	0.052606	-1.027887	-0.462226	-0.966551
0.420000	3.435168	-2.691189	0.013035	-1.026607	-0.457397	-0.955791
0.440000	3.450317	-2.624090	-0.039255	-1.021148	-0.451397	-0.945690
0.460000	3.453765	-2.520714	-0.102892	-1.011957	-0.444396	-0.936157
0.480000	3.445029	-2.386759	-0.176504	-0.999479	-0.436563	-0.927099
0.500000	3.423626	-2.227922	-0.258720	-0.984160	-0.428069	-0.918426
0.520000	3.389071	-2.049900	-0.348168	-0.966447	-0.419083	-0.910045
0.540000	3.340883	-1.858392	-0.443475	-0.946785	-0.409776	-0.901865
0.560000	3.278576	-1.659093	-0.543272	-0.925621	-0.400316	-0.893794
0.580000	3.201670	-1.457703	-0.646185	-0.903401	-0.390875	-0.885740
0.600000	3.109679	-1.259918	-0.750843	-0.880570	-0.381622	-0.877613
0.620000	3.002120	-1.071436	-0.855875	-0.857574	-0.372726	-0.869319
0.640000	2.878511	-0.897954	-0.959909	-0.834861	-0.364359	-0.860768
0.660000	2.738368	-0.745169	-1.061573	-0.812875	-0.356689	-0.851867
0.680000	2.581208	-0.618779	-1.159496	-0.792064	-0.349886	-0.842526
0.700000	2.406547	-0.524482	-1.252305	-0.772872	-0.344121	-0.832652
0.720000	2.213930	-0.467929	-1.338639	-0.755743	-0.339562	-0.822155
0.740000	2.005007	-0.451485	-1.417797	-0.740872	-0.336249	-0.810980
0.760000	1.784936	-0.472027	-1.490184	-0.728042	-0.334012	-0.799141
0.780000	1.559204	-0.525911	-1.556309	-0.716998	-0.332659	-0.786652
0.800000	1.333304	-0.609495	-1.616683	-0.707484	-0.332000	-0.773531
0.820000	1.112724	-0.719136	-1.671814	-0.699243	-0.331844	-0.759795
0.840000	0.902954	-0.851192	-1.722211	-0.692021	-0.331999	-0.745462
0.860000	0.709484	-1.002019	-1.768386	-0.685560	-0.332275	-0.730547
0.880000	0.537804	-1.167976	-1.810847	-0.679606	-0.332481	-0.715067
0.900000	0.393403	-1.345418	-1.850103	-0.673902	-0.332424	-0.699041
0.920000	0.281772	-1.530705	-1.886664	-0.668193	-0.331916	-0.682484
0.940000	0.208401	-1.720192	-1.921040	-0.662222	-0.330763	-0.665414
0.960000	0.178778	-1.910237	-1.953741	-0.655734	-0.328776	-0.647847
0.980000	0.198395	-2.097197	-1.985275	-0.648474	-0.325764	-0.629801
1.000000	0.272740	-2.277430	-2.016152	-0.640184	-0.321535	-0.611292
1.020000	0.407304	-2.447293	-2.046882	-0.630610	-0.315898	-0.592337
1.040000	0.607576	-2.603143	-2.077974	-0.619495	-0.308662	-0.572953
1.060000	0.875887	-2.741934	-2.109630	-0.606701	-0.299733	-0.553191
1.080000	1.203758	-2.862664	-2.140992	-0.592489	-0.289347	-0.533214
1.100000	1.580402	-2.964767	-2.170977	-0.577205	-0.277809	-0.513211
1.120000	1.995029	-3.047677	-2.198505	-0.561196	-0.265427	-0.493371
1.140000	2.436851	-3.110829	-2.222491	-0.544810	-0.252506	-0.473881
1.160000	2.895080	-3.153656	-2.241854	-0.528392	-0.239353	-0.454930
1.180000	3.358926	-3.175592	-2.255511	-0.512290	-0.226274	-0.436706
1.200000	3.817601	-3.176071	-2.262381	-0.496849	-0.213575	-0.419398
1.220000	4.260317	-3.154528	-2.261379	-0.482418	-0.201563	-0.403195
1.240000	4.676284	-3.110397	-2.251425	-0.469343	-0.190544	-0.388284
1.260000	5.054715	-3.043112	-2.231435	-0.457970	-0.180825	-0.374855
1.280000	5.384821	-2.952106	-2.200328	-0.448646	-0.172711	-0.363094
1.300000	5.655812	-2.836814	-2.157020	-0.441718	-0.166509	-0.353192
1.320000	5.856901	-2.696671	-2.100429	-0.437533	-0.162526	-0.345336
1.340000	5.977299	-2.531110	-2.029473	-0.436437	-0.161067	-0.339715
1.360000	6.006217	-2.339565	-1.943070	-0.438777	-0.162439	-0.336516
1.380000	5.934637	-2.121715	-1.840358	-0.444826	-0.166882	-0.335886
1.400000	5.766688	-1.879058	-1.722129	-0.454297	-0.174154	-0.337646
1.420000	5.512429	-1.613911	-1.589914	-0.466656	-0.183789	-0.341471
1.440000	5.181943	-1.328596	-1.445251	-0.481366	-0.195325	-0.347037
1.460000	4.785314	-1.025433	-1.289677	-0.497889	-0.208297	-0.354020
1.480000	4.332629	-0.706743	-1.124728	-0.515688	-0.222240	-0.362095
1.500000	3.833971	-0.374848	-0.951941	-0.534228	-0.236690	-0.370936
1.520000	3.299425	-0.032069	-0.772852	-0.552971	-0.251183	-0.380221
1.540000	2.739075	0.319273	-0.588999	-0.571379	-0.265256	-0.389623
1.560000	2.163007	0.676857	-0.401919	-0.588917	-0.278443	-0.398819
1.580000	1.581304	1.038361	-0.213147	-0.605047	-0.290280	-0.407483
1.600000	1.004052	1.401465	-0.024221	-0.619233	-0.300303	-0.415291
1.620000	0.441336	1.763848	0.163322	-0.630937	-0.308048	-0.421919
1.640000	-0.096761	2.123188	0.347946	-0.639622	-0.313051	-0.427042
1.660000	-0.600154	2.477163	0.528114	-0.644752	-0.314847	-0.430334
1.680000	-1.059424	2.823410	0.702353	-0.645851	-0.313028	-0.431513
1.700000	-1.471920	3.159122	0.869831	-0.643062	-0.307746	-0.430714
1.720000	-1.838923	3.481237	1.030094	-0.636889	-0.299480	-0.428314
1.740000	-2.161766	3.786686	1.182689	-0.627838	-0.288713	-0.424694
1.760000	-2.441778	4.072405	1.327165	-0.616418	-0.275928	-0.420236
1.780000	-2.680291	4.335327	1.463070	-0.603137	-0.261608	-0.415319
1.800000	-2.878635	4.572386	1.589953	-0.588501	-0.246236	-0.410326
1.820000	-3.038143	4.780515	1.707361	-0.573020	-0.230296	-0.405636
1.840000	-3.160145	4.956648	1.814843	-0.557200	-0.214270	-0.401631
1.860000	-3.245972	5.097719	1.911947	-0.541549	-0.198641	-0.398692
1.880000	-3.296955	5.200661	1.998223	-0.526576	-0.183893	-0.397200
1.900000	-3.314425	5.262408	2.073217	-0.512787	-0.170508	-0.397535
1.920000	-3.299714	5.279894	2.136479	-0.500691	-0.158969	-0.400079
1.940000	-3.254152	5.250052	2.187557	-0.490795	-0.149760	-0.405212
1.960000	-3.179071	5.169817	2.225999	-0.483607	-0.143364	-0.413315
1.980000	-3.075801	5.036121	2.251353	-0.479634	-0.140263	-0.424770
2.000000	-2.945714	4.846046	2.263180	-0.479372	-0.140927	-0.439944
2.020000	-2.791379	4.600966	2.261369	-0.482953	-0.145403	-0.458842
2.040000	-2.616723	4.307136	2.246186	-0.490093	-0.153260	-0.481051
2.060000	-2.425744	3.971074	2.217917	-0.500488	-0.164042	-0.506139
2.080000	-2.222443	3.599297	2.176847	-0.513834	-0.177293	-0.533671
2.100000	-2.010820	3.198323	2.123264	-0.529825	-0.192556	-0.563214
2.120000	-1.794876	2.774669	2.057452	-0.548157	-0.209375	-0.594334
2.140000	-1.578610	2.334855	1.979698	-0.568525	-0.227294	-0.626598
