0.000000	-2.013727	1.669558	0.687506	-0.821981	-0.302489	-0.782791
0.020000	-1.678852	1.272176	0.569442	-0.836089	-0.309372	-0.807296
0.040000	-1.363926	0.924972	0.456886	-0.849786	-0.316462	-0.828802
0.060000	-1.070557	0.628832	0.350103	-0.862946	-0.323663	-0.847302
0.080000	-0.798308	0.380444	0.248584	-0.875459	-0.330847	-0.863002
0.100000	-0.546718	0.176437	0.151816	-0.887213	-0.337889	-0.876113
0.120000	-0.315321	0.013441	0.059280	-0.898098	-0.344663	-0.886845
0.140000	-0.103655	-0.111912	-0.029539	-0.908004	-0.351041	-0.895408
0.160000	0.088743	-0.202995	-0.115158	-0.916818	-0.356897	-0.902012
0.180000	0.262339	-0.263175	-0.198094	-0.924430	-0.362104	-0.906868
0.200000	0.417594	-0.295824	-0.278862	-0.930730	-0.366536	-0.910186
0.220000	0.554973	-0.304312	-0.357979	-0.935606	-0.370067	-0.912176
0.240000	0.674939	-0.292008	-0.435962	-0.938948	-0.372570	-0.913048
0.260000	0.777955	-0.262283	-0.513327	-0.940644	-0.373918	-0.913012
0.280000	0.864486	-0.218506	-0.590590	-0.940584	-0.373985	-0.912280
0.300000	0.934994	-0.164047	-0.668268	-0.938657	-0.372644	-0.911060
0.320000	0.989944	-0.102277	-0.746878	-0.934753	-0.369768	-0.909563
0.340000	1.029790	-0.036484	-0.826905	-0.928770	-0.365244	-0.907990
0.360000	1.054878	0.031255	-0.908394	-0.920781	-0.359139	-0.906385
0.380000	1.065464	0.099794	-0.991047	-0.910987	-0.351660	-0.904679
0.400000	1.061805	0.168011	-1.074560	-0.899593	-0.343019	-0.902795
0.420000	1.044155	0.234784	-1.158626	-0.886803	-0.333425	-0.900659
0.440000	1.012770	0.298991	-1.242940	-0.872822	-0.323090	-0.898196
0.460000	0.967906	0.359510	-1.327196	-0.857856	-0.312224	-0.895333
0.480000	0.909819	0.415218	-1.411089	-0.842108	-0.301039	-0.891993
0.500000	0.838763	0.464994	-1.494313	-0.825785	-0.289746	-0.888102
0.520000	0.754994	0.507716	-1.576564	-0.809090	-0.278554	-0.883586
0.540000	0.658768	0.542260	-1.657534	-0.792229	-0.267676	-0.878370
0.560000	0.550340	0.567506	-1.736919	-0.775406	-0.257322	-0.872378
0.580000	0.429966	0.582331	-1.814412	-0.758826	-0.247702	-0.865537
0.600000	0.297901	0.585612	-1.889710	-0.742695	-0.239028	-0.857771
0.620000	0.154401	0.576229	-1.962505	-0.727216	-0.231511	-0.849006
0.640000	-0.000279	0.553058	-2.032492	-0.712595	-0.225360	-0.839167
0.660000	-0.165884	0.514978	-2.099367	-0.699036	-0.220789	-0.828179
0.680000	-0.341774	0.460997	-2.162855	-0.686724	-0.217978	-0.815986
0.700000	-0.524151	0.391192	-2.222953	-0.675665	-0.216886	-0.802685
0.720000	-0.707663	0.306169	-2.279791	-0.665782	-0.217357	-0.788446
0.740000	-0.886947	0.206537	-2.333497	-0.656993	-0.219234	-0.773442
0.760000	-1.056640	0.092905	-2.384202	-0.649219	-0.222363	-0.757844
0.780000	-1.211377	-0.034119	-2.432036	-0.642382	-0.226588	-0.741824
0.800000	-1.345796	-0.173925	-2.477128	-0.636401	-0.231751	-0.725554
0.820000	-1.454534	-0.325905	-2.519609	-0.631198	-0.237699	-0.709206
0.840000	-1.532226	-0.489449	-2.559607	-0.626691	-0.244274	-0.692952
0.860000	-1.573510	-0.663950	-2.597254	-0.622802	-0.251320	-0.676963
0.880000	-1.573022	-0.848797	-2.632677	-0.619451	-0.258683	-0.661411
0.900000	-1.525398	-1.043383	-2.666009	-0.616559	-0.266206	-0.646468
0.920000	-1.425277	-1.247098	-2.697377	-0.614046	-0.273733	-0.632306
0.940000	-1.267294	-1.459333	-2.726913	-0.611833	-0.281108	-0.619097
0.960000	-1.046085	-1.679480	-2.754745	-0.609839	-0.288176	-0.607013
0.980000	-0.756290	-1.906929	-2.781004	-0.607986	-0.294780	-0.596224
1.000000	-0.396488	-2.140181	-2.805609	-0.606218	-0.300802	-0.586820
1.020000	0.022791	-2.375043	-2.827846	-0.604555	-0.306239	-0.578631
1.040000	0.488762	-2.606811	-2.846878	-0.603032	-0.311107	-0.571439
1.060000	0.988636	-2.830781	-2.861870	-0.601682	-0.315424	-0.565028
1.080000	1.509627	-3.042249	-2.871987	-0.600539	-0.319208	-0.559181
1.100000	2.038947	-3.236511	-2.876392	-0.599637	-0.322476	-0.553681
1.120000	2.563809	-3.408864	-2.874250	-0.599011	-0.325246	-0.548310
1.140000	3.071428	-3.554604	-2.864726	-0.598693	-0.327535	-0.542851
1.160000	3.549014	-3.669028	-2.846984	-0.598719	-0.329360	-0.537088
1.180000	3.983782	-3.747431	-2.820188	-0.599121	-0.330739	-0.530802
1.200000	4.362944	-3.785109	-2.783503	-0.599934	-0.331689	-0.523778
1.220000	4.673713	-3.777360	-2.736093	-0.601192	-0.332229	-0.515798
1.240000	4.903303	-3.719479	-2.677122	-0.602929	-0.332374	-0.506645
1.260000	5.038925	-3.606763	-2.605756	-0.605179	-0.332144	-0.496102
1.280000	5.067794	-3.434507	-2.521158	-0.607976	-0.331554	-0.483951
1.300000	4.977459	-3.198155	-2.422516	-0.611351	-0.330624	-0.469983
1.320000	4.767186	-2.898230	-2.309839	-0.615279	-0.329388	-0.454249
1.340000	4.450700	-2.541529	-2.184147	-0.619661	-0.327901	-0.437123
1.360000	4.042619	-2.135233	-2.046524	-0.624393	-0.326221	-0.418995
1.380000	3.557562	-1.686528	-1.898053	-0.629372	-0.324403	-0.400260
1.400000	3.010148	-1.202596	-1.739817	-0.634494	-0.322505	-0.381310
1.420000	2.414994	-0.690620	-1.572899	-0.639655	-0.320583	-0.362536
1.440000	1.786719	-0.157783	-1.398384	-0.644753	-0.318694	-0.344332
1.460000	1.139941	0.388731	-1.217353	-0.649684	-0.316894	-0.327091
1.480000	0.489279	0.941739	-1.030890	-0.654345	-0.315242	-0.311205
1.500000	-0.150648	1.494058	-0.840079	-0.658631	-0.313792	-0.297066
1.520000	-0.765223	2.038505	-0.646003	-0.662440	-0.312602	-0.285068
1.540000	-1.339826	2.567895	-0.449745	-0.665668	-0.311729	-0.275602
1.560000	-1.859840	3.075047	-0.252388	-0.668212	-0.311230	-0.269062
1.580000	-2.310647	3.552777	-0.055016	-0.669968	-0.311160	-0.265840
1.600000	-2.677626	3.993901	0.141288	-0.670833	-0.311577	-0.266328
1.620000	-2.947784	4.391748	0.335444	-0.670723	-0.312530	-0.270865
1.640000	-3.122430	4.744155	0.526404	-0.669722	-0.313993	-0.279307
1.660000	-3.210326	5.051309	0.713134	-0.668004	-0.315905	-0.291262
1.680000	-3.220294	5.313414	0.894600	-0.665745	-0.318204	-0.306332
1.700000	-3.161158	5.530677	1.069770	-0.663117	-0.320825	-0.324123
1.720000	-3.041740	5.703303	1.237612	-0.660295	-0.323708	-0.344240
1.740000	-2.870865	5.831498	1.397090	-0.657453	-0.326789	-0.366285
1.760000	-2.657355	5.915467	1.547174	-0.654766	-0.330006	-0.389863
1.780000	-2.410034	5.955416	1.686829	-0.652408	-0.333296	-0.414580
1.800000	-2.137725	5.951551	1.815022	-0.650553	-0.336597	-0.440038
1.820000	-1.849252	5.904077	1.930721	-0.649375	-0.339846	-0.465843
1.840000	-1.553438	5.813200	2.032892	-0.649048	-0.342980	-0.491599
1.860000	-1.259107	5.679125	2.120503	-0.649748	-0.345938	-0.516910
1.880000	-0.975080	5.502059	2.192519	-0.651647	-0.348656	-0.541380
1.900000	-0.710183	5.282207	2.247909	-0.654921	-0.351071	-0.564613
1.920000	-0.473238	5.019774	2.285639	-0.659743	-0.353122	-0.586215
1.940000	-0.272824	4.715075	2.304721	-0.666282	-0.354748	-0.605799
1.960000	-0.111679	4.371034	2.305226	-0.674543	-0.355944	-0.623229
