0.000000	-2.400392	0.239409	1.237626	-0.858498	-0.196322	-0.972444
0.020000	-2.095207	0.968660	1.014901	-0.875258	-0.192418	-0.958306
0.040000	-1.786874	1.672248	0.787030	-0.891662	-0.187534	-0.944753
0.060000	-1.484066	2.330128	0.558637	-0.907790	-0.181812	-0.932311
0.080000	-1.195452	2.922254	0.334342	-0.923724	-0.175396	-0.921507
0.100000	-0.929704	3.428582	0.118770	-0.939544	-0.168430	-0.912867
0.120000	-0.695492	3.829064	-0.083458	-0.955330	-0.161056	-0.906918
0.140000	-0.501488	4.103657	-0.267720	-0.971164	-0.153419	-0.904187
0.160000	-0.356316	4.232425	-0.429414	-0.987125	-0.145660	-0.905197
0.180000	-0.263698	4.207356	-0.566329	-1.003184	-0.137892	-0.910129
0.200000	-0.218172	4.042772	-0.680724	-1.019108	-0.130163	-0.918523
0.220000	-0.213263	3.755451	-0.775351	-1.034645	-0.122517	-0.929852
0.240000	-0.242497	3.362174	-0.852964	-1.049539	-0.114996	-0.943583
0.260000	-0.299400	2.879719	-0.916313	-1.063536	-0.107645	-0.959189
0.280000	-0.377498	2.324865	-0.968150	-1.076381	-0.100506	-0.976138
0.300000	-0.470318	1.714392	-1.011229	-1.087821	-0.093622	-0.993902
0.320000	-0.571385	1.065078	-1.048302	-1.097601	-0.087037	-1.011951
0.340000	-0.674225	0.393703	-1.082119	-1.105467	-0.080793	-1.029755
0.360000	-0.772365	-0.282954	-1.115434	-1.111164	-0.074934	-1.046783
0.380000	-0.859331	-0.948115	-1.150999	-1.114438	-0.069502	-1.062507
0.400000	-0.928648	-1.584999	-1.191565	-1.115035	-0.064542	-1.076397
0.420000	-0.973842	-2.176829	-1.239886	-1.112700	-0.060095	-1.087923
0.440000	-0.988440	-2.706824	-1.298712	-1.107179	-0.056206	-1.096555
0.460000	-0.965968	-3.158205	-1.370797	-1.098218	-0.052917	-1.101764
0.480000	-0.899951	-3.514194	-1.458893	-1.085561	-0.050272	-1.103019
0.500000	-0.786085	-3.762713	-1.564663	-1.069077	-0.048309	-1.099957
0.520000	-0.628501	-3.909982	-1.685538	-1.049099	-0.047053	-1.092857
0.540000	-0.433389	-3.966677	-1.817921	-1.026076	-0.046524	-1.082156
0.560000	-0.206934	-3.943470	-1.958210	-1.000457	-0.046741	-1.068289
0.580000	0.044675	-3.851037	-2.102806	-0.972692	-0.047724	-1.051694
0.600000	0.315252	-3.700052	-2.248111	-0.943229	-0.049495	-1.032805
0.620000	0.598609	-3.501188	-2.390525	-0.912518	-0.052072	-1.012060
0.640000	0.888560	-3.265119	-2.526448	-0.881007	-0.055477	-0.989896
0.660000	1.178917	-3.002521	-2.652281	-0.849146	-0.059728	-0.966747
0.680000	1.463493	-2.724066	-2.764425	-0.817383	-0.064847	-0.943051
0.700000	1.736100	-2.440429	-2.859280	-0.786167	-0.070852	-0.919244
0.720000	1.990552	-2.162285	-2.933248	-0.755948	-0.077765	-0.895762
0.740000	2.220661	-1.900306	-2.982728	-0.727175	-0.085606	-0.873042
0.760000	2.420240	-1.665168	-3.004121	-0.700296	-0.094394	-0.851519
0.780000	2.583102	-1.467545	-2.993828	-0.675761	-0.104149	-0.831631
0.800000	2.703059	-1.318110	-2.948249	-0.654018	-0.114892	-0.813813
0.820000	2.774730	-1.226458	-2.864363	-0.635470	-0.126626	-0.798455
0.840000	2.799618	-1.192954	-2.744088	-0.620121	-0.139215	-0.785553
0.860000	2.782723	-1.213272	-2.591848	-0.607772	-0.152451	-0.774900
0.880000	2.729073	-1.283051	-2.412091	-0.598224	-0.166125	-0.766289
0.900000	2.643695	-1.397929	-2.209262	-0.591276	-0.180030	-0.759513
0.920000	2.531617	-1.553547	-1.987806	-0.586728	-0.193956	-0.754363
0.940000	2.397867	-1.745541	-1.752170	-0.584381	-0.207695	-0.750633
0.960000	2.247472	-1.969551	-1.506799	-0.584033	-0.221039	-0.748116
0.980000	2.085460	-2.221217	-1.256138	-0.585485	-0.233780	-0.746603
1.000000	1.916858	-2.496175	-1.004634	-0.588537	-0.245709	-0.745887
1.020000	1.746695	-2.790066	-0.756733	-0.592989	-0.256617	-0.745761
1.040000	1.579997	-3.098527	-0.516879	-0.598641	-0.266297	-0.746017
1.060000	1.421793	-3.417198	-0.289520	-0.605292	-0.274539	-0.746448
1.080000	1.277109	-3.741718	-0.079100	-0.612743	-0.281137	-0.746846
1.100000	1.150974	-4.067724	0.109935	-0.620793	-0.285880	-0.747004
1.120000	1.048415	-4.390856	0.273139	-0.629243	-0.288561	-0.746714
1.140000	0.974298	-4.706776	0.406199	-0.637895	-0.288981	-0.745774
1.160000	0.929765	-5.011664	0.507859	-0.646632	-0.287176	-0.744072
1.180000	0.912250	-5.302220	0.579908	-0.655412	-0.283413	-0.741590
1.200000	0.919026	-5.575166	0.624267	-0.664197	-0.277968	-0.738316
1.220000	0.947365	-5.827224	0.642856	-0.672950	-0.271119	-0.734234
1.240000	0.994541	-6.055115	0.637596	-0.681633	-0.263143	-0.729332
1.260000	1.057826	-6.255563	0.610409	-0.690209	-0.254317	-0.723595
1.280000	1.134494	-6.425288	0.563214	-0.698640	-0.244919	-0.717010
1.300000	1.221817	-6.561012	0.497932	-0.706888	-0.235226	-0.709562
1.320000	1.317067	-6.659458	0.416485	-0.714916	-0.225514	-0.701239
1.340000	1.417519	-6.717348	0.320793	-0.722686	-0.216062	-0.692025
1.360000	1.520444	-6.731403	0.212777	-0.730161	-0.207145	-0.681908
1.380000	1.623116	-6.698345	0.094357	-0.737302	-0.199043	-0.670874
1.400000	1.722806	-6.614897	-0.032545	-0.744073	-0.192031	-0.658908
1.420000	1.816790	-6.477779	-0.166009	-0.750436	-0.186387	-0.645997
1.440000	1.902338	-6.283715	-0.304114	-0.756352	-0.182388	-0.632127
1.460000	1.977049	-6.030408	-0.444987	-0.761796	-0.180272	-0.617301
1.480000	2.040715	-5.722211	-0.587086	-0.766810	-0.180014	-0.601637
1.500000	2.094040	-5.366232	-0.729002	-0.771469	-0.181478	-0.585297
1.520000	2.137730	-4.969589	-0.869329	-0.775846	-0.184530	-0.568449
1.540000	2.172493	-4.539400	-1.006659	-0.780014	-0.189033	-0.551255
1.560000	2.199033	-4.082783	-1.139585	-0.784047	-0.194853	-0.533880
1.580000	2.218059	-3.606854	-1.266700	-0.788018	-0.201854	-0.516489
1.600000	2.230275	-3.118732	-1.386598	-0.792001	-0.209900	-0.499247
1.620000	2.236389	-2.625534	-1.497871	-0.796069	-0.218857	-0.482317
1.640000	2.237107	-2.134378	-1.599112	-0.800297	-0.228588	-0.465866
1.660000	2.233135	-1.652381	-1.688914	-0.804757	-0.238959	-0.450056
1.680000	2.225180	-1.186661	-1.765870	-0.809522	-0.249833	-0.435053
1.700000	2.213948	-0.744335	-1.828572	-0.814667	-0.261077	-0.421022
1.720000	2.200146	-0.332522	-1.875615	-0.820265	-0.272553	-0.408126
1.740000	2.184479	0.041662	-1.905590	-0.826390	-0.284127	-0.396531
1.760000	2.167656	0.371098	-1.917090	-0.833115	-0.295664	-0.386401
1.780000	2.150303	0.649006	-1.908817	-0.840504	-0.307032	-0.377894
1.800000	2.131762	0.874187	-1.881249	-0.848488	-0.318173	-0.371064
1.820000	2.110308	1.050054	-1.836338	-0.856884	-0.329090	-0.365877
1.840000	2.084186	1.180154	-1.776077	-0.865503	-0.339786	-0.362298
1.860000	2.051641	1.268036	-1.702459	-0.874161	-0.350266	-0.360291
1.880000	2.010918	1.317249	-1.617478	-0.882669	-0.360534	-0.359820
1.900000	1.960260	1.331341	-1.523128	-0.890842	-0.370593	-0.360849
1.920000	1.897913	1.313861	-1.421402	-0.898493	-0.380448	-0.363342
1.940000	1.822121	1.268356	-1.314294	-0.905434	-0.390103	-0.367265
1.960000	1.731129	1.198377	-1.203798	-0.911480	-0.399561	-0.372580
1.980000	1.623181	1.107470	-1.091908	-0.916444	-0.408827	-0.379252
2.000000	1.496522	0.999185	-0.980616	-0.920139	-0.417905	-0.387246
2.020000	1.349397	0.877070	-0.871918	-0.922378	-0.426798	-0.396525
2.040000	1.180050	0.744673	-0.767805	-0.922975	-0.435512	-0.407054
2.060000	0.986726	0.605543	-0.670273	-0.921743	-0.444049	-0.418797
2.080000	0.767669	0.463229	-0.581314	-0.918495	-0.452414	-0.431718
2.100000	0.521180	0.321274	-0.502905	-0.913049	-0.460610	-0.445780
2.120000	0.249245	0.182831	-0.435881	-0.905459	-0.468606	-0.460857
2.140000	-0.040224	0.050434	-0.379241	-0.896163	-0.476313	-0.476680
2.160000	-0.338779	-0.073441	-0.331818	-0.885633	-0.483637	-0.492968
2.180000	-0.637973	-0.186318	-0.292445	-0.874341	-0.490485	-0.509439
2.200000	-0.929358	-0.285722	-0.259957	-0.862759	-0.496763	-0.525811
2.220000	-1.204488	-0.369175	-0.233185	-0.851360	-0.502378	-0.541802
2.240000	-1.454915	-0.434203	-0.210963	-0.840615	-0.507236	-0.557132
2.260000	-1.672191	-0.478328	-0.192126	-0.830997	-0.511243	-0.571518
2.280000	-1.847869	-0.499075	-0.175505	-0.822977	-0.514305	-0.584678
2.300000	-1.973502	-0.493968	-0.159935	-0.817029	-0.516330	-0.596330
2.320000	-2.040642	-0.460531	-0.144249	-0.813623	-0.517224	-0.606194
2.340000	-2.040843	-0.396288	-0.127279	-0.813233	-0.516892	-0.613988
2.360000	-1.965656	-0.298762	-0.107860	-0.816330	-0.515241	-0.619429
2.380000	-1.806634	-0.165478	-0.084825	-0.823386	-0.512178	-0.622236
2.400000	-1.555330	0.006041	-0.057007	-0.834874	-0.507610	-0.622127
2.420000	-1.204446	0.217735	-0.023307	-0.851216	-0.501457	-0.618848
2.440000	-0.761075	0.464839	0.016509	-0.872214	-0.493837	-0.612467
2.460000	-0.242118	0.738020	0.062093	-0.897248	-0.485001	-0.603281
2.480000	0.335336	1.027857	0.113083	-0.925688	-0.475201	-0.591585
