0.000000	-0.962765	-1.112750	0.284578	-0.818416	-0.029907	-1.212942
0.020000	-1.132877	-1.830345	0.247504	-0.851775	-0.037269	-1.244363
0.040000	-1.295295	-2.518194	0.214259	-0.882449	-0.044915	-1.271069
0.060000	-1.447581	-3.164774	0.181282	-0.909763	-0.052659	-1.292450
0.080000	-1.587299	-3.758566	0.145011	-0.933041	-0.060317	-1.307898
0.100000	-1.712011	-4.288048	0.101882	-0.951607	-0.067703	-1.316803
0.120000	-1.819280	-4.741699	0.048335	-0.964787	-0.074633	-1.318556
0.140000	-1.906667	-5.108000	-0.019193	-0.971904	-0.080921	-1.312548
0.160000	-1.971736	-5.375428	-0.104264	-0.972284	-0.086381	-1.298169
0.180000	-2.012323	-5.533738	-0.209899	-0.965360	-0.090849	-1.274934
0.200000	-2.028730	-5.584184	-0.334238	-0.951562	-0.094328	-1.243464
0.220000	-2.022568	-5.534122	-0.472831	-0.931845	-0.096914	-1.204968
0.240000	-1.995459	-5.390960	-0.621205	-0.907170	-0.098702	-1.160660
0.260000	-1.949026	-5.162110	-0.774887	-0.878497	-0.099789	-1.111755
0.280000	-1.884892	-4.854980	-0.929405	-0.846786	-0.100270	-1.059468
0.300000	-1.804678	-4.476982	-1.080284	-0.812998	-0.100241	-1.005012
0.320000	-1.710009	-4.035524	-1.223052	-0.778094	-0.099798	-0.949603
0.340000	-1.602505	-3.538018	-1.353237	-0.743033	-0.099038	-0.894454
0.360000	-1.483791	-2.991872	-1.466364	-0.708777	-0.098055	-0.840781
0.380000	-1.355488	-2.404498	-1.557961	-0.676286	-0.096946	-0.789797
0.400000	-1.219219	-1.783304	-1.623555	-0.646520	-0.095807	-0.742718
0.420000	-1.076607	-1.135702	-1.658672	-0.620439	-0.094734	-0.700757
0.440000	-0.929274	-0.469101	-1.658840	-0.599005	-0.093823	-0.665129
0.460000	-0.778843	0.209089	-1.619586	-0.583178	-0.093169	-0.637048
0.480000	-0.626953	0.891504	-1.536940	-0.573845	-0.092861	-0.617636
0.500000	-0.475450	1.571352	-1.413245	-0.570994	-0.092889	-0.606825
0.520000	-0.326322	2.242233	-1.255143	-0.573995	-0.093178	-0.603745
0.540000	-0.181559	2.897753	-1.069361	-0.582209	-0.093650	-0.607508
0.560000	-0.043151	3.531519	-0.862622	-0.594994	-0.094229	-0.617227
0.580000	0.086911	4.137139	-0.641652	-0.611711	-0.094836	-0.632014
0.600000	0.206637	4.708218	-0.413176	-0.631718	-0.095396	-0.650981
0.620000	0.314037	5.238364	-0.183920	-0.654376	-0.095831	-0.673242
0.640000	0.407121	5.721183	0.039392	-0.679045	-0.096063	-0.697908
0.660000	0.483898	6.150282	0.250034	-0.705082	-0.096016	-0.724092
0.680000	0.542379	6.519267	0.441281	-0.731850	-0.095613	-0.750907
0.700000	0.580573	6.821747	0.606408	-0.758706	-0.094776	-0.777465
0.720000	0.596489	7.051327	0.738690	-0.785010	-0.093429	-0.802879
0.740000	0.588138	7.201613	0.831401	-0.810123	-0.091493	-0.826260
0.760000	0.553529	7.266214	0.877817	-0.833403	-0.088893	-0.846723
0.780000	0.490673	7.238735	0.871213	-0.854211	-0.085551	-0.863378
0.800000	0.398598	7.115096	0.806852	-0.872020	-0.081434	-0.875536
0.820000	0.280758	6.901249	0.688635	-0.886803	-0.076703	-0.883362
0.840000	0.141809	6.605868	0.522805	-0.898668	-0.071569	-0.887252
0.860000	-0.013594	6.237628	0.315603	-0.907722	-0.066245	-0.887603
0.880000	-0.180797	5.805204	0.073273	-0.914072	-0.060943	-0.884812
0.900000	-0.355146	5.317270	-0.197944	-0.917827	-0.055876	-0.879276
0.920000	-0.531985	4.782500	-0.491804	-0.919093	-0.051255	-0.871391
0.940000	-0.706659	4.209570	-0.802066	-0.917979	-0.047293	-0.861555
0.960000	-0.874515	3.607153	-1.122486	-0.914591	-0.044202	-0.850163
0.980000	-1.030896	2.983924	-1.446822	-0.909037	-0.042194	-0.837614
1.000000	-1.171149	2.348558	-1.768833	-0.901426	-0.041482	-0.824303
1.020000	-1.290619	1.709729	-2.082274	-0.891863	-0.042278	-0.810628
1.040000	-1.384650	1.076112	-2.380905	-0.880457	-0.044795	-0.796985
1.060000	-1.448589	0.456381	-2.658482	-0.867316	-0.049243	-0.783771
1.080000	-1.477780	-0.140790	-2.908762	-0.852547	-0.055837	-0.771383
1.100000	-1.467569	-0.706725	-3.125504	-0.836257	-0.064787	-0.760218
1.120000	-1.413300	-1.232751	-3.302465	-0.818554	-0.076307	-0.750672
1.140000	-1.310652	-1.710481	-3.433694	-0.799552	-0.090591	-0.743122
1.160000	-1.161207	-2.136659	-3.518404	-0.779480	-0.107517	-0.737580
1.180000	-0.971628	-2.512440	-3.560257	-0.758667	-0.126697	-0.733744
1.200000	-0.748740	-2.839124	-3.563055	-0.737444	-0.147728	-0.731303
1.220000	-0.499372	-3.118008	-3.530602	-0.716144	-0.170211	-0.729945
1.240000	-0.230351	-3.350391	-3.466703	-0.695097	-0.193747	-0.729358
1.260000	0.051497	-3.537573	-3.375161	-0.674636	-0.217934	-0.729231
1.280000	0.339344	-3.680851	-3.259780	-0.655092	-0.242374	-0.729253
1.300000	0.626363	-3.781526	-3.124363	-0.636797	-0.266666	-0.729111
1.320000	0.905727	-3.840895	-2.972716	-0.620082	-0.290409	-0.728494
1.340000	1.170608	-3.860257	-2.808642	-0.605280	-0.313205	-0.727090
1.360000	1.414181	-3.840911	-2.635944	-0.592722	-0.334652	-0.724589
1.380000	1.629616	-3.784156	-2.458426	-0.582739	-0.354352	-0.720677
1.400000	1.810088	-3.691291	-2.279893	-0.575664	-0.371903	-0.715045
1.420000	1.948769	-3.563614	-2.104148	-0.571828	-0.386906	-0.707379
1.440000	2.038833	-3.402424	-1.934995	-0.571563	-0.398961	-0.697368
1.460000	2.074971	-3.209395	-1.775677	-0.575112	-0.407746	-0.684780
1.480000	2.060504	-2.988333	-1.626259	-0.582226	-0.413384	-0.669830
1.500000	2.001790	-2.743793	-1.485683	-0.592476	-0.416157	-0.652891
1.520000	1.905189	-2.480331	-1.352891	-0.605439	-0.416344	-0.634336
1.540000	1.777063	-2.202503	-1.226825	-0.620686	-0.414225	-0.614539
1.560000	1.623774	-1.914867	-1.106428	-0.637792	-0.410082	-0.593872
1.580000	1.451684	-1.621978	-0.990641	-0.656330	-0.404195	-0.572709
1.600000	1.267152	-1.328393	-0.878407	-0.675875	-0.396844	-0.551423
1.620000	1.076542	-1.038669	-0.768667	-0.695999	-0.388309	-0.530387
1.640000	0.886214	-0.757361	-0.660363	-0.716278	-0.378872	-0.509974
1.660000	0.702529	-0.489026	-0.552439	-0.736283	-0.368812	-0.490558
1.680000	0.531849	-0.238220	-0.443834	-0.755590	-0.358409	-0.472512
1.700000	0.380536	-0.009501	-0.333493	-0.773772	-0.347946	-0.456209
1.720000	0.254951	0.192576	-0.220356	-0.790402	-0.337701	-0.442022
1.740000	0.161455	0.363455	-0.103365	-0.805055	-0.327955	-0.430324
1.760000	0.106390	0.498594	0.018532	-0.817304	-0.318988	-0.421488
1.780000	0.092471	0.596221	0.145592	-0.826909	-0.310984	-0.415688
1.800000	0.114561	0.660564	0.276339	-0.834023	-0.303915	-0.412673
1.820000	0.166500	0.696632	0.409075	-0.838851	-0.297729	-0.412134
1.840000	0.242126	0.709432	0.542100	-0.841600	-0.292372	-0.413763
1.860000	0.335278	0.703976	0.673715	-0.842476	-0.287789	-0.417253
1.880000	0.439794	0.685271	0.802219	-0.841685	-0.283928	-0.422296
1.900000	0.549513	0.658328	0.925913	-0.839432	-0.280734	-0.428582
1.920000	0.658275	0.628154	1.043098	-0.835924	-0.278154	-0.435806
1.940000	0.759917	0.599760	1.152075	-0.831365	-0.276135	-0.443658
1.960000	0.848278	0.578155	1.251142	-0.825963	-0.274622	-0.451831
1.980000	0.917197	0.568348	1.338602	-0.819924	-0.273561	-0.460017
2.000000	0.960513	0.575347	1.412754	-0.813452	-0.272900	-0.467908
2.020000	0.972064	0.604163	1.471899	-0.806754	-0.272584	-0.475195
2.040000	0.945690	0.659804	1.514336	-0.800036	-0.272560	-0.481572
2.060000	0.875228	0.747280	1.538368	-0.793503	-0.272774	-0.486730
2.080000	0.754518	0.871600	1.542294	-0.787362	-0.273173	-0.490361
2.100000	0.579550	1.036299	1.524937	-0.781765	-0.273691	-0.492239
2.120000	0.356108	1.238204	1.487509	-0.776621	-0.274211	-0.492510
2.140000	0.092766	1.472236	1.431897	-0.771768	-0.274603	-0.491426
2.160000	-0.201906	1.733313	1.359989	-0.767047	-0.274735	-0.489240
2.180000	-0.519335	2.016353	1.273673	-0.762296	-0.274476	-0.486202
2.200000	-0.850950	2.316276	1.174836	-0.757354	-0.273693	-0.482565
2.220000	-1.188179	2.628002	1.065368	-0.752062	-0.272257	-0.478582
2.240000	-1.522450	2.946448	0.947157	-0.746257	-0.270034	-0.474503
2.260000	-1.845191	3.266534	0.822089	-0.739780	-0.266895	-0.470582
2.280000	-2.147831	3.583179	0.692054	-0.732470	-0.262708	-0.467069
2.300000	-2.421797	3.891302	0.558939	-0.724166	-0.257341	-0.464218
2.320000	-2.658518	4.185822	0.424633	-0.714707	-0.250663	-0.462279
2.340000	-2.849422	4.461658	0.291023	-0.703933	-0.242542	-0.461506
2.360000	-2.985937	4.713729	0.159997	-0.691683	-0.232848	-0.462149
2.380000	-3.059491	4.936954	0.033444	-0.677795	-0.221448	-0.464461
2.400000	-3.061585	5.126267	-0.086751	-0.662112	-0.208214	-0.468694
2.420000	-2.990103	5.277955	-0.198941	-0.644658	-0.193181	-0.474980
2.440000	-2.854251	5.390702	-0.301906	-0.625782	-0.176675	-0.483248
2.460000	-2.664394	5.463439	-0.394465	-0.605865	-0.159056	-0.493405
2.480000	-2.430898	5.495095	-0.475439	-0.585291	-0.140680	-0.505359
2.500000	-2.164129	5.484601	-0.543651	-0.564440	-0.121905	-0.519015
2.520000	-1.874452	5.430887	-0.597921	-0.543696	-0.103088	-0.534282
2.540000	-1.572233	5.332883	-0.637070	-0.523441	-0.084588	-0.551067
2.560000	-1.267838	5.189519	-0.659920	-0.504056	-0.066762	-0.569275
2.580000	-0.971634	4.999725	-0.665291	-0.485925	-0.049967	-0.588815
2.600000	-0.693985	4.762433	-0.652005	-0.469428	-0.034561	-0.609593
2.620000	-0.445257	4.476571	-0.618883	-0.454949	-0.020902	-0.631517
2.640000	-0.235816	4.141070	-0.564746	-0.442869	-0.009347	-0.654493
2.660000	-0.076029	3.754860	-0.488416	-0.433570	-0.000253	-0.678428
2.680000	0.023740	3.316872	-0.388713	-0.427436	0.006021	-0.703229
2.700000	0.053146	2.826050	-0.264464	-0.424846	0.009118	-0.728804
2.720000	0.007251	2.284848	-0.115962	-0.425997	0.008875	-0.755010
2.740000	-0.106502	1.703760	0.053147	-0.430658	0.005564	-0.781596
2.760000	-0.278944	1.094403	0.238747	-0.438539	-0.000479	-0.808292
2.780000	-0.500905	0.468393	0.436724	-0.449349	-0.008918	-0.834831
2.800000	-0.763213	-0.162654	0.642962	-0.462799	-0.019419	-0.860944
2.820000	-1.056699	-0.787123	0.853346	-0.478597	-0.031645	-0.886364
2.840000	-1.372192	-1.393396	1.063761	-0.496455	-0.045262	-0.910823
2.860000	-1.700523	-1.969858	1.270091	-0.516082	-0.059934	-0.934052
2.880000	-2.032521	-2.504892	1.468223	-0.537187	-0.075327	-0.955783
2.900000	-2.359016	-2.986883	1.654040	-0.559481	-0.091103	-0.975749
2.920000	-2.670838	-3.404215	1.823427	-0.582674	-0.106929	-0.993681
2.940000	-2.958817	-3.745271	1.972269	-0.606474	-0.122469	-1.009310
2.960000	-3.213782	-3.998435	2.096452	-0.630593	-0.137387	-1.022370
2.980000	-3.426563	-4.152091	2.191859	-0.654739	-0.151348	-1.032591
3.000000	-3.587990	-4.194623	2.254377	-0.678623	-0.164018	-1.039707
3.020000	-3.688894	-4.114415	2.279889	-0.701955	-0.175059	-1.043448
3.040000	-3.720236	-3.900088	2.264346	-0.724447	-0.184142	-1.043552
3.060000	-3.679860	-3.552471	2.207067	-0.745954	-0.191118	-1.040064
3.080000	-3.575642	-3.090197	2.112286	-0.766542	-0.196110	-1.033475
3.100000	-3.416252	-2.533314	1.984625	-0.786290	-0.199261	-1.024312
3.120000	-3.210361	-1.901867	1.828705	-0.805279	-0.200714	-1.013100
3.140000	-2.966640	-1.215900	1.649151	-0.823589	-0.200613	-1.000367
3.160000	-2.693761	-0.495460	1.450584	-0.841302	-0.199101	-0.986640
