0.000000	-1.571431	1.117575	2.028964	-0.776486	-0.253429	-0.748575
0.020000	-1.444746	0.631938	1.845156	-0.795054	-0.260297	-0.754883
0.040000	-1.330501	0.151473	1.653358	-0.813504	-0.267855	-0.759966
0.060000	-1.230245	-0.315126	1.458102	-0.831607	-0.276029	-0.763919
0.080000	-1.145524	-0.759164	1.263919	-0.849135	-0.284744	-0.766834
0.100000	-1.077888	-1.171948	1.075340	-0.865859	-0.293927	-0.768807
0.120000	-1.028883	-1.544783	0.896897	-0.881551	-0.303503	-0.769929
0.140000	-1.000057	-1.868975	0.733121	-0.895982	-0.313398	-0.770295
0.160000	-0.992958	-2.135829	0.588544	-0.908925	-0.323537	-0.769999
0.180000	-1.009085	-2.336798	0.467629	-0.920154	-0.333848	-0.769134
0.200000	-1.047901	-2.469446	0.371930	-0.929605	-0.344272	-0.767758
0.220000	-1.106140	-2.539535	0.299107	-0.937427	-0.354775	-0.765885
0.240000	-1.180343	-2.553406	0.246544	-0.943785	-0.365325	-0.763528
0.260000	-1.267053	-2.517398	0.211625	-0.948844	-0.375889	-0.760697
0.280000	-1.362812	-2.437848	0.191735	-0.952768	-0.386434	-0.757403
0.300000	-1.464161	-2.321097	0.184259	-0.955723	-0.396927	-0.753657
0.320000	-1.567642	-2.173484	0.186580	-0.957871	-0.407336	-0.749471
0.340000	-1.669797	-2.001347	0.196085	-0.959379	-0.417627	-0.744854
0.360000	-1.767167	-1.811025	0.210157	-0.960411	-0.427768	-0.739819
0.380000	-1.856296	-1.608858	0.226180	-0.961131	-0.437725	-0.734377
0.400000	-1.933724	-1.401184	0.241540	-0.961704	-0.447468	-0.728537
0.420000	-1.995993	-1.194343	0.253621	-0.962295	-0.456961	-0.722313
0.440000	-2.039646	-0.994673	0.259807	-0.963068	-0.466173	-0.715714
0.460000	-2.061223	-0.808513	0.257484	-0.964188	-0.475071	-0.708751
0.480000	-2.057268	-0.642203	0.244035	-0.965820	-0.483622	-0.701436
0.500000	-2.024324	-0.502078	0.216847	-0.968127	-0.491793	-0.693780
0.520000	-1.960606	-0.392404	0.174287	-0.971163	-0.499527	-0.685795
0.540000	-1.868826	-0.311868	0.117360	-0.974675	-0.506704	-0.677491
0.560000	-1.752445	-0.258230	0.047515	-0.978364	-0.513193	-0.668884
0.580000	-1.614925	-0.229249	-0.033802	-0.981927	-0.518861	-0.659984
0.600000	-1.459725	-0.222684	-0.125144	-0.985064	-0.523577	-0.650804
0.620000	-1.290309	-0.236295	-0.225065	-0.987473	-0.527209	-0.641358
0.640000	-1.110136	-0.267840	-0.332117	-0.988853	-0.529627	-0.631657
0.660000	-0.922669	-0.315079	-0.444854	-0.988902	-0.530699	-0.621715
0.680000	-0.731368	-0.375771	-0.561828	-0.987320	-0.530292	-0.611543
0.700000	-0.539694	-0.447675	-0.681593	-0.983806	-0.528276	-0.601155
0.720000	-0.351110	-0.528551	-0.802702	-0.978057	-0.524520	-0.590564
0.740000	-0.169076	-0.616157	-0.923708	-0.969773	-0.518890	-0.579781
0.760000	0.002946	-0.708253	-1.043165	-0.958652	-0.511257	-0.568820
0.780000	0.161496	-0.802598	-1.159624	-0.944394	-0.501489	-0.557692
0.800000	0.303112	-0.896951	-1.271640	-0.926697	-0.489453	-0.546412
0.820000	0.425151	-0.989628	-1.377905	-0.905427	-0.475126	-0.535000
0.840000	0.527865	-1.080913	-1.477601	-0.881042	-0.458862	-0.523510
0.860000	0.612145	-1.171527	-1.570022	-0.854132	-0.441100	-0.512003
0.880000	0.678886	-1.262190	-1.654460	-0.825285	-0.422278	-0.500541
0.900000	0.728978	-1.353623	-1.730206	-0.795092	-0.402833	-0.489184
0.920000	0.763315	-1.446547	-1.796553	-0.764140	-0.383205	-0.477994
0.940000	0.782788	-1.541681	-1.852793	-0.733021	-0.363832	-0.467030
0.960000	0.788291	-1.639746	-1.898219	-0.702321	-0.345152	-0.456356
0.980000	0.780715	-1.741462	-1.932123	-0.672632	-0.327604	-0.446030
1.000000	0.760953	-1.847550	-1.953797	-0.644542	-0.311625	-0.436115
1.020000	0.729898	-1.958731	-1.962533	-0.618640	-0.297654	-0.426671
1.040000	0.688441	-2.075724	-1.957624	-0.595515	-0.286130	-0.417760
1.060000	0.637475	-2.199251	-1.938362	-0.575757	-0.277491	-0.409443
1.080000	0.577893	-2.330031	-1.904039	-0.559956	-0.272175	-0.401779
1.100000	0.510586	-2.468785	-1.853947	-0.548699	-0.270620	-0.394832
1.120000	0.436448	-2.616234	-1.787379	-0.542577	-0.273265	-0.388660
1.140000	0.356316	-2.772633	-1.703823	-0.542072	-0.280462	-0.383315
1.160000	0.270607	-2.934668	-1.604275	-0.546844	-0.291894	-0.378759
1.180000	0.179542	-3.097359	-1.490433	-0.556171	-0.306935	-0.374913
1.200000	0.083341	-3.255719	-1.364000	-0.569329	-0.324956	-0.371700
1.220000	-0.017775	-3.404760	-1.226679	-0.585593	-0.345329	-0.369040
1.240000	-0.123586	-3.539495	-1.080170	-0.604239	-0.367426	-0.366857
1.260000	-0.233873	-3.654936	-0.926178	-0.624543	-0.390617	-0.365071
1.280000	-0.348415	-3.746096	-0.766402	-0.645780	-0.414275	-0.363604
1.300000	-0.466992	-3.807987	-0.602547	-0.667226	-0.437771	-0.362378
1.320000	-0.589384	-3.835622	-0.436313	-0.688157	-0.460477	-0.361314
1.340000	-0.715371	-3.824013	-0.269404	-0.707848	-0.481764	-0.360335
1.360000	-0.844732	-3.768173	-0.103521	-0.725576	-0.501004	-0.359362
1.380000	-0.977248	-3.663113	0.059633	-0.740615	-0.517568	-0.358316
1.400000	-1.112698	-3.503848	0.218356	-0.752242	-0.530828	-0.357120
1.420000	-1.250863	-3.285388	0.370947	-0.759732	-0.540156	-0.355696
1.440000	-1.391521	-3.002747	0.515702	-0.762361	-0.544923	-0.353964
1.460000	-1.534401	-2.651294	0.650982	-0.759442	-0.544536	-0.351851
1.480000	-1.678199	-2.233480	0.776382	-0.751051	-0.539088	-0.349369
1.500000	-1.820662	-1.758255	0.892631	-0.737960	-0.529307	-0.346611
1.520000	-1.959502	-1.234808	1.000499	-0.720966	-0.515942	-0.343671
1.540000	-2.092433	-0.672329	1.100757	-0.700867	-0.499742	-0.340643
1.560000	-2.217167	-0.080008	1.194176	-0.678463	-0.481457	-0.337623
1.580000	-2.331416	0.532966	1.281525	-0.654550	-0.461836	-0.334706
1.600000	-2.432895	1.157403	1.363576	-0.629927	-0.441630	-0.331986
1.620000	-2.519315	1.784112	1.441099	-0.605391	-0.421587	-0.329558
1.640000	-2.588389	2.403905	1.514865	-0.581742	-0.402458	-0.327517
1.660000	-2.637829	3.007591	1.585644	-0.559776	-0.384992	-0.325957
1.680000	-2.665349	3.585981	1.654207	-0.540293	-0.369938	-0.324974
1.700000	-2.668662	4.129884	1.721324	-0.524089	-0.358046	-0.324662
1.720000	-2.645479	4.630111	1.787766	-0.511963	-0.350066	-0.325116
1.740000	-2.593514	5.077472	1.854304	-0.504714	-0.346747	-0.326430
1.760000	-2.510480	5.462778	1.921707	-0.503139	-0.348839	-0.328700
1.780000	-2.394758	5.778042	1.990425	-0.507871	-0.356926	-0.332015
1.800000	-2.248827	6.022651	2.058927	-0.518535	-0.370580	-0.336424
1.820000	-2.076722	6.198788	2.124937	-0.534371	-0.388990	-0.341965
1.840000	-1.882477	6.308636	2.186174	-0.554621	-0.411344	-0.348675
1.860000	-1.670126	6.354382	2.240359	-0.578526	-0.436830	-0.356590
1.880000	-1.443707	6.338212	2.285214	-0.605326	-0.464636	-0.365747
1.900000	-1.207253	6.262311	2.318459	-0.634263	-0.493950	-0.376182
1.920000	-0.964799	6.128865	2.337815	-0.664576	-0.523960	-0.387933
1.940000	-0.720382	5.940059	2.341002	-0.695508	-0.553854	-0.401036
1.960000	-0.478037	5.698080	2.325741	-0.726298	-0.582820	-0.415528
1.980000	-0.241798	5.405112	2.289753	-0.756188	-0.610046	-0.431445
2.000000	-0.015701	5.063342	2.230759	-0.784419	-0.634719	-0.448825
2.020000	0.196219	4.674955	2.146480	-0.810231	-0.656029	-0.467703
2.040000	0.389926	4.242137	2.034636	-0.832865	-0.673162	-0.488116
2.060000	0.561386	3.767074	1.892948	-0.851562	-0.685308	-0.510102
2.080000	0.706562	3.251951	1.719137	-0.865563	-0.691653	-0.533697
2.100000	0.821590	2.699426	1.511333	-0.874185	-0.691460	-0.558919
2.120000	0.905072	2.119072	1.273669	-0.877847	-0.685062	-0.585513
2.140000	0.957490	1.525713	1.014834	-0.877809	-0.673609	-0.613016
2.160000	0.979369	0.934299	0.743627	-0.875349	-0.658270	-0.640963
2.180000	0.971237	0.359783	0.468851	-0.871749	-0.640214	-0.668885
2.200000	0.933619	-0.182882	0.199306	-0.868286	-0.620610	-0.696315
2.220000	0.867042	-0.678744	-0.056206	-0.866241	-0.600628	-0.722786
2.240000	0.772034	-1.112851	-0.288885	-0.866893	-0.581437	-0.747830
