0.000000	-2.052548	5.089590	1.496308	-0.816345	-0.425556	-0.294439
0.020000	-2.223178	4.793244	1.406964	-0.833058	-0.423488	-0.304968
0.040000	-2.389913	4.480880	1.311934	-0.849485	-0.421137	-0.315555
0.060000	-2.545199	4.159400	1.212093	-0.865470	-0.418247	-0.326166
0.080000	-2.681480	3.835705	1.108314	-0.880853	-0.414562	-0.336767
0.100000	-2.791199	3.516696	1.001471	-0.895476	-0.409827	-0.347321
0.120000	-2.866801	3.209274	0.892438	-0.909180	-0.403786	-0.357795
0.140000	-2.900731	2.920341	0.782089	-0.921808	-0.396184	-0.368152
0.160000	-2.885454	2.656784	0.671297	-0.933201	-0.386767	-0.378359
0.180000	-2.817433	2.422978	0.560993	-0.943289	-0.375455	-0.388399
0.200000	-2.701783	2.217860	0.452226	-0.952194	-0.362550	-0.398295
0.220000	-2.544749	2.039653	0.346060	-0.960061	-0.348406	-0.408076
0.240000	-2.352573	1.886585	0.243559	-0.967036	-0.333373	-0.417772
0.260000	-2.131501	1.756881	0.145789	-0.973265	-0.317804	-0.427410
0.280000	-1.887777	1.648765	0.053815	-0.978894	-0.302051	-0.437019
0.300000	-1.627644	1.560464	-0.031300	-0.984068	-0.286466	-0.446629
0.320000	-1.357348	1.490203	-0.108489	-0.988934	-0.271401	-0.456268
0.340000	-1.083133	1.436208	-0.176689	-0.993637	-0.257208	-0.465965
0.360000	-0.811242	1.396704	-0.234835	-0.998324	-0.244238	-0.475748
0.380000	-0.547920	1.369916	-0.281863	-1.003139	-0.232844	-0.485647
0.400000	-0.299412	1.354070	-0.316706	-1.008229	-0.223378	-0.495689
0.420000	-0.071961	1.347392	-0.338301	-1.013740	-0.216193	-0.505905
0.440000	0.128188	1.348107	-0.345583	-1.019817	-0.211638	-0.516323
0.460000	0.294791	1.354441	-0.337487	-1.026607	-0.210068	-0.526971
0.480000	0.421864	1.364617	-0.313061	-1.034245	-0.211816	-0.537875
0.500000	0.508492	1.376830	-0.273524	-1.042676	-0.216853	-0.548996
0.520000	0.558353	1.389247	-0.222068	-1.051673	-0.224826	-0.560238
0.540000	0.575294	1.400035	-0.161954	-1.061000	-0.235370	-0.571501
0.560000	0.563159	1.407360	-0.096445	-1.070424	-0.248118	-0.582687
0.580000	0.525796	1.409389	-0.028803	-1.079709	-0.262703	-0.593697
0.600000	0.467048	1.404288	0.037709	-1.088622	-0.278761	-0.604432
0.620000	0.390763	1.390224	0.099829	-1.096928	-0.295925	-0.614794
0.640000	0.300785	1.365362	0.154296	-1.104392	-0.313829	-0.624682
0.660000	0.200961	1.327870	0.197846	-1.110780	-0.332107	-0.633999
0.680000	0.095136	1.275914	0.227217	-1.115858	-0.350394	-0.642645
0.700000	-0.012844	1.207661	0.239148	-1.119392	-0.368322	-0.650522
0.720000	-0.119133	1.121276	0.230375	-1.121146	-0.385527	-0.657531
0.740000	-0.219885	1.014926	0.197637	-1.120886	-0.401642	-0.663572
0.760000	-0.311256	0.886779	0.137672	-1.118378	-0.416300	-0.668547
0.780000	-0.389398	0.734999	0.047216	-1.113388	-0.429138	-0.672358
0.800000	-0.450489	0.557781	-0.076958	-1.105682	-0.439789	-0.674905
0.820000	-0.492686	0.355656	-0.235098	-1.095204	-0.448078	-0.676125
0.840000	-0.517654	0.133304	-0.422161	-1.082207	-0.454159	-0.676016
0.860000	-0.527420	-0.104169	-0.632566	-1.066976	-0.458221	-0.674585
0.880000	-0.524010	-0.351658	-0.860729	-1.049796	-0.460452	-0.671835
0.900000	-0.509452	-0.604058	-1.101066	-1.030952	-0.461042	-0.667772
0.920000	-0.485771	-0.856263	-1.347996	-1.010729	-0.460179	-0.662400
0.940000	-0.454994	-1.103168	-1.595934	-0.989412	-0.458052	-0.655725
0.960000	-0.419147	-1.339667	-1.839298	-0.967287	-0.454850	-0.647752
0.980000	-0.380257	-1.560656	-2.072505	-0.944638	-0.450761	-0.638485
1.000000	-0.340350	-1.761028	-2.289971	-0.921751	-0.445975	-0.627931
1.020000	-0.301453	-1.935679	-2.486114	-0.898910	-0.440679	-0.616092
1.040000	-0.265592	-2.079503	-2.655349	-0.876401	-0.435063	-0.602976
1.060000	-0.234793	-2.187394	-2.792096	-0.854509	-0.429315	-0.588586
1.080000	-0.211084	-2.254248	-2.890769	-0.833519	-0.423625	-0.572927
1.100000	-0.196486	-2.274972	-2.945798	-0.813715	-0.418180	-0.556006
1.120000	-0.191986	-2.247613	-2.954518	-0.795300	-0.413124	-0.537896
1.140000	-0.196202	-2.177406	-2.920918	-0.778289	-0.408497	-0.518830
1.160000	-0.207417	-2.070593	-2.849919	-0.762671	-0.404323	-0.499064
1.180000	-0.223918	-1.933413	-2.746437	-0.748433	-0.400629	-0.478852
1.200000	-0.243990	-1.772108	-2.615394	-0.735564	-0.397438	-0.458450
1.220000	-0.265918	-1.592916	-2.461708	-0.724052	-0.394777	-0.438114
1.240000	-0.287987	-1.402079	-2.290298	-0.713885	-0.392670	-0.418097
1.260000	-0.308484	-1.205837	-2.106083	-0.705053	-0.391142	-0.398656
1.280000	-0.325693	-1.010430	-1.913982	-0.697543	-0.390219	-0.380045
1.300000	-0.337900	-0.822097	-1.718914	-0.691344	-0.389925	-0.362520
1.320000	-0.343391	-0.647080	-1.525798	-0.686444	-0.390287	-0.346335
1.340000	-0.340450	-0.491619	-1.339554	-0.682831	-0.391328	-0.331747
1.360000	-0.327363	-0.361953	-1.165100	-0.680494	-0.393074	-0.319009
1.380000	-0.302415	-0.264324	-1.007356	-0.679421	-0.395550	-0.308378
1.400000	-0.263893	-0.204970	-0.871240	-0.679600	-0.398782	-0.300108
1.420000	-0.210080	-0.190134	-0.761672	-0.681021	-0.402794	-0.294454
1.440000	-0.139929	-0.224249	-0.682417	-0.683645	-0.407590	-0.291588
1.460000	-0.055618	-0.303010	-0.631658	-0.687317	-0.413062	-0.291269
1.480000	0.039704	-0.419472	-0.605890	-0.691842	-0.419071	-0.293137
1.500000	0.142882	-0.566688	-0.601607	-0.697027	-0.425477	-0.296827
1.520000	0.250766	-0.737712	-0.615305	-0.702679	-0.432142	-0.301978
1.540000	0.360203	-0.925595	-0.643477	-0.708604	-0.438926	-0.308226
1.560000	0.468042	-1.123392	-0.682618	-0.714607	-0.445689	-0.315209
1.580000	0.571130	-1.324155	-0.729223	-0.720497	-0.452292	-0.322565
1.600000	0.666315	-1.520939	-0.779786	-0.726079	-0.458595	-0.329931
1.620000	0.750445	-1.706795	-0.830802	-0.731159	-0.464459	-0.336944
1.640000	0.820369	-1.874778	-0.878766	-0.735544	-0.469745	-0.343241
1.660000	0.872933	-2.017941	-0.920172	-0.739041	-0.474313	-0.348460
1.680000	0.904987	-2.129336	-0.951515	-0.741455	-0.478023	-0.352239
1.700000	0.913379	-2.202018	-0.969290	-0.742594	-0.480737	-0.354214
1.720000	0.894955	-2.229038	-0.969990	-0.742263	-0.482314	-0.354023
1.740000	0.846565	-2.203452	-0.950111	-0.740270	-0.482615	-0.351304
1.760000	0.765430	-2.119014	-0.906489	-0.736443	-0.481516	-0.345737
1.780000	0.652886	-1.977203	-0.839699	-0.730867	-0.479053	-0.337481
1.800000	0.512812	-1.784273	-0.752632	-0.723783	-0.475359	-0.326989
1.820000	0.349123	-1.546546	-0.648212	-0.715436	-0.470573	-0.314719
1.840000	0.165735	-1.270346	-0.529365	-0.706068	-0.464830	-0.301131
1.860000	-0.033436	-0.961996	-0.399014	-0.695925	-0.458268	-0.286681
1.880000	-0.244474	-0.627820	-0.260084	-0.685248	-0.451022	-0.271827
1.900000	-0.463463	-0.274141	-0.115499	-0.674284	-0.443231	-0.257029
1.920000	-0.686487	0.092717	0.031816	-0.663274	-0.435029	-0.242744
1.940000	-0.909630	0.466431	0.178936	-0.652464	-0.426555	-0.229430
1.960000	-1.128977	0.840678	0.322938	-0.642097	-0.417943	-0.217545
1.980000	-1.340610	1.209134	0.460896	-0.632416	-0.409332	-0.207548
2.000000	-1.540615	1.565475	0.589887	-0.623666	-0.400858	-0.199896
2.020000	-1.725076	1.903378	0.706985	-0.616090	-0.392658	-0.195048
2.040000	-1.890076	2.216520	0.809266	-0.609932	-0.384867	-0.193461
2.060000	-2.031700	2.498578	0.893807	-0.605436	-0.377623	-0.195594
2.080000	-2.146965	2.744555	0.958388	-0.602798	-0.371033	-0.201770
2.100000	-2.236526	2.954631	1.003543	-0.602024	-0.365090	-0.211784
2.120000	-2.301921	3.130241	1.030474	-0.603075	-0.359758	-0.225306
2.140000	-2.344688	3.272820	1.040383	-0.605913	-0.355003	-0.242003
2.160000	-2.366368	3.383805	1.034472	-0.610498	-0.350790	-0.261544
2.180000	-2.368497	3.464632	1.013944	-0.616791	-0.347084	-0.283596
2.200000	-2.352616	3.516737	0.980000	-0.624754	-0.343850	-0.307827
2.220000	-2.320261	3.541555	0.933843	-0.634347	-0.341052	-0.333907
2.240000	-2.272973	3.540522	0.876675	-0.645532	-0.338657	-0.361503
2.260000	-2.212289	3.515075	0.809698	-0.658269	-0.336628	-0.390283
2.280000	-2.139748	3.466649	0.734114	-0.672519	-0.334930	-0.419916
2.300000	-2.056889	3.396680	0.651125	-0.688245	-0.333530	-0.450069
