0.000000	0.380678	-0.885255	-0.168737	-0.886023	-0.323443	-0.885174
0.020000	0.449590	-1.271613	-0.204533	-0.918758	-0.321586	-0.897683
0.040000	0.458067	-1.556291	-0.237790	-0.950830	-0.319494	-0.906241
0.060000	0.407783	-1.740546	-0.268543	-0.981973	-0.317147	-0.910981
0.080000	0.305377	-1.833084	-0.296516	-1.011946	-0.314519	-0.912317
0.100000	0.157536	-1.842690	-0.321431	-1.040506	-0.311580	-0.910662
0.120000	-0.029053	-1.778145	-0.343009	-1.067412	-0.308303	-0.906432
0.140000	-0.247702	-1.648232	-0.360971	-1.092422	-0.304660	-0.900042
0.160000	-0.491723	-1.461733	-0.375038	-1.115294	-0.300622	-0.891906
0.180000	-0.754429	-1.227432	-0.384931	-1.135785	-0.296162	-0.882440
0.200000	-1.029132	-0.954109	-0.390372	-1.153655	-0.291252	-0.872059
0.220000	-1.309145	-0.650548	-0.391081	-1.168661	-0.285863	-0.861176
0.240000	-1.587781	-0.325532	-0.386781	-1.180562	-0.279968	-0.850208
0.260000	-1.858351	0.012158	-0.377191	-1.189115	-0.273538	-0.839570
0.280000	-2.114169	0.353738	-0.362033	-1.194079	-0.266546	-0.829675
0.300000	-2.348546	0.690427	-0.341029	-1.195212	-0.258963	-0.820939
0.320000	-2.554796	1.013441	-0.313899	-1.192271	-0.250761	-0.813778
0.340000	-2.726231	1.313999	-0.280365	-1.185016	-0.241912	-0.808605
0.360000	-2.857844	1.585118	-0.240532	-1.173357	-0.232427	-0.805693
0.380000	-2.950302	1.825888	-0.195798	-1.157722	-0.222447	-0.804834
0.400000	-3.005468	2.036683	-0.147837	-1.138648	-0.212139	-0.805717
0.420000	-3.025204	2.217874	-0.098321	-1.116673	-0.201671	-0.808031
0.440000	-3.011373	2.369834	-0.048923	-1.092334	-0.191211	-0.811467
0.460000	-2.965838	2.492935	-0.001314	-1.066167	-0.180928	-0.815714
0.480000	-2.890462	2.587549	0.042831	-1.038709	-0.170989	-0.820462
0.500000	-2.787108	2.654049	0.081841	-1.010498	-0.161562	-0.825401
0.520000	-2.657638	2.692806	0.114043	-0.982070	-0.152815	-0.830220
0.540000	-2.503915	2.704193	0.137765	-0.953963	-0.144917	-0.834608
0.560000	-2.327802	2.688582	0.151334	-0.926713	-0.138035	-0.838257
0.580000	-2.131162	2.646346	0.153078	-0.900859	-0.132338	-0.840854
0.600000	-1.915858	2.577856	0.141323	-0.876935	-0.127992	-0.842091
0.620000	-1.683751	2.483485	0.114398	-0.855481	-0.125167	-0.841656
0.640000	-1.436706	2.363605	0.070629	-0.837032	-0.124031	-0.839240
0.660000	-1.176779	2.218888	0.008873	-0.821990	-0.124702	-0.834615
0.680000	-0.906893	2.051337	-0.069658	-0.810150	-0.127082	-0.827924
0.700000	-0.630213	1.863331	-0.163096	-0.801139	-0.131013	-0.819414
0.720000	-0.349905	1.657246	-0.269573	-0.794582	-0.136335	-0.809329
0.740000	-0.069133	1.435458	-0.387218	-0.790105	-0.142891	-0.797917
0.760000	0.208939	1.200345	-0.514165	-0.787336	-0.150521	-0.785423
0.780000	0.481145	0.954283	-0.648543	-0.785899	-0.159067	-0.772093
0.800000	0.744320	0.699649	-0.788485	-0.785423	-0.168370	-0.758174
0.820000	0.995300	0.438820	-0.932121	-0.785531	-0.178270	-0.743912
0.840000	1.230920	0.174172	-1.077583	-0.785852	-0.188610	-0.729552
0.860000	1.448014	-0.091917	-1.223001	-0.786011	-0.199230	-0.715341
0.880000	1.643419	-0.357071	-1.366508	-0.785633	-0.209972	-0.701525
0.900000	1.813969	-0.618913	-1.506235	-0.784347	-0.220677	-0.688350
0.920000	1.956499	-0.875066	-1.640313	-0.781777	-0.231187	-0.676062
0.940000	2.067845	-1.123154	-1.766873	-0.777550	-0.241341	-0.664907
0.960000	2.144841	-1.360799	-1.884046	-0.771293	-0.250983	-0.655132
0.980000	2.184739	-1.585726	-1.990045	-0.762675	-0.259960	-0.646953
1.000000	2.188930	-1.796656	-2.083889	-0.751802	-0.268210	-0.640299
1.020000	2.161187	-1.992886	-2.165062	-0.739033	-0.275718	-0.634936
1.040000	2.105313	-2.173719	-2.233052	-0.724727	-0.282468	-0.630624
1.060000	2.025108	-2.338460	-2.287350	-0.709246	-0.288446	-0.627126
1.080000	1.924373	-2.486411	-2.327445	-0.692949	-0.293638	-0.624204
1.100000	1.806910	-2.616876	-2.352824	-0.676198	-0.298030	-0.621620
1.120000	1.676521	-2.729159	-2.362979	-0.659352	-0.301607	-0.619135
1.140000	1.537007	-2.822562	-2.357396	-0.642772	-0.304354	-0.616513
1.160000	1.392169	-2.896390	-2.335567	-0.626820	-0.306258	-0.613514
1.180000	1.245808	-2.949945	-2.296979	-0.611854	-0.307304	-0.609901
1.200000	1.101726	-2.982532	-2.241123	-0.598235	-0.307477	-0.605436
1.220000	0.963724	-2.993453	-2.167487	-0.586325	-0.306763	-0.599881
1.240000	0.835604	-2.982013	-2.075560	-0.576484	-0.305147	-0.592997
1.260000	0.721167	-2.947514	-1.964831	-0.569071	-0.302616	-0.584548
1.280000	0.624213	-2.889260	-1.834790	-0.564448	-0.299155	-0.574294
1.300000	0.548433	-2.806641	-1.684993	-0.562964	-0.294752	-0.562008
1.320000	0.494290	-2.701532	-1.516920	-0.564664	-0.289496	-0.547756
1.340000	0.458631	-2.578594	-1.334210	-0.569251	-0.283585	-0.531930
1.360000	0.438108	-2.442637	-1.140616	-0.576409	-0.277223	-0.514941
1.380000	0.429378	-2.298469	-0.939892	-0.585823	-0.270616	-0.497202
1.400000	0.429093	-2.150902	-0.735791	-0.597176	-0.263966	-0.479121
1.420000	0.433908	-2.004744	-0.532067	-0.610154	-0.257480	-0.461111
1.440000	0.440476	-1.864804	-0.332472	-0.624440	-0.251360	-0.443582
1.460000	0.445453	-1.735892	-0.140761	-0.639719	-0.245813	-0.426946
1.480000	0.445492	-1.622818	0.039313	-0.655675	-0.241041	-0.411613
1.500000	0.437246	-1.530392	0.203998	-0.671994	-0.237249	-0.397994
1.520000	0.417426	-1.463300	0.349604	-0.688361	-0.234639	-0.386493
1.540000	0.384579	-1.422148	0.474622	-0.704554	-0.233281	-0.377277
1.560000	0.339479	-1.402595	0.580182	-0.720460	-0.233093	-0.370225
1.580000	0.283035	-1.400000	0.667576	-0.735972	-0.233982	-0.365199
1.600000	0.216159	-1.409723	0.738092	-0.750984	-0.235854	-0.362062
1.620000	0.139757	-1.427125	0.793020	-0.765388	-0.238617	-0.360676
1.640000	0.054741	-1.447566	0.833651	-0.779078	-0.242178	-0.360903
1.660000	-0.037981	-1.466406	0.861274	-0.791947	-0.246444	-0.362604
1.680000	-0.137499	-1.479004	0.877179	-0.803889	-0.251321	-0.365643
1.700000	-0.242904	-1.480722	0.882656	-0.814796	-0.256718	-0.369880
1.720000	-0.353288	-1.466920	0.878995	-0.824562	-0.262541	-0.375179
1.740000	-0.467739	-1.432957	0.867486	-0.833081	-0.268696	-0.381402
1.760000	-0.585350	-1.374194	0.849418	-0.840245	-0.275092	-0.388410
1.780000	-0.705211	-1.285990	0.826081	-0.845947	-0.281636	-0.396065
1.800000	-0.826412	-1.163707	0.798766	-0.850082	-0.288233	-0.404231
1.820000	-0.948044	-1.002704	0.768762	-0.852542	-0.294792	-0.412768
1.840000	-1.069198	-0.798341	0.737358	-0.853221	-0.301220	-0.421540
1.860000	-1.188965	-0.545979	0.705846	-0.852011	-0.307423	-0.430407
1.880000	-1.306434	-0.240978	0.675514	-0.848806	-0.313309	-0.439234
1.900000	-1.420698	0.121303	0.647653	-0.843500	-0.318784	-0.447880
1.920000	-1.530846	0.545499	0.623552	-0.835986	-0.323756	-0.456209
1.940000	-1.635974	1.032666	0.604206	-0.826232	-0.328131	-0.464132
1.960000	-1.735190	1.573491	0.589752	-0.814424	-0.331814	-0.471699
1.980000	-1.827603	2.156794	0.580177	-0.800789	-0.334708	-0.478989
2.000000	-1.912324	2.771397	0.575465	-0.785553	-0.336718	-0.486076
2.020000	-1.988463	3.406120	0.575601	-0.768940	-0.337747	-0.493039
2.040000	-2.055131	4.049784	0.580570	-0.751178	-0.337700	-0.499954
2.060000	-2.111437	4.691210	0.590357	-0.732491	-0.336481	-0.506897
2.080000	-2.156493	5.319219	0.604946	-0.713105	-0.333992	-0.513946
2.100000	-2.189407	5.922632	0.624324	-0.693246	-0.330140	-0.521177
2.120000	-2.209290	6.490269	0.648474	-0.673140	-0.324827	-0.528668
2.140000	-2.215253	7.010951	0.677382	-0.653013	-0.317957	-0.536494
2.160000	-2.206406	7.473500	0.711033	-0.633090	-0.309436	-0.544733
2.180000	-2.181858	7.866735	0.749412	-0.613597	-0.299165	-0.553461
2.200000	-2.140720	8.179479	0.792502	-0.594760	-0.287051	-0.562756
2.220000	-2.082103	8.400551	0.840291	-0.576805	-0.272996	-0.572693
2.240000	-2.005116	8.518772	0.892762	-0.559956	-0.256904	-0.583350
2.260000	-1.909302	8.525066	0.949776	-0.544427	-0.238731	-0.594788
2.280000	-1.796890	8.423415	1.010427	-0.530336	-0.218744	-0.606967
2.300000	-1.671138	8.222813	1.073511	-0.517770	-0.197333	-0.619812
2.320000	-1.535308	7.932264	1.137826	-0.506816	-0.174886	-0.633244
2.340000	-1.392660	7.560771	1.202168	-0.497557	-0.151793	-0.647187
2.360000	-1.246457	7.117337	1.265335	-0.490081	-0.128442	-0.661564
2.380000	-1.099958	6.610965	1.326123	-0.484474	-0.105223	-0.676298
2.400000	-0.956425	6.050661	1.383329	-0.480820	-0.082525	-0.691312
2.420000	-0.819119	5.445426	1.435750	-0.479206	-0.060737	-0.706530
2.440000	-0.691302	4.804265	1.482184	-0.479718	-0.040248	-0.721873
2.460000	-0.576233	4.136181	1.521426	-0.482441	-0.021447	-0.737266
2.480000	-0.477175	3.450178	1.552274	-0.487461	-0.004723	-0.752630
2.500000	-0.397389	2.755258	1.573526	-0.494864	0.009535	-0.767890
2.520000	-0.340134	2.060426	1.583976	-0.504736	0.020938	-0.782968
2.540000	-0.308674	1.374685	1.582424	-0.517163	0.029096	-0.797788
2.560000	-0.305764	0.706587	1.567830	-0.532203	0.033676	-0.812273
2.580000	-0.329948	0.060900	1.540538	-0.549683	0.034807	-0.826368
2.600000	-0.377670	-0.559491	1.501580	-0.569317	0.032847	-0.840024
2.620000	-0.445355	-1.151715	1.451992	-0.590816	0.028158	-0.853191
