0.000000	3.325225	1.694655	-0.658238	-0.120820	-0.841893	0.221738
0.020000	3.246424	1.684043	-0.643477	-0.120574	-0.841768	0.225311
0.040000	3.165407	1.672985	-0.628292	-0.120314	-0.841656	0.228988
0.060000	3.082155	1.661478	-0.612681	-0.120040	-0.841556	0.232771
0.080000	2.996649	1.649519	-0.596639	-0.119753	-0.841468	0.236660
0.100000	2.908868	1.637102	-0.580162	-0.119452	-0.841392	0.240657
0.120000	2.818795	1.624225	-0.563247	-0.119137	-0.841330	0.244763
0.140000	2.726409	1.610883	-0.545889	-0.118808	-0.841279	0.248979
0.160000	2.631690	1.597073	-0.528086	-0.118465	-0.841242	0.253306
0.180000	2.534620	1.582790	-0.509833	-0.118108	-0.841217	0.257745
0.200000	2.435179	1.568032	-0.491126	-0.117736	-0.841205	0.262296
0.220000	2.333348	1.552793	-0.471961	-0.117349	-0.841206	0.266962
0.240000	2.229106	1.537071	-0.452335	-0.116947	-0.841221	0.271743
0.260000	2.122436	1.520862	-0.432244	-0.116531	-0.841248	0.276639
0.280000	2.013316	1.504160	-0.411684	-0.116100	-0.841289	0.281654
0.300000	1.901729	1.486964	-0.390651	-0.115653	-0.841343	0.286786
0.320000	1.787654	1.469269	-0.369141	-0.115191	-0.841411	0.292037
0.340000	1.671072	1.451071	-0.347151	-0.114714	-0.841492	0.297409
0.360000	1.551963	1.432365	-0.324676	-0.114221	-0.841588	0.302902
0.380000	1.430308	1.413150	-0.301714	-0.113712	-0.841697	0.308517
0.400000	1.306089	1.393420	-0.278259	-0.113187	-0.841820	0.314256
0.420000	1.179469	1.373140	-0.254324	-0.112650	-0.841958	0.320108
0.440000	1.051048	1.352203	-0.229958	-0.112114	-0.842117	0.326035
0.460000	0.921489	1.330489	-0.205215	-0.111591	-0.842301	0.331995
0.480000	0.791454	1.307879	-0.180150	-0.111096	-0.842517	0.337946
0.500000	0.661608	1.284254	-0.154816	-0.110642	-0.842769	0.343847
0.520000	0.532612	1.259495	-0.129268	-0.110243	-0.843062	0.349655
0.540000	0.405129	1.233483	-0.103561	-0.109913	-0.843403	0.355329
0.560000	0.279824	1.206100	-0.077748	-0.109665	-0.843797	0.360827
0.580000	0.157358	1.177225	-0.051885	-0.109514	-0.844248	0.366107
0.600000	0.038394	1.146740	-0.026025	-0.109472	-0.844762	0.371127
0.620000	-0.076404	1.114525	-0.000222	-0.109555	-0.845345	0.375845
0.640000	-0.186373	1.080463	0.025468	-0.109774	-0.846001	0.380220
0.660000	-0.290851	1.044433	0.050993	-0.110145	-0.846737	0.384210
0.680000	-0.389175	1.006317	0.076296	-0.110681	-0.847558	0.387772
0.700000	-0.480682	0.965995	0.101325	-0.111395	-0.848469	0.390865
0.720000	-0.564839	0.923493	0.125975	-0.112294	-0.849471	0.393461
0.740000	-0.641526	0.879285	0.149992	-0.113357	-0.850559	0.395569
0.760000	-0.710699	0.833932	0.173090	-0.114561	-0.851722	0.397209
0.780000	-0.772316	0.787996	0.194985	-0.115881	-0.852951	0.398399
0.800000	-0.826334	0.742037	0.215392	-0.117292	-0.854236	0.399159
0.820000	-0.872710	0.696617	0.234025	-0.118771	-0.855569	0.399508
0.840000	-0.911402	0.652297	0.250600	-0.120293	-0.856940	0.399464
0.860000	-0.942368	0.609638	0.264833	-0.121833	-0.858340	0.399045
0.880000	-0.965563	0.569202	0.276437	-0.123368	-0.859759	0.398272
0.900000	-0.980947	0.531550	0.285129	-0.124873	-0.861187	0.397163
0.920000	-0.988476	0.497243	0.290622	-0.126324	-0.862617	0.395736
0.940000	-0.988107	0.466842	0.292633	-0.127696	-0.864037	0.394010
0.960000	-0.979798	0.440909	0.290877	-0.128964	-0.865439	0.392005
0.980000	-0.963506	0.420005	0.285068	-0.130106	-0.866814	0.389739
1.000000	-0.939188	0.404692	0.274922	-0.131095	-0.868152	0.387231
1.020000	-0.906965	0.395342	0.260262	-0.131916	-0.869444	0.384501
1.040000	-0.867627	0.391564	0.241365	-0.132579	-0.870679	0.381575
1.060000	-0.822133	0.392766	0.218618	-0.133103	-0.871848	0.378480
1.080000	-0.771447	0.398357	0.192412	-0.133507	-0.872941	0.375242
1.100000	-0.716528	0.407746	0.163137	-0.133809	-0.873947	0.371890
1.120000	-0.658339	0.420343	0.131183	-0.134030	-0.874856	0.368451
1.140000	-0.597841	0.435557	0.096938	-0.134187	-0.875659	0.364950
1.160000	-0.535995	0.452796	0.060794	-0.134299	-0.876344	0.361416
1.180000	-0.473762	0.471471	0.023140	-0.134386	-0.876903	0.357875
1.200000	-0.412105	0.490989	-0.015634	-0.134466	-0.877325	0.354355
1.220000	-0.351983	0.510761	-0.055139	-0.134557	-0.877600	0.350883
1.240000	-0.294359	0.530196	-0.094985	-0.134680	-0.877718	0.347485
1.260000	-0.240194	0.548701	-0.134781	-0.134851	-0.877668	0.344189
1.280000	-0.190448	0.565688	-0.174139	-0.135091	-0.877442	0.341022
1.300000	-0.146085	0.580564	-0.212668	-0.135419	-0.877027	0.338011
1.320000	-0.108064	0.592740	-0.249979	-0.135852	-0.876416	0.335183
1.340000	-0.077244	0.601673	-0.285694	-0.136408	-0.875599	0.332563
1.360000	-0.053550	0.607280	-0.319553	-0.137078	-0.874593	0.330164
1.380000	-0.036407	0.609718	-0.351356	-0.137841	-0.873426	0.327988
1.400000	-0.025234	0.609147	-0.380907	-0.138677	-0.872125	0.326038
1.420000	-0.019453	0.605727	-0.408006	-0.139565	-0.870720	0.324319
1.440000	-0.018484	0.599618	-0.432454	-0.140483	-0.869238	0.322834
1.460000	-0.021748	0.590982	-0.454055	-0.141410	-0.867708	0.321586
1.480000	-0.028665	0.579977	-0.472610	-0.142326	-0.866157	0.320579
1.500000	-0.038655	0.566765	-0.487919	-0.143210	-0.864615	0.319816
1.520000	-0.051139	0.551505	-0.499786	-0.144040	-0.863108	0.319301
1.540000	-0.065538	0.534358	-0.508012	-0.144796	-0.861666	0.319037
1.560000	-0.081272	0.515483	-0.512398	-0.145457	-0.860317	0.319028
1.580000	-0.097761	0.495041	-0.512747	-0.146001	-0.859088	0.319277
1.600000	-0.114427	0.473193	-0.508860	-0.146408	-0.858008	0.319787
1.620000	-0.130689	0.450098	-0.500539	-0.146657	-0.857105	0.320563
1.640000	-0.145968	0.425916	-0.487586	-0.146727	-0.856408	0.321608
1.660000	-0.159735	0.400822	-0.469944	-0.146607	-0.855933	0.322914
1.680000	-0.171629	0.375033	-0.448032	-0.146318	-0.855666	0.324441
1.700000	-0.181322	0.348776	-0.422363	-0.145890	-0.855584	0.326141
1.720000	-0.188487	0.322278	-0.393452	-0.145351	-0.855662	0.327967
1.740000	-0.192797	0.295768	-0.361813	-0.144729	-0.855878	0.329870
1.760000	-0.193925	0.269470	-0.327961	-0.144054	-0.856209	0.331802
1.780000	-0.191543	0.243614	-0.292409	-0.143354	-0.856632	0.333716
1.800000	-0.185324	0.218426	-0.255673	-0.142657	-0.857124	0.335563
1.820000	-0.174941	0.194133	-0.218267	-0.141993	-0.857662	0.337296
1.840000	-0.160067	0.170962	-0.180704	-0.141389	-0.858222	0.338867
1.860000	-0.140375	0.149141	-0.143500	-0.140876	-0.858782	0.340228
1.880000	-0.115537	0.128896	-0.107169	-0.140480	-0.859319	0.341331
1.900000	-0.085226	0.110454	-0.072225	-0.140232	-0.859809	0.342128
1.920000	-0.049115	0.094044	-0.039183	-0.140159	-0.860230	0.342571
1.940000	-0.006877	0.079892	-0.008557	-0.140291	-0.860557	0.342612
1.960000	0.041815	0.068224	0.019139	-0.140655	-0.860770	0.342204
1.980000	0.097285	0.059268	0.043392	-0.141281	-0.860843	0.341299
2.000000	0.159252	0.053069	0.063881	-0.142177	-0.860767	0.339889
2.020000	0.226198	0.049305	0.080686	-0.143312	-0.860552	0.338048
2.040000	0.296449	0.047608	0.093934	-0.144648	-0.860213	0.335860
2.060000	0.368332	0.047609	0.103753	-0.146148	-0.859766	0.333410
2.080000	0.440174	0.048940	0.110271	-0.147777	-0.859225	0.330782
2.100000	0.510302	0.051233	0.113614	-0.149496	-0.858606	0.328059
2.120000	0.577045	0.054119	0.113911	-0.151269	-0.857922	0.325326
2.140000	0.638728	0.057231	0.111289	-0.153059	-0.857189	0.322668
2.160000	0.693679	0.060200	0.105877	-0.154829	-0.856421	0.320168
2.180000	0.740224	0.062658	0.097800	-0.156542	-0.855634	0.317910
2.200000	0.776693	0.064236	0.087188	-0.158162	-0.854843	0.315979
2.220000	0.801410	0.064566	0.074168	-0.159651	-0.854061	0.314460
2.240000	0.812704	0.063281	0.058867	-0.160972	-0.853304	0.313435
2.260000	0.808901	0.060012	0.041413	-0.162089	-0.852587	0.312990
2.280000	0.788329	0.054390	0.021934	-0.162965	-0.851925	0.313208
2.300000	0.749315	0.046048	0.000557	-0.163563	-0.851332	0.314175
2.320000	0.690834	0.034753	-0.022570	-0.163857	-0.850820	0.315944
2.340000	0.614654	0.020865	-0.047210	-0.163868	-0.850380	0.318447
2.360000	0.523296	0.004899	-0.073104	-0.163631	-0.850002	0.321583
2.380000	0.419280	-0.012627	-0.099992	-0.163180	-0.849675	0.325248
2.400000	0.305128	-0.031195	-0.127613	-0.162548	-0.849385	0.329342
2.420000	0.183359	-0.050291	-0.155708	-0.161771	-0.849122	0.333760
2.440000	0.056494	-0.069395	-0.184018	-0.160882	-0.848873	0.338402
2.460000	-0.072945	-0.087992	-0.212281	-0.159916	-0.848628	0.343165
2.480000	-0.202438	-0.105564	-0.240239	-0.158907	-0.848375	0.347946
2.500000	-0.329464	-0.121595	-0.267631	-0.157889	-0.848101	0.352644
2.520000	-0.451504	-0.135568	-0.294198	-0.156896	-0.847795	0.357156
2.540000	-0.566035	-0.146965	-0.319679	-0.155963	-0.847445	0.361380
2.560000	-0.670538	-0.155269	-0.343815	-0.155123	-0.847040	0.365214
2.580000	-0.762491	-0.159965	-0.366346	-0.154411	-0.846568	0.368555
2.600000	-0.839374	-0.160534	-0.387011	-0.153861	-0.846018	0.371302
2.620000	-0.899141	-0.156625	-0.405556	-0.153501	-0.845382	0.373370
2.640000	-0.942451	-0.148822	-0.421748	-0.153316	-0.844681	0.374773
2.660000	-0.970928	-0.138044	-0.435363	-0.153279	-0.843946	0.375563
2.680000	-0.986194	-0.125209	-0.446176	-0.153362	-0.843208	0.375791
2.700000	-0.989870	-0.111236	-0.453965	-0.153538	-0.842497	0.375508
2.720000	-0.983580	-0.097044	-0.458505	-0.153779	-0.841844	0.374765
2.740000	-0.968945	-0.083551	-0.459572	-0.154056	-0.841280	0.373612
2.760000	-0.947590	-0.071675	-0.456943	-0.154342	-0.840835	0.372101
2.780000	-0.921136	-0.062336	-0.450393	-0.154610	-0.840539	0.370282
2.800000	-0.891205	-0.056452	-0.439699	-0.154830	-0.840425	0.368207
2.820000	-0.859421	-0.054941	-0.424636	-0.154977	-0.840522	0.365926
2.840000	-0.827405	-0.058722	-0.404981	-0.155021	-0.840860	0.363490
2.860000	-0.796781	-0.068714	-0.380510	-0.154935	-0.841472	0.360951
2.880000	-0.769171	-0.085834	-0.350999	-0.154691	-0.842386	0.358358
2.900000	-0.746198	-0.111003	-0.316224	-0.154262	-0.843635	0.355764
2.920000	-0.729483	-0.145138	-0.275961	-0.153619	-0.845248	0.353219
2.940000	-0.720563	-0.189053	-0.230034	-0.152738	-0.847253	0.350769
2.960000	-0.719813	-0.242156	-0.178916	-0.151624	-0.849625	0.348407
2.980000	-0.726773	-0.302849	-0.123541	-0.150307	-0.852305	0.346085
3.000000	-0.740971	-0.369513	-0.064853	-0.148818	-0.855232	0.343755
3.020000	-0.761930	-0.440529	-0.003797	-0.147185	-0.858346	0.341367
3.040000	-0.789176	-0.514278	0.058681	-0.145439	-0.861584	0.338873
3.060000	-0.822233	-0.589140	0.121638	-0.143610	-0.864887	0.336224
3.080000	-0.860627	-0.663497	0.184128	-0.141728	-0.868194	0.333373
3.100000	-0.903883	-0.735729	0.245208	-0.139823	-0.871444	0.330270
3.120000	-0.951525	-0.804217	0.303931	-0.137924	-0.874577	0.326868
3.140000	-1.003078	-0.867342	0.359354	-0.136062	-0.877530	0.323116
3.160000	-1.058069	-0.923484	0.410532	-0.134267	-0.880245	0.318968
3.180000	-1.116021	-0.971025	0.456520	-0.132567	-0.882659	0.314373
3.200000	-1.176459	-1.008345	0.496374	-0.130995	-0.884712	0.309284
3.220000	-1.238909	-1.033826	0.529148	-0.129578	-0.886344	0.303653
3.240000	-1.302895	-1.045847	0.553898	-0.128348	-0.887493	0.297430
3.260000	-1.367939	-1.042815	0.569695	-0.127333	-0.888100	0.290569
3.280000	-1.433361	-1.024271	0.576290	-0.126546	-0.888160	0.283087
3.300000	-1.498207	-0.991338	0.574381	-0.125972	-0.887742	0.275093
3.320000	-1.561500	-0.945254	0.564739	-0.125598	-0.886924	0.266703
3.340000	-1.622264	-0.887259	0.548131	-0.125407	-0.885780	0.258033
3.360000	-1.679525	-0.818590	0.525327	-0.125385	-0.884387	0.249197
3.380000	-1.732305	-0.740487	0.497095	-0.125516	-0.882820	0.240312
3.400000	-1.779630	-0.654188	0.464205	-0.125785	-0.881156	0.231493
3.420000	-1.820523	-0.560933	0.427425	-0.126177	-0.879469	0.222855
3.440000	-1.854009	-0.461959	0.387525	-0.126677	-0.877837	0.214513
3.460000	-1.879111	-0.358506	0.345274	-0.127270	-0.876335	0.206584
3.480000	-1.894855	-0.251813	0.301440	-0.127940	-0.875038	0.199183
3.500000	-1.900263	-0.143118	0.256792	-0.128673	-0.874023	0.192425
3.520000	-1.894361	-0.033660	0.212099	-0.129453	-0.873366	0.186426
3.540000	-1.876172	0.075323	0.168131	-0.130265	-0.873142	0.181302
3.560000	-1.844730	0.182592	0.125654	-0.131093	-0.873427	0.177166
3.580000	-1.799931	0.287091	0.085223	-0.131931	-0.874255	0.174066
3.600000	-1.743203	0.388080	0.047018	-0.132782	-0.875591	0.171928
3.620000	-1.676136	0.484850	0.011181	-0.133653	-0.877390	0.170667
3.640000	-1.600319	0.576696	-0.022150	-0.134549	-0.879607	0.170194
3.660000	-1.517341	0.662910	-0.052831	-0.135477	-0.882197	0.170424
3.680000	-1.428790	0.742786	-0.080724	-0.136442	-0.885118	0.171271
3.700000	-1.336257	0.815615	-0.105687	-0.137450	-0.888324	0.172648
3.720000	-1.241329	0.880692	-0.127580	-0.138508	-0.891771	0.174468
3.740000	-1.145596	0.937310	-0.146262	-0.139621	-0.895415	0.176646
3.760000	-1.050647	0.984761	-0.161592	-0.140795	-0.899211	0.179095
3.780000	-0.958070	1.022338	-0.173429	-0.142037	-0.903116	0.181728
3.800000	-0.869455	1.049335	-0.181634	-0.143351	-0.907084	0.184459
3.820000	-0.786390	1.065044	-0.186064	-0.144745	-0.911072	0.187202
3.840000	-0.710465	1.068758	-0.186580	-0.146224	-0.915035	0.189871
3.860000	-0.643269	1.059771	-0.183041	-0.147794	-0.918928	0.192378
3.880000	-0.586389	1.037375	-0.175305	-0.149461	-0.922708	0.194638
3.900000	-0.540936	1.001309	-0.163374	-0.151225	-0.926339	0.196582
3.920000	-0.506243	0.952949	-0.147764	-0.153070	-0.929812	0.198210
3.940000	-0.481239	0.894052	-0.129114	-0.154970	-0.933129	0.199537
3.960000	-0.464849	0.826372	-0.108061	-0.156905	-0.936288	0.200579
3.980000	-0.456001	0.751665	-0.085242	-0.158851	-0.939291	0.201350
4.000000	-0.453623	0.671687	-0.061295	-0.160785	-0.942136	0.201866
4.020000	-0.456640	0.588192	-0.036857	-0.162684	-0.944823	0.202142
4.040000	-0.463981	0.502936	-0.012566	-0.164526	-0.947353	0.202193
4.060000	-0.474571	0.417674	0.010942	-0.166288	-0.949724	0.202035
4.080000	-0.487339	0.334163	0.033028	-0.167948	-0.951938	0.201682
4.100000	-0.501210	0.254156	0.053054	-0.169481	-0.953994	0.201150
4.120000	-0.515113	0.179410	0.070385	-0.170867	-0.955891	0.200453
4.140000	-0.527974	0.111680	0.084381	-0.172081	-0.957630	0.199608
4.160000	-0.538719	0.052722	0.094407	-0.173101	-0.959210	0.198629
4.180000	-0.546277	0.004290	0.099823	-0.173904	-0.960632	0.197531
4.200000	-0.549574	-0.031860	0.099993	-0.174468	-0.961894	0.196330
4.220000	-0.547663	-0.054225	0.094388	-0.174773	-0.962997	0.195041
4.240000	-0.540610	-0.063332	0.083341	-0.174829	-0.963938	0.193677
4.260000	-0.528971	-0.060689	0.067606	-0.174657	-0.964712	0.192252
4.280000	-0.513306	-0.047812	0.047939	-0.174281	-0.965315	0.190780
4.300000	-0.494174	-0.026215	0.025096	-0.173723	-0.965744	0.189273
4.320000	-0.472133	0.002586	-0.000167	-0.173006	-0.965994	0.187745
4.340000	-0.447743	0.037078	-0.027095	-0.172153	-0.966060	0.186210
4.360000	-0.421563	0.075745	-0.054932	-0.171186	-0.965938	0.184681
4.380000	-0.394152	0.117073	-0.082921	-0.170129	-0.965626	0.183171
4.400000	-0.366070	0.159547	-0.110307	-0.169004	-0.965117	0.181694
4.420000	-0.337875	0.201651	-0.136334	-0.167833	-0.964408	0.180263
4.440000	-0.310126	0.241872	-0.160246	-0.166640	-0.963495	0.178891
4.460000	-0.283383	0.278694	-0.181288	-0.165448	-0.962374	0.177592
4.480000	-0.258205	0.310603	-0.198703	-0.164278	-0.961040	0.176379
4.500000	-0.235151	0.336083	-0.211736	-0.163153	-0.959490	0.175265
4.520000	-0.214781	0.353621	-0.219630	-0.162098	-0.957719	0.174265
4.540000	-0.197629	0.361754	-0.221669	-0.161133	-0.955724	0.173390
4.560000	-0.183736	0.360157	-0.217945	-0.160272	-0.953533	0.172648
4.580000	-0.172672	0.349581	-0.209319	-0.159523	-0.951205	0.172038
4.600000	-0.163988	0.330822	-0.196685	-0.158891	-0.948798	0.171559
4.620000	-0.157236	0.304673	-0.180935	-0.158381	-0.946371	0.171212
4.640000	-0.151965	0.271929	-0.162963	-0.158000	-0.943983	0.170994
4.660000	-0.147728	0.233386	-0.143660	-0.157753	-0.941693	0.170907
4.680000	-0.144075	0.189837	-0.123920	-0.157647	-0.939559	0.170950
4.700000	-0.140557	0.142078	-0.104634	-0.157687	-0.937640	0.171121
4.720000	-0.136725	0.090904	-0.086697	-0.157878	-0.935996	0.171422
4.740000	-0.132131	0.037108	-0.071001	-0.158228	-0.934684	0.171850
4.760000	-0.126325	-0.018514	-0.058438	-0.158742	-0.933765	0.172406
4.780000	-0.118858	-0.075168	-0.049901	-0.159425	-0.933296	0.173090
4.800000	-0.109282	-0.132059	-0.046283	-0.160283	-0.933336	0.173900
4.820000	-0.097147	-0.188392	-0.048476	-0.161323	-0.933945	0.174836
4.840000	-0.082005	-0.243372	-0.057374	-0.162550	-0.935181	0.175898
4.860000	-0.063409	-0.296208	-0.073862	-0.163970	-0.937103	0.177085
4.880000	-0.041251	-0.346358	-0.098087	-0.165571	-0.939710	0.178393
4.900000	-0.016047	-0.393751	-0.128821	-0.167310	-0.942895	0.179809
4.920000	0.011616	-0.438366	-0.164686	-0.169140	-0.946538	0.181321
4.940000	0.041153	-0.480183	-0.204304	-0.171012	-0.950518	0.182915
4.960000	0.071978	-0.519180	-0.246295	-0.172881	-0.954717	0.184579
4.980000	0.103506	-0.555337	-0.289283	-0.174699	-0.959013	0.186299
5.000000	0.135151	-0.588634	-0.331888	-0.176419	-0.963287	0.188063
5.020000	0.166328	-0.619049	-0.372733	-0.177994	-0.967420	0.189858
5.040000	0.196449	-0.646562	-0.410439	-0.179376	-0.971291	0.191670
5.060000	0.224931	-0.671153	-0.443627	-0.180518	-0.974781	0.193486
5.080000	0.251187	-0.692800	-0.470920	-0.181374	-0.977769	0.195294
5.100000	0.274632	-0.711483	-0.490940	-0.181896	-0.980136	0.197081
5.120000	0.294680	-0.727181	-0.502308	-0.182036	-0.981761	0.198833
5.140000	0.310744	-0.739874	-0.503645	-0.181748	-0.982526	0.200538
5.160000	0.322242	-0.749541	-0.493577	-0.180985	-0.982310	0.202183
5.180000	0.328830	-0.756110	-0.471553	-0.179728	-0.981055	0.203756
5.200000	0.330758	-0.759388	-0.439020	-0.178026	-0.978853	0.205250
5.220000	0.328360	-0.759164	-0.397716	-0.175939	-0.975817	0.206658
5.240000	0.321969	-0.755226	-0.349381	-0.173528	-0.972061	0.207974
5.260000	0.311922	-0.747364	-0.295753	-0.170851	-0.967699	0.209192
5.280000	0.298552	-0.735367	-0.238574	-0.167968	-0.962843	0.210303
5.300000	0.282194	-0.719022	-0.179581	-0.164940	-0.957607	0.211303
5.320000	0.263183	-0.698120	-0.120515	-0.161826	-0.952105	0.212183
5.340000	0.241854	-0.672448	-0.063114	-0.158686	-0.946451	0.212938
5.360000	0.218540	-0.641796	-0.009118	-0.155579	-0.940757	0.213560
5.380000	0.193576	-0.605952	0.039733	-0.152565	-0.935137	0.214044
5.400000	0.167298	-0.564705	0.081701	-0.149704	-0.929705	0.214382
5.420000	0.140039	-0.517844	0.115045	-0.147056	-0.924574	0.214568
