0.000000	-0.626477	-0.408727	-0.253441	-0.129294	-0.944389	0.147473
0.020000	-0.563062	-0.440648	-0.258885	-0.128243	-0.942282	0.146749
0.040000	-0.490248	-0.468031	-0.265554	-0.127183	-0.939975	0.146299
0.060000	-0.407567	-0.490406	-0.273659	-0.126113	-0.937476	0.146145
0.080000	-0.315042	-0.507913	-0.283068	-0.125031	-0.934800	0.146311
0.100000	-0.212930	-0.520975	-0.293493	-0.123930	-0.931968	0.146820
0.120000	-0.101486	-0.530019	-0.304641	-0.122804	-0.929000	0.147696
0.140000	0.019032	-0.535472	-0.316221	-0.121647	-0.925917	0.148965
0.160000	0.148367	-0.537760	-0.327942	-0.120454	-0.922739	0.150648
0.180000	0.286264	-0.537308	-0.339514	-0.119219	-0.919488	0.152772
0.200000	0.432465	-0.534544	-0.350643	-0.117936	-0.916183	0.155360
0.220000	0.586714	-0.529893	-0.361041	-0.116599	-0.912846	0.158435
0.240000	0.748753	-0.523783	-0.370414	-0.115203	-0.909496	0.162023
0.260000	0.918327	-0.516638	-0.378473	-0.113742	-0.906155	0.166147
0.280000	1.095178	-0.508886	-0.384925	-0.112210	-0.902843	0.170831
0.300000	1.279051	-0.500952	-0.389479	-0.110601	-0.899581	0.176100
0.320000	1.469687	-0.493263	-0.391845	-0.108909	-0.896389	0.181977
0.340000	1.666831	-0.486246	-0.391732	-0.107129	-0.893288	0.188487
0.360000	1.870225	-0.480326	-0.388847	-0.105256	-0.890299	0.195654
0.380000	2.078993	-0.475702	-0.383047	-0.103289	-0.887439	0.203471
0.400000	2.290474	-0.471926	-0.374615	-0.101248	-0.884717	0.211844
0.420000	2.501689	-0.468428	-0.363907	-0.099157	-0.882140	0.220666
0.440000	2.709660	-0.464642	-0.351280	-0.097039	-0.879717	0.229826
0.460000	2.911409	-0.460001	-0.337091	-0.094916	-0.877454	0.239215
0.480000	3.103956	-0.453937	-0.321698	-0.092812	-0.875358	0.248724
0.500000	3.284324	-0.445884	-0.305458	-0.090750	-0.873438	0.258244
0.520000	3.449533	-0.435275	-0.288728	-0.088752	-0.871700	0.267665
0.540000	3.596606	-0.421542	-0.271865	-0.086843	-0.870152	0.276879
0.560000	3.722563	-0.404117	-0.255226	-0.085044	-0.868802	0.285777
0.580000	3.824426	-0.382435	-0.239169	-0.083379	-0.867656	0.294248
0.600000	3.899216	-0.355927	-0.224051	-0.081872	-0.866723	0.302185
0.620000	3.943955	-0.324027	-0.210229	-0.080544	-0.866009	0.309477
0.640000	3.955664	-0.286167	-0.198060	-0.079420	-0.865523	0.316015
0.660000	3.931364	-0.241781	-0.187902	-0.078522	-0.865270	0.321691
0.680000	3.868183	-0.190323	-0.180103	-0.077873	-0.865259	0.326398
0.700000	3.766575	-0.131941	-0.174761	-0.077481	-0.865478	0.330127
0.720000	3.630905	-0.067601	-0.171679	-0.077339	-0.865892	0.332984
0.740000	3.465767	0.001687	-0.170641	-0.077438	-0.866468	0.335080
0.760000	3.275752	0.074910	-0.171431	-0.077769	-0.867169	0.336527
0.780000	3.065453	0.151059	-0.173836	-0.078323	-0.867961	0.337438
0.800000	2.839460	0.229121	-0.177640	-0.079092	-0.868809	0.337923
0.820000	2.602366	0.308084	-0.182628	-0.080066	-0.869678	0.338095
0.840000	2.358762	0.386939	-0.188584	-0.081238	-0.870533	0.338066
0.860000	2.113241	0.464672	-0.195295	-0.082597	-0.871340	0.337947
0.880000	1.870395	0.540274	-0.202544	-0.084136	-0.872063	0.337850
0.900000	1.634815	0.612731	-0.210116	-0.085846	-0.872667	0.337887
0.920000	1.411093	0.681034	-0.217797	-0.087718	-0.873118	0.338171
0.940000	1.203821	0.744171	-0.225371	-0.089742	-0.873380	0.338812
0.960000	1.017590	0.801130	-0.232624	-0.091911	-0.873418	0.339923
0.980000	0.856994	0.850900	-0.239340	-0.094216	-0.873198	0.341615
1.000000	0.726615	0.892472	-0.245304	-0.096647	-0.872685	0.344001
1.020000	0.628919	0.925299	-0.250381	-0.099191	-0.871862	0.347134
1.040000	0.561419	0.949919	-0.254619	-0.101820	-0.870758	0.350934
1.060000	0.520924	0.967024	-0.258092	-0.104506	-0.869407	0.355301
1.080000	0.504243	0.977306	-0.260874	-0.107220	-0.867842	0.360137
1.100000	0.508184	0.981458	-0.263040	-0.109934	-0.866097	0.365341
1.120000	0.529556	0.980170	-0.264665	-0.112618	-0.864208	0.370816
1.140000	0.565167	0.974136	-0.265822	-0.115243	-0.862207	0.376460
1.160000	0.611826	0.964046	-0.266587	-0.117782	-0.860130	0.382175
1.180000	0.666341	0.950594	-0.267033	-0.120205	-0.858009	0.387861
1.200000	0.725521	0.934471	-0.267235	-0.122484	-0.855880	0.393419
1.220000	0.786174	0.916369	-0.267268	-0.124590	-0.853775	0.398750
1.240000	0.845109	0.896981	-0.267205	-0.126493	-0.851730	0.403753
1.260000	0.899135	0.876997	-0.267122	-0.128166	-0.849779	0.408331
1.280000	0.945059	0.857111	-0.267093	-0.129579	-0.847955	0.412383
1.300000	0.979691	0.838013	-0.267192	-0.130705	-0.846292	0.415810
1.320000	1.000781	0.820227	-0.267478	-0.131526	-0.844815	0.418545
1.340000	1.008950	0.803755	-0.267962	-0.132069	-0.843516	0.420624
1.360000	1.005363	0.788502	-0.268648	-0.132365	-0.842383	0.422100
1.380000	0.991188	0.774374	-0.269538	-0.132448	-0.841401	0.423026
1.400000	0.967593	0.761274	-0.270635	-0.132350	-0.840558	0.423458
1.420000	0.935743	0.749107	-0.271941	-0.132103	-0.839841	0.423447
1.440000	0.896807	0.737778	-0.273459	-0.131740	-0.839237	0.423048
1.460000	0.851950	0.727193	-0.275192	-0.131294	-0.838732	0.422315
1.480000	0.802340	0.717254	-0.277143	-0.130797	-0.838314	0.421302
1.500000	0.749144	0.707868	-0.279313	-0.130282	-0.837968	0.420062
1.520000	0.693529	0.698939	-0.281706	-0.129781	-0.837683	0.418649
1.540000	0.636661	0.690372	-0.284325	-0.129327	-0.837445	0.417117
1.560000	0.579708	0.682071	-0.287172	-0.128953	-0.837241	0.415519
1.580000	0.523837	0.673942	-0.290250	-0.128691	-0.837058	0.413910
1.600000	0.470214	0.665888	-0.293561	-0.128574	-0.836882	0.412343
1.620000	0.420006	0.657815	-0.297108	-0.128633	-0.836701	0.410872
1.640000	0.374235	0.649661	-0.300902	-0.128898	-0.836503	0.409544
1.660000	0.332961	0.641583	-0.305000	-0.129360	-0.836292	0.408368
1.680000	0.295857	0.633830	-0.309480	-0.130002	-0.836076	0.407333
1.700000	0.262595	0.626649	-0.314420	-0.130801	-0.835864	0.406432
1.720000	0.232847	0.620286	-0.319898	-0.131739	-0.835664	0.405656
1.740000	0.206285	0.614990	-0.325991	-0.132794	-0.835486	0.404996
1.760000	0.182581	0.611008	-0.332779	-0.133948	-0.835337	0.404442
1.780000	0.161406	0.608586	-0.340337	-0.135180	-0.835226	0.403988
1.800000	0.142433	0.607974	-0.348745	-0.136470	-0.835162	0.403622
1.820000	0.125333	0.609417	-0.358079	-0.137798	-0.835155	0.403338
1.840000	0.109779	0.613164	-0.368419	-0.139145	-0.835211	0.403125
1.860000	0.095441	0.619461	-0.379841	-0.140488	-0.835340	0.402976
1.880000	0.081993	0.628556	-0.392423	-0.141810	-0.835551	0.402882
1.900000	0.069105	0.640697	-0.406244	-0.143090	-0.835853	0.402832
1.920000	0.056450	0.656131	-0.421381	-0.144307	-0.836253	0.402820
1.940000	0.043700	0.675105	-0.437911	-0.145443	-0.836760	0.402836
1.960000	0.030659	0.697598	-0.455794	-0.146481	-0.837375	0.402871
1.980000	0.017456	0.722935	-0.474697	-0.147424	-0.838075	0.402918
2.000000	0.004269	0.750338	-0.494239	-0.148272	-0.838834	0.402966
2.020000	-0.008723	0.779029	-0.514044	-0.149030	-0.839626	0.403009
2.040000	-0.021341	0.808231	-0.533732	-0.149698	-0.840426	0.403037
2.060000	-0.033407	0.837166	-0.552926	-0.150280	-0.841208	0.403042
2.080000	-0.044741	0.865058	-0.571246	-0.150778	-0.841946	0.403016
2.100000	-0.055167	0.891129	-0.588316	-0.151194	-0.842615	0.402950
2.120000	-0.064504	0.914601	-0.603755	-0.151530	-0.843188	0.402836
2.140000	-0.072574	0.934697	-0.617186	-0.151790	-0.843640	0.402665
2.160000	-0.079199	0.950640	-0.628230	-0.151976	-0.843946	0.402428
2.180000	-0.084199	0.961653	-0.636509	-0.152089	-0.844079	0.402118
2.200000	-0.087397	0.966958	-0.641645	-0.152133	-0.844014	0.401726
2.220000	-0.088614	0.965777	-0.643259	-0.152110	-0.843725	0.401242
2.240000	-0.087671	0.957334	-0.640973	-0.152022	-0.843187	0.400660
2.260000	-0.084389	0.940851	-0.634408	-0.151872	-0.842373	0.399971
2.280000	-0.078703	0.915787	-0.623304	-0.151663	-0.841267	0.399167
2.300000	-0.071143	0.882844	-0.608019	-0.151402	-0.839896	0.398260
2.320000	-0.062433	0.843131	-0.589115	-0.151098	-0.838300	0.397260
2.340000	-0.053298	0.797757	-0.567153	-0.150760	-0.836523	0.396182
2.360000	-0.044462	0.747831	-0.542696	-0.150396	-0.834607	0.395039
2.380000	-0.036650	0.694463	-0.516303	-0.150015	-0.832592	0.393844
2.400000	-0.030587	0.638762	-0.488538	-0.149627	-0.830520	0.392610
2.420000	-0.026997	0.581837	-0.459961	-0.149239	-0.828434	0.391350
2.440000	-0.026604	0.524797	-0.431134	-0.148860	-0.826376	0.390078
2.460000	-0.030135	0.468752	-0.402619	-0.148500	-0.824386	0.388807
2.480000	-0.038312	0.414810	-0.374977	-0.148167	-0.822508	0.387550
2.500000	-0.051860	0.364081	-0.348770	-0.147869	-0.820782	0.386320
2.520000	-0.071505	0.317674	-0.324558	-0.147616	-0.819251	0.385130
2.540000	-0.097971	0.276699	-0.302905	-0.147415	-0.817955	0.383994
2.560000	-0.131982	0.242264	-0.284371	-0.147277	-0.816939	0.382925
2.580000	-0.174264	0.215478	-0.269518	-0.147209	-0.816242	0.381936
2.600000	-0.225539	0.197452	-0.258907	-0.147221	-0.815906	0.381040
2.620000	-0.286119	0.188851	-0.252918	-0.147316	-0.815958	0.380244
2.640000	-0.354981	0.188928	-0.251348	-0.147490	-0.816367	0.379532
2.660000	-0.430840	0.196655	-0.253879	-0.147731	-0.817094	0.378886
2.680000	-0.512411	0.211000	-0.260192	-0.148031	-0.818099	0.378285
2.700000	-0.598406	0.230934	-0.269967	-0.148381	-0.819343	0.377711
2.720000	-0.687541	0.255428	-0.282887	-0.148772	-0.820786	0.377144
2.740000	-0.778529	0.283452	-0.298633	-0.149194	-0.822388	0.376565
2.760000	-0.870085	0.313975	-0.316885	-0.149638	-0.824108	0.375954
2.780000	-0.960923	0.345970	-0.337325	-0.150094	-0.825909	0.375292
2.800000	-1.049756	0.378405	-0.359634	-0.150554	-0.827749	0.374560
2.820000	-1.135299	0.410251	-0.383494	-0.151008	-0.829590	0.373738
2.840000	-1.216266	0.440478	-0.408585	-0.151447	-0.831390	0.372808
2.860000	-1.291372	0.468058	-0.434589	-0.151862	-0.833112	0.371748
2.880000	-1.359329	0.491959	-0.461188	-0.152244	-0.834714	0.370541
2.900000	-1.418853	0.511152	-0.488061	-0.152582	-0.836157	0.369167
2.920000	-1.468932	0.524815	-0.514887	-0.152870	-0.837412	0.367611
2.940000	-1.509721	0.533002	-0.541325	-0.153105	-0.838492	0.365877
2.960000	-1.541678	0.535997	-0.567027	-0.153284	-0.839422	0.363974
2.980000	-1.565263	0.534086	-0.591649	-0.153409	-0.840228	0.361912
3.000000	-1.580937	0.527552	-0.614844	-0.153475	-0.840933	0.359699
3.020000	-1.589159	0.516681	-0.636266	-0.153484	-0.841564	0.357345
3.040000	-1.590390	0.501758	-0.655570	-0.153433	-0.842144	0.354858
3.060000	-1.585089	0.483067	-0.672409	-0.153321	-0.842699	0.352249
3.080000	-1.573716	0.460894	-0.686437	-0.153148	-0.843254	0.349526
3.100000	-1.556732	0.435523	-0.697309	-0.152910	-0.843835	0.346698
3.120000	-1.534595	0.407239	-0.704678	-0.152609	-0.844464	0.343774
3.140000	-1.507767	0.376326	-0.708199	-0.152241	-0.845169	0.340765
3.160000	-1.476707	0.343070	-0.707526	-0.151807	-0.845974	0.337677
3.180000	-1.441874	0.307756	-0.702312	-0.151304	-0.846903	0.334522
3.200000	-1.403730	0.270668	-0.692211	-0.150732	-0.847981	0.331308
3.220000	-1.362734	0.232091	-0.676879	-0.150090	-0.849235	0.328044
3.240000	-1.319353	0.192305	-0.656028	-0.149376	-0.850685	0.324740
3.260000	-1.274128	0.151537	-0.629938	-0.148599	-0.852330	0.321413
3.280000	-1.227642	0.109987	-0.599198	-0.147771	-0.854154	0.318082
3.300000	-1.180475	0.067856	-0.564398	-0.146904	-0.856142	0.314769
3.320000	-1.133208	0.025343	-0.526129	-0.146010	-0.858277	0.311493
3.340000	-1.086424	-0.017352	-0.484983	-0.145103	-0.860543	0.308275
3.360000	-1.040704	-0.060029	-0.441551	-0.144194	-0.862926	0.305135
3.380000	-0.996630	-0.102490	-0.396424	-0.143295	-0.865408	0.302093
3.400000	-0.954782	-0.144533	-0.350194	-0.142419	-0.867975	0.299170
3.420000	-0.915743	-0.185960	-0.303451	-0.141579	-0.870610	0.296385
3.440000	-0.880094	-0.226570	-0.256786	-0.140785	-0.873298	0.293760
3.460000	-0.848416	-0.266163	-0.210792	-0.140052	-0.876022	0.291314
3.480000	-0.821292	-0.304541	-0.166059	-0.139390	-0.878768	0.289068
3.500000	-0.799302	-0.341503	-0.123178	-0.138813	-0.881519	0.287042
3.520000	-0.783029	-0.376850	-0.082741	-0.138333	-0.884259	0.285256
3.540000	-0.772990	-0.410392	-0.045308	-0.137960	-0.886973	0.283729
3.560000	-0.768884	-0.442079	-0.011041	-0.137694	-0.889644	0.282455
3.580000	-0.769833	-0.471961	0.020178	-0.137525	-0.892253	0.281411
3.600000	-0.774945	-0.500087	0.048472	-0.137444	-0.894784	0.280576
3.620000	-0.783331	-0.526508	0.073966	-0.137438	-0.897219	0.279925
3.640000	-0.794100	-0.551273	0.096784	-0.137500	-0.899540	0.279436
3.660000	-0.806362	-0.574434	0.117049	-0.137618	-0.901730	0.279087
3.680000	-0.819227	-0.596040	0.134885	-0.137783	-0.903771	0.278854
3.700000	-0.831803	-0.616141	0.150416	-0.137984	-0.905645	0.278715
3.720000	-0.843201	-0.634788	0.163766	-0.138211	-0.907335	0.278646
3.740000	-0.852530	-0.652032	0.175059	-0.138454	-0.908823	0.278625
3.760000	-0.858900	-0.667922	0.184419	-0.138704	-0.910091	0.278629
3.780000	-0.861421	-0.682508	0.191969	-0.138950	-0.911123	0.278636
3.800000	-0.859201	-0.695842	0.197833	-0.139182	-0.911899	0.278622
3.820000	-0.851351	-0.707972	0.202135	-0.139389	-0.912404	0.278564
3.840000	-0.836981	-0.718950	0.205000	-0.139563	-0.912618	0.278440
3.860000	-0.815216	-0.728822	0.206549	-0.139692	-0.912525	0.278228
3.880000	-0.785896	-0.737468	0.206826	-0.139769	-0.912127	0.277917
3.900000	-0.749838	-0.744538	0.205768	-0.139789	-0.911448	0.277520
3.920000	-0.707927	-0.749668	0.203307	-0.139747	-0.910519	0.277048
3.940000	-0.661051	-0.752494	0.199372	-0.139638	-0.909367	0.276513
3.960000	-0.610095	-0.752649	0.193893	-0.139459	-0.908021	0.275927
3.980000	-0.555945	-0.749769	0.186799	-0.139203	-0.906509	0.275301
4.000000	-0.499488	-0.743490	0.178022	-0.138866	-0.904858	0.274648
4.020000	-0.441609	-0.733445	0.167491	-0.138444	-0.903099	0.273979
4.040000	-0.383196	-0.719271	0.155135	-0.137932	-0.901257	0.273306
4.060000	-0.325135	-0.700603	0.140886	-0.137325	-0.899363	0.272642
4.080000	-0.268310	-0.677074	0.124673	-0.136618	-0.897445	0.271997
4.100000	-0.213610	-0.648321	0.106425	-0.135807	-0.895530	0.271384
4.120000	-0.161919	-0.613978	0.086074	-0.134886	-0.893647	0.270815
4.140000	-0.114125	-0.573681	0.063549	-0.133852	-0.891825	0.270302
4.160000	-0.071113	-0.527065	0.038780	-0.132699	-0.890091	0.269856
4.180000	-0.033770	-0.473764	0.011697	-0.131423	-0.888474	0.269490
4.200000	-0.002659	-0.413748	-0.017632	-0.130025	-0.886996	0.269211
4.220000	0.022537	-0.347896	-0.048764	-0.128528	-0.885662	0.269023
4.240000	0.042286	-0.277245	-0.081190	-0.126954	-0.884474	0.268924
4.260000	0.057055	-0.202832	-0.114402	-0.125329	-0.883433	0.268914
4.280000	0.067314	-0.125692	-0.147892	-0.123676	-0.882542	0.268994
4.300000	0.073530	-0.046861	-0.181153	-0.122020	-0.881803	0.269163
4.320000	0.076171	0.032623	-0.213676	-0.120385	-0.881217	0.269421
4.340000	0.075704	0.111725	-0.244952	-0.118796	-0.880787	0.269768
4.360000	0.072599	0.189409	-0.274474	-0.117276	-0.880514	0.270204
4.380000	0.067322	0.264638	-0.301734	-0.115850	-0.880401	0.270729
4.400000	0.060342	0.336377	-0.326224	-0.114542	-0.880449	0.271343
4.420000	0.052127	0.403588	-0.347436	-0.113377	-0.880660	0.272045
4.440000	0.043145	0.465237	-0.364861	-0.112378	-0.881036	0.272836
4.460000	0.033863	0.520286	-0.377991	-0.111569	-0.881580	0.273715
4.480000	0.024750	0.567699	-0.386319	-0.110976	-0.882293	0.274683
4.500000	0.016274	0.606440	-0.389336	-0.110622	-0.883176	0.275739
4.520000	0.008789	0.635681	-0.386637	-0.110527	-0.884230	0.276880
4.540000	0.001981	0.655815	-0.378427	-0.110679	-0.885438	0.278088
4.560000	-0.004706	0.667679	-0.365128	-0.111057	-0.886779	0.279339
4.580000	-0.011831	0.672112	-0.347166	-0.111638	-0.888230	0.280609
4.600000	-0.019950	0.669952	-0.324964	-0.112401	-0.889770	0.281873
4.620000	-0.029620	0.662037	-0.298949	-0.113323	-0.891377	0.283107
4.640000	-0.041399	0.649206	-0.269544	-0.114384	-0.893030	0.284287
4.660000	-0.055845	0.632297	-0.237174	-0.115560	-0.894706	0.285389
4.680000	-0.073514	0.612148	-0.202263	-0.116830	-0.896384	0.286389
4.700000	-0.094963	0.589597	-0.165236	-0.118172	-0.898041	0.287262
4.720000	-0.120750	0.565483	-0.126518	-0.119564	-0.899657	0.287984
4.740000	-0.151433	0.540644	-0.086534	-0.120984	-0.901209	0.288531
4.760000	-0.187568	0.515919	-0.045707	-0.122410	-0.902676	0.288879
4.780000	-0.229713	0.492145	-0.004463	-0.123821	-0.904036	0.289004
4.800000	-0.278426	0.470161	0.036774	-0.125194	-0.905266	0.288881
4.820000	-0.334126	0.450724	0.077579	-0.126509	-0.906348	0.288489
4.840000	-0.396159	0.433958	0.117512	-0.127762	-0.907275	0.287832
4.860000	-0.463362	0.419684	0.156132	-0.128958	-0.908047	0.286922
4.880000	-0.534566	0.407723	0.192996	-0.130100	-0.908666	0.285776
4.900000	-0.608605	0.397893	0.227660	-0.131193	-0.909131	0.284406
4.920000	-0.684311	0.390015	0.259682	-0.132239	-0.909445	0.282828
4.940000	-0.760517	0.383909	0.288619	-0.133243	-0.909606	0.281055
4.960000	-0.836055	0.379394	0.314028	-0.134210	-0.909616	0.279102
4.980000	-0.909758	0.376292	0.335466	-0.135141	-0.909476	0.276983
5.000000	-0.980459	0.374421	0.352490	-0.136043	-0.909186	0.274713
5.020000	-1.046990	0.373602	0.364657	-0.136918	-0.908746	0.272306
5.040000	-1.108185	0.373655	0.371524	-0.137770	-0.908159	0.269776
5.060000	-1.162875	0.374399	0.372649	-0.138604	-0.907423	0.267138
5.080000	-1.209894	0.375655	0.367587	-0.139422	-0.906540	0.264405
5.100000	-1.248074	0.377242	0.355898	-0.140230	-0.905510	0.261593
5.120000	-1.276248	0.378980	0.337136	-0.141030	-0.904334	0.258715
5.140000	-1.293248	0.380691	0.310861	-0.141828	-0.903013	0.255786
5.160000	-1.297928	0.382192	0.276641	-0.142626	-0.901548	0.252820
5.180000	-1.290154	0.383324	0.234683	-0.143425	-0.899959	0.249839
5.200000	-1.271231	0.383950	0.186102	-0.144224	-0.898295	0.246876
5.220000	-1.242578	0.383934	0.132078	-0.145019	-0.896605	0.243963
5.240000	-1.205610	0.383144	0.073795	-0.145808	-0.894940	0.241133
5.260000	-1.161745	0.381445	0.012435	-0.146587	-0.893351	0.238420
5.280000	-1.112399	0.378702	-0.050820	-0.147353	-0.891887	0.235857
5.300000	-1.058989	0.374782	-0.114786	-0.148105	-0.890600	0.233476
5.320000	-1.002932	0.369549	-0.178282	-0.148838	-0.889538	0.231311
5.340000	-0.945645	0.362870	-0.240125	-0.149550	-0.888754	0.229395
5.360000	-0.888543	0.354610	-0.299133	-0.150237	-0.888296	0.227760
5.380000	-0.833046	0.344635	-0.354123	-0.150898	-0.888216	0.226441
5.400000	-0.780568	0.332811	-0.403913	-0.151530	-0.888564	0.225469
5.420000	-0.732527	0.319003	-0.447320	-0.152128	-0.889389	0.224879
5.440000	-0.690339	0.303077	-0.483161	-0.152691	-0.890743	0.224703
5.460000	-0.655415	0.284901	-0.510262	-0.153215	-0.892675	0.224973
5.480000	-0.628505	0.264446	-0.528073	-0.153699	-0.895191	0.225691
5.500000	-0.609151	0.241885	-0.537194	-0.154144	-0.898214	0.226797
5.520000	-0.596766	0.217407	-0.538349	-0.154550	-0.901660	0.228226
5.540000	-0.590765	0.191203	-0.532259	-0.154918	-0.905444	0.229913
5.560000	-0.590562	0.163465	-0.519648	-0.155250	-0.909482	0.231792
5.580000	-0.595569	0.134382	-0.501237	-0.155546	-0.913689	0.233799
5.600000	-0.605202	0.104145	-0.477750	-0.155808	-0.917980	0.235868
5.620000	-0.618874	0.072946	-0.449908	-0.156036	-0.922270	0.237934
5.640000	-0.635999	0.040975	-0.418435	-0.156231	-0.926475	0.239931
5.660000	-0.655990	0.008423	-0.384052	-0.156394	-0.930510	0.241795
5.680000	-0.678261	-0.024520	-0.347483	-0.156526	-0.934290	0.243460
5.700000	-0.702227	-0.057662	-0.309450	-0.156628	-0.937732	0.244861
5.720000	-0.727301	-0.090813	-0.270675	-0.156701	-0.940749	0.245933
5.740000	-0.752896	-0.123782	-0.231881	-0.156745	-0.943258	0.246611
5.760000	-0.778427	-0.156379	-0.193790	-0.156763	-0.945173	0.246829
5.780000	-0.803308	-0.188412	-0.157126	-0.156754	-0.946411	0.246522
5.800000	-0.826957	-0.219693	-0.122600	-0.156720	-0.946888	0.245626
5.820000	-0.848956	-0.250083	-0.090627	-0.156662	-0.946600	0.244145
5.840000	-0.869078	-0.279504	-0.061268	-0.156579	-0.945632	0.242154
5.860000	-0.887105	-0.307882	-0.034566	-0.156472	-0.944075	0.239738
5.880000	-0.902822	-0.335142	-0.010562	-0.156341	-0.942019	0.236978
5.900000	-0.916013	-0.361210	0.010703	-0.156186	-0.939554	0.233956
5.920000	-0.926460	-0.386011	0.029187	-0.156009	-0.936772	0.230754
5.940000	-0.933947	-0.409470	0.044848	-0.155808	-0.933763	0.227456
5.960000	-0.938259	-0.431514	0.057644	-0.155585	-0.930618	0.224142
5.980000	-0.939177	-0.452067	0.067535	-0.155339	-0.927427	0.220897
6.000000	-0.936487	-0.471054	0.074478	-0.155071	-0.924281	0.217801
6.020000	-0.929971	-0.488402	0.078431	-0.154782	-0.921271	0.214937
6.040000	-0.919414	-0.504036	0.079354	-0.154471	-0.918486	0.212387
6.060000	-0.904598	-0.517881	0.077204	-0.154139	-0.916018	0.210234
6.080000	-0.885307	-0.529863	0.071939	-0.153785	-0.913958	0.208560
6.100000	-0.861325	-0.539906	0.063519	-0.153411	-0.912395	0.207447
6.120000	-0.832494	-0.547934	0.051930	-0.153018	-0.911412	0.206968
6.140000	-0.799142	-0.553832	0.037399	-0.152608	-0.911010	0.207112
6.160000	-0.761838	-0.557472	0.020271	-0.152187	-0.911152	0.207829
6.180000	-0.721153	-0.558724	0.000892	-0.151761	-0.911801	0.209066
6.200000	-0.677656	-0.557459	-0.020393	-0.151335	-0.912921	0.210774
6.220000	-0.631920	-0.553548	-0.043238	-0.150914	-0.914473	0.212900
6.240000	-0.584513	-0.546862	-0.067296	-0.150504	-0.916421	0.215393
6.260000	-0.536008	-0.537271	-0.092222	-0.150111	-0.918727	0.218203
6.280000	-0.486974	-0.524646	-0.117669	-0.149740	-0.921354	0.221277
6.300000	-0.437983	-0.508857	-0.143293	-0.149395	-0.924266	0.224564
6.320000	-0.389604	-0.489775	-0.168747	-0.149083	-0.927424	0.228014
6.340000	-0.342408	-0.467271	-0.193685	-0.148810	-0.930793	0.231574
6.360000	-0.296967	-0.441216	-0.217762	-0.148579	-0.934334	0.235194
