0.000000	-0.103726	0.068250	-0.114183	-0.049681	-0.898101	0.313770
0.020000	-0.105006	0.054281	-0.118647	-0.050546	-0.898340	0.313381
0.040000	-0.108341	0.041025	-0.124412	-0.051277	-0.898474	0.313185
0.060000	-0.113691	0.028587	-0.131456	-0.051863	-0.898501	0.313191
0.080000	-0.120778	0.016971	-0.139575	-0.052314	-0.898435	0.313377
0.100000	-0.129306	0.006173	-0.148551	-0.052642	-0.898290	0.313717
0.120000	-0.138979	-0.003809	-0.158166	-0.052856	-0.898080	0.314187
0.140000	-0.149500	-0.012979	-0.168203	-0.052967	-0.897820	0.314761
0.160000	-0.160574	-0.021339	-0.178445	-0.052987	-0.897525	0.315415
0.180000	-0.171905	-0.028892	-0.188672	-0.052926	-0.897208	0.316123
0.200000	-0.183195	-0.035642	-0.198669	-0.052794	-0.896884	0.316860
0.220000	-0.194150	-0.041592	-0.208217	-0.052603	-0.896568	0.317601
0.240000	-0.204472	-0.046744	-0.217098	-0.052363	-0.896273	0.318321
0.260000	-0.213866	-0.051102	-0.225096	-0.052085	-0.896015	0.318995
0.280000	-0.222035	-0.054668	-0.231991	-0.051780	-0.895808	0.319599
0.300000	-0.228684	-0.057446	-0.237568	-0.051459	-0.895666	0.320106
0.320000	-0.233517	-0.059438	-0.241607	-0.051132	-0.895603	0.320491
0.340000	-0.236236	-0.060648	-0.243892	-0.050810	-0.895634	0.320731
0.360000	-0.236546	-0.061078	-0.244204	-0.050504	-0.895774	0.320799
0.380000	-0.234297	-0.060742	-0.242437	-0.050220	-0.896028	0.320682
0.400000	-0.229752	-0.059679	-0.238796	-0.049953	-0.896383	0.320396
0.420000	-0.223251	-0.057932	-0.233543	-0.049696	-0.896819	0.319964
0.440000	-0.215130	-0.055548	-0.226939	-0.049441	-0.897316	0.319409
0.460000	-0.205728	-0.052569	-0.219246	-0.049180	-0.897856	0.318753
0.480000	-0.195383	-0.049041	-0.210725	-0.048907	-0.898420	0.318018
0.500000	-0.184434	-0.045007	-0.201640	-0.048613	-0.898989	0.317227
0.520000	-0.173218	-0.040513	-0.192250	-0.048292	-0.899543	0.316403
0.540000	-0.162073	-0.035602	-0.182817	-0.047935	-0.900064	0.315568
0.560000	-0.151337	-0.030319	-0.173604	-0.047536	-0.900532	0.314744
0.580000	-0.141350	-0.024709	-0.164872	-0.047086	-0.900929	0.313955
0.600000	-0.132447	-0.018815	-0.156883	-0.046579	-0.901235	0.313222
0.620000	-0.124968	-0.012683	-0.149898	-0.046006	-0.901431	0.312568
0.640000	-0.119251	-0.006356	-0.144178	-0.045361	-0.901499	0.312016
0.660000	-0.115634	0.000120	-0.139987	-0.044636	-0.901419	0.311587
0.680000	-0.114455	0.006702	-0.137584	-0.043823	-0.901172	0.311306
0.700000	-0.115992	0.013349	-0.137179	-0.042918	-0.900744	0.311189
0.720000	-0.120160	0.020041	-0.138653	-0.041935	-0.900148	0.311230
0.740000	-0.126734	0.026767	-0.141764	-0.040894	-0.899408	0.311411
0.760000	-0.135491	0.033515	-0.146270	-0.039817	-0.898548	0.311715
0.780000	-0.146205	0.040274	-0.151928	-0.038724	-0.897591	0.312125
0.800000	-0.158654	0.047033	-0.158496	-0.037637	-0.896563	0.312624
0.820000	-0.172613	0.053781	-0.165732	-0.036575	-0.895486	0.313194
0.840000	-0.187857	0.060506	-0.173393	-0.035560	-0.894385	0.313819
0.860000	-0.204162	0.067196	-0.181238	-0.034613	-0.893283	0.314480
0.880000	-0.221304	0.073841	-0.189023	-0.033755	-0.892205	0.315161
0.900000	-0.239059	0.080429	-0.196506	-0.033006	-0.891174	0.315845
0.920000	-0.257203	0.086948	-0.203446	-0.032387	-0.890215	0.316514
0.940000	-0.275511	0.093388	-0.209600	-0.031919	-0.889351	0.317152
0.960000	-0.293759	0.099738	-0.214725	-0.031624	-0.888607	0.317740
0.980000	-0.311724	0.105984	-0.218579	-0.031521	-0.888005	0.318263
1.000000	-0.329180	0.112118	-0.220920	-0.031631	-0.887571	0.318701
1.020000	-0.345910	0.118120	-0.221520	-0.031975	-0.887327	0.319040
1.040000	-0.361806	0.123889	-0.220368	-0.032546	-0.887273	0.319270
1.060000	-0.376835	0.129255	-0.217616	-0.033323	-0.887394	0.319387
1.080000	-0.390972	0.134049	-0.213421	-0.034281	-0.887674	0.319390
1.100000	-0.404188	0.138101	-0.207940	-0.035398	-0.888097	0.319275
1.120000	-0.416455	0.141241	-0.201328	-0.036650	-0.888647	0.319040
1.140000	-0.427746	0.143300	-0.193742	-0.038013	-0.889309	0.318682
1.160000	-0.438034	0.144107	-0.185339	-0.039463	-0.890065	0.318197
1.180000	-0.447290	0.143492	-0.176276	-0.040979	-0.890902	0.317583
1.200000	-0.455487	0.141285	-0.166708	-0.042536	-0.891802	0.316838
1.220000	-0.462597	0.137318	-0.156793	-0.044110	-0.892749	0.315958
1.240000	-0.468592	0.131419	-0.146687	-0.045679	-0.893728	0.314941
1.260000	-0.473446	0.123418	-0.136547	-0.047218	-0.894723	0.313783
1.280000	-0.477129	0.113147	-0.126528	-0.048706	-0.895717	0.312482
1.300000	-0.479615	0.100435	-0.116788	-0.050117	-0.896696	0.311036
1.320000	-0.480875	0.085111	-0.107484	-0.051429	-0.897642	0.309440
1.340000	-0.480901	0.067100	-0.098753	-0.052621	-0.898543	0.307698
1.360000	-0.479766	0.046775	-0.090652	-0.053693	-0.899396	0.305832
1.380000	-0.477572	0.024653	-0.083210	-0.054647	-0.900201	0.303873
1.400000	-0.474422	0.001247	-0.076455	-0.055487	-0.900961	0.301851
1.420000	-0.470418	-0.022928	-0.070417	-0.056217	-0.901676	0.299797
1.440000	-0.465660	-0.047357	-0.065125	-0.056839	-0.902347	0.297741
1.460000	-0.460250	-0.071525	-0.060608	-0.057358	-0.902976	0.295713
1.480000	-0.454291	-0.094918	-0.056895	-0.057777	-0.903563	0.293744
1.500000	-0.447884	-0.117021	-0.054015	-0.058100	-0.904109	0.291864
1.520000	-0.441130	-0.137320	-0.051998	-0.058330	-0.904617	0.290104
1.540000	-0.434131	-0.155299	-0.050871	-0.058471	-0.905086	0.288494
1.560000	-0.426990	-0.170445	-0.050666	-0.058526	-0.905517	0.287064
1.580000	-0.419808	-0.182242	-0.051410	-0.058498	-0.905913	0.285844
1.600000	-0.412686	-0.190176	-0.053132	-0.058392	-0.906274	0.284865
1.620000	-0.405726	-0.193732	-0.055863	-0.058211	-0.906601	0.284158
1.640000	-0.399030	-0.192396	-0.059630	-0.057958	-0.906895	0.283753
1.660000	-0.392691	-0.185712	-0.064453	-0.057636	-0.907157	0.283676
1.680000	-0.386704	-0.173885	-0.070239	-0.057252	-0.907390	0.283914
1.700000	-0.381003	-0.157535	-0.076823	-0.056808	-0.907598	0.284430
1.720000	-0.375523	-0.137286	-0.084040	-0.056312	-0.907784	0.285184
1.740000	-0.370195	-0.113763	-0.091724	-0.055767	-0.907950	0.286139
1.760000	-0.364954	-0.087593	-0.099711	-0.055178	-0.908102	0.287255
1.780000	-0.359733	-0.059400	-0.107836	-0.054552	-0.908242	0.288494
1.800000	-0.354465	-0.029809	-0.115932	-0.053892	-0.908374	0.289818
1.820000	-0.349083	0.000554	-0.123836	-0.053204	-0.908501	0.291188
1.840000	-0.343521	0.031064	-0.131381	-0.052493	-0.908627	0.292566
1.860000	-0.337712	0.061096	-0.138402	-0.051765	-0.908755	0.293913
1.880000	-0.331590	0.090024	-0.144735	-0.051023	-0.908888	0.295190
1.900000	-0.325088	0.117224	-0.150213	-0.050274	-0.909031	0.296360
1.920000	-0.318138	0.142070	-0.154673	-0.049522	-0.909186	0.297383
1.940000	-0.310675	0.163938	-0.157948	-0.048772	-0.909357	0.298221
1.960000	-0.302632	0.182201	-0.159873	-0.048030	-0.909548	0.298835
1.980000	-0.293944	0.196248	-0.160288	-0.047300	-0.909761	0.299188
2.000000	-0.284644	0.205953	-0.159154	-0.046587	-0.909996	0.299276
2.020000	-0.274876	0.211777	-0.156590	-0.045897	-0.910242	0.299133
2.040000	-0.264794	0.214219	-0.152721	-0.045233	-0.910492	0.298798
2.060000	-0.254552	0.213775	-0.147672	-0.044601	-0.910736	0.298309
2.080000	-0.244303	0.210944	-0.141569	-0.044004	-0.910966	0.297703
2.100000	-0.234199	0.206223	-0.134538	-0.043448	-0.911172	0.297019
2.120000	-0.224395	0.200111	-0.126705	-0.042937	-0.911346	0.296295
2.140000	-0.215043	0.193105	-0.118195	-0.042476	-0.911478	0.295568
2.160000	-0.206297	0.185702	-0.109135	-0.042069	-0.911560	0.294876
2.180000	-0.198310	0.178401	-0.099649	-0.041722	-0.911583	0.294258
2.200000	-0.191235	0.171700	-0.089865	-0.041438	-0.911538	0.293751
2.220000	-0.185226	0.166096	-0.079906	-0.041222	-0.911416	0.293393
2.240000	-0.180436	0.162087	-0.069900	-0.041079	-0.911208	0.293222
2.260000	-0.177017	0.160172	-0.059971	-0.041014	-0.910905	0.293276
2.280000	-0.175122	0.160841	-0.050246	-0.041030	-0.910498	0.293593
2.300000	-0.174788	0.164292	-0.040845	-0.041129	-0.909989	0.294182
2.320000	-0.175872	0.170255	-0.031884	-0.041300	-0.909394	0.295006
2.340000	-0.178219	0.178419	-0.023474	-0.041535	-0.908733	0.296027
2.360000	-0.181671	0.188476	-0.015730	-0.041824	-0.908022	0.297206
2.380000	-0.186072	0.200116	-0.008766	-0.042158	-0.907282	0.298503
2.400000	-0.191264	0.213030	-0.002694	-0.042528	-0.906529	0.299878
2.420000	-0.197091	0.226907	0.002371	-0.042925	-0.905782	0.301293
2.440000	-0.203396	0.241439	0.006317	-0.043338	-0.905059	0.302708
2.460000	-0.210023	0.256316	0.009030	-0.043760	-0.904380	0.304084
2.480000	-0.216813	0.271228	0.010396	-0.044181	-0.903762	0.305381
2.500000	-0.223611	0.285865	0.010302	-0.044591	-0.903223	0.306561
2.520000	-0.230260	0.299919	0.008634	-0.044981	-0.902781	0.307583
2.540000	-0.236602	0.313079	0.005279	-0.045342	-0.902456	0.308409
2.560000	-0.242481	0.325037	0.000124	-0.045664	-0.902266	0.308999
2.580000	-0.247740	0.335482	-0.006946	-0.045939	-0.902228	0.309314
2.600000	-0.252223	0.344104	-0.016043	-0.046157	-0.902361	0.309314
2.620000	-0.255828	0.350677	-0.027187	-0.046314	-0.902673	0.308978
2.640000	-0.258636	0.355229	-0.040097	-0.046425	-0.903144	0.308337
2.660000	-0.260760	0.357842	-0.054432	-0.046506	-0.903744	0.307434
2.680000	-0.262316	0.358596	-0.069851	-0.046575	-0.904446	0.306312
2.700000	-0.263419	0.357573	-0.086015	-0.046649	-0.905222	0.305014
2.720000	-0.264183	0.354854	-0.102582	-0.046746	-0.906044	0.303582
2.740000	-0.264723	0.350519	-0.119213	-0.046882	-0.906884	0.302060
2.760000	-0.265153	0.344650	-0.135567	-0.047076	-0.907714	0.300490
2.780000	-0.265590	0.337327	-0.151303	-0.047345	-0.908506	0.298915
2.800000	-0.266147	0.328632	-0.166082	-0.047705	-0.909231	0.297377
2.820000	-0.266939	0.318646	-0.179561	-0.048175	-0.909863	0.295921
2.840000	-0.268082	0.307450	-0.191402	-0.048772	-0.910373	0.294588
2.860000	-0.269689	0.295125	-0.201264	-0.049512	-0.910733	0.293421
2.880000	-0.271876	0.281751	-0.208805	-0.050414	-0.910915	0.292463
2.900000	-0.274757	0.267410	-0.213686	-0.051495	-0.910891	0.291757
2.920000	-0.278411	0.252207	-0.215673	-0.052764	-0.910642	0.291334
2.940000	-0.282762	0.236350	-0.214974	-0.054199	-0.910186	0.291177
2.960000	-0.287692	0.220071	-0.211915	-0.055770	-0.909552	0.291256
2.980000	-0.293087	0.203605	-0.206824	-0.057446	-0.908768	0.291542
3.000000	-0.298828	0.187186	-0.200026	-0.059197	-0.907861	0.292003
3.020000	-0.304801	0.171046	-0.191846	-0.060991	-0.906860	0.292611
3.040000	-0.310888	0.155420	-0.182612	-0.062798	-0.905793	0.293335
3.060000	-0.316974	0.140542	-0.172649	-0.064588	-0.904687	0.294146
3.080000	-0.322941	0.126646	-0.162283	-0.066329	-0.903572	0.295014
3.100000	-0.328673	0.113964	-0.151840	-0.067992	-0.902475	0.295908
3.120000	-0.334055	0.102731	-0.141646	-0.069546	-0.901424	0.296800
3.140000	-0.338969	0.093181	-0.132028	-0.070960	-0.900448	0.297658
3.160000	-0.343299	0.085547	-0.123312	-0.072203	-0.899574	0.298453
3.180000	-0.346929	0.080063	-0.115823	-0.073245	-0.898830	0.299156
3.200000	-0.349742	0.076963	-0.109887	-0.074055	-0.898245	0.299736
3.220000	-0.351623	0.076477	-0.105829	-0.074603	-0.897847	0.300164
3.240000	-0.352512	0.078628	-0.103787	-0.074879	-0.897648	0.300423
3.260000	-0.352442	0.083089	-0.103601	-0.074904	-0.897636	0.300521
3.280000	-0.351454	0.089506	-0.105080	-0.074703	-0.897797	0.300467
3.300000	-0.349590	0.097522	-0.108034	-0.074302	-0.898117	0.300269
3.320000	-0.346890	0.106780	-0.112272	-0.073725	-0.898580	0.299936
3.340000	-0.343396	0.116924	-0.117605	-0.072998	-0.899172	0.299478
3.360000	-0.339149	0.127598	-0.123842	-0.072145	-0.899880	0.298903
3.380000	-0.334191	0.138446	-0.130793	-0.071192	-0.900688	0.298221
3.400000	-0.328562	0.149110	-0.138268	-0.070164	-0.901582	0.297440
3.420000	-0.322305	0.159235	-0.146076	-0.069085	-0.902547	0.296569
3.440000	-0.315459	0.168464	-0.154028	-0.067981	-0.903570	0.295617
3.460000	-0.308068	0.176440	-0.161934	-0.066877	-0.904636	0.294594
3.480000	-0.300171	0.182809	-0.169602	-0.065797	-0.905729	0.293508
3.500000	-0.291810	0.187212	-0.176843	-0.064768	-0.906837	0.292368
3.520000	-0.283027	0.189294	-0.183467	-0.063813	-0.907944	0.291182
3.540000	-0.273862	0.188699	-0.189284	-0.062958	-0.909036	0.289961
3.560000	-0.264358	0.185069	-0.194102	-0.062229	-0.910098	0.288713
3.580000	-0.254554	0.178049	-0.197733	-0.061649	-0.911116	0.287447
3.600000	-0.244519	0.167344	-0.199999	-0.061240	-0.912076	0.286174
3.620000	-0.234554	0.153221	-0.200843	-0.060986	-0.912960	0.284929
3.640000	-0.225089	0.136249	-0.200270	-0.060852	-0.913753	0.283757
3.660000	-0.216554	0.117001	-0.198287	-0.060800	-0.914436	0.282705
3.680000	-0.209379	0.096050	-0.194902	-0.060796	-0.914992	0.281819
3.700000	-0.203994	0.073968	-0.190122	-0.060802	-0.915403	0.281145
3.720000	-0.200828	0.051328	-0.183954	-0.060783	-0.915654	0.280730
3.740000	-0.200314	0.028701	-0.176404	-0.060703	-0.915726	0.280620
3.760000	-0.202879	0.006660	-0.167480	-0.060525	-0.915602	0.280860
3.780000	-0.208956	-0.014222	-0.157188	-0.060214	-0.915264	0.281498
3.800000	-0.218973	-0.033373	-0.145537	-0.059734	-0.914696	0.282579
3.820000	-0.233361	-0.050221	-0.132532	-0.059048	-0.913881	0.284151
3.840000	-0.252550	-0.064193	-0.118181	-0.058120	-0.912800	0.286258
3.860000	-0.276970	-0.074716	-0.102490	-0.056914	-0.911437	0.288947
3.880000	-0.306876	-0.081313	-0.085512	-0.055405	-0.909782	0.292248
3.900000	-0.341247	-0.084189	-0.067631	-0.053640	-0.907883	0.296065
3.920000	-0.378489	-0.083859	-0.049377	-0.051699	-0.905815	0.300247
