0.000000	-0.316455	0.122997	-0.246128	-0.128653	-0.957525	0.198856
0.020000	-0.324931	0.116093	-0.247854	-0.128592	-0.957758	0.197605
0.040000	-0.332239	0.107001	-0.247425	-0.128451	-0.957572	0.196542
0.060000	-0.338013	0.095357	-0.244523	-0.128223	-0.956921	0.195703
0.080000	-0.341886	0.080796	-0.238827	-0.127903	-0.955762	0.195122
0.100000	-0.343490	0.062953	-0.230020	-0.127486	-0.954051	0.194835
0.120000	-0.342519	0.041598	-0.217890	-0.126970	-0.951756	0.194869
0.140000	-0.338982	0.017229	-0.202792	-0.126365	-0.948922	0.195209
0.160000	-0.332994	-0.009417	-0.185273	-0.125688	-0.945617	0.195825
0.180000	-0.324671	-0.037601	-0.165879	-0.124956	-0.941909	0.196688
0.200000	-0.314127	-0.066586	-0.145157	-0.124185	-0.937868	0.197769
0.220000	-0.301479	-0.095634	-0.123652	-0.123392	-0.933562	0.199037
0.240000	-0.286841	-0.124006	-0.101910	-0.122592	-0.929059	0.200465
0.260000	-0.270329	-0.150965	-0.080477	-0.121803	-0.924428	0.202021
0.280000	-0.252058	-0.175773	-0.059900	-0.121041	-0.919738	0.203677
0.300000	-0.232143	-0.197691	-0.040723	-0.120322	-0.915057	0.205403
0.320000	-0.210700	-0.215982	-0.023495	-0.119663	-0.910454	0.207171
0.340000	-0.187844	-0.229908	-0.008760	-0.119080	-0.905997	0.208949
0.360000	-0.163690	-0.238731	0.002936	-0.118590	-0.901754	0.210710
0.380000	-0.138353	-0.241712	0.011046	-0.118208	-0.897795	0.212423
0.400000	-0.111949	-0.238114	0.015025	-0.117953	-0.894189	0.214059
0.420000	-0.084588	-0.227333	0.014413	-0.117836	-0.890995	0.215592
0.440000	-0.056337	-0.209713	0.009367	-0.117851	-0.888222	0.217021
0.460000	-0.027248	-0.186012	0.000312	-0.117983	-0.885854	0.218355
0.480000	0.002629	-0.156990	-0.012326	-0.118214	-0.883875	0.219605
0.500000	0.033243	-0.123406	-0.028120	-0.118530	-0.882270	0.220780
0.520000	0.064544	-0.086018	-0.046645	-0.118914	-0.881023	0.221888
0.540000	0.096480	-0.045586	-0.067475	-0.119351	-0.880118	0.222941
0.560000	0.129002	-0.002869	-0.090185	-0.119823	-0.879540	0.223948
0.580000	0.162058	0.041373	-0.114347	-0.120317	-0.879272	0.224918
0.600000	0.195598	0.086383	-0.139537	-0.120814	-0.879300	0.225860
0.620000	0.229570	0.131400	-0.165329	-0.121300	-0.879607	0.226786
0.640000	0.263926	0.175665	-0.191295	-0.121758	-0.880179	0.227703
0.660000	0.298613	0.218420	-0.217012	-0.122173	-0.880998	0.228622
0.680000	0.333581	0.258905	-0.242052	-0.122528	-0.882050	0.229553
0.700000	0.368780	0.296361	-0.265989	-0.122808	-0.883318	0.230505
0.720000	0.404159	0.330029	-0.288398	-0.122997	-0.884788	0.231487
0.740000	0.439664	0.359180	-0.308869	-0.123079	-0.886443	0.232509
0.760000	0.475192	0.383627	-0.327266	-0.123047	-0.888256	0.233581
0.780000	0.510599	0.403652	-0.343689	-0.122904	-0.890194	0.234708
0.800000	0.545737	0.419547	-0.358249	-0.122652	-0.892221	0.235898
0.820000	0.580460	0.431610	-0.371054	-0.122292	-0.894303	0.237159
0.840000	0.614622	0.440134	-0.382213	-0.121827	-0.896406	0.238498
0.860000	0.648075	0.445414	-0.391835	-0.121258	-0.898494	0.239922
0.880000	0.680673	0.447745	-0.400029	-0.120587	-0.900533	0.241439
0.900000	0.712269	0.447424	-0.406903	-0.119817	-0.902488	0.243055
0.920000	0.742716	0.444743	-0.412568	-0.118949	-0.904325	0.244779
0.940000	0.771869	0.439999	-0.417130	-0.117984	-0.906008	0.246617
0.960000	0.799579	0.433486	-0.420701	-0.116926	-0.907504	0.248577
0.980000	0.825701	0.425500	-0.423388	-0.115776	-0.908776	0.250666
1.000000	0.850088	0.416334	-0.425300	-0.114535	-0.909792	0.252892
1.020000	0.872593	0.406285	-0.426547	-0.113207	-0.910515	0.255261
1.040000	0.893070	0.395648	-0.427236	-0.111792	-0.910912	0.257782
1.060000	0.911371	0.384716	-0.427478	-0.110293	-0.910947	0.260460
1.080000	0.927361	0.373772	-0.427366	-0.108713	-0.910591	0.263304
1.100000	0.941005	0.362973	-0.426845	-0.107074	-0.909857	0.266305
1.120000	0.952322	0.352405	-0.425777	-0.105407	-0.908783	0.269453
1.140000	0.961335	0.342153	-0.424027	-0.103742	-0.907408	0.272734
1.160000	0.968065	0.332304	-0.421455	-0.102111	-0.905769	0.276135
1.180000	0.972532	0.322944	-0.417926	-0.100544	-0.903906	0.279644
1.200000	0.974759	0.314159	-0.413300	-0.099074	-0.901856	0.283249
1.220000	0.974765	0.306034	-0.407441	-0.097730	-0.899657	0.286936
1.240000	0.972573	0.298656	-0.400211	-0.096544	-0.897349	0.290692
1.260000	0.968203	0.292110	-0.391473	-0.095547	-0.894969	0.294506
1.280000	0.961678	0.286483	-0.381089	-0.094770	-0.892555	0.298364
1.300000	0.953017	0.281860	-0.368921	-0.094244	-0.890146	0.302255
1.320000	0.942243	0.278327	-0.354832	-0.093999	-0.887780	0.306164
1.340000	0.929376	0.275971	-0.338684	-0.094068	-0.885495	0.310079
1.360000	0.914438	0.274877	-0.320340	-0.094481	-0.883331	0.313989
1.380000	0.897455	0.275128	-0.299690	-0.095265	-0.881321	0.317879
1.400000	0.878522	0.276771	-0.276985	-0.096408	-0.879475	0.321730
1.420000	0.857784	0.279826	-0.252732	-0.097863	-0.877779	0.325517
1.440000	0.835385	0.284313	-0.227446	-0.099588	-0.876218	0.329217
1.460000	0.811471	0.290251	-0.201639	-0.101536	-0.874780	0.332805
1.480000	0.786186	0.297660	-0.175826	-0.103664	-0.873450	0.336256
1.500000	0.759675	0.306560	-0.150520	-0.105926	-0.872214	0.339546
1.520000	0.732085	0.316970	-0.126234	-0.108277	-0.871060	0.342651
1.540000	0.703559	0.328910	-0.103482	-0.110674	-0.869972	0.345545
1.560000	0.674244	0.342399	-0.082778	-0.113071	-0.868938	0.348206
1.580000	0.644283	0.357458	-0.064635	-0.115422	-0.867943	0.350608
1.600000	0.613822	0.374105	-0.049567	-0.117685	-0.866974	0.352728
1.620000	0.583007	0.392361	-0.038086	-0.119813	-0.866017	0.354540
1.640000	0.551981	0.412246	-0.030707	-0.121762	-0.865059	0.356020
1.660000	0.520892	0.433778	-0.027944	-0.123487	-0.864085	0.357144
1.680000	0.489882	0.456978	-0.030309	-0.124944	-0.863081	0.357887
1.700000	0.459099	0.481810	-0.038152	-0.126097	-0.862038	0.358236
1.720000	0.428694	0.507996	-0.051072	-0.126955	-0.860957	0.358223
1.740000	0.398818	0.535183	-0.068456	-0.127540	-0.859846	0.357895
1.760000	0.369625	0.563023	-0.089689	-0.127873	-0.858712	0.357299
1.780000	0.341266	0.591163	-0.114157	-0.127975	-0.857560	0.356480
1.800000	0.313894	0.619254	-0.141248	-0.127868	-0.856398	0.355486
1.820000	0.287661	0.646945	-0.170347	-0.127574	-0.855233	0.354362
1.840000	0.262720	0.673885	-0.200840	-0.127113	-0.854071	0.353155
1.860000	0.239222	0.699725	-0.232115	-0.126508	-0.852919	0.351912
1.880000	0.217320	0.724113	-0.263556	-0.125779	-0.851784	0.350679
1.900000	0.197167	0.746699	-0.294550	-0.124948	-0.850672	0.349502
1.920000	0.178915	0.767133	-0.324484	-0.124037	-0.849591	0.348428
1.940000	0.162715	0.785064	-0.352743	-0.123066	-0.848546	0.347504
1.960000	0.148721	0.800141	-0.378714	-0.122058	-0.847545	0.346775
1.980000	0.137085	0.812014	-0.401783	-0.121033	-0.846595	0.346288
2.000000	0.127958	0.820333	-0.421337	-0.120014	-0.845702	0.346091
2.020000	0.121494	0.824746	-0.436761	-0.119021	-0.844873	0.346228
2.040000	0.117683	0.825010	-0.447641	-0.118072	-0.844112	0.346727
2.060000	0.116070	0.821168	-0.454115	-0.117173	-0.843416	0.347564
2.080000	0.116123	0.813317	-0.456415	-0.116328	-0.842781	0.348701
2.100000	0.117308	0.801552	-0.454776	-0.115540	-0.842203	0.350105
2.120000	0.119093	0.785971	-0.449430	-0.114815	-0.841677	0.351740
2.140000	0.120945	0.766667	-0.440610	-0.114154	-0.841199	0.353572
2.160000	0.122331	0.743738	-0.428549	-0.113564	-0.840765	0.355565
2.180000	0.122719	0.717279	-0.413481	-0.113047	-0.840371	0.357684
2.200000	0.121576	0.687385	-0.395639	-0.112607	-0.840013	0.359894
2.220000	0.118369	0.654154	-0.375256	-0.112250	-0.839686	0.362160
2.240000	0.112565	0.617680	-0.352564	-0.111977	-0.839386	0.364447
2.260000	0.103631	0.578060	-0.327799	-0.111794	-0.839109	0.366720
2.280000	0.091036	0.535389	-0.301191	-0.111704	-0.838850	0.368944
2.300000	0.074246	0.489763	-0.272975	-0.111712	-0.838606	0.371084
2.320000	0.052728	0.441278	-0.243384	-0.111821	-0.838372	0.373104
2.340000	0.026094	0.390095	-0.212656	-0.112033	-0.838147	0.374975
2.360000	-0.005515	0.336617	-0.181049	-0.112338	-0.837941	0.376681
2.380000	-0.041836	0.281298	-0.148823	-0.112726	-0.837765	0.378213
2.400000	-0.082607	0.224595	-0.116242	-0.113185	-0.837631	0.379559
2.420000	-0.127565	0.166965	-0.083565	-0.113705	-0.837552	0.380709
2.440000	-0.176450	0.108864	-0.051055	-0.114273	-0.837540	0.381651
2.460000	-0.228998	0.050748	-0.018974	-0.114880	-0.837607	0.382377
2.480000	-0.284947	-0.006927	0.012417	-0.115514	-0.837764	0.382874
2.500000	-0.344035	-0.063705	0.042856	-0.116164	-0.838025	0.383132
2.520000	-0.405999	-0.119129	0.072082	-0.116818	-0.838400	0.383141
2.540000	-0.470578	-0.172743	0.099833	-0.117466	-0.838902	0.382890
2.560000	-0.537509	-0.224091	0.125848	-0.118097	-0.839543	0.382368
2.580000	-0.606529	-0.272717	0.149864	-0.118699	-0.840336	0.381565
2.600000	-0.677378	-0.318164	0.171621	-0.119261	-0.841291	0.380469
2.620000	-0.749791	-0.359976	0.190856	-0.119772	-0.842422	0.379071
2.640000	-0.823507	-0.397696	0.207308	-0.120221	-0.843740	0.377359
2.660000	-0.898265	-0.430870	0.220715	-0.120597	-0.845257	0.375323
2.680000	-0.973800	-0.459040	0.230816	-0.120889	-0.846985	0.372953
2.700000	-1.049852	-0.481750	0.237349	-0.121085	-0.848937	0.370237
2.720000	-1.126158	-0.498544	0.240052	-0.121175	-0.851125	0.367165
2.740000	-1.202456	-0.508965	0.238665	-0.121147	-0.853559	0.363727
2.760000	-1.278473	-0.512608	0.232955	-0.120992	-0.856251	0.359912
2.780000	-1.353763	-0.509984	0.223254	-0.120710	-0.859152	0.355745
2.800000	-1.427721	-0.502408	0.210383	-0.120314	-0.862167	0.351275
2.820000	-1.499741	-0.491221	0.195181	-0.119819	-0.865199	0.346552
2.840000	-1.569216	-0.477765	0.178487	-0.119237	-0.868150	0.341629
2.860000	-1.635536	-0.463381	0.161140	-0.118580	-0.870924	0.336555
2.880000	-1.698096	-0.449412	0.143977	-0.117864	-0.873423	0.331382
2.900000	-1.756287	-0.437200	0.127838	-0.117099	-0.875549	0.326161
2.920000	-1.809502	-0.428085	0.113562	-0.116300	-0.877206	0.320943
2.940000	-1.857132	-0.423409	0.101987	-0.115481	-0.878296	0.315778
2.960000	-1.898571	-0.424515	0.093951	-0.114653	-0.878722	0.310719
2.980000	-1.933233	-0.432687	0.090262	-0.113830	-0.878391	0.305813
3.000000	-1.960993	-0.448031	0.091080	-0.113026	-0.877316	0.301090
3.020000	-1.982161	-0.469538	0.095951	-0.112253	-0.875605	0.296554
3.040000	-1.997062	-0.496153	0.104398	-0.111524	-0.873374	0.292212
3.060000	-2.006026	-0.526823	0.115943	-0.110853	-0.870735	0.288068
3.080000	-2.009377	-0.560496	0.130109	-0.110252	-0.867802	0.284128
3.100000	-2.007444	-0.596117	0.146419	-0.109734	-0.864690	0.280396
3.120000	-2.000553	-0.632634	0.164395	-0.109313	-0.861511	0.276879
3.140000	-1.989030	-0.668993	0.183560	-0.109002	-0.858380	0.273581
3.160000	-1.973204	-0.704140	0.203436	-0.108813	-0.855410	0.270507
3.180000	-1.953400	-0.737023	0.223546	-0.108760	-0.852715	0.267662
3.200000	-1.929946	-0.766587	0.243413	-0.108855	-0.850409	0.265053
3.220000	-1.903169	-0.791780	0.262559	-0.109112	-0.848605	0.262683
3.240000	-1.873395	-0.811549	0.280507	-0.109544	-0.847418	0.260559
3.260000	-1.840952	-0.824839	0.296779	-0.110163	-0.846961	0.258685
3.280000	-1.806166	-0.830597	0.310898	-0.110983	-0.847347	0.257067
3.300000	-1.769364	-0.827771	0.322387	-0.112017	-0.848690	0.255709
3.320000	-1.730873	-0.815306	0.330768	-0.113277	-0.851105	0.254618
3.340000	-1.691020	-0.792150	0.335564	-0.114778	-0.854705	0.253798
3.360000	-1.650132	-0.757249	0.336298	-0.116531	-0.859604	0.253254
3.380000	-1.608550	-0.709790	0.332574	-0.118545	-0.865883	0.252986
3.400000	-1.566717	-0.650830	0.324635	-0.120788	-0.873382	0.252938
3.420000	-1.525126	-0.582302	0.313025	-0.123206	-0.881824	0.253035
3.440000	-1.484272	-0.506143	0.298286	-0.125750	-0.890932	0.253199
3.460000	-1.444646	-0.424289	0.280964	-0.128368	-0.900430	0.253350
3.480000	-1.406743	-0.338678	0.261602	-0.131007	-0.910040	0.253413
3.500000	-1.371055	-0.251247	0.240744	-0.133616	-0.919488	0.253308
3.520000	-1.338076	-0.163933	0.218934	-0.136144	-0.928494	0.252959
3.540000	-1.308300	-0.078672	0.196716	-0.138539	-0.936784	0.252288
3.560000	-1.282218	0.002597	0.174634	-0.140749	-0.944080	0.251216
3.580000	-1.260319	0.077954	0.153228	-0.142723	-0.950108	0.249667
3.600000	-1.242691	0.146336	0.132793	-0.144435	-0.954745	0.247612
3.620000	-1.228810	0.208012	0.113247	-0.145893	-0.958102	0.245098
3.640000	-1.218100	0.263363	0.094475	-0.147111	-0.960309	0.242177
3.660000	-1.209986	0.312768	0.076364	-0.148103	-0.961495	0.238902
3.680000	-1.203891	0.356609	0.058798	-0.148881	-0.961792	0.235324
3.700000	-1.199241	0.395267	0.041663	-0.149458	-0.961329	0.231498
3.720000	-1.195458	0.429122	0.024846	-0.149847	-0.960237	0.227474
3.740000	-1.191968	0.458555	0.008231	-0.150062	-0.958646	0.223307
3.760000	-1.188194	0.483947	-0.008296	-0.150115	-0.956686	0.219047
3.780000	-1.183560	0.505678	-0.024848	-0.150021	-0.954487	0.214749
3.800000	-1.177492	0.524129	-0.041541	-0.149791	-0.952179	0.210464
3.820000	-1.169411	0.539681	-0.058489	-0.149438	-0.949893	0.206244
3.840000	-1.158744	0.552715	-0.075806	-0.148977	-0.947759	0.202143
3.860000	-1.144914	0.563611	-0.093606	-0.148420	-0.945907	0.198213
3.880000	-1.127345	0.572750	-0.112004	-0.147780	-0.944467	0.194507
3.900000	-1.105461	0.580513	-0.131114	-0.147070	-0.943569	0.191077
3.920000	-1.078687	0.587281	-0.151051	-0.146303	-0.943345	0.187975
3.940000	-1.046616	0.593340	-0.171869	-0.145492	-0.943893	0.185244
3.960000	-1.009699	0.598507	-0.193323	-0.144643	-0.945162	0.182874
3.980000	-0.968663	0.602446	-0.215071	-0.143761	-0.947053	0.180841
4.000000	-0.924230	0.604822	-0.236772	-0.142851	-0.949466	0.179118
4.020000	-0.877127	0.605300	-0.258084	-0.141919	-0.952301	0.177681
4.040000	-0.828077	0.603545	-0.278666	-0.140969	-0.955458	0.176502
4.060000	-0.777805	0.599223	-0.298177	-0.140006	-0.958837	0.175557
4.080000	-0.727036	0.591998	-0.316275	-0.139036	-0.962338	0.174820
4.100000	-0.676494	0.581536	-0.332618	-0.138064	-0.965862	0.174265
4.120000	-0.626904	0.567501	-0.346866	-0.137095	-0.969309	0.173868
4.140000	-0.578990	0.549559	-0.358677	-0.136133	-0.972579	0.173601
4.160000	-0.533478	0.527374	-0.367709	-0.135185	-0.975573	0.173441
4.180000	-0.491091	0.500612	-0.373621	-0.134254	-0.978189	0.173360
4.200000	-0.452554	0.468938	-0.376072	-0.133347	-0.980329	0.173334
4.220000	-0.418593	0.432017	-0.374720	-0.132467	-0.981894	0.173336
4.240000	-0.389931	0.389513	-0.369224	-0.131621	-0.982782	0.173342
4.260000	-0.367230	0.341162	-0.359289	-0.130813	-0.982903	0.173326
4.280000	-0.350412	0.287516	-0.345155	-0.130044	-0.982271	0.173278
4.300000	-0.338927	0.229651	-0.327412	-0.129313	-0.980969	0.173195
4.320000	-0.332213	0.168654	-0.306651	-0.128618	-0.979078	0.173073
4.340000	-0.329709	0.105612	-0.283467	-0.127957	-0.976683	0.172912
4.360000	-0.330856	0.041611	-0.258453	-0.127330	-0.973865	0.172707
4.380000	-0.335093	-0.022263	-0.232202	-0.126734	-0.970707	0.172457
4.400000	-0.341860	-0.084923	-0.205309	-0.126169	-0.967293	0.172159
4.420000	-0.350596	-0.145284	-0.178366	-0.125633	-0.963705	0.171810
4.440000	-0.360740	-0.202258	-0.151966	-0.125124	-0.960027	0.171408
4.460000	-0.371733	-0.254760	-0.126704	-0.124640	-0.956340	0.170950
4.480000	-0.383014	-0.301702	-0.103173	-0.124181	-0.952729	0.170433
4.500000	-0.394023	-0.342000	-0.081966	-0.123746	-0.949275	0.169855
4.520000	-0.404198	-0.374565	-0.063677	-0.123331	-0.946062	0.169214
4.540000	-0.412980	-0.398313	-0.048899	-0.122937	-0.943172	0.168506
4.560000	-0.419809	-0.412156	-0.038225	-0.122561	-0.940689	0.167730
4.580000	-0.424215	-0.415360	-0.032084	-0.122203	-0.938676	0.166887
4.600000	-0.426101	-0.408624	-0.030226	-0.121867	-0.937119	0.165999
4.620000	-0.425468	-0.393015	-0.032231	-0.121556	-0.935982	0.165092
4.640000	-0.422315	-0.369598	-0.037675	-0.121274	-0.935232	0.164192
4.660000	-0.416639	-0.339440	-0.046140	-0.121026	-0.934833	0.163325
4.680000	-0.408441	-0.303606	-0.057201	-0.120816	-0.934750	0.162518
4.700000	-0.397718	-0.263162	-0.070439	-0.120648	-0.934950	0.161798
4.720000	-0.384472	-0.219174	-0.085432	-0.120527	-0.935398	0.161189
4.740000	-0.368699	-0.172709	-0.101758	-0.120455	-0.936058	0.160719
4.760000	-0.350400	-0.124831	-0.118996	-0.120439	-0.936897	0.160414
4.780000	-0.329574	-0.076608	-0.136724	-0.120481	-0.937879	0.160301
4.800000	-0.306218	-0.029105	-0.154521	-0.120586	-0.938971	0.160404
4.820000	-0.280334	0.016613	-0.171966	-0.120758	-0.940136	0.160751
4.840000	-0.251918	0.059479	-0.188637	-0.121001	-0.941341	0.161369
4.860000	-0.220972	0.098426	-0.204112	-0.121320	-0.942551	0.162282
4.880000	-0.187496	0.132398	-0.217973	-0.121718	-0.943732	0.163517
4.900000	-0.151683	0.160843	-0.229972	-0.122194	-0.944860	0.165076
4.920000	-0.114032	0.184025	-0.240137	-0.122737	-0.945932	0.166919
4.940000	-0.075069	0.202282	-0.248520	-0.123333	-0.946946	0.169005
4.960000	-0.035322	0.215952	-0.255174	-0.123973	-0.947900	0.171290
4.980000	0.004683	0.225373	-0.260152	-0.124642	-0.948791	0.173732
5.000000	0.044420	0.230883	-0.263505	-0.125330	-0.949617	0.176290
5.020000	0.083361	0.232820	-0.265288	-0.126024	-0.950377	0.178921
5.040000	0.120980	0.231522	-0.265552	-0.126712	-0.951068	0.181582
5.060000	0.156751	0.227326	-0.264349	-0.127382	-0.951688	0.184231
5.080000	0.190146	0.220572	-0.261733	-0.128021	-0.952234	0.186826
5.100000	0.220640	0.211596	-0.257756	-0.128619	-0.952706	0.189324
5.120000	0.247705	0.200738	-0.252471	-0.129163	-0.953100	0.191684
5.140000	0.270815	0.188333	-0.245929	-0.129640	-0.953414	0.193862
5.160000	0.289442	0.174722	-0.238185	-0.130039	-0.953647	0.195817
5.180000	0.303062	0.160241	-0.229289	-0.130347	-0.953796	0.197505
5.200000	0.311146	0.145229	-0.219296	-0.130553	-0.953859	0.198886
5.220000	0.313190	0.130019	-0.208262	-0.130645	-0.953834	0.199918
5.240000	0.309229	0.114853	-0.196385	-0.130624	-0.953728	0.200595
5.260000	0.299857	0.099872	-0.184005	-0.130503	-0.953552	0.200951
5.280000	0.285697	0.085216	-0.171470	-0.130297	-0.953321	0.201020
5.300000	0.267368	0.071023	-0.159125	-0.130021	-0.953049	0.200836
5.320000	0.245494	0.057430	-0.147319	-0.129688	-0.952750	0.200432
5.340000	0.220694	0.044576	-0.136399	-0.129314	-0.952436	0.199844
5.360000	0.193590	0.032601	-0.126711	-0.128912	-0.952123	0.199105
5.380000	0.164803	0.021641	-0.118604	-0.128497	-0.951823	0.198250
5.400000	0.134955	0.011835	-0.112423	-0.128083	-0.951550	0.197312
5.420000	0.104667	0.003322	-0.108516	-0.127686	-0.951318	0.196327
5.440000	0.074560	-0.003760	-0.107230	-0.127318	-0.951141	0.195328
5.460000	0.045255	-0.009273	-0.108913	-0.126994	-0.951033	0.194349
5.480000	0.017374	-0.013078	-0.113911	-0.126730	-0.951007	0.193424
