0.000000	7.364493	3.892418	2.170787	-0.002723	0.301975	-0.246210
0.020000	7.192569	4.010497	2.089502	0.019120	0.295606	-0.247330
0.040000	7.026631	4.144571	2.000317	0.043764	0.278317	-0.247150
0.060000	6.868883	4.291514	1.908582	0.071239	0.249226	-0.245435
0.080000	6.721525	4.448201	1.819651	0.101577	0.207451	-0.241951
0.100000	6.586760	4.611510	1.738876	0.134809	0.152109	-0.236465
0.120000	6.466789	4.778315	1.671610	0.170966	0.082320	-0.228743
0.140000	6.363815	4.945491	1.623206	0.210079	-0.002799	-0.218550
0.160000	6.280039	5.109914	1.599016	0.252179	-0.104129	-0.205653
0.180000	6.217664	5.268461	1.604392	0.297296	-0.222553	-0.189817
0.200000	6.178269	5.418083	1.643917	0.345404	-0.358577	-0.170847
0.220000	6.158194	5.556387	1.715682	0.395969	-0.509549	-0.148866
0.240000	6.151153	5.681305	1.814524	0.448210	-0.671234	-0.124159
0.260000	6.150838	5.790774	1.935252	0.501342	-0.839384	-0.097010
0.280000	6.150942	5.882729	2.072680	0.554580	-1.009750	-0.067705
0.300000	6.145157	5.955106	2.221618	0.607140	-1.178085	-0.036530
0.320000	6.127177	6.005839	2.376878	0.658236	-1.340140	-0.003770
0.340000	6.090695	6.032866	2.533272	0.707083	-1.491669	0.030291
0.360000	6.029404	6.034121	2.685611	0.752898	-1.628424	0.065366
0.380000	5.936996	6.007540	2.828706	0.794895	-1.746155	0.101171
0.400000	5.807164	5.951059	2.957370	0.832289	-1.840617	0.137419
0.420000	5.633601	5.862613	3.066414	0.864296	-1.907560	0.173826
0.440000	5.410000	5.740138	3.150649	0.890130	-1.942737	0.210107
0.460000	5.130054	5.581569	3.204888	0.909008	-1.941900	0.245976
0.480000	4.787457	5.384842	3.223940	0.920145	-1.900801	0.281147
0.500000	4.375900	5.147894	3.202619	0.922754	-1.815192	0.315336
0.520000	3.889521	4.868868	3.135921	0.916095	-1.681072	0.348260
0.540000	3.332424	4.550614	3.023013	0.900347	-1.499941	0.379689
0.560000	2.718531	4.200614	2.867166	0.876606	-1.278723	0.409447
0.580000	2.062181	3.826546	2.671827	0.846006	-1.024570	0.437361
0.600000	1.377713	3.436089	2.440443	0.809678	-0.744637	0.463256
0.620000	0.679463	3.036922	2.176460	0.768757	-0.446076	0.486960
0.640000	-0.018228	2.636722	1.883324	0.724375	-0.136041	0.508297
0.660000	-0.701024	2.243169	1.564482	0.677665	0.178316	0.527095
0.680000	-1.354584	1.863940	1.223379	0.629760	0.489841	0.543178
0.700000	-1.964572	1.506715	0.863463	0.581795	0.791380	0.556375
0.720000	-2.516648	1.179172	0.488180	0.534900	1.075781	0.566510
0.740000	-2.996475	0.888988	0.100976	0.490211	1.335891	0.573409
0.760000	-3.389713	0.643844	-0.294702	0.448859	1.564556	0.576900
