0.000000	4.305500	-2.399698	-7.744421	0.546760	-1.230388	0.227931
0.020000	4.393245	-2.816245	-7.835896	0.448302	-1.375232	0.214702
0.040000	4.394657	-3.142524	-7.836355	0.357965	-1.475973	0.198188
0.060000	4.311416	-3.370909	-7.744878	0.276654	-1.530770	0.178467
0.080000	4.155670	-3.505752	-7.570323	0.204013	-1.543712	0.155884
0.100000	3.940328	-3.552274	-7.322254	0.139590	-1.519318	0.130801
0.120000	3.678298	-3.515697	-7.010238	0.082937	-1.462108	0.103582
0.140000	3.382488	-3.401243	-6.643841	0.033602	-1.376601	0.074592
0.160000	3.065807	-3.214134	-6.232631	-0.008865	-1.267316	0.044193
0.180000	2.741163	-2.959591	-5.786172	-0.044913	-1.138772	0.012750
0.200000	2.421464	-2.642836	-5.314031	-0.074992	-0.995489	-0.019374
0.220000	2.119618	-2.269092	-4.825774	-0.099554	-0.841986	-0.051816
0.240000	1.848535	-1.843579	-4.330969	-0.119047	-0.682782	-0.084210
0.260000	1.621121	-1.371520	-3.839180	-0.133923	-0.522397	-0.116195
0.280000	1.450286	-0.858136	-3.359974	-0.144630	-0.365349	-0.147406
0.300000	1.348938	-0.308649	-2.902918	-0.151620	-0.216159	-0.177480
0.320000	1.329986	0.271719	-2.477577	-0.155343	-0.079345	-0.206053
0.340000	1.406228	0.877733	-2.093467	-0.156246	0.040596	-0.232762
0.360000	1.581002	1.503070	-1.755674	-0.154694	0.141083	-0.257359
0.380000	1.840976	2.139480	-1.461477	-0.150897	0.222913	-0.279793
0.400000	2.171117	2.778521	-1.207363	-0.145050	0.287228	-0.300037
0.420000	2.556396	3.411750	-0.989817	-0.137347	0.335168	-0.318059
0.440000	2.981781	4.030723	-0.805325	-0.127985	0.367875	-0.333831
0.460000	3.432241	4.626997	-0.650373	-0.117157	0.386490	-0.347324
0.480000	3.892746	5.192129	-0.521446	-0.105060	0.392154	-0.358509
0.500000	4.348264	5.717677	-0.415031	-0.091887	0.386008	-0.367355
0.520000	4.783765	6.195195	-0.327612	-0.077835	0.369193	-0.373834
0.540000	5.184219	6.616242	-0.255677	-0.063098	0.342851	-0.377917
0.560000	5.534594	6.972374	-0.195709	-0.047872	0.308122	-0.379574
0.580000	5.819859	7.255148	-0.144196	-0.032351	0.266147	-0.378775
0.600000	6.024984	7.456121	-0.097623	-0.016730	0.218069	-0.375492
0.620000	6.134937	7.566849	-0.052475	-0.001205	0.165026	-0.369696
0.640000	6.134688	7.578889	-0.005238	0.014030	0.108162	-0.361356
0.660000	6.009207	7.483799	0.047601	0.028779	0.048617	-0.350444
0.680000	5.748788	7.276983	0.108677	0.042977	-0.012646	-0.336984
0.700000	5.363096	6.967844	0.177421	0.057025	-0.075306	-0.321196
0.720000	4.866201	6.568965	0.252537	0.071432	-0.139193	-0.303346
0.740000	4.272169	6.092929	0.332729	0.086709	-0.204133	-0.283697
0.760000	3.595068	5.552320	0.416701	0.103363	-0.269954	-0.262515
0.780000	2.848967	4.959722	0.503156	0.121903	-0.336484	-0.240065
0.800000	2.047933	4.327716	0.590799	0.142839	-0.403551	-0.216611
0.820000	1.206033	3.668887	0.678333	0.166680	-0.470981	-0.192417
0.840000	0.337336	2.995818	0.764462	0.193934	-0.538602	-0.167749
0.860000	-0.544091	2.321093	0.847891	0.225111	-0.606243	-0.142872
