0.000000	2.911658	1.446521	1.174441	-0.052939	0.392487	-0.405842
0.020000	2.309535	0.863322	1.028572	-0.079011	0.405669	-0.409991
0.040000	1.691515	0.313437	0.851257	-0.102619	0.405971	-0.413509
0.060000	1.068098	-0.189440	0.651773	-0.123075	0.393283	-0.416348
0.080000	0.449781	-0.631617	0.439396	-0.139686	0.367490	-0.418455
0.100000	-0.152936	-0.999401	0.223400	-0.151763	0.328483	-0.419781
0.120000	-0.729553	-1.279098	0.013062	-0.158615	0.276148	-0.420275
0.140000	-1.269573	-1.457016	-0.182343	-0.159551	0.210374	-0.419887
0.160000	-1.762496	-1.519461	-0.353539	-0.153881	0.131049	-0.418567
0.180000	-2.197823	-1.452742	-0.491250	-0.140914	0.038060	-0.416265
0.200000	-2.565055	-1.243164	-0.586200	-0.119959	-0.068705	-0.412930
0.220000	-2.856132	-0.882579	-0.631027	-0.090517	-0.188786	-0.408534
0.240000	-3.073433	-0.386575	-0.626564	-0.052906	-0.319287	-0.403143
0.260000	-3.222129	0.222908	-0.575834	-0.007666	-0.456654	-0.396849
0.280000	-3.307394	0.923930	-0.481862	0.044665	-0.597336	-0.389744
0.300000	-3.334400	1.694549	-0.347672	0.103551	-0.737781	-0.381919
0.320000	-3.308320	2.512825	-0.176289	0.168452	-0.874437	-0.373466
0.340000	-3.234326	3.356817	0.029263	0.238831	-1.003752	-0.364478
0.360000	-3.117591	4.204586	0.265959	0.314149	-1.122174	-0.355045
0.380000	-2.963288	5.034190	0.530775	0.393869	-1.226152	-0.345259
0.400000	-2.776590	5.823690	0.820687	0.477452	-1.312132	-0.335212
0.420000	-2.562669	6.551143	1.132669	0.564360	-1.376565	-0.324997
0.440000	-2.326697	7.194611	1.463698	0.654056	-1.415896	-0.314703
0.460000	-2.073847	7.732152	1.810749	0.746000	-1.426576	-0.304424
0.480000	-1.809293	8.141825	2.170798	0.839656	-1.405051	-0.294251
0.500000	-1.538206	8.401691	2.540820	0.934484	-1.347769	-0.284275
0.520000	-1.265759	8.489808	2.917790	1.029947	-1.251180	-0.274589
0.540000	-0.996895	8.387012	3.298323	1.125466	-1.112365	-0.265277
0.560000	-0.734358	8.100561	3.675591	1.220080	-0.934452	-0.256357
0.580000	-0.479681	7.652351	4.040859	1.312614	-0.723913	-0.247811
0.600000	-0.234379	7.064431	4.385371	1.401893	-0.487258	-0.239620
0.620000	0.000030	6.358851	4.700373	1.486739	-0.230997	-0.231765
0.640000	0.222028	5.557660	4.977109	1.565976	0.038361	-0.224227
0.660000	0.430099	4.682908	5.206826	1.638428	0.314308	-0.216988
0.680000	0.622725	3.756644	5.380767	1.702919	0.590334	-0.210028
0.700000	0.798390	2.800918	5.490178	1.758271	0.859930	-0.203328
0.720000	0.955575	1.837780	5.526304	1.803309	1.116586	-0.196870
0.740000	1.092764	0.889280	5.480389	1.836856	1.353793	-0.190634
0.760000	1.208440	-0.022534	5.343680	1.857736	1.565043	-0.184602
0.780000	1.301085	-0.875611	5.107420	1.864772	1.743826	-0.178755
0.800000	1.369181	-1.647901	4.762856	1.856788	1.883632	-0.173074
