0.000000	-5.749104	1.686557	0.434263	0.746358	1.919935	0.268816
0.020000	-6.307611	1.184411	0.120268	0.788884	1.987871	0.275416
0.040000	-6.773642	0.754111	-0.229594	0.838733	1.999230	0.276801
0.060000	-7.132037	0.405526	-0.615650	0.896038	1.949739	0.272676
0.080000	-7.382844	0.135335	-1.030272	0.959341	1.844428	0.263403
0.100000	-7.529450	-0.062678	-1.464085	1.026834	1.690368	0.249487
0.120000	-7.575246	-0.194732	-1.907713	1.096712	1.494631	0.231433
0.140000	-7.523617	-0.267044	-2.351781	1.167168	1.264290	0.209748
0.160000	-7.377954	-0.285831	-2.786913	1.236393	1.006417	0.184936
0.180000	-7.141644	-0.257311	-3.203735	1.302582	0.728084	0.157502
0.200000	-6.818075	-0.187702	-3.592869	1.363927	0.436363	0.127953
0.220000	-6.410636	-0.083221	-3.944942	1.418622	0.138327	0.096793
0.240000	-5.922715	0.049915	-4.250577	1.464860	-0.158953	0.064528
0.260000	-5.357700	0.205488	-4.500399	1.500833	-0.448404	0.031663
0.280000	-4.718980	0.377280	-4.685033	1.524735	-0.722953	-0.001296
0.300000	-4.009943	0.559074	-4.795102	1.534758	-0.975529	-0.033844
0.320000	-3.233976	0.744653	-4.821232	1.529097	-1.199060	-0.065476
0.340000	-2.394469	0.927798	-4.754048	1.505944	-1.386473	-0.095685
0.360000	-1.494810	1.102293	-4.584173	1.463492	-1.530695	-0.123968
0.380000	-0.539453	1.262357	-4.304136	1.400299	-1.625610	-0.149866
0.400000	0.458984	1.405551	-3.921041	1.317715	-1.672395	-0.173294
0.420000	1.484113	1.530982	-3.448729	1.218381	-1.675606	-0.194338
0.440000	2.519523	1.637765	-2.901073	1.104945	-1.639811	-0.213085
0.460000	3.548805	1.725016	-2.291951	0.980054	-1.569584	-0.229622
0.480000	4.555549	1.791849	-1.635238	0.846357	-1.469494	-0.244034
0.500000	5.523346	1.837378	-0.944809	0.706500	-1.344113	-0.256409
0.520000	6.435786	1.860720	-0.234541	0.563132	-1.198012	-0.266834
0.540000	7.276460	1.860989	0.481692	0.418900	-1.035762	-0.275395
0.560000	8.028957	1.837300	1.190014	0.276452	-0.861935	-0.282179
0.580000	8.676869	1.788768	1.876548	0.138435	-0.681101	-0.287273
0.600000	9.203786	1.714508	2.527419	0.007498	-0.497831	-0.290763
0.620000	9.593298	1.613635	3.128752	-0.113712	-0.316696	-0.292736
0.640000	9.828996	1.485263	3.666671	-0.222548	-0.142269	-0.293279
0.660000	9.894469	1.328509	4.127300	-0.316361	0.020881	-0.292479
0.680000	9.773309	1.142487	4.496763	-0.392504	0.168182	-0.290422
0.700000	9.450207	0.926588	4.761772	-0.448439	0.295197	-0.287196
0.720000	8.931429	0.685641	4.920542	-0.483782	0.400097	-0.282888
0.740000	8.242930	0.429432	4.981785	-0.500110	0.483437	-0.277590
0.760000	7.411384	0.167930	4.954597	-0.499076	0.545859	-0.271393
0.780000	6.463466	-0.088899	4.848074	-0.482329	0.588004	-0.264387
0.800000	5.425850	-0.331085	4.671312	-0.451522	0.610515	-0.256664
0.820000	4.325212	-0.548661	4.433407	-0.408304	0.614032	-0.248315
