0.000000	-0.133995	-1.856515	-4.028577	0.266085	-1.544149	0.309828
0.020000	-0.016688	-1.868471	-4.086277	0.202534	-1.461133	0.292209
0.040000	0.090764	-1.766889	-4.104181	0.148120	-1.367680	0.270361
0.060000	0.186955	-1.566732	-4.084636	0.102183	-1.265343	0.244717
0.080000	0.270414	-1.284225	-4.030248	0.063970	-1.155756	0.215735
0.100000	0.339673	-0.935598	-3.943619	0.032732	-1.040554	0.183874
0.120000	0.393262	-0.537075	-3.827352	0.007717	-0.921371	0.149593
0.140000	0.429711	-0.104885	-3.684051	-0.011825	-0.799841	0.113350
0.160000	0.447552	0.344746	-3.516319	-0.026646	-0.677599	0.075606
0.180000	0.445315	0.795590	-3.326760	-0.037496	-0.556280	0.036818
0.200000	0.421532	1.231421	-3.117977	-0.045127	-0.437517	-0.002555
0.220000	0.374732	1.636012	-2.892574	-0.050288	-0.322947	-0.042053
0.240000	0.303446	1.993136	-2.653153	-0.053732	-0.214202	-0.081218
0.260000	0.206206	2.286565	-2.402319	-0.056209	-0.112917	-0.119591
0.280000	0.081542	2.500073	-2.142674	-0.058469	-0.020728	-0.156713
0.300000	-0.072016	2.617433	-1.876822	-0.061265	0.060732	-0.192125
0.320000	-0.255913	2.622536	-1.607364	-0.065341	0.129837	-0.225370
0.340000	-0.469732	2.508871	-1.336659	-0.071072	0.185755	-0.256145
0.360000	-0.709855	2.286422	-1.066658	-0.078188	0.229013	-0.284415
0.380000	-0.972346	1.966798	-0.799268	-0.086358	0.260270	-0.310167
0.400000	-1.253269	1.561612	-0.536397	-0.095250	0.280189	-0.333391
0.420000	-1.548689	1.082473	-0.279953	-0.104531	0.289430	-0.354077
0.440000	-1.854671	0.540993	-0.031845	-0.113869	0.288654	-0.372214
0.460000	-2.167279	-0.051217	0.206019	-0.122934	0.278523	-0.387790
0.480000	-2.482578	-0.682546	0.431731	-0.131392	0.259696	-0.400796
0.500000	-2.796633	-1.341385	0.643383	-0.138913	0.232836	-0.411220
0.520000	-3.105508	-2.016121	0.839067	-0.145163	0.198602	-0.419051
0.540000	-3.405267	-2.695143	1.016874	-0.149811	0.157657	-0.424280
0.560000	-3.691977	-3.366842	1.174897	-0.152526	0.110661	-0.426894
0.580000	-3.961700	-4.019606	1.311227	-0.152974	0.058275	-0.426884
0.600000	-4.210502	-4.641824	1.423956	-0.150825	0.001160	-0.424239
0.620000	-4.434448	-5.221885	1.511176	-0.145746	-0.060023	-0.418947
0.640000	-4.629601	-5.748179	1.570978	-0.137406	-0.124612	-0.410998
0.660000	-4.792027	-6.209094	1.601455	-0.125472	-0.191948	-0.400382
0.680000	-4.918861	-6.594545	1.601251	-0.109650	-0.261415	-0.387114
0.700000	-5.013399	-6.903220	1.572185	-0.089872	-0.332666	-0.371365
0.720000	-5.081135	-7.136942	1.517214	-0.066145	-0.405449	-0.353361
0.740000	-5.127566	-7.297534	1.439291	-0.038478	-0.479511	-0.333328
0.760000	-5.158190	-7.386821	1.341374	-0.006880	-0.554600	-0.311491
