0.000000	2.347382	-0.317203	1.344324	-0.091764	-0.059844	-0.203936
0.020000	1.619608	-0.160906	0.896836	-0.055468	-0.113702	-0.202330
0.040000	0.922591	-0.004725	0.447018	-0.012007	-0.172257	-0.200645
0.060000	0.275558	0.148424	0.007206	0.038271	-0.234730	-0.198699
0.080000	-0.302263	0.295623	-0.410261	0.095015	-0.300342	-0.196311
0.100000	-0.791643	0.433955	-0.793046	0.157876	-0.368316	-0.193303
0.120000	-1.173354	0.560503	-1.128813	0.226506	-0.437871	-0.189491
0.140000	-1.430678	0.672570	-1.406485	0.300512	-0.508279	-0.184727
0.160000	-1.567440	0.769275	-1.625321	0.379161	-0.579222	-0.179098
0.180000	-1.597510	0.850621	-1.789631	0.461552	-0.650583	-0.172812
0.200000	-1.534825	0.916617	-1.903757	0.546781	-0.722244	-0.166078
0.220000	-1.393322	0.967274	-1.972043	0.633945	-0.794091	-0.159102
0.240000	-1.186941	1.002601	-1.998835	0.722142	-0.866006	-0.152094
0.260000	-0.929618	1.022607	-1.988475	0.810469	-0.937875	-0.145261
0.280000	-0.635292	1.027304	-1.945309	0.898023	-1.009579	-0.138812
0.300000	-0.317901	1.016700	-1.873678	0.983901	-1.081004	-0.132953
0.320000	0.008618	0.990805	-1.777929	1.067201	-1.152033	-0.127894
0.340000	0.330327	0.949629	-1.662404	1.147020	-1.222550	-0.123842
0.360000	0.633288	0.893182	-1.531447	1.222454	-1.292438	-0.121006
0.380000	0.903563	0.821473	-1.389403	1.292601	-1.361582	-0.119593
0.400000	1.127214	0.734513	-1.240616	1.356559	-1.429866	-0.119811
0.420000	1.290303	0.632310	-1.089429	1.413424	-1.497172	-0.121868
0.440000	1.378896	0.514876	-0.940185	1.462294	-1.563385	-0.125973
0.460000	1.384742	0.383172	-0.796676	1.502496	-1.628187	-0.132225
0.480000	1.316710	0.241022	-0.661023	1.534056	-1.690647	-0.140398
0.500000	1.186881	0.092789	-0.535037	1.557127	-1.749725	-0.150203
0.520000	1.007337	-0.057165	-0.420526	1.571864	-1.804375	-0.161355
0.540000	0.790159	-0.204476	-0.319300	1.578421	-1.853555	-0.173565
0.560000	0.547427	-0.344784	-0.233169	1.576953	-1.896222	-0.186545
0.580000	0.291224	-0.473725	-0.163943	1.567614	-1.931333	-0.200008
0.600000	0.033630	-0.586938	-0.113431	1.550559	-1.957845	-0.213667
0.620000	-0.213273	-0.680058	-0.083442	1.525941	-1.974714	-0.227235
0.640000	-0.437405	-0.748726	-0.075787	1.493916	-1.980898	-0.240422
0.660000	-0.626683	-0.788577	-0.092275	1.454639	-1.975354	-0.252943
0.680000	-0.769027	-0.795249	-0.134715	1.408262	-1.957037	-0.264510
0.700000	-0.852356	-0.764381	-0.204918	1.354942	-1.924906	-0.274834
0.720000	-0.864587	-0.691609	-0.304692	1.294832	-1.877917	-0.283630
0.740000	-0.793641	-0.572572	-0.435848	1.228086	-1.815027	-0.290608
0.760000	-0.627797	-0.403036	-0.600074	1.154872	-1.735236	-0.295490
0.780000	-0.367718	-0.183203	-0.794935	1.075751	-1.639011	-0.298272
0.800000	-0.029265	0.081281	-1.012934	0.991777	-1.528621	-0.299292
0.820000	0.370774	0.384440	-1.246265	0.904030	-1.406446	-0.298906
0.840000	0.815610	0.720294	-1.487120	0.813592	-1.274865	-0.297471
0.860000	1.288453	1.082867	-1.727693	0.721544	-1.136256	-0.295346
0.880000	1.772515	1.466181	-1.960176	0.628968	-0.993000	-0.292886
