0.000000	-4.834729	-6.270744	1.261900	0.379274	-0.980428	-0.010062
0.020000	-4.734999	-5.985250	0.980079	0.428773	-1.055159	0.014025
0.040000	-4.620619	-5.685008	0.696817	0.480468	-1.131720	0.036287
0.060000	-4.490859	-5.375417	0.416134	0.534346	-1.210249	0.056554
0.080000	-4.343762	-5.062739	0.140023	0.589768	-1.290057	0.074869
0.100000	-4.176906	-4.753566	-0.130298	0.645857	-1.370147	0.091356
0.120000	-3.987865	-4.454494	-0.393610	0.701737	-1.449518	0.106141
0.140000	-3.774218	-4.172115	-0.648696	0.756530	-1.527169	0.119348
0.160000	-3.533538	-3.913023	-0.894337	0.809360	-1.602101	0.131103
0.180000	-3.263403	-3.683812	-1.129317	0.859349	-1.673313	0.141531
0.200000	-2.961388	-3.491075	-1.352417	0.905619	-1.739805	0.150757
0.220000	-2.625070	-3.341407	-1.562419	0.947294	-1.800577	0.158906
0.240000	-2.252024	-3.241400	-1.758106	0.983497	-1.854629	0.166103
0.260000	-1.839826	-3.197649	-1.938260	1.013350	-1.900959	0.172473
0.280000	-1.386053	-3.216747	-2.101663	1.035977	-1.938569	0.178142
0.300000	-0.888280	-3.305288	-2.247097	1.050500	-1.966458	0.183234
0.320000	-0.344084	-3.469866	-2.373345	1.056042	-1.983625	0.187875
0.340000	0.248959	-3.717074	-2.479188	1.051726	-1.989071	0.192189
0.360000	0.893261	-4.053483	-2.563414	1.036676	-1.981798	0.196302
0.380000	1.587650	-4.479571	-2.625941	1.010548	-1.961366	0.200263
0.400000	2.322591	-4.981581	-2.669337	0.974233	-1.928642	0.203946
0.420000	3.087357	-5.543730	-2.696545	0.928799	-1.884681	0.207198
0.440000	3.871220	-6.150232	-2.710511	0.875313	-1.830536	0.209869
0.460000	4.663452	-6.785303	-2.714177	0.814844	-1.767260	0.211807
0.480000	5.453326	-7.433157	-2.710488	0.748460	-1.695908	0.212859
0.500000	6.230114	-8.078011	-2.702389	0.677228	-1.617532	0.212875
0.520000	6.983087	-8.704078	-2.692824	0.602218	-1.533186	0.211703
0.540000	7.701518	-9.295574	-2.684736	0.524496	-1.443923	0.209191
0.560000	8.374681	-9.836715	-2.681069	0.445130	-1.350798	0.205189
0.580000	8.991846	-10.311715	-2.684769	0.365190	-1.254864	0.199543
0.600000	9.542285	-10.704790	-2.698779	0.285742	-1.157174	0.192103
0.620000	10.015273	-11.000155	-2.726043	0.207854	-1.058782	0.182716
0.640000	10.400079	-11.182024	-2.769506	0.132595	-0.960741	0.171232
0.660000	10.685978	-11.234614	-2.832111	0.061033	-0.864106	0.157499
0.680000	10.862241	-11.142139	-2.916803	-0.005765	-0.769929	0.141365
0.700000	10.920541	-10.893167	-3.025263	-0.066903	-0.679132	0.122730
0.720000	10.864418	-10.497775	-3.152929	-0.122341	-0.591991	0.101751
0.740000	10.701072	-9.972674	-3.293316	-0.172300	-0.508579	0.078660
0.760000	10.437701	-9.334574	-3.439937	-0.217004	-0.428969	0.053693
0.780000	10.081507	-8.600190	-3.586305	-0.256676	-0.353236	0.027084
0.800000	9.639688	-7.786233	-3.725934	-0.291537	-0.281454	-0.000932
0.820000	9.119446	-6.909414	-3.852337	-0.321810	-0.213696	-0.030122
