0.000000	4.931666	-5.716893	-8.623310	0.020134	-1.036049	0.110807
0.020000	4.983512	-5.095052	-8.601031	-0.014469	-1.060488	0.097509
0.040000	4.888919	-4.417397	-8.454040	-0.043954	-1.052909	0.080163
0.060000	4.666692	-3.695271	-8.194284	-0.068687	-1.017128	0.059312
0.080000	4.335634	-2.940017	-7.833706	-0.089039	-0.956962	0.035497
0.100000	3.914547	-2.162976	-7.384250	-0.105375	-0.876227	0.009260
0.120000	3.422236	-1.375492	-6.857861	-0.118065	-0.778741	-0.018857
0.140000	2.877503	-0.588906	-6.266483	-0.127477	-0.668320	-0.048311
0.160000	2.299151	0.185438	-5.622061	-0.133978	-0.548780	-0.078562
0.180000	1.705985	0.936199	-4.936539	-0.137937	-0.423939	-0.109067
0.200000	1.116806	1.652034	-4.221862	-0.139722	-0.297613	-0.139284
0.220000	0.550419	2.321601	-3.489973	-0.139701	-0.173618	-0.168671
0.240000	0.025627	2.933556	-2.752817	-0.138242	-0.055772	-0.196687
0.260000	-0.438768	3.476559	-2.022339	-0.135712	0.052109	-0.222790
0.280000	-0.823962	3.939266	-1.310483	-0.132481	0.146208	-0.246437
0.300000	-1.111909	4.310719	-0.628927	-0.128904	0.222842	-0.267105
0.320000	-1.299111	4.587334	0.015756	-0.125100	0.280880	-0.284594
0.340000	-1.395190	4.772177	0.621599	-0.120975	0.321496	-0.299001
0.360000	-1.410234	4.868552	1.186801	-0.116428	0.345945	-0.310435
0.380000	-1.354335	4.879764	1.709558	-0.111357	0.355483	-0.319002
0.400000	-1.237582	4.809115	2.188068	-0.105661	0.351365	-0.324809
0.420000	-1.070064	4.659910	2.620528	-0.099238	0.334845	-0.327963
0.440000	-0.861873	4.435454	3.005137	-0.091987	0.307181	-0.328572
0.460000	-0.623098	4.139049	3.340090	-0.083806	0.269627	-0.326744
0.480000	-0.363829	3.774000	3.623587	-0.074594	0.223438	-0.322584
0.500000	-0.094155	3.343611	3.853825	-0.064249	0.169870	-0.316202
0.520000	0.175833	2.851185	4.029000	-0.052670	0.110179	-0.307703
0.540000	0.436045	2.300027	4.147312	-0.039754	0.045619	-0.297195
0.560000	0.676391	1.693441	4.206956	-0.025402	-0.022554	-0.284785
0.580000	0.886781	1.034731	4.206131	-0.009510	-0.093084	-0.270581
0.600000	1.057126	0.327200	4.143034	0.008022	-0.164716	-0.254690
0.620000	1.178526	-0.425129	4.017073	0.027299	-0.236321	-0.237217
0.640000	1.249230	-1.213928	3.834914	0.048442	-0.307521	-0.218258
0.660000	1.270141	-2.029266	3.605919	0.071576	-0.378222	-0.197904
0.680000	1.242167	-2.861213	3.339456	0.096831	-0.448327	-0.176246
0.700000	1.166213	-3.699837	3.044891	0.124331	-0.517741	-0.153377
0.720000	1.043186	-4.535206	2.731591	0.154204	-0.586367	-0.129387
0.740000	0.873995	-5.357389	2.408922	0.186578	-0.654111	-0.104369
