0.000000	0.587574	-4.627561	-1.231116	-0.054975	-0.283637	-0.025825
0.020000	0.915060	-4.303659	-1.223701	-0.109424	-0.200930	-0.041746
0.040000	1.213617	-3.890187	-1.193557	-0.156274	-0.126816	-0.058814
0.060000	1.478598	-3.400874	-1.140889	-0.195826	-0.061075	-0.076806
0.080000	1.705353	-2.849452	-1.065900	-0.228383	-0.003483	-0.095495
0.100000	1.889237	-2.249650	-0.968793	-0.254247	0.046180	-0.114657
0.120000	2.025600	-1.615199	-0.849772	-0.273721	0.088139	-0.134066
0.140000	2.109794	-0.959828	-0.709040	-0.287106	0.122613	-0.153497
0.160000	2.137173	-0.297269	-0.546800	-0.294705	0.149826	-0.172725
0.180000	2.103088	0.358749	-0.363257	-0.296820	0.170000	-0.191524
0.200000	2.002891	0.994496	-0.158612	-0.293753	0.183355	-0.209670
0.220000	1.831934	1.596241	0.066930	-0.285806	0.190116	-0.226937
0.240000	1.585570	2.150254	0.313166	-0.273282	0.190503	-0.243099
0.260000	1.259150	2.642805	0.579892	-0.256483	0.184739	-0.257933
0.280000	0.848027	3.060164	0.866906	-0.235710	0.173046	-0.271212
0.300000	0.347552	3.388600	1.174004	-0.211267	0.155646	-0.282711
0.320000	-0.246082	3.615278	1.500813	-0.183455	0.132758	-0.292216
0.340000	-0.924825	3.739994	1.844589	-0.152582	0.104565	-0.299650
0.360000	-1.671839	3.771911	2.200823	-0.118956	0.071223	-0.305044
0.380000	-2.470079	3.720407	2.564968	-0.082887	0.032887	-0.308428
0.400000	-3.302498	3.594864	2.932476	-0.044685	-0.010287	-0.309834
0.420000	-4.152051	3.404662	3.298797	-0.004659	-0.058146	-0.309294
0.440000	-5.001692	3.159182	3.659384	0.036880	-0.110533	-0.306838
0.460000	-5.834376	2.867806	4.009689	0.079624	-0.167293	-0.302500
0.480000	-6.633058	2.539912	4.345163	0.123264	-0.228272	-0.296309
0.500000	-7.380692	2.184883	4.661258	0.167488	-0.293314	-0.288298
0.520000	-8.060231	1.812098	4.953426	0.211988	-0.362264	-0.278498
0.540000	-8.654632	1.430939	5.217119	0.256455	-0.434967	-0.266940
0.560000	-9.146848	1.050786	5.447787	0.300578	-0.511268	-0.253657
0.580000	-9.519833	0.681019	5.640884	0.344048	-0.591012	-0.238678
0.600000	-9.756542	0.331021	5.791861	0.386556	-0.674043	-0.222037
0.620000	-9.839930	0.010170	5.896168	0.427791	-0.760207	-0.203764
0.640000	-9.757608	-0.273502	5.949843	0.467488	-0.849240	-0.183941
0.660000	-9.519430	-0.518410	5.951703	0.505582	-0.940357	-0.162884
0.680000	-9.141882	-0.724893	5.901399	0.542072	-1.032622	-0.140984
0.700000	-8.641451	-0.893287	5.798581	0.576955	-1.125095	-0.118626
0.720000	-8.034623	-1.023931	5.642898	0.610228	-1.216837	-0.096201
0.740000	-7.337886	-1.117163	5.434001	0.641889	-1.306911	-0.074096
0.760000	-6.567726	-1.173320	5.171540	0.671936	-1.394378	-0.052699
0.780000	-5.740630	-1.192740	4.855164	0.700365	-1.478300	-0.032399
0.800000	-4.873085	-1.175762	4.484524	0.727175	-1.557738	-0.013584
0.820000	-3.981578	-1.122723	4.059270	0.752363	-1.631753	0.003358
0.840000	-3.082595	-1.033960	3.579051	0.775927	-1.699408	0.018038
0.860000	-2.192624	-0.909813	3.043519	0.797864	-1.759763	0.030069
