0.000000	1.184669	-3.125988	-7.543931	0.049020	-1.157345	0.134569
0.020000	1.347280	-2.827618	-7.683263	0.002708	-1.070484	0.106586
0.040000	1.465111	-2.483952	-7.773465	-0.034796	-0.979674	0.076081
0.060000	1.543027	-2.102812	-7.814633	-0.064300	-0.885887	0.043506
0.080000	1.585890	-1.692022	-7.806864	-0.086613	-0.790094	0.009311
0.100000	1.598567	-1.259405	-7.750257	-0.102543	-0.693267	-0.026054
0.120000	1.585920	-0.812786	-7.644907	-0.112899	-0.596377	-0.062139
0.140000	1.552813	-0.359988	-7.490913	-0.118489	-0.500394	-0.098493
0.160000	1.504112	0.091165	-7.288371	-0.120122	-0.406292	-0.134667
0.180000	1.444679	0.532851	-7.037379	-0.118606	-0.315040	-0.170209
0.200000	1.379380	0.957244	-6.738033	-0.114750	-0.227611	-0.204669
0.220000	1.313079	1.356522	-6.390431	-0.109363	-0.144975	-0.237598
0.240000	1.250639	1.722861	-5.994670	-0.103252	-0.068104	-0.268545
0.260000	1.196925	2.048438	-5.550846	-0.097226	0.002031	-0.297059
0.280000	1.156801	2.325428	-5.059058	-0.092094	0.064458	-0.322691
0.300000	1.135120	2.546017	-4.519411	-0.088663	0.118207	-0.344990
0.320000	1.133545	2.705067	-3.934541	-0.087412	0.162553	-0.363687
0.340000	1.146143	2.803808	-3.313105	-0.088032	0.197357	-0.378938
0.360000	1.165874	2.844402	-2.664642	-0.090104	0.222566	-0.390962
0.380000	1.185697	2.829007	-1.998687	-0.093207	0.238127	-0.399979
0.400000	1.198573	2.759785	-1.324777	-0.096920	0.243984	-0.406207
0.420000	1.197460	2.638895	-0.652449	-0.100821	0.240085	-0.409865
0.440000	1.175319	2.468498	0.008761	-0.104491	0.226376	-0.411174
0.460000	1.125110	2.250752	0.649316	-0.107507	0.202804	-0.410351
0.480000	1.039793	1.987819	1.259679	-0.109450	0.169314	-0.407616
0.500000	0.912326	1.681858	1.830315	-0.109898	0.125853	-0.403189
0.520000	0.735671	1.335030	2.351687	-0.108430	0.072367	-0.397287
0.540000	0.502786	0.949494	2.814257	-0.104626	0.008803	-0.390130
0.560000	0.206633	0.527410	3.208490	-0.098065	-0.064892	-0.381938
0.580000	-0.159831	0.070939	3.524849	-0.088325	-0.148774	-0.372929
0.600000	-0.603644	-0.417760	3.753797	-0.074986	-0.242895	-0.363323
0.620000	-1.131439	-0.936422	3.886226	-0.057640	-0.347239	-0.353334
0.640000	-1.740631	-1.480417	3.922709	-0.036174	-0.460199	-0.343074
0.660000	-2.419496	-2.042772	3.873418	-0.010765	-0.578593	-0.332556
0.680000	-3.155918	-2.616413	3.748935	0.018396	-0.699171	-0.321784
0.700000	-3.937783	-3.194266	3.559843	0.051118	-0.818685	-0.310768
0.720000	-4.752976	-3.769258	3.316723	0.087211	-0.933883	-0.299513
0.740000	-5.589381	-4.334313	3.030157	0.126484	-1.041516	-0.288026
0.760000	-6.434885	-4.882359	2.710728	0.168746	-1.138335	-0.276315
0.780000	-7.277372	-5.406321	2.369018	0.213807	-1.221091	-0.264386
