0.000000	5.099000	0.161523	4.349205	-0.164342	0.410524	-0.292248
0.020000	4.904559	0.248858	4.168858	-0.156338	0.420978	-0.320303
0.040000	4.680531	0.342973	3.965307	-0.144074	0.425950	-0.347626
0.060000	4.430096	0.451871	3.749482	-0.127408	0.425247	-0.373568
0.080000	4.156435	0.583557	3.532313	-0.106198	0.418674	-0.397484
0.100000	3.862726	0.746038	3.324728	-0.080302	0.406039	-0.418726
0.120000	3.552150	0.947317	3.137659	-0.049578	0.387148	-0.436649
0.140000	3.227887	1.195399	2.982034	-0.013884	0.361807	-0.450605
0.160000	2.893115	1.498290	2.868783	0.026922	0.329825	-0.459948
0.180000	2.551016	1.863959	2.808803	0.072980	0.291007	-0.464033
0.200000	2.204791	2.294487	2.807411	0.124123	0.245346	-0.462544
0.220000	1.857689	2.779446	2.858079	0.179529	0.193222	-0.455859
0.240000	1.512965	3.306808	2.952762	0.238294	0.135064	-0.444447
0.260000	1.173874	3.864547	3.083416	0.299514	0.071305	-0.428776
0.280000	0.843671	4.440635	3.241998	0.362284	0.002373	-0.409314
0.300000	0.525611	5.023047	3.420464	0.425698	-0.071302	-0.386530
0.320000	0.222949	5.599756	3.610770	0.488854	-0.149288	-0.360891
0.340000	-0.061059	6.158734	3.804872	0.550845	-0.231155	-0.332865
0.360000	-0.323160	6.687955	3.994726	0.610768	-0.316473	-0.302922
0.380000	-0.560097	7.175392	4.172289	0.667718	-0.404813	-0.271529
0.400000	-0.768617	7.609018	4.329517	0.720790	-0.495743	-0.239155
0.420000	-0.945463	7.976807	4.458365	0.769080	-0.588833	-0.206267
0.440000	-1.087381	8.266731	4.550791	0.811683	-0.683653	-0.173333
0.460000	-1.191116	8.466764	4.598751	0.847694	-0.779774	-0.140823
0.480000	-1.253413	8.564879	4.594200	0.876210	-0.876763	-0.109204
0.500000	-1.271228	8.549683	4.529420	0.896368	-0.974180	-0.078933
0.520000	-1.245498	8.421739	4.402835	0.908130	-1.071361	-0.050247
0.540000	-1.180706	8.192261	4.218337	0.912186	-1.167447	-0.023192
0.560000	-1.081460	7.872836	3.980012	0.909254	-1.261570	0.002197
0.580000	-0.952367	7.475050	3.691945	0.900052	-1.352863	0.025883
0.600000	-0.798036	7.010491	3.358221	0.885296	-1.440459	0.047829
0.620000	-0.623073	6.490745	2.982924	0.865703	-1.523491	0.067997
0.640000	-0.432087	5.927399	2.570141	0.841992	-1.601092	0.086352
0.660000	-0.229685	5.332040	2.123956	0.814879	-1.672396	0.102856
0.680000	-0.020475	4.716255	1.648454	0.785081	-1.736534	0.117473
0.700000	0.190937	4.091630	1.147720	0.753316	-1.792640	0.130165
0.720000	0.399941	3.469753	0.625840	0.720302	-1.839848	0.140896
0.740000	0.601931	2.862210	0.086898	0.686754	-1.877290	0.149628
