0.000000	-0.439156	0.846681	2.206205	0.646804	1.974474	0.216733
0.020000	-0.186805	0.793537	1.662676	0.678742	1.999983	0.224932
0.040000	0.069508	0.803130	1.061270	0.712228	1.971544	0.226488
0.060000	0.329123	0.872824	0.411233	0.746711	1.893192	0.221861
0.080000	0.591844	0.998142	-0.276100	0.781534	1.770898	0.211736
0.100000	0.857477	1.174606	-0.989393	0.816037	1.610628	0.196798
0.120000	1.125827	1.397739	-1.717313	0.849562	1.418350	0.177731
0.140000	1.396699	1.663063	-2.448525	0.881451	1.200033	0.155219
0.160000	1.669898	1.966101	-3.171692	0.911044	0.961645	0.129947
0.180000	1.945228	2.302373	-3.875480	0.937683	0.709154	0.102599
0.200000	2.222496	2.667404	-4.548555	0.960709	0.448527	0.073859
0.220000	2.501505	3.056715	-5.179581	0.979465	0.185734	0.044413
0.240000	2.782062	3.465829	-5.757223	0.993291	-0.073259	0.014944
0.260000	3.063970	3.890267	-6.270147	1.001528	-0.322483	-0.013863
0.280000	3.347035	4.325553	-6.707017	1.003519	-0.555971	-0.041323
0.300000	3.631063	4.767209	-7.056498	0.998604	-0.767753	-0.066752
0.320000	3.915857	5.210756	-7.307256	0.986124	-0.951862	-0.089466
0.340000	4.201224	5.651718	-7.447955	0.965422	-1.102330	-0.108781
0.360000	4.486961	6.085612	-7.467284	0.935841	-1.213200	-0.124012
0.380000	4.771115	6.506763	-7.360219	0.897221	-1.281264	-0.134800
0.400000	5.047611	6.906690	-7.136516	0.850573	-1.309785	-0.141543
0.420000	5.309784	7.276509	-6.808056	0.797078	-1.302955	-0.144749
0.440000	5.550967	7.607336	-6.386720	0.737913	-1.264965	-0.144927
0.460000	5.764495	7.890288	-5.884387	0.674258	-1.200008	-0.142583
0.480000	5.943702	8.116480	-5.312938	0.607292	-1.112273	-0.138226
0.500000	6.081921	8.277029	-4.684253	0.538194	-1.005953	-0.132363
0.520000	6.172487	8.363050	-4.010212	0.468144	-0.885240	-0.125502
0.540000	6.208734	8.365661	-3.302694	0.398321	-0.754324	-0.118151
0.560000	6.183996	8.275976	-2.573581	0.329903	-0.617398	-0.110818
0.580000	6.091607	8.085113	-1.834753	0.264070	-0.478652	-0.104010
0.600000	5.924901	7.784188	-1.098089	0.202001	-0.342278	-0.098236
0.620000	5.677212	7.364316	-0.375470	0.144875	-0.212468	-0.094002
0.640000	5.341874	6.816613	0.321225	0.093872	-0.093413	-0.091818
0.660000	4.912225	6.132201	0.980115	0.050170	0.010696	-0.092190
0.680000	4.386698	5.309909	1.591469	0.014607	0.096695	-0.095432
0.700000	3.779393	4.372267	2.152152	-0.013026	0.164581	-0.101264
0.720000	3.107413	3.346342	2.660293	-0.033141	0.214952	-0.109289
0.740000	2.387858	2.259201	3.114022	-0.046147	0.248409	-0.119112
