0.000000	-0.261667	0.256803	-0.312047	-0.356986	-0.684872	0.410112
0.020000	-0.266828	0.308291	-0.323704	-0.359935	-0.686168	0.413477
0.040000	-0.265874	0.365214	-0.339594	-0.363121	-0.687779	0.417171
0.060000	-0.259529	0.426790	-0.360090	-0.366452	-0.689671	0.421122
0.080000	-0.248519	0.492234	-0.385563	-0.369832	-0.691810	0.425260
0.100000	-0.233568	0.560763	-0.416388	-0.373168	-0.694162	0.429515
0.120000	-0.215403	0.631593	-0.452938	-0.376367	-0.696693	0.433815
0.140000	-0.194747	0.703942	-0.495585	-0.379333	-0.699368	0.438090
0.160000	-0.172326	0.777025	-0.544702	-0.381973	-0.702154	0.442270
0.180000	-0.148865	0.850058	-0.600664	-0.384194	-0.705016	0.446284
0.200000	-0.125089	0.922259	-0.663843	-0.385900	-0.707920	0.450060
0.220000	-0.101705	0.992830	-0.734542	-0.387003	-0.710833	0.453532
0.240000	-0.079081	1.060713	-0.811800	-0.387488	-0.713732	0.456676
0.260000	-0.057291	1.124626	-0.893544	-0.387405	-0.716606	0.459510
0.280000	-0.036396	1.183277	-0.977666	-0.386807	-0.719445	0.462053
0.300000	-0.016460	1.235376	-1.062057	-0.385746	-0.722236	0.464324
0.320000	0.002454	1.279631	-1.144608	-0.384277	-0.724969	0.466342
0.340000	0.020285	1.314751	-1.223210	-0.382451	-0.727633	0.468125
0.360000	0.036968	1.339445	-1.295755	-0.380322	-0.730217	0.469693
0.380000	0.052442	1.352422	-1.360133	-0.377942	-0.732709	0.471064
0.400000	0.066643	1.352391	-1.414236	-0.375365	-0.735098	0.472257
0.420000	0.079508	1.338061	-1.455955	-0.372643	-0.737373	0.473292
0.440000	0.090976	1.308141	-1.483180	-0.369829	-0.739523	0.474187
0.460000	0.100983	1.261339	-1.493803	-0.366976	-0.741537	0.474961
0.480000	0.109466	1.196366	-1.485716	-0.364137	-0.743403	0.475633
0.500000	0.116363	1.111928	-1.456808	-0.361365	-0.745111	0.476222
0.520000	0.121611	1.006736	-1.404972	-0.358712	-0.746650	0.476746
0.540000	0.125185	0.879982	-1.328666	-0.356228	-0.748009	0.477222
0.560000	0.127282	0.733655	-1.229636	-0.353931	-0.749181	0.477646
0.580000	0.128176	0.570751	-1.110808	-0.351833	-0.750164	0.478007
0.600000	0.128143	0.394268	-0.975112	-0.349943	-0.750952	0.478297
0.620000	0.127459	0.207202	-0.825476	-0.348272	-0.751541	0.478505
0.640000	0.126399	0.012551	-0.664828	-0.346831	-0.751928	0.478620
0.660000	0.125239	-0.186689	-0.496098	-0.345629	-0.752107	0.478634
0.680000	0.124254	-0.387521	-0.322214	-0.344676	-0.752075	0.478534
0.700000	0.123720	-0.586947	-0.146104	-0.343984	-0.751827	0.478313
0.720000	0.123912	-0.781971	0.029303	-0.343562	-0.751359	0.477959
0.740000	0.125105	-0.969595	0.201079	-0.343420	-0.750667	0.477462
0.760000	0.127576	-1.146823	0.366294	-0.343569	-0.749746	0.476813
0.780000	0.131600	-1.310657	0.522020	-0.344020	-0.748592	0.476001
0.800000	0.137452	-1.458101	0.665329	-0.344781	-0.747201	0.475016
0.820000	0.145408	-1.586158	0.793291	-0.345864	-0.745569	0.473849
0.840000	0.155742	-1.691829	0.902979	-0.347280	-0.743691	0.472488
0.860000	0.168672	-1.772310	0.991648	-0.349035	-0.741565	0.470926
0.880000	0.183583	-1.827390	1.059058	-0.351115	-0.739215	0.469169
0.900000	0.199268	-1.858740	1.106785	-0.353484	-0.736684	0.467236
0.920000	0.214504	-1.868072	1.136443	-0.356109	-0.734015	0.465147
0.940000	0.228067	-1.857096	1.149647	-0.358955	-0.731250	0.462921
0.960000	0.238735	-1.827525	1.148011	-0.361987	-0.728434	0.460576
0.980000	0.245286	-1.781071	1.133152	-0.365170	-0.725609	0.458133
1.000000	0.246497	-1.719445	1.106683	-0.368471	-0.722819	0.455610
1.020000	0.241144	-1.644359	1.070219	-0.371854	-0.720107	0.453027
1.040000	0.228006	-1.557525	1.025376	-0.375285	-0.717516	0.450402
1.060000	0.205859	-1.460654	0.973768	-0.378729	-0.715089	0.447755
1.080000	0.173481	-1.355458	0.917010	-0.382152	-0.712870	0.445105
1.100000	0.129649	-1.243650	0.856716	-0.385519	-0.710901	0.442471
1.120000	0.073140	-1.126940	0.794503	-0.388796	-0.709226	0.439873
1.140000	0.002732	-1.007041	0.731984	-0.391948	-0.707889	0.437330
1.160000	-0.082798	-0.885664	0.670774	-0.394940	-0.706931	0.434860
1.180000	-0.184636	-0.764512	0.612472	-0.397738	-0.706397	0.432483
1.200000	-0.302232	-0.644838	0.557909	-0.400320	-0.706296	0.430215
1.220000	-0.432594	-0.527267	0.506835	-0.402682	-0.706595	0.428066
