0.000000	-1.771554	-0.410046	1.239243	-0.390093	-0.758804	0.379710
0.020000	-1.757650	-0.455083	1.218606	-0.391860	-0.760759	0.378478
0.040000	-1.746004	-0.505334	1.186249	-0.393371	-0.761333	0.376781
0.060000	-1.735907	-0.559323	1.143962	-0.394640	-0.760698	0.374709
0.080000	-1.726647	-0.615577	1.093536	-0.395677	-0.759023	0.372356
0.100000	-1.717515	-0.672620	1.036761	-0.396494	-0.756480	0.369814
0.120000	-1.707798	-0.728978	0.975428	-0.397102	-0.753238	0.367176
0.140000	-1.696787	-0.783175	0.911326	-0.397512	-0.749468	0.364532
0.160000	-1.683772	-0.833738	0.846247	-0.397736	-0.745342	0.361976
0.180000	-1.668041	-0.879191	0.781980	-0.397786	-0.741029	0.359600
0.200000	-1.648884	-0.918059	0.720317	-0.397672	-0.736699	0.357495
0.220000	-1.625590	-0.948868	0.663048	-0.397406	-0.732524	0.355755
0.240000	-1.597450	-0.970142	0.611963	-0.397000	-0.728674	0.354471
0.260000	-1.563771	-0.980450	0.568804	-0.396464	-0.725316	0.353734
0.280000	-1.524392	-0.979511	0.533986	-0.395820	-0.722524	0.353561
0.300000	-1.479729	-0.968305	0.506471	-0.395096	-0.720267	0.353894
0.320000	-1.430229	-0.947879	0.485148	-0.394321	-0.718513	0.354671
0.340000	-1.376339	-0.919278	0.468903	-0.393526	-0.717225	0.355829
0.360000	-1.318507	-0.883548	0.456624	-0.392740	-0.716371	0.357305
0.380000	-1.257177	-0.841736	0.447199	-0.391991	-0.715915	0.359036
0.400000	-1.192798	-0.794887	0.439516	-0.391311	-0.715823	0.360960
0.420000	-1.125816	-0.744047	0.432462	-0.390728	-0.716060	0.363014
0.440000	-1.056678	-0.690261	0.424924	-0.390272	-0.716593	0.365135
0.460000	-0.985830	-0.634576	0.415791	-0.389973	-0.717386	0.367262
0.480000	-0.913720	-0.578038	0.403950	-0.389859	-0.718405	0.369330
0.500000	-0.840793	-0.521691	0.388289	-0.389962	-0.719616	0.371277
0.520000	-0.767497	-0.466583	0.367695	-0.390309	-0.720985	0.373042
0.540000	-0.694279	-0.413758	0.341056	-0.390931	-0.722476	0.374560
0.560000	-0.621585	-0.364264	0.307260	-0.391857	-0.724055	0.375769
0.580000	-0.549861	-0.319143	0.265198	-0.393117	-0.725689	0.376608
0.600000	-0.479368	-0.279075	0.214427	-0.394718	-0.727347	0.377046
0.620000	-0.409967	-0.243950	0.155945	-0.396619	-0.729012	0.377125
0.640000	-0.341467	-0.213555	0.090941	-0.398773	-0.730667	0.376898
0.660000	-0.273677	-0.187679	0.020601	-0.401134	-0.732295	0.376417
0.680000	-0.206406	-0.166108	-0.053888	-0.403653	-0.733879	0.375732
0.700000	-0.139462	-0.148629	-0.131338	-0.406285	-0.735404	0.374896
0.720000	-0.072654	-0.135030	-0.210563	-0.408981	-0.736851	0.373961
0.740000	-0.005792	-0.125097	-0.290376	-0.411696	-0.738204	0.372978
0.760000	0.061317	-0.118619	-0.369589	-0.414382	-0.739448	0.371998
0.780000	0.128862	-0.115383	-0.447016	-0.416992	-0.740564	0.371075
0.800000	0.197035	-0.115175	-0.521468	-0.419479	-0.741536	0.370258
0.820000	0.266028	-0.117784	-0.591760	-0.421796	-0.742348	0.369601
0.840000	0.336032	-0.122996	-0.656704	-0.423897	-0.742983	0.369155
0.860000	0.407237	-0.130598	-0.715113	-0.425733	-0.743424	0.368971
0.880000	0.479834	-0.140379	-0.765800	-0.427258	-0.743654	0.369102
0.900000	0.554016	-0.152125	-0.807578	-0.428425	-0.743658	0.369598
0.920000	0.629639	-0.165469	-0.839679	-0.429196	-0.743425	0.370499
0.940000	0.705043	-0.179343	-0.863241	-0.429574	-0.742987	0.371780
0.960000	0.778134	-0.192479	-0.879948	-0.429572	-0.742385	0.373399
0.980000	0.846818	-0.203609	-0.891480	-0.429204	-0.741659	0.375314
1.000000	0.909004	-0.211464	-0.899521	-0.428484	-0.740850	0.377484
1.020000	0.962598	-0.214778	-0.905751	-0.427427	-0.739998	0.379867
1.040000	1.005507	-0.212281	-0.911853	-0.426046	-0.739146	0.382420
1.060000	1.035637	-0.202706	-0.919509	-0.424356	-0.738334	0.385103
1.080000	1.050896	-0.184784	-0.930400	-0.422370	-0.737602	0.387873
1.100000	1.049191	-0.157248	-0.946210	-0.420102	-0.736992	0.390688
1.120000	1.028427	-0.118830	-0.968618	-0.417567	-0.736544	0.393507
1.140000	0.986513	-0.068261	-0.999308	-0.414778	-0.736299	0.396288
1.160000	0.921355	-0.004274	-1.039962	-0.411749	-0.736299	0.398989
1.180000	0.830860	0.074400	-1.092261	-0.408494	-0.736583	0.401568
1.200000	0.712935	0.169029	-1.157888	-0.405028	-0.737194	0.403983
1.220000	0.566218	0.280380	-1.238013	-0.401367	-0.738164	0.406198
1.240000	0.393760	0.406200	-1.330718	-0.397545	-0.739480	0.408203
1.260000	0.200266	0.543105	-1.432932	-0.393600	-0.741110	0.410002
1.280000	-0.009559	0.687709	-1.541581	-0.389573	-0.743025	0.411596
1.300000	-0.231009	0.836627	-1.653591	-0.385504	-0.745193	0.412988
1.320000	-0.459379	0.986473	-1.765888	-0.381432	-0.747584	0.414180
1.340000	-0.689963	1.133863	-1.875398	-0.377396	-0.750167	0.415174
1.360000	-0.918054	1.275410	-1.979048	-0.373437	-0.752911	0.415972
1.380000	-1.138948	1.407729	-2.073763	-0.369594	-0.755785	0.416578
1.400000	-1.347939	1.527435	-2.156471	-0.365906	-0.758759	0.416992
1.420000	-1.540320	1.631142	-2.224096	-0.362413	-0.761801	0.417218
1.440000	-1.711386	1.715465	-2.273566	-0.359156	-0.764881	0.417257
1.460000	-1.856432	1.777018	-2.301806	-0.356173	-0.767969	0.417113
1.480000	-1.970751	1.812416	-2.305742	-0.353504	-0.771032	0.416786
1.500000	-2.049638	1.818273	-2.282301	-0.351189	-0.774042	0.416280
