0.000000	1.929605	0.060569	-0.104006	-0.311135	-0.664090	0.376109
0.020000	2.019968	-0.181730	0.081898	-0.307218	-0.659381	0.370135
0.040000	2.076687	-0.418026	0.252548	-0.304663	-0.655580	0.366705
0.060000	2.094894	-0.645023	0.404666	-0.303665	-0.652927	0.366317
0.080000	2.070191	-0.859527	0.535232	-0.304399	-0.651642	0.369417
0.100000	2.003591	-1.059536	0.644142	-0.306817	-0.651686	0.375868
0.120000	1.899572	-1.243811	0.733171	-0.310733	-0.652854	0.385159
0.140000	1.762672	-1.411125	0.804120	-0.315955	-0.654942	0.396771
0.160000	1.597429	-1.560252	0.858792	-0.322292	-0.657742	0.410185
0.180000	1.408377	-1.689967	0.898990	-0.329554	-0.661048	0.424883
0.200000	1.200056	-1.799041	0.926518	-0.337549	-0.664655	0.440348
0.220000	0.977001	-1.886249	0.943177	-0.346088	-0.668356	0.456059
0.240000	0.743750	-1.950366	0.950771	-0.354980	-0.671945	0.471500
0.260000	0.504839	-1.990163	0.951103	-0.364033	-0.675216	0.486152
0.280000	0.264806	-2.004415	0.945975	-0.373058	-0.677963	0.499496
0.300000	0.028187	-1.991896	0.937191	-0.381863	-0.679978	0.511014
0.320000	-0.200481	-1.951380	0.926553	-0.390257	-0.681057	0.520188
0.340000	-0.416660	-1.881639	0.915863	-0.398051	-0.680994	0.526499
0.360000	-0.615814	-1.781447	0.906926	-0.405053	-0.679581	0.529430
0.380000	-0.793406	-1.649579	0.901544	-0.411073	-0.676612	0.528461
0.400000	-0.944975	-1.484881	0.901470	-0.415923	-0.671888	0.523088
0.420000	-1.068772	-1.288812	0.906699	-0.419546	-0.665415	0.513280
0.440000	-1.166434	-1.066097	0.915033	-0.422051	-0.657455	0.499602
0.460000	-1.239812	-0.821664	0.924131	-0.423552	-0.648289	0.482653
0.480000	-1.290756	-0.560440	0.931655	-0.424168	-0.638196	0.463034
0.500000	-1.321118	-0.287356	0.935267	-0.424014	-0.627456	0.441347
0.520000	-1.332747	-0.007339	0.932629	-0.423208	-0.616350	0.418191
0.540000	-1.327495	0.274682	0.921401	-0.421865	-0.605157	0.394167
0.560000	-1.307212	0.553778	0.899246	-0.420103	-0.594156	0.369877
0.580000	-1.273749	0.825020	0.863823	-0.418039	-0.583628	0.345920
0.600000	-1.228957	1.083481	0.812796	-0.415790	-0.573852	0.322897
0.620000	-1.174686	1.324231	0.743826	-0.413471	-0.565109	0.301409
0.640000	-1.112786	1.542342	0.654573	-0.411200	-0.557678	0.282057
0.660000	-1.045109	1.732885	0.542700	-0.409094	-0.551838	0.265441
0.680000	-0.973505	1.890932	0.405868	-0.407268	-0.547870	0.252161
0.700000	-0.899817	2.011598	0.241780	-0.405840	-0.546051	0.242815
0.720000	-0.825363	2.092931	0.050892	-0.404870	-0.546484	0.237666
0.740000	-0.750623	2.137659	-0.161944	-0.404329	-0.548996	0.236451
0.760000	-0.676000	2.148928	-0.391481	-0.404181	-0.553386	0.238861
0.780000	-0.601900	2.129888	-0.632474	-0.404392	-0.559457	0.244585
0.800000	-0.528728	2.083686	-0.879676	-0.404924	-0.567009	0.253312
0.820000	-0.456888	2.013469	-1.127840	-0.405742	-0.575844	0.264733
0.840000	-0.386785	1.922386	-1.371721	-0.406811	-0.585761	0.278537
0.860000	-0.318823	1.813583	-1.606072	-0.408093	-0.596563	0.294414
0.880000	-0.253408	1.690209	-1.825648	-0.409553	-0.608051	0.312053
0.900000	-0.190943	1.555411	-2.025202	-0.411156	-0.620025	0.331144
0.920000	-0.131833	1.412337	-2.199487	-0.412865	-0.632286	0.351378
0.940000	-0.076484	1.264135	-2.343257	-0.414645	-0.644636	0.372443
0.960000	-0.025299	1.113952	-2.451267	-0.416459	-0.656875	0.394029
0.980000	0.021316	0.964937	-2.518270	-0.418271	-0.668805	0.415826
1.000000	0.062958	0.820237	-2.539020	-0.420046	-0.680226	0.437524
1.020000	0.099200	0.682795	-2.508740	-0.421752	-0.690948	0.458822
1.040000	0.129359	0.553025	-2.428499	-0.423405	-0.700888	0.479541
