0.000000	-0.239799	-1.015819	0.509201	-0.391628	-0.647850	0.408419
0.020000	-0.221642	-0.944022	0.513537	-0.391813	-0.645977	0.407052
0.040000	-0.213482	-0.877147	0.525443	-0.392258	-0.644680	0.406207
0.060000	-0.217301	-0.817989	0.546209	-0.392996	-0.644052	0.405952
0.080000	-0.233373	-0.767603	0.575829	-0.394032	-0.644106	0.406290
0.100000	-0.260328	-0.725379	0.613046	-0.395348	-0.644772	0.407164
0.120000	-0.296729	-0.690638	0.656550	-0.396924	-0.645979	0.408512
0.140000	-0.341139	-0.662698	0.705034	-0.398743	-0.647655	0.410271
0.160000	-0.392123	-0.640882	0.757188	-0.400785	-0.649727	0.412381
0.180000	-0.448243	-0.624510	0.811705	-0.403030	-0.652124	0.414780
0.200000	-0.508064	-0.612902	0.867277	-0.405460	-0.654775	0.417406
0.220000	-0.570148	-0.605378	0.922594	-0.408055	-0.657606	0.420198
0.240000	-0.633059	-0.601259	0.976349	-0.410796	-0.660546	0.423095
0.260000	-0.695360	-0.599867	1.027233	-0.413665	-0.663523	0.426035
0.280000	-0.755615	-0.600520	1.073937	-0.416643	-0.666465	0.428957
0.300000	-0.812388	-0.602540	1.115155	-0.419709	-0.669300	0.431798
0.320000	-0.864242	-0.605248	1.149576	-0.422845	-0.671956	0.434499
0.340000	-0.909739	-0.607963	1.175892	-0.426033	-0.674362	0.436996
0.360000	-0.947445	-0.610007	1.192796	-0.429252	-0.676444	0.439229
0.380000	-0.975928	-0.610701	1.198985	-0.432483	-0.678133	0.441137
0.400000	-0.994477	-0.609593	1.193836	-0.435706	-0.679385	0.442684
0.420000	-1.003738	-0.606651	1.178005	-0.438894	-0.680216	0.443887
0.440000	-1.004503	-0.601890	1.152291	-0.442020	-0.680647	0.444766
0.460000	-0.997567	-0.595326	1.117491	-0.445058	-0.680698	0.445344
0.480000	-0.983725	-0.586974	1.074405	-0.447979	-0.680391	0.445642
0.500000	-0.963771	-0.576849	1.023831	-0.450759	-0.679748	0.445680
0.520000	-0.938499	-0.564967	0.966568	-0.453370	-0.678788	0.445481
0.540000	-0.908704	-0.551343	0.903413	-0.455784	-0.677533	0.445066
0.560000	-0.875179	-0.535993	0.835165	-0.457977	-0.676004	0.444455
0.580000	-0.838719	-0.518932	0.762622	-0.459920	-0.674223	0.443671
0.600000	-0.800119	-0.500174	0.686583	-0.461586	-0.672210	0.442735
0.620000	-0.760172	-0.479737	0.607847	-0.462950	-0.669986	0.441667
0.640000	-0.719673	-0.457634	0.527211	-0.463985	-0.667572	0.440490
0.660000	-0.679416	-0.433882	0.445474	-0.464662	-0.664990	0.439224
0.680000	-0.640196	-0.408496	0.363435	-0.464957	-0.662260	0.437892
0.700000	-0.602807	-0.381490	0.281892	-0.464842	-0.659404	0.436514
0.720000	-0.567825	-0.352867	0.201514	-0.464302	-0.656451	0.435115
0.740000	-0.534974	-0.322572	0.122465	-0.463372	-0.653465	0.433731
0.760000	-0.503768	-0.290537	0.044784	-0.462097	-0.650519	0.432401
0.780000	-0.473722	-0.256693	-0.031487	-0.460524	-0.647683	0.431166
0.800000	-0.444348	-0.220973	-0.106309	-0.458699	-0.645031	0.430065
0.820000	-0.415163	-0.183308	-0.179643	-0.456667	-0.642635	0.429136
0.840000	-0.385680	-0.143631	-0.251448	-0.454475	-0.640566	0.428420
0.860000	-0.355413	-0.101873	-0.321685	-0.452167	-0.638897	0.427956
0.880000	-0.323876	-0.057967	-0.390313	-0.449792	-0.637699	0.427783
0.900000	-0.290585	-0.011844	-0.457293	-0.447393	-0.637046	0.427940
0.920000	-0.255052	0.036564	-0.522585	-0.445018	-0.637008	0.428468
0.940000	-0.216793	0.087324	-0.586149	-0.442712	-0.637658	0.429406
0.960000	-0.175322	0.140506	-0.647944	-0.440522	-0.639069	0.430792
0.980000	-0.130152	0.196176	-0.707932	-0.438492	-0.641312	0.432667
1.000000	-0.080799	0.254404	-0.766071	-0.436669	-0.644460	0.435070
1.020000	-0.026967	0.315121	-0.822246	-0.435091	-0.648555	0.438022
1.040000	0.030647	0.377554	-0.875937	-0.433747	-0.653496	0.441455
1.060000	0.091028	0.440705	-0.926498	-0.432613	-0.659132	0.445268
1.080000	0.153159	0.503573	-0.973280	-0.431664	-0.665313	0.449364
1.100000	0.216024	0.565157	-1.015635	-0.430876	-0.671889	0.453642
1.120000	0.278608	0.624459	-1.052917	-0.430224	-0.678708	0.458005
1.140000	0.339893	0.680477	-1.084477	-0.429684	-0.685622	0.462352
