0.000000	-0.580783	0.432235	-1.383591	-0.351518	-0.733972	0.341754
0.020000	-0.580102	0.465914	-1.392351	-0.349969	-0.736685	0.345989
0.040000	-0.570392	0.502609	-1.398991	-0.348375	-0.739267	0.350693
0.060000	-0.552197	0.538733	-1.401284	-0.346740	-0.741701	0.355712
0.080000	-0.526060	0.570696	-1.397002	-0.345068	-0.743970	0.360889
0.100000	-0.492524	0.594911	-1.383919	-0.343364	-0.746059	0.366070
0.120000	-0.452133	0.607790	-1.359806	-0.341631	-0.747950	0.371100
0.140000	-0.405430	0.605746	-1.322436	-0.339873	-0.749628	0.375823
0.160000	-0.352959	0.585190	-1.269582	-0.338095	-0.751074	0.380085
0.180000	-0.295263	0.542535	-1.199017	-0.336301	-0.752273	0.383730
0.200000	-0.232885	0.474193	-1.108512	-0.334495	-0.753208	0.386603
0.220000	-0.166370	0.376576	-0.995840	-0.332680	-0.753862	0.388550
0.240000	-0.096448	0.247301	-0.859551	-0.330866	-0.754231	0.389453
0.260000	-0.024835	0.090276	-0.702246	-0.329076	-0.754370	0.389401
0.280000	0.046433	-0.088541	-0.527845	-0.327342	-0.754355	0.388548
0.300000	0.115322	-0.283195	-0.340270	-0.325695	-0.754262	0.387050
0.320000	0.179795	-0.487729	-0.143442	-0.324166	-0.754165	0.385061
0.340000	0.237819	-0.696185	0.058717	-0.322787	-0.754142	0.382734
0.360000	0.287357	-0.902607	0.262287	-0.321587	-0.754267	0.380226
0.380000	0.326374	-1.101038	0.463345	-0.320599	-0.754616	0.377689
0.400000	0.352834	-1.285521	0.657972	-0.319854	-0.755265	0.375280
0.420000	0.364703	-1.450099	0.842245	-0.319382	-0.756289	0.373152
0.440000	0.359945	-1.588815	1.012244	-0.319215	-0.757764	0.371460
0.460000	0.336525	-1.695712	1.164046	-0.319383	-0.759766	0.370359
0.480000	0.292407	-1.764833	1.293731	-0.319919	-0.762371	0.370003
0.500000	0.225556	-1.790222	1.397378	-0.320852	-0.765653	0.370546
0.520000	0.133936	-1.765922	1.471065	-0.322214	-0.769689	0.372144
0.540000	0.016022	-1.687175	1.511543	-0.324030	-0.774533	0.374922
0.560000	-0.126167	-1.557588	1.520243	-0.326276	-0.780094	0.378806
0.580000	-0.289103	-1.384319	1.500588	-0.328910	-0.786217	0.383637
0.600000	-0.469253	-1.174543	1.456008	-0.331889	-0.792748	0.389257
0.620000	-0.663083	-0.935433	1.389931	-0.335170	-0.799533	0.395506
0.640000	-0.867059	-0.674164	1.305787	-0.338710	-0.806416	0.402225
0.660000	-1.077650	-0.397908	1.207006	-0.342467	-0.813245	0.409255
0.680000	-1.291320	-0.113840	1.097018	-0.346398	-0.819864	0.416437
0.700000	-1.504536	0.170867	0.979251	-0.350459	-0.826118	0.423612
0.720000	-1.713766	0.449039	0.857136	-0.354608	-0.831855	0.430621
0.740000	-1.915476	0.713503	0.734103	-0.358802	-0.836919	0.437304
0.760000	-2.106132	0.957084	0.613580	-0.362998	-0.841156	0.443503
0.780000	-2.282201	1.172610	0.498997	-0.367154	-0.844411	0.449058
0.800000	-2.440149	1.352907	0.393783	-0.371226	-0.846531	0.453810
0.820000	-2.576443	1.490800	0.301370	-0.375172	-0.847360	0.457600
0.840000	-2.687551	1.579116	0.225185	-0.378949	-0.846745	0.460270
0.860000	-2.769937	1.610682	0.168658	-0.382514	-0.844531	0.461659
0.880000	-2.820851	1.580756	0.134277	-0.385832	-0.840632	0.461666
0.900000	-2.840821	1.494798	0.120572	-0.388901	-0.835250	0.460426
0.920000	-2.831235	1.360943	0.125040	-0.391729	-0.828660	0.458138
0.940000	-2.793481	1.187324	0.145174	-0.394323	-0.821140	0.455000
0.960000	-2.728946	0.982078	0.178469	-0.396689	-0.812966	0.451210
0.980000	-2.639020	0.753339	0.222421	-0.398835	-0.804415	0.446966
1.000000	-2.525090	0.509242	0.274525	-0.400769	-0.795763	0.442467
1.020000	-2.388545	0.257921	0.332274	-0.402496	-0.787286	0.437911
1.040000	-2.230771	0.007511	0.393165	-0.404025	-0.779262	0.433496
1.060000	-2.053158	-0.233854	0.454692	-0.405362	-0.771966	0.429421
1.080000	-1.857093	-0.458038	0.514349	-0.406514	-0.765675	0.425883
1.100000	-1.643965	-0.656906	0.569632	-0.407489	-0.760667	0.423081
1.120000	-1.415161	-0.822325	0.618036	-0.408294	-0.757216	0.421214
1.140000	-1.172069	-0.946159	0.657056	-0.408935	-0.755601	0.420479
1.160000	-0.916078	-1.020274	0.684185	-0.409421	-0.756097	0.421074
1.180000	-0.648586	-1.036607	0.696939	-0.409757	-0.758978	0.423197
1.200000	-0.371685	-0.992292	0.694160	-0.409944	-0.764297	0.426894
1.220000	-0.088614	-0.893016	0.676881	-0.409969	-0.771749	0.431971
1.240000	0.197281	-0.745265	0.646341	-0.409820	-0.780991	0.438208
1.260000	0.482655	-0.555526	0.603776	-0.409483	-0.791683	0.445387
1.280000	0.764163	-0.330284	0.550426	-0.408946	-0.803484	0.453289
1.300000	1.038458	-0.076026	0.487527	-0.408194	-0.816052	0.461696
1.320000	1.302195	0.200763	0.416317	-0.407215	-0.829047	0.470389
1.340000	1.552030	0.493596	0.338034	-0.405996	-0.842128	0.479149
1.360000	1.784616	0.795988	0.253915	-0.404524	-0.854953	0.487758
1.380000	1.996608	1.101451	0.165199	-0.402785	-0.867183	0.495997
1.400000	2.184661	1.403500	0.073123	-0.400766	-0.878475	0.503648
1.420000	2.345428	1.695650	-0.021075	-0.398455	-0.888489	0.510491
1.440000	2.475566	1.971413	-0.116158	-0.395837	-0.896884	0.516309
1.460000	2.571727	2.224304	-0.210888	-0.392900	-0.903319	0.520883
1.480000	2.630567	2.447837	-0.304027	-0.389631	-0.907452	0.523994
1.500000	2.648740	2.635525	-0.394336	-0.386016	-0.908944	0.525423
1.520000	2.624458	2.782734	-0.480742	-0.382059	-0.907580	0.525034
1.540000	2.561189	2.891069	-0.562715	-0.377820	-0.903583	0.522967
1.560000	2.463508	2.963457	-0.639842	-0.373370	-0.897263	0.519421
1.580000	2.335991	3.002821	-0.711710	-0.368782	-0.888934	0.514593
1.600000	2.183214	3.012086	-0.777905	-0.364125	-0.878906	0.508683
1.620000	2.009753	2.994176	-0.838015	-0.359472	-0.867492	0.501889
