0.000000	0.280284	0.649502	-0.220308	-0.363162	-0.689670	0.425418
0.020000	0.286321	0.669968	-0.243133	-0.363410	-0.688637	0.424268
0.040000	0.265509	0.679042	-0.261855	-0.364288	-0.688069	0.423201
0.060000	0.215883	0.676020	-0.275905	-0.365876	-0.687999	0.422188
0.080000	0.139017	0.661363	-0.285458	-0.368148	-0.688411	0.421229
0.100000	0.038818	0.636295	-0.291180	-0.371009	-0.689258	0.420348
0.120000	-0.080768	0.602052	-0.293743	-0.374363	-0.690491	0.419567
0.140000	-0.215795	0.559873	-0.293820	-0.378113	-0.692064	0.418910
0.160000	-0.362316	0.510994	-0.292085	-0.382163	-0.693928	0.418400
0.180000	-0.516384	0.456653	-0.289209	-0.386417	-0.696036	0.418060
0.200000	-0.674055	0.398088	-0.285867	-0.390779	-0.698339	0.417913
0.220000	-0.831381	0.336536	-0.282731	-0.395153	-0.700791	0.417982
0.240000	-0.984416	0.273234	-0.280474	-0.399441	-0.703342	0.418290
0.260000	-1.129214	0.209420	-0.279770	-0.403549	-0.705945	0.418861
0.280000	-1.261829	0.146331	-0.281290	-0.407380	-0.708553	0.419718
0.300000	-1.378313	0.085205	-0.285709	-0.410838	-0.711117	0.420884
0.320000	-1.474722	0.027279	-0.293699	-0.413826	-0.713590	0.422381
0.340000	-1.547108	-0.026210	-0.305933	-0.416248	-0.715924	0.424234
0.360000	-1.591525	-0.074024	-0.323084	-0.418008	-0.718071	0.426465
0.380000	-1.604108	-0.114941	-0.345813	-0.419012	-0.719984	0.429096
0.400000	-1.584016	-0.148284	-0.374315	-0.419231	-0.721636	0.432109
0.420000	-1.534278	-0.174080	-0.408189	-0.418723	-0.723029	0.435432
0.440000	-1.458177	-0.192399	-0.446995	-0.417550	-0.724165	0.438993
0.460000	-1.358995	-0.203313	-0.490295	-0.415775	-0.725046	0.442716
0.480000	-1.240013	-0.206892	-0.537647	-0.413459	-0.725676	0.446527
0.500000	-1.104513	-0.203207	-0.588614	-0.410666	-0.726057	0.450353
0.520000	-0.955777	-0.192330	-0.642755	-0.407458	-0.726191	0.454118
0.540000	-0.797088	-0.174330	-0.699630	-0.403898	-0.726081	0.457750
0.560000	-0.631727	-0.149280	-0.758800	-0.400048	-0.725730	0.461173
0.580000	-0.462976	-0.117250	-0.819826	-0.395971	-0.725139	0.464315
0.600000	-0.294118	-0.078312	-0.882268	-0.391729	-0.724313	0.467099
0.620000	-0.128433	-0.032535	-0.945687	-0.387384	-0.723253	0.469453
0.640000	0.030796	0.020008	-1.009642	-0.383000	-0.721962	0.471302
0.660000	0.180287	0.079248	-1.073695	-0.378639	-0.720442	0.472572
0.680000	0.316757	0.145112	-1.137405	-0.374363	-0.718696	0.473188
0.700000	0.436928	0.217529	-1.200333	-0.370234	-0.716728	0.473078
0.720000	0.538350	0.295993	-1.261860	-0.366300	-0.714562	0.472221
0.740000	0.620696	0.378885	-1.320904	-0.362562	-0.712284	0.470736
0.760000	0.683976	0.464414	-1.376314	-0.359018	-0.709991	0.468764
0.780000	0.728197	0.550787	-1.426938	-0.355666	-0.707776	0.466446
0.800000	0.753368	0.636211	-1.471624	-0.352501	-0.705737	0.463924
0.820000	0.759499	0.718893	-1.509220	-0.349521	-0.703967	0.461338
0.840000	0.746596	0.797042	-1.538573	-0.346722	-0.702562	0.458830
0.860000	0.714669	0.868865	-1.558531	-0.344101	-0.701617	0.456540
0.880000	0.663727	0.932568	-1.567942	-0.341656	-0.701228	0.454610
0.900000	0.593778	0.986360	-1.565655	-0.339382	-0.701491	0.453180
0.920000	0.504830	1.028448	-1.550516	-0.337278	-0.702499	0.452392
0.940000	0.396891	1.057040	-1.521373	-0.335339	-0.704349	0.452386
0.960000	0.269972	1.070343	-1.477075	-0.333562	-0.707136	0.453305
0.980000	0.124079	1.066564	-1.416470	-0.331945	-0.710954	0.455287
1.000000	-0.040778	1.043911	-1.338405	-0.330485	-0.715901	0.458476
1.020000	-0.223936	1.001354	-1.242419	-0.329179	-0.722014	0.462940
1.040000	-0.422533	0.940423	-1.130370	-0.328035	-0.729144	0.468514
1.060000	-0.633248	0.863183	-1.004602	-0.327059	-0.737104	0.474979
1.080000	-0.852759	0.771699	-0.867458	-0.326260	-0.745705	0.482120
1.100000	-1.077745	0.668036	-0.721281	-0.325644	-0.754759	0.489719
1.120000	-1.304885	0.554258	-0.568413	-0.325219	-0.764077	0.497560
1.140000	-1.530856	0.432431	-0.411199	-0.324994	-0.773471	0.505426
1.160000	-1.752337	0.304620	-0.251981	-0.324974	-0.782754	0.513101
1.180000	-1.966007	0.172890	-0.093103	-0.325168	-0.791736	0.520366
1.200000	-2.168545	0.039305	0.063092	-0.325583	-0.800229	0.527006
1.220000	-2.356628	-0.094069	0.214261	-0.326227	-0.808045	0.532804
1.240000	-2.526936	-0.225167	0.358061	-0.327107	-0.814996	0.537543
1.260000	-2.676147	-0.351924	0.492148	-0.328230	-0.820894	0.541005
1.280000	-2.800939	-0.472275	0.614180	-0.329605	-0.825550	0.542976
1.300000	-2.897991	-0.584156	0.721812	-0.331239	-0.828775	0.543237
1.320000	-2.964767	-0.685855	0.813180	-0.333131	-0.830432	0.541633
1.340000	-3.002215	-0.777234	0.888531	-0.335248	-0.830605	0.538286
1.360000	-3.012244	-0.858589	0.948697	-0.337549	-0.829440	0.533392
1.380000	-2.996766	-0.930214	0.994511	-0.339990	-0.827081	0.527146
1.400000	-2.957691	-0.992405	1.026807	-0.342530	-0.823675	0.519746
1.420000	-2.896929	-1.045459	1.046417	-0.345126	-0.819366	0.511388
