0.000000	1.314721	0.615432	-1.218040	-0.383714	-0.708118	0.425599
0.020000	1.200431	0.617119	-1.148797	-0.383020	-0.718549	0.427355
0.040000	1.072245	0.608212	-1.066135	-0.382460	-0.729391	0.428710
0.060000	0.935103	0.590070	-0.973337	-0.382011	-0.740404	0.429645
0.080000	0.793950	0.564056	-0.873692	-0.381650	-0.751350	0.430145
0.100000	0.653727	0.531531	-0.770483	-0.381355	-0.761991	0.430192
0.120000	0.519379	0.493854	-0.666999	-0.381102	-0.772087	0.429770
0.140000	0.395847	0.452388	-0.566523	-0.380868	-0.781400	0.428860
0.160000	0.288074	0.408494	-0.472343	-0.380630	-0.789692	0.427447
0.180000	0.201003	0.363533	-0.387744	-0.380366	-0.796723	0.425513
0.200000	0.139576	0.318865	-0.316012	-0.380052	-0.802255	0.423040
0.220000	0.108738	0.275852	-0.260433	-0.379665	-0.806050	0.420012
0.240000	0.113320	0.235842	-0.224222	-0.379183	-0.807875	0.416414
0.260000	0.154200	0.199761	-0.208058	-0.378598	-0.807714	0.412296
0.280000	0.227286	0.167996	-0.209428	-0.377923	-0.805828	0.407790
0.300000	0.328169	0.140901	-0.225616	-0.377170	-0.802492	0.403035
0.320000	0.452441	0.118832	-0.253910	-0.376355	-0.797983	0.398167
0.340000	0.595693	0.102143	-0.291593	-0.375488	-0.792577	0.393324
0.360000	0.753518	0.091188	-0.335952	-0.374585	-0.786551	0.388645
0.380000	0.921506	0.086323	-0.384271	-0.373658	-0.780180	0.384267
0.400000	1.095250	0.087902	-0.433837	-0.372721	-0.773742	0.380327
0.420000	1.270341	0.096279	-0.481934	-0.371787	-0.767513	0.376964
0.440000	1.442370	0.111810	-0.525848	-0.370869	-0.761769	0.374316
0.460000	1.606930	0.134848	-0.562864	-0.369981	-0.756786	0.372519
0.480000	1.759612	0.165749	-0.590267	-0.369136	-0.752841	0.371711
0.500000	1.896007	0.204866	-0.605344	-0.368348	-0.750210	0.372031
0.520000	2.011708	0.252556	-0.605378	-0.367630	-0.749169	0.373617
0.540000	2.102337	0.309159	-0.587686	-0.366994	-0.749993	0.376603
0.560000	2.165590	0.374210	-0.551494	-0.366443	-0.752733	0.380995
0.580000	2.202496	0.445942	-0.499108	-0.365956	-0.757091	0.386592
0.600000	2.214383	0.522471	-0.433110	-0.365515	-0.762735	0.393171
0.620000	2.202581	0.601911	-0.356083	-0.365099	-0.769334	0.400510
0.640000	2.168420	0.682379	-0.270609	-0.364687	-0.776556	0.408388
0.660000	2.113228	0.761991	-0.179272	-0.364259	-0.784071	0.416582
0.680000	2.038334	0.838861	-0.084654	-0.363794	-0.791546	0.424872
0.700000	1.945069	0.911107	0.010662	-0.363273	-0.798650	0.433035
0.720000	1.834760	0.976843	0.104094	-0.362675	-0.805052	0.440849
0.740000	1.708739	1.034186	0.193059	-0.361979	-0.810420	0.448093
0.760000	1.568333	1.081250	0.274973	-0.361165	-0.814424	0.454546
0.780000	1.414872	1.116153	0.347256	-0.360214	-0.816731	0.459985
0.800000	1.249685	1.137008	0.407323	-0.359103	-0.817010	0.464188
0.820000	1.074102	1.141933	0.452592	-0.357814	-0.814930	0.466934
0.840000	0.889451	1.129042	0.480481	-0.356325	-0.810159	0.468001
0.860000	0.697063	1.096452	0.488407	-0.354617	-0.802367	0.467168
0.880000	0.498358	1.043196	0.474932	-0.352684	-0.791385	0.464307
0.900000	0.295064	0.971329	0.442386	-0.350570	-0.777585	0.459608
0.920000	0.088967	0.883520	0.393867	-0.348329	-0.761448	0.453323
0.940000	-0.118143	0.782442	0.332477	-0.346015	-0.743457	0.445704
0.960000	-0.324477	0.670766	0.261315	-0.343684	-0.724093	0.437003
0.980000	-0.528248	0.551165	0.183481	-0.341388	-0.703837	0.427474
1.000000	-0.727668	0.426310	0.102076	-0.339182	-0.683172	0.417368
1.020000	-0.920947	0.298872	0.020200	-0.337120	-0.662579	0.406939
1.040000	-1.106298	0.171524	-0.059047	-0.335257	-0.642541	0.396438
1.060000	-1.281931	0.046936	-0.132565	-0.333646	-0.623537	0.386119
1.080000	-1.446059	-0.072218	-0.197254	-0.332342	-0.606052	0.376233
1.100000	-1.596894	-0.183268	-0.250013	-0.331399	-0.590565	0.367034
1.120000	-1.732646	-0.283542	-0.287743	-0.330872	-0.577560	0.358773
1.140000	-1.851527	-0.370369	-0.307343	-0.330813	-0.567516	0.351704
1.160000	-1.951750	-0.441075	-0.305714	-0.331278	-0.560918	0.346078
1.180000	-2.032046	-0.493694	-0.280650	-0.332304	-0.558114	0.342085
1.200000	-2.093409	-0.529305	-0.233841	-0.333857	-0.558882	0.339639
1.220000	-2.137444	-0.549820	-0.168029	-0.335880	-0.562846	0.338580
1.240000	-2.165758	-0.557148	-0.085956	-0.338321	-0.569630	0.338748
1.260000	-2.179958	-0.553198	0.009634	-0.341124	-0.578855	0.339983
1.280000	-2.181649	-0.539879	0.115999	-0.344235	-0.590147	0.342124
1.300000	-2.172437	-0.519102	0.230395	-0.347599	-0.603127	0.345011
1.320000	-2.153930	-0.492775	0.350079	-0.351161	-0.617419	0.348484
1.340000	-2.127733	-0.462808	0.472310	-0.354867	-0.632646	0.352382
1.360000	-2.095452	-0.431111	0.594343	-0.358663	-0.648432	0.356547
1.380000	-2.058693	-0.399592	0.713436	-0.362494	-0.664399	0.360816
1.400000	-2.019064	-0.370163	0.826846	-0.366304	-0.680172	0.365031
1.420000	-1.978169	-0.344731	0.931830	-0.370041	-0.695372	0.369031
1.440000	-1.937616	-0.325207	1.025645	-0.373648	-0.709624	0.372655
1.460000	-1.899010	-0.313501	1.105548	-0.377072	-0.722550	0.375744
1.480000	-1.863958	-0.311520	1.168796	-0.380258	-0.733774	0.378136
1.500000	-1.833923	-0.320967	1.212928	-0.383155	-0.742953	0.379689
1.520000	-1.808980	-0.341513	1.238194	-0.385753	-0.750072	0.380408
1.540000	-1.788427	-0.371698	1.246369	-0.388062	-0.755299	0.380384
