0.000000	-3.623769	-0.435517	0.311473	-0.425844	-0.789501	0.533961
0.020000	-3.525199	-0.506090	0.418504	-0.426119	-0.785062	0.529599
0.040000	-3.401098	-0.567015	0.521289	-0.426295	-0.779898	0.524467
0.060000	-3.253314	-0.616785	0.617767	-0.426387	-0.774118	0.518715
0.080000	-3.083698	-0.653893	0.705875	-0.426411	-0.767835	0.512492
0.100000	-2.894101	-0.676832	0.783553	-0.426384	-0.761160	0.505950
0.120000	-2.686371	-0.684097	0.848739	-0.426320	-0.754205	0.499237
0.140000	-2.462360	-0.674180	0.899372	-0.426236	-0.747082	0.492505
0.160000	-2.223917	-0.645575	0.933391	-0.426148	-0.739901	0.485902
0.180000	-1.972893	-0.596775	0.948733	-0.426071	-0.732774	0.479578
0.200000	-1.711136	-0.526274	0.943337	-0.426021	-0.725813	0.473685
0.220000	-1.440498	-0.432565	0.915143	-0.426015	-0.719130	0.468371
0.240000	-1.162885	-0.314443	0.862358	-0.426067	-0.712828	0.463774
0.260000	-0.880835	-0.174104	0.786219	-0.426173	-0.706925	0.459891
0.280000	-0.597283	-0.015882	0.689872	-0.426317	-0.701385	0.456633
0.300000	-0.315173	0.155854	0.576492	-0.426486	-0.696171	0.453905
0.320000	-0.037446	0.336736	0.449254	-0.426663	-0.691244	0.451617
0.340000	0.232956	0.522395	0.311334	-0.426834	-0.686570	0.449675
0.360000	0.493090	0.708463	0.165905	-0.426984	-0.682109	0.447988
0.380000	0.740014	0.890570	0.016144	-0.427097	-0.677825	0.446463
0.400000	0.970785	1.064350	-0.134775	-0.427159	-0.673681	0.445008
0.420000	1.182462	1.225432	-0.283676	-0.427154	-0.669639	0.443530
0.440000	1.372102	1.369450	-0.427385	-0.427068	-0.665662	0.441938
0.460000	1.536762	1.492033	-0.562726	-0.426885	-0.661714	0.440139
0.480000	1.673502	1.588814	-0.686525	-0.426589	-0.657756	0.438041
0.500000	1.779378	1.655424	-0.795606	-0.426167	-0.653752	0.435551
0.520000	1.851448	1.687495	-0.886794	-0.425603	-0.649665	0.432577
0.540000	1.886770	1.680659	-0.956914	-0.424881	-0.645457	0.429028
0.560000	1.882401	1.630546	-1.002791	-0.423987	-0.641091	0.424809
0.580000	1.836208	1.533969	-1.021974	-0.422908	-0.636545	0.419857
0.600000	1.751296	1.395404	-1.016715	-0.421653	-0.631899	0.414269
0.620000	1.632860	1.222382	-0.991137	-0.420234	-0.627270	0.408214
0.640000	1.486101	1.022441	-0.949371	-0.418667	-0.622778	0.401858
0.660000	1.316220	0.803120	-0.895546	-0.416967	-0.618542	0.395368
0.680000	1.128417	0.571957	-0.833792	-0.415149	-0.614679	0.388912
0.700000	0.927893	0.336492	-0.768239	-0.413227	-0.611310	0.382657
0.720000	0.719849	0.104263	-0.703017	-0.411215	-0.608552	0.376769
0.740000	0.509485	-0.117191	-0.642255	-0.409129	-0.606525	0.371416
0.760000	0.302003	-0.320331	-0.590082	-0.406983	-0.605347	0.366764
0.780000	0.102603	-0.497619	-0.550630	-0.404792	-0.605138	0.362981
0.800000	-0.083514	-0.641516	-0.528028	-0.402571	-0.606016	0.360234
0.820000	-0.251147	-0.744483	-0.526404	-0.400334	-0.608099	0.358690
0.840000	-0.395097	-0.798981	-0.549890	-0.398097	-0.611507	0.358516
0.860000	-0.510161	-0.797472	-0.602615	-0.395873	-0.616359	0.359879
0.880000	-0.591147	-0.732431	-0.688700	-0.393677	-0.622772	0.362945
0.900000	-0.635332	-0.600896	-0.809580	-0.391522	-0.630778	0.367785
0.920000	-0.646036	-0.411059	-0.960121	-0.389409	-0.640189	0.374234
0.940000	-0.627480	-0.172784	-1.134206	-0.387341	-0.650789	0.382090
0.960000	-0.583888	0.104068	-1.325717	-0.385319	-0.662357	0.391152
0.980000	-0.519482	0.409631	-1.528537	-0.383345	-0.674676	0.401220
1.000000	-0.438486	0.734045	-1.736548	-0.381421	-0.687527	0.412091
1.020000	-0.345122	1.067444	-1.943632	-0.379549	-0.700692	0.423566
1.040000	-0.243613	1.399967	-2.143673	-0.377730	-0.713953	0.435443
1.060000	-0.138183	1.721751	-2.330552	-0.375967	-0.727091	0.447521
1.080000	-0.033054	2.022931	-2.498152	-0.374261	-0.739887	0.459599
1.100000	0.067552	2.293646	-2.640355	-0.372613	-0.752123	0.471476
1.120000	0.159410	2.524032	-2.751044	-0.371026	-0.763580	0.482951
1.140000	0.238298	2.704226	-2.824101	-0.369501	-0.774041	0.493823
1.160000	0.299993	2.824365	-2.853409	-0.368041	-0.783287	0.503891
1.180000	0.340273	2.874586	-2.832850	-0.366646	-0.791099	0.512954
1.200000	0.355049	2.845425	-2.756569	-0.365319	-0.797265	0.520815
1.220000	0.343429	2.736836	-2.624907	-0.364060	-0.801735	0.527388
1.240000	0.307765	2.558337	-2.444494	-0.362866	-0.804618	0.532695
1.260000	0.250552	2.319869	-2.222239	-0.361735	-0.806034	0.536765
1.280000	0.174285	2.031375	-1.965055	-0.360666	-0.806099	0.539627
1.300000	0.081461	1.702797	-1.679850	-0.359657	-0.804933	0.541308
1.320000	-0.025424	1.344078	-1.373535	-0.358705	-0.802653	0.541837
1.340000	-0.143876	0.965159	-1.053020	-0.357808	-0.799377	0.541242
1.360000	-0.271398	0.575983	-0.725216	-0.356964	-0.795223	0.539552
1.380000	-0.405495	0.186494	-0.397033	-0.356172	-0.790310	0.536795
1.400000	-0.543671	-0.193368	-0.075382	-0.355430	-0.784755	0.532999
1.420000	-0.683430	-0.553660	0.232827	-0.354734	-0.778677	0.528193
1.440000	-0.822277	-0.884438	0.520685	-0.354084	-0.772194	0.522404
1.460000	-0.957715	-1.175762	0.781279	-0.353477	-0.765423	0.515662
1.480000	-1.087250	-1.417688	1.007701	-0.352912	-0.758484	0.507994
1.500000	-1.208385	-1.600274	1.193040	-0.352385	-0.751493	0.499430
1.520000	-1.318927	-1.715185	1.331449	-0.351900	-0.744561	0.490009
1.540000	-1.418771	-1.765194	1.424432	-0.351483	-0.737740	0.479859
1.560000	-1.508697	-1.757773	1.476602	-0.351173	-0.731058	0.469147
1.580000	-1.589486	-1.700408	1.492583	-0.351009	-0.724543	0.458035
1.600000	-1.661919	-1.600586	1.476998	-0.351030	-0.718222	0.446689
1.620000	-1.726780	-1.465793	1.434471	-0.351274	-0.712125	0.435274
1.640000	-1.784848	-1.303518	1.369625	-0.351781	-0.706278	0.423955
