0.000000	1.421937	1.450127	-0.039795	-0.286797	-0.636602	0.341372
0.020000	1.371409	1.510738	-0.056416	-0.284391	-0.636044	0.339146
0.040000	1.279006	1.538061	-0.080753	-0.283290	-0.637677	0.338853
0.060000	1.148912	1.535598	-0.112249	-0.283410	-0.641302	0.340342
0.080000	0.986248	1.507727	-0.150157	-0.284642	-0.646673	0.343419
0.100000	0.796134	1.458825	-0.193734	-0.286876	-0.653542	0.347888
0.120000	0.583690	1.393268	-0.242235	-0.290003	-0.661662	0.353553
0.140000	0.354036	1.315435	-0.294913	-0.293914	-0.670784	0.360220
0.160000	0.112293	1.229702	-0.351025	-0.298499	-0.680661	0.367692
0.180000	-0.136419	1.140446	-0.409825	-0.303649	-0.691046	0.375775
0.200000	-0.386980	1.052045	-0.470569	-0.309254	-0.701690	0.384273
0.220000	-0.634269	0.968876	-0.532511	-0.315205	-0.712348	0.392991
0.240000	-0.873167	0.895315	-0.594906	-0.321393	-0.722770	0.401734
0.260000	-1.098552	0.835741	-0.657010	-0.327707	-0.732709	0.410305
0.280000	-1.305305	0.794529	-0.718078	-0.334040	-0.741919	0.418510
0.300000	-1.488306	0.776059	-0.777364	-0.340280	-0.750150	0.426153
0.320000	-1.642433	0.784706	-0.834123	-0.346319	-0.757156	0.433040
0.340000	-1.762700	0.824675	-0.887612	-0.352049	-0.762696	0.438978
0.360000	-1.847535	0.895736	-0.937091	-0.357406	-0.766701	0.443892
0.380000	-1.899000	0.992933	-0.981831	-0.362371	-0.769287	0.447828
0.400000	-1.919335	1.111086	-1.021101	-0.366929	-0.770577	0.450835
0.420000	-1.910780	1.245010	-1.054171	-0.371063	-0.770694	0.452967
0.440000	-1.875573	1.389525	-1.080311	-0.374758	-0.769764	0.454273
0.460000	-1.815956	1.539447	-1.098791	-0.377998	-0.767909	0.454806
0.480000	-1.734165	1.689593	-1.108880	-0.380766	-0.765254	0.454617
0.500000	-1.632443	1.834783	-1.109849	-0.383047	-0.761922	0.453757
0.520000	-1.513026	1.969832	-1.100966	-0.384824	-0.758038	0.452277
0.540000	-1.378156	2.089559	-1.081502	-0.386083	-0.753725	0.450229
0.560000	-1.230071	2.188781	-1.050727	-0.386806	-0.749107	0.447664
0.580000	-1.071012	2.262316	-1.007910	-0.386978	-0.744308	0.444634
0.600000	-0.903216	2.304981	-0.952321	-0.386583	-0.739451	0.441189
0.620000	-0.728925	2.311594	-0.883230	-0.385604	-0.734661	0.437382
0.640000	-0.550376	2.276972	-0.799907	-0.384027	-0.730062	0.433263
0.660000	-0.369810	2.195933	-0.701622	-0.381835	-0.725778	0.428884
0.680000	-0.189466	2.063294	-0.587643	-0.379011	-0.721931	0.424297
0.700000	-0.011584	1.873874	-0.457242	-0.375541	-0.718647	0.419551
0.720000	0.161597	1.622582	-0.309712	-0.371409	-0.716047	0.414700
0.740000	0.327782	1.310529	-0.145935	-0.366665	-0.714172	0.409781
0.760000	0.484592	0.948785	0.030656	-0.361464	-0.712929	0.404816
0.780000	0.629639	0.549322	0.216396	-0.355971	-0.712212	0.399823
0.800000	0.760536	0.124113	0.407619	-0.350348	-0.711918	0.394820
0.820000	0.874895	-0.314872	0.600662	-0.344762	-0.711940	0.389826
0.840000	0.970328	-0.755660	0.791858	-0.339376	-0.712174	0.384859
0.860000	1.044449	-1.186280	0.977545	-0.334354	-0.712515	0.379939
0.880000	1.094869	-1.594760	1.154056	-0.329860	-0.712858	0.375083
0.900000	1.119201	-1.969129	1.317728	-0.326060	-0.713098	0.370310
0.920000	1.115057	-2.297415	1.464895	-0.323116	-0.713130	0.365639
0.940000	1.080051	-2.567646	1.591893	-0.321194	-0.712849	0.361089
0.960000	1.011793	-2.767851	1.695056	-0.320457	-0.712150	0.356677
0.980000	0.908107	-2.886623	1.770879	-0.321061	-0.710934	0.352424
1.000000	0.770680	-2.923000	1.818767	-0.322997	-0.709197	0.348378
1.020000	0.604608	-2.885218	1.840690	-0.326112	-0.707020	0.344611
1.040000	0.415102	-2.781827	1.838707	-0.330248	-0.704489	0.341197
1.060000	0.207371	-2.621375	1.814878	-0.335245	-0.701687	0.338209
1.080000	-0.013372	-2.412412	1.771259	-0.340946	-0.698699	0.335721
1.100000	-0.241918	-2.163488	1.709910	-0.347193	-0.695610	0.333806
1.120000	-0.473056	-1.883151	1.632889	-0.353826	-0.692504	0.332537
1.140000	-0.701574	-1.579953	1.542256	-0.360688	-0.689466	0.331988
1.160000	-0.922262	-1.262441	1.440067	-0.367621	-0.686580	0.332232
1.180000	-1.129910	-0.939166	1.328382	-0.374465	-0.683930	0.333343
1.200000	-1.319306	-0.618676	1.209259	-0.381063	-0.681602	0.335394
1.220000	-1.485240	-0.309523	1.084757	-0.387257	-0.679679	0.338459
1.240000	-1.622500	-0.020253	0.956935	-0.392887	-0.678246	0.342610
1.260000	-1.725877	0.240581	0.827850	-0.397797	-0.677388	0.347921
1.280000	-1.790159	0.464432	0.699561	-0.401826	-0.677189	0.354466
1.300000	-1.810184	0.642806	0.574120	-0.404818	-0.677732	0.362317
1.320000	-1.784649	0.771791	0.452969	-0.406709	-0.679035	0.371432
1.340000	-1.718890	0.855347	0.336504	-0.407589	-0.680998	0.381576
1.360000	-1.618897	0.898208	0.225020	-0.407568	-0.683512	0.392495
1.380000	-1.490660	0.905113	0.118811	-0.406752	-0.686467	0.403933
1.400000	-1.340169	0.880798	0.018170	-0.405251	-0.689752	0.415637
1.420000	-1.173414	0.829999	-0.076608	-0.403172	-0.693258	0.427351
1.440000	-0.996385	0.757451	-0.165230	-0.400624	-0.696874	0.438821
1.460000	-0.815072	0.667893	-0.247403	-0.397713	-0.700490	0.449793
1.480000	-0.635466	0.566059	-0.322832	-0.394548	-0.703997	0.460011
1.500000	-0.463556	0.456688	-0.391223	-0.391238	-0.707284	0.469221
1.520000	-0.305332	0.344514	-0.452283	-0.387890	-0.710241	0.477168
1.540000	-0.166784	0.234274	-0.505717	-0.384612	-0.712759	0.483598
1.560000	-0.053903	0.130705	-0.551233	-0.381512	-0.714727	0.488256
1.580000	0.027322	0.038543	-0.588535	-0.378699	-0.716035	0.490888
1.600000	0.070901	-0.037475	-0.617331	-0.376279	-0.716573	0.491238
1.620000	0.071291	-0.092880	-0.637389	-0.374355	-0.716240	0.489075
1.640000	0.029125	-0.126861	-0.649339	-0.372938	-0.715064	0.484481
1.660000	-0.050473	-0.141274	-0.654441	-0.371972	-0.713165	0.477762
1.680000	-0.162275	-0.138036	-0.653967	-0.371402	-0.710664	0.469234
1.700000	-0.301057	-0.119060	-0.649189	-0.371170	-0.707685	0.459209
1.720000	-0.461590	-0.086264	-0.641381	-0.371220	-0.704350	0.448002
1.740000	-0.638649	-0.041563	-0.631813	-0.371497	-0.700781	0.435926
1.760000	-0.827007	0.013128	-0.621760	-0.371942	-0.697100	0.423295
1.780000	-1.021438	0.075894	-0.612493	-0.372500	-0.693430	0.410422
1.800000	-1.216716	0.144817	-0.605286	-0.373115	-0.689893	0.397622
1.820000	-1.407613	0.217984	-0.601410	-0.373730	-0.686611	0.385208
1.840000	-1.588905	0.293478	-0.602138	-0.374289	-0.683708	0.373493
1.860000	-1.755364	0.369383	-0.608743	-0.374734	-0.681304	0.362792
1.880000	-1.901763	0.443784	-0.622497	-0.375011	-0.679522	0.353418
1.900000	-2.022877	0.514766	-0.644673	-0.375061	-0.678485	0.345685
1.920000	-2.113479	0.580413	-0.676544	-0.374830	-0.678315	0.339907
1.940000	-2.168411	0.638825	-0.719352	-0.374260	-0.679133	0.336392
1.960000	-2.185773	0.688870	-0.772927	-0.373332	-0.680962	0.335229
