0.000000	0.113651	0.672582	-1.252122	-0.350360	-0.688396	0.414981
0.020000	-0.029983	0.678465	-1.242305	-0.347753	-0.687684	0.417922
0.040000	-0.167846	0.682432	-1.229221	-0.345233	-0.687222	0.420964
0.060000	-0.297711	0.684089	-1.212606	-0.342836	-0.687058	0.424013
0.080000	-0.417348	0.683044	-1.192192	-0.340595	-0.687235	0.426974
0.100000	-0.524530	0.678903	-1.167714	-0.338546	-0.687800	0.429754
0.120000	-0.617028	0.671273	-1.138905	-0.336725	-0.688799	0.432260
0.140000	-0.692615	0.659762	-1.105499	-0.335165	-0.690277	0.434398
0.160000	-0.749062	0.643976	-1.067230	-0.333902	-0.692279	0.436074
0.180000	-0.784505	0.623554	-1.023893	-0.332962	-0.694840	0.437209
0.200000	-0.799381	0.598345	-0.975662	-0.332319	-0.697909	0.437819
0.220000	-0.795020	0.568277	-0.922861	-0.331928	-0.701408	0.437956
0.240000	-0.772753	0.533277	-0.865814	-0.331741	-0.705256	0.437672
0.260000	-0.733911	0.493274	-0.804844	-0.331712	-0.709374	0.437019
0.280000	-0.679827	0.448197	-0.740274	-0.331795	-0.713682	0.436050
0.300000	-0.611832	0.397972	-0.672430	-0.331942	-0.718099	0.434817
0.320000	-0.531257	0.342530	-0.601633	-0.332108	-0.722546	0.433372
0.340000	-0.439435	0.281798	-0.528209	-0.332246	-0.726942	0.431767
0.360000	-0.337696	0.215704	-0.452479	-0.332310	-0.731209	0.430055
0.380000	-0.227373	0.144177	-0.374770	-0.332253	-0.735266	0.428288
0.400000	-0.109797	0.067145	-0.295402	-0.332028	-0.739032	0.426518
0.420000	0.013700	-0.015464	-0.214702	-0.331590	-0.742429	0.424797
0.440000	0.141787	-0.103722	-0.132991	-0.330891	-0.745376	0.423178
0.460000	0.273132	-0.197700	-0.050595	-0.329885	-0.747793	0.421713
0.480000	0.406341	-0.297326	0.032124	-0.328535	-0.749611	0.420449
0.500000	0.539501	-0.401307	0.114461	-0.326872	-0.750844	0.419396
0.520000	0.670433	-0.507732	0.195538	-0.324965	-0.751549	0.418543
0.540000	0.796956	-0.614686	0.274477	-0.322882	-0.751785	0.417878
0.560000	0.916891	-0.720256	0.350401	-0.320692	-0.751609	0.417391
0.580000	1.028058	-0.822526	0.422430	-0.318463	-0.751080	0.417071
0.600000	1.128275	-0.919581	0.489687	-0.316264	-0.750255	0.416908
0.620000	1.215363	-1.009506	0.551294	-0.314163	-0.749192	0.416890
0.640000	1.287142	-1.090387	0.606372	-0.312229	-0.747949	0.417006
0.660000	1.341432	-1.160310	0.654043	-0.310531	-0.746584	0.417246
0.680000	1.376052	-1.217358	0.693429	-0.309136	-0.745154	0.417600
0.700000	1.388822	-1.259618	0.723651	-0.308114	-0.743718	0.418055
0.720000	1.377563	-1.285174	0.743831	-0.307532	-0.742334	0.418601
0.740000	1.340093	-1.292112	0.753092	-0.307460	-0.741059	0.419227
0.760000	1.274232	-1.278517	0.750555	-0.307965	-0.739951	0.419923
0.780000	1.177801	-1.242474	0.735341	-0.309117	-0.739069	0.420678
0.800000	1.048620	-1.182069	0.706572	-0.310984	-0.738469	0.421480
0.820000	0.884507	-1.095387	0.663371	-0.313634	-0.738210	0.422319
0.840000	0.683283	-0.980512	0.604859	-0.317136	-0.738350	0.423185
0.860000	0.442768	-0.835530	0.530157	-0.321558	-0.738947	0.424065
0.880000	0.161050	-0.658753	0.438455	-0.326964	-0.740053	0.424950
0.900000	-0.155460	-0.455509	0.331011	-0.333248	-0.741559	0.425844
0.920000	-0.490607	-0.239342	0.211511	-0.340109	-0.743169	0.426768
0.940000	-0.827688	-0.024259	0.083774	-0.347232	-0.744574	0.427745
0.960000	-1.149995	0.175733	-0.048378	-0.354307	-0.745465	0.428796
0.980000	-1.440856	0.346652	-0.181129	-0.361019	-0.745536	0.429944
1.000000	-1.689088	0.479446	-0.311631	-0.367149	-0.744596	0.431198
1.020000	-1.895254	0.575589	-0.439103	-0.372673	-0.742704	0.432541
1.040000	-2.061425	0.637911	-0.563031	-0.377595	-0.739952	0.433952
1.060000	-2.189674	0.669242	-0.682901	-0.381917	-0.736432	0.435412
1.080000	-2.282073	0.672413	-0.798197	-0.385640	-0.732236	0.436898
1.100000	-2.340695	0.650254	-0.908406	-0.388768	-0.727456	0.438391
1.120000	-2.367612	0.605595	-1.013013	-0.391303	-0.722183	0.439869
1.140000	-2.364897	0.541266	-1.111503	-0.393248	-0.716508	0.441313
1.160000	-2.334621	0.460098	-1.203361	-0.394604	-0.710525	0.442702
1.180000	-2.278858	0.364920	-1.288074	-0.395375	-0.704325	0.444014
1.200000	-2.199679	0.258562	-1.365127	-0.395563	-0.697999	0.445230
1.220000	-2.099157	0.143856	-1.434005	-0.395170	-0.691639	0.446328
1.240000	-1.979365	0.023631	-1.494194	-0.394198	-0.685338	0.447288
1.260000	-1.842375	-0.099284	-1.545179	-0.392651	-0.679186	0.448090
1.280000	-1.690259	-0.222056	-1.586445	-0.390531	-0.673276	0.448712
1.300000	-1.525090	-0.341857	-1.617479	-0.387839	-0.667700	0.449135
1.320000	-1.348939	-0.455856	-1.637766	-0.384580	-0.662548	0.449337
