0.000000	-0.428802	-3.584083	3.985256	2.044611	-0.413450	-0.413829
0.020000	-0.784317	-3.748320	3.915185	2.055335	-0.393926	-0.466473
0.040000	-1.103322	-3.881090	3.820562	2.062002	-0.375019	-0.516338
0.060000	-1.374000	-3.976657	3.699394	2.064421	-0.357382	-0.562160
0.080000	-1.584534	-4.029284	3.549688	2.062402	-0.341668	-0.602675
0.100000	-1.723107	-4.033235	3.369450	2.055753	-0.328532	-0.636618
0.120000	-1.777904	-3.982772	3.156687	2.044285	-0.318625	-0.662727
0.140000	-1.737106	-3.872159	2.909407	2.027804	-0.312602	-0.679735
0.160000	-1.588899	-3.695660	2.625615	2.006122	-0.311116	-0.686380
0.180000	-1.323634	-3.448502	2.303816	1.979090	-0.314717	-0.681585
0.200000	-0.950380	-3.134229	1.946805	1.946943	-0.323058	-0.665888
0.220000	-0.487763	-2.760634	1.559568	1.910111	-0.335339	-0.640658
0.240000	0.045514	-2.335543	1.147111	1.869022	-0.350753	-0.607267
0.260000	0.630745	-1.866783	0.714436	1.824109	-0.368495	-0.567087
0.280000	1.249229	-1.362180	0.266550	1.775801	-0.387757	-0.521491
0.300000	1.882260	-0.829562	-0.191545	1.724529	-0.407736	-0.471853
0.320000	2.511136	-0.276753	-0.654843	1.670723	-0.427623	-0.419544
0.340000	3.117152	0.288418	-1.118341	1.614814	-0.446614	-0.365939
0.360000	3.681604	0.858126	-1.577034	1.557232	-0.463903	-0.312409
0.380000	4.185790	1.424544	-2.025918	1.498408	-0.478683	-0.260328
0.400000	4.611005	1.979846	-2.459988	1.438772	-0.490150	-0.211069
0.420000	4.938546	2.516204	-2.874240	1.378754	-0.497496	-0.166003
0.440000	5.149709	3.025793	-3.263670	1.318786	-0.499916	-0.126505
0.460000	5.225790	3.500785	-3.623273	1.259297	-0.496604	-0.093946
0.480000	5.148088	3.933356	-3.948046	1.200717	-0.486754	-0.069701
0.500000	4.906509	4.317638	-4.234092	1.143405	-0.469920	-0.054662
0.520000	4.518125	4.653950	-4.481015	1.087484	-0.446793	-0.048213
0.540000	4.005357	4.943829	-4.689105	1.033034	-0.418286	-0.049442
0.560000	3.390625	5.188810	-4.858653	0.980133	-0.385313	-0.057433
0.580000	2.696351	5.390431	-4.989951	0.928861	-0.348787	-0.071273
0.600000	1.944955	5.550227	-5.083289	0.879298	-0.309623	-0.090049
0.620000	1.158859	5.669735	-5.138960	0.831521	-0.268734	-0.112847
0.640000	0.360483	5.750491	-5.157254	0.785610	-0.227034	-0.138753
