0.000000	2.699999	2.321609	-0.017234	0.364008	-0.205820	-0.204237
0.020000	1.860916	2.369972	-0.173203	0.362671	-0.222366	-0.200272
0.040000	0.983771	2.416765	-0.336001	0.362974	-0.238155	-0.197174
0.060000	0.094292	2.457186	-0.500414	0.364846	-0.252926	-0.194963
0.080000	-0.781797	2.486436	-0.661227	0.368217	-0.266422	-0.193656
0.100000	-1.618767	2.499713	-0.813227	0.373017	-0.278382	-0.193274
0.120000	-2.390894	2.492217	-0.951199	0.379176	-0.288547	-0.193835
0.140000	-3.072450	2.459146	-1.069928	0.386624	-0.296658	-0.195357
0.160000	-3.637709	2.395701	-1.164200	0.395290	-0.302457	-0.197860
0.180000	-4.060945	2.297081	-1.228801	0.405105	-0.305683	-0.201363
0.200000	-4.316431	2.158484	-1.258517	0.415998	-0.306077	-0.205883
0.220000	-4.383823	1.976343	-1.249185	0.427901	-0.303451	-0.211419
0.240000	-4.274624	1.754382	-1.202865	0.440767	-0.298026	-0.217833
0.260000	-4.012005	1.498996	-1.123897	0.454550	-0.290179	-0.224941
0.280000	-3.619155	1.216587	-1.016626	0.469209	-0.280283	-0.232558
0.300000	-3.119262	0.913555	-0.885395	0.484699	-0.268714	-0.240499
0.320000	-2.535517	0.596299	-0.734549	0.500977	-0.255847	-0.248580
0.340000	-1.891107	0.271221	-0.568431	0.518001	-0.242056	-0.256616
0.360000	-1.209223	-0.055280	-0.391386	0.535727	-0.227717	-0.264421
0.380000	-0.513053	-0.376803	-0.207756	0.554112	-0.213204	-0.271812
0.400000	0.174214	-0.686948	-0.021887	0.573112	-0.198892	-0.278603
0.420000	0.829389	-0.979314	0.161878	0.592685	-0.185156	-0.284610
0.440000	1.429282	-1.247502	0.339196	0.612787	-0.172371	-0.289647
0.460000	1.950704	-1.485110	0.505721	0.633374	-0.160912	-0.293530
0.480000	2.370468	-1.685739	0.657111	0.654405	-0.151154	-0.296075
0.500000	2.665382	-1.842988	0.789021	0.675835	-0.143471	-0.297096
0.520000	2.812259	-1.950457	0.897107	0.697621	-0.138239	-0.296409
0.540000	2.789651	-2.002262	0.977326	0.719720	-0.135804	-0.293847
0.560000	2.600500	-1.999751	1.029828	0.742081	-0.136103	-0.289498
