0.000000	3.578923	-0.558023	1.905183	1.972822	-0.286864	-0.478750
0.020000	2.828033	-0.780621	1.720414	1.956565	-0.268383	-0.491516
0.040000	2.043426	-1.028743	1.520741	1.937823	-0.249753	-0.504801
0.060000	1.245342	-1.292945	1.308729	1.916715	-0.231329	-0.518241
0.080000	0.454017	-1.563783	1.086947	1.893361	-0.213466	-0.531470
0.100000	-0.310310	-1.831813	0.857961	1.867878	-0.196520	-0.544123
0.120000	-1.027402	-2.087593	0.624339	1.840385	-0.180846	-0.555835
0.140000	-1.677020	-2.321678	0.388648	1.811000	-0.166799	-0.566239
0.160000	-2.238926	-2.524625	0.153454	1.779843	-0.154736	-0.574972
0.180000	-2.692884	-2.686990	-0.078674	1.747031	-0.145010	-0.581667
0.200000	-3.018654	-2.799330	-0.305170	1.712683	-0.137978	-0.585959
0.220000	-3.196000	-2.852201	-0.523467	1.676919	-0.133994	-0.587483
0.240000	-3.207690	-2.837309	-0.731233	1.639870	-0.133358	-0.585925
0.260000	-3.061107	-2.755756	-0.928075	1.601787	-0.135894	-0.581400
0.280000	-2.775667	-2.613241	-1.114545	1.562979	-0.141201	-0.574231
0.300000	-2.370867	-2.415496	-1.291201	1.523754	-0.148872	-0.564741
0.320000	-1.866206	-2.168249	-1.458601	1.484420	-0.158504	-0.553255
0.340000	-1.281183	-1.877232	-1.617305	1.445287	-0.169690	-0.540098
0.360000	-0.635295	-1.548175	-1.767870	1.406662	-0.182025	-0.525593
0.380000	0.051959	-1.186808	-1.910856	1.368855	-0.195106	-0.510065
0.400000	0.761082	-0.798862	-2.046821	1.332173	-0.208526	-0.493839
0.420000	1.472574	-0.390066	-2.176323	1.296926	-0.221880	-0.477238
0.440000	2.166938	0.033848	-2.299922	1.263422	-0.234764	-0.460587
0.460000	2.824676	0.467151	-2.418175	1.231970	-0.246773	-0.444209
0.480000	3.426288	0.904112	-2.531641	1.202877	-0.257501	-0.428431
0.500000	3.952278	1.339002	-2.640879	1.176453	-0.266543	-0.413574
0.520000	4.383146	1.766088	-2.746448	1.153007	-0.273494	-0.399965
0.540000	4.699395	2.179642	-2.848905	1.132846	-0.277950	-0.387927
0.560000	4.881527	2.573933	-2.948810	1.116279	-0.279505	-0.377785
0.580000	4.910042	2.943230	-3.046721	1.103615	-0.277754	-0.369862
0.600000	4.768687	3.282256	-3.142995	1.095097	-0.272357	-0.364436
0.620000	4.467351	3.589374	-3.236368	1.090433	-0.263498	-0.361390
0.640000	4.028547	3.864708	-3.324793	1.089075	-0.251612	-0.360422
0.660000	3.474871	4.108393	-3.406217	1.090473	-0.237139	-0.361229
0.680000	2.828920	4.320563	-3.478587	1.094077	-0.220515	-0.363505
0.700000	2.113289	4.501353	-3.539851	1.099338	-0.202178	-0.366946
0.720000	1.350573	4.650898	-3.587956	1.105705	-0.182568	-0.371249
0.740000	0.563368	4.769333	-3.620850	1.112627	-0.162121	-0.376108
