0.000000	-1.781904	1.667433	-0.492464	0.611096	-0.017388	-0.399336
0.020000	-1.045764	1.398323	-0.273283	0.608948	-0.019590	-0.394522
0.040000	-0.244713	1.134439	-0.064625	0.605633	-0.024084	-0.388075
0.060000	0.595022	0.879034	0.131410	0.601351	-0.030604	-0.380170
0.080000	1.447211	0.635357	0.312721	0.596300	-0.038882	-0.370982
0.100000	2.285628	0.406659	0.477207	0.590681	-0.048653	-0.360686
0.120000	3.084043	0.196189	0.622767	0.584692	-0.059650	-0.349455
0.140000	3.816230	0.007198	0.747301	0.578533	-0.071606	-0.337464
0.160000	4.455958	-0.157064	0.848708	0.572403	-0.084255	-0.324888
0.180000	4.977001	-0.293347	0.924887	0.566501	-0.097330	-0.311901
0.200000	5.353130	-0.398401	0.973738	0.561028	-0.110565	-0.298677
0.220000	5.558117	-0.468975	0.993160	0.556181	-0.123693	-0.285391
0.240000	5.565735	-0.501820	0.981052	0.552162	-0.136447	-0.272217
0.260000	5.352476	-0.494079	0.935638	0.549150	-0.148571	-0.259325
0.280000	4.927009	-0.447565	0.858982	0.547124	-0.159922	-0.246826
0.300000	4.319008	-0.367139	0.755654	0.545927	-0.170430	-0.234795
0.320000	3.558512	-0.257712	0.630266	0.545399	-0.180028	-0.223304
0.340000	2.675558	-0.124196	0.487434	0.545382	-0.188649	-0.212426
0.360000	1.700182	0.028496	0.331769	0.545715	-0.196223	-0.202235
0.380000	0.662422	0.195452	0.167886	0.546240	-0.202685	-0.192803
0.400000	-0.407685	0.371759	0.000398	0.546799	-0.207965	-0.184204
0.420000	-1.480102	0.552506	-0.166083	0.547230	-0.211997	-0.176511
0.440000	-2.524791	0.732779	-0.326942	0.547376	-0.214712	-0.169797
0.460000	-3.511715	0.907667	-0.477565	0.547078	-0.216044	-0.164135
0.480000	-4.410837	1.072258	-0.613341	0.546175	-0.215923	-0.159598
0.500000	-5.192120	1.221638	-0.729655	0.544509	-0.214284	-0.156260
0.520000	-5.825527	1.350897	-0.821894	0.541921	-0.211057	-0.154192
0.540000	-6.281020	1.455120	-0.885444	0.538251	-0.206176	-0.153470
0.560000	-6.528561	1.529397	-0.915693	0.533341	-0.199572	-0.154165
0.580000	-6.538828	1.568903	-0.908135	0.527035	-0.191182	-0.156347
0.600000	-6.308910	1.572055	-0.862306	0.519361	-0.181105	-0.159976
0.620000	-5.869486	1.541399	-0.782877	0.510573	-0.169645	-0.164865
0.640000	-5.253409	1.479745	-0.674852	0.500942	-0.157118	-0.170823
0.660000	-4.493529	1.389904	-0.543233	0.490737	-0.143844	-0.177655
0.680000	-3.622699	1.274685	-0.393024	0.480229	-0.130138	-0.185168
0.700000	-2.673770	1.136900	-0.229228	0.469689	-0.116319	-0.193168
0.720000	-1.679594	0.979359	-0.056849	0.459386	-0.102703	-0.201462
0.740000	-0.673022	0.804873	0.119110	0.449590	-0.089609	-0.209856
0.760000	0.313093	0.616253	0.293645	0.440572	-0.077353	-0.218157
