0.000000	-0.068457	-0.472654	1.691641	1.670008	-0.401810	-0.068174
0.020000	-0.420814	-0.959954	1.620971	1.676004	-0.400007	-0.086583
0.040000	-0.806440	-1.484269	1.545944	1.681694	-0.396771	-0.110072
0.060000	-1.211771	-2.033692	1.468740	1.687231	-0.392348	-0.137836
0.080000	-1.623243	-2.596319	1.391541	1.692769	-0.386986	-0.169068
0.100000	-2.027291	-3.160241	1.316528	1.698460	-0.380930	-0.202963
0.120000	-2.410350	-3.713554	1.245881	1.704459	-0.374429	-0.238715
0.140000	-2.758856	-4.244351	1.181782	1.710919	-0.367727	-0.275517
0.160000	-3.059243	-4.740725	1.126411	1.717993	-0.361072	-0.312563
0.180000	-3.297948	-5.190772	1.081949	1.725835	-0.354711	-0.349049
0.200000	-3.461405	-5.582584	1.050576	1.734599	-0.348890	-0.384166
0.220000	-3.536051	-5.904255	1.034475	1.744438	-0.343855	-0.417111
0.240000	-3.508319	-6.143879	1.035825	1.755505	-0.339854	-0.447077
0.260000	-3.364646	-6.289550	1.056808	1.767954	-0.337133	-0.473257
0.280000	-3.091468	-6.329362	1.099604	1.781939	-0.335938	-0.494846
0.300000	-2.675218	-6.251409	1.166395	1.797613	-0.336517	-0.511038
0.320000	-2.102769	-6.044094	1.259286	1.815123	-0.339108	-0.521042
0.340000	-1.380820	-5.709951	1.377034	1.834348	-0.343646	-0.524788
0.360000	-0.543651	-5.271158	1.513726	1.854790	-0.349635	-0.523207
0.380000	0.372424	-4.751348	1.663107	1.875926	-0.356550	-0.517300
0.400000	1.331087	-4.174154	1.818924	1.897231	-0.363865	-0.508074
0.420000	2.296023	-3.563206	1.974922	1.918179	-0.371053	-0.496530
0.440000	3.230915	-2.942138	2.124844	1.938248	-0.377590	-0.483673
0.460000	4.099448	-2.334582	2.262437	1.956911	-0.382949	-0.470506
0.480000	4.865305	-1.764169	2.381445	1.973646	-0.386604	-0.458034
0.500000	5.492171	-1.254532	2.475614	1.987926	-0.388030	-0.447260
0.520000	5.943729	-0.829302	2.538688	1.999227	-0.386700	-0.439188
0.540000	6.191126	-0.507747	2.565578	2.007111	-0.382205	-0.434641
0.560000	6.242909	-0.287262	2.557026	2.011562	-0.374718	-0.433537
0.580000	6.119310	-0.158406	2.515598	2.012699	-0.364594	-0.435510
0.600000	5.840568	-0.111734	2.443863	2.010640	-0.352190	-0.440195
0.620000	5.426920	-0.137803	2.344386	2.005505	-0.337859	-0.447227
0.640000	4.898605	-0.227170	2.219736	1.997411	-0.321958	-0.456241
0.660000	4.275860	-0.370391	2.072479	1.986477	-0.304841	-0.466870
0.680000	3.578923	-0.558023	1.905183	1.972822	-0.286864	-0.478750
