0.000000	0.233484	-3.635943	1.140156	1.964690	-0.200181	-0.564964
0.020000	0.405356	-3.404039	0.734249	1.938314	-0.210671	-0.541533
0.040000	0.628279	-3.101904	0.236570	1.910236	-0.226429	-0.514520
0.060000	0.889789	-2.738184	-0.338303	1.880799	-0.246535	-0.484659
0.080000	1.177421	-2.321529	-0.975788	1.850347	-0.270068	-0.452682
0.100000	1.478710	-1.860586	-1.661307	1.819221	-0.296110	-0.419323
0.120000	1.781191	-1.364005	-2.380279	1.787765	-0.323739	-0.385314
0.140000	2.072400	-0.840433	-3.118124	1.756321	-0.352037	-0.351389
0.160000	2.339870	-0.298518	-3.860264	1.725233	-0.380082	-0.318280
0.180000	2.571139	0.253090	-4.592117	1.694843	-0.406956	-0.286721
0.200000	2.753740	0.805744	-5.299105	1.665494	-0.431737	-0.257443
0.220000	2.875209	1.350795	-5.966648	1.637529	-0.453507	-0.231181
0.240000	2.923080	1.879595	-6.580164	1.611291	-0.471344	-0.208667
0.260000	2.884890	2.383496	-7.125076	1.587122	-0.484330	-0.190634
0.280000	2.748173	2.853849	-7.586803	1.565366	-0.491544	-0.177815
0.300000	2.503070	3.282997	-7.952593	1.546290	-0.492208	-0.170823
0.320000	2.158404	3.670380	-8.222801	1.529621	-0.486560	-0.169411
0.340000	1.731151	4.018542	-8.403501	1.514849	-0.475281	-0.172955
0.360000	1.238320	4.330034	-8.500791	1.501464	-0.459057	-0.180830
0.380000	0.696923	4.607410	-8.520768	1.488957	-0.438569	-0.192412
0.400000	0.123968	4.853225	-8.469530	1.476816	-0.414502	-0.207077
0.420000	-0.463534	5.070032	-8.353175	1.464533	-0.387539	-0.224200
0.440000	-1.048574	5.260384	-8.177802	1.451595	-0.358365	-0.243155
0.460000	-1.614142	5.426835	-7.949506	1.437494	-0.327662	-0.263319
0.480000	-2.143228	5.571939	-7.674388	1.421720	-0.296114	-0.284067
0.500000	-2.618822	5.698250	-7.358543	1.403761	-0.264404	-0.304775
0.520000	-3.023914	5.808320	-7.008071	1.383108	-0.233217	-0.324816
0.540000	-3.341494	5.904705	-6.629068	1.359251	-0.203236	-0.343568
0.560000	-3.554553	5.989957	-6.227634	1.331679	-0.175145	-0.360405
0.580000	-3.646081	6.066630	-5.809864	1.299882	-0.149626	-0.374703
0.600000	-3.599067	6.137277	-5.381858	1.263350	-0.127365	-0.385836
0.620000	-3.396503	6.204453	-4.949714	1.221573	-0.109043	-0.393181
0.640000	-3.027965	6.270125	-4.519001	1.174261	-0.095174	-0.396274
0.660000	-2.511435	6.333730	-4.093022	1.122074	-0.085527	-0.395345
0.680000	-1.872543	6.394027	-3.674467	1.065928	-0.079672	-0.390812
0.700000	-1.136923	6.449773	-3.266024	1.006740	-0.077180	-0.383092
0.720000	-0.330205	6.499725	-2.870384	0.945425	-0.077620	-0.372602
0.740000	0.521979	6.542640	-2.490236	0.882900	-0.080564	-0.359761
0.760000	1.393995	6.577277	-2.128270	0.820080	-0.085581	-0.344986
0.780000	2.260214	6.602391	-1.787175	0.757883	-0.092242	-0.328694
0.800000	3.095002	6.616742	-1.469641	0.697223	-0.100118	-0.311302
0.820000	3.872727	6.619085	-1.178358	0.639017	-0.108777	-0.293229
0.840000	4.567759	6.608179	-0.916016	0.584182	-0.117791	-0.274891
0.860000	5.154465	6.582780	-0.685303	0.533633	-0.126731	-0.256707
0.880000	5.607212	6.541647	-0.488911	0.488286	-0.135165	-0.239094
0.900000	5.900370	6.483536	-0.329527	0.449057	-0.142665	-0.222468
0.920000	6.008307	6.407205	-0.209843	0.416864	-0.148801	-0.207249
0.940000	5.911220	6.311871	-0.131687	0.392433	-0.153209	-0.193793
0.960000	5.622626	6.199386	-0.091972	0.375422	-0.155909	-0.182123
0.980000	5.167850	6.072531	-0.085869	0.365106	-0.157054	-0.172138
1.000000	4.572235	5.934092	-0.108545	0.360762	-0.156797	-0.163740
1.020000	3.861122	5.786853	-0.155170	0.361664	-0.155293	-0.156831
1.040000	3.059852	5.633597	-0.220910	0.367089	-0.152694	-0.151309
1.060000	2.193767	5.477110	-0.300935	0.376312	-0.149156	-0.147078
1.080000	1.288207	5.320175	-0.390411	0.388610	-0.144832	-0.144038
1.100000	0.368514	5.165577	-0.484508	0.403256	-0.139874	-0.142088
1.120000	-0.539971	5.016100	-0.578394	0.419529	-0.134438	-0.141132
1.140000	-1.411907	4.874528	-0.667236	0.436702	-0.128677	-0.141069
1.160000	-2.221951	4.743646	-0.746203	0.454052	-0.122745	-0.141800
1.180000	-2.944764	4.626238	-0.810462	0.470855	-0.116795	-0.143227
1.200000	-3.555003	4.525088	-0.855183	0.486386	-0.110981	-0.145250
1.220000	-4.027327	4.442981	-0.875532	0.499920	-0.105458	-0.147770
1.240000	-4.336396	4.382701	-0.866679	0.510734	-0.100378	-0.150689
1.260000	-4.458858	4.346724	-0.824168	0.518146	-0.095886	-0.153907
1.280000	-4.398072	4.333398	-0.748611	0.522042	-0.092008	-0.157350
1.300000	-4.176485	4.338121	-0.644240	0.522717	-0.088679	-0.160952
1.320000	-3.816961	4.356225	-0.515364	0.520473	-0.085838	-0.164653
1.340000	-3.342361	4.383043	-0.366293	0.515612	-0.083418	-0.168390
1.360000	-2.775548	4.413908	-0.201337	0.508438	-0.081357	-0.172099
1.380000	-2.139383	4.444153	-0.024807	0.499251	-0.079590	-0.175719
