0.000000	-0.147748	1.439082	1.185823	1.043355	-0.134026	-0.245724
0.020000	-0.435448	1.387212	1.366595	1.049637	-0.138412	-0.239719
0.040000	-0.684019	1.330345	1.515921	1.054316	-0.142402	-0.233836
0.060000	-0.885422	1.269608	1.628140	1.057083	-0.145847	-0.228098
0.080000	-1.036293	1.205839	1.700997	1.057824	-0.148678	-0.222529
0.100000	-1.140562	1.139435	1.737558	1.056728	-0.150957	-0.217153
0.120000	-1.202794	1.070750	1.741347	1.054010	-0.152755	-0.211999
0.140000	-1.227551	1.000142	1.715891	1.049887	-0.154142	-0.207091
0.160000	-1.219396	0.927965	1.664715	1.044573	-0.155190	-0.202456
0.180000	-1.182892	0.854578	1.591345	1.038284	-0.155971	-0.198121
0.200000	-1.122603	0.780335	1.499305	1.031236	-0.156555	-0.194112
0.220000	-1.043091	0.705592	1.392123	1.023644	-0.157013	-0.190455
0.240000	-0.948921	0.630707	1.273322	1.015725	-0.157418	-0.187176
0.260000	-0.844654	0.556034	1.146430	1.007692	-0.157840	-0.184302
0.280000	-0.734854	0.481930	1.014971	0.999763	-0.158351	-0.181859
0.300000	-0.624085	0.408752	0.882471	0.992153	-0.159021	-0.179874
0.320000	-0.516909	0.336855	0.752456	0.985076	-0.159922	-0.178372
0.340000	-0.417890	0.266596	0.628451	0.978749	-0.161126	-0.177380
0.360000	-0.331590	0.198330	0.513982	0.973388	-0.162702	-0.176924
0.380000	-0.262573	0.132414	0.412574	0.969207	-0.164724	-0.177031
0.400000	-0.214035	0.069167	0.326767	0.966349	-0.167233	-0.177707
0.420000	-0.184831	0.008791	0.255976	0.964720	-0.170183	-0.178899
0.440000	-0.172955	-0.048536	0.198991	0.964182	-0.173508	-0.180539
0.460000	-0.176404	-0.102634	0.154604	0.964594	-0.177144	-0.182561
0.480000	-0.193170	-0.153327	0.121610	0.965818	-0.181025	-0.184900
0.500000	-0.221249	-0.200434	0.098798	0.967714	-0.185086	-0.187487
0.520000	-0.258635	-0.243777	0.084963	0.970142	-0.189263	-0.190257
0.540000	-0.303323	-0.283178	0.078895	0.972964	-0.193491	-0.193143
0.560000	-0.353308	-0.318458	0.079389	0.976039	-0.197703	-0.196079
0.580000	-0.406584	-0.349439	0.085235	0.979229	-0.201836	-0.198998
0.600000	-0.461146	-0.375942	0.095225	0.982394	-0.205825	-0.201833
0.620000	-0.514988	-0.397788	0.108154	0.985394	-0.209604	-0.204519
0.640000	-0.566105	-0.414799	0.122812	0.988090	-0.213108	-0.206989
0.660000	-0.612491	-0.426796	0.137992	0.990344	-0.216273	-0.209175
0.680000	-0.652142	-0.433601	0.152486	0.992014	-0.219032	-0.211012
0.700000	-0.683081	-0.435044	0.165101	0.992966	-0.221324	-0.212435
0.720000	-0.704426	-0.431267	0.175201	0.993163	-0.223127	-0.213423
0.740000	-0.716705	-0.422819	0.182863	0.992704	-0.224478	-0.214019
0.760000	-0.720540	-0.410272	0.188215	0.991693	-0.225417	-0.214265
0.780000	-0.716552	-0.394203	0.191381	0.990237	-0.225985	-0.214207
0.800000	-0.705361	-0.375184	0.192489	0.988441	-0.226221	-0.213889
0.820000	-0.687589	-0.353789	0.191663	0.986411	-0.226167	-0.213354
0.840000	-0.663856	-0.330593	0.189030	0.984252	-0.225861	-0.212649
0.860000	-0.634784	-0.306170	0.184716	0.982071	-0.225345	-0.211815
0.880000	-0.600994	-0.281093	0.178846	0.979972	-0.224658	-0.210900
0.900000	-0.563106	-0.255937	0.171546	0.978062	-0.223841	-0.209945
0.920000	-0.521742	-0.231275	0.162943	0.976446	-0.222934	-0.208997
0.940000	-0.477522	-0.207683	0.153162	0.975230	-0.221977	-0.208098
0.960000	-0.431067	-0.185733	0.142330	0.974520	-0.221011	-0.207294
0.980000	-0.382999	-0.166000	0.130572	0.974421	-0.220075	-0.206629
1.000000	-0.333939	-0.149057	0.118013	0.975039	-0.219210	-0.206148
1.020000	-0.284507	-0.135407	0.104773	0.976465	-0.218453	-0.205888
1.040000	-0.235327	-0.124863	0.090886	0.978657	-0.217812	-0.205841
1.060000	-0.187020	-0.116872	0.076346	0.981503	-0.217277	-0.205971
1.080000	-0.140211	-0.110873	0.061146	0.984888	-0.216840	-0.206241
1.100000	-0.095521	-0.106308	0.045278	0.988697	-0.216493	-0.206615
1.120000	-0.053575	-0.102616	0.028734	0.992816	-0.216227	-0.207056
1.140000	-0.014995	-0.099238	0.011507	0.997130	-0.216033	-0.207528
1.160000	0.019596	-0.095614	-0.006410	1.001525	-0.215903	-0.207995
1.180000	0.049575	-0.091187	-0.025025	1.005888	-0.215827	-0.208420
1.200000	0.074318	-0.085394	-0.044345	1.010102	-0.215798	-0.208766
1.220000	0.093203	-0.077679	-0.064378	1.014054	-0.215806	-0.208998
1.240000	0.105607	-0.067480	-0.085132	1.017629	-0.215843	-0.209078
1.260000	0.110906	-0.054239	-0.106613	1.020714	-0.215900	-0.208971
1.280000	0.108478	-0.037396	-0.128830	1.023193	-0.215968	-0.208641
1.300000	0.097699	-0.016392	-0.151790	1.024953	-0.216040	-0.208050
1.320000	0.078020	0.009237	-0.175490	1.025887	-0.216105	-0.207166
1.340000	0.049836	0.038698	-0.199793	1.026009	-0.216151	-0.206016
1.360000	0.014204	0.070325	-0.224467	1.025416	-0.216163	-0.204663
1.380000	-0.027806	0.102433	-0.249280	1.024206	-0.216127	-0.203174
1.400000	-0.075125	0.133339	-0.273999	1.022475	-0.216027	-0.201614
1.420000	-0.126684	0.161358	-0.298390	1.020322	-0.215847	-0.200050
1.440000	-0.181412	0.184805	-0.322221	1.017845	-0.215573	-0.198547
1.460000	-0.238239	0.201996	-0.345258	1.015141	-0.215190	-0.197172
1.480000	-0.296096	0.211247	-0.367269	1.012309	-0.214682	-0.195989
1.500000	-0.353914	0.210873	-0.388020	1.009445	-0.214034	-0.195065
1.520000	-0.410622	0.199190	-0.407280	1.006649	-0.213232	-0.194466
1.540000	-0.465151	0.174513	-0.424813	1.004017	-0.212259	-0.194257
1.560000	-0.516432	0.135159	-0.440389	1.001648	-0.211102	-0.194505
