0.000000	-0.832264	6.801003	-1.878608	0.967086	0.059706	-0.460652
0.020000	-0.063024	6.581870	-1.663829	0.943380	0.048877	-0.455207
0.040000	0.718964	6.335030	-1.452908	0.918665	0.036121	-0.448370
0.060000	1.486843	6.068370	-1.248245	0.893266	0.021891	-0.440320
0.080000	2.213760	5.789774	-1.052238	0.867505	0.006640	-0.431234
0.100000	2.872860	5.507130	-0.867288	0.841705	-0.009177	-0.421288
0.120000	3.437288	5.228321	-0.695793	0.816191	-0.025109	-0.410661
0.140000	3.880191	4.961235	-0.540153	0.791285	-0.040700	-0.399528
0.160000	4.174713	4.713756	-0.402767	0.767311	-0.055499	-0.388068
0.180000	4.294001	4.493771	-0.286036	0.744592	-0.069052	-0.376458
0.200000	4.213761	4.308597	-0.192129	0.723432	-0.080933	-0.364869
0.220000	3.939710	4.158904	-0.120536	0.703919	-0.091031	-0.353404
0.240000	3.497048	4.041045	-0.069007	0.685997	-0.099446	-0.342124
0.260000	2.911303	3.951300	-0.035259	0.669608	-0.106276	-0.331087
0.280000	2.208004	3.885950	-0.017013	0.654695	-0.111622	-0.320352
0.300000	1.412679	3.841273	-0.011988	0.641201	-0.115586	-0.309978
0.320000	0.550858	3.813551	-0.017904	0.629067	-0.118266	-0.300024
0.340000	-0.351931	3.799064	-0.032480	0.618236	-0.119764	-0.290550
0.360000	-1.270160	3.794091	-0.053435	0.608650	-0.120180	-0.281612
0.380000	-2.178300	3.794913	-0.078489	0.600252	-0.119615	-0.273272
0.400000	-3.050821	3.797809	-0.105361	0.592984	-0.118168	-0.265587
0.420000	-3.862196	3.799060	-0.131770	0.586789	-0.115941	-0.258616
0.440000	-4.586896	3.794946	-0.155437	0.581609	-0.113034	-0.252419
0.460000	-5.199391	3.781747	-0.174080	0.577386	-0.109546	-0.247054
0.480000	-5.674154	3.755743	-0.185419	0.574062	-0.105580	-0.242580
0.500000	-5.985656	3.713215	-0.187173	0.571581	-0.101234	-0.239056
0.520000	-6.108367	3.650441	-0.177063	0.569885	-0.096611	-0.236541
0.540000	-6.016908	3.563720	-0.152818	0.568915	-0.091809	-0.235093
0.560000	-5.703967	3.451388	-0.113717	0.568604	-0.086940	-0.234717
0.580000	-5.197373	3.315752	-0.062039	0.568867	-0.082134	-0.235308
0.600000	-4.529003	3.159576	-0.000410	0.569614	-0.077526	-0.236753
0.620000	-3.730732	2.985623	0.068546	0.570756	-0.073249	-0.238935
0.640000	-2.834436	2.796657	0.142201	0.572207	-0.069435	-0.241740
0.660000	-1.871990	2.595441	0.217931	0.573876	-0.066217	-0.245053
0.680000	-0.875271	2.384738	0.293111	0.575675	-0.063731	-0.248758
0.700000	0.123847	2.167313	0.365114	0.577516	-0.062107	-0.252740
0.720000	1.093487	1.945928	0.431314	0.579310	-0.061481	-0.256884
0.740000	2.001774	1.723348	0.489087	0.580969	-0.061984	-0.261075
0.760000	2.816832	1.502335	0.535807	0.582404	-0.063751	-0.265198
0.780000	3.506786	1.285653	0.568848	0.583526	-0.066914	-0.269137
0.800000	4.039759	1.076066	0.585584	0.584247	-0.071607	-0.272778
0.820000	4.383877	0.876337	0.583390	0.584479	-0.077964	-0.276005
0.840000	4.507302	0.689228	0.559645	0.584133	-0.086116	-0.278703
0.860000	4.393841	0.516833	0.513348	0.583193	-0.096092	-0.280809
0.880000	4.066781	0.359565	0.447593	0.581826	-0.107650	-0.282393
0.900000	3.555542	0.217572	0.366109	0.580229	-0.120510	-0.283542
0.920000	2.889541	0.091006	0.272624	0.578597	-0.134388	-0.284345
0.940000	2.098197	-0.019985	0.170868	0.577126	-0.149003	-0.284893
0.960000	1.210930	-0.115251	0.064569	0.576011	-0.164074	-0.285273
0.980000	0.257157	-0.194641	-0.042544	0.575449	-0.179318	-0.285575
1.000000	-0.733701	-0.258005	-0.146742	0.575634	-0.194454	-0.285887
1.020000	-1.732227	-0.305194	-0.244296	0.576763	-0.209199	-0.286299
1.040000	-2.709002	-0.336059	-0.331477	0.579032	-0.223271	-0.286899
1.060000	-3.634607	-0.350448	-0.404556	0.582636	-0.236389	-0.287777
1.080000	-4.479622	-0.348212	-0.459805	0.587771	-0.248271	-0.289021
1.100000	-5.214630	-0.329202	-0.493494	0.594632	-0.258635	-0.290721
1.120000	-5.810212	-0.293267	-0.501896	0.603416	-0.267199	-0.292965
1.140000	-6.236948	-0.240258	-0.481280	0.614318	-0.273681	-0.295842
1.160000	-6.466422	-0.170114	-0.428054	0.627526	-0.277807	-0.299436
1.180000	-6.495210	-0.085013	-0.342043	0.643011	-0.279495	-0.303694
1.200000	-6.346019	0.010528	-0.226636	0.660524	-0.278867	-0.308422
1.220000	-6.042780	0.111881	-0.085396	0.679801	-0.276053	-0.313416
1.240000	-5.609427	0.214420	0.078120	0.700581	-0.271182	-0.318476
1.260000	-5.069893	0.313517	0.260349	0.722603	-0.264385	-0.323399
1.280000	-4.448112	0.404545	0.457734	0.745604	-0.255792	-0.327984
1.300000	-3.768017	0.482877	0.666712	0.769322	-0.245533	-0.332029
1.320000	-3.053541	0.543885	0.883726	0.793496	-0.233738	-0.335332
1.340000	-2.328618	0.582943	1.105214	0.817864	-0.220538	-0.337692
