0.000000	1.240683	0.570070	-0.336044	0.332550	-0.106674	-0.294056
0.020000	1.604883	0.438504	-0.306863	0.328984	-0.106747	-0.302782
0.040000	1.894182	0.313235	-0.276123	0.327149	-0.107801	-0.310191
0.060000	2.090783	0.196369	-0.244214	0.327280	-0.109881	-0.316060
0.080000	2.176888	0.090007	-0.211527	0.329608	-0.113033	-0.320166
0.100000	2.134699	-0.003748	-0.178455	0.334369	-0.117301	-0.322288
0.120000	1.948569	-0.083065	-0.145292	0.341766	-0.122721	-0.322230
0.140000	1.626477	-0.149110	-0.111268	0.351711	-0.129220	-0.320127
0.160000	1.191006	-0.204899	-0.074959	0.363929	-0.136659	-0.316311
0.180000	0.664955	-0.253476	-0.034928	0.378143	-0.144896	-0.311118
0.200000	0.071126	-0.297884	0.010259	0.394077	-0.153792	-0.304884
0.220000	-0.567681	-0.341168	0.062039	0.411452	-0.163206	-0.297945
0.240000	-1.228666	-0.386371	0.121846	0.429994	-0.172996	-0.290638
0.260000	-1.889030	-0.436537	0.191117	0.449423	-0.183024	-0.283299
0.280000	-2.525971	-0.494710	0.271287	0.469465	-0.193147	-0.276264
0.300000	-3.116689	-0.563934	0.363791	0.489841	-0.203226	-0.269868
0.320000	-3.638385	-0.647253	0.470064	0.510276	-0.213120	-0.264449
0.340000	-4.068257	-0.747711	0.591544	0.530491	-0.222688	-0.260341
0.360000	-4.383506	-0.868352	0.729664	0.550211	-0.231790	-0.257882
0.380000	-4.561574	-1.012175	0.885830	0.569160	-0.240286	-0.257404
0.400000	-4.594655	-1.179536	1.059626	0.587204	-0.248095	-0.259011
0.420000	-4.497954	-1.366662	1.247792	0.604422	-0.255224	-0.262454
0.440000	-4.288670	-1.569424	1.446823	0.620916	-0.261691	-0.267452
0.460000	-3.984003	-1.783691	1.653213	0.636783	-0.267511	-0.273726
0.480000	-3.601151	-2.005333	1.863456	0.652126	-0.272701	-0.280993
0.500000	-3.157316	-2.230220	2.074047	0.667042	-0.277278	-0.288974
0.520000	-2.669695	-2.454223	2.281479	0.681633	-0.281258	-0.297389
0.540000	-2.155489	-2.673210	2.482248	0.695997	-0.284657	-0.305956
0.560000	-1.631897	-2.883053	2.672846	0.710235	-0.287491	-0.314396
0.580000	-1.116119	-3.079621	2.849770	0.724446	-0.289777	-0.322427
0.600000	-0.625354	-3.258784	3.009512	0.738731	-0.291532	-0.329769
0.620000	-0.176802	-3.416411	3.148567	0.753188	-0.292771	-0.336142
0.640000	0.212338	-3.548374	3.263429	0.767919	-0.293511	-0.341266
0.660000	0.524867	-3.650541	3.350594	0.783021	-0.293769	-0.344858
0.680000	0.743584	-3.718784	3.406554	0.798597	-0.293561	-0.346640
0.700000	0.851293	-3.748972	3.427805	0.814744	-0.292902	-0.346331
0.720000	0.837283	-3.738619	3.412393	0.831546	-0.291795	-0.343762
