0.000000	4.189771	1.482637	-0.291480	0.699622	-0.159461	-0.165146
0.020000	4.015225	1.514986	-0.326676	0.699632	-0.168105	-0.154410
0.040000	3.698623	1.555513	-0.374846	0.702677	-0.176213	-0.145444
0.060000	3.260884	1.602931	-0.433807	0.708324	-0.183700	-0.138196
0.080000	2.722925	1.655955	-0.501380	0.716140	-0.190479	-0.132617
0.100000	2.105668	1.713298	-0.575382	0.725694	-0.196465	-0.128655
0.120000	1.430031	1.773672	-0.653634	0.736551	-0.201571	-0.126259
0.140000	0.716933	1.835792	-0.733954	0.748279	-0.205712	-0.125377
0.160000	-0.012706	1.898370	-0.814161	0.760446	-0.208801	-0.125958
0.180000	-0.737967	1.960121	-0.892074	0.772619	-0.210751	-0.127952
0.200000	-1.437930	2.019757	-0.965513	0.784364	-0.211478	-0.131308
0.220000	-2.091677	2.075992	-1.032296	0.795250	-0.210895	-0.135973
0.240000	-2.678289	2.127540	-1.090241	0.804843	-0.208916	-0.141897
0.260000	-3.176845	2.173114	-1.137169	0.812710	-0.205455	-0.149030
0.280000	-3.566427	2.211426	-1.170899	0.818420	-0.200425	-0.157319
0.300000	-3.826116	2.241192	-1.189248	0.821538	-0.193741	-0.166714
0.320000	-3.934999	2.261124	-1.190038	0.821633	-0.185317	-0.177163
0.340000	-3.881327	2.270185	-1.171974	0.818458	-0.175159	-0.188575
0.360000	-3.680228	2.268068	-1.136362	0.812309	-0.163547	-0.200740
0.380000	-3.351739	2.254602	-1.084982	0.803584	-0.150808	-0.213426
0.400000	-2.915893	2.229612	-1.019617	0.792678	-0.137273	-0.226401
0.420000	-2.392724	2.192926	-0.942045	0.779989	-0.123268	-0.239434
0.440000	-1.802269	2.144371	-0.854048	0.765913	-0.109123	-0.252291
0.460000	-1.164561	2.083773	-0.757407	0.750847	-0.095167	-0.264743
0.480000	-0.499635	2.010961	-0.653902	0.735187	-0.081727	-0.276556
0.500000	0.172475	1.925761	-0.545314	0.719330	-0.069134	-0.287498
0.520000	0.831733	1.828000	-0.433423	0.703673	-0.057714	-0.297339
0.540000	1.458105	1.717504	-0.320011	0.688611	-0.047797	-0.305847
0.560000	2.031556	1.594102	-0.206858	0.674543	-0.039712	-0.312788
0.580000	2.532052	1.457621	-0.095744	0.661863	-0.033787	-0.317933
0.600000	2.939558	1.307886	0.011550	0.650970	-0.030350	-0.321048
0.620000	3.234039	1.144726	0.113242	0.642259	-0.029731	-0.321901
0.640000	3.395920	0.968002	0.207585	0.636123	-0.032247	-0.320270
0.660000	3.420608	0.778753	0.293859	0.632788	-0.037895	-0.316177
0.680000	3.321458	0.579419	0.372580	0.632285	-0.046281	-0.309943
0.700000	3.112886	0.372525	0.444337	0.634635	-0.056990	-0.301906
