0.000000	0.074580	-3.399193	2.836214	0.714511	-0.173904	-0.233756
0.020000	-0.043886	-3.493818	2.891945	0.754911	-0.187497	-0.223541
0.040000	-0.207420	-3.550931	2.933072	0.798430	-0.202491	-0.212715
0.060000	-0.408342	-3.575850	2.961686	0.844531	-0.218438	-0.201534
0.080000	-0.638973	-3.573894	2.979877	0.892676	-0.234886	-0.190252
0.100000	-0.891632	-3.550381	2.989733	0.942325	-0.251387	-0.179124
0.120000	-1.158640	-3.510628	2.993344	0.992941	-0.267490	-0.168406
0.140000	-1.432316	-3.459954	2.992800	1.043987	-0.282746	-0.158351
0.160000	-1.704982	-3.403676	2.990190	1.094923	-0.296703	-0.149214
0.180000	-1.968958	-3.347113	2.987604	1.145211	-0.308913	-0.141250
0.200000	-2.216563	-3.295583	2.987132	1.194314	-0.318925	-0.134714
0.220000	-2.440118	-3.254404	2.990862	1.241692	-0.326289	-0.129861
0.240000	-2.631943	-3.228894	3.000885	1.286809	-0.330556	-0.126944
0.260000	-2.784359	-3.224370	3.019290	1.329126	-0.331275	-0.126220
0.280000	-2.889685	-3.246151	3.048167	1.368105	-0.327997	-0.127942
0.300000	-2.941596	-3.298438	3.089093	1.403300	-0.320395	-0.132296
0.320000	-2.942243	-3.378429	3.140450	1.434849	-0.308915	-0.139038
0.340000	-2.897047	-3.480624	3.199380	1.463115	-0.294305	-0.147756
0.360000	-2.811439	-3.599514	3.263026	1.488460	-0.277311	-0.158037
0.380000	-2.690847	-3.729593	3.328531	1.511248	-0.258679	-0.169470
0.400000	-2.540702	-3.865351	3.393036	1.531841	-0.239156	-0.181643
0.420000	-2.366433	-4.001282	3.453682	1.550602	-0.219488	-0.194144
0.440000	-2.173469	-4.131878	3.507612	1.567894	-0.200421	-0.206561
0.460000	-1.967241	-4.251632	3.551968	1.584080	-0.182704	-0.218482
0.480000	-1.753177	-4.355035	3.583891	1.599523	-0.167081	-0.229495
0.500000	-1.536708	-4.436579	3.600524	1.614585	-0.154300	-0.239188
0.520000	-1.323262	-4.490758	3.599008	1.629630	-0.145106	-0.247149
0.540000	-1.118270	-4.512063	3.576485	1.645021	-0.140248	-0.252966
0.560000	-0.927162	-4.494987	3.530098	1.661120	-0.140470	-0.256227
0.580000	-0.755365	-4.434022	3.456988	1.678290	-0.146520	-0.256521
0.600000	-0.607904	-4.324529	3.354736	1.696848	-0.159026	-0.253499
0.620000	-0.486369	-4.169192	3.224625	1.716721	-0.177620	-0.247352
0.640000	-0.390630	-3.974366	3.069795	1.737638	-0.201434	-0.238539
0.660000	-0.320544	-3.746434	2.893399	1.759329	-0.229597	-0.227523
0.680000	-0.275969	-3.491778	2.698589	1.781523	-0.261237	-0.214766
0.700000	-0.256762	-3.216782	2.488520	1.803948	-0.295483	-0.200731
0.720000	-0.262781	-2.927829	2.266343	1.826335	-0.331464	-0.185879
0.740000	-0.293882	-2.631300	2.035213	1.848413	-0.368308	-0.170673
0.760000	-0.349923	-2.333580	1.798282	1.869909	-0.405144	-0.155575
0.780000	-0.430761	-2.041050	1.558704	1.890555	-0.441100	-0.141048
0.800000	-0.536254	-1.760093	1.319631	1.910077	-0.475304	-0.127553
0.820000	-0.666259	-1.497093	1.084218	1.928207	-0.506887	-0.115554
0.840000	-0.820632	-1.258433	0.855616	1.944672	-0.534975	-0.105511
0.860000	-0.999233	-1.050494	0.636979	1.959202	-0.558698	-0.097887
0.880000	-1.201917	-0.879659	0.431461	1.971526	-0.577183	-0.093146
0.900000	-1.428150	-0.751745	0.241944	1.981380	-0.589634	-0.091705
0.920000	-1.672833	-0.665967	0.068171	1.988572	-0.596102	-0.093492
0.940000	-1.927926	-0.617285	-0.092142	1.992958	-0.597189	-0.098114
0.960000	-2.185337	-0.600588	-0.241312	1.994397	-0.593503	-0.105173
0.980000	-2.436975	-0.610762	-0.381657	1.992743	-0.585657	-0.114272
1.000000	-2.674751	-0.642697	-0.515496	1.987856	-0.574259	-0.125012
1.020000	-2.890573	-0.691281	-0.645144	1.979591	-0.559921	-0.136997
1.040000	-3.076350	-0.751402	-0.772919	1.967806	-0.543252	-0.149827
1.060000	-3.223993	-0.817949	-0.901140	1.952358	-0.524863	-0.163106
1.080000	-3.325409	-0.885809	-1.032124	1.933103	-0.505363	-0.176436
1.100000	-3.372508	-0.949871	-1.168188	1.909900	-0.485364	-0.189419
1.120000	-3.357201	-1.005023	-1.311650	1.882604	-0.465475	-0.201657
1.140000	-3.271395	-1.046154	-1.464827	1.851074	-0.446306	-0.212753
1.160000	-3.107001	-1.068151	-1.630037	1.815165	-0.428468	-0.222308
