0.000000	1.558850	0.008646	0.461403	0.741586	-0.089717	-0.256532
0.020000	0.868161	-0.178005	0.583222	0.744030	-0.096423	-0.240771
0.040000	0.148817	-0.360284	0.697664	0.747888	-0.103265	-0.225576
0.060000	-0.580217	-0.536119	0.804585	0.753174	-0.110040	-0.211314
0.080000	-1.299977	-0.703441	0.903841	0.759899	-0.116542	-0.198351
0.100000	-1.991498	-0.860179	0.995289	0.768076	-0.122568	-0.187053
0.120000	-2.635816	-1.004265	1.078785	0.777718	-0.127913	-0.177786
0.140000	-3.213966	-1.133627	1.154185	0.788836	-0.132372	-0.170916
0.160000	-3.706983	-1.246196	1.221346	0.801444	-0.135742	-0.166809
0.180000	-4.095903	-1.339901	1.280123	0.815553	-0.137817	-0.165831
0.200000	-4.363205	-1.412864	1.330398	0.831174	-0.138418	-0.168307
0.220000	-4.508015	-1.465403	1.372339	0.848288	-0.137647	-0.174076
0.240000	-4.540135	-1.499245	1.406298	0.866860	-0.135789	-0.182668
0.260000	-4.469540	-1.516141	1.432629	0.886854	-0.133131	-0.193606
0.280000	-4.306206	-1.517841	1.451688	0.908232	-0.129960	-0.206416
0.300000	-4.060109	-1.506095	1.463830	0.930959	-0.126563	-0.220622
0.320000	-3.741225	-1.482655	1.469410	0.954998	-0.123228	-0.235748
0.340000	-3.359530	-1.449270	1.468782	0.980313	-0.120241	-0.251319
0.360000	-2.924999	-1.407692	1.462303	1.006868	-0.117890	-0.266858
0.380000	-2.447610	-1.359670	1.450326	1.034626	-0.116463	-0.281891
0.400000	-1.937337	-1.306955	1.433207	1.063552	-0.116245	-0.295940
0.420000	-1.404157	-1.251298	1.411300	1.093608	-0.117525	-0.308532
0.440000	-0.858045	-1.194450	1.384962	1.124758	-0.120589	-0.319190
0.460000	-0.308977	-1.138160	1.354546	1.156967	-0.125725	-0.327439
0.480000	0.233070	-1.084179	1.320409	1.190197	-0.133219	-0.332802
0.500000	0.758120	-1.034258	1.282904	1.224413	-0.143360	-0.334805
0.520000	1.256274	-0.990113	1.242371	1.259572	-0.156425	-0.332984
0.540000	1.720306	-0.952232	1.198607	1.295453	-0.172357	-0.327328
0.560000	2.146333	-0.919569	1.150728	1.331603	-0.190681	-0.318390
0.580000	2.530685	-0.890981	1.097807	1.367557	-0.210897	-0.306759
0.600000	2.869688	-0.865327	1.038918	1.402851	-0.232504	-0.293023
0.620000	3.159671	-0.841464	0.973134	1.437019	-0.255001	-0.277770
