0.000000	0.609850	-0.507588	0.551753	0.477839	-0.811158	0.259975
0.020000	0.677553	-0.417820	0.456790	0.469722	-0.810284	0.263173
0.040000	0.716916	-0.315914	0.354042	0.462112	-0.809352	0.266509
0.060000	0.725303	-0.202489	0.244433	0.455149	-0.808366	0.269960
0.080000	0.704207	-0.078727	0.129694	0.448888	-0.807340	0.273460
0.100000	0.656245	0.054037	0.011776	0.443363	-0.806292	0.276934
0.120000	0.584030	0.194467	-0.107372	0.438607	-0.805242	0.280306
0.140000	0.490178	0.341229	-0.225801	0.434654	-0.804207	0.283500
0.160000	0.377304	0.492987	-0.341560	0.431536	-0.803208	0.286440
0.180000	0.248023	0.648406	-0.452701	0.429287	-0.802261	0.289049
0.200000	0.104951	0.806151	-0.557272	0.427940	-0.801386	0.291253
0.220000	-0.049299	0.964888	-0.653326	0.427530	-0.800602	0.292974
0.240000	-0.212111	1.123280	-0.738912	0.428088	-0.799926	0.294136
0.260000	-0.380869	1.279993	-0.812080	0.429649	-0.799379	0.294665
0.280000	-0.552960	1.433691	-0.870881	0.432246	-0.798977	0.294483
0.300000	-0.725767	1.583041	-0.913366	0.435911	-0.798741	0.293515
0.320000	-0.896676	1.726705	-0.937583	0.440680	-0.798688	0.291685
0.340000	-1.063071	1.863350	-0.941585	0.446584	-0.798837	0.288917
0.360000	-1.222345	1.991636	-0.923441	0.453657	-0.799207	0.285135
0.380000	-1.372414	2.109869	-0.882741	0.461848	-0.799813	0.280353
0.400000	-1.512086	2.215757	-0.821662	0.470971	-0.800662	0.274732
0.420000	-1.640257	2.306947	-0.742630	0.480825	-0.801761	0.268448
0.440000	-1.755820	2.381090	-0.648071	0.491209	-0.803119	0.261676
0.460000	-1.857671	2.435833	-0.540410	0.501923	-0.804741	0.254593
0.480000	-1.944705	2.468824	-0.422076	0.512764	-0.806637	0.247375
0.500000	-2.015816	2.477713	-0.295492	0.523534	-0.808813	0.240198
0.520000	-2.069899	2.460148	-0.163087	0.534030	-0.811275	0.233236
0.540000	-2.105848	2.413778	-0.027285	0.544052	-0.814033	0.226667
0.560000	-2.122560	2.336251	0.109486	0.553399	-0.817092	0.220667
0.580000	-2.118928	2.225216	0.244801	0.561870	-0.820461	0.215410
0.600000	-2.093847	2.078321	0.376233	0.569265	-0.824146	0.211073
0.620000	-2.046212	1.893215	0.501356	0.575383	-0.828156	0.207832
0.640000	-1.974918	1.667546	0.617744	0.580023	-0.832496	0.205863
0.660000	-1.878866	1.398979	0.722975	0.582984	-0.837175	0.205341
0.680000	-1.758254	1.088078	0.815339	0.584168	-0.842168	0.206349
0.700000	-1.616119	0.741768	0.894696	0.583698	-0.847383	0.208764
0.720000	-1.455874	0.367819	0.961111	0.581727	-0.852718	0.212437
0.740000	-1.280935	-0.026001	1.014649	0.578408	-0.858070	0.217219
0.760000	-1.094715	-0.431924	1.055376	0.573894	-0.863338	0.222962
0.780000	-0.900627	-0.842180	1.083358	0.568339	-0.868421	0.229515
0.800000	-0.702086	-1.249001	1.098661	0.561894	-0.873215	0.236730
0.820000	-0.502507	-1.644619	1.101349	0.554713	-0.877621	0.244458
0.840000	-0.305302	-2.021264	1.091488	0.546948	-0.881535	0.252549
0.860000	-0.113886	-2.371168	1.069145	0.538754	-0.884855	0.260855
0.880000	0.068327	-2.686563	1.034385	0.530282	-0.887481	0.269226
0.900000	0.237923	-2.959680	0.987272	0.521686	-0.889310	0.277513
0.920000	0.391488	-3.182750	0.927874	0.513118	-0.890240	0.285567
0.940000	0.525609	-3.348004	0.856255	0.504731	-0.890169	0.293239
0.960000	0.636870	-3.447674	0.772482	0.496679	-0.888997	0.300380
0.980000	0.721859	-3.473991	0.676619	0.489115	-0.886620	0.306841
1.000000	0.777894	-3.421510	0.569026	0.482169	-0.882974	0.312495
1.020000	0.805683	-3.295509	0.451416	0.475876	-0.878172	0.317324
1.040000	0.806907	-3.104357	0.325891	0.470239	-0.872374	0.321339
