0.000000	-0.436040	0.531691	-0.732115	0.552977	-0.795981	0.244865
0.020000	-0.461132	0.481903	-0.618097	0.559836	-0.803218	0.249099
0.040000	-0.482975	0.433732	-0.505208	0.565887	-0.809658	0.253547
0.060000	-0.501774	0.389104	-0.395821	0.570981	-0.815058	0.258238
0.080000	-0.517732	0.349945	-0.292306	0.574969	-0.819171	0.263201
0.100000	-0.531052	0.318163	-0.197016	0.577702	-0.821754	0.268462
0.120000	-0.541851	0.294630	-0.111261	0.579132	-0.822720	0.274012
0.140000	-0.550110	0.278669	-0.034790	0.579350	-0.822209	0.279780
0.160000	-0.555804	0.269476	0.032776	0.578464	-0.820382	0.285693
0.180000	-0.558904	0.266249	0.091814	0.576579	-0.817399	0.291677
0.200000	-0.559385	0.268183	0.142702	0.573801	-0.813421	0.297658
0.220000	-0.557218	0.274475	0.185818	0.570235	-0.808609	0.303564
0.240000	-0.552376	0.284321	0.221541	0.565988	-0.803121	0.309319
0.260000	-0.544833	0.296919	0.250249	0.561166	-0.797120	0.314850
0.280000	-0.534560	0.311465	0.272319	0.555873	-0.790766	0.320084
0.300000	-0.521532	0.327155	0.288130	0.550217	-0.784218	0.324946
0.320000	-0.505721	0.343185	0.298060	0.544303	-0.777637	0.329363
0.340000	-0.487099	0.358753	0.302487	0.538236	-0.771184	0.333261
0.360000	-0.465639	0.373056	0.301789	0.532123	-0.765019	0.336567
0.380000	-0.441315	0.385288	0.296344	0.526069	-0.759302	0.339206
0.400000	-0.414099	0.394647	0.286530	0.520180	-0.754195	0.341105
0.420000	-0.384001	0.400383	0.272718	0.514559	-0.749847	0.342198
0.440000	-0.351460	0.402340	0.255192	0.509267	-0.746302	0.342509
0.460000	-0.317184	0.400740	0.234181	0.504342	-0.743534	0.342116
0.480000	-0.281887	0.395812	0.209915	0.499820	-0.741518	0.341102
0.500000	-0.246281	0.387785	0.182623	0.495737	-0.740227	0.339546
0.520000	-0.211079	0.376888	0.152532	0.492129	-0.739635	0.337530
0.540000	-0.176994	0.363348	0.119873	0.489034	-0.739715	0.335134
0.560000	-0.144740	0.347395	0.084873	0.486488	-0.740442	0.332439
0.580000	-0.115030	0.329257	0.047762	0.484526	-0.741788	0.329526
0.600000	-0.088576	0.309162	0.008769	0.483186	-0.743727	0.326476
0.620000	-0.066091	0.287339	-0.031878	0.482504	-0.746234	0.323369
0.640000	-0.048290	0.264017	-0.073950	0.482516	-0.749282	0.320286
0.660000	-0.035883	0.239424	-0.117218	0.483258	-0.752845	0.317309
0.680000	-0.029585	0.213789	-0.161453	0.484768	-0.756896	0.314517
0.700000	-0.030109	0.187340	-0.206426	0.487081	-0.761409	0.311992
