0.000000	-0.448423	0.385894	-0.469133	0.576222	-0.779251	0.245263
0.020000	-0.425351	0.329443	-0.449810	0.575461	-0.777003	0.244374
0.040000	-0.396141	0.275713	-0.425081	0.573320	-0.775148	0.244230
0.060000	-0.361588	0.224694	-0.395590	0.569941	-0.773653	0.244745
0.080000	-0.322526	0.176323	-0.362024	0.565478	-0.772480	0.245822
0.100000	-0.279787	0.130540	-0.325070	0.560086	-0.771591	0.247369
0.120000	-0.234206	0.087284	-0.285413	0.553921	-0.770949	0.249289
0.140000	-0.186618	0.046494	-0.243741	0.547135	-0.770517	0.251488
0.160000	-0.137854	0.008109	-0.200741	0.539885	-0.770257	0.253872
0.180000	-0.088750	-0.027932	-0.157099	0.532323	-0.770131	0.256345
0.200000	-0.040138	-0.061689	-0.113502	0.524606	-0.770102	0.258813
0.220000	0.007147	-0.093225	-0.070637	0.516886	-0.770133	0.261182
0.240000	0.052271	-0.122599	-0.029190	0.509320	-0.770185	0.263356
0.260000	0.094401	-0.149873	0.010152	0.502060	-0.770223	0.265241
0.280000	0.132704	-0.175108	0.046702	0.495263	-0.770207	0.266742
0.300000	0.166345	-0.198364	0.079773	0.489082	-0.770100	0.267764
0.320000	0.194490	-0.219703	0.108679	0.483671	-0.769866	0.268213
0.340000	0.216307	-0.239185	0.132734	0.479186	-0.769466	0.267994
0.360000	0.231234	-0.256920	0.151607	0.475724	-0.768882	0.267059
0.380000	0.239441	-0.273146	0.165921	0.473230	-0.768151	0.265488
0.400000	0.241219	-0.288121	0.176456	0.471626	-0.767315	0.263378
0.420000	0.236856	-0.302104	0.183992	0.470831	-0.766417	0.260830
0.440000	0.226643	-0.315355	0.189307	0.470766	-0.765502	0.257943
0.460000	0.210870	-0.328133	0.193184	0.471353	-0.764614	0.254816
0.480000	0.189827	-0.340696	0.196400	0.472511	-0.763795	0.251549
0.500000	0.163804	-0.353304	0.199737	0.474160	-0.763090	0.248240
0.520000	0.133090	-0.366216	0.203974	0.476223	-0.762542	0.244990
0.540000	0.097976	-0.379690	0.209891	0.478618	-0.762195	0.241897
0.560000	0.058752	-0.393986	0.218267	0.481267	-0.762092	0.239061
0.580000	0.015707	-0.409362	0.229884	0.484091	-0.762278	0.236581
0.600000	-0.030868	-0.426078	0.245520	0.487009	-0.762795	0.234557
0.620000	-0.080683	-0.444393	0.265956	0.489942	-0.763687	0.233087
0.640000	-0.133449	-0.464566	0.291972	0.492812	-0.764999	0.232272
0.660000	-0.188875	-0.486856	0.324347	0.495538	-0.766774	0.232210
