0.000000	-5.086293	-2.450107	1.573291	0.293172	-0.580665	-0.142172
0.020000	-4.968235	-2.526427	1.523887	0.282584	-0.644422	-0.160642
0.040000	-4.777477	-2.587320	1.452380	0.272643	-0.718923	-0.178152
0.060000	-4.523810	-2.632361	1.361971	0.263504	-0.800633	-0.194858
0.080000	-4.217021	-2.661124	1.255861	0.255323	-0.886017	-0.210913
0.100000	-3.866899	-2.673186	1.137252	0.248258	-0.971540	-0.226473
0.120000	-3.483234	-2.668121	1.009343	0.242463	-1.053669	-0.241691
0.140000	-3.075814	-2.645502	0.875337	0.238095	-1.128868	-0.256723
0.160000	-2.654428	-2.604907	0.738434	0.235311	-1.193603	-0.271722
0.180000	-2.228865	-2.545908	0.601835	0.234267	-1.244339	-0.286844
0.200000	-1.808914	-2.468082	0.468742	0.235119	-1.277541	-0.302243
0.220000	-1.404364	-2.371003	0.342356	0.238022	-1.289675	-0.318072
0.240000	-1.025004	-2.254246	0.225877	0.243135	-1.277207	-0.334488
0.260000	-0.680622	-2.117386	0.122508	0.250611	-1.236601	-0.351643
0.280000	-0.381008	-1.959997	0.035447	0.260609	-1.164323	-0.369694
0.300000	-0.135950	-1.781655	-0.032102	0.273283	-1.056839	-0.388794
0.320000	0.045373	-1.582062	-0.077143	0.288769	-0.910956	-0.409079
0.340000	0.163329	-1.362911	-0.099872	0.306853	-0.728830	-0.430402
0.360000	0.225833	-1.127472	-0.103006	0.327047	-0.516850	-0.452392
0.380000	0.241009	-0.879056	-0.089335	0.348856	-0.281516	-0.474671
0.400000	0.216977	-0.620976	-0.061645	0.371786	-0.029334	-0.496861
0.420000	0.161863	-0.356543	-0.022726	0.395341	0.233196	-0.518583
0.440000	0.083787	-0.089069	0.024635	0.419027	0.499568	-0.539461
0.460000	-0.009126	0.178133	0.077650	0.442347	0.763282	-0.559116
0.480000	-0.108755	0.441752	0.133531	0.464808	1.017833	-0.577170
0.500000	-0.206977	0.698475	0.189489	0.485914	1.256718	-0.593245
0.520000	-0.295668	0.944992	0.242736	0.505170	1.473436	-0.606964
0.540000	-0.366707	1.177989	0.290485	0.522081	1.661482	-0.617949
0.560000	-0.411969	1.394155	0.329948	0.536152	1.814354	-0.625821
0.580000	-0.423334	1.590178	0.358335	0.546888	1.925549	-0.630204
0.600000	-0.392677	1.762745	0.372860	0.553793	1.988563	-0.630718
0.620000	-0.312184	1.908664	0.370817	0.556392	1.997155	-0.627003
0.640000	-0.181224	2.027488	0.351443	0.554631	1.951153	-0.619060
0.660000	-0.006413	2.121546	0.315933	0.548887	1.856513	-0.607259
0.680000	0.205309	2.193290	0.265568	0.539555	1.719462	-0.591987
0.700000	0.447005	2.245171	0.201632	0.527030	1.546227	-0.573632
0.720000	0.711738	2.279641	0.125404	0.511707	1.343034	-0.552579
0.740000	0.992570	2.299152	0.038169	0.493981	1.116110	-0.529215
0.760000	1.282563	2.306154	-0.058794	0.474248	0.871682	-0.503928
0.780000	1.574779	2.303098	-0.164202	0.452901	0.615976	-0.477102
0.800000	1.862281	2.292437	-0.276772	0.430337	0.355220	-0.449126
0.820000	2.138131	2.276622	-0.395224	0.406951	0.095639	-0.420385
0.840000	2.395390	2.258105	-0.518276	0.383137	-0.156539	-0.391267
0.860000	2.627122	2.239336	-0.644644	0.359290	-0.395088	-0.362158
0.880000	2.826388	2.222766	-0.773049	0.335807	-0.613782	-0.333445
0.900000	2.986251	2.210849	-0.902208	0.313081	-0.806392	-0.305514
0.920000	3.099774	2.206034	-1.030839	0.291507	-0.966694	-0.278752
0.940000	3.161323	2.210489	-1.157708	0.271446	-1.089372	-0.253510
0.960000	3.174237	2.224423	-1.281914	0.253013	-1.175381	-0.229894
0.980000	3.145615	2.247226	-1.402694	0.236221	-1.228306	-0.207909
1.000000	3.082574	2.278283	-1.519286	0.221082	-1.251739	-0.187557
1.020000	2.992226	2.316981	-1.630927	0.207610	-1.249276	-0.168841
1.040000	2.881688	2.362705	-1.736857	0.195816	-1.224511	-0.151766
1.060000	2.758073	2.414842	-1.836312	0.185714	-1.181037	-0.136334
1.080000	2.628496	2.472777	-1.928531	0.177317	-1.122448	-0.122550
1.100000	2.500071	2.535897	-2.012750	0.170636	-1.052340	-0.110415
1.120000	2.379913	2.603587	-2.088210	0.165685	-0.974304	-0.099934
1.140000	2.275137	2.675234	-2.154146	0.162477	-0.891937	-0.091110
1.160000	2.192857	2.750223	-2.209797	0.161023	-0.808831	-0.083946
1.180000	2.140187	2.827941	-2.254401	0.161337	-0.728581	-0.078446
1.200000	2.124243	2.907773	-2.287196	0.163432	-0.654781	-0.074612
1.220000	2.152138	2.989106	-2.307419	0.167319	-0.591025	-0.072449
1.240000	2.230987	3.071326	-2.314309	0.173013	-0.540906	-0.071960
1.260000	2.367337	3.153762	-2.307138	0.180518	-0.507846	-0.073139
1.280000	2.558092	3.234792	-2.285774	0.189728	-0.492330	-0.075847
1.300000	2.792111	3.311999	-2.250580	0.200444	-0.492390	-0.079828
1.320000	3.058005	3.382942	-2.201935	0.212463	-0.505984	-0.084823
1.340000	3.344385	3.445178	-2.140218	0.225581	-0.531071	-0.090575
1.360000	3.639863	3.496267	-2.065807	0.239595	-0.565609	-0.096825
1.380000	3.933050	3.533767	-1.979080	0.254302	-0.607556	-0.103315
1.400000	4.212557	3.555236	-1.880417	0.269500	-0.654870	-0.109787
1.420000	4.466997	3.558233	-1.770197	0.284986	-0.705509	-0.115982
1.440000	4.684979	3.540317	-1.648797	0.300555	-0.757432	-0.121641
1.460000	4.855116	3.499045	-1.516597	0.316006	-0.808596	-0.126508
1.480000	4.966019	3.431977	-1.373974	0.331136	-0.856960	-0.130323
1.500000	5.006299	3.336670	-1.221309	0.345741	-0.900481	-0.132827
1.520000	4.964568	3.210684	-1.058980	0.359618	-0.937119	-0.133764
1.540000	4.829437	3.051577	-0.887364	0.372564	-0.964830	-0.132874
1.560000	4.589957	2.857003	-0.706879	0.384380	-0.981637	-0.129909
1.580000	4.246509	2.627112	-0.518900	0.394940	-0.987201	-0.124895
1.600000	3.811531	2.364704	-0.325827	0.404196	-0.982928	-0.118145
1.620000	3.298048	2.072709	-0.130108	0.412107	-0.970308	-0.109987
1.640000	2.719082	1.754057	0.065808	0.418629	-0.950830	-0.100750
1.660000	2.087657	1.411678	0.259473	0.423721	-0.925986	-0.090762
1.680000	1.416794	1.048501	0.448439	0.427338	-0.897265	-0.080351
1.700000	0.719519	0.667457	0.630257	0.429439	-0.866158	-0.069846
1.720000	0.008853	0.271474	0.802478	0.429981	-0.834155	-0.059574
1.740000	-0.702180	-0.136517	0.962655	0.428921	-0.802747	-0.049864
1.760000	-1.400557	-0.553587	1.108338	0.426217	-0.773422	-0.041043
1.780000	-2.073254	-0.976805	1.237079	0.421825	-0.747673	-0.033441
1.800000	-2.707249	-1.403243	1.346430	0.415703	-0.726988	-0.027386
1.820000	-3.289519	-1.829969	1.433942	0.407808	-0.712859	-0.023205
1.840000	-3.807040	-2.254056	1.497167	0.398098	-0.706775	-0.021227
1.860000	-4.246788	-2.672572	1.533656	0.386530	-0.710227	-0.021780
1.880000	-4.595784	-3.082586	1.540969	0.373063	-0.724697	-0.025191
1.900000	-4.847764	-3.481026	1.518023	0.357833	-0.750357	-0.031605
1.920000	-5.010564	-3.864511	1.466579	0.341358	-0.784633	-0.040787
