0.000000	-6.246138	-3.510891	1.161713	0.182664	-0.478400	-0.031297
0.020000	-6.017721	-3.568451	0.986381	0.176448	-0.501154	-0.038195
0.040000	-5.752997	-3.623548	0.794837	0.172033	-0.531440	-0.044553
0.060000	-5.457906	-3.673634	0.592996	0.169371	-0.568476	-0.050497
0.080000	-5.138387	-3.716161	0.386775	0.168413	-0.611482	-0.056155
0.100000	-4.800381	-3.748581	0.182088	0.169111	-0.659674	-0.061655
0.120000	-4.449828	-3.768345	-0.015148	0.171416	-0.712272	-0.067123
0.140000	-4.092667	-3.772905	-0.199017	0.175282	-0.768493	-0.072688
0.160000	-3.734839	-3.759714	-0.363604	0.180659	-0.827556	-0.078477
0.180000	-3.382283	-3.726223	-0.502993	0.187499	-0.888679	-0.084618
0.200000	-3.040940	-3.669883	-0.611269	0.195754	-0.951081	-0.091238
0.220000	-2.716750	-3.588148	-0.682514	0.205376	-1.013979	-0.098465
0.240000	-2.415652	-3.478468	-0.710815	0.216317	-1.076592	-0.106425
0.260000	-2.143586	-3.338296	-0.690255	0.228528	-1.138139	-0.115248
0.280000	-1.905857	-3.165625	-0.615989	0.241946	-1.197876	-0.125033
0.300000	-1.702962	-2.962527	-0.491246	0.256394	-1.255360	-0.135677
0.320000	-1.533208	-2.732937	-0.322943	0.271642	-1.310279	-0.146984
0.340000	-1.394892	-2.480801	-0.118013	0.287460	-1.362326	-0.158756
0.360000	-1.286308	-2.210061	0.116611	0.303618	-1.411190	-0.170799
0.380000	-1.205754	-1.924662	0.373995	0.319887	-1.456564	-0.182913
0.400000	-1.151524	-1.628549	0.647206	0.336036	-1.498138	-0.194904
0.420000	-1.121914	-1.325665	0.929310	0.351836	-1.535604	-0.206573
0.440000	-1.115221	-1.019956	1.213373	0.367057	-1.568652	-0.217725
0.460000	-1.129739	-0.715365	1.492462	0.381469	-1.596973	-0.228163
0.480000	-1.163765	-0.415837	1.759643	0.394841	-1.620259	-0.237690
0.500000	-1.215595	-0.125316	2.007982	0.406946	-1.638201	-0.246108
0.520000	-1.283524	0.152254	2.230547	0.417551	-1.650489	-0.253223
0.540000	-1.365848	0.412928	2.420403	0.426428	-1.656815	-0.258835
0.560000	-1.460862	0.652762	2.570616	0.433347	-1.656869	-0.262750
0.580000	-1.566863	0.867812	2.674254	0.438078	-1.650343	-0.264770
0.600000	-1.682147	1.054134	2.724382	0.440390	-1.636929	-0.264699
0.620000	-1.804613	1.208704	2.715948	0.440124	-1.616459	-0.262402
0.640000	-1.930376	1.332666	2.652401	0.437434	-1.589415	-0.258033
0.660000	-2.055044	1.428340	2.539595	0.432564	-1.556460	-0.251824
0.680000	-2.174227	1.498045	2.383381	0.425756	-1.518259	-0.244009
0.700000	-2.283532	1.544102	2.189613	0.417253	-1.475475	-0.234821
0.720000	-2.378569	1.568831	1.964142	0.407300	-1.428772	-0.224492
0.740000	-2.454947	1.574552	1.712821	0.396139	-1.378814	-0.213257
0.760000	-2.508273	1.563584	1.441502	0.384013	-1.326264	-0.201348
0.780000	-2.534159	1.538248	1.156039	0.371167	-1.271785	-0.188997
0.800000	-2.528211	1.500864	0.862282	0.357842	-1.216043	-0.176440
0.820000	-2.486038	1.453752	0.566086	0.344282	-1.159699	-0.163908
0.840000	-2.403251	1.399232	0.273302	0.330731	-1.103419	-0.151634
0.860000	-2.275456	1.339623	-0.010217	0.317432	-1.047866	-0.139853
0.880000	-2.098264	1.277246	-0.278619	0.304627	-0.993703	-0.128796
0.900000	-1.867283	1.214422	-0.526052	0.292561	-0.941595	-0.118698
0.920000	-1.579627	1.153236	-0.747435	0.281450	-0.892155	-0.109747
0.940000	-1.241438	1.094383	-0.942325	0.271358	-0.845705	-0.101875
0.960000	-0.862213	1.038035	-1.111999	0.262289	-0.802452	-0.094918
0.980000	-0.451453	0.984366	-1.257740	0.254249	-0.762609	-0.088708
1.000000	-0.018660	0.933551	-1.380827	0.247242	-0.726385	-0.083081
1.020000	0.426665	0.885762	-1.482541	0.241274	-0.693990	-0.077872
1.040000	0.875021	0.841172	-1.564163	0.236349	-0.665634	-0.072915
1.060000	1.316906	0.799955	-1.626973	0.232474	-0.641527	-0.068045
1.080000	1.742819	0.762285	-1.672253	0.229652	-0.621879	-0.063096
1.100000	2.143258	0.728335	-1.701283	0.227888	-0.606901	-0.057903
1.120000	2.508722	0.698279	-1.715344	0.227189	-0.596802	-0.052300
1.140000	2.829710	0.672289	-1.715716	0.227559	-0.591792	-0.046122
1.160000	3.096720	0.650539	-1.703681	0.229003	-0.592081	-0.039204
1.180000	3.300251	0.633204	-1.680519	0.231525	-0.597881	-0.031380
1.200000	3.430802	0.620455	-1.647511	0.235132	-0.609399	-0.022485
1.220000	3.478870	0.612467	-1.605937	0.239828	-0.626848	-0.012353
1.240000	3.435724	0.609369	-1.557032	0.245610	-0.650381	-0.000838
1.260000	3.303600	0.610670	-1.501363	0.252344	-0.679370	0.011952
1.280000	3.092906	0.615416	-1.439003	0.259802	-0.712600	0.025713
1.300000	2.814250	0.622642	-1.370012	0.267753	-0.748844	0.040140
1.320000	2.478237	0.631383	-1.294449	0.275967	-0.786874	0.054926
1.340000	2.095472	0.640673	-1.212375	0.284212	-0.825462	0.069765
1.360000	1.676561	0.649547	-1.123849	0.292258	-0.863381	0.084350
1.380000	1.232110	0.657040	-1.028931	0.299874	-0.899402	0.098374
1.400000	0.772725	0.662186	-0.927682	0.306829	-0.932298	0.111531
1.420000	0.309011	0.664021	-0.820161	0.312893	-0.960841	0.123515
1.440000	-0.148427	0.661579	-0.706428	0.317834	-0.983803	0.134020
1.460000	-0.588982	0.653895	-0.586544	0.321422	-0.999957	0.142737
1.480000	-1.002048	0.640004	-0.460568	0.323425	-1.008074	0.149362
1.500000	-1.377021	0.618940	-0.328559	0.323614	-1.006926	0.153588
1.520000	-1.703294	0.589738	-0.190579	0.321757	-0.995287	0.155108
1.540000	-1.970627	0.551497	-0.046763	0.317637	-0.972002	0.153629
1.560000	-2.176463	0.504638	0.101160	0.311317	-0.937476	0.149156
1.580000	-2.325554	0.450846	0.249945	0.303129	-0.893595	0.141973
1.600000	-2.422938	0.391854	0.396286	0.293414	-0.842306	0.132375
1.620000	-2.473658	0.329396	0.536878	0.282515	-0.785554	0.120660
1.640000	-2.482753	0.265204	0.668416	0.270772	-0.725284	0.107121
1.660000	-2.455265	0.201014	0.787595	0.258527	-0.663443	0.092056
1.680000	-2.396233	0.138557	0.891108	0.246123	-0.601975	0.075761
1.700000	-2.310699	0.079568	0.975652	0.233900	-0.542826	0.058531
1.720000	-2.203703	0.025780	1.037921	0.222201	-0.487942	0.040662
1.740000	-2.080285	-0.021074	1.074609	0.211368	-0.439269	0.022449
1.760000	-1.945486	-0.059259	1.082411	0.201741	-0.398752	0.004190
1.780000	-1.804347	-0.087043	1.058022	0.193663	-0.368336	-0.013820
1.800000	-1.661908	-0.102692	0.998137	0.187475	-0.349968	-0.031286
1.820000	-1.523209	-0.104472	0.899450	0.183520	-0.345592	-0.047911
1.840000	-1.393292	-0.090650	0.758656	0.182138	-0.357155	-0.063400
1.860000	-1.277197	-0.059493	0.572450	0.183672	-0.386602	-0.077457
1.880000	-1.179560	-0.009536	0.338179	0.188430	-0.435556	-0.089814
1.900000	-1.100622	0.057751	0.060281	0.196360	-0.502118	-0.100529
