0.000000	-6.346528	-0.895659	2.254583	0.311133	-0.747444	-0.078502
0.020000	-6.455586	-1.422509	2.252680	0.292507	-0.718050	-0.097673
0.040000	-6.491291	-1.964701	2.226656	0.272769	-0.688437	-0.116222
0.060000	-6.459704	-2.513322	2.178544	0.252389	-0.659584	-0.134296
0.080000	-6.366886	-3.059458	2.110377	0.231839	-0.632472	-0.152042
0.100000	-6.218901	-3.594196	2.024190	0.211589	-0.608079	-0.169610
0.120000	-6.021808	-4.108623	1.922016	0.192110	-0.587386	-0.187146
0.140000	-5.781671	-4.593826	1.805889	0.173872	-0.571371	-0.204797
0.160000	-5.504550	-5.040890	1.677843	0.157346	-0.561015	-0.222713
0.180000	-5.196508	-5.440904	1.539910	0.143003	-0.557296	-0.241040
0.200000	-4.863605	-5.784953	1.394126	0.131312	-0.561195	-0.259926
0.220000	-4.511905	-6.064125	1.242522	0.122746	-0.573691	-0.279518
0.240000	-4.147468	-6.269506	1.087135	0.117773	-0.595763	-0.299965
0.260000	-3.776356	-6.392182	0.929996	0.116865	-0.628391	-0.321415
0.280000	-3.404631	-6.423241	0.773139	0.120493	-0.672554	-0.344014
0.300000	-3.038193	-6.354291	0.618559	0.129097	-0.729155	-0.367897
0.320000	-2.679914	-6.186772	0.467504	0.142546	-0.797623	-0.392936
0.340000	-2.329964	-5.930887	0.320555	0.160203	-0.876079	-0.418769
0.360000	-1.988419	-5.597143	0.178272	0.181412	-0.962596	-0.445029
0.380000	-1.655355	-5.196050	0.041214	0.205517	-1.055250	-0.471345
0.400000	-1.330847	-4.738114	-0.090060	0.231861	-1.152113	-0.497349
0.420000	-1.014973	-4.233845	-0.214990	0.259790	-1.251261	-0.522671
0.440000	-0.707808	-3.693751	-0.333018	0.288647	-1.350768	-0.546943
0.460000	-0.409427	-3.128341	-0.443584	0.317777	-1.448707	-0.569795
0.480000	-0.119908	-2.548121	-0.546130	0.346523	-1.543153	-0.590858
0.500000	0.160673	-1.963602	-0.640095	0.374229	-1.632180	-0.609763
0.520000	0.432242	-1.385290	-0.724921	0.400240	-1.713862	-0.626142
0.540000	0.694721	-0.823694	-0.800049	0.423899	-1.786274	-0.639624
0.560000	0.948036	-0.289324	-0.864919	0.444552	-1.847489	-0.649841
0.580000	1.192108	0.207314	-0.918973	0.461541	-1.895582	-0.656424
0.600000	1.426864	0.655711	-0.961651	0.474212	-1.928627	-0.659004
0.620000	1.652224	1.045424	-0.992401	0.481912	-1.944712	-0.657214
0.640000	1.868010	1.371560	-1.011254	0.484393	-1.943156	-0.650970
0.660000	2.073864	1.638876	-1.019257	0.482105	-1.925414	-0.640675
0.680000	2.269407	1.853101	-1.017558	0.475568	-1.893154	-0.626782
0.700000	2.454265	2.019961	-1.007306	0.465303	-1.848048	-0.609742
0.720000	2.628060	2.145183	-0.989649	0.451830	-1.791764	-0.590007
0.740000	2.790416	2.234493	-0.965736	0.435669	-1.725973	-0.568031
0.760000	2.940957	2.293619	-0.936715	0.417340	-1.652343	-0.544264
0.780000	3.079306	2.328287	-0.903734	0.397365	-1.572545	-0.519160
0.800000	3.205087	2.344225	-0.867942	0.376262	-1.488248	-0.493170
0.820000	3.317923	2.347158	-0.830488	0.354553	-1.401123	-0.466747
0.840000	3.417438	2.342815	-0.792519	0.332757	-1.312837	-0.440342
0.860000	3.503256	2.336921	-0.755184	0.311396	-1.225063	-0.414409
0.880000	3.574999	2.335203	-0.719632	0.290989	-1.139468	-0.389399
0.900000	3.632292	2.343389	-0.687011	0.272057	-1.057723	-0.365765
0.920000	3.674759	2.367205	-0.658469	0.255120	-0.981497	-0.343958
0.940000	3.702007	2.412013	-0.635073	0.240672	-0.912385	-0.324404
0.960000	3.713452	2.478058	-0.616740	0.228851	-0.850929	-0.307144
0.980000	3.708362	2.561818	-0.602538	0.219527	-0.796896	-0.291938
1.000000	3.686002	2.659682	-0.591519	0.212568	-0.750036	-0.278538
1.020000	3.645639	2.768041	-0.582732	0.207840	-0.710096	-0.266697
1.040000	3.586537	2.883283	-0.575227	0.205208	-0.676826	-0.256167
1.060000	3.507962	3.001800	-0.568054	0.204539	-0.649975	-0.246702
1.080000	3.409179	3.119980	-0.560263	0.205698	-0.629292	-0.238055
1.100000	3.289455	3.234213	-0.550905	0.208552	-0.614525	-0.229978
1.120000	3.148055	3.340890	-0.539029	0.212967	-0.605425	-0.222223
1.140000	2.984244	3.436400	-0.523686	0.218809	-0.601740	-0.214544
1.160000	2.797287	3.517133	-0.503925	0.225945	-0.603218	-0.206694
1.180000	2.586452	3.579479	-0.478796	0.234239	-0.609609	-0.198425
1.200000	2.351002	3.619827	-0.447350	0.243559	-0.620663	-0.189490
1.220000	2.090203	3.634568	-0.408636	0.253770	-0.636127	-0.179642
1.240000	1.803322	3.620091	-0.361705	0.264739	-0.655750	-0.168633
1.260000	1.490461	3.573706	-0.305983	0.276335	-0.679248	-0.156276
1.280000	1.155692	3.497086	-0.242680	0.288442	-0.706166	-0.142670
1.300000	0.804265	3.393198	-0.173535	0.300951	-0.736003	-0.127997
1.320000	0.441430	3.265006	-0.100287	0.313750	-0.768256	-0.112439
1.340000	0.072436	3.115479	-0.024674	0.326729	-0.802423	-0.096178
1.360000	-0.297468	2.947580	0.051564	0.339778	-0.838002	-0.079397
1.380000	-0.663032	2.764277	0.126688	0.352785	-0.874490	-0.062278
1.400000	-1.019008	2.568536	0.198960	0.365641	-0.911386	-0.045003
1.420000	-1.360144	2.363322	0.266641	0.378234	-0.948187	-0.027756
1.440000	-1.681193	2.151602	0.327992	0.390454	-0.984391	-0.010718
1.460000	-1.976905	1.936342	0.381273	0.402191	-1.019496	0.005929
1.480000	-2.242030	1.720507	0.424747	0.413334	-1.052999	0.022001
1.500000	-2.471318	1.507064	0.456674	0.423772	-1.084397	0.037317
1.520000	-2.659522	1.298979	0.475315	0.433395	-1.113190	0.051695
1.540000	-2.801390	1.099218	0.478931	0.442092	-1.138875	0.064951
1.560000	-2.891675	0.910747	0.465785	0.449753	-1.160949	0.076903
1.580000	-2.925919	0.736249	0.434411	0.456268	-1.178938	0.087380
1.600000	-2.908183	0.575375	0.386297	0.461544	-1.192675	0.096323
1.620000	-2.847689	0.425936	0.324724	0.465496	-1.202178	0.103739
1.640000	-2.753739	0.285716	0.252993	0.468040	-1.207465	0.109639
1.660000	-2.635629	0.152500	0.174411	0.469091	-1.208558	0.114032
1.680000	-2.502658	0.024072	0.092281	0.468566	-1.205476	0.116929
1.700000	-2.364124	-0.101783	0.009908	0.466380	-1.198239	0.118339
1.720000	-2.229327	-0.227281	-0.069405	0.462449	-1.186868	0.118271
1.740000	-2.107563	-0.354638	-0.142352	0.456687	-1.171383	0.116736
1.760000	-2.008133	-0.486069	-0.205631	0.449012	-1.151803	0.113744
1.780000	-1.940333	-0.623788	-0.255936	0.439339	-1.128150	0.109303
1.800000	-1.913463	-0.770013	-0.289963	0.427583	-1.100442	0.103425
1.820000	-1.936821	-0.926958	-0.304408	0.413660	-1.068700	0.096118
1.840000	-2.019706	-1.096839	-0.295967	0.397486	-1.032944	0.087392
1.860000	-2.171415	-1.281872	-0.261336	0.378977	-0.993195	0.077258
1.880000	-2.401247	-1.484271	-0.197210	0.358047	-0.949471	0.065724
1.900000	-2.714375	-1.704928	-0.101841	0.334725	-0.901971	0.052817
1.920000	-3.100241	-1.939680	0.020581	0.309462	-0.851562	0.038621
1.940000	-3.544533	-2.183162	0.164452	0.282812	-0.799273	0.023235
1.960000	-4.032940	-2.430005	0.324167	0.255328	-0.746133	0.006757
1.980000	-4.551153	-2.674844	0.494123	0.227562	-0.693172	-0.010714
2.000000	-5.084860	-2.912312	0.668714	0.200069	-0.641418	-0.029078
2.020000	-5.619751	-3.137042	0.842336	0.173401	-0.591901	-0.048238
2.040000	-6.141516	-3.343668	1.009386	0.148112	-0.545649	-0.068093
2.060000	-6.635843	-3.526822	1.164258	0.124756	-0.503692	-0.088547
2.080000	-7.088423	-3.681139	1.301348	0.103885	-0.467057	-0.109499
2.100000	-7.484945	-3.801251	1.415051	0.086052	-0.436776	-0.130850
2.120000	-7.811098	-3.881791	1.499764	0.071811	-0.413875	-0.152503
