0.000000	-3.759345	-1.902646	0.482044	0.354096	-0.677553	-0.045096
0.020000	-3.909606	-2.169899	0.663713	0.347575	-0.668136	-0.053317
0.040000	-4.051908	-2.441687	0.843593	0.341135	-0.661617	-0.061068
0.060000	-4.185670	-2.716759	1.020220	0.334924	-0.658436	-0.068206
0.080000	-4.310287	-2.993719	1.192191	0.329083	-0.659000	-0.074611
0.100000	-4.424935	-3.269766	1.358707	0.323702	-0.663420	-0.080381
0.120000	-4.528661	-3.541319	1.519308	0.318843	-0.671641	-0.085733
0.140000	-4.620515	-3.804789	1.673535	0.314564	-0.683605	-0.090888
0.160000	-4.699546	-4.056586	1.820931	0.310927	-0.699255	-0.096064
0.180000	-4.764801	-4.293119	1.961038	0.307992	-0.718534	-0.101483
0.200000	-4.815330	-4.510799	2.093398	0.305818	-0.741383	-0.107364
0.220000	-4.850181	-4.706036	2.217552	0.304467	-0.767747	-0.113926
0.240000	-4.868402	-4.875240	2.333044	0.303997	-0.797568	-0.121389
0.260000	-4.869043	-5.014822	2.439415	0.304470	-0.830787	-0.129973
0.280000	-4.851151	-5.121191	2.536208	0.305946	-0.867349	-0.139897
0.300000	-4.813776	-5.190758	2.622964	0.308484	-0.907195	-0.151381
0.320000	-4.755965	-5.219933	2.699226	0.312145	-0.950269	-0.164646
0.340000	-4.676767	-5.205125	2.764536	0.316990	-0.996513	-0.179910
0.360000	-4.575231	-5.142746	2.818436	0.323078	-1.045870	-0.197393
0.380000	-4.450406	-5.029205	2.860469	0.330469	-1.098283	-0.217315
0.400000	-4.301395	-4.861071	2.890192	0.339218	-1.153680	-0.239884
0.420000	-4.128801	-4.639185	2.907622	0.349227	-1.211633	-0.264962
0.440000	-3.934860	-4.369043	2.913268	0.360228	-1.271322	-0.292041
0.460000	-3.721889	-4.056376	2.907667	0.371947	-1.331908	-0.320591
0.480000	-3.492208	-3.706917	2.891356	0.384110	-1.392550	-0.350084
0.500000	-3.248133	-3.326397	2.864869	0.396441	-1.452409	-0.379992
0.520000	-2.991983	-2.920547	2.828744	0.408667	-1.510647	-0.409785
0.540000	-2.726076	-2.495099	2.783516	0.420511	-1.566422	-0.438936
0.560000	-2.452731	-2.055785	2.729722	0.431700	-1.618896	-0.466915
0.580000	-2.174264	-1.608336	2.667897	0.441958	-1.667229	-0.493194
0.600000	-1.892994	-1.158483	2.598578	0.451012	-1.710582	-0.517245
0.620000	-1.611239	-0.711958	2.522301	0.458586	-1.748115	-0.538538
0.640000	-1.331318	-0.274494	2.439601	0.464405	-1.778988	-0.556545
0.660000	-1.055548	0.148180	2.351016	0.468195	-1.802361	-0.570738
0.680000	-0.786247	0.550330	2.257081	0.469681	-1.817396	-0.580587
0.700000	-0.525733	0.926226	2.158332	0.468589	-1.823253	-0.585565
0.720000	-0.276148	1.270666	2.055232	0.464691	-1.819234	-0.585226
0.740000	-0.038299	1.582446	1.947702	0.458119	-1.805721	-0.579752
0.760000	0.187618	1.862184	1.835412	0.449170	-1.783585	-0.569613
0.780000	0.401406	2.110508	1.718029	0.438139	-1.753701	-0.555281
0.800000	0.602872	2.328048	1.595224	0.425323	-1.716942	-0.537225
0.820000	0.791820	2.515432	1.466666	0.411020	-1.674184	-0.515918
0.840000	0.968055	2.673288	1.332023	0.395526	-1.626300	-0.491829
0.860000	1.131383	2.802244	1.190964	0.379138	-1.574165	-0.465429
0.880000	1.281609	2.902930	1.043160	0.362151	-1.518653	-0.437190
0.900000	1.418538	2.975973	0.888278	0.344864	-1.460638	-0.407583
0.920000	1.541974	3.022001	0.725988	0.327573	-1.400996	-0.377078
0.940000	1.651724	3.041644	0.555958	0.310574	-1.340599	-0.346146
0.960000	1.747593	3.035529	0.377859	0.294164	-1.280323	-0.315258
0.980000	1.829385	3.004285	0.191358	0.278639	-1.221042	-0.284886
1.000000	1.896906	2.948541	-0.003874	0.264298	-1.163630	-0.255499
1.020000	1.949960	2.868925	-0.208169	0.251435	-1.108962	-0.227569
1.040000	1.988356	2.766122	-0.421795	0.240339	-1.057887	-0.201551
1.060000	2.011934	2.641929	-0.643797	0.231113	-1.010791	-0.177604
1.080000	2.020569	2.499138	-0.872120	0.223692	-0.967638	-0.155619
1.100000	2.014134	2.340581	-1.104671	0.218010	-0.928378	-0.135477
1.120000	1.992505	2.169088	-1.339355	0.213996	-0.892962	-0.117058
1.140000	1.955555	1.987489	-1.574077	0.211582	-0.861340	-0.100245
1.160000	1.903160	1.798613	-1.806743	0.210700	-0.833461	-0.084919
1.180000	1.835194	1.605293	-2.035259	0.211279	-0.809276	-0.070960
1.200000	1.751532	1.410356	-2.257530	0.213253	-0.788735	-0.058250
1.220000	1.652047	1.216635	-2.471462	0.216551	-0.771788	-0.046670
1.240000	1.536615	1.026958	-2.674961	0.221104	-0.758384	-0.036102
1.260000	1.405111	0.844157	-2.865932	0.226845	-0.748475	-0.026427
1.280000	1.257408	0.671062	-3.042282	0.233704	-0.742009	-0.017526
1.300000	1.093382	0.510502	-3.201915	0.241612	-0.738938	-0.009279
1.320000	0.912906	0.365308	-3.342737	0.250501	-0.739210	-0.001569
1.340000	0.715856	0.238311	-3.462654	0.260302	-0.742777	0.005723
1.360000	0.502110	0.132318	-3.559580	0.270944	-0.749586	0.012716
1.380000	0.271909	0.048186	-3.632132	0.282299	-0.759406	0.019466
1.400000	0.026133	-0.016660	-3.680168	0.294131	-0.771686	0.025923
1.420000	-0.234274	-0.065147	-3.703671	0.306191	-0.785844	0.032026
1.440000	-0.508367	-0.100204	-3.702627	0.318235	-0.801301	0.037712
1.460000	-0.795202	-0.124755	-3.677019	0.330014	-0.817473	0.042920
1.480000	-1.093833	-0.141729	-3.626830	0.341283	-0.833779	0.047588
1.500000	-1.403318	-0.154051	-3.552045	0.351793	-0.849638	0.051656
1.520000	-1.722710	-0.164649	-3.452648	0.361299	-0.864468	0.055060
1.540000	-2.051066	-0.176449	-3.328622	0.369553	-0.877686	0.057741
1.560000	-2.387441	-0.192379	-3.179952	0.376309	-0.888712	0.059635
1.580000	-2.730891	-0.215364	-3.006621	0.381320	-0.896964	0.060683
1.600000	-3.080470	-0.248333	-2.808614	0.384338	-0.901861	0.060821
1.620000	-3.435235	-0.294211	-2.585915	0.385118	-0.902819	0.059988
1.640000	-3.794241	-0.355925	-2.338506	0.383412	-0.899259	0.058124
1.660000	-4.156543	-0.436402	-2.066374	0.378974	-0.890598	0.055166
1.680000	-4.520969	-0.538292	-1.769707	0.371583	-0.876306	0.051053
1.700000	-4.883104	-0.660281	-1.451645	0.361408	-0.856601	0.045744
1.720000	-5.236115	-0.798105	-1.117525	0.348905	-0.832254	0.039208
1.740000	-5.573110	-0.947427	-0.772736	0.334536	-0.804052	0.031415
1.760000	-5.887197	-1.103912	-0.422666	0.318765	-0.772779	0.022338
1.780000	-6.171487	-1.263224	-0.072706	0.302055	-0.739221	0.011945
1.800000	-6.419088	-1.421028	0.271756	0.284870	-0.704164	0.000209
1.820000	-6.623109	-1.572987	0.605332	0.267672	-0.668394	-0.012902
1.840000	-6.776658	-1.714766	0.922631	0.250924	-0.632695	-0.027416
1.860000	-6.872845	-1.842028	1.218264	0.235090	-0.597854	-0.043362
1.880000	-6.904779	-1.950439	1.486843	0.220633	-0.564656	-0.060770
1.900000	-6.865567	-2.035662	1.722979	0.208016	-0.533886	-0.079670
1.920000	-6.748320	-2.093362	1.921282	0.197702	-0.506331	-0.100090
1.940000	-6.546146	-2.119202	2.076363	0.190155	-0.482775	-0.122061
1.960000	-6.252155	-2.108848	2.182833	0.185836	-0.464004	-0.145611
1.980000	-5.859453	-2.057962	2.235304	0.185211	-0.450805	-0.170771
