0.000000	-6.014437	-1.713486	-0.395656	0.151440	-0.563616	-0.047016
0.020000	-6.235567	-1.804647	-0.539890	0.136348	-0.548144	-0.056503
0.040000	-6.390941	-1.876762	-0.680602	0.124027	-0.537916	-0.066867
0.060000	-6.472563	-1.926997	-0.815288	0.114899	-0.533670	-0.078194
0.080000	-6.472439	-1.952522	-0.941443	0.109388	-0.536149	-0.090571
0.100000	-6.382659	-1.950528	-1.056574	0.107911	-0.546084	-0.104084
0.120000	-6.201871	-1.920142	-1.159002	0.110610	-0.563674	-0.118731
0.140000	-5.939715	-1.863731	-1.248415	0.117164	-0.588223	-0.134362
0.160000	-5.606882	-1.783973	-1.324631	0.127204	-0.618946	-0.150812
0.180000	-5.214063	-1.683544	-1.387471	0.140366	-0.655062	-0.167918
0.200000	-4.771951	-1.565123	-1.436752	0.156281	-0.695787	-0.185515
0.220000	-4.291236	-1.431386	-1.472295	0.174585	-0.740338	-0.203440
0.240000	-3.782610	-1.285010	-1.493916	0.194909	-0.787933	-0.221528
0.260000	-3.256765	-1.128674	-1.501437	0.216888	-0.837788	-0.239615
0.280000	-2.724391	-0.965055	-1.494674	0.240155	-0.889120	-0.257537
0.300000	-2.196181	-0.796829	-1.473449	0.264343	-0.941147	-0.275130
0.320000	-1.682825	-0.626674	-1.437578	0.289085	-0.993085	-0.292230
0.340000	-1.195016	-0.457267	-1.386882	0.314016	-1.044152	-0.308672
0.360000	-0.743444	-0.291287	-1.321179	0.338769	-1.093564	-0.324294
0.380000	-0.338801	-0.131409	-1.240288	0.362976	-1.140539	-0.338929
0.400000	0.008222	0.019688	-1.144027	0.386272	-1.184294	-0.352415
0.420000	0.286933	0.159327	-1.032217	0.408289	-1.224045	-0.364587
0.440000	0.490567	0.285694	-0.905419	0.428724	-1.259186	-0.375324
0.460000	0.625877	0.399943	-0.766754	0.447483	-1.289720	-0.384647
0.480000	0.702530	0.503870	-0.619895	0.464520	-1.315781	-0.392610
0.500000	0.730190	0.599268	-0.468513	0.479788	-1.337501	-0.399267
0.520000	0.718522	0.687933	-0.316282	0.493241	-1.355014	-0.404672
0.540000	0.677191	0.771659	-0.166873	0.504831	-1.368453	-0.408878
0.560000	0.615861	0.852241	-0.023959	0.514513	-1.377953	-0.411939
0.580000	0.544198	0.931474	0.108789	0.522240	-1.383645	-0.413908
0.600000	0.471866	1.011152	0.227697	0.527965	-1.385664	-0.414839
0.620000	0.408530	1.093069	0.329094	0.531642	-1.384143	-0.414786
0.640000	0.363855	1.179020	0.409307	0.533223	-1.379215	-0.413803
0.660000	0.347506	1.270801	0.464664	0.532662	-1.371013	-0.411942
0.680000	0.369147	1.370205	0.491493	0.529913	-1.359672	-0.409258
0.700000	0.438440	1.479026	0.486124	0.524929	-1.345324	-0.405805
0.720000	0.561311	1.598064	0.446598	0.517726	-1.328136	-0.401639
0.740000	0.733158	1.725313	0.375787	0.508496	-1.308362	-0.396829
0.760000	0.947536	1.858279	0.277404	0.497460	-1.286276	-0.391445
0.780000	1.198000	1.994467	0.155167	0.484842	-1.262150	-0.385557
0.800000	1.478106	2.131382	0.012791	0.470864	-1.236254	-0.379236
0.820000	1.781409	2.266528	-0.146009	0.455748	-1.208862	-0.372551
0.840000	2.101463	2.397411	-0.317516	0.439717	-1.180245	-0.365572
0.860000	2.431825	2.521535	-0.498016	0.422994	-1.150676	-0.358370
0.880000	2.766048	2.636405	-0.683793	0.405800	-1.120426	-0.351015
0.900000	3.097688	2.739527	-0.871131	0.388359	-1.089768	-0.343577
0.920000	3.420300	2.828404	-1.056314	0.370893	-1.058973	-0.336125
0.940000	3.727440	2.900542	-1.235628	0.353625	-1.028314	-0.328731
0.960000	4.012662	2.953446	-1.405355	0.336776	-0.998063	-0.321463
0.980000	4.269522	2.984621	-1.561781	0.320570	-0.968491	-0.314393
1.000000	4.491574	2.991572	-1.701191	0.305228	-0.939870	-0.307590
1.020000	4.672374	2.971803	-1.819867	0.290974	-0.912474	-0.301125
1.040000	4.805477	2.922819	-1.914096	0.278030	-0.886573	-0.295067
1.060000	4.884438	2.842126	-1.980160	0.266618	-0.862440	-0.289487
1.080000	4.903175	2.727425	-2.014538	0.256953	-0.840342	-0.284446
1.100000	4.862509	2.580176	-2.017365	0.249107	-0.820449	-0.279859
1.120000	4.769450	2.405201	-1.992057	0.243023	-0.802844	-0.275504
1.140000	4.631226	2.207446	-1.942148	0.238640	-0.787607	-0.271157
1.160000	4.455064	1.991855	-1.871169	0.235895	-0.774820	-0.266591
1.180000	4.248194	1.763370	-1.782654	0.234727	-0.764563	-0.261583
1.200000	4.017843	1.526937	-1.680135	0.235076	-0.756916	-0.255905
1.220000	3.771240	1.287499	-1.567145	0.236878	-0.751959	-0.249335
1.240000	3.515613	1.049999	-1.447216	0.240074	-0.749773	-0.241645
1.260000	3.258190	0.819382	-1.323880	0.244601	-0.750438	-0.232611
1.280000	3.006199	0.600592	-1.200671	0.250397	-0.754035	-0.222007
1.300000	2.766869	0.398572	-1.081120	0.257402	-0.760643	-0.209609
1.320000	2.547427	0.218266	-0.968761	0.265553	-0.770344	-0.195190
1.340000	2.355088	0.064609	-0.867120	0.274789	-0.783218	-0.178528
1.360000	2.193604	-0.059718	-0.778266	0.285012	-0.799115	-0.159575
1.380000	2.058797	-0.157201	-0.700930	0.296038	-0.817373	-0.138701
1.400000	1.945384	-0.231045	-0.633377	0.307672	-0.837250	-0.116328
1.420000	1.848080	-0.284455	-0.573871	0.319719	-0.858011	-0.092881
1.440000	1.761601	-0.320635	-0.520677	0.331984	-0.878916	-0.068784
1.460000	1.680662	-0.342792	-0.472060	0.344271	-0.899227	-0.044461
1.480000	1.599981	-0.354130	-0.426285	0.356386	-0.918206	-0.020337
1.500000	1.514272	-0.357855	-0.381617	0.368134	-0.935115	0.003165
1.520000	1.418252	-0.357171	-0.336320	0.379319	-0.949216	0.025619
1.540000	1.306636	-0.355285	-0.288659	0.389746	-0.959770	0.046602
1.560000	1.174140	-0.355400	-0.236900	0.399221	-0.966039	0.065690
1.580000	1.015481	-0.360723	-0.179305	0.407548	-0.967285	0.082458
1.600000	0.825373	-0.374458	-0.114142	0.414532	-0.962769	0.096483
1.620000	0.598534	-0.399810	-0.039674	0.419977	-0.951755	0.107339
1.640000	0.329678	-0.439985	0.045834	0.423690	-0.933502	0.114603
1.660000	0.013850	-0.498065	0.144016	0.425482	-0.907328	0.117868
1.680000	-0.346925	-0.574490	0.254357	0.425337	-0.873710	0.117107
1.700000	-0.743945	-0.667179	0.374282	0.423400	-0.834237	0.112653
1.720000	-1.168238	-0.773949	0.501137	0.419823	-0.790541	0.104856
1.740000	-1.610835	-0.892617	0.632266	0.414758	-0.744256	0.094064
1.760000	-2.062765	-1.020999	0.765015	0.408356	-0.697013	0.080625
1.780000	-2.515057	-1.156911	0.896727	0.400769	-0.650447	0.064889
1.800000	-2.958742	-1.298172	1.024749	0.392150	-0.606189	0.047204
1.820000	-3.384848	-1.442597	1.146423	0.382650	-0.565872	0.027919
1.840000	-3.784405	-1.588004	1.259096	0.372422	-0.531131	0.007383
1.860000	-4.148443	-1.732208	1.360111	0.361616	-0.503596	-0.014057
1.880000	-4.467991	-1.873027	1.446814	0.350385	-0.484902	-0.036050
1.900000	-4.734078	-2.008278	1.516549	0.338881	-0.476681	-0.058249
1.920000	-4.937735	-2.135777	1.566661	0.327256	-0.480565	-0.080304
1.940000	-5.069990	-2.253341	1.594495	0.315662	-0.498188	-0.101867
1.960000	-5.121874	-2.358787	1.597394	0.304249	-0.531183	-0.122589
