0.000000	-5.018235	0.202729	-1.163627	0.138431	-1.057680	-0.150673
0.020000	-5.276921	-0.021343	-1.465804	0.125677	-1.009832	-0.150850
0.040000	-5.425574	-0.221154	-1.741964	0.117741	-0.967177	-0.150185
0.060000	-5.472287	-0.397311	-1.991783	0.114225	-0.929482	-0.148707
0.080000	-5.425973	-0.550623	-2.215124	0.114694	-0.896470	-0.146448
0.100000	-5.295543	-0.681898	-2.411850	0.118713	-0.867863	-0.143443
0.120000	-5.089910	-0.791944	-2.581823	0.125847	-0.843384	-0.139725
0.140000	-4.817984	-0.881567	-2.724905	0.135659	-0.822754	-0.135328
0.160000	-4.488678	-0.951577	-2.840959	0.147715	-0.805697	-0.130285
0.180000	-4.110904	-1.002781	-2.929847	0.161579	-0.791935	-0.124630
0.200000	-3.693573	-1.035986	-2.991432	0.176816	-0.781191	-0.118397
0.220000	-3.245597	-1.052000	-3.025575	0.192990	-0.773187	-0.111620
0.240000	-2.775888	-1.051632	-3.032140	0.209665	-0.767645	-0.104332
0.260000	-2.293358	-1.035688	-3.010988	0.226406	-0.764288	-0.096566
0.280000	-1.806918	-1.004977	-2.961982	0.242779	-0.762839	-0.088357
0.300000	-1.325481	-0.960306	-2.884985	0.258347	-0.763021	-0.079737
0.320000	-0.857958	-0.902484	-2.779859	0.272674	-0.764554	-0.070742
0.340000	-0.412733	-0.832393	-2.646694	0.285362	-0.767177	-0.061407
0.360000	0.006539	-0.751595	-2.487622	0.296330	-0.770756	-0.051796
0.380000	0.398693	-0.662007	-2.305849	0.305664	-0.775225	-0.041988
0.400000	0.762589	-0.565553	-2.104592	0.313454	-0.780518	-0.032060
0.420000	1.097086	-0.464153	-1.887067	0.319790	-0.786570	-0.022093
0.440000	1.401042	-0.359728	-1.656492	0.324759	-0.793315	-0.012164
0.460000	1.673315	-0.254201	-1.416083	0.328452	-0.800690	-0.002351
0.480000	1.912766	-0.149493	-1.169056	0.330958	-0.808627	0.007266
0.500000	2.118252	-0.047526	-0.918628	0.332364	-0.817062	0.016610
0.520000	2.288632	0.049780	-0.668016	0.332761	-0.825930	0.025602
0.540000	2.422766	0.140501	-0.420436	0.332238	-0.835165	0.034163
0.560000	2.519511	0.222718	-0.179105	0.330883	-0.844703	0.042215
0.580000	2.577727	0.294508	0.052761	0.328786	-0.854477	0.049680
0.600000	2.596272	0.353949	0.271945	0.326035	-0.864422	0.056479
0.620000	2.574005	0.399121	0.475231	0.322720	-0.874473	0.062533
0.640000	2.509785	0.428101	0.659401	0.318930	-0.884566	0.067764
0.660000	2.402471	0.438968	0.821239	0.314753	-0.894634	0.072094
0.680000	2.250958	0.429824	0.957559	0.310279	-0.904611	0.075445
0.700000	2.056499	0.400259	1.067054	0.305579	-0.914405	0.077800
0.720000	1.824060	0.352211	1.151384	0.300696	-0.923875	0.079238
0.740000	1.558939	0.287828	1.212473	0.295671	-0.932879	0.079845
0.760000	1.266431	0.209254	1.252241	0.290545	-0.941276	0.079709
0.780000	0.951832	0.118635	1.272613	0.285359	-0.948921	0.078917
0.800000	0.620438	0.018117	1.275509	0.280153	-0.955672	0.077555
0.820000	0.277545	-0.090154	1.262853	0.274968	-0.961387	0.075712
0.840000	-0.071552	-0.204033	1.236566	0.269847	-0.965923	0.073473
0.860000	-0.421555	-0.321373	1.198572	0.264828	-0.969137	0.070926
0.880000	-0.767170	-0.440029	1.150793	0.259954	-0.970887	0.068158
0.900000	-1.103100	-0.557855	1.095150	0.255265	-0.971029	0.065256
0.920000	-1.424050	-0.672705	1.033567	0.250801	-0.969422	0.062307
0.940000	-1.724723	-0.782433	0.967966	0.246605	-0.965922	0.059398
0.960000	-1.999823	-0.884894	0.900268	0.242716	-0.960387	0.056616
0.980000	-2.244055	-0.977942	0.832397	0.239176	-0.952674	0.054048
1.000000	-2.452452	-1.059582	0.766173	0.236025	-0.942673	0.051773
1.020000	-2.624071	-1.129667	0.702168	0.233288	-0.930678	0.049776
1.040000	-2.760660	-1.189284	0.640121	0.230984	-0.917250	0.047976
1.060000	-2.864019	-1.239545	0.579753	0.229129	-0.902957	0.046294
1.080000	-2.935944	-1.281560	0.520788	0.227740	-0.888366	0.044648
1.100000	-2.978234	-1.316440	0.462948	0.226836	-0.874044	0.042957
1.120000	-2.992687	-1.345296	0.405956	0.226433	-0.860558	0.041142
1.140000	-2.981101	-1.369238	0.349534	0.226548	-0.848475	0.039121
1.160000	-2.945275	-1.389377	0.293405	0.227199	-0.838364	0.036813
1.180000	-2.887006	-1.406825	0.237291	0.228404	-0.830790	0.034139
1.200000	-2.808092	-1.422691	0.180915	0.230178	-0.826321	0.031016
1.220000	-2.710333	-1.438087	0.124001	0.232540	-0.825524	0.027364
1.240000	-2.595525	-1.454123	0.066269	0.235506	-0.828967	0.023104
1.260000	-2.465468	-1.471911	0.007443	0.239095	-0.837216	0.018153
1.280000	-2.321958	-1.492560	-0.052754	0.243323	-0.850840	0.012431
1.300000	-2.166795	-1.517182	-0.114600	0.248207	-0.870404	0.005858
1.320000	-2.001780	-1.546851	-0.178352	0.253763	-0.896460	-0.001645
1.340000	-1.828846	-1.581239	-0.243505	0.259936	-0.928933	-0.010060
1.360000	-1.650100	-1.618189	-0.308552	0.266577	-0.966934	-0.019242
1.380000	-1.467658	-1.655422	-0.371925	0.273534	-1.009515	-0.029039
1.400000	-1.283640	-1.690658	-0.432053	0.280652	-1.055733	-0.039300
1.420000	-1.100161	-1.721618	-0.487365	0.287777	-1.104643	-0.049871
1.440000	-0.919339	-1.746022	-0.536291	0.294756	-1.155298	-0.060601
1.460000	-0.743293	-1.761592	-0.577260	0.301434	-1.206754	-0.071336
1.480000	-0.574139	-1.766047	-0.608702	0.307658	-1.258067	-0.081926
1.500000	-0.413995	-1.757110	-0.629046	0.313274	-1.308290	-0.092216
1.520000	-0.264979	-1.732499	-0.636723	0.318128	-1.356479	-0.102056
1.540000	-0.129207	-1.689937	-0.630160	0.322066	-1.401688	-0.111292
1.560000	-0.008798	-1.627143	-0.607789	0.324935	-1.442973	-0.119773
1.580000	0.094130	-1.541839	-0.568038	0.326581	-1.479388	-0.127346
1.600000	0.177462	-1.431745	-0.509336	0.326849	-1.509988	-0.133859
1.620000	0.239078	-1.294581	-0.430115	0.325586	-1.533828	-0.139159
1.640000	0.277181	-1.128519	-0.329160	0.322658	-1.550050	-0.143113
1.660000	0.292985	-0.935978	-0.208638	0.318115	-1.558618	-0.145766
1.680000	0.289363	-0.721718	-0.072578	0.312111	-1.559947	-0.147263
1.700000	0.269205	-0.490523	0.074974	0.304799	-1.554460	-0.147747
1.720000	0.235401	-0.247176	0.229971	0.296333	-1.542577	-0.147364
1.740000	0.190843	0.003538	0.388367	0.286867	-1.524719	-0.146258
1.760000	0.138419	0.256836	0.546114	0.276555	-1.501307	-0.144574
1.780000	0.081021	0.507934	0.699166	0.265551	-1.472763	-0.142457
1.800000	0.021539	0.752048	0.843476	0.254009	-1.439506	-0.140052
1.820000	-0.037137	0.984394	0.974997	0.242083	-1.401959	-0.137503
1.840000	-0.092116	1.200189	1.089683	0.229926	-1.360543	-0.134955
1.860000	-0.140509	1.394648	1.183486	0.217692	-1.315677	-0.132552
1.880000	-0.179425	1.562988	1.252360	0.205536	-1.267784	-0.130441
1.900000	-0.205973	1.700425	1.292258	0.193611	-1.217284	-0.128764
1.920000	-0.217264	1.802174	1.299133	0.182071	-1.164598	-0.127668
1.940000	-0.210407	1.863454	1.268938	0.171070	-1.110148	-0.127296
1.960000	-0.182597	1.879664	1.197779	0.160760	-1.054359	-0.127788
1.980000	-0.133277	1.851116	1.085762	0.151250	-0.997758	-0.129122
2.000000	-0.064310	1.783403	0.937302	0.142599	-0.940987	-0.131107
2.020000	0.022321	1.682380	0.757029	0.134868	-0.884692	-0.133542
2.040000	0.124632	1.553903	0.549571	0.128113	-0.829518	-0.136225
2.060000	0.240640	1.403827	0.319557	0.122394	-0.776112	-0.138956
2.080000	0.368363	1.238008	0.071616	0.117769	-0.725120	-0.141534
2.100000	0.505816	1.062300	-0.189623	0.114296	-0.677188	-0.143759
2.120000	0.651017	0.882560	-0.459531	0.112033	-0.632961	-0.145429
2.140000	0.801982	0.704643	-0.733479	0.111040	-0.593086	-0.146343
2.160000	0.956729	0.534404	-1.006839	0.111374	-0.558209	-0.146302
2.180000	1.113274	0.377698	-1.274981	0.113094	-0.528976	-0.145103
2.200000	1.269634	0.240381	-1.533277	0.116259	-0.506033	-0.142546
2.220000	1.423826	0.128308	-1.777097	0.120926	-0.490026	-0.138430
2.240000	1.573866	0.047335	-2.001814	0.127154	-0.481600	-0.132555
2.260000	1.717781	0.003231	-2.202838	0.134999	-0.481387	-0.124723
2.280000	1.854007	-0.002052	-2.377387	0.144382	-0.489317	-0.114933
2.300000	1.981545	0.028193	-2.525160	0.155042	-0.504359	-0.103448
2.320000	2.099435	0.090292	-2.646034	0.166702	-0.525412	-0.090550
2.340000	2.206720	0.180572	-2.739888	0.179088	-0.551378	-0.076523
2.360000	2.302441	0.295359	-2.806599	0.191924	-0.581154	-0.061649
2.380000	2.385639	0.430979	-2.846047	0.204935	-0.613641	-0.046211
2.400000	2.455355	0.583759	-2.858110	0.217845	-0.647738	-0.030493
2.420000	2.510632	0.750025	-2.842665	0.230379	-0.682346	-0.014777
2.440000	2.550509	0.926103	-2.799592	0.242261	-0.716362	0.000654
2.460000	2.574029	1.108320	-2.728768	0.253217	-0.748688	0.015517
2.480000	2.580233	1.293001	-2.630071	0.262970	-0.778223	0.029530
2.500000	2.568163	1.476474	-2.503380	0.271246	-0.803866	0.042408
2.520000	2.536859	1.655064	-2.348574	0.277769	-0.824517	0.053870
2.540000	2.485363	1.825098	-2.165530	0.282264	-0.839076	0.063633
2.560000	2.412716	1.982902	-1.954126	0.284455	-0.846441	0.071413
2.580000	2.317961	2.124802	-1.714242	0.284066	-0.845514	0.076928
2.600000	2.200216	2.247231	-1.445921	0.280842	-0.835258	0.079910
2.620000	2.060082	2.348616	-1.152361	0.274868	-0.815864	0.080385
2.640000	1.899478	2.429162	-0.839562	0.266535	-0.788615	0.078638
2.660000	1.720370	2.489136	-0.513626	0.256249	-0.754832	0.074965
2.680000	1.524723	2.528806	-0.180653	0.244410	-0.715835	0.069661
2.700000	1.314501	2.548440	0.153257	0.231423	-0.672946	0.063020
2.720000	1.091672	2.548304	0.482003	0.217690	-0.627485	0.055337
2.740000	0.858199	2.528666	0.799485	0.203614	-0.580774	0.046909
2.760000	0.616048	2.489793	1.099602	0.189598	-0.534134	0.038029
2.780000	0.367185	2.431953	1.376254	0.176046	-0.488885	0.028993
2.800000	0.113575	2.355413	1.623341	0.163360	-0.446349	0.020095
2.820000	-0.142817	2.260441	1.834762	0.151943	-0.407847	0.011632
2.840000	-0.400026	2.147303	2.004417	0.142198	-0.374699	0.003897
2.860000	-0.656085	2.016268	2.126205	0.134528	-0.348226	-0.002814
2.880000	-0.909031	1.867602	2.194025	0.129336	-0.329750	-0.008206
2.900000	-1.156889	1.701625	2.201994	0.127016	-0.320563	-0.011993
2.920000	-1.397470	1.520197	2.150537	0.127704	-0.321122	-0.014139
2.940000	-1.628336	1.326921	2.047248	0.131238	-0.330937	-0.014893
2.960000	-1.847037	1.125499	1.900109	0.137443	-0.349464	-0.014522
2.980000	-2.051123	0.919630	1.717101	0.146142	-0.376163	-0.013291
3.000000	-2.238141	0.713014	1.506206	0.157160	-0.410490	-0.011464
