0.000000	-3.063284	1.122440	0.801986	0.552262	-0.852439	-0.131019
0.020000	-2.764335	1.142747	1.034153	0.542836	-0.851763	-0.146752
0.040000	-2.460416	1.165462	1.256667	0.533125	-0.851717	-0.161331
0.060000	-2.158351	1.186068	1.466073	0.523358	-0.852339	-0.174332
0.080000	-1.864959	1.200048	1.658922	0.513766	-0.853664	-0.185333
0.100000	-1.587061	1.202884	1.831760	0.504579	-0.855729	-0.193909
0.120000	-1.331480	1.190060	1.981135	0.496028	-0.858572	-0.199637
0.140000	-1.105035	1.157057	2.103596	0.488343	-0.862228	-0.202095
0.160000	-0.913811	1.099837	2.196129	0.481729	-0.866725	-0.200916
0.180000	-0.757443	1.018532	2.259581	0.476169	-0.871992	-0.196238
0.200000	-0.632231	0.915436	2.296790	0.471532	-0.877914	-0.188459
0.220000	-0.534444	0.792860	2.310613	0.467683	-0.884373	-0.177978
0.240000	-0.460353	0.653114	2.303905	0.464491	-0.891252	-0.165197
0.260000	-0.406231	0.498510	2.279523	0.461823	-0.898434	-0.150515
0.280000	-0.368347	0.331358	2.240323	0.459545	-0.905800	-0.134333
0.300000	-0.342972	0.153971	2.189161	0.457525	-0.913235	-0.117050
0.320000	-0.326377	-0.031342	2.128894	0.455629	-0.920619	-0.099067
0.340000	-0.314833	-0.222268	2.062377	0.453725	-0.927837	-0.080785
0.360000	-0.304611	-0.416497	1.992466	0.451681	-0.934771	-0.062602
0.380000	-0.291982	-0.611718	1.922018	0.449362	-0.941303	-0.044920
0.400000	-0.273216	-0.805620	1.853889	0.446636	-0.947315	-0.028138
0.420000	-0.244585	-0.995891	1.790936	0.443371	-0.952692	-0.012658
0.440000	-0.202372	-1.180222	1.736004	0.439434	-0.957315	0.001124
0.460000	-0.144706	-1.356460	1.690683	0.434763	-0.961121	0.012962
0.480000	-0.073438	-1.522770	1.654019	0.429443	-0.964153	0.022933
0.500000	0.009131	-1.677356	1.624753	0.423574	-0.966465	0.031148
0.520000	0.100701	-1.818421	1.601625	0.417258	-0.968113	0.037718
0.540000	0.198972	-1.944169	1.583374	0.410594	-0.969154	0.042757
0.560000	0.301644	-2.052802	1.568742	0.403684	-0.969642	0.046375
0.580000	0.406415	-2.142525	1.556470	0.396629	-0.969633	0.048686
0.600000	0.510987	-2.211541	1.545296	0.389530	-0.969183	0.049801
0.620000	0.613058	-2.258053	1.533963	0.382486	-0.968347	0.049832
0.640000	0.710329	-2.280264	1.521209	0.375601	-0.967180	0.048892
0.660000	0.800499	-2.276379	1.505776	0.368973	-0.965739	0.047092
0.680000	0.881267	-2.244600	1.486404	0.362704	-0.964079	0.044545
0.700000	0.950335	-2.183131	1.461833	0.356895	-0.962255	0.041362
0.720000	1.005401	-2.090176	1.430804	0.351647	-0.960324	0.037656
0.740000	1.044165	-1.963938	1.392057	0.347060	-0.958339	0.033538
0.760000	1.064326	-1.802619	1.344333	0.343236	-0.956358	0.029121
0.780000	1.063586	-1.604425	1.286371	0.340275	-0.954436	0.024518
0.800000	1.040077	-1.368267	1.217112	0.338260	-0.952622	0.019833
0.820000	0.994942	-1.097962	1.136878	0.337144	-0.950936	0.015133
0.840000	0.930592	-0.799401	1.046573	0.336826	-0.949379	0.010466
0.860000	0.849443	-0.478480	0.947105	0.337206	-0.947956	0.005882
0.880000	0.753913	-0.141097	0.839381	0.338183	-0.946669	0.001428
0.900000	0.646417	0.206850	0.724309	0.339656	-0.945522	-0.002847
0.920000	0.529373	0.559465	0.602795	0.341524	-0.944519	-0.006895
0.940000	0.405196	0.910850	0.475747	0.343686	-0.943661	-0.010667
0.960000	0.276302	1.255107	0.344073	0.346041	-0.942953	-0.014114
0.980000	0.145110	1.586341	0.208679	0.348489	-0.942398	-0.017187
1.000000	0.014034	1.898652	0.070474	0.350929	-0.941999	-0.019839
1.020000	-0.114509	2.186145	-0.069637	0.353259	-0.941759	-0.022021
1.040000	-0.238101	2.442921	-0.210745	0.355379	-0.941681	-0.023684
1.060000	-0.354328	2.663083	-0.351943	0.357188	-0.941770	-0.024780
1.080000	-0.460771	2.840735	-0.492325	0.358585	-0.942027	-0.025260
1.100000	-0.555017	2.969984	-0.630981	0.359469	-0.942457	-0.025076
1.120000	-0.635214	3.047568	-0.766873	0.359791	-0.943056	-0.024214
1.140000	-0.700970	3.077038	-0.898617	0.359631	-0.943804	-0.022756
1.160000	-0.752128	3.063031	-1.024775	0.359090	-0.944678	-0.020794
1.180000	-0.788530	3.010185	-1.143910	0.358270	-0.945656	-0.018425
1.200000	-0.810019	2.923138	-1.254582	0.357274	-0.946715	-0.015742
1.220000	-0.816438	2.806527	-1.355355	0.356202	-0.947832	-0.012840
1.240000	-0.807627	2.664992	-1.444789	0.355157	-0.948985	-0.009814
1.260000	-0.783430	2.503168	-1.521448	0.354241	-0.950151	-0.006757
1.280000	-0.743689	2.325696	-1.583893	0.353554	-0.951307	-0.003766
1.300000	-0.688247	2.137211	-1.630686	0.353198	-0.952431	-0.000934
1.320000	-0.616945	1.942353	-1.660389	0.353277	-0.953499	0.001645
1.340000	-0.529626	1.745759	-1.671565	0.353890	-0.954490	0.003875
1.360000	-0.426133	1.552068	-1.662774	0.355140	-0.955381	0.005662
1.380000	-0.306307	1.365916	-1.632579	0.357128	-0.956149	0.006912
1.400000	-0.169992	1.191942	-1.579543	0.359957	-0.956770	0.007529
1.420000	-0.017090	1.034678	-1.502309	0.363723	-0.957224	0.007424
1.440000	0.150879	0.895925	-1.401668	0.368408	-0.957502	0.006593
1.460000	0.330672	0.774552	-1.280709	0.373872	-0.957612	0.005133
1.480000	0.518960	0.669290	-1.142633	0.379967	-0.957561	0.003143
1.500000	0.712413	0.578865	-0.990642	0.386545	-0.957358	0.000721
1.520000	0.907702	0.502006	-0.827936	0.393459	-0.957010	-0.002032
1.540000	1.101499	0.437441	-0.657717	0.400561	-0.956527	-0.005018
1.560000	1.290473	0.383899	-0.483185	0.407705	-0.955915	-0.008136
1.580000	1.471295	0.340107	-0.307543	0.414743	-0.955183	-0.011288
1.600000	1.640637	0.304795	-0.133992	0.421527	-0.954340	-0.014373
1.620000	1.795169	0.276690	0.034268	0.427911	-0.953392	-0.017294
1.640000	1.931562	0.254520	0.194035	0.433746	-0.952349	-0.019949
1.660000	2.046487	0.237014	0.342107	0.438886	-0.951217	-0.022240
1.680000	2.136615	0.222901	0.475285	0.443182	-0.950006	-0.024067
1.700000	2.198616	0.210907	0.590366	0.446488	-0.948724	-0.025332
1.720000	2.229161	0.199762	0.684149	0.448656	-0.947378	-0.025933
1.740000	2.224934	0.188197	0.753442	0.449540	-0.945976	-0.025774
1.760000	2.184735	0.175417	0.796723	0.449081	-0.944529	-0.024805
1.780000	2.111829	0.161630	0.815984	0.447407	-0.943050	-0.023089
1.800000	2.010048	0.147171	0.813666	0.444673	-0.941553	-0.020702
1.820000	1.883224	0.132374	0.792208	0.441029	-0.940051	-0.017719
1.840000	1.735190	0.117573	0.754051	0.436630	-0.938559	-0.014217
1.860000	1.569776	0.103104	0.701634	0.431627	-0.937090	-0.010271
1.880000	1.390816	0.089300	0.637398	0.426173	-0.935659	-0.005957
1.900000	1.202142	0.076497	0.563783	0.420421	-0.934279	-0.001351
1.920000	1.007584	0.065029	0.483228	0.414523	-0.932965	0.003472
1.940000	0.810976	0.055230	0.398174	0.408632	-0.931730	0.008436
1.960000	0.616150	0.047436	0.311060	0.402901	-0.930589	0.013464
1.980000	0.426937	0.041980	0.224327	0.397482	-0.929555	0.018482
2.000000	0.247170	0.039198	0.140415	0.392527	-0.928641	0.023413
2.020000	0.080681	0.039424	0.061763	0.388190	-0.927863	0.028182
2.040000	-0.068699	0.042992	-0.009187	0.384623	-0.927234	0.032712
2.060000	-0.197284	0.050216	-0.070088	0.381972	-0.926767	0.036931
2.080000	-0.304133	0.061016	-0.120269	0.380258	-0.926459	0.040802
2.100000	-0.390733	0.074964	-0.160553	0.379388	-0.926290	0.044324
2.120000	-0.458657	0.091620	-0.191811	0.379269	-0.926242	0.047496
2.140000	-0.509477	0.110544	-0.214917	0.379805	-0.926295	0.050318
2.160000	-0.544764	0.131295	-0.230743	0.380901	-0.926431	0.052789
2.180000	-0.566090	0.153433	-0.240161	0.382463	-0.926630	0.054909
2.200000	-0.575029	0.176518	-0.244045	0.384396	-0.926873	0.056677
2.220000	-0.573151	0.200110	-0.243267	0.386605	-0.927142	0.058093
2.240000	-0.562028	0.223768	-0.238699	0.388995	-0.927416	0.059156
2.260000	-0.543234	0.247052	-0.231214	0.391471	-0.927677	0.059866
2.280000	-0.518339	0.269523	-0.221685	0.393939	-0.927907	0.060222
2.300000	-0.488916	0.290739	-0.210984	0.396303	-0.928084	0.060224
