0.000000	-5.951752	-8.063925	3.281195	0.252231	-0.757433	-0.057736
0.020000	-6.236512	-8.433814	3.439240	0.245373	-0.757317	-0.076082
0.040000	-6.499922	-8.740081	3.561246	0.240299	-0.761897	-0.095270
0.060000	-6.736915	-8.974318	3.640470	0.237201	-0.771643	-0.115306
0.080000	-6.942423	-9.128119	3.670164	0.236270	-0.787024	-0.136194
0.100000	-7.111376	-9.193075	3.643583	0.237700	-0.808509	-0.157942
0.120000	-7.238708	-9.160781	3.553985	0.241682	-0.836568	-0.180553
0.140000	-7.320719	-9.026824	3.397841	0.248287	-0.871344	-0.203978
0.160000	-7.357894	-8.798976	3.181442	0.257210	-0.911979	-0.227988
0.180000	-7.351509	-8.487330	2.912947	0.268077	-0.957431	-0.252326
0.200000	-7.302842	-8.101976	2.600514	0.280511	-1.006653	-0.276731
0.220000	-7.213173	-7.653007	2.252302	0.294139	-1.058600	-0.300945
0.240000	-7.083778	-7.150513	1.876470	0.308585	-1.112228	-0.324707
0.260000	-6.915937	-6.604587	1.481176	0.323473	-1.166490	-0.347759
0.280000	-6.710927	-6.025319	1.074579	0.338430	-1.220343	-0.369841
0.300000	-6.470026	-5.422800	0.664838	0.353079	-1.272741	-0.390693
0.320000	-6.194512	-4.807124	0.260110	0.367045	-1.322639	-0.410057
0.340000	-5.885663	-4.188380	-0.131445	0.379954	-1.368991	-0.427673
0.360000	-5.544757	-3.576661	-0.501669	0.391430	-1.410754	-0.443281
0.380000	-5.173074	-2.982057	-0.842403	0.401099	-1.446880	-0.456622
0.400000	-4.771889	-2.414661	-1.145488	0.408584	-1.476327	-0.467437
0.420000	-4.342482	-1.884563	-1.402767	0.413512	-1.498047	-0.475466
0.440000	-3.886131	-1.401856	-1.606080	0.415506	-1.510997	-0.480450
0.460000	-3.404437	-0.975246	-1.748716	0.414261	-1.514324	-0.482184
0.480000	-2.901136	-0.604343	-1.833490	0.409921	-1.508436	-0.480819
0.500000	-2.380823	-0.285077	-1.867063	0.402815	-1.494256	-0.476650
0.520000	-1.848097	-0.013370	-1.856105	0.393272	-1.472705	-0.469974
0.540000	-1.307556	0.214857	-1.807288	0.381618	-1.444704	-0.461086
0.560000	-0.763799	0.403682	-1.727286	0.368184	-1.411177	-0.450281
0.580000	-0.221424	0.557185	-1.622768	0.353297	-1.373044	-0.437857
0.600000	0.314972	0.679443	-1.500407	0.337285	-1.331228	-0.424108
0.620000	0.840788	0.774536	-1.366874	0.320478	-1.286651	-0.409331
0.640000	1.351427	0.846542	-1.228842	0.303203	-1.240235	-0.393820
0.660000	1.842291	0.899540	-1.092982	0.285788	-1.192902	-0.377873
0.680000	2.308781	0.937609	-0.965965	0.268564	-1.145573	-0.361785
0.700000	2.746298	0.964826	-0.854464	0.251856	-1.099171	-0.345852
0.720000	3.150245	0.985272	-0.765150	0.235995	-1.054618	-0.330369
0.740000	3.516023	1.003024	-0.704695	0.221308	-1.012835	-0.315632
0.760000	3.839361	1.021839	-0.679045	0.208097	-0.974667	-0.301910
0.780000	4.118894	1.042604	-0.687694	0.196418	-0.940267	-0.289231
0.800000	4.354783	1.064703	-0.726757	0.186202	-0.909426	-0.277494
0.820000	4.547199	1.087508	-0.792320	0.177376	-0.881932	-0.266600
0.840000	4.696316	1.110390	-0.880467	0.169870	-0.857572	-0.256447
0.860000	4.802305	1.132722	-0.987286	0.163611	-0.836136	-0.246935
0.880000	4.865339	1.153874	-1.108860	0.158529	-0.817410	-0.237964
0.900000	4.885592	1.173218	-1.241276	0.154551	-0.801183	-0.229434
0.920000	4.863234	1.190126	-1.380619	0.151607	-0.787242	-0.221243
0.940000	4.798440	1.203968	-1.522974	0.149625	-0.775376	-0.213291
0.960000	4.691381	1.214117	-1.664427	0.148533	-0.765372	-0.205478
0.980000	4.542230	1.219944	-1.801063	0.148260	-0.757019	-0.197703
1.000000	4.351160	1.220821	-1.928968	0.148734	-0.750104	-0.189865
1.020000	4.118343	1.216119	-2.044227	0.149883	-0.744415	-0.181865
1.040000	3.843951	1.205209	-2.142925	0.151638	-0.739739	-0.173602
1.060000	3.528157	1.187463	-2.221149	0.153924	-0.735866	-0.164975
1.080000	3.171256	1.162277	-2.275094	0.156674	-0.732590	-0.155887
1.100000	2.776469	1.129657	-2.303653	0.159860	-0.729873	-0.146337
1.120000	2.350029	1.090228	-2.308481	0.163496	-0.727850	-0.136422
1.140000	1.898302	1.044648	-2.291364	0.167601	-0.726664	-0.126242
1.160000	1.427657	0.993573	-2.254083	0.172193	-0.726458	-0.115899
1.180000	0.944461	0.937658	-2.198423	0.177289	-0.727373	-0.105491
1.200000	0.455084	0.877559	-2.126167	0.182906	-0.729553	-0.095122
1.220000	-0.034108	0.813933	-2.039099	0.189062	-0.733140	-0.084890
1.240000	-0.516746	0.747436	-1.939001	0.195776	-0.738277	-0.074898
1.260000	-0.986463	0.678724	-1.827658	0.203063	-0.745106	-0.065245
1.280000	-1.436889	0.608453	-1.706853	0.210943	-0.753770	-0.056033
1.300000	-1.861658	0.537279	-1.578369	0.219433	-0.764412	-0.047362
1.320000	-2.254401	0.465858	-1.443989	0.228550	-0.777174	-0.039333
1.340000	-2.608750	0.394846	-1.305498	0.238313	-0.792199	-0.032046
1.360000	-2.918338	0.324899	-1.164679	0.248738	-0.809629	-0.025603
1.380000	-3.176796	0.256674	-1.023314	0.259843	-0.829607	-0.020104
1.400000	-3.377780	0.190819	-0.883183	0.271646	-0.852274	-0.015650
1.420000	-3.518340	0.127012	-0.745419	0.284074	-0.877449	-0.012269
1.440000	-3.602378	0.062970	-0.609846	0.296875	-0.904307	-0.009847
1.460000	-3.634619	-0.003828	-0.476135	0.309776	-0.931945	-0.008252
1.480000	-3.619790	-0.075901	-0.343954	0.322503	-0.959459	-0.007351
1.500000	-3.562617	-0.155769	-0.212972	0.334783	-0.985946	-0.007013
1.520000	-3.467827	-0.245953	-0.082859	0.346342	-1.010502	-0.007106
1.540000	-3.340146	-0.348972	0.046718	0.356906	-1.032223	-0.007497
1.560000	-3.184300	-0.467346	0.176088	0.366202	-1.050207	-0.008054
1.580000	-3.005016	-0.603596	0.305583	0.373956	-1.063549	-0.008646
1.600000	-2.807020	-0.760240	0.435533	0.379895	-1.071347	-0.009141
1.620000	-2.595038	-0.939800	0.566271	0.383745	-1.072697	-0.009405
1.640000	-2.373797	-1.144795	0.698126	0.385232	-1.066695	-0.009308
1.660000	-2.148024	-1.377744	0.831431	0.384084	-1.052437	-0.008717
1.680000	-1.922444	-1.641169	0.966515	0.380025	-1.029022	-0.007501
1.700000	-1.701782	-1.937584	1.103708	0.372784	-0.995545	-0.005526
1.720000	-1.490029	-2.266820	1.242640	0.362282	-0.951729	-0.002755
1.740000	-1.289248	-2.621675	1.381099	0.348950	-0.898927	0.000610
1.760000	-1.101189	-2.993803	1.516576	0.333306	-0.838761	0.004326
1.780000	-0.927602	-3.374859	1.646563	0.315864	-0.772850	0.008151
1.800000	-0.770239	-3.756498	1.768551	0.297139	-0.702814	0.011840
1.820000	-0.630850	-4.130376	1.880031	0.277648	-0.630274	0.015152
1.840000	-0.511186	-4.488148	1.978494	0.257906	-0.556850	0.017844
1.860000	-0.412996	-4.821468	2.061431	0.238428	-0.484162	0.019673
1.880000	-0.338033	-5.121991	2.126333	0.219729	-0.413830	0.020396
1.900000	-0.288045	-5.381374	2.170692	0.202326	-0.347474	0.019771
1.920000	-0.264784	-5.591271	2.191999	0.186733	-0.286714	0.017555
1.940000	-0.270000	-5.743336	2.187745	0.173466	-0.233170	0.013504
