0.000000	1.452647	0.369523	-0.185709	-0.870286	-0.374103	0.008473
0.020000	1.279288	0.357200	-0.209316	-0.869882	-0.372230	0.010748
0.040000	1.090341	0.342483	-0.231427	-0.869459	-0.370359	0.013304
0.060000	0.890004	0.325847	-0.251900	-0.869034	-0.368540	0.016077
0.080000	0.682473	0.307768	-0.270589	-0.868629	-0.366824	0.019002
0.100000	0.471942	0.288719	-0.287352	-0.868263	-0.365263	0.022019
0.120000	0.262610	0.269177	-0.302043	-0.867954	-0.363906	0.025061
0.140000	0.058671	0.249617	-0.314519	-0.867723	-0.362804	0.028067
0.160000	-0.135678	0.230513	-0.324636	-0.867589	-0.362008	0.030973
0.180000	-0.316240	0.212342	-0.332249	-0.867571	-0.361568	0.033715
0.200000	-0.478821	0.195578	-0.337214	-0.867689	-0.361536	0.036230
0.220000	-0.619224	0.180696	-0.339387	-0.867962	-0.361960	0.038454
0.240000	-0.733252	0.168172	-0.338625	-0.868410	-0.362893	0.040325
0.260000	-0.816722	0.158480	-0.334784	-0.869052	-0.364385	0.041779
0.280000	-0.867665	0.151890	-0.327870	-0.869890	-0.366447	0.042776
0.300000	-0.888846	0.148239	-0.318214	-0.870890	-0.369012	0.043331
0.320000	-0.883638	0.147307	-0.306184	-0.872012	-0.372000	0.043462
0.340000	-0.855414	0.148874	-0.292151	-0.873218	-0.375334	0.043189
0.360000	-0.807548	0.152719	-0.276485	-0.874467	-0.378932	0.042533
0.380000	-0.743413	0.158625	-0.259555	-0.875720	-0.382718	0.041512
0.400000	-0.666384	0.166369	-0.241733	-0.876939	-0.386611	0.040148
0.420000	-0.579833	0.175734	-0.223388	-0.878083	-0.390533	0.038458
0.440000	-0.487133	0.186499	-0.204890	-0.879114	-0.394405	0.036463
0.460000	-0.391659	0.198444	-0.186609	-0.879992	-0.398148	0.034184
0.480000	-0.296784	0.211349	-0.168915	-0.880678	-0.401682	0.031638
0.500000	-0.205882	0.224995	-0.152178	-0.881133	-0.404930	0.028847
0.520000	-0.122325	0.239161	-0.136769	-0.881317	-0.407812	0.025830
0.540000	-0.049488	0.253629	-0.123057	-0.881191	-0.410249	0.022607
0.560000	0.009256	0.268178	-0.111412	-0.880716	-0.412162	0.019197
0.580000	0.050673	0.282587	-0.102192	-0.879855	-0.413476	0.015621
0.600000	0.074182	0.296612	-0.095503	-0.878618	-0.414183	0.011912
0.620000	0.081579	0.309988	-0.091226	-0.877060	-0.414336	0.008114
0.640000	0.074746	0.322448	-0.089236	-0.875234	-0.413989	0.004272
0.660000	0.055563	0.333728	-0.089408	-0.873197	-0.413199	0.000432
0.680000	0.025912	0.343560	-0.091615	-0.871002	-0.412020	-0.003362
0.700000	-0.012326	0.351680	-0.095732	-0.868706	-0.410507	-0.007065
0.720000	-0.057272	0.357821	-0.101632	-0.866362	-0.408716	-0.010633
0.740000	-0.107043	0.361717	-0.109190	-0.864025	-0.406700	-0.014019
0.760000	-0.159759	0.363103	-0.118281	-0.861752	-0.404516	-0.017180
0.780000	-0.213539	0.361712	-0.128777	-0.859596	-0.402219	-0.020070
0.800000	-0.266501	0.357278	-0.140554	-0.857612	-0.399862	-0.022644
0.820000	-0.316766	0.349537	-0.153486	-0.855856	-0.397503	-0.024858
0.840000	-0.362452	0.338221	-0.167447	-0.854382	-0.395195	-0.026666
0.860000	-0.401678	0.323065	-0.182310	-0.853245	-0.392993	-0.028025
0.880000	-0.432604	0.303819	-0.197949	-0.852499	-0.390952	-0.028889
0.900000	-0.454630	0.280684	-0.214183	-0.852150	-0.389100	-0.029251
0.920000	-0.468567	0.254378	-0.230776	-0.852148	-0.387435	-0.029144
0.940000	-0.475304	0.225650	-0.247485	-0.852444	-0.385951	-0.028601
0.960000	-0.475730	0.195246	-0.264069	-0.852985	-0.384646	-0.027658
0.980000	-0.470734	0.163912	-0.280287	-0.853721	-0.383516	-0.026349
1.000000	-0.461206	0.132397	-0.295896	-0.854599	-0.382555	-0.024708
1.020000	-0.448033	0.101447	-0.310657	-0.855570	-0.381762	-0.022771
1.040000	-0.432106	0.071809	-0.324326	-0.856581	-0.381131	-0.020572
1.060000	-0.414313	0.044230	-0.336663	-0.857581	-0.380658	-0.018145
1.080000	-0.395543	0.019457	-0.347426	-0.858519	-0.380341	-0.015526
1.100000	-0.376685	-0.001762	-0.356374	-0.859344	-0.380174	-0.012748
1.120000	-0.358629	-0.018681	-0.363265	-0.860005	-0.380153	-0.009847
1.140000	-0.342263	-0.030553	-0.367858	-0.860450	-0.380276	-0.006857
1.160000	-0.328477	-0.036631	-0.369911	-0.860627	-0.380537	-0.003813
1.180000	-0.318159	-0.036167	-0.369183	-0.860487	-0.380933	-0.000749
1.200000	-0.312197	-0.028418	-0.365433	-0.859977	-0.381461	0.002301
1.220000	-0.311028	-0.013144	-0.358569	-0.859077	-0.382110	0.005306
1.240000	-0.314073	0.008745	-0.348835	-0.857841	-0.382861	0.008248
1.260000	-0.320615	0.036182	-0.336523	-0.856328	-0.383692	0.011111
1.280000	-0.329933	0.068100	-0.321922	-0.854600	-0.384583	0.013879
1.300000	-0.341310	0.103434	-0.305323	-0.852718	-0.385511	0.016534
1.320000	-0.354028	0.141116	-0.287018	-0.850744	-0.386454	0.019060
1.340000	-0.367367	0.180079	-0.267296	-0.848740	-0.387392	0.021440
1.360000	-0.380609	0.219257	-0.246449	-0.846766	-0.388303	0.023659
1.380000	-0.393035	0.257583	-0.224766	-0.844883	-0.389165	0.025698
1.400000	-0.403926	0.293991	-0.202539	-0.843154	-0.389956	0.027543
1.420000	-0.412565	0.327413	-0.180059	-0.841639	-0.390656	0.029175
1.440000	-0.418233	0.356784	-0.157615	-0.840400	-0.391242	0.030579
1.460000	-0.420210	0.381035	-0.135500	-0.839498	-0.391693	0.031738
1.480000	-0.417779	0.399102	-0.114002	-0.838995	-0.391987	0.032635
1.500000	-0.410220	0.409916	-0.093414	-0.838952	-0.392103	0.033254
1.520000	-0.396853	0.412461	-0.074021	-0.839426	-0.392022	0.033579
1.540000	-0.377784	0.406730	-0.056032	-0.840413	-0.391751	0.033612
1.560000	-0.353860	0.393680	-0.039580	-0.841847	-0.391329	0.033368
1.580000	-0.325961	0.374301	-0.024795	-0.843658	-0.390796	0.032868
1.600000	-0.294963	0.349585	-0.011806	-0.845778	-0.390189	0.032128
1.620000	-0.261745	0.320523	-0.000746	-0.848140	-0.389548	0.031166
1.640000	-0.227184	0.288108	0.008257	-0.850674	-0.388911	0.030002
1.660000	-0.192158	0.253330	0.015073	-0.853312	-0.388317	0.028651
1.680000	-0.157545	0.217182	0.019570	-0.855986	-0.387805	0.027134
1.700000	-0.124224	0.180654	0.021620	-0.858627	-0.387414	0.025467
1.720000	-0.093071	0.144739	0.021091	-0.861166	-0.387183	0.023668
1.740000	-0.064964	0.110429	0.017854	-0.863536	-0.387150	0.021757
1.760000	-0.040783	0.078714	0.011778	-0.865667	-0.387355	0.019749
1.780000	-0.021403	0.050587	0.002733	-0.867491	-0.387836	0.017665
1.800000	-0.007704	0.027038	-0.009411	-0.868940	-0.388631	0.015521
1.820000	-0.000563	0.009060	-0.024784	-0.869946	-0.389780	0.013335
1.840000	-0.000851	-0.002361	-0.043514	-0.870440	-0.391322	0.011127
1.860000	-0.008784	-0.006822	-0.065504	-0.870395	-0.393263	0.008914
1.880000	-0.023366	-0.004997	-0.090236	-0.869862	-0.395550	0.006719
1.900000	-0.043468	0.002321	-0.117150	-0.868898	-0.398125	0.004565
1.920000	-0.067961	0.014343	-0.145683	-0.867563	-0.400930	0.002474
1.940000	-0.095716	0.030277	-0.175275	-0.865913	-0.403905	0.000468
1.960000	-0.125605	0.049332	-0.205363	-0.864008	-0.406993	-0.001430
1.980000	-0.156500	0.070716	-0.235387	-0.861905	-0.410134	-0.003198
2.000000	-0.187271	0.093638	-0.264783	-0.859663	-0.413270	-0.004814
2.020000	-0.216791	0.117307	-0.292992	-0.857340	-0.416342	-0.006255
2.040000	-0.243930	0.140932	-0.319452	-0.854994	-0.419292	-0.007498
2.060000	-0.267561	0.163721	-0.343600	-0.852684	-0.422061	-0.008522
