0.000000	0.121393	0.436238	-0.153408	-0.863967	-0.415117	0.014214
0.020000	0.139494	0.449708	-0.169127	-0.865321	-0.414554	0.010846
0.040000	0.152777	0.459414	-0.183849	-0.866348	-0.414082	0.007761
0.060000	0.160668	0.464979	-0.197134	-0.867003	-0.413714	0.005084
0.080000	0.162592	0.466025	-0.208543	-0.867242	-0.413462	0.002940
0.100000	0.157975	0.462175	-0.217638	-0.867020	-0.413339	0.001455
0.120000	0.146265	0.453071	-0.223993	-0.866293	-0.413357	0.000749
0.140000	0.127528	0.438847	-0.227515	-0.865066	-0.413516	0.000843
0.160000	0.102496	0.420175	-0.228480	-0.863394	-0.413802	0.001651
0.180000	0.071935	0.397754	-0.227178	-0.861336	-0.414202	0.003080
0.200000	0.036612	0.372282	-0.223901	-0.858949	-0.414700	0.005038
0.220000	-0.002708	0.344456	-0.218941	-0.856291	-0.415284	0.007432
0.240000	-0.045258	0.314977	-0.212588	-0.853421	-0.415937	0.010169
0.260000	-0.090273	0.284541	-0.205135	-0.850397	-0.416647	0.013156
0.280000	-0.136987	0.253848	-0.196873	-0.847277	-0.417399	0.016303
0.300000	-0.184633	0.223595	-0.188094	-0.844118	-0.418178	0.019515
0.320000	-0.232445	0.194480	-0.179088	-0.840979	-0.418971	0.022700
0.340000	-0.279658	0.167203	-0.170148	-0.837919	-0.419763	0.025766
0.360000	-0.325506	0.142461	-0.161565	-0.834994	-0.420540	0.028620
0.380000	-0.369221	0.120953	-0.153631	-0.832264	-0.421288	0.031170
0.400000	-0.410039	0.103377	-0.146637	-0.829785	-0.421992	0.033323
0.420000	-0.447194	0.090431	-0.140874	-0.827618	-0.422638	0.034986
0.440000	-0.479920	0.082812	-0.136634	-0.825818	-0.423213	0.036068
0.460000	-0.507770	0.080859	-0.134074	-0.824417	-0.423704	0.036525
0.480000	-0.530969	0.084148	-0.133067	-0.823382	-0.424111	0.036419
0.500000	-0.549829	0.092158	-0.133451	-0.822677	-0.424430	0.035826
0.520000	-0.564663	0.104367	-0.135061	-0.822262	-0.424662	0.034820
0.540000	-0.575783	0.120254	-0.137736	-0.822098	-0.424803	0.033478
0.560000	-0.583501	0.139296	-0.141312	-0.822149	-0.424853	0.031875
0.580000	-0.588131	0.160972	-0.145625	-0.822374	-0.424809	0.030085
0.600000	-0.589984	0.184761	-0.150513	-0.822735	-0.424671	0.028185
0.620000	-0.589372	0.210141	-0.155812	-0.823195	-0.424436	0.026250
0.640000	-0.586609	0.236589	-0.161359	-0.823715	-0.424104	0.024356
0.660000	-0.582007	0.263585	-0.166992	-0.824255	-0.423671	0.022577
0.680000	-0.575877	0.290607	-0.172546	-0.824778	-0.423138	0.020989
0.700000	-0.568533	0.317133	-0.177859	-0.825246	-0.422502	0.019668
0.720000	-0.560287	0.342641	-0.182767	-0.825619	-0.421761	0.018689
0.740000	-0.551451	0.366609	-0.187108	-0.825860	-0.420915	0.018127
0.760000	-0.542337	0.388517	-0.190717	-0.825929	-0.419961	0.018058
0.780000	-0.533198	0.407884	-0.193472	-0.825799	-0.418903	0.018535
0.800000	-0.524007	0.424418	-0.195418	-0.825488	-0.417769	0.019508
0.820000	-0.514665	0.437883	-0.196651	-0.825025	-0.416593	0.020901
0.840000	-0.505069	0.448038	-0.197268	-0.824442	-0.415409	0.022636
0.860000	-0.495119	0.454646	-0.197365	-0.823769	-0.414252	0.024637
0.880000	-0.484712	0.457467	-0.197037	-0.823036	-0.413156	0.026825
0.900000	-0.473747	0.456265	-0.196380	-0.822275	-0.412156	0.029124
0.920000	-0.462122	0.450799	-0.195489	-0.821515	-0.411285	0.031456
0.940000	-0.449737	0.440833	-0.194462	-0.820788	-0.410578	0.033744
0.960000	-0.436489	0.426126	-0.193393	-0.820124	-0.410070	0.035911
0.980000	-0.422277	0.406441	-0.192378	-0.819553	-0.409794	0.037880
1.000000	-0.407000	0.381540	-0.191514	-0.819106	-0.409786	0.039573
1.020000	-0.390556	0.351183	-0.190896	-0.818814	-0.410078	0.040913
1.040000	-0.372844	0.315133	-0.190619	-0.818707	-0.410706	0.041823
1.060000	-0.353762	0.273150	-0.190781	-0.818816	-0.411705	0.042225
1.080000	-0.333266	0.225167	-0.191447	-0.819165	-0.413097	0.042060
1.100000	-0.311654	0.172128	-0.192513	-0.819746	-0.414849	0.041363
1.120000	-0.289351	0.115349	-0.193812	-0.820536	-0.416904	0.040208
1.140000	-0.266782	0.056150	-0.195175	-0.821513	-0.419204	0.038669
1.160000	-0.244370	-0.004151	-0.196433	-0.822656	-0.421693	0.036819
1.180000	-0.222542	-0.064237	-0.197420	-0.823943	-0.424314	0.034732
1.200000	-0.201721	-0.122789	-0.197966	-0.825351	-0.427010	0.032480
1.220000	-0.182332	-0.178489	-0.197905	-0.826859	-0.429725	0.030137
1.240000	-0.164800	-0.230019	-0.197066	-0.828444	-0.432401	0.027776
1.260000	-0.149550	-0.276061	-0.195284	-0.830085	-0.434982	0.025471
1.280000	-0.137006	-0.315295	-0.192389	-0.831760	-0.437410	0.023295
1.300000	-0.127592	-0.346405	-0.188213	-0.833447	-0.439630	0.021322
1.320000	-0.121734	-0.368073	-0.182589	-0.835123	-0.441583	0.019624
1.340000	-0.119667	-0.379503	-0.175421	-0.836772	-0.443230	0.018253
1.360000	-0.121062	-0.381466	-0.166831	-0.838384	-0.444575	0.017196
1.380000	-0.125483	-0.375025	-0.156982	-0.839955	-0.445633	0.016424
1.400000	-0.132495	-0.361242	-0.146035	-0.841481	-0.446419	0.015911
1.420000	-0.141663	-0.341178	-0.134154	-0.842954	-0.446946	0.015631
1.440000	-0.152552	-0.315897	-0.121501	-0.844371	-0.447230	0.015558
1.460000	-0.164728	-0.286461	-0.108238	-0.845725	-0.447284	0.015663
1.480000	-0.177754	-0.253932	-0.094528	-0.847012	-0.447123	0.015921
1.500000	-0.191197	-0.219372	-0.080534	-0.848227	-0.446761	0.016305
1.520000	-0.204621	-0.183844	-0.066417	-0.849363	-0.446213	0.016788
1.540000	-0.217591	-0.148409	-0.052340	-0.850416	-0.445494	0.017343
1.560000	-0.229672	-0.114131	-0.038466	-0.851380	-0.444617	0.017945
1.580000	-0.240428	-0.082071	-0.024958	-0.852250	-0.443597	0.018566
1.600000	-0.249426	-0.053292	-0.011977	-0.853021	-0.442448	0.019179
1.620000	-0.256230	-0.028856	0.000313	-0.853688	-0.441185	0.019758
1.640000	-0.260404	-0.009825	0.011751	-0.854245	-0.439822	0.020276
1.660000	-0.261514	0.002738	0.022174	-0.854686	-0.438373	0.020706
1.680000	-0.259125	0.007772	0.031419	-0.855008	-0.436854	0.021022
1.700000	-0.253029	0.004761	0.039346	-0.855207	-0.435277	0.021214
1.720000	-0.243686	-0.005193	0.045879	-0.855296	-0.433653	0.021316
1.740000	-0.231680	-0.020695	0.050952	-0.855285	-0.431992	0.021374
1.760000	-0.217593	-0.040346	0.054503	-0.855189	-0.430305	0.021434
1.780000	-0.202010	-0.062749	0.056466	-0.855018	-0.428601	0.021539
1.800000	-0.185513	-0.086507	0.056777	-0.854787	-0.426892	0.021734
1.820000	-0.168687	-0.110222	0.055373	-0.854507	-0.425186	0.022065
1.840000	-0.152115	-0.132498	0.052187	-0.854191	-0.423495	0.022575
1.860000	-0.136379	-0.151937	0.047157	-0.853851	-0.421829	0.023311
1.880000	-0.122064	-0.167142	0.040218	-0.853501	-0.420197	0.024317
1.900000	-0.109754	-0.176716	0.031305	-0.853152	-0.418610	0.025637
1.920000	-0.100030	-0.179261	0.020355	-0.852817	-0.417079	0.027316
1.940000	-0.093478	-0.173380	0.007302	-0.852509	-0.415612	0.029400
1.960000	-0.090679	-0.157677	-0.007917	-0.852240	-0.414221	0.031933
1.980000	-0.092218	-0.130752	-0.025367	-0.852023	-0.412916	0.034959
2.000000	-0.098679	-0.091210	-0.045113	-0.851870	-0.411707	0.038525
2.020000	-0.110639	-0.037666	-0.067216	-0.851794	-0.410605	0.042673
2.040000	-0.128224	0.029995	-0.091572	-0.851797	-0.409616	0.047401
2.060000	-0.150713	0.109538	-0.117766	-0.851860	-0.408744	0.052616
2.080000	-0.177297	0.198469	-0.145348	-0.851965	-0.407992	0.058215
2.100000	-0.207166	0.294300	-0.173869	-0.852090	-0.407363	0.064098
2.120000	-0.239510	0.394538	-0.202880	-0.852217	-0.406860	0.070160
2.140000	-0.273519	0.496692	-0.231933	-0.852326	-0.406485	0.076301
2.160000	-0.308381	0.598272	-0.260577	-0.852395	-0.406241	0.082419
2.180000	-0.343289	0.696786	-0.288364	-0.852407	-0.406131	0.088410
2.200000	-0.377430	0.789743	-0.314845	-0.852340	-0.406158	0.094174
2.220000	-0.409996	0.874652	-0.339570	-0.852175	-0.406325	0.099607
2.240000	-0.440175	0.949022	-0.362091	-0.851892	-0.406634	0.104608
2.260000	-0.467159	1.010362	-0.381958	-0.851471	-0.407088	0.109075
2.280000	-0.490136	1.056181	-0.398723	-0.850893	-0.407690	0.112905
2.300000	-0.508297	1.083988	-0.411936	-0.850137	-0.408443	0.115997
2.320000	-0.520833	1.091296	-0.421148	-0.849184	-0.409349	0.118248
2.340000	-0.527301	1.076889	-0.426120	-0.848030	-0.410405	0.119605
2.360000	-0.528135	1.042598	-0.427107	-0.846712	-0.411587	0.120130
2.380000	-0.523899	0.990702	-0.424438	-0.845272	-0.412872	0.119903
2.400000	-0.515156	0.923478	-0.418443	-0.843753	-0.414236	0.119004
2.420000	-0.502470	0.843204	-0.409452	-0.842197	-0.415654	0.117511
