0.000000	-0.354595	-0.117851	-0.482424	-0.868502	-0.363115	-0.009209
0.020000	-0.361511	-0.138405	-0.477614	-0.868113	-0.366669	-0.016298
0.040000	-0.370338	-0.155913	-0.469283	-0.867594	-0.370309	-0.023362
0.060000	-0.380775	-0.169665	-0.457735	-0.866967	-0.373933	-0.030220
0.080000	-0.392523	-0.178950	-0.443275	-0.866252	-0.377442	-0.036694
0.100000	-0.405282	-0.183061	-0.426209	-0.865473	-0.380737	-0.042604
0.120000	-0.418753	-0.181286	-0.406841	-0.864649	-0.383716	-0.047773
0.140000	-0.432636	-0.172917	-0.385476	-0.863802	-0.386282	-0.052020
0.160000	-0.446631	-0.157245	-0.362418	-0.862954	-0.388332	-0.055166
0.180000	-0.460439	-0.133559	-0.337973	-0.862126	-0.389768	-0.057033
0.200000	-0.473768	-0.101230	-0.312446	-0.861339	-0.390497	-0.057455
0.220000	-0.486423	-0.060746	-0.286144	-0.860606	-0.390526	-0.056452
0.240000	-0.498285	-0.013426	-0.259373	-0.859938	-0.389937	-0.054186
0.260000	-0.509234	0.039393	-0.232441	-0.859341	-0.388813	-0.050818
0.280000	-0.519152	0.096373	-0.205657	-0.858824	-0.387237	-0.046512
0.300000	-0.527921	0.156177	-0.179328	-0.858397	-0.385293	-0.041432
0.320000	-0.535421	0.217466	-0.153761	-0.858067	-0.383063	-0.035739
0.340000	-0.541534	0.278904	-0.129265	-0.857843	-0.380632	-0.029597
0.360000	-0.546142	0.339152	-0.106146	-0.857733	-0.378082	-0.023170
0.380000	-0.549126	0.396872	-0.084713	-0.857746	-0.375497	-0.016620
0.400000	-0.550367	0.450728	-0.065274	-0.857891	-0.372960	-0.010111
0.420000	-0.549747	0.499382	-0.048136	-0.858176	-0.370555	-0.003805
0.440000	-0.547147	0.541495	-0.033606	-0.858609	-0.368364	0.002134
0.460000	-0.542448	0.575731	-0.021993	-0.859198	-0.366471	0.007544
0.480000	-0.535531	0.600751	-0.013604	-0.859954	-0.364960	0.012260
0.500000	-0.526279	0.615218	-0.008746	-0.860883	-0.363913	0.016121
0.520000	-0.514576	0.617816	-0.007723	-0.861994	-0.363413	0.018965
0.540000	-0.500448	0.608276	-0.010559	-0.863281	-0.363488	0.020736
0.560000	-0.484130	0.587843	-0.016883	-0.864717	-0.364087	0.021527
0.580000	-0.465872	0.557880	-0.026290	-0.866271	-0.365154	0.021444
0.600000	-0.445924	0.519748	-0.038376	-0.867915	-0.366633	0.020592
0.620000	-0.424537	0.474811	-0.052739	-0.869620	-0.368467	0.019078
0.640000	-0.401960	0.424430	-0.068974	-0.871357	-0.370600	0.017005
0.660000	-0.378444	0.369967	-0.086679	-0.873097	-0.372975	0.014481
0.680000	-0.354239	0.312785	-0.105448	-0.874810	-0.375536	0.011611
0.700000	-0.329594	0.254246	-0.124879	-0.876468	-0.378227	0.008500
0.720000	-0.304761	0.195713	-0.144569	-0.878041	-0.380991	0.005253
0.740000	-0.279989	0.138547	-0.164112	-0.879500	-0.383772	0.001977
0.760000	-0.255528	0.084110	-0.183107	-0.880816	-0.386513	-0.001223
0.780000	-0.231629	0.033766	-0.201148	-0.881960	-0.389158	-0.004242
0.800000	-0.208541	-0.011124	-0.217834	-0.882903	-0.391651	-0.006974
0.820000	-0.186515	-0.049197	-0.232759	-0.883615	-0.393934	-0.009314
0.840000	-0.165801	-0.079093	-0.245520	-0.884068	-0.395953	-0.011156
0.860000	-0.146583	-0.099956	-0.255848	-0.884244	-0.397666	-0.012430
0.880000	-0.128855	-0.112411	-0.263863	-0.884158	-0.399082	-0.013174
0.900000	-0.112576	-0.117354	-0.269754	-0.883830	-0.400217	-0.013444
0.920000	-0.097704	-0.115676	-0.273713	-0.883281	-0.401087	-0.013294
0.940000	-0.084199	-0.108272	-0.275930	-0.882532	-0.401710	-0.012782
0.960000	-0.072019	-0.096034	-0.276596	-0.881605	-0.402101	-0.011963
0.980000	-0.061123	-0.079858	-0.275901	-0.880519	-0.402277	-0.010892
1.000000	-0.051470	-0.060635	-0.274036	-0.879295	-0.402256	-0.009626
1.020000	-0.043019	-0.039260	-0.271191	-0.877955	-0.402052	-0.008221
1.040000	-0.035728	-0.016626	-0.267556	-0.876519	-0.401683	-0.006732
1.060000	-0.029557	0.006374	-0.263323	-0.875008	-0.401165	-0.005215
1.080000	-0.024465	0.028845	-0.258681	-0.873443	-0.400515	-0.003726
1.100000	-0.020409	0.049895	-0.253822	-0.871844	-0.399749	-0.002321
1.120000	-0.017349	0.068629	-0.248936	-0.870233	-0.398884	-0.001056
1.140000	-0.015245	0.084155	-0.244213	-0.868631	-0.397936	0.000013
1.160000	-0.014047	0.095846	-0.239789	-0.867055	-0.396920	0.000847
1.180000	-0.013686	0.104103	-0.235595	-0.865520	-0.395845	0.001468
1.200000	-0.014081	0.109572	-0.231509	-0.864037	-0.394719	0.001913
1.220000	-0.015156	0.112901	-0.227410	-0.862617	-0.393548	0.002220
1.240000	-0.016833	0.114736	-0.223178	-0.861272	-0.392340	0.002425
1.260000	-0.019034	0.115725	-0.218692	-0.860012	-0.391102	0.002565
1.280000	-0.021681	0.116513	-0.213830	-0.858850	-0.389841	0.002679
1.300000	-0.024696	0.117748	-0.208474	-0.857797	-0.388565	0.002802
1.320000	-0.028001	0.120077	-0.202500	-0.856863	-0.387281	0.002973
1.340000	-0.031518	0.124147	-0.195790	-0.856061	-0.385997	0.003228
1.360000	-0.035170	0.130604	-0.188222	-0.855403	-0.384719	0.003605
1.380000	-0.038879	0.140096	-0.179675	-0.854898	-0.383455	0.004140
1.400000	-0.042567	0.153269	-0.170029	-0.854559	-0.382212	0.004871
1.420000	-0.046155	0.170770	-0.159163	-0.854397	-0.380998	0.005836
1.440000	-0.049566	0.193246	-0.146956	-0.854424	-0.379819	0.007070
1.460000	-0.052723	0.221344	-0.133288	-0.854651	-0.378684	0.008613
1.480000	-0.055559	0.255572	-0.118076	-0.855086	-0.377598	0.010493
1.500000	-0.058109	0.295264	-0.101571	-0.855716	-0.376569	0.012695
1.520000	-0.060460	0.339168	-0.084190	-0.856517	-0.375599	0.015172
1.540000	-0.062697	0.386025	-0.066351	-0.857463	-0.374694	0.017882
1.560000	-0.064906	0.434577	-0.048470	-0.858529	-0.373859	0.020782
1.580000	-0.067174	0.483568	-0.030965	-0.859691	-0.373097	0.023826
1.600000	-0.069587	0.531739	-0.014255	-0.860923	-0.372413	0.026972
1.620000	-0.072231	0.577833	0.001244	-0.862201	-0.371812	0.030176
1.640000	-0.075192	0.620592	0.015112	-0.863500	-0.371298	0.033394
1.660000	-0.078556	0.658758	0.026934	-0.864795	-0.370876	0.036581
1.680000	-0.082411	0.691074	0.036291	-0.866061	-0.370550	0.039695
1.700000	-0.086840	0.716282	0.042766	-0.867274	-0.370325	0.042692
1.720000	-0.091932	0.733124	0.045941	-0.868407	-0.370205	0.045527
1.740000	-0.097771	0.740343	0.045397	-0.869437	-0.370196	0.048157
1.760000	-0.104445	0.736681	0.040719	-0.870338	-0.370300	0.050539
1.780000	-0.112032	0.721004	0.031533	-0.871087	-0.370523	0.052629
1.800000	-0.120529	0.693632	0.017997	-0.871679	-0.370858	0.054398
1.820000	-0.129879	0.655816	0.000612	-0.872118	-0.371293	0.055827
1.840000	-0.140024	0.608826	-0.020116	-0.872410	-0.371817	0.056895
1.860000	-0.150907	0.553931	-0.043682	-0.872562	-0.372418	0.057583
1.880000	-0.162470	0.492400	-0.069580	-0.872578	-0.373084	0.057869
1.900000	-0.174655	0.425503	-0.097304	-0.872464	-0.373802	0.057734
1.920000	-0.187405	0.354507	-0.126349	-0.872226	-0.374561	0.057159
1.940000	-0.200662	0.280683	-0.156208	-0.871869	-0.375348	0.056121
1.960000	-0.214368	0.205299	-0.186376	-0.871400	-0.376153	0.054603
1.980000	-0.228467	0.129624	-0.216348	-0.870823	-0.376963	0.052583
2.000000	-0.242899	0.054928	-0.245616	-0.870145	-0.377765	0.050042
2.020000	-0.257607	-0.017521	-0.273676	-0.869370	-0.378549	0.046959
2.040000	-0.272535	-0.086454	-0.300022	-0.868506	-0.379302	0.043314
2.060000	-0.287623	-0.150601	-0.324148	-0.867556	-0.380012	0.039088
2.080000	-0.302816	-0.208694	-0.345548	-0.866528	-0.380668	0.034259
2.100000	-0.318053	-0.259464	-0.363716	-0.865426	-0.381256	0.028809
