0.000000	-0.175802	0.197454	-0.392257	-0.826345	-0.414117	0.036807
0.020000	-0.168904	0.207261	-0.385582	-0.825788	-0.415198	0.037107
0.040000	-0.162123	0.214949	-0.377478	-0.825343	-0.416294	0.037254
0.060000	-0.155701	0.219976	-0.368228	-0.825034	-0.417387	0.037226
0.080000	-0.149878	0.221805	-0.358113	-0.824891	-0.418462	0.037000
0.100000	-0.144896	0.219894	-0.347414	-0.824939	-0.419501	0.036554
0.120000	-0.140996	0.213705	-0.336415	-0.825207	-0.420488	0.035865
0.140000	-0.138419	0.202698	-0.325397	-0.825721	-0.421407	0.034912
0.160000	-0.137406	0.186333	-0.314642	-0.826508	-0.422240	0.033672
0.180000	-0.138171	0.164233	-0.304402	-0.827589	-0.422973	0.032130
0.200000	-0.140760	0.137084	-0.294738	-0.828934	-0.423605	0.030322
0.220000	-0.145149	0.105990	-0.285635	-0.830495	-0.424141	0.028303
0.240000	-0.151314	0.072061	-0.277079	-0.832224	-0.424585	0.026129
0.260000	-0.159231	0.036403	-0.269052	-0.834074	-0.424941	0.023855
0.280000	-0.168877	0.000124	-0.261541	-0.835996	-0.425213	0.021536
0.300000	-0.180227	-0.035667	-0.254530	-0.837941	-0.425406	0.019227
0.320000	-0.193259	-0.069864	-0.248003	-0.839863	-0.425525	0.016985
0.340000	-0.207949	-0.101359	-0.241944	-0.841712	-0.425574	0.014864
0.360000	-0.224272	-0.129044	-0.236340	-0.843441	-0.425557	0.012920
0.380000	-0.242205	-0.151811	-0.231173	-0.845001	-0.425478	0.011209
0.400000	-0.261725	-0.168553	-0.226429	-0.846344	-0.425343	0.009785
0.420000	-0.282808	-0.178162	-0.222093	-0.847423	-0.425154	0.008704
0.440000	-0.305430	-0.179531	-0.218149	-0.848189	-0.424918	0.008021
0.460000	-0.329567	-0.171551	-0.214581	-0.848593	-0.424637	0.007792
0.480000	-0.355154	-0.153311	-0.211372	-0.848596	-0.424318	0.008063
0.500000	-0.381766	-0.125612	-0.208482	-0.848221	-0.423969	0.008803
0.520000	-0.408789	-0.090140	-0.205861	-0.847523	-0.423602	0.009940
0.540000	-0.435610	-0.048590	-0.203458	-0.846560	-0.423228	0.011400
0.560000	-0.461614	-0.002657	-0.201221	-0.845389	-0.422860	0.013112
0.580000	-0.486187	0.045966	-0.199099	-0.844065	-0.422507	0.015002
0.600000	-0.508714	0.095583	-0.197043	-0.842646	-0.422183	0.017000
0.620000	-0.528581	0.144501	-0.195001	-0.841189	-0.421898	0.019031
0.640000	-0.545174	0.191025	-0.192922	-0.839750	-0.421664	0.021024
0.660000	-0.557879	0.233460	-0.190755	-0.838385	-0.421493	0.022906
0.680000	-0.566080	0.270113	-0.188449	-0.837152	-0.421396	0.024604
0.700000	-0.569165	0.299289	-0.185954	-0.836108	-0.421385	0.026047
0.720000	-0.566518	0.319292	-0.183218	-0.835309	-0.421471	0.027162
0.740000	-0.557526	0.328430	-0.180191	-0.834811	-0.421665	0.027876
0.760000	-0.541573	0.325008	-0.176822	-0.834671	-0.421981	0.028116
0.780000	-0.518136	0.307523	-0.173067	-0.834941	-0.422426	0.027818
0.800000	-0.487783	0.276804	-0.168964	-0.835601	-0.422989	0.026999
0.820000	-0.451806	0.235232	-0.164608	-0.836585	-0.423643	0.025732
0.840000	-0.411511	0.185214	-0.160093	-0.837824	-0.424362	0.024093
0.860000	-0.368206	0.129156	-0.155516	-0.839253	-0.425119	0.022156
0.880000	-0.323195	0.069466	-0.150969	-0.840804	-0.425886	0.019995
0.900000	-0.277787	0.008551	-0.146550	-0.842410	-0.426637	0.017685
0.920000	-0.233287	-0.051182	-0.142352	-0.844003	-0.427345	0.015301
0.940000	-0.191001	-0.107325	-0.138471	-0.845517	-0.427983	0.012917
0.960000	-0.152236	-0.157471	-0.135002	-0.846884	-0.428524	0.010607
0.980000	-0.118298	-0.199212	-0.132039	-0.848037	-0.428941	0.008447
1.000000	-0.090493	-0.230142	-0.129678	-0.848909	-0.429208	0.006510
1.020000	-0.069762	-0.248516	-0.127982	-0.849452	-0.429305	0.004855
1.040000	-0.055762	-0.254901	-0.126898	-0.849679	-0.429241	0.003480
1.060000	-0.047873	-0.250370	-0.126351	-0.849619	-0.429032	0.002372
1.080000	-0.045474	-0.235996	-0.126264	-0.849301	-0.428692	0.001516
1.100000	-0.047946	-0.212849	-0.126562	-0.848753	-0.428237	0.000899
1.120000	-0.054666	-0.182004	-0.127169	-0.848004	-0.427680	0.000507
1.140000	-0.065016	-0.144533	-0.128008	-0.847082	-0.427039	0.000326
1.160000	-0.078373	-0.101507	-0.129002	-0.846016	-0.426326	0.000342
1.180000	-0.094117	-0.053999	-0.130077	-0.844834	-0.425558	0.000541
1.200000	-0.111628	-0.003082	-0.131156	-0.843564	-0.424749	0.000909
1.220000	-0.130284	0.050172	-0.132163	-0.842236	-0.423914	0.001433
1.240000	-0.149467	0.104690	-0.133021	-0.840878	-0.423068	0.002098
1.260000	-0.168554	0.159401	-0.133654	-0.839518	-0.422227	0.002890
1.280000	-0.186924	0.213231	-0.133987	-0.838185	-0.421405	0.003797
1.300000	-0.203959	0.265109	-0.133944	-0.836907	-0.420617	0.004803
1.320000	-0.219036	0.313961	-0.133447	-0.835712	-0.419879	0.005895
1.340000	-0.231535	0.358716	-0.132421	-0.834630	-0.419205	0.007059
1.360000	-0.240836	0.398302	-0.130791	-0.833689	-0.418610	0.008281
1.380000	-0.246317	0.431645	-0.128479	-0.832917	-0.418109	0.009547
1.400000	-0.247359	0.457673	-0.125410	-0.832343	-0.417717	0.010844
1.420000	-0.243341	0.475315	-0.121507	-0.831995	-0.417449	0.012157
1.440000	-0.234007	0.484026	-0.116750	-0.831890	-0.417312	0.013472
1.460000	-0.220039	0.484623	-0.111259	-0.832010	-0.417286	0.014776
1.480000	-0.202272	0.478139	-0.105179	-0.832336	-0.417350	0.016052
1.500000	-0.181539	0.465609	-0.098652	-0.832845	-0.417482	0.017287
1.520000	-0.158673	0.448068	-0.091822	-0.833516	-0.417661	0.018467
1.540000	-0.134508	0.426549	-0.084834	-0.834329	-0.417864	0.019576
1.560000	-0.109877	0.402088	-0.077831	-0.835261	-0.418069	0.020601
1.580000	-0.085614	0.375718	-0.070956	-0.836291	-0.418255	0.021525
1.600000	-0.062553	0.348474	-0.064353	-0.837399	-0.418399	0.022336
1.620000	-0.041528	0.321390	-0.058165	-0.838562	-0.418481	0.023018
1.640000	-0.023370	0.295500	-0.052537	-0.839760	-0.418477	0.023558
1.660000	-0.008915	0.271840	-0.047613	-0.840971	-0.418366	0.023939
1.680000	0.001004	0.251442	-0.043535	-0.842174	-0.418127	0.024148
1.700000	0.005554	0.235342	-0.040447	-0.843348	-0.417736	0.024171
1.720000	0.003902	0.224574	-0.038493	-0.844471	-0.417173	0.023992
1.740000	-0.004787	0.220172	-0.037817	-0.845522	-0.416416	0.023597
1.760000	-0.021336	0.223159	-0.038561	-0.846480	-0.415442	0.022972
1.780000	-0.045860	0.233736	-0.040769	-0.847331	-0.414252	0.022122
1.800000	-0.077321	0.250760	-0.044322	-0.848076	-0.412878	0.021084
1.820000	-0.114569	0.272963	-0.049087	-0.848714	-0.411355	0.019898
1.840000	-0.156457	0.299078	-0.054931	-0.849246	-0.409721	0.018602
1.860000	-0.201837	0.327836	-0.061721	-0.849673	-0.408011	0.017239
1.880000	-0.249562	0.357972	-0.069324	-0.849995	-0.406262	0.015846
1.900000	-0.298484	0.388216	-0.077607	-0.850214	-0.404509	0.014463
1.920000	-0.347455	0.417301	-0.086437	-0.850329	-0.402788	0.013132
1.940000	-0.395327	0.443961	-0.095680	-0.850342	-0.401137	0.011890
1.960000	-0.440952	0.466926	-0.105204	-0.850253	-0.399590	0.010779
1.980000	-0.483184	0.484929	-0.114875	-0.850063	-0.398184	0.009838
2.000000	-0.520873	0.496704	-0.124561	-0.849772	-0.396955	0.009107
2.020000	-0.552872	0.500981	-0.134128	-0.849380	-0.395939	0.008625
2.040000	-0.578034	0.496494	-0.143443	-0.848890	-0.395173	0.008432
2.060000	-0.595210	0.481976	-0.152373	-0.848301	-0.394691	0.008569
2.080000	-0.603254	0.456157	-0.160784	-0.847613	-0.394531	0.009074
2.100000	-0.601462	0.418523	-0.168573	-0.846833	-0.394716	0.009973
2.120000	-0.590630	0.371077	-0.175725	-0.845980	-0.395225	0.011238
2.140000	-0.571863	0.316349	-0.182247	-0.845080	-0.396028	0.012832
2.160000	-0.546268	0.256871	-0.188146	-0.844156	-0.397097	0.014717
2.180000	-0.514952	0.195174	-0.193428	-0.843233	-0.398401	0.016855
2.200000	-0.479021	0.133788	-0.198100	-0.842334	-0.399911	0.019208
2.220000	-0.439583	0.075245	-0.202168	-0.841484	-0.401597	0.021739
2.240000	-0.397744	0.022075	-0.205640	-0.840707	-0.403431	0.024411
2.260000	-0.354610	-0.023190	-0.208520	-0.840027	-0.405382	0.027184
