0.000000	-0.268641	0.372072	-0.282548	-0.833936	-0.392630	-0.016819
0.020000	-0.311219	0.386282	-0.276873	-0.833385	-0.392411	-0.015739
0.040000	-0.355374	0.399442	-0.270207	-0.832927	-0.392329	-0.014629
0.060000	-0.400627	0.411490	-0.262658	-0.832561	-0.392379	-0.013491
0.080000	-0.446500	0.422362	-0.254334	-0.832291	-0.392558	-0.012327
0.100000	-0.492512	0.431995	-0.245343	-0.832117	-0.392860	-0.011139
0.120000	-0.538185	0.440324	-0.235792	-0.832041	-0.393281	-0.009927
0.140000	-0.583041	0.447286	-0.225789	-0.832064	-0.393817	-0.008695
0.160000	-0.626599	0.452817	-0.215442	-0.832188	-0.394464	-0.007443
0.180000	-0.668381	0.456854	-0.204857	-0.832414	-0.395217	-0.006173
0.200000	-0.707907	0.459333	-0.194144	-0.832743	-0.396072	-0.004887
0.220000	-0.744700	0.460191	-0.183410	-0.833176	-0.397024	-0.003587
0.240000	-0.778278	0.459364	-0.172761	-0.833716	-0.398070	-0.002274
0.260000	-0.808164	0.456788	-0.162307	-0.834364	-0.399204	-0.000950
0.280000	-0.833878	0.452400	-0.152155	-0.835120	-0.400423	0.000383
0.300000	-0.854941	0.446136	-0.142412	-0.835987	-0.401722	0.001724
0.320000	-0.870875	0.437932	-0.133187	-0.836966	-0.403096	0.003070
0.340000	-0.881199	0.427725	-0.124586	-0.838058	-0.404542	0.004421
0.360000	-0.885436	0.415451	-0.116718	-0.839265	-0.406055	0.005775
0.380000	-0.883105	0.401046	-0.109690	-0.840588	-0.407631	0.007129
0.400000	-0.873728	0.384448	-0.103610	-0.842028	-0.409265	0.008483
0.420000	-0.856825	0.365591	-0.098586	-0.843587	-0.410953	0.009834
0.440000	-0.831918	0.344414	-0.094725	-0.845266	-0.412690	0.011180
0.460000	-0.798528	0.320851	-0.092135	-0.847067	-0.414473	0.012521
0.480000	-0.756276	0.294872	-0.090909	-0.848990	-0.416296	0.013853
0.500000	-0.705883	0.266791	-0.090968	-0.851013	-0.418149	0.015160
0.520000	-0.648738	0.237135	-0.092133	-0.853106	-0.420021	0.016418
0.540000	-0.586239	0.206433	-0.094221	-0.855236	-0.421899	0.017602
0.560000	-0.519786	0.175216	-0.097051	-0.857371	-0.423769	0.018689
0.580000	-0.450778	0.144011	-0.100441	-0.859478	-0.425620	0.019653
0.600000	-0.380615	0.113350	-0.104208	-0.861526	-0.427438	0.020470
0.620000	-0.310694	0.083761	-0.108172	-0.863483	-0.429211	0.021116
0.640000	-0.242416	0.055774	-0.112149	-0.865316	-0.430927	0.021567
0.660000	-0.177179	0.029919	-0.115958	-0.866993	-0.432572	0.021799
0.680000	-0.116382	0.006725	-0.119417	-0.868481	-0.434134	0.021786
0.700000	-0.061425	-0.013278	-0.122344	-0.869750	-0.435601	0.021505
0.720000	-0.013706	-0.029561	-0.124557	-0.870766	-0.436959	0.020931
0.740000	0.025375	-0.041595	-0.125875	-0.871498	-0.438197	0.020040
0.760000	0.054420	-0.048849	-0.126115	-0.871912	-0.439301	0.018807
0.780000	0.072028	-0.050794	-0.125095	-0.871978	-0.440259	0.017209
0.800000	0.076802	-0.046901	-0.122633	-0.871663	-0.441058	0.015220
0.820000	0.067679	-0.036784	-0.118590	-0.870942	-0.441688	0.012826
0.840000	0.045706	-0.020959	-0.113083	-0.869837	-0.442148	0.010070
0.860000	0.012742	-0.000288	-0.106334	-0.868389	-0.442441	0.007017
0.880000	-0.029348	0.024363	-0.098562	-0.866638	-0.442573	0.003732
0.900000	-0.078704	0.052132	-0.089988	-0.864625	-0.442546	0.000280
0.920000	-0.133462	0.082153	-0.080830	-0.862389	-0.442365	-0.003273
0.940000	-0.191759	0.113564	-0.071310	-0.859972	-0.442033	-0.006861
0.960000	-0.251734	0.145499	-0.061646	-0.857414	-0.441555	-0.010419
0.980000	-0.311525	0.177094	-0.052060	-0.854754	-0.440935	-0.013883
1.000000	-0.369267	0.207487	-0.042771	-0.852034	-0.440175	-0.017186
1.020000	-0.423100	0.235811	-0.033999	-0.849293	-0.439281	-0.020264
1.040000	-0.471160	0.261204	-0.025965	-0.846572	-0.438256	-0.023051
1.060000	-0.511586	0.282802	-0.018887	-0.843912	-0.437104	-0.025481
1.080000	-0.542514	0.299740	-0.012987	-0.841353	-0.435829	-0.027490
1.100000	-0.562083	0.311153	-0.008483	-0.838935	-0.434435	-0.029011
1.120000	-0.568672	0.316302	-0.005573	-0.836695	-0.432926	-0.029989
1.140000	-0.562704	0.315474	-0.004251	-0.834652	-0.431318	-0.030443
1.160000	-0.545627	0.309477	-0.004409	-0.832811	-0.429629	-0.030428
1.180000	-0.518897	0.299123	-0.005942	-0.831180	-0.427879	-0.030003
1.200000	-0.483969	0.285221	-0.008741	-0.829763	-0.426087	-0.029225
1.220000	-0.442298	0.268582	-0.012699	-0.828568	-0.424272	-0.028149
1.240000	-0.395340	0.250018	-0.017709	-0.827601	-0.422453	-0.026833
1.260000	-0.344551	0.230338	-0.023664	-0.826868	-0.420651	-0.025335
1.280000	-0.291385	0.210354	-0.030457	-0.826376	-0.418883	-0.023711
1.300000	-0.237298	0.190877	-0.037979	-0.826131	-0.417169	-0.022018
1.320000	-0.183746	0.172717	-0.046124	-0.826139	-0.415529	-0.020313
1.340000	-0.132183	0.156685	-0.054785	-0.826408	-0.413981	-0.018653
1.360000	-0.084066	0.143592	-0.063853	-0.826942	-0.412546	-0.017096
1.380000	-0.040850	0.134248	-0.073223	-0.827750	-0.411241	-0.015697
1.400000	-0.003989	0.129465	-0.082786	-0.828836	-0.410087	-0.014515
1.420000	0.025059	0.130053	-0.092435	-0.830208	-0.409102	-0.013606
1.440000	0.045297	0.136468	-0.102080	-0.831860	-0.408298	-0.013008
1.460000	0.057128	0.148065	-0.111681	-0.833757	-0.407663	-0.012701
1.480000	0.061231	0.163990	-0.121208	-0.835853	-0.407179	-0.012653
1.500000	0.058283	0.183387	-0.130632	-0.838105	-0.406830	-0.012833
1.520000	0.048961	0.205401	-0.139924	-0.840469	-0.406597	-0.013209
1.540000	0.033944	0.229176	-0.149053	-0.842901	-0.406465	-0.013750
1.560000	0.013908	0.253857	-0.157991	-0.845357	-0.406415	-0.014424
1.580000	-0.010470	0.278588	-0.166707	-0.847794	-0.406430	-0.015200
1.600000	-0.038510	0.302515	-0.175173	-0.850167	-0.406494	-0.016045
1.620000	-0.069538	0.324780	-0.183358	-0.852433	-0.406589	-0.016928
1.640000	-0.102874	0.344531	-0.191233	-0.854547	-0.406698	-0.017819
1.660000	-0.137841	0.360909	-0.198768	-0.856467	-0.406804	-0.018684
1.680000	-0.173762	0.373062	-0.205935	-0.858147	-0.406890	-0.019493
1.700000	-0.209960	0.380132	-0.212703	-0.859545	-0.406938	-0.020214
1.720000	-0.245757	0.381264	-0.219042	-0.860616	-0.406932	-0.020815
1.740000	-0.280475	0.375604	-0.224924	-0.861317	-0.406854	-0.021265
1.760000	-0.313439	0.362301	-0.230318	-0.861603	-0.406687	-0.021533
