0.000000	-0.199295	0.078336	-0.212305	-0.847355	-0.425490	0.025494
0.020000	-0.198588	0.018796	-0.220870	-0.848323	-0.424845	0.025167
0.040000	-0.196174	-0.023044	-0.226794	-0.849217	-0.424339	0.024901
0.060000	-0.192343	-0.047988	-0.230188	-0.850032	-0.423971	0.024694
0.080000	-0.187521	-0.057746	-0.231295	-0.850766	-0.423728	0.024539
0.100000	-0.182135	-0.054030	-0.230353	-0.851417	-0.423602	0.024431
0.120000	-0.176611	-0.038548	-0.227605	-0.851983	-0.423583	0.024364
0.140000	-0.171376	-0.013014	-0.223291	-0.852462	-0.423661	0.024332
0.160000	-0.166857	0.020864	-0.217651	-0.852852	-0.423826	0.024329
0.180000	-0.163479	0.061373	-0.210928	-0.853150	-0.424067	0.024350
0.200000	-0.161670	0.106804	-0.203360	-0.853355	-0.424376	0.024388
0.220000	-0.161855	0.155446	-0.195190	-0.853464	-0.424741	0.024438
0.240000	-0.164462	0.205587	-0.186658	-0.853476	-0.425154	0.024495
0.260000	-0.169917	0.255517	-0.178006	-0.853388	-0.425603	0.024552
0.280000	-0.178647	0.303525	-0.169472	-0.853197	-0.426080	0.024603
0.300000	-0.191077	0.347900	-0.161300	-0.852903	-0.426574	0.024642
0.320000	-0.207635	0.386933	-0.153728	-0.852503	-0.427076	0.024665
0.340000	-0.228747	0.418911	-0.146999	-0.851995	-0.427575	0.024664
0.360000	-0.254771	0.442248	-0.141339	-0.851378	-0.428062	0.024635
0.380000	-0.285293	0.456755	-0.136813	-0.850663	-0.428532	0.024569
0.400000	-0.319412	0.463119	-0.133388	-0.849869	-0.428986	0.024460
0.420000	-0.356222	0.462042	-0.131027	-0.849017	-0.429421	0.024300
0.440000	-0.394814	0.454228	-0.129693	-0.848126	-0.429838	0.024080
0.460000	-0.434280	0.440379	-0.129350	-0.847215	-0.430235	0.023793
0.480000	-0.473713	0.421196	-0.129961	-0.846304	-0.430612	0.023431
0.500000	-0.512205	0.397384	-0.131491	-0.845412	-0.430967	0.022987
0.520000	-0.548849	0.369643	-0.133903	-0.844559	-0.431301	0.022453
0.540000	-0.582736	0.338676	-0.137160	-0.843764	-0.431611	0.021821
0.560000	-0.612959	0.305186	-0.141226	-0.843046	-0.431898	0.021082
0.580000	-0.638610	0.269875	-0.146066	-0.842427	-0.432161	0.020231
0.600000	-0.658782	0.233445	-0.151641	-0.841924	-0.432398	0.019258
0.620000	-0.672566	0.196600	-0.157917	-0.841557	-0.432609	0.018156
0.640000	-0.679055	0.160041	-0.164856	-0.841346	-0.432793	0.016917
0.660000	-0.677398	0.124453	-0.172416	-0.841309	-0.432949	0.015535
0.680000	-0.667660	0.090250	-0.180452	-0.841446	-0.433079	0.014027
0.700000	-0.650640	0.057623	-0.188738	-0.841741	-0.433184	0.012430
0.720000	-0.627160	0.026761	-0.197042	-0.842178	-0.433266	0.010781
0.740000	-0.598042	-0.002151	-0.205137	-0.842742	-0.433329	0.009117
0.760000	-0.564108	-0.028925	-0.212793	-0.843416	-0.433374	0.007475
0.780000	-0.526177	-0.053376	-0.219781	-0.844184	-0.433404	0.005892
0.800000	-0.485073	-0.075315	-0.225870	-0.845030	-0.433420	0.004404
0.820000	-0.441617	-0.094558	-0.230832	-0.845939	-0.433426	0.003050
0.840000	-0.396629	-0.110917	-0.234437	-0.846894	-0.433423	0.001867
0.860000	-0.350932	-0.124205	-0.236457	-0.847880	-0.433413	0.000890
0.880000	-0.305347	-0.134235	-0.236660	-0.848880	-0.433400	0.000158
0.900000	-0.260696	-0.140822	-0.234819	-0.849878	-0.433384	-0.000293
0.920000	-0.217799	-0.143778	-0.230703	-0.850859	-0.433370	-0.000426
0.940000	-0.177479	-0.142916	-0.224084	-0.851807	-0.433357	-0.000203
0.960000	-0.140557	-0.138050	-0.214732	-0.852705	-0.433350	0.000412
0.980000	-0.107736	-0.129093	-0.202495	-0.853539	-0.433349	0.001444
1.000000	-0.079095	-0.116474	-0.187636	-0.854299	-0.433352	0.002848
1.020000	-0.054510	-0.100796	-0.170551	-0.854980	-0.433353	0.004559
1.040000	-0.033855	-0.082660	-0.151637	-0.855574	-0.433350	0.006511
1.060000	-0.017005	-0.062667	-0.131290	-0.856074	-0.433337	0.008638
1.080000	-0.003837	-0.041419	-0.109906	-0.856473	-0.433309	0.010873
1.100000	0.005776	-0.019516	-0.087883	-0.856765	-0.433264	0.013150
1.120000	0.011957	0.002440	-0.065617	-0.856942	-0.433196	0.015404
1.140000	0.014833	0.023847	-0.043505	-0.856998	-0.433100	0.017569
1.160000	0.014527	0.044105	-0.021943	-0.856925	-0.432973	0.019578
1.180000	0.011166	0.062611	-0.001327	-0.856717	-0.432811	0.021365
1.200000	0.004873	0.078765	0.017944	-0.856367	-0.432608	0.022864
1.220000	-0.004227	0.091965	0.035476	-0.855868	-0.432360	0.024009
1.240000	-0.016008	0.101610	0.050871	-0.855213	-0.432064	0.024735
1.260000	-0.030345	0.107099	0.063732	-0.854396	-0.431714	0.024974
1.280000	-0.047115	0.107830	0.073664	-0.853408	-0.431307	0.024662
1.300000	-0.066176	0.103268	0.080299	-0.852246	-0.430838	0.023738
1.320000	-0.087212	0.093690	0.083633	-0.850924	-0.430310	0.022230
1.340000	-0.109787	0.079910	0.083905	-0.849473	-0.429731	0.020219
1.360000	-0.133463	0.062752	0.081355	-0.847922	-0.429107	0.017790
1.380000	-0.157802	0.043040	0.076227	-0.846301	-0.428446	0.015027
1.400000	-0.182365	0.021599	0.068761	-0.844640	-0.427754	0.012014
1.420000	-0.206717	-0.000748	0.059199	-0.842969	-0.427039	0.008834
1.440000	-0.230417	-0.023177	0.047784	-0.841317	-0.426309	0.005571
1.460000	-0.253029	-0.044863	0.034757	-0.839715	-0.425569	0.002310
1.480000	-0.274114	-0.064982	0.020360	-0.838192	-0.424828	-0.000867
1.500000	-0.293235	-0.082709	0.004836	-0.836779	-0.424092	-0.003875
1.520000	-0.309954	-0.097222	-0.011575	-0.835504	-0.423369	-0.006630
1.540000	-0.323832	-0.107696	-0.028631	-0.834398	-0.422666	-0.009048
1.560000	-0.334432	-0.113306	-0.046088	-0.833491	-0.421990	-0.011047
1.580000	-0.341316	-0.113228	-0.063707	-0.832812	-0.421348	-0.012540
1.600000	-0.344046	-0.106639	-0.081244	-0.832391	-0.420747	-0.013446
1.620000	-0.342195	-0.092735	-0.098459	-0.832258	-0.420195	-0.013681
1.640000	-0.335728	-0.071524	-0.115186	-0.832415	-0.419696	-0.013231
1.660000	-0.325124	-0.044063	-0.131347	-0.832831	-0.419256	-0.012165
1.680000	-0.310894	-0.011481	-0.146875	-0.833470	-0.418877	-0.010560
1.700000	-0.293549	0.025097	-0.161699	-0.834301	-0.418564	-0.008493
1.720000	-0.273600	0.064542	-0.175752	-0.835287	-0.418319	-0.006039
1.740000	-0.251559	0.105727	-0.188963	-0.836396	-0.418148	-0.003275
1.760000	-0.227937	0.147524	-0.201263	-0.837593	-0.418053	-0.000277
1.780000	-0.203245	0.188807	-0.212584	-0.838845	-0.418038	0.002878
1.800000	-0.177995	0.228448	-0.222856	-0.840117	-0.418108	0.006114
1.820000	-0.152698	0.265320	-0.232011	-0.841375	-0.418265	0.009355
1.840000	-0.127864	0.298295	-0.239978	-0.842586	-0.418514	0.012524
1.860000	-0.104007	0.326247	-0.246689	-0.843715	-0.418858	0.015546
1.880000	-0.081636	0.348047	-0.252075	-0.844728	-0.419301	0.018343
1.900000	-0.061263	0.362568	-0.256067	-0.845591	-0.419847	0.020841
1.920000	-0.043399	0.368684	-0.258594	-0.846271	-0.420500	0.022961
1.940000	-0.028556	0.365267	-0.259590	-0.846733	-0.421262	0.024628
1.960000	-0.017115	0.351851	-0.259060	-0.846960	-0.422132	0.025803
1.980000	-0.009122	0.329675	-0.257213	-0.846978	-0.423087	0.026538
2.000000	-0.004570	0.300249	-0.254285	-0.846819	-0.424106	0.026901
2.020000	-0.003453	0.265084	-0.250514	-0.846516	-0.425163	0.026961
2.040000	-0.005763	0.225692	-0.246140	-0.846102	-0.426236	0.026787
2.060000	-0.011493	0.183583	-0.241400	-0.845610	-0.427301	0.026447
2.080000	-0.020636	0.140269	-0.236532	-0.845072	-0.428333	0.026009
2.100000	-0.033185	0.097260	-0.231775	-0.844520	-0.429310	0.025541
2.120000	-0.049133	0.056068	-0.227366	-0.843989	-0.430208	0.025112
2.140000	-0.068472	0.018203	-0.223544	-0.843509	-0.431003	0.024790
2.160000	-0.091196	-0.014823	-0.220547	-0.843114	-0.431671	0.024643
2.180000	-0.117297	-0.041499	-0.218613	-0.842837	-0.432189	0.024741
2.200000	-0.146769	-0.060314	-0.217980	-0.842711	-0.432534	0.025150
2.220000	-0.179604	-0.069758	-0.218886	-0.842767	-0.432681	0.025941
2.240000	-0.215795	-0.068319	-0.221570	-0.843038	-0.432607	0.027180
2.260000	-0.255191	-0.055111	-0.226164	-0.843545	-0.432299	0.028909
2.280000	-0.297146	-0.031372	-0.232443	-0.844259	-0.431778	0.031076
