0.000000	-0.354712	-0.393735	-0.257174	-0.832767	-0.423888	0.056845
0.020000	-0.368163	-0.451467	-0.247769	-0.834284	-0.426199	0.057544
0.040000	-0.381803	-0.506608	-0.238365	-0.835828	-0.428491	0.057904
0.060000	-0.396015	-0.557492	-0.229263	-0.837367	-0.430724	0.057901
0.080000	-0.411178	-0.602455	-0.220762	-0.838869	-0.432859	0.057509
0.100000	-0.427675	-0.639829	-0.213162	-0.840305	-0.434855	0.056703
0.120000	-0.445885	-0.667949	-0.206763	-0.841642	-0.436671	0.055458
0.140000	-0.466191	-0.685150	-0.201865	-0.842849	-0.438267	0.053749
0.160000	-0.488973	-0.689765	-0.198767	-0.843896	-0.439604	0.051550
0.180000	-0.514613	-0.680128	-0.197769	-0.844750	-0.440640	0.048837
0.200000	-0.543486	-0.654593	-0.199168	-0.845381	-0.441335	0.045584
0.220000	-0.575558	-0.612868	-0.203067	-0.845776	-0.441677	0.041809
0.240000	-0.610112	-0.556943	-0.209237	-0.845949	-0.441696	0.037597
0.260000	-0.646362	-0.489023	-0.217422	-0.845919	-0.441428	0.033041
0.280000	-0.683525	-0.411315	-0.227364	-0.845705	-0.440906	0.028233
0.300000	-0.720816	-0.326025	-0.238804	-0.845324	-0.440167	0.023267
0.320000	-0.757451	-0.235359	-0.251486	-0.844795	-0.439245	0.018234
0.340000	-0.792645	-0.141523	-0.265150	-0.844137	-0.438175	0.013227
0.360000	-0.825615	-0.046723	-0.279540	-0.843367	-0.436994	0.008338
0.380000	-0.855576	0.046834	-0.294397	-0.842505	-0.435734	0.003661
0.400000	-0.881743	0.136943	-0.309463	-0.841567	-0.434433	-0.000712
0.420000	-0.903333	0.221398	-0.324481	-0.840574	-0.433124	-0.004689
0.440000	-0.919560	0.297992	-0.339193	-0.839542	-0.431843	-0.008177
0.460000	-0.929642	0.364519	-0.353341	-0.838490	-0.430624	-0.011084
0.480000	-0.932792	0.418773	-0.366667	-0.837437	-0.429504	-0.013316
0.500000	-0.928228	0.458549	-0.378913	-0.836401	-0.428517	-0.014782
0.520000	-0.915165	0.481639	-0.389822	-0.835400	-0.427698	-0.015389
0.540000	-0.893159	0.486696	-0.399165	-0.834451	-0.427073	-0.015083
0.560000	-0.862941	0.475332	-0.406819	-0.833566	-0.426635	-0.013942
0.580000	-0.825492	0.449792	-0.412682	-0.832754	-0.426371	-0.012073
0.600000	-0.781796	0.412324	-0.416653	-0.832026	-0.426267	-0.009583
0.620000	-0.732836	0.365175	-0.418631	-0.831392	-0.426310	-0.006578
0.640000	-0.679593	0.310591	-0.418513	-0.830862	-0.426487	-0.003167
0.660000	-0.623052	0.250819	-0.416199	-0.830447	-0.426783	0.000546
0.680000	-0.564194	0.188106	-0.411586	-0.830157	-0.427186	0.004452
0.700000	-0.504002	0.124700	-0.404574	-0.830001	-0.427681	0.008444
0.720000	-0.443459	0.062847	-0.395061	-0.829991	-0.428257	0.012417
0.740000	-0.383547	0.004794	-0.382946	-0.830136	-0.428898	0.016262
0.760000	-0.325250	-0.047213	-0.368126	-0.830447	-0.429591	0.019874
0.780000	-0.269550	-0.090925	-0.350501	-0.830935	-0.430324	0.023145
0.800000	-0.217429	-0.124097	-0.329968	-0.831608	-0.431082	0.025968
0.820000	-0.169871	-0.144481	-0.306427	-0.832477	-0.431852	0.028237
0.840000	-0.127676	-0.150418	-0.279873	-0.833547	-0.432621	0.029868
0.860000	-0.090816	-0.142914	-0.250737	-0.834785	-0.433384	0.030891
0.880000	-0.059030	-0.123739	-0.219579	-0.836154	-0.434135	0.031366
0.900000	-0.032053	-0.094660	-0.186955	-0.837614	-0.434868	0.031351
0.920000	-0.009623	-0.057445	-0.153423	-0.839126	-0.435579	0.030907
0.940000	0.008523	-0.013862	-0.119541	-0.840651	-0.436263	0.030094
0.960000	0.022648	0.034321	-0.085867	-0.842149	-0.436914	0.028971
0.980000	0.033015	0.085336	-0.052958	-0.843581	-0.437527	0.027599
1.000000	0.039887	0.137416	-0.021372	-0.844908	-0.438097	0.026037
1.020000	0.043526	0.188792	0.008333	-0.846091	-0.438620	0.024345
1.040000	0.044197	0.237696	0.035600	-0.847090	-0.439089	0.022583
1.060000	0.042161	0.282361	0.059871	-0.847867	-0.439500	0.020811
1.080000	0.037682	0.321019	0.080589	-0.848381	-0.439847	0.019089
1.100000	0.031023	0.351902	0.097195	-0.848594	-0.440126	0.017477
1.120000	0.022446	0.373242	0.109132	-0.848467	-0.440331	0.016033
1.140000	0.012215	0.383283	0.115847	-0.847960	-0.440457	0.014819
1.160000	0.000611	0.381358	0.117189	-0.847064	-0.440506	0.013873
1.180000	-0.012050	0.368728	0.113721	-0.845816	-0.440492	0.013194
1.200000	-0.025449	0.346854	0.106078	-0.844263	-0.440429	0.012782
1.220000	-0.039268	0.317195	0.094895	-0.842450	-0.440332	0.012633
1.240000	-0.053189	0.281211	0.080808	-0.840420	-0.440216	0.012744
1.260000	-0.066893	0.240361	0.064453	-0.838218	-0.440096	0.013113
1.280000	-0.080061	0.196105	0.046466	-0.835890	-0.439986	0.013737
1.300000	-0.092375	0.149902	0.027481	-0.833479	-0.439902	0.014612
1.320000	-0.103516	0.103213	0.008135	-0.831032	-0.439858	0.015737
1.340000	-0.113166	0.057497	-0.010938	-0.828592	-0.439868	0.017109
1.360000	-0.121006	0.014214	-0.029100	-0.826204	-0.439949	0.018724
1.380000	-0.126718	-0.025177	-0.045718	-0.823912	-0.440114	0.020580
1.400000	-0.129983	-0.059216	-0.060155	-0.821763	-0.440378	0.022674
1.420000	-0.130482	-0.086443	-0.071775	-0.819800	-0.440757	0.025004
1.440000	-0.127897	-0.105398	-0.079944	-0.818068	-0.441265	0.027567
1.460000	-0.121909	-0.114623	-0.084025	-0.816612	-0.441916	0.030359
1.480000	-0.112341	-0.113190	-0.083614	-0.815464	-0.442717	0.033370
1.500000	-0.099528	-0.102124	-0.079149	-0.814616	-0.443640	0.036556
1.520000	-0.083926	-0.082897	-0.071261	-0.814045	-0.444652	0.039865
1.540000	-0.065989	-0.056980	-0.060583	-0.813732	-0.445716	0.043249
1.560000	-0.046170	-0.025844	-0.047746	-0.813657	-0.446798	0.046654
1.580000	-0.024924	0.009038	-0.033382	-0.813799	-0.447865	0.050031
1.600000	-0.002706	0.046196	-0.018121	-0.814139	-0.448880	0.053329
1.620000	0.020030	0.084158	-0.002597	-0.814655	-0.449809	0.056497
1.640000	0.042830	0.121453	0.012559	-0.815328	-0.450617	0.059484
1.660000	0.065239	0.156609	0.026717	-0.816138	-0.451271	0.062239
1.680000	0.086803	0.188154	0.039243	-0.817064	-0.451734	0.064711
1.700000	0.107069	0.214618	0.049507	-0.818086	-0.451973	0.066851
1.720000	0.125580	0.234528	0.056877	-0.819183	-0.451952	0.068606
1.740000	0.141884	0.246413	0.060720	-0.820336	-0.451637	0.069926
1.760000	0.155526	0.248803	0.060406	-0.821525	-0.450994	0.070760
1.780000	0.166051	0.240225	0.055303	-0.822728	-0.449987	0.071057
1.800000	0.173057	0.219513	0.044888	-0.823927	-0.448588	0.070775
1.820000	0.176556	0.187949	0.029509	-0.825113	-0.446826	0.069941
1.840000	0.176761	0.147990	0.009931	-0.826280	-0.444754	0.068611
1.860000	0.173884	0.102097	-0.013076	-0.827423	-0.442426	0.066846
1.880000	0.168137	0.052735	-0.038746	-0.828537	-0.439897	0.064704
1.900000	0.159735	0.002365	-0.066309	-0.829618	-0.437221	0.062243
1.920000	0.148888	-0.046548	-0.094997	-0.830660	-0.434451	0.059522
1.940000	0.135812	-0.091541	-0.124041	-0.831659	-0.431643	0.056601
1.960000	0.120717	-0.130152	-0.152674	-0.832608	-0.428851	0.053538
1.980000	0.103818	-0.159917	-0.180127	-0.833504	-0.426128	0.050392
2.000000	0.085327	-0.178373	-0.205632	-0.834341	-0.423529	0.047220
2.020000	0.065458	-0.183057	-0.228420	-0.835114	-0.421108	0.044084
