0.000000	-0.313378	-0.120937	-0.190108	-0.852141	-0.418173	0.016717
0.020000	-0.305102	-0.137424	-0.196490	-0.850126	-0.419400	0.017188
0.040000	-0.297309	-0.150062	-0.202462	-0.848210	-0.420597	0.017622
0.060000	-0.290263	-0.158075	-0.207890	-0.846453	-0.421733	0.018012
0.080000	-0.284224	-0.160688	-0.212638	-0.844919	-0.422779	0.018355
0.100000	-0.279456	-0.157125	-0.216572	-0.843669	-0.423706	0.018646
0.120000	-0.276219	-0.146611	-0.219558	-0.842764	-0.424483	0.018880
0.140000	-0.274776	-0.128368	-0.221460	-0.842267	-0.425081	0.019052
0.160000	-0.275335	-0.101976	-0.222189	-0.842217	-0.425480	0.019159
0.180000	-0.277927	-0.068181	-0.221804	-0.842579	-0.425692	0.019204
0.200000	-0.282547	-0.027975	-0.220396	-0.843303	-0.425737	0.019191
0.220000	-0.289190	0.017655	-0.218054	-0.844339	-0.425631	0.019125
0.240000	-0.297851	0.067719	-0.214869	-0.845636	-0.425394	0.019010
0.260000	-0.308523	0.121226	-0.210930	-0.847145	-0.425046	0.018849
0.280000	-0.321203	0.177188	-0.206327	-0.848816	-0.424603	0.018647
0.300000	-0.335884	0.234615	-0.201151	-0.850598	-0.424085	0.018408
0.320000	-0.352562	0.292517	-0.195492	-0.852441	-0.423511	0.018137
0.340000	-0.371231	0.349906	-0.189440	-0.854295	-0.422899	0.017837
0.360000	-0.391886	0.405791	-0.183084	-0.856110	-0.422267	0.017513
0.380000	-0.414522	0.459183	-0.176515	-0.857836	-0.421635	0.017169
0.400000	-0.439132	0.509093	-0.169823	-0.859422	-0.421021	0.016809
0.420000	-0.465713	0.554532	-0.163098	-0.860819	-0.420444	0.016438
0.440000	-0.494259	0.594508	-0.156430	-0.861975	-0.419921	0.016058
0.460000	-0.524764	0.628034	-0.149909	-0.862842	-0.419473	0.015676
0.480000	-0.557222	0.654123	-0.143624	-0.863369	-0.419117	0.015294
0.500000	-0.591373	0.672260	-0.137627	-0.863534	-0.418866	0.014915
0.520000	-0.626439	0.682902	-0.131882	-0.863368	-0.418720	0.014536
0.540000	-0.661577	0.686623	-0.126346	-0.862913	-0.418677	0.014156
0.560000	-0.695945	0.684001	-0.120976	-0.862206	-0.418735	0.013772
0.580000	-0.728701	0.675610	-0.115729	-0.861289	-0.418893	0.013380
0.600000	-0.759001	0.662026	-0.110560	-0.860201	-0.419149	0.012978
0.620000	-0.786003	0.643825	-0.105426	-0.858982	-0.419501	0.012564
0.640000	-0.808865	0.621583	-0.100283	-0.857671	-0.419948	0.012134
0.660000	-0.826745	0.595875	-0.095089	-0.856308	-0.420488	0.011686
0.680000	-0.838799	0.567277	-0.089799	-0.854932	-0.421119	0.011218
0.700000	-0.844186	0.536365	-0.084370	-0.853584	-0.421840	0.010727
0.720000	-0.842063	0.503715	-0.078757	-0.852303	-0.422649	0.010210
0.740000	-0.831586	0.469902	-0.072919	-0.851129	-0.423544	0.009664
0.760000	-0.811915	0.435502	-0.066810	-0.850102	-0.424523	0.009087
0.780000	-0.782206	0.401091	-0.060388	-0.849260	-0.425585	0.008476
0.800000	-0.741617	0.367245	-0.053609	-0.848645	-0.426728	0.007829
0.820000	-0.689712	0.334469	-0.046450	-0.848284	-0.427949	0.007145
0.840000	-0.627809	0.302974	-0.038977	-0.848158	-0.429234	0.006435
0.860000	-0.557697	0.272889	-0.031282	-0.848236	-0.430569	0.005714
0.880000	-0.481167	0.244343	-0.023454	-0.848484	-0.431939	0.004994
0.900000	-0.400008	0.217465	-0.015585	-0.848871	-0.433328	0.004291
0.920000	-0.316011	0.192384	-0.007764	-0.849364	-0.434722	0.003617
0.940000	-0.230966	0.169230	-0.000083	-0.849932	-0.436105	0.002987
0.960000	-0.146662	0.148132	0.007368	-0.850542	-0.437463	0.002414
0.980000	-0.064889	0.129219	0.014498	-0.851161	-0.438780	0.001913
1.000000	0.012562	0.112621	0.021217	-0.851759	-0.440041	0.001497
1.020000	0.083902	0.098466	0.027434	-0.852302	-0.441232	0.001181
1.040000	0.147341	0.086884	0.033059	-0.852758	-0.442337	0.000977
1.060000	0.201088	0.078003	0.038001	-0.853095	-0.443342	0.000901
1.080000	0.243354	0.071954	0.042169	-0.853282	-0.444231	0.000965
1.100000	0.272349	0.068865	0.045473	-0.853285	-0.444988	0.001184
1.120000	0.286665	0.068811	0.047853	-0.853079	-0.445602	0.001567
1.140000	0.287081	0.071549	0.049427	-0.852677	-0.446070	0.002099
1.160000	0.275150	0.076727	0.050375	-0.852103	-0.446392	0.002755
1.180000	0.252428	0.083989	0.050876	-0.851384	-0.446571	0.003509
1.200000	0.220469	0.092983	0.051112	-0.850545	-0.446609	0.004338
1.220000	0.180826	0.103354	0.051262	-0.849611	-0.446505	0.005216
1.240000	0.135056	0.114749	0.051507	-0.848609	-0.446263	0.006119
1.260000	0.084712	0.126813	0.052026	-0.847563	-0.445883	0.007022
1.280000	0.031349	0.139194	0.053001	-0.846500	-0.445367	0.007901
1.300000	-0.023479	0.151537	0.054611	-0.845444	-0.444716	0.008730
1.320000	-0.078217	0.163488	0.057036	-0.844422	-0.443932	0.009485
1.340000	-0.131310	0.174694	0.060458	-0.843458	-0.443016	0.010141
1.360000	-0.181204	0.184801	0.065055	-0.842580	-0.441969	0.010673
1.380000	-0.226344	0.193454	0.071008	-0.841811	-0.440794	0.011057
1.400000	-0.265176	0.200301	0.078498	-0.841178	-0.439492	0.011268
1.420000	-0.296145	0.204987	0.087705	-0.840705	-0.438063	0.011281
1.440000	-0.317803	0.207184	0.098782	-0.840418	-0.436511	0.011074
1.460000	-0.330121	0.206907	0.111535	-0.840316	-0.434848	0.010662
1.480000	-0.334086	0.204418	0.125519	-0.840381	-0.433094	0.010084
1.500000	-0.330706	0.199982	0.140283	-0.840595	-0.431271	0.009382
1.520000	-0.320990	0.193867	0.155376	-0.840941	-0.429398	0.008595
1.540000	-0.305946	0.186338	0.170350	-0.841402	-0.427496	0.007765
1.560000	-0.286585	0.177662	0.184752	-0.841958	-0.425586	0.006933
1.580000	-0.263913	0.168105	0.198132	-0.842593	-0.423689	0.006139
1.600000	-0.238940	0.157933	0.210041	-0.843288	-0.421824	0.005424
1.620000	-0.212674	0.147412	0.220027	-0.844027	-0.420013	0.004828
1.640000	-0.186125	0.136810	0.227641	-0.844790	-0.418276	0.004393
1.660000	-0.160300	0.126392	0.232432	-0.845561	-0.416633	0.004159
1.680000	-0.136209	0.116424	0.233949	-0.846321	-0.415106	0.004167
1.700000	-0.114860	0.107173	0.231743	-0.847054	-0.413714	0.004458
1.720000	-0.097262	0.098906	0.225362	-0.847740	-0.412479	0.005072
1.740000	-0.084423	0.091887	0.214356	-0.848362	-0.411420	0.006050
1.760000	-0.077084	0.086292	0.198428	-0.848906	-0.410554	0.007417
1.780000	-0.074761	0.081863	0.177972	-0.849373	-0.409874	0.009124
1.800000	-0.076618	0.078223	0.153587	-0.849766	-0.409365	0.011104
1.820000	-0.081817	0.074994	0.125867	-0.850090	-0.409015	0.013287
1.840000	-0.089523	0.071798	0.095410	-0.850350	-0.408810	0.015604
1.860000	-0.098899	0.068256	0.062811	-0.850551	-0.408736	0.017986
1.880000	-0.109109	0.063991	0.028666	-0.850697	-0.408780	0.020364
1.900000	-0.119317	0.058625	-0.006428	-0.850792	-0.408928	0.022670
1.920000	-0.128687	0.051779	-0.041876	-0.850842	-0.409167	0.024835
1.940000	-0.136381	0.043076	-0.077081	-0.850851	-0.409484	0.026789
1.960000	-0.141565	0.032137	-0.111446	-0.850824	-0.409864	0.028464
1.980000	-0.143401	0.018585	-0.144377	-0.850764	-0.410294	0.029791
2.000000	-0.141053	0.002041	-0.175276	-0.850678	-0.410761	0.030700
2.020000	-0.133685	-0.017873	-0.203548	-0.850569	-0.411252	0.031124
2.040000	-0.120461	-0.041534	-0.228595	-0.850442	-0.411752	0.030993
2.060000	-0.100552	-0.069317	-0.249827	-0.850301	-0.412248	0.030239
2.080000	-0.073800	-0.101176	-0.266969	-0.850151	-0.412732	0.028847
2.100000	-0.041242	-0.136323	-0.280316	-0.849995	-0.413204	0.026900
2.120000	-0.004040	-0.173890	-0.290223	-0.849835	-0.413666	0.024490
2.140000	0.036645	-0.213010	-0.297044	-0.849673	-0.414120	0.021709
2.160000	0.079650	-0.252818	-0.301133	-0.849513	-0.414567	0.018649
2.180000	0.123815	-0.292446	-0.302845	-0.849358	-0.415008	0.015402
2.200000	0.167977	-0.331027	-0.302533	-0.849209	-0.415445	0.012061
2.220000	0.210976	-0.367695	-0.300552	-0.849070	-0.415879	0.008717
2.240000	0.251649	-0.401583	-0.297256	-0.848944	-0.416313	0.005463
2.260000	0.288835	-0.431825	-0.293000	-0.848833	-0.416747	0.002390
