0.000000	-0.086640	-0.251110	-0.207881	-0.848320	-0.413717	0.021834
0.020000	-0.085862	-0.297599	-0.211625	-0.848029	-0.414035	0.019575
0.040000	-0.087782	-0.330993	-0.216570	-0.847812	-0.414204	0.018013
0.060000	-0.092802	-0.349100	-0.222899	-0.847684	-0.414201	0.017267
0.080000	-0.101322	-0.349731	-0.230792	-0.847661	-0.414005	0.017456
0.100000	-0.113520	-0.331959	-0.240291	-0.847748	-0.413611	0.018632
0.120000	-0.129092	-0.297597	-0.251132	-0.847940	-0.413052	0.020693
0.140000	-0.147669	-0.248817	-0.263014	-0.848224	-0.412367	0.023520
0.160000	-0.168883	-0.187793	-0.275633	-0.848593	-0.411594	0.026991
0.180000	-0.192367	-0.116697	-0.288686	-0.849035	-0.410771	0.030986
0.200000	-0.217751	-0.037703	-0.301869	-0.849541	-0.409937	0.035386
0.220000	-0.244668	0.047015	-0.314880	-0.850102	-0.409129	0.040069
0.240000	-0.272749	0.135286	-0.327415	-0.850706	-0.408386	0.044916
0.260000	-0.301627	0.224935	-0.339172	-0.851344	-0.407746	0.049806
0.280000	-0.330933	0.313790	-0.349848	-0.852006	-0.407247	0.054619
0.300000	-0.360298	0.399678	-0.359139	-0.852683	-0.406928	0.059234
0.320000	-0.389356	0.480425	-0.366743	-0.853363	-0.406826	0.063531
0.340000	-0.417736	0.553858	-0.372355	-0.854039	-0.406981	0.067390
0.360000	-0.445072	0.617804	-0.375674	-0.854698	-0.407429	0.070690
0.380000	-0.470995	0.670090	-0.376396	-0.855332	-0.408210	0.073311
0.400000	-0.495137	0.708543	-0.374218	-0.855931	-0.409362	0.075134
0.420000	-0.517168	0.731552	-0.368926	-0.856484	-0.410908	0.076063
0.440000	-0.536937	0.740084	-0.360708	-0.856983	-0.412805	0.076132
0.460000	-0.554344	0.735845	-0.349872	-0.857419	-0.414989	0.075407
0.480000	-0.569289	0.720540	-0.336723	-0.857781	-0.417397	0.073955
0.500000	-0.581671	0.695875	-0.321567	-0.858062	-0.419968	0.071843
0.520000	-0.591390	0.663555	-0.304710	-0.858253	-0.422637	0.069138
0.540000	-0.598345	0.625285	-0.286457	-0.858343	-0.425342	0.065908
0.560000	-0.602437	0.582770	-0.267115	-0.858324	-0.428020	0.062220
0.580000	-0.603564	0.537718	-0.246990	-0.858187	-0.430608	0.058140
0.600000	-0.601627	0.491832	-0.226386	-0.857922	-0.433043	0.053736
0.620000	-0.596525	0.446818	-0.205611	-0.857522	-0.435262	0.049074
0.640000	-0.588158	0.404381	-0.184970	-0.856975	-0.437202	0.044223
0.660000	-0.576426	0.366228	-0.164769	-0.856275	-0.438801	0.039248
0.680000	-0.561228	0.334063	-0.145314	-0.855410	-0.439994	0.034218
0.700000	-0.542464	0.309592	-0.126911	-0.854373	-0.440720	0.029198
0.720000	-0.520037	0.294509	-0.109864	-0.853154	-0.440916	0.024257
0.740000	-0.494101	0.289516	-0.094338	-0.851759	-0.440561	0.019449
0.760000	-0.465263	0.293538	-0.080252	-0.850216	-0.439706	0.014807
0.780000	-0.434175	0.305321	-0.067498	-0.848560	-0.438413	0.010363
0.800000	-0.401491	0.323609	-0.055968	-0.846822	-0.436742	0.006148
0.820000	-0.367863	0.347147	-0.045555	-0.845036	-0.434751	0.002193
0.840000	-0.333944	0.374677	-0.036150	-0.843233	-0.432503	-0.001471
0.860000	-0.300387	0.404945	-0.027647	-0.841446	-0.430056	-0.004811
0.880000	-0.267844	0.436695	-0.019937	-0.839708	-0.427471	-0.007798
0.900000	-0.236968	0.468672	-0.012913	-0.838052	-0.424808	-0.010400
0.920000	-0.208413	0.499618	-0.006467	-0.836510	-0.422127	-0.012586
0.940000	-0.182830	0.528280	-0.000491	-0.835114	-0.419488	-0.014324
0.960000	-0.160872	0.553400	0.005121	-0.833898	-0.416951	-0.015583
0.980000	-0.143193	0.573724	0.010479	-0.832893	-0.414577	-0.016332
1.000000	-0.130445	0.587995	0.015689	-0.832133	-0.412425	-0.016540
1.020000	-0.123281	0.594958	0.020860	-0.831650	-0.410555	-0.016175
1.040000	-0.122297	0.593438	0.026090	-0.831474	-0.409025	-0.015211
1.060000	-0.127272	0.583439	0.031367	-0.831597	-0.407846	-0.013674
1.080000	-0.137368	0.565856	0.036592	-0.831986	-0.406992	-0.011633
1.100000	-0.151733	0.541604	0.041662	-0.832603	-0.406439	-0.009159
1.120000	-0.169512	0.511598	0.046476	-0.833414	-0.406163	-0.006320
1.140000	-0.189852	0.476753	0.050934	-0.834382	-0.406138	-0.003188
1.160000	-0.211902	0.437986	0.054933	-0.835471	-0.406338	0.000168
1.180000	-0.234807	0.396212	0.058372	-0.836647	-0.406740	0.003679
1.200000	-0.257714	0.352346	0.061151	-0.837872	-0.407319	0.007274
1.220000	-0.279770	0.307304	0.063167	-0.839111	-0.408048	0.010883
1.240000	-0.300123	0.262001	0.064319	-0.840329	-0.408903	0.014437
1.260000	-0.317918	0.217353	0.064506	-0.841489	-0.409860	0.017865
1.280000	-0.332304	0.174276	0.063626	-0.842556	-0.410893	0.021099
1.300000	-0.342426	0.133684	0.061578	-0.843494	-0.411977	0.024067
1.320000	-0.347431	0.096494	0.058261	-0.844267	-0.413087	0.026700
1.340000	-0.346467	0.063621	0.053573	-0.844839	-0.414199	0.028928
1.360000	-0.338680	0.035980	0.047414	-0.845175	-0.415287	0.030682
1.380000	-0.323381	0.014365	0.039710	-0.845244	-0.416327	0.031900
1.400000	-0.301188	-0.001412	0.030627	-0.845061	-0.417312	0.032597
1.420000	-0.273354	-0.012012	0.020447	-0.844661	-0.418240	0.032825
1.440000	-0.241138	-0.018102	0.009450	-0.844080	-0.419107	0.032635
1.460000	-0.205796	-0.020346	-0.002082	-0.843354	-0.419912	0.032078
1.480000	-0.168585	-0.019410	-0.013869	-0.842519	-0.420654	0.031206
1.500000	-0.130761	-0.015959	-0.025630	-0.841611	-0.421330	0.030069
1.520000	-0.093583	-0.010657	-0.037082	-0.840666	-0.421938	0.028720
1.540000	-0.058308	-0.004170	-0.047945	-0.839720	-0.422476	0.027210
1.560000	-0.026191	0.002836	-0.057938	-0.838808	-0.422943	0.025589
1.580000	0.001509	0.009697	-0.066780	-0.837968	-0.423336	0.023910
1.600000	0.023536	0.015747	-0.074189	-0.837233	-0.423654	0.022223
1.620000	0.038632	0.020322	-0.079884	-0.836642	-0.423894	0.020580
1.640000	0.045541	0.022755	-0.083584	-0.836228	-0.424054	0.019032
1.660000	0.043241	0.022476	-0.085069	-0.836024	-0.424134	0.017625
1.680000	0.032244	0.019513	-0.084511	-0.836021	-0.424142	0.016366
1.700000	0.013672	0.014138	-0.082238	-0.836200	-0.424089	0.015245
1.720000	-0.011352	0.006622	-0.078580	-0.836538	-0.423985	0.014253
1.740000	-0.041704	-0.002765	-0.073867	-0.837014	-0.423842	0.013382
1.760000	-0.076260	-0.013750	-0.068428	-0.837606	-0.423671	0.012623
1.780000	-0.113897	-0.026063	-0.062592	-0.838295	-0.423484	0.011966
1.800000	-0.153492	-0.039432	-0.056688	-0.839057	-0.423291	0.011403
1.820000	-0.193920	-0.053586	-0.051047	-0.839873	-0.423104	0.010926
1.840000	-0.234058	-0.068255	-0.045996	-0.840719	-0.422933	0.010524
1.860000	-0.272782	-0.083166	-0.041867	-0.841576	-0.422791	0.010190
1.880000	-0.308969	-0.098049	-0.038987	-0.842422	-0.422687	0.009914
1.900000	-0.341495	-0.112632	-0.037686	-0.843236	-0.422633	0.009688
1.920000	-0.369236	-0.126645	-0.038295	-0.843996	-0.422641	0.009502
1.940000	-0.391070	-0.139815	-0.041141	-0.844680	-0.422722	0.009347
1.960000	-0.405871	-0.151873	-0.046555	-0.845268	-0.422886	0.009216
1.980000	-0.412517	-0.162546	-0.054866	-0.845739	-0.423144	0.009098
2.000000	-0.409917	-0.171563	-0.066392	-0.846071	-0.423509	0.008985
2.020000	-0.398051	-0.178658	-0.081105	-0.846259	-0.423974	0.008873
2.040000	-0.378204	-0.183566	-0.098552	-0.846318	-0.424520	0.008760
2.060000	-0.351738	-0.186025	-0.118256	-0.846263	-0.425124	0.008648
2.080000	-0.320014	-0.185770	-0.139739	-0.846109	-0.425762	0.008535
2.100000	-0.284394	-0.182540	-0.162525	-0.845873	-0.426412	0.008424
2.120000	-0.246241	-0.176070	-0.186137	-0.845568	-0.427053	0.008312
2.140000	-0.206915	-0.166098	-0.210095	-0.845212	-0.427660	0.008201
