0.000000	-0.738657	0.631085	0.180724	-0.888567	-0.272076	0.044737
0.020000	-0.774417	0.558612	-0.049510	-0.888661	-0.273107	0.046711
0.040000	-0.804570	0.486794	-0.256796	-0.888701	-0.274508	0.048427
0.060000	-0.828421	0.417051	-0.436143	-0.888682	-0.276255	0.049830
0.080000	-0.845399	0.350689	-0.583259	-0.888600	-0.278322	0.050872
0.100000	-0.855813	0.288213	-0.698731	-0.888460	-0.280677	0.051562
0.120000	-0.860349	0.229783	-0.785240	-0.888270	-0.283284	0.051929
0.140000	-0.859694	0.175558	-0.845471	-0.888039	-0.286109	0.052002
0.160000	-0.854536	0.125698	-0.882111	-0.887776	-0.289116	0.051814
0.180000	-0.845562	0.080361	-0.897847	-0.887488	-0.292270	0.051393
0.200000	-0.833459	0.039707	-0.895367	-0.887185	-0.295535	0.050769
0.220000	-0.818913	0.003896	-0.877355	-0.886875	-0.298875	0.049974
0.240000	-0.802613	-0.026914	-0.846501	-0.886566	-0.302256	0.049038
0.260000	-0.785246	-0.052563	-0.805489	-0.886268	-0.305642	0.047990
0.280000	-0.767498	-0.072892	-0.757007	-0.885988	-0.308998	0.046860
0.300000	-0.750057	-0.087742	-0.703741	-0.885735	-0.312288	0.045680
0.320000	-0.733611	-0.096954	-0.648379	-0.885517	-0.315478	0.044479
0.340000	-0.718845	-0.100367	-0.593607	-0.885344	-0.318531	0.043288
0.360000	-0.706444	-0.097828	-0.542100	-0.885223	-0.321412	0.042136
0.380000	-0.696754	-0.089484	-0.495595	-0.885158	-0.324100	0.041043
0.400000	-0.689558	-0.075989	-0.454259	-0.885144	-0.326598	0.040009
0.420000	-0.684587	-0.058046	-0.418112	-0.885173	-0.328907	0.039033
0.440000	-0.681570	-0.036359	-0.387169	-0.885241	-0.331034	0.038114
0.460000	-0.680237	-0.011631	-0.361448	-0.885341	-0.332981	0.037249
0.480000	-0.680318	0.015435	-0.340967	-0.885466	-0.334752	0.036439
0.500000	-0.681542	0.044135	-0.325744	-0.885610	-0.336351	0.035681
0.520000	-0.683640	0.073766	-0.315795	-0.885767	-0.337783	0.034974
0.540000	-0.686341	0.103625	-0.311139	-0.885932	-0.339051	0.034317
0.560000	-0.689374	0.133008	-0.311792	-0.886097	-0.340158	0.033709
0.580000	-0.692471	0.161212	-0.317772	-0.886257	-0.341110	0.033149
0.600000	-0.695359	0.187535	-0.329097	-0.886404	-0.341909	0.032634
0.620000	-0.697771	0.211272	-0.345784	-0.886534	-0.342560	0.032164
0.640000	-0.699434	0.231721	-0.367850	-0.886640	-0.343067	0.031738
0.660000	-0.700079	0.248177	-0.395314	-0.886715	-0.343433	0.031353
0.680000	-0.699435	0.259939	-0.428192	-0.886754	-0.343662	0.031010
0.700000	-0.697233	0.266302	-0.466502	-0.886750	-0.343759	0.030705
0.720000	-0.693205	0.266570	-0.510255	-0.886697	-0.343727	0.030439
0.740000	-0.687289	0.260565	-0.559031	-0.886588	-0.343579	0.030205
0.760000	-0.679766	0.248963	-0.611692	-0.886416	-0.343343	0.029987
0.780000	-0.670948	0.232522	-0.667035	-0.886173	-0.343048	0.029769
0.800000	-0.661146	0.211999	-0.723856	-0.885852	-0.342723	0.029536
0.820000	-0.650673	0.188154	-0.780949	-0.885446	-0.342396	0.029270
0.840000	-0.639840	0.161743	-0.837111	-0.884947	-0.342097	0.028957
0.860000	-0.628959	0.133524	-0.891137	-0.884347	-0.341856	0.028581
0.880000	-0.618343	0.104256	-0.941823	-0.883639	-0.341699	0.028124
0.900000	-0.608304	0.074695	-0.987965	-0.882815	-0.341658	0.027572
0.920000	-0.599153	0.045599	-1.028359	-0.881869	-0.341761	0.026908
0.940000	-0.591202	0.017727	-1.061799	-0.880791	-0.342036	0.026116
0.960000	-0.584764	-0.008163	-1.087083	-0.879576	-0.342513	0.025180
0.980000	-0.580151	-0.031315	-1.103005	-0.878216	-0.343220	0.024085
1.000000	-0.577674	-0.050970	-1.108362	-0.876702	-0.344188	0.022813
1.020000	-0.577645	-0.066371	-1.101949	-0.875028	-0.345444	0.021350
1.040000	-0.580377	-0.076759	-1.082561	-0.873186	-0.347018	0.019679
1.060000	-0.586023	-0.081637	-1.049579	-0.871178	-0.348921	0.017798
1.080000	-0.594196	-0.081387	-1.004366	-0.869035	-0.351101	0.015753
1.100000	-0.604396	-0.076578	-0.948708	-0.866796	-0.353496	0.013600
1.120000	-0.616121	-0.067782	-0.884389	-0.864500	-0.356041	0.011394
1.140000	-0.628872	-0.055566	-0.813196	-0.862185	-0.358673	0.009193
1.160000	-0.642146	-0.040502	-0.736912	-0.859889	-0.361328	0.007051
1.180000	-0.655443	-0.023159	-0.657324	-0.857650	-0.363943	0.005026
1.200000	-0.668263	-0.004107	-0.576216	-0.855509	-0.366453	0.003172
1.220000	-0.680104	0.016084	-0.495374	-0.853502	-0.368794	0.001546
1.240000	-0.690465	0.036844	-0.416582	-0.851668	-0.370904	0.000204
1.260000	-0.698847	0.057605	-0.341627	-0.850045	-0.372718	-0.000799
1.280000	-0.704747	0.077794	-0.272293	-0.848673	-0.374173	-0.001405
1.300000	-0.707665	0.096844	-0.210365	-0.847590	-0.375205	-0.001560
1.320000	-0.707100	0.114184	-0.157629	-0.846834	-0.375750	-0.001208
1.340000	-0.702552	0.129244	-0.115870	-0.846443	-0.375745	-0.000292
1.360000	-0.693670	0.141549	-0.086440	-0.846444	-0.375147	0.001220
1.380000	-0.680782	0.151052	-0.068753	-0.846811	-0.374013	0.003246
1.400000	-0.664407	0.157823	-0.061677	-0.847501	-0.372428	0.005678
1.420000	-0.645063	0.161933	-0.064080	-0.848473	-0.370477	0.008404
1.440000	-0.623268	0.163455	-0.074829	-0.849685	-0.368243	0.011315
1.460000	-0.599541	0.162459	-0.092794	-0.851095	-0.365811	0.014298
1.480000	-0.574398	0.159017	-0.116842	-0.852662	-0.363265	0.017244
1.500000	-0.548360	0.153201	-0.145842	-0.854343	-0.360690	0.020043
1.520000	-0.521944	0.145081	-0.178661	-0.856098	-0.358171	0.022583
1.540000	-0.495668	0.134729	-0.214168	-0.857883	-0.355790	0.024755
1.560000	-0.470050	0.122216	-0.251231	-0.859659	-0.353634	0.026447
1.580000	-0.445610	0.107613	-0.288718	-0.861381	-0.351786	0.027550
1.600000	-0.422864	0.090993	-0.325497	-0.863010	-0.350330	0.027952
1.620000	-0.402332	0.072426	-0.360437	-0.864503	-0.349352	0.027543
1.640000	-0.384531	0.051984	-0.392405	-0.865818	-0.348935	0.026213
1.660000	-0.369979	0.029738	-0.420270	-0.866914	-0.349164	0.023851
1.680000	-0.359148	0.005798	-0.442984	-0.867753	-0.350112	0.020364
1.700000	-0.352020	-0.019350	-0.460354	-0.868334	-0.351744	0.015829
1.720000	-0.348301	-0.044999	-0.472678	-0.868678	-0.353960	0.010426
1.740000	-0.347690	-0.070438	-0.480261	-0.868806	-0.356660	0.004332
1.760000	-0.349888	-0.094958	-0.483408	-0.868741	-0.359745	-0.002272
1.780000	-0.354595	-0.117851	-0.482424	-0.868502	-0.363115	-0.009209
