0.000000	-0.194663	-0.236017	-0.287744	-0.849452	-0.403045	0.023005
0.020000	-0.190270	-0.312720	-0.298147	-0.848657	-0.401489	0.024011
0.040000	-0.185082	-0.365903	-0.307716	-0.847854	-0.399918	0.025265
0.060000	-0.179310	-0.398222	-0.316348	-0.847058	-0.398362	0.026719
0.080000	-0.173164	-0.412334	-0.323941	-0.846284	-0.396853	0.028325
0.100000	-0.166855	-0.410893	-0.330390	-0.845546	-0.395422	0.030033
0.120000	-0.160595	-0.396557	-0.335594	-0.844861	-0.394100	0.031795
0.140000	-0.154594	-0.371980	-0.339449	-0.844242	-0.392917	0.033564
0.160000	-0.149064	-0.339820	-0.341852	-0.843705	-0.391906	0.035289
0.180000	-0.144214	-0.302730	-0.342700	-0.843265	-0.391097	0.036922
0.200000	-0.140257	-0.263369	-0.341890	-0.842936	-0.390521	0.038415
0.220000	-0.137403	-0.224390	-0.339319	-0.842735	-0.390208	0.039719
0.240000	-0.135863	-0.188451	-0.334884	-0.842675	-0.390191	0.040785
0.260000	-0.135848	-0.158207	-0.328482	-0.842772	-0.390500	0.041565
0.280000	-0.137570	-0.136313	-0.320009	-0.843040	-0.391167	0.042010
0.300000	-0.141187	-0.124599	-0.309449	-0.843486	-0.392207	0.042090
0.320000	-0.146695	-0.122155	-0.297069	-0.844088	-0.393591	0.041838
0.340000	-0.154051	-0.127507	-0.283194	-0.844817	-0.395279	0.041299
0.360000	-0.163215	-0.139180	-0.268149	-0.845644	-0.397230	0.040518
0.380000	-0.174145	-0.155701	-0.252260	-0.846540	-0.399405	0.039541
0.400000	-0.186800	-0.175593	-0.235853	-0.847478	-0.401764	0.038413
0.420000	-0.201139	-0.197384	-0.219252	-0.848429	-0.404267	0.037179
0.440000	-0.217121	-0.219599	-0.202784	-0.849364	-0.406873	0.035885
0.460000	-0.234704	-0.240764	-0.186774	-0.850255	-0.409542	0.034576
0.480000	-0.253848	-0.259403	-0.171548	-0.851073	-0.412235	0.033297
0.500000	-0.274511	-0.274044	-0.157430	-0.851789	-0.414912	0.032094
0.520000	-0.296651	-0.283210	-0.144747	-0.852376	-0.417533	0.031012
0.540000	-0.320229	-0.285429	-0.133824	-0.852805	-0.420057	0.030096
0.560000	-0.345202	-0.279225	-0.124987	-0.853046	-0.422444	0.029391
0.580000	-0.371529	-0.263124	-0.118560	-0.853072	-0.424655	0.028944
0.600000	-0.399169	-0.235653	-0.114870	-0.852855	-0.426650	0.028798
0.620000	-0.428041	-0.195653	-0.114177	-0.852371	-0.428392	0.028993
0.640000	-0.457775	-0.144249	-0.116279	-0.851640	-0.429879	0.029517
0.660000	-0.487875	-0.083558	-0.120773	-0.850703	-0.431119	0.030334
0.680000	-0.517845	-0.015701	-0.127252	-0.849596	-0.432124	0.031411
0.700000	-0.547187	0.057199	-0.135313	-0.848361	-0.432903	0.032713
0.720000	-0.575407	0.133020	-0.144550	-0.847035	-0.433465	0.034207
0.740000	-0.602007	0.209641	-0.154558	-0.845658	-0.433822	0.035857
0.760000	-0.626491	0.284939	-0.164933	-0.844268	-0.433982	0.037629
0.780000	-0.648363	0.356794	-0.175269	-0.842904	-0.433957	0.039490
0.800000	-0.667126	0.423083	-0.185161	-0.841606	-0.433756	0.041404
0.820000	-0.682284	0.481684	-0.194205	-0.840412	-0.433389	0.043338
0.840000	-0.693341	0.530476	-0.201994	-0.839361	-0.432866	0.045256
0.860000	-0.699800	0.567336	-0.208126	-0.838493	-0.432197	0.047125
0.880000	-0.701165	0.590144	-0.212193	-0.837846	-0.431392	0.048911
0.900000	-0.696940	0.596776	-0.213792	-0.837459	-0.430461	0.050579
0.920000	-0.686697	0.585408	-0.212564	-0.837367	-0.429415	0.052095
0.940000	-0.670687	0.557107	-0.208600	-0.837557	-0.428269	0.053431
0.960000	-0.649544	0.514570	-0.202247	-0.837992	-0.427043	0.054560
0.980000	-0.623902	0.460513	-0.193852	-0.838634	-0.425755	0.055459
1.000000	-0.594401	0.397654	-0.183765	-0.839445	-0.424424	0.056100
1.020000	-0.561676	0.328708	-0.172335	-0.840387	-0.423069	0.056459
1.040000	-0.526364	0.256392	-0.159911	-0.841422	-0.421708	0.056509
1.060000	-0.489103	0.183422	-0.146840	-0.842511	-0.420361	0.056226
1.080000	-0.450529	0.112515	-0.133472	-0.843617	-0.419046	0.055584
1.100000	-0.411280	0.046386	-0.120156	-0.844702	-0.417783	0.054557
1.120000	-0.371991	-0.012248	-0.107240	-0.845727	-0.416589	0.053120
1.140000	-0.333300	-0.060671	-0.095073	-0.846656	-0.415485	0.051247
1.160000	-0.295845	-0.096166	-0.084004	-0.847448	-0.414488	0.048912
1.180000	-0.260261	-0.116017	-0.074382	-0.848068	-0.413618	0.046091
1.200000	-0.227186	-0.117507	-0.066555	-0.848476	-0.412893	0.042756
1.220000	-0.197257	-0.097921	-0.060873	-0.848634	-0.412333	0.038884
1.240000	-0.170958	-0.055642	-0.057577	-0.848519	-0.411950	0.034472
1.260000	-0.148242	0.007082	-0.056541	-0.848154	-0.411735	0.029598
1.280000	-0.128942	0.087153	-0.057554	-0.847576	-0.411676	0.024362
1.300000	-0.112892	0.181473	-0.060407	-0.846819	-0.411759	0.018860
1.320000	-0.099926	0.286946	-0.064889	-0.845918	-0.411972	0.013190
1.340000	-0.089879	0.400472	-0.070792	-0.844909	-0.412301	0.007450
1.360000	-0.082585	0.518956	-0.077904	-0.843827	-0.412732	0.001738
1.380000	-0.077877	0.639298	-0.086018	-0.842707	-0.413254	-0.003849
1.400000	-0.075590	0.758401	-0.094922	-0.841584	-0.413852	-0.009214
1.420000	-0.075558	0.873169	-0.104408	-0.840493	-0.414515	-0.014258
1.440000	-0.077615	0.980502	-0.114264	-0.839470	-0.415227	-0.018885
1.460000	-0.081596	1.077304	-0.124283	-0.838549	-0.415977	-0.022995
1.480000	-0.087333	1.160477	-0.134253	-0.837767	-0.416752	-0.026493
1.500000	-0.094662	1.226924	-0.143965	-0.837157	-0.417537	-0.029279
1.520000	-0.103416	1.273545	-0.153210	-0.836756	-0.418321	-0.031257
1.540000	-0.113429	1.297245	-0.161777	-0.836599	-0.419089	-0.032329
1.560000	-0.124537	1.294936	-0.169458	-0.836720	-0.419829	-0.032398
1.580000	-0.136605	1.265483	-0.176134	-0.837135	-0.420530	-0.031424
1.600000	-0.149573	1.212008	-0.181888	-0.837818	-0.421184	-0.029500
1.620000	-0.163388	1.138190	-0.186827	-0.838736	-0.421786	-0.026734
1.640000	-0.177999	1.047710	-0.191058	-0.839857	-0.422328	-0.023232
1.660000	-0.193353	0.944250	-0.194691	-0.841148	-0.422805	-0.019103
1.680000	-0.209399	0.831489	-0.197833	-0.842578	-0.423210	-0.014454
1.700000	-0.226085	0.713108	-0.200592	-0.844113	-0.423535	-0.009394
1.720000	-0.243358	0.592787	-0.203075	-0.845722	-0.423776	-0.004031
1.740000	-0.261167	0.474207	-0.205391	-0.847373	-0.423925	0.001529
1.760000	-0.279460	0.361050	-0.207648	-0.849032	-0.423977	0.007177
1.780000	-0.298184	0.256994	-0.209953	-0.850668	-0.423924	0.012804
1.800000	-0.317289	0.165721	-0.212414	-0.852249	-0.423760	0.018305
1.820000	-0.336721	0.090911	-0.215140	-0.853741	-0.423479	0.023569
1.840000	-0.356429	0.036245	-0.218238	-0.855114	-0.423074	0.028491
1.860000	-0.376361	0.005402	-0.221816	-0.856333	-0.422539	0.032961
1.880000	-0.396440	0.000479	-0.225932	-0.857377	-0.421872	0.036906
1.900000	-0.416523	0.019087	-0.230505	-0.858243	-0.421089	0.040346
1.920000	-0.436453	0.058046	-0.235427	-0.858936	-0.420206	0.043317
1.940000	-0.456073	0.114175	-0.240591	-0.859460	-0.419239	0.045856
1.960000	-0.475226	0.184294	-0.245891	-0.859818	-0.418206	0.048001
