0.000000	0.257489	0.081804	-0.259250	-0.858150	-0.428666	-0.001374
0.020000	0.231055	0.084306	-0.262824	-0.858539	-0.429819	-0.003572
0.040000	0.196304	0.092495	-0.266328	-0.858957	-0.430780	-0.005966
0.060000	0.152883	0.107259	-0.269600	-0.859401	-0.431511	-0.008538
0.080000	0.100440	0.129487	-0.272477	-0.859866	-0.431974	-0.011269
0.100000	0.038621	0.160067	-0.274796	-0.860348	-0.432129	-0.014140
0.120000	-0.032563	0.199408	-0.276417	-0.860841	-0.431952	-0.017128
0.140000	-0.111628	0.245964	-0.277300	-0.861329	-0.431473	-0.020189
0.160000	-0.196712	0.297692	-0.277426	-0.861792	-0.430737	-0.023278
0.180000	-0.285955	0.352546	-0.276779	-0.862213	-0.429789	-0.026348
0.200000	-0.377494	0.408481	-0.275341	-0.862572	-0.428671	-0.029351
0.220000	-0.469467	0.463455	-0.273095	-0.862851	-0.427431	-0.032242
0.240000	-0.560015	0.515421	-0.270024	-0.863032	-0.426110	-0.034971
0.260000	-0.647274	0.562335	-0.266110	-0.863095	-0.424755	-0.037494
0.280000	-0.729384	0.602153	-0.261336	-0.863022	-0.423409	-0.039763
0.300000	-0.804483	0.632831	-0.255685	-0.862795	-0.422118	-0.041731
0.320000	-0.870710	0.652322	-0.249140	-0.862394	-0.420925	-0.043351
0.340000	-0.926203	0.658584	-0.241683	-0.861802	-0.419875	-0.044576
0.360000	-0.969100	0.649572	-0.233297	-0.860999	-0.419013	-0.045360
0.380000	-0.997541	0.623240	-0.223965	-0.859967	-0.418383	-0.045655
0.400000	-1.009664	0.577545	-0.213670	-0.858688	-0.418029	-0.045415
0.420000	-1.003630	0.510476	-0.202395	-0.857142	-0.417995	-0.044593
0.440000	-0.979152	0.422264	-0.190215	-0.855335	-0.418294	-0.043187
0.460000	-0.938436	0.316745	-0.177349	-0.853307	-0.418883	-0.041264
0.480000	-0.883912	0.198080	-0.164028	-0.851103	-0.419717	-0.038897
0.500000	-0.818010	0.070430	-0.150484	-0.848768	-0.420751	-0.036161
0.520000	-0.743160	-0.062042	-0.136948	-0.846346	-0.421937	-0.033130
0.540000	-0.661794	-0.195177	-0.123654	-0.843881	-0.423231	-0.029876
0.560000	-0.576341	-0.324812	-0.110832	-0.841418	-0.424586	-0.026473
0.580000	-0.489232	-0.446786	-0.098714	-0.839001	-0.425957	-0.022997
0.600000	-0.402897	-0.556938	-0.087533	-0.836675	-0.427298	-0.019519
0.620000	-0.319766	-0.651107	-0.077519	-0.834484	-0.428562	-0.016114
0.640000	-0.242270	-0.725131	-0.068905	-0.832472	-0.429705	-0.012856
0.660000	-0.172840	-0.774849	-0.061922	-0.830685	-0.430680	-0.009818
0.680000	-0.113905	-0.796099	-0.056803	-0.829166	-0.431442	-0.007073
0.700000	-0.067896	-0.784722	-0.053779	-0.827960	-0.431944	-0.004697
0.720000	-0.037244	-0.736554	-0.053081	-0.827111	-0.432141	-0.002762
0.740000	-0.024164	-0.647891	-0.054914	-0.826660	-0.431991	-0.001337
0.760000	-0.028178	-0.520741	-0.059122	-0.826608	-0.431498	-0.000424
0.780000	-0.046976	-0.361003	-0.065306	-0.826924	-0.430701	0.000021
0.800000	-0.078211	-0.174652	-0.073063	-0.827580	-0.429637	0.000041
0.820000	-0.119537	0.032337	-0.081989	-0.828545	-0.428345	-0.000319
0.840000	-0.168608	0.253990	-0.091680	-0.829792	-0.426863	-0.001015
0.860000	-0.223076	0.484331	-0.101734	-0.831289	-0.425229	-0.002004
0.880000	-0.280596	0.717387	-0.111747	-0.833008	-0.423480	-0.003240
0.900000	-0.338820	0.947183	-0.121314	-0.834918	-0.421655	-0.004680
0.920000	-0.395403	1.167743	-0.130033	-0.836992	-0.419793	-0.006279
0.940000	-0.447999	1.373095	-0.137500	-0.839198	-0.417931	-0.007994
0.960000	-0.494260	1.557262	-0.143311	-0.841508	-0.416107	-0.009780
0.980000	-0.531840	1.714270	-0.147063	-0.843892	-0.414360	-0.011594
1.000000	-0.558393	1.838144	-0.148352	-0.846321	-0.412727	-0.013390
1.020000	-0.571572	1.922911	-0.146775	-0.848765	-0.411246	-0.015125
1.040000	-0.569147	1.962897	-0.141954	-0.851195	-0.409956	-0.016757
1.060000	-0.550996	1.957918	-0.133980	-0.853589	-0.408866	-0.018261
1.080000	-0.518829	1.912562	-0.123351	-0.855931	-0.407968	-0.019633
1.100000	-0.474419	1.831577	-0.110580	-0.858205	-0.407252	-0.020867
1.120000	-0.419538	1.719711	-0.096178	-0.860396	-0.406708	-0.021961
1.140000	-0.355959	1.581710	-0.080659	-0.862488	-0.406324	-0.022908
1.160000	-0.285453	1.422324	-0.064533	-0.864465	-0.406091	-0.023704
1.180000	-0.209794	1.246299	-0.048313	-0.866312	-0.405999	-0.024344
1.200000	-0.130752	1.058383	-0.032511	-0.868012	-0.406037	-0.024824
1.220000	-0.050101	0.863324	-0.017640	-0.869551	-0.406196	-0.025139
1.240000	0.030387	0.665871	-0.004211	-0.870911	-0.406464	-0.025284
1.260000	0.108940	0.470769	0.007263	-0.872079	-0.406832	-0.025255
1.280000	0.183786	0.282768	0.016270	-0.873037	-0.407290	-0.025046
1.300000	0.253152	0.106615	0.022299	-0.873771	-0.407826	-0.024654
1.320000	0.315266	-0.052942	0.024836	-0.874264	-0.408432	-0.024073
1.340000	0.368356	-0.191156	0.023371	-0.874501	-0.409096	-0.023300
1.360000	0.410923	-0.304040	0.017504	-0.874471	-0.409807	-0.022331
1.380000	0.443039	-0.391978	0.007492	-0.874191	-0.410543	-0.021188
1.400000	0.465337	-0.456920	-0.006175	-0.873686	-0.411279	-0.019897
1.420000	0.478452	-0.500814	-0.023006	-0.872986	-0.411989	-0.018485
1.440000	0.483019	-0.525610	-0.042511	-0.872114	-0.412649	-0.016978
1.460000	0.479670	-0.533258	-0.064199	-0.871100	-0.413232	-0.015403
1.480000	0.469041	-0.525707	-0.087580	-0.869968	-0.413714	-0.013787
1.500000	0.451765	-0.504906	-0.112163	-0.868747	-0.414069	-0.012156
1.520000	0.428476	-0.472806	-0.137457	-0.867462	-0.414272	-0.010539
1.540000	0.399810	-0.431356	-0.162973	-0.866141	-0.414298	-0.008960
1.560000	0.366399	-0.382505	-0.188219	-0.864810	-0.414121	-0.007447
1.580000	0.328879	-0.328203	-0.212706	-0.863495	-0.413717	-0.006027
1.600000	0.287883	-0.270400	-0.235942	-0.862224	-0.413060	-0.004727
1.620000	0.244045	-0.211045	-0.257437	-0.861024	-0.412124	-0.003572
1.640000	0.198000	-0.152087	-0.276701	-0.859920	-0.410884	-0.002591
1.660000	0.150381	-0.095473	-0.293244	-0.858940	-0.409316	-0.001809
1.680000	0.101767	-0.042566	-0.306778	-0.858100	-0.407417	-0.001244
1.700000	0.052609	0.006554	-0.317458	-0.857393	-0.405236	-0.000888
1.720000	0.003346	0.051974	-0.325495	-0.856809	-0.402826	-0.000732
1.740000	-0.045585	0.093784	-0.331104	-0.856339	-0.400245	-0.000766
