0.000000	-3.778680	-0.505904	1.210982	0.308465	-0.711813	0.109710
0.020000	-3.976197	-0.489554	1.186423	0.302941	-0.709454	0.101263
0.040000	-4.166264	-0.475951	1.155679	0.297890	-0.708711	0.092908
0.060000	-4.346194	-0.466361	1.119762	0.293413	-0.709810	0.084650
0.080000	-4.513297	-0.462050	1.079686	0.289610	-0.712975	0.076494
0.100000	-4.664884	-0.464284	1.036465	0.286581	-0.718431	0.068446
0.120000	-4.798266	-0.474328	0.991111	0.284427	-0.726404	0.060511
0.140000	-4.910754	-0.493450	0.944638	0.283249	-0.737118	0.052694
0.160000	-4.999659	-0.522914	0.898059	0.283146	-0.750799	0.045002
0.180000	-5.062701	-0.563601	0.852245	0.284201	-0.767610	0.037433
0.200000	-5.099864	-0.614253	0.807282	0.286385	-0.787382	0.029951
0.220000	-5.111909	-0.672883	0.762987	0.289638	-0.809826	0.022509
0.240000	-5.099595	-0.737500	0.719176	0.293895	-0.834657	0.015060
0.260000	-5.063682	-0.806116	0.675665	0.299093	-0.861587	0.007555
0.280000	-5.004932	-0.876741	0.632271	0.305170	-0.890331	-0.000052
0.300000	-4.924105	-0.947384	0.588810	0.312062	-0.920601	-0.007809
0.320000	-4.821962	-1.016058	0.545099	0.319706	-0.952111	-0.015764
0.340000	-4.699262	-1.080772	0.500953	0.328040	-0.984574	-0.023964
0.360000	-4.556767	-1.139538	0.456190	0.337000	-1.017705	-0.032458
0.380000	-4.395236	-1.190364	0.410626	0.346524	-1.051215	-0.041291
0.400000	-4.215431	-1.231263	0.364077	0.356547	-1.084819	-0.050513
0.420000	-4.018112	-1.260245	0.316360	0.367008	-1.118230	-0.060170
0.440000	-3.804038	-1.275319	0.267290	0.377843	-1.151161	-0.070310
0.460000	-3.573972	-1.274498	0.216685	0.388990	-1.183326	-0.080980
0.480000	-3.328673	-1.255791	0.164361	0.400384	-1.214438	-0.092229
0.500000	-3.068959	-1.217396	0.110175	0.411960	-1.244213	-0.104093
0.520000	-2.796383	-1.159921	0.054523	0.423607	-1.272396	-0.116480
0.540000	-2.513008	-1.085647	-0.001832	0.435185	-1.298754	-0.129206
0.560000	-2.220906	-0.996887	-0.058115	0.446551	-1.323053	-0.142087
0.580000	-1.922152	-0.895953	-0.113553	0.457564	-1.345059	-0.154937
0.600000	-1.618817	-0.785160	-0.167373	0.468082	-1.364540	-0.167572
0.620000	-1.312976	-0.666821	-0.218802	0.477964	-1.381262	-0.179806
0.640000	-1.006701	-0.543250	-0.267068	0.487068	-1.394992	-0.191454
0.660000	-0.702066	-0.416759	-0.311396	0.495252	-1.405496	-0.202332
0.680000	-0.401144	-0.289663	-0.351014	0.502376	-1.412540	-0.212254
0.700000	-0.106007	-0.164273	-0.385148	0.508296	-1.415892	-0.221035
0.720000	0.181271	-0.042905	-0.413026	0.512872	-1.415318	-0.228490
0.740000	0.458617	0.072128	-0.433874	0.515962	-1.410585	-0.234435
0.760000	0.723958	0.178514	-0.446920	0.517425	-1.401459	-0.238683
0.780000	0.975221	0.273938	-0.451390	0.517118	-1.387707	-0.241051
0.800000	1.210419	0.356192	-0.446571	0.514909	-1.369117	-0.241363
0.820000	1.429195	0.425012	-0.432881	0.510834	-1.345871	-0.239631
0.840000	1.632633	0.481855	-0.411738	0.505079	-1.318502	-0.236034
0.860000	1.821865	0.528240	-0.384595	0.497833	-1.287556	-0.230755
0.880000	1.998025	0.565684	-0.352905	0.489286	-1.253578	-0.223978
0.900000	2.162247	0.595706	-0.318120	0.479630	-1.217112	-0.215887
0.920000	2.315664	0.619824	-0.281693	0.469054	-1.178703	-0.206666
0.940000	2.459409	0.639555	-0.245078	0.457748	-1.138897	-0.196499
0.960000	2.594616	0.656418	-0.209726	0.445903	-1.098238	-0.185569
0.980000	2.722418	0.671931	-0.177090	0.433710	-1.057272	-0.174061
1.000000	2.843949	0.687611	-0.148624	0.421357	-1.016543	-0.162158
1.020000	2.960342	0.704976	-0.125780	0.409037	-0.976597	-0.150043
1.040000	3.072730	0.725545	-0.110011	0.396938	-0.937978	-0.137902
1.060000	3.182248	0.750836	-0.102769	0.385252	-0.901231	-0.125917
1.080000	3.290027	0.782366	-0.105508	0.374167	-0.866902	-0.114273
1.100000	3.397203	0.821653	-0.119680	0.363876	-0.835535	-0.103153
1.120000	3.504896	0.870201	-0.146724	0.354567	-0.807673	-0.092741
1.140000	3.613246	0.928293	-0.186973	0.346354	-0.783588	-0.083113
1.160000	3.720697	0.994103	-0.238843	0.339218	-0.763093	-0.074171
1.180000	3.825522	1.065595	-0.300559	0.333131	-0.745952	-0.065795
1.200000	3.925997	1.140734	-0.370347	0.328060	-0.731930	-0.057866
1.220000	4.020394	1.217484	-0.446434	0.323975	-0.720792	-0.050265
1.240000	4.106989	1.293810	-0.527045	0.320847	-0.712303	-0.042874
1.260000	4.184056	1.367675	-0.610405	0.318643	-0.706228	-0.035573
1.280000	4.249868	1.437043	-0.694742	0.317334	-0.702331	-0.028245
1.300000	4.302701	1.499880	-0.778280	0.316890	-0.700378	-0.020770
1.320000	4.340828	1.554149	-0.859246	0.317278	-0.700135	-0.013029
1.340000	4.362523	1.597814	-0.935864	0.318470	-0.701364	-0.004905
1.360000	4.366061	1.628840	-1.006362	0.320434	-0.703832	0.003723
1.380000	4.349716	1.645192	-1.068965	0.323139	-0.707304	0.012973
1.400000	4.311762	1.644832	-1.121899	0.326556	-0.711544	0.022964
1.420000	4.250474	1.625727	-1.163390	0.330653	-0.716318	0.033813
1.440000	4.164125	1.585839	-1.191663	0.335400	-0.721390	0.045642
1.460000	4.051767	1.524097	-1.205515	0.340756	-0.726562	0.058511
1.480000	3.915223	1.442861	-1.205774	0.346642	-0.731772	0.072286
1.500000	3.756931	1.345256	-1.193721	0.352973	-0.736986	0.086788
1.520000	3.579329	1.234408	-1.170636	0.359660	-0.742170	0.101836
1.540000	3.384857	1.113442	-1.137800	0.366619	-0.747291	0.117250
1.560000	3.175954	0.985482	-1.096495	0.373762	-0.752315	0.132853
1.580000	2.955058	0.853654	-1.048001	0.381002	-0.757207	0.148463
1.600000	2.724607	0.721083	-0.993599	0.388254	-0.761936	0.163900
1.620000	2.487042	0.590894	-0.934569	0.395430	-0.766467	0.178987
1.640000	2.244800	0.466212	-0.872193	0.402443	-0.770766	0.193542
1.660000	2.000320	0.350163	-0.807751	0.409209	-0.774800	0.207386
1.680000	1.756042	0.245871	-0.742524	0.415638	-0.778535	0.220339
1.700000	1.514404	0.156461	-0.677793	0.421646	-0.781937	0.232223
1.720000	1.277844	0.085059	-0.614839	0.427145	-0.784974	0.242856
1.740000	1.048802	0.034791	-0.554942	0.432049	-0.787611	0.252060
1.760000	0.829701	0.008729	-0.499374	0.436273	-0.789816	0.259658
1.780000	0.622217	0.007500	-0.448939	0.439788	-0.791597	0.265612
1.800000	0.426959	0.028244	-0.403778	0.442649	-0.793023	0.270082
1.820000	0.244456	0.067831	-0.363981	0.444915	-0.794168	0.273245
1.840000	0.075237	0.123135	-0.329638	0.446648	-0.795104	0.275276
1.860000	-0.080169	0.191026	-0.300838	0.447908	-0.795904	0.276349
1.880000	-0.221235	0.268377	-0.277671	0.448754	-0.796642	0.276642
1.900000	-0.347430	0.352060	-0.260227	0.449247	-0.797391	0.276330
1.920000	-0.458226	0.438947	-0.248596	0.449448	-0.798223	0.275588
1.940000	-0.553095	0.525910	-0.242868	0.449417	-0.799212	0.274591
1.960000	-0.631508	0.609821	-0.243132	0.449213	-0.800430	0.273517
1.980000	-0.692936	0.687552	-0.249478	0.448898	-0.801952	0.272539
2.000000	-0.736851	0.755974	-0.261995	0.448532	-0.803849	0.271834
2.020000	-0.762723	0.811960	-0.280775	0.448174	-0.806196	0.271577
2.040000	-0.770025	0.852382	-0.305906	0.447886	-0.809065	0.271945
2.060000	-0.758241	0.874129	-0.337470	0.447727	-0.812528	0.273111
2.080000	-0.728259	0.875736	-0.374728	0.447715	-0.816572	0.275132
2.100000	-0.683525	0.858753	-0.415443	0.447795	-0.821026	0.277849
2.120000	-0.627761	0.825048	-0.457217	0.447903	-0.825702	0.281083
2.140000	-0.564687	0.776492	-0.497652	0.447972	-0.830414	0.284651
2.160000	-0.498024	0.714953	-0.534352	0.447940	-0.834973	0.288372
2.180000	-0.431492	0.642302	-0.564917	0.447742	-0.839191	0.292066
2.200000	-0.368813	0.560408	-0.586952	0.447313	-0.842883	0.295550
2.220000	-0.313707	0.471141	-0.598057	0.446589	-0.845859	0.298643
2.240000	-0.269895	0.376370	-0.595836	0.445506	-0.847933	0.301166
2.260000	-0.241098	0.277965	-0.577892	0.443999	-0.848917	0.302935
2.280000	-0.231035	0.177796	-0.541825	0.442003	-0.848624	0.303770
2.300000	-0.243429	0.077731	-0.485240	0.439455	-0.846865	0.303490
2.320000	-0.281999	-0.020359	-0.405738	0.436289	-0.843455	0.301914
2.340000	-0.350467	-0.114605	-0.300921	0.432442	-0.838204	0.298860
2.360000	-0.452553	-0.203137	-0.168393	0.427849	-0.830926	0.294147
2.380000	-0.591664	-0.284171	-0.006032	0.422451	-0.821454	0.287607
2.400000	-0.766487	-0.357219	0.184125	0.416276	-0.809934	0.279269
2.420000	-0.972062	-0.422788	0.396827	0.409416	-0.796756	0.269313
2.440000	-1.203336	-0.481416	0.626740	0.401968	-0.782313	0.257924
2.460000	-1.455253	-0.533638	0.868531	0.394025	-0.767000	0.245287
2.480000	-1.722760	-0.579988	1.116867	0.385684	-0.751213	0.231586
2.500000	-2.000802	-0.621004	1.366413	0.377040	-0.735345	0.217007
2.520000	-2.284326	-0.657219	1.611836	0.368187	-0.719792	0.201733
2.540000	-2.568276	-0.689170	1.847803	0.359221	-0.704948	0.185949
2.560000	-2.847600	-0.717393	2.068979	0.350237	-0.691208	0.169841
2.580000	-3.117242	-0.742423	2.270032	0.341331	-0.678967	0.153592
2.600000	-3.372148	-0.764795	2.445627	0.332597	-0.668620	0.137388
2.620000	-3.607265	-0.785046	2.590431	0.324130	-0.660560	0.121413
2.640000	-3.817537	-0.803710	2.699110	0.316026	-0.655184	0.105851
2.660000	-3.997912	-0.821323	2.766332	0.308380	-0.652885	0.090888
2.680000	-4.143334	-0.838421	2.786761	0.301287	-0.654058	0.076708
2.700000	-4.249884	-0.855428	2.756477	0.294833	-0.658999	0.063465
2.720000	-4.319333	-0.872217	2.678632	0.289057	-0.667501	0.051153
2.740000	-4.355228	-0.888483	2.558592	0.283981	-0.679201	0.039720
2.760000	-4.361118	-0.903924	2.401722	0.279631	-0.693737	0.029112
2.780000	-4.340551	-0.918238	2.213387	0.276029	-0.710746	0.019275
2.800000	-4.297074	-0.931121	1.998952	0.273201	-0.729865	0.010156
2.820000	-4.234238	-0.942273	1.763782	0.271169	-0.750731	0.001701
2.840000	-4.155589	-0.951389	1.513244	0.269957	-0.772983	-0.006144
2.860000	-4.064676	-0.958167	1.252702	0.269589	-0.796256	-0.013431
2.880000	-3.965048	-0.962304	0.987522	0.270090	-0.820189	-0.020214
2.900000	-3.860253	-0.963499	0.723068	0.271482	-0.844419	-0.026548
2.920000	-3.753840	-0.961448	0.464707	0.273790	-0.868583	-0.032485
2.940000	-3.649356	-0.955848	0.217804	0.277037	-0.892318	-0.038079
2.960000	-3.550350	-0.946398	-0.012277	0.281248	-0.915262	-0.043384
