0.000000	-5.107983	-1.591603	1.157816	0.362284	-0.603933	0.093404
0.020000	-5.118424	-1.670274	1.159999	0.364877	-0.614142	0.088488
0.040000	-5.102147	-1.746977	1.153189	0.369024	-0.627052	0.085298
0.060000	-5.061035	-1.819866	1.137784	0.374560	-0.642451	0.083527
0.080000	-4.996973	-1.887090	1.114183	0.381323	-0.660124	0.082865
0.100000	-4.911847	-1.946804	1.082787	0.389149	-0.679861	0.083003
0.120000	-4.807541	-1.997158	1.043995	0.397877	-0.701448	0.083634
0.140000	-4.685939	-2.036305	0.998205	0.407342	-0.724672	0.084447
0.160000	-4.548926	-2.062397	0.945818	0.417382	-0.749320	0.085134
0.180000	-4.398388	-2.073587	0.887232	0.427834	-0.775181	0.085385
0.200000	-4.236209	-2.068025	0.822847	0.438535	-0.802041	0.084893
0.220000	-4.064273	-2.043865	0.753063	0.449321	-0.829688	0.083349
0.240000	-3.884465	-1.999259	0.678278	0.460031	-0.857909	0.080442
0.260000	-3.698670	-1.932358	0.598892	0.470500	-0.886491	0.075866
0.280000	-3.508773	-1.841317	0.515305	0.480566	-0.915222	0.069310
0.300000	-3.316343	-1.725537	0.428043	0.490107	-0.943899	0.060616
0.320000	-3.122110	-1.587782	0.337976	0.499112	-0.972344	0.050030
0.340000	-2.926661	-1.431375	0.246032	0.507590	-1.000385	0.037865
0.360000	-2.730583	-1.259638	0.153137	0.515548	-1.027850	0.024433
0.380000	-2.534463	-1.075895	0.060219	0.522994	-1.054566	0.010048
0.400000	-2.338889	-0.883468	-0.031795	0.529935	-1.080361	-0.004978
0.420000	-2.144448	-0.685680	-0.121978	0.536380	-1.105061	-0.020332
0.440000	-1.951728	-0.485854	-0.209404	0.542336	-1.128494	-0.035701
0.460000	-1.761317	-0.287314	-0.293144	0.547811	-1.150489	-0.050772
0.480000	-1.573800	-0.093383	-0.372271	0.552812	-1.170871	-0.065233
0.500000	-1.389767	0.092618	-0.445860	0.557349	-1.189469	-0.078770
0.520000	-1.209804	0.267365	-0.512982	0.561427	-1.206110	-0.091070
0.540000	-1.034498	0.427534	-0.572710	0.565056	-1.220621	-0.101821
0.560000	-0.864438	0.569804	-0.624117	0.568243	-1.232830	-0.110710
0.580000	-0.700182	0.691056	-0.666340	0.570994	-1.242574	-0.117444
0.600000	-0.541913	0.791007	-0.699381	0.573301	-1.249839	-0.122009
0.620000	-0.389534	0.871434	-0.723874	0.575144	-1.254713	-0.124591
0.640000	-0.242946	0.934160	-0.740468	0.576501	-1.257289	-0.125384
0.660000	-0.102045	0.981010	-0.749811	0.577352	-1.257661	-0.124580
0.680000	0.033267	1.013809	-0.752551	0.577677	-1.255920	-0.122370
0.700000	0.163094	1.034379	-0.749337	0.577455	-1.252158	-0.118947
0.720000	0.287536	1.044545	-0.740817	0.576665	-1.246469	-0.114503
0.740000	0.406693	1.046130	-0.727640	0.575287	-1.238945	-0.109230
0.760000	0.520668	1.040960	-0.710454	0.573301	-1.229678	-0.103321
0.780000	0.629562	1.030857	-0.689907	0.570684	-1.218761	-0.096968
0.800000	0.733475	1.017647	-0.666648	0.567418	-1.206286	-0.090362
0.820000	0.832509	1.003152	-0.641325	0.563481	-1.192346	-0.083696
0.840000	0.926765	0.989197	-0.614587	0.558853	-1.177033	-0.077163
0.860000	1.016344	0.977606	-0.587081	0.553514	-1.160441	-0.070954
0.880000	1.101348	0.970202	-0.559457	0.547442	-1.142660	-0.065262
0.900000	1.181877	0.968811	-0.532362	0.540617	-1.123785	-0.060278
0.920000	1.258102	0.975009	-0.506416	0.533029	-1.103911	-0.056170
0.940000	1.330727	0.988476	-0.482003	0.524753	-1.083166	-0.052901
0.960000	1.400703	1.008008	-0.459401	0.515904	-1.061690	-0.050344
0.980000	1.468982	1.032397	-0.438888	0.506594	-1.039627	-0.048369
1.000000	1.536518	1.060435	-0.420741	0.496938	-1.017118	-0.046847
1.020000	1.604263	1.090912	-0.405237	0.487049	-0.994304	-0.045649
1.040000	1.673171	1.122620	-0.392653	0.477043	-0.971326	-0.044646
1.060000	1.744194	1.154351	-0.383267	0.467033	-0.948328	-0.043709
1.080000	1.818284	1.184897	-0.377355	0.457133	-0.925450	-0.042709
1.100000	1.896396	1.213049	-0.375195	0.447457	-0.902834	-0.041516
1.120000	1.979481	1.237597	-0.377063	0.438120	-0.880622	-0.040002
1.140000	2.068493	1.257335	-0.383238	0.429234	-0.858955	-0.038037
1.160000	2.164384	1.271054	-0.393996	0.420914	-0.837976	-0.035492
1.180000	2.268108	1.277544	-0.409614	0.413275	-0.817825	-0.032239
1.200000	2.380616	1.275598	-0.430370	0.406430	-0.798645	-0.028148
1.220000	2.502863	1.264007	-0.456541	0.400494	-0.780577	-0.023089
1.240000	2.635800	1.241562	-0.488403	0.395579	-0.763763	-0.016935
1.260000	2.780343	1.207082	-0.526222	0.391800	-0.748342	-0.009558
1.280000	2.935666	1.160599	-0.569660	0.389194	-0.734382	-0.000926
1.300000	3.098506	1.103848	-0.617542	0.387701	-0.721842	0.008858
1.320000	3.265419	1.038689	-0.668629	0.387248	-0.710675	0.019680
1.340000	3.432962	0.966981	-0.721683	0.387765	-0.700835	0.031429
1.360000	3.597689	0.890586	-0.775463	0.389183	-0.692276	0.043991
1.380000	3.756158	0.811364	-0.828733	0.391431	-0.684950	0.057254
1.400000	3.904924	0.731175	-0.880252	0.394439	-0.678810	0.071105
1.420000	4.040543	0.651880	-0.928782	0.398135	-0.673811	0.085431
1.440000	4.159571	0.575338	-0.973085	0.402450	-0.669905	0.100119
1.460000	4.258563	0.503411	-1.011922	0.407313	-0.667045	0.115058
1.480000	4.334077	0.437959	-1.044053	0.412654	-0.665185	0.130133
1.500000	4.382668	0.380842	-1.068240	0.418403	-0.664277	0.145233
1.520000	4.400892	0.333921	-1.083245	0.424488	-0.664276	0.160245
1.540000	4.385305	0.299056	-1.087829	0.430840	-0.665134	0.175055
1.560000	4.332489	0.278096	-1.080762	0.437389	-0.666805	0.189552
1.580000	4.241502	0.271879	-1.061796	0.444065	-0.669223	0.203659
1.600000	4.115842	0.279426	-1.032433	0.450804	-0.672295	0.217360
1.620000	3.959471	0.299570	-0.994362	0.457541	-0.675920	0.230649
1.640000	3.776347	0.331142	-0.949267	0.464211	-0.680001	0.243518
1.660000	3.570434	0.372976	-0.898838	0.470750	-0.684439	0.255959
1.680000	3.345691	0.423902	-0.844759	0.477092	-0.689136	0.267965
1.700000	3.106080	0.482753	-0.788718	0.483173	-0.693991	0.279527
1.720000	2.855561	0.548361	-0.732403	0.488928	-0.698908	0.290639
1.740000	2.598096	0.619559	-0.677499	0.494293	-0.703787	0.301293
1.760000	2.337645	0.695179	-0.625693	0.499202	-0.708530	0.311480
1.780000	2.078169	0.774052	-0.578674	0.503591	-0.713037	0.321194
1.800000	1.823629	0.855011	-0.538126	0.507395	-0.717212	0.330427
1.820000	1.577986	0.936887	-0.505737	0.510550	-0.720954	0.339171
1.840000	1.345201	1.018514	-0.483195	0.512990	-0.724165	0.347418
1.860000	1.129228	1.098723	-0.472181	0.514651	-0.726746	0.355161
1.880000	0.932477	1.176308	-0.473401	0.515508	-0.728649	0.362397
1.900000	0.753767	1.249969	-0.485284	0.515627	-0.729935	0.369133
1.920000	0.591409	1.318397	-0.505942	0.515085	-0.730684	0.375379
1.940000	0.443716	1.380282	-0.533484	0.513961	-0.730974	0.381142
1.960000	0.308998	1.434311	-0.566020	0.512335	-0.730885	0.386434
1.980000	0.185567	1.479176	-0.601659	0.510284	-0.730494	0.391261
2.000000	0.071736	1.513565	-0.638511	0.507888	-0.729881	0.395634
2.020000	-0.034185	1.536168	-0.674687	0.505224	-0.729124	0.399561
2.040000	-0.133883	1.545674	-0.708296	0.502371	-0.728303	0.403051
2.060000	-0.229048	1.540773	-0.737448	0.499408	-0.727497	0.406113
2.080000	-0.321366	1.520154	-0.760252	0.496413	-0.726783	0.408757
2.100000	-0.412528	1.482506	-0.774819	0.493466	-0.726241	0.410991
2.120000	-0.504221	1.426519	-0.779258	0.490644	-0.725950	0.412825
2.140000	-0.598133	1.350883	-0.771680	0.488026	-0.725988	0.414266
2.160000	-0.695953	1.254285	-0.750193	0.485690	-0.726435	0.415325
2.180000	-0.799370	1.135418	-0.712908	0.483716	-0.727368	0.416011
2.200000	-0.910058	0.993002	-0.657963	0.482181	-0.728867	0.416331
2.220000	-1.029009	0.827575	-0.584986	0.481094	-0.730931	0.416266
2.240000	-1.156202	0.642344	-0.495809	0.480369	-0.733449	0.415754
2.260000	-1.291538	0.440735	-0.392438	0.479911	-0.736303	0.414729
2.280000	-1.434914	0.226173	-0.276882	0.479624	-0.739372	0.413127
2.300000	-1.586230	0.002082	-0.151148	0.479412	-0.742536	0.410882
2.320000	-1.745385	-0.228113	-0.017244	0.479180	-0.745675	0.407929
2.340000	-1.912277	-0.460987	0.122823	0.478833	-0.748669	0.404202
2.360000	-2.086805	-0.693115	0.267044	0.478275	-0.751398	0.399636
2.380000	-2.268869	-0.921072	0.413413	0.477411	-0.753742	0.394167
2.400000	-2.458367	-1.141433	0.559920	0.476146	-0.755582	0.387728
2.420000	-2.655197	-1.350775	0.704559	0.474384	-0.756797	0.380254
2.440000	-2.859260	-1.545671	0.845322	0.472029	-0.757266	0.371681
2.460000	-3.070454	-1.722697	0.980201	0.468987	-0.756872	0.361942
2.480000	-3.288677	-1.878429	1.107189	0.465162	-0.755492	0.350973
2.500000	-3.513829	-2.009441	1.224277	0.460458	-0.753008	0.338708
2.520000	-3.745631	-2.112580	1.329547	0.454796	-0.749318	0.325096
2.540000	-3.981818	-2.187713	1.422062	0.448273	-0.744525	0.310235
2.560000	-4.218884	-2.236602	1.501502	0.441098	-0.738862	0.294319
2.580000	-4.453302	-2.261036	1.567558	0.433482	-0.732564	0.277541
2.600000	-4.681548	-2.262804	1.619919	0.425634	-0.725865	0.260097
2.620000	-4.900094	-2.243695	1.658274	0.417765	-0.719000	0.242182
2.640000	-5.105416	-2.205499	1.682313	0.410084	-0.712203	0.223989
2.660000	-5.293987	-2.150004	1.691726	0.402803	-0.705708	0.205713
2.680000	-5.462282	-2.079001	1.686202	0.396130	-0.699750	0.187549
2.700000	-5.606774	-1.994279	1.665431	0.390277	-0.694563	0.169692
2.720000	-5.723938	-1.897627	1.629101	0.385453	-0.690383	0.152335
2.740000	-5.810249	-1.790835	1.576904	0.381869	-0.687442	0.135675
2.760000	-5.862179	-1.675691	1.508528	0.379735	-0.685977	0.119904
2.780000	-5.876203	-1.553985	1.423664	0.379261	-0.686220	0.105218
2.800000	-5.848796	-1.427506	1.322000	0.380658	-0.688408	0.091811
2.820000	-5.776717	-1.298020	1.203326	0.384120	-0.692759	0.079868
2.840000	-5.661264	-1.166895	1.069014	0.389607	-0.699278	0.069393
2.860000	-5.507368	-1.035186	0.921703	0.396891	-0.707789	0.060252
2.880000	-5.320060	-0.903937	0.764070	0.405738	-0.718116	0.052305
2.900000	-5.104374	-0.774195	0.598789	0.415913	-0.730080	0.045414
2.920000	-4.865342	-0.647003	0.428536	0.427182	-0.743504	0.039438
2.940000	-4.607997	-0.523407	0.255985	0.439311	-0.758209	0.034239
2.960000	-4.337371	-0.404452	0.083812	0.452066	-0.774018	0.029677
2.980000	-4.058498	-0.291183	-0.085308	0.465213	-0.790753	0.025612
