0.000000	-3.776409	-0.184645	-0.248699	0.478518	-0.808235	0.021907
0.020000	-3.496137	-0.085884	-0.403686	0.491747	-0.826286	0.018420
0.040000	-3.222715	0.004057	-0.547595	0.504665	-0.844730	0.015014
0.060000	-2.961175	0.084131	-0.677749	0.517038	-0.863387	0.011548
0.080000	-2.716550	0.153294	-0.791474	0.528633	-0.882080	0.007883
0.100000	-2.493873	0.210501	-0.886095	0.539215	-0.900630	0.003881
0.120000	-2.298175	0.254706	-0.958935	0.548550	-0.918861	-0.000600
0.140000	-2.134491	0.284864	-1.007321	0.556404	-0.936593	-0.005696
0.160000	-2.007193	0.300115	-1.028971	0.562572	-0.953663	-0.011531
0.180000	-1.914932	0.301190	-1.025033	0.567101	-0.970029	-0.018068
0.200000	-1.853418	0.289641	-0.998420	0.570168	-0.985709	-0.025193
0.220000	-1.818333	0.267028	-0.952055	0.571951	-1.000724	-0.032787
0.240000	-1.805362	0.234909	-0.888865	0.572627	-1.015095	-0.040736
0.260000	-1.810190	0.194842	-0.811776	0.572374	-1.028841	-0.048922
0.280000	-1.828501	0.148386	-0.723712	0.571371	-1.041982	-0.057228
0.300000	-1.855979	0.097101	-0.627600	0.569795	-1.054540	-0.065539
0.320000	-1.888308	0.042544	-0.526365	0.567825	-1.066533	-0.073738
0.340000	-1.921172	-0.013724	-0.422933	0.565637	-1.077983	-0.081708
0.360000	-1.950256	-0.070147	-0.320228	0.563410	-1.088909	-0.089333
0.380000	-1.971245	-0.125165	-0.221178	0.561322	-1.099331	-0.096497
0.400000	-1.979821	-0.177218	-0.128706	0.559550	-1.109271	-0.103082
0.420000	-1.971670	-0.224749	-0.045740	0.558273	-1.118747	-0.108973
0.440000	-1.942476	-0.266199	0.024797	0.557669	-1.127781	-0.114052
0.460000	-1.887924	-0.300009	0.079978	0.557915	-1.136391	-0.118204
0.480000	-1.805178	-0.324938	0.117726	0.559116	-1.144570	-0.121353
0.500000	-1.696108	-0.340755	0.138660	0.561152	-1.152215	-0.123553
0.520000	-1.563517	-0.347426	0.143935	0.563853	-1.159203	-0.124884
0.540000	-1.410206	-0.344921	0.134702	0.567052	-1.165413	-0.125425
0.560000	-1.238979	-0.333207	0.112115	0.570581	-1.170725	-0.125258
0.580000	-1.052637	-0.312253	0.077328	0.574273	-1.175016	-0.124461
0.600000	-0.853982	-0.282026	0.031494	0.577958	-1.178166	-0.123114
0.620000	-0.645816	-0.242495	-0.024234	0.581470	-1.180052	-0.121298
0.640000	-0.430943	-0.193629	-0.088703	0.584640	-1.180554	-0.119093
0.660000	-0.212164	-0.135394	-0.160758	0.587301	-1.179551	-0.116578
0.680000	0.007720	-0.067759	-0.239248	0.589285	-1.176920	-0.113834
0.700000	0.225904	0.009307	-0.323018	0.590424	-1.172540	-0.110940
0.720000	0.439588	0.095837	-0.410916	0.590549	-1.166290	-0.107976
0.740000	0.645969	0.191862	-0.501787	0.589494	-1.158049	-0.105022
0.760000	0.842342	0.297353	-0.594493	0.587100	-1.147706	-0.102155
0.780000	1.027680	0.411222	-0.688124	0.583372	-1.135330	-0.099387
0.800000	1.202375	0.531485	-0.781966	0.578456	-1.121146	-0.096679
0.820000	1.366863	0.656131	-0.875313	0.572502	-1.105380	-0.093987
0.840000	1.521578	0.783149	-0.967457	0.565658	-1.088260	-0.091271
0.860000	1.666957	0.910527	-1.057690	0.558074	-1.070014	-0.088488
0.880000	1.803436	1.036255	-1.145305	0.549899	-1.050870	-0.085596
0.900000	1.931450	1.158321	-1.229594	0.541283	-1.031056	-0.082553
0.920000	2.051436	1.274713	-1.309851	0.532375	-1.010800	-0.079317
0.940000	2.163828	1.383421	-1.385367	0.523325	-0.990328	-0.075846
0.960000	2.269062	1.482434	-1.455435	0.514281	-0.969870	-0.072098
0.980000	2.367574	1.569740	-1.519348	0.505393	-0.949653	-0.068031
1.000000	2.459801	1.643327	-1.576398	0.496811	-0.929904	-0.063604
1.020000	2.546177	1.701185	-1.625879	0.488683	-0.910852	-0.058773
1.040000	2.627139	1.741303	-1.667081	0.481160	-0.892724	-0.053497
1.060000	2.703121	1.761669	-1.699299	0.474390	-0.875748	-0.047734
1.080000	2.774561	1.760271	-1.721824	0.468523	-0.860151	-0.041442
1.100000	2.841893	1.735102	-1.733950	0.463708	-0.846162	-0.034580
1.120000	2.905343	1.685325	-1.735342	0.460038	-0.833919	-0.027122
1.140000	2.964600	1.613122	-1.726620	0.457461	-0.823334	-0.019093
1.160000	3.019268	1.521154	-1.708555	0.455903	-0.814281	-0.010524
1.180000	3.068950	1.412080	-1.681920	0.455288	-0.806634	-0.001445
1.200000	3.113249	1.288562	-1.647487	0.455542	-0.800269	0.008112
1.220000	3.151769	1.153259	-1.606027	0.456589	-0.795060	0.018116
1.240000	3.184113	1.008833	-1.558313	0.458356	-0.790883	0.028538
1.260000	3.209885	0.857944	-1.505115	0.460767	-0.787611	0.039345
1.280000	3.228688	0.703252	-1.447207	0.463747	-0.785120	0.050507
1.300000	3.240126	0.547418	-1.385360	0.467222	-0.783285	0.061994
1.320000	3.243801	0.393101	-1.320345	0.471116	-0.781980	0.073773
1.340000	3.239318	0.242964	-1.252936	0.475355	-0.781079	0.085815
1.360000	3.226280	0.099666	-1.183903	0.479864	-0.780459	0.098087
1.380000	3.204290	-0.034133	-1.114018	0.484569	-0.779993	0.110561
1.400000	3.172951	-0.155772	-1.044054	0.489393	-0.779556	0.123203
1.420000	3.131896	-0.262638	-0.974780	0.494264	-0.779026	0.135984
1.440000	3.081499	-0.353356	-0.906921	0.499122	-0.778344	0.148857
1.460000	3.022922	-0.427865	-0.841154	0.503926	-0.777521	0.161762
1.480000	2.957367	-0.486169	-0.778154	0.508635	-0.776570	0.174636
1.500000	2.886034	-0.528271	-0.718594	0.513208	-0.775505	0.187419
1.520000	2.810126	-0.554175	-0.663148	0.517603	-0.774341	0.200049
1.540000	2.730842	-0.563885	-0.612492	0.521780	-0.773090	0.212464
1.560000	2.649385	-0.557404	-0.567299	0.525698	-0.771766	0.224602
1.580000	2.566956	-0.534736	-0.528243	0.529316	-0.770383	0.236403
1.600000	2.484755	-0.495885	-0.495999	0.532593	-0.768955	0.247804
1.620000	2.403984	-0.440853	-0.471241	0.535488	-0.767496	0.258744
1.640000	2.325844	-0.369645	-0.454643	0.537959	-0.766019	0.269162
1.660000	2.251536	-0.282264	-0.446880	0.539966	-0.764537	0.278995
1.680000	2.182261	-0.178714	-0.448625	0.541469	-0.763066	0.288182
1.700000	2.119221	-0.058999	-0.460554	0.542425	-0.761618	0.296663
1.720000	2.063585	0.076842	-0.483312	0.542795	-0.760206	0.304375
1.740000	2.015144	0.227202	-0.516359	0.542580	-0.758834	0.311303
1.760000	1.971820	0.388345	-0.557538	0.541835	-0.757484	0.317490
1.780000	1.931400	0.556385	-0.604580	0.540620	-0.756144	0.322985
1.800000	1.891673	0.727435	-0.655215	0.538995	-0.754795	0.327835
1.820000	1.850426	0.897609	-0.707171	0.537020	-0.753423	0.332088
1.840000	1.805447	1.063018	-0.758180	0.534755	-0.752012	0.335791
1.860000	1.754523	1.219777	-0.805969	0.532260	-0.750546	0.338993
1.880000	1.695443	1.363999	-0.848270	0.529594	-0.749010	0.341742
1.900000	1.625995	1.491797	-0.882812	0.526817	-0.747387	0.344086
1.920000	1.543966	1.599285	-0.907324	0.523990	-0.745662	0.346071
1.940000	1.447143	1.682574	-0.919537	0.521171	-0.743820	0.347747
1.960000	1.333316	1.737780	-0.917180	0.518421	-0.741844	0.349161
1.980000	1.200271	1.761014	-0.897982	0.515799	-0.739719	0.350362
2.000000	1.045797	1.748390	-0.859674	0.513367	-0.737429	0.351395
2.020000	0.867681	1.696022	-0.799984	0.511182	-0.734959	0.352311
2.040000	0.663712	1.600022	-0.716644	0.509305	-0.732292	0.353156
2.060000	0.431676	1.456504	-0.607382	0.507796	-0.729413	0.353979
2.080000	0.169516	1.261754	-0.470036	0.506714	-0.726310	0.354823
2.100000	-0.118358	1.019323	-0.306910	0.506067	-0.723139	0.355564
2.120000	-0.418862	0.742506	-0.126310	0.505796	-0.720277	0.355849
2.140000	-0.718304	0.445281	0.063041	0.505837	-0.718119	0.355312
2.160000	-1.002989	0.141628	0.252418	0.506126	-0.717059	0.353586
2.180000	-1.259225	-0.154476	0.433098	0.506600	-0.717492	0.350304
2.200000	-1.473319	-0.429051	0.596356	0.507194	-0.719811	0.345097
2.220000	-1.631807	-0.668328	0.733602	0.507847	-0.724404	0.337606
2.240000	-1.729091	-0.865658	0.840816	0.508515	-0.731402	0.327708
2.260000	-1.769224	-1.023140	0.919586	0.509185	-0.740623	0.315571
2.280000	-1.756849	-1.143402	0.971845	0.509843	-0.751865	0.301381
2.300000	-1.696611	-1.229075	0.999524	0.510476	-0.764928	0.285324
2.320000	-1.593153	-1.282791	1.004557	0.511070	-0.779609	0.267586
2.340000	-1.451118	-1.307179	0.988876	0.511612	-0.795708	0.248352
2.360000	-1.275151	-1.304872	0.954411	0.512089	-0.813023	0.227808
2.380000	-1.069895	-1.278498	0.903097	0.512487	-0.831353	0.206141
2.400000	-0.839994	-1.230690	0.836864	0.512794	-0.850497	0.183537
2.420000	-0.590091	-1.164077	0.757645	0.512995	-0.870252	0.160181
2.440000	-0.324830	-1.081290	0.667372	0.513079	-0.890419	0.136259
2.460000	-0.048855	-0.984960	0.567978	0.513030	-0.910795	0.111958
2.480000	0.233190	-0.877718	0.461394	0.512837	-0.931180	0.087463
2.500000	0.516662	-0.762195	0.349553	0.512486	-0.951371	0.062960
2.520000	0.796917	-0.641020	0.234386	0.511962	-0.971168	0.038634
2.540000	1.069311	-0.516825	0.117827	0.511255	-0.990370	0.014673
2.560000	1.329200	-0.392241	0.001807	0.510349	-1.008774	-0.008738
2.580000	1.571942	-0.269897	-0.111742	0.509231	-1.026180	-0.031413
2.600000	1.792892	-0.152426	-0.220888	0.507889	-1.042387	-0.053167
2.620000	1.987406	-0.042456	-0.323697	0.506309	-1.057193	-0.073813
2.640000	2.150841	0.057380	-0.418239	0.504478	-1.070396	-0.093165
2.660000	2.278605	0.144478	-0.502600	0.502382	-1.081798	-0.111040
2.680000	2.368656	0.217506	-0.575811	0.500022	-1.091314	-0.127349
2.700000	2.422604	0.276951	-0.638258	0.497417	-1.099024	-0.142143
2.720000	2.442343	0.323443	-0.690428	0.494586	-1.105020	-0.155482
2.740000	2.429765	0.357612	-0.732811	0.491551	-1.109395	-0.167426
2.760000	2.386763	0.380088	-0.765896	0.488330	-1.112240	-0.178037
2.780000	2.315229	0.391499	-0.790171	0.484945	-1.113647	-0.187375
2.800000	2.217057	0.392476	-0.806125	0.481416	-1.113710	-0.195500
2.820000	2.094139	0.383647	-0.814247	0.477762	-1.112520	-0.202473
2.840000	1.948369	0.365643	-0.815027	0.474005	-1.110169	-0.208355
2.860000	1.781638	0.339092	-0.808952	0.470164	-1.106750	-0.213205
2.880000	1.595839	0.304625	-0.796512	0.466259	-1.102355	-0.217086
2.900000	1.392866	0.262870	-0.778195	0.462311	-1.097076	-0.220057
2.920000	1.174611	0.214458	-0.754491	0.458341	-1.091006	-0.222179
