0.000000	4.496108	3.281297	-1.410459	0.408060	-0.588934	0.068466
0.020000	4.511500	3.323504	-1.426771	0.407521	-0.585179	0.068936
0.040000	4.526337	3.364553	-1.442568	0.407006	-0.581512	0.069436
0.060000	4.540593	3.404388	-1.457828	0.406513	-0.577934	0.069966
0.080000	4.554246	3.442954	-1.472528	0.406043	-0.574448	0.070529
0.100000	4.567272	3.480196	-1.486648	0.405598	-0.571057	0.071125
0.120000	4.579646	3.516057	-1.500166	0.405176	-0.567765	0.071756
0.140000	4.591344	3.550482	-1.513060	0.404778	-0.564573	0.072423
0.160000	4.602344	3.583415	-1.525308	0.404405	-0.561486	0.073128
0.180000	4.612621	3.614802	-1.536888	0.404056	-0.558505	0.073871
0.200000	4.622151	3.644585	-1.547779	0.403733	-0.555633	0.074655
0.220000	4.630910	3.672711	-1.557959	0.403435	-0.552874	0.075480
0.240000	4.638875	3.699122	-1.567406	0.403163	-0.550231	0.076347
0.260000	4.646021	3.723765	-1.576099	0.402918	-0.547705	0.077259
0.280000	4.652325	3.746582	-1.584015	0.402698	-0.545301	0.078216
0.300000	4.657763	3.767518	-1.591133	0.402505	-0.543020	0.079220
0.320000	4.662311	3.786518	-1.597431	0.402339	-0.540866	0.080272
0.340000	4.665946	3.803527	-1.602888	0.402200	-0.538842	0.081373
0.360000	4.668642	3.818487	-1.607481	0.402089	-0.536951	0.082525
0.380000	4.670377	3.831345	-1.611189	0.402006	-0.535194	0.083729
0.400000	4.671127	3.842045	-1.613991	0.401951	-0.533576	0.084987
0.420000	4.670868	3.850530	-1.615864	0.401924	-0.532099	0.086299
0.440000	4.669575	3.856745	-1.616787	0.401926	-0.530766	0.087667
0.460000	4.667225	3.860635	-1.616737	0.401957	-0.529580	0.089093
0.480000	4.663795	3.862145	-1.615694	0.402018	-0.528543	0.090577
0.500000	4.659260	3.861217	-1.613636	0.402108	-0.527659	0.092122
0.520000	4.653597	3.857798	-1.610540	0.402228	-0.526931	0.093728
0.540000	4.646781	3.851830	-1.606385	0.402379	-0.526360	0.095396
0.560000	4.638789	3.843260	-1.601149	0.402560	-0.525951	0.097129
0.580000	4.629597	3.832031	-1.594811	0.402772	-0.525706	0.098927
0.600000	4.619181	3.818087	-1.587348	0.403015	-0.525628	0.100792
0.620000	4.607517	3.801373	-1.578739	0.403290	-0.525719	0.102724
0.640000	4.594581	3.781833	-1.568963	0.403596	-0.525983	0.104726
0.660000	4.580351	3.759412	-1.557997	0.403935	-0.526423	0.106799
0.680000	4.564800	3.734055	-1.545820	0.404306	-0.527041	0.108944
0.700000	4.547907	3.705704	-1.532410	0.404709	-0.527840	0.111162
0.720000	4.529646	3.674306	-1.517745	0.405146	-0.528823	0.113455
0.740000	4.509995	3.639805	-1.501804	0.405616	-0.529993	0.115823
0.760000	4.488928	3.602144	-1.484564	0.406120	-0.531353	0.118269
0.780000	4.466424	3.561268	-1.466005	0.406658	-0.532906	0.120794
0.800000	4.442456	3.517122	-1.446103	0.407229	-0.534654	0.123399
0.820000	4.417003	3.469650	-1.424839	0.407836	-0.536600	0.126085
0.840000	4.390039	3.418796	-1.402189	0.408477	-0.538748	0.128854
0.860000	4.361541	3.364506	-1.378132	0.409153	-0.541100	0.131706
0.880000	4.331485	3.306722	-1.352646	0.409865	-0.543659	0.134645
0.900000	4.299847	3.245391	-1.325710	0.410613	-0.546427	0.137669
0.920000	4.266604	3.180455	-1.297301	0.411396	-0.549409	0.140782
0.940000	4.231731	3.111860	-1.267399	0.412216	-0.552606	0.143984
0.960000	4.195205	3.039550	-1.235981	0.413073	-0.556021	0.147276
0.980000	4.157002	2.963469	-1.203025	0.413966	-0.559658	0.150661
1.000000	4.117098	2.883562	-1.168511	0.414897	-0.563519	0.154139
1.020000	4.075469	2.799773	-1.132415	0.415866	-0.567607	0.157711
1.040000	4.032091	2.712046	-1.094716	0.416872	-0.571925	0.161380
1.060000	3.986940	2.620327	-1.055394	0.417916	-0.576476	0.165145
1.080000	3.939993	2.524559	-1.014425	0.418999	-0.581262	0.169010
1.100000	3.891226	2.424687	-0.971788	0.420121	-0.586287	0.172974
1.120000	3.840614	2.320655	-0.927461	0.421282	-0.591554	0.177039
1.140000	3.788135	2.212407	-0.881423	0.422482	-0.597064	0.181207
1.160000	3.733763	2.099889	-0.833652	0.423722	-0.602822	0.185479
1.180000	3.677476	1.983044	-0.784126	0.425002	-0.608829	0.189857
1.200000	3.619250	1.861817	-0.732823	0.426322	-0.615090	0.194341
1.220000	3.559059	1.736152	-0.679721	0.427682	-0.621606	0.198932
1.240000	3.496882	1.605994	-0.624800	0.429084	-0.628381	0.203633
1.260000	3.432694	1.471343	-0.568061	0.430527	-0.635414	0.208445
1.280000	3.366483	1.332692	-0.509722	0.432008	-0.642687	0.213364
1.300000	3.298241	1.190786	-0.450111	0.433527	-0.650166	0.218388
1.320000	3.227958	1.046375	-0.389558	0.435079	-0.657821	0.223513
1.340000	3.155626	0.900208	-0.328390	0.436661	-0.665621	0.228736
1.360000	3.081238	0.753031	-0.266938	0.438272	-0.673533	0.234052
1.380000	3.004784	0.605596	-0.205531	0.439908	-0.681527	0.239458
1.400000	2.926257	0.458649	-0.144497	0.441566	-0.689571	0.244951
1.420000	2.845648	0.312940	-0.084167	0.443245	-0.697633	0.250527
1.440000	2.762948	0.169217	-0.024868	0.444940	-0.705682	0.256182
1.460000	2.678149	0.028229	0.033070	0.446649	-0.713687	0.261913
1.480000	2.591244	-0.109276	0.089317	0.448369	-0.721616	0.267715
1.500000	2.502223	-0.242548	0.143544	0.450099	-0.729437	0.273587
1.520000	2.411078	-0.370840	0.195424	0.451833	-0.737120	0.279523
1.540000	2.317801	-0.493402	0.244625	0.453571	-0.744633	0.285520
1.560000	2.222383	-0.609487	0.290820	0.455309	-0.751944	0.291575
1.580000	2.124816	-0.718345	0.333678	0.457045	-0.759022	0.297684
1.600000	2.025092	-0.819227	0.372872	0.458775	-0.765835	0.303844
1.620000	1.923202	-0.911386	0.408071	0.460497	-0.772353	0.310050
1.640000	1.819138	-0.994073	0.438947	0.462208	-0.778543	0.316300
1.660000	1.712892	-1.066538	0.465170	0.463905	-0.784374	0.322589
1.680000	1.604455	-1.128034	0.486411	0.465586	-0.789814	0.328913
1.700000	1.493818	-1.177812	0.502342	0.467247	-0.794833	0.335271
1.720000	1.380975	-1.215122	0.512633	0.468887	-0.799399	0.341657
1.740000	1.265915	-1.239217	0.516954	0.470501	-0.803480	0.348068
1.760000	1.148631	-1.249348	0.514978	0.472088	-0.807045	0.354500
1.780000	1.029114	-1.244767	0.506374	0.473645	-0.810063	0.360951
1.800000	0.907356	-1.224724	0.490813	0.475168	-0.812501	0.367416
1.820000	0.783343	-1.188733	0.468133	0.476651	-0.814330	0.373877
1.840000	0.657023	-1.137802	0.439113	0.478068	-0.815531	0.380237
1.860000	0.528336	-1.073463	0.404866	0.479385	-0.816086	0.386370
1.880000	0.397218	-0.997246	0.366505	0.480566	-0.815978	0.392150
1.900000	0.263608	-0.910686	0.325140	0.481578	-0.815190	0.397450
1.920000	0.127441	-0.815314	0.281886	0.482386	-0.813706	0.402145
1.940000	-0.011343	-0.712664	0.237855	0.482957	-0.811509	0.406109
1.960000	-0.152808	-0.604266	0.194159	0.483256	-0.808582	0.409215
1.980000	-0.297016	-0.491654	0.151911	0.483249	-0.804908	0.411338
2.000000	-0.444029	-0.376361	0.112223	0.482901	-0.800470	0.412352
2.020000	-0.593910	-0.259918	0.076208	0.482179	-0.795252	0.412131
2.040000	-0.746722	-0.143858	0.044978	0.481048	-0.789236	0.410548
2.060000	-0.902526	-0.029714	0.019646	0.479474	-0.782406	0.407478
2.080000	-1.061386	0.080982	0.001325	0.477423	-0.774744	0.402794
2.100000	-1.223364	0.186698	-0.008874	0.474861	-0.766235	0.396371
2.120000	-1.388522	0.285900	-0.009837	0.471753	-0.756861	0.388082
2.140000	-1.556879	0.377106	-0.000539	0.468070	-0.746614	0.377818
2.160000	-1.727875	0.459468	0.018898	0.463845	-0.735615	0.365672
2.180000	-1.900538	0.532598	0.047535	0.459158	-0.724070	0.351887
2.200000	-2.073888	0.596112	0.084415	0.454089	-0.712190	0.336706
2.220000	-2.246944	0.649630	0.128583	0.448717	-0.700186	0.320373
2.240000	-2.418725	0.692770	0.179082	0.443122	-0.688267	0.303133
2.260000	-2.588251	0.725151	0.234955	0.437384	-0.676644	0.285230
2.280000	-2.754540	0.746392	0.295246	0.431582	-0.665527	0.266907
2.300000	-2.916614	0.756110	0.359000	0.425797	-0.655127	0.248411
2.320000	-3.073490	0.753926	0.425259	0.420109	-0.645653	0.229983
2.340000	-3.224189	0.739456	0.493067	0.414596	-0.637316	0.211869
2.360000	-3.367729	0.712321	0.561468	0.409339	-0.630326	0.194313
2.380000	-3.503131	0.672138	0.629506	0.404418	-0.624894	0.177559
2.400000	-3.629413	0.618527	0.696225	0.399913	-0.621229	0.161851
2.420000	-3.745595	0.551105	0.760667	0.395903	-0.619542	0.147433
2.440000	-3.850696	0.469491	0.821877	0.392468	-0.620043	0.134550
2.460000	-3.943895	0.373731	0.878948	0.389672	-0.622888	0.123387
2.480000	-4.025094	0.265812	0.931207	0.387505	-0.627981	0.113861
2.500000	-4.094401	0.148271	0.978041	0.385938	-0.635158	0.105812
2.520000	-4.151923	0.023649	1.018843	0.384939	-0.644251	0.099082
2.540000	-4.197768	-0.105516	1.053001	0.384478	-0.655096	0.093511
2.560000	-4.232045	-0.236685	1.079907	0.384526	-0.667527	0.088940
2.580000	-4.254861	-0.367319	1.098949	0.385051	-0.681378	0.085209
2.600000	-4.266325	-0.494878	1.109518	0.386024	-0.696482	0.082160
2.620000	-4.266543	-0.616823	1.111005	0.387414	-0.712675	0.079634
2.640000	-4.255625	-0.730617	1.102799	0.389190	-0.729791	0.077470
2.660000	-4.233678	-0.833719	1.084290	0.391323	-0.747663	0.075511
2.680000	-4.200809	-0.923590	1.054869	0.393782	-0.766127	0.073595
2.700000	-4.157127	-0.997692	1.013926	0.396537	-0.785015	0.071566
2.720000	-4.102740	-1.053485	0.960850	0.399558	-0.804163	0.069262
2.740000	-4.037755	-1.088431	0.895032	0.402813	-0.823405	0.066525
