0.000000	-4.516629	-0.983920	0.725315	0.379853	-0.661238	0.132130
0.020000	-4.443189	-0.990787	0.613473	0.389846	-0.684920	0.133641
0.040000	-4.356810	-0.991411	0.493911	0.400397	-0.709715	0.135768
0.060000	-4.260421	-0.985543	0.369175	0.411317	-0.735223	0.138292
0.080000	-4.156952	-0.972931	0.241814	0.422414	-0.761044	0.140995
0.100000	-4.049331	-0.953326	0.114373	0.433497	-0.786778	0.143658
0.120000	-3.940488	-0.926477	-0.010600	0.444376	-0.812027	0.146063
0.140000	-3.833352	-0.892133	-0.130559	0.454859	-0.836389	0.147992
0.160000	-3.730853	-0.850045	-0.242956	0.464756	-0.859466	0.149226
0.180000	-3.635919	-0.799962	-0.345245	0.473876	-0.880857	0.149548
0.200000	-3.551443	-0.741643	-0.434905	0.482029	-0.900168	0.148741
0.220000	-3.478469	-0.675369	-0.510765	0.489150	-0.917248	0.146721
0.240000	-3.415341	-0.602181	-0.573618	0.495351	-0.932299	0.143594
0.260000	-3.360188	-0.523178	-0.624416	0.500756	-0.945554	0.139482
0.280000	-3.311141	-0.439460	-0.664110	0.505491	-0.957245	0.134506
0.300000	-3.266330	-0.352129	-0.693651	0.509682	-0.967603	0.128789
0.320000	-3.223884	-0.262283	-0.713989	0.513455	-0.976861	0.122452
0.340000	-3.181935	-0.171024	-0.726076	0.516934	-0.985249	0.115616
0.360000	-3.138612	-0.079451	-0.730862	0.520247	-0.993001	0.108404
0.380000	-3.092044	0.011335	-0.729299	0.523518	-1.000347	0.100936
0.400000	-3.040364	0.100235	-0.722336	0.526873	-1.007520	0.093336
0.420000	-2.981699	0.186147	-0.710925	0.530437	-1.014751	0.085723
0.440000	-2.914181	0.267971	-0.696018	0.534337	-1.022273	0.078221
0.460000	-2.835940	0.344608	-0.678564	0.538698	-1.030316	0.070950
0.480000	-2.745105	0.414958	-0.659515	0.543645	-1.039114	0.064033
0.500000	-2.639807	0.477919	-0.639821	0.549304	-1.048897	0.057590
0.520000	-2.518368	0.532496	-0.620388	0.555784	-1.059869	0.051736
0.540000	-2.381224	0.578830	-0.601625	0.563015	-1.071918	0.046487
0.560000	-2.230115	0.617770	-0.583635	0.570816	-1.084737	0.041802
0.580000	-2.066804	0.650171	-0.566513	0.579002	-1.098018	0.037638
0.600000	-1.893050	0.676892	-0.550357	0.587391	-1.111449	0.033954
0.620000	-1.710614	0.698789	-0.535264	0.595800	-1.124722	0.030706
0.640000	-1.521257	0.716720	-0.521332	0.604045	-1.137528	0.027852
0.660000	-1.326739	0.731542	-0.508657	0.611943	-1.149556	0.025350
0.680000	-1.128823	0.744112	-0.497337	0.619310	-1.160497	0.023158
0.700000	-0.929268	0.755288	-0.487469	0.625964	-1.170042	0.021233
0.720000	-0.729834	0.765926	-0.479150	0.631722	-1.177881	0.019532
0.740000	-0.532284	0.776883	-0.472477	0.636399	-1.183705	0.018013
0.760000	-0.338378	0.789018	-0.467548	0.639813	-1.187203	0.016634
0.780000	-0.149876	0.803187	-0.464459	0.641781	-1.188067	0.015353
0.800000	0.031461	0.820248	-0.463308	0.642119	-1.185987	0.014126
0.820000	0.203871	0.841057	-0.464193	0.640644	-1.180653	0.012912
0.840000	0.365626	0.866448	-0.467201	0.637177	-1.171766	0.011668
0.860000	0.516014	0.896432	-0.472160	0.631703	-1.159329	0.010390
0.880000	0.655552	0.930037	-0.478581	0.624399	-1.143714	0.009113
0.900000	0.784832	0.966229	-0.485957	0.615457	-1.125316	0.007875
0.920000	0.904443	1.003974	-0.493778	0.605066	-1.104528	0.006714
0.940000	1.014977	1.042240	-0.501537	0.593416	-1.081744	0.005671
0.960000	1.117024	1.079994	-0.508726	0.580698	-1.057357	0.004782
0.980000	1.211175	1.116202	-0.514837	0.567102	-1.031762	0.004086
1.000000	1.298020	1.149831	-0.519361	0.552817	-1.005353	0.003623
1.020000	1.378149	1.179849	-0.521792	0.538035	-0.978522	0.003430
1.040000	1.452154	1.205222	-0.521621	0.522946	-0.951664	0.003547
1.060000	1.520625	1.224917	-0.518339	0.507739	-0.925173	0.004011
1.080000	1.584153	1.237901	-0.511439	0.492605	-0.899442	0.004861
1.100000	1.643328	1.243141	-0.500414	0.477734	-0.874866	0.006135
1.120000	1.698740	1.239604	-0.484754	0.463317	-0.851837	0.007873
1.140000	1.750981	1.226256	-0.463952	0.449543	-0.830751	0.010113
1.160000	1.800644	1.202221	-0.437609	0.436592	-0.811961	0.012890
1.180000	1.848347	1.167950	-0.406270	0.424552	-0.795492	0.016221
1.200000	1.894722	1.124574	-0.370953	0.413467	-0.781199	0.020110
1.220000	1.940400	1.073227	-0.332684	0.403378	-0.768937	0.024561
1.240000	1.986012	1.015042	-0.292487	0.394326	-0.758560	0.029580
1.260000	2.032189	0.951154	-0.251386	0.386355	-0.749921	0.035172
1.280000	2.079564	0.882696	-0.210405	0.379506	-0.742876	0.041341
1.300000	2.128767	0.810804	-0.170569	0.373821	-0.737278	0.048092
1.320000	2.180430	0.736611	-0.132901	0.369341	-0.732982	0.055430
1.340000	2.235184	0.661252	-0.098427	0.366110	-0.729842	0.063359
1.360000	2.293661	0.585861	-0.068171	0.364169	-0.727712	0.071885
1.380000	2.356491	0.511571	-0.043156	0.363559	-0.726446	0.081012
1.400000	2.424306	0.439517	-0.024407	0.364324	-0.725899	0.090745
1.420000	2.497738	0.370834	-0.012949	0.366504	-0.725925	0.101089
1.440000	2.577417	0.306656	-0.009805	0.370143	-0.726378	0.112049
1.460000	2.663976	0.248116	-0.016000	0.375281	-0.727113	0.123629
1.480000	2.757977	0.196325	-0.032511	0.381955	-0.727985	0.135832
1.500000	2.858449	0.151851	-0.059222	0.390069	-0.728908	0.148615
1.520000	2.962882	0.114723	-0.094932	0.399394	-0.729847	0.161892
1.540000	3.068706	0.084944	-0.138392	0.409693	-0.730773	0.175572
1.560000	3.173345	0.062518	-0.188350	0.420734	-0.731653	0.189565
1.580000	3.274227	0.047451	-0.243558	0.432280	-0.732458	0.203782
1.600000	3.368778	0.039745	-0.302767	0.444097	-0.733156	0.218134
1.620000	3.454426	0.039406	-0.364727	0.455951	-0.733717	0.232530
1.640000	3.528597	0.046438	-0.428188	0.467606	-0.734110	0.246881
1.660000	3.588718	0.060844	-0.491900	0.478827	-0.734305	0.261096
1.680000	3.632215	0.082630	-0.554615	0.489380	-0.734270	0.275088
1.700000	3.656515	0.111799	-0.615083	0.499029	-0.733974	0.288765
1.720000	3.659046	0.148356	-0.672054	0.507541	-0.733387	0.302038
1.740000	3.637233	0.192305	-0.724278	0.514680	-0.732479	0.314817
1.760000	3.588504	0.243650	-0.770507	0.520211	-0.731218	0.327014
1.780000	3.511137	0.302163	-0.809746	0.523967	-0.729590	0.338555
1.800000	3.406937	0.366660	-0.842059	0.526057	-0.727652	0.349445
1.820000	3.278623	0.435705	-0.867783	0.526662	-0.725480	0.359706
1.840000	3.128911	0.507866	-0.887256	0.525965	-0.723147	0.369361
1.860000	2.960518	0.581707	-0.900816	0.524148	-0.720729	0.378432
1.880000	2.776162	0.655794	-0.908799	0.521390	-0.718300	0.386943
1.900000	2.578560	0.728695	-0.911543	0.517875	-0.715935	0.394916
1.920000	2.370430	0.798974	-0.909386	0.513784	-0.713710	0.402374
1.940000	2.154488	0.865198	-0.902665	0.509298	-0.711699	0.409339
1.960000	1.933453	0.925933	-0.891718	0.504598	-0.709976	0.415835
1.980000	1.710040	0.979745	-0.876881	0.499867	-0.708617	0.421883
2.000000	1.486969	1.025199	-0.858493	0.495287	-0.707697	0.427508
2.020000	1.266956	1.060862	-0.836890	0.491037	-0.707290	0.432730
2.040000	1.052718	1.085300	-0.812411	0.487301	-0.707471	0.437574
2.060000	0.846973	1.097079	-0.785392	0.484259	-0.708315	0.442062
2.080000	0.652438	1.094764	-0.756171	0.482094	-0.709896	0.446217
2.100000	0.471523	1.077105	-0.725055	0.480963	-0.712274	0.450052
2.120000	0.303831	1.044528	-0.692078	0.480817	-0.715357	0.453506
2.140000	0.147452	0.998357	-0.657123	0.481492	-0.718971	0.456475
2.160000	0.000466	0.939928	-0.620074	0.482824	-0.722945	0.458855
2.180000	-0.139050	0.870574	-0.580814	0.484648	-0.727104	0.460542
2.200000	-0.273018	0.791631	-0.539228	0.486800	-0.731277	0.461433
2.220000	-0.403360	0.704432	-0.495198	0.489116	-0.735289	0.461422
2.240000	-0.531998	0.610312	-0.448607	0.491432	-0.738968	0.460407
2.260000	-0.660853	0.510605	-0.399340	0.493583	-0.742140	0.458284
2.280000	-0.791849	0.406646	-0.347279	0.495406	-0.744633	0.454947
2.300000	-0.926906	0.299768	-0.292308	0.496735	-0.746273	0.450294
2.320000	-1.067947	0.191307	-0.234310	0.497407	-0.746887	0.444221
2.340000	-1.216893	0.082597	-0.173170	0.497257	-0.746302	0.436623
2.360000	-1.375668	-0.025028	-0.108769	0.496122	-0.744345	0.427397
2.380000	-1.546192	-0.130234	-0.040992	0.493836	-0.740844	0.416438
2.400000	-1.730388	-0.231686	0.030279	0.490235	-0.735623	0.403643
2.420000	-1.930085	-0.328086	0.105140	0.485164	-0.728521	0.388915
2.440000	-2.144766	-0.419025	0.183226	0.478646	-0.719612	0.372343
2.460000	-2.371446	-0.505033	0.263679	0.470903	-0.709220	0.354209
2.480000	-2.607026	-0.586685	0.345621	0.462161	-0.697682	0.334808
2.500000	-2.848405	-0.664555	0.428172	0.452649	-0.685335	0.314432
2.520000	-3.092481	-0.739216	0.510452	0.442595	-0.672517	0.293373
2.540000	-3.336154	-0.811245	0.591582	0.432227	-0.659563	0.271925
2.560000	-3.576322	-0.881214	0.670682	0.421773	-0.646810	0.250379
2.580000	-3.809885	-0.949698	0.746873	0.411461	-0.634596	0.229029
2.600000	-4.033743	-1.017271	0.819275	0.401518	-0.623258	0.208168
2.620000	-4.244793	-1.084508	0.887009	0.392174	-0.613131	0.188088
2.640000	-4.439935	-1.151983	0.949196	0.383656	-0.604553	0.169082
2.660000	-4.616069	-1.220270	1.004955	0.376192	-0.597861	0.151443
2.680000	-4.770094	-1.289943	1.053407	0.370011	-0.593391	0.135464
2.700000	-4.898908	-1.361577	1.093673	0.365340	-0.591481	0.121436
2.720000	-4.999410	-1.435746	1.124873	0.362407	-0.592466	0.109654
2.740000	-5.068938	-1.512812	1.146240	0.361406	-0.596637	0.100357
