0.000000	1.323232	0.377961	-1.102841	0.461212	-0.732905	0.398602
0.020000	1.269292	0.368230	-1.111248	0.460884	-0.735054	0.398648
0.040000	1.215868	0.359147	-1.119558	0.460582	-0.737157	0.398684
0.060000	1.163034	0.350741	-1.127766	0.460308	-0.739207	0.398713
0.080000	1.110862	0.343042	-1.135871	0.460063	-0.741202	0.398736
0.100000	1.059422	0.336078	-1.143869	0.459847	-0.743136	0.398757
0.120000	1.008788	0.329879	-1.151757	0.459661	-0.745005	0.398778
0.140000	0.959030	0.324474	-1.159532	0.459505	-0.746804	0.398802
0.160000	0.910221	0.319891	-1.167193	0.459382	-0.748528	0.398832
0.180000	0.862433	0.316160	-1.174735	0.459291	-0.750174	0.398869
0.200000	0.815737	0.313311	-1.182156	0.459234	-0.751737	0.398918
0.220000	0.770197	0.311365	-1.189452	0.459211	-0.753212	0.398979
0.240000	0.725819	0.310305	-1.196616	0.459221	-0.754601	0.399054
0.260000	0.682590	0.310099	-1.203637	0.459264	-0.755904	0.399142
0.280000	0.640494	0.310715	-1.210506	0.459340	-0.757123	0.399241
0.300000	0.599518	0.312119	-1.217213	0.459447	-0.758261	0.399352
0.320000	0.559646	0.314280	-1.223748	0.459585	-0.759318	0.399473
0.340000	0.520866	0.317164	-1.230101	0.459753	-0.760297	0.399605
0.360000	0.483163	0.320739	-1.236262	0.459951	-0.761200	0.399746
0.380000	0.446521	0.324973	-1.242223	0.460177	-0.762027	0.399896
0.400000	0.410928	0.329833	-1.247972	0.460431	-0.762781	0.400053
0.420000	0.376368	0.335285	-1.253501	0.460712	-0.763464	0.400219
0.440000	0.342828	0.341299	-1.258798	0.461020	-0.764077	0.400391
0.460000	0.310293	0.347841	-1.263856	0.461354	-0.764622	0.400569
0.480000	0.278748	0.354878	-1.268663	0.461713	-0.765101	0.400753
0.500000	0.248180	0.362379	-1.273210	0.462096	-0.765516	0.400942
0.520000	0.218574	0.370310	-1.277487	0.462503	-0.765867	0.401135
0.540000	0.189916	0.378639	-1.281485	0.462933	-0.766158	0.401332
0.560000	0.162191	0.387333	-1.285194	0.463385	-0.766389	0.401532
0.580000	0.135386	0.396360	-1.288603	0.463858	-0.766562	0.401734
0.600000	0.109486	0.405688	-1.291703	0.464353	-0.766680	0.401937
0.620000	0.084476	0.415282	-1.294484	0.464867	-0.766743	0.402142
0.640000	0.060342	0.425113	-1.296937	0.465401	-0.766754	0.402348
0.660000	0.037071	0.435145	-1.299052	0.465953	-0.766715	0.402553
0.680000	0.014647	0.445348	-1.300818	0.466523	-0.766626	0.402757
0.700000	-0.006944	0.455687	-1.302227	0.467111	-0.766491	0.402959
0.720000	-0.027715	0.466132	-1.303268	0.467715	-0.766309	0.403160
0.740000	-0.047682	0.476649	-1.303931	0.468335	-0.766084	0.403357
0.760000	-0.066858	0.487206	-1.304207	0.468969	-0.765817	0.403552
0.780000	-0.085258	0.497769	-1.304086	0.469618	-0.765510	0.403742
0.800000	-0.102897	0.508308	-1.303558	0.470281	-0.765164	0.403927
0.820000	-0.119787	0.518788	-1.302613	0.470957	-0.764782	0.404107
0.840000	-0.135945	0.529178	-1.301242	0.471645	-0.764364	0.404281
0.860000	-0.151384	0.539444	-1.299435	0.472344	-0.763913	0.404448
0.880000	-0.166118	0.549555	-1.297182	0.473054	-0.763430	0.404608
0.900000	-0.180162	0.559477	-1.294473	0.473774	-0.762917	0.404760
0.920000	-0.193529	0.569179	-1.291298	0.474503	-0.762377	0.404904
0.940000	-0.206235	0.578627	-1.287648	0.475241	-0.761809	0.405038
0.960000	-0.218294	0.587789	-1.283512	0.475987	-0.761217	0.405162
0.980000	-0.229720	0.596633	-1.278882	0.476740	-0.760603	0.405276
1.000000	-0.240527	0.605125	-1.273747	0.477499	-0.759966	0.405379
1.020000	-0.250729	0.613234	-1.268097	0.478265	-0.759311	0.405469
1.040000	-0.260342	0.620927	-1.261923	0.479035	-0.758637	0.405548
1.060000	-0.269378	0.628170	-1.255215	0.479809	-0.757948	0.405613
1.080000	-0.277853	0.634933	-1.247962	0.480587	-0.757244	0.405665
1.100000	-0.285781	0.641181	-1.240157	0.481368	-0.756528	0.405702
1.120000	-0.293176	0.646883	-1.231787	0.482151	-0.755801	0.405724
1.140000	-0.300052	0.652005	-1.222844	0.482935	-0.755064	0.405730
1.160000	-0.306424	0.656516	-1.213319	0.483720	-0.754321	0.405720
1.180000	-0.312306	0.660383	-1.203200	0.484505	-0.753572	0.405694
1.200000	-0.317712	0.663573	-1.192478	0.485290	-0.752818	0.405649
1.220000	-0.322657	0.666053	-1.181144	0.486072	-0.752063	0.405586
1.240000	-0.327155	0.667792	-1.169188	0.486853	-0.751307	0.405505
1.260000	-0.331220	0.668756	-1.156600	0.487631	-0.750553	0.405404
1.280000	-0.334867	0.668913	-1.143370	0.488405	-0.749801	0.405283
1.300000	-0.338109	0.668230	-1.129488	0.489175	-0.749054	0.405141
1.320000	-0.340962	0.666675	-1.114945	0.489940	-0.748314	0.404977
1.340000	-0.343439	0.664215	-1.099731	0.490699	-0.747582	0.404791
1.360000	-0.345555	0.660826	-1.083839	0.491451	-0.746859	0.404583
1.380000	-0.347329	0.656515	-1.067281	0.492197	-0.746147	0.404353
1.400000	-0.348778	0.651302	-1.050072	0.492936	-0.745444	0.404101
1.420000	-0.349920	0.645203	-1.032226	0.493668	-0.744751	0.403828
1.440000	-0.350774	0.638236	-1.013760	0.494392	-0.744067	0.403534
1.460000	-0.351358	0.630420	-0.994688	0.495108	-0.743393	0.403221
1.480000	-0.351691	0.621772	-0.975027	0.495817	-0.742728	0.402889
1.500000	-0.351791	0.612311	-0.954790	0.496517	-0.742072	0.402537
1.520000	-0.351676	0.602053	-0.933993	0.497209	-0.741425	0.402168
1.540000	-0.351364	0.591017	-0.912652	0.497892	-0.740788	0.401781
1.560000	-0.350874	0.579221	-0.890782	0.498566	-0.740159	0.401378
1.580000	-0.350224	0.566683	-0.868398	0.499231	-0.739538	0.400958
1.600000	-0.349432	0.553420	-0.845515	0.499886	-0.738927	0.400522
1.620000	-0.348517	0.539451	-0.822149	0.500532	-0.738323	0.400071
1.640000	-0.347497	0.524793	-0.798314	0.501168	-0.737728	0.399606
1.660000	-0.346390	0.509464	-0.774027	0.501793	-0.737142	0.399126
1.680000	-0.345214	0.493482	-0.749302	0.502409	-0.736563	0.398633
1.700000	-0.343989	0.476865	-0.724155	0.503013	-0.735993	0.398128
1.720000	-0.342731	0.459631	-0.698601	0.503606	-0.735430	0.397610
1.740000	-0.341461	0.441797	-0.672654	0.504189	-0.734875	0.397080
1.760000	-0.340194	0.423382	-0.646332	0.504760	-0.734328	0.396540
1.780000	-0.338951	0.404404	-0.619648	0.505319	-0.733788	0.395989
1.800000	-0.337750	0.384879	-0.592618	0.505866	-0.733256	0.395428
1.820000	-0.336608	0.364827	-0.565257	0.506401	-0.732731	0.394858
1.840000	-0.335544	0.344265	-0.537580	0.506924	-0.732213	0.394280
1.860000	-0.334576	0.323210	-0.509604	0.507434	-0.731702	0.393693
1.880000	-0.333723	0.301682	-0.481342	0.507931	-0.731198	0.393099
1.900000	-0.333003	0.279697	-0.452811	0.508415	-0.730701	0.392497
1.920000	-0.332434	0.257274	-0.424025	0.508885	-0.730211	0.391890
1.940000	-0.332035	0.234430	-0.395000	0.509342	-0.729727	0.391277
1.960000	-0.331823	0.211183	-0.365751	0.509785	-0.729249	0.390658
1.980000	-0.331818	0.187551	-0.336293	0.510214	-0.728778	0.390035
2.000000	-0.332037	0.163553	-0.306642	0.510628	-0.728314	0.389408
2.020000	-0.332499	0.139205	-0.276813	0.511028	-0.727855	0.388778
2.040000	-0.333222	0.114526	-0.246821	0.511413	-0.727402	0.388145
