0.000000	-4.632773	-0.522116	1.287024	0.415976	-0.752151	0.145958
0.020000	-4.625209	-0.515476	1.272459	0.429454	-0.800371	0.126317
0.040000	-4.589514	-0.511284	1.254050	0.444994	-0.853560	0.106406
0.060000	-4.527101	-0.509052	1.231914	0.462300	-0.910936	0.086358
0.080000	-4.439382	-0.508291	1.206168	0.481081	-0.971719	0.066306
0.100000	-4.327769	-0.508513	1.176932	0.501043	-1.035128	0.046383
0.120000	-4.193676	-0.509228	1.144322	0.521892	-1.100383	0.026723
0.140000	-4.038514	-0.509949	1.108458	0.543335	-1.166703	0.007458
0.160000	-3.863697	-0.510187	1.069456	0.565078	-1.233308	-0.011277
0.180000	-3.670638	-0.509454	1.027435	0.586829	-1.299418	-0.029351
0.200000	-3.460748	-0.507260	0.982513	0.608292	-1.364250	-0.046628
0.220000	-3.235440	-0.503118	0.934807	0.629177	-1.427026	-0.062978
0.240000	-2.996128	-0.496538	0.884436	0.649187	-1.486964	-0.078265
0.260000	-2.744223	-0.487032	0.831518	0.668032	-1.543285	-0.092357
0.280000	-2.481138	-0.474113	0.776171	0.685416	-1.595206	-0.105121
0.300000	-2.208286	-0.457290	0.718512	0.701046	-1.641948	-0.116423
0.320000	-1.927079	-0.436076	0.658659	0.714630	-1.682731	-0.126130
0.340000	-1.638930	-0.409982	0.596732	0.725873	-1.716773	-0.134109
0.360000	-1.345252	-0.378519	0.532846	0.734482	-1.743295	-0.140227
0.380000	-1.047457	-0.341199	0.467122	0.740164	-1.761514	-0.144350
0.400000	-0.746958	-0.297534	0.399675	0.742625	-1.770652	-0.146346
0.420000	-0.445167	-0.247034	0.330625	0.741572	-1.769928	-0.146080
0.440000	-0.143497	-0.189212	0.260090	0.736711	-1.758560	-0.143421
0.460000	0.156639	-0.123579	0.188186	0.727750	-1.735768	-0.138234
0.480000	0.453829	-0.049646	0.115033	0.714394	-1.700773	-0.130386
0.500000	0.746660	0.033076	0.040749	0.696350	-1.652792	-0.119744
0.520000	1.033720	0.125075	-0.034550	0.673325	-1.591046	-0.106175
0.540000	1.313595	0.226839	-0.110744	0.645026	-1.514754	-0.089546
0.560000	1.584874	0.338856	-0.187716	0.611158	-1.423136	-0.069723
0.580000	1.846144	0.461617	-0.265348	0.571428	-1.315410	-0.046574
0.600000	2.095992	0.595534	-0.343504	0.525578	-1.190890	-0.019983
0.620000	2.333024	0.737931	-0.421330	0.474760	-1.052708	0.009375
0.640000	2.555868	0.882011	-0.497011	0.422013	-0.909095	0.039776
0.660000	2.763188	1.020832	-0.568703	0.370443	-0.768466	0.069458
0.680000	2.954470	1.150883	-0.635503	0.321636	-0.635123	0.097522
0.700000	3.130050	1.272195	-0.697481	0.275607	-0.509113	0.123960
0.720000	3.290302	1.384967	-0.754747	0.232300	-0.390290	0.148807
0.740000	3.435602	1.489393	-0.807414	0.191658	-0.278508	0.172097
0.760000	3.566325	1.585671	-0.855596	0.153625	-0.173618	0.193862
0.780000	3.682846	1.673996	-0.899405	0.118144	-0.075475	0.214138
0.800000	3.785539	1.754565	-0.938953	0.085158	0.016070	0.232958
0.820000	3.874779	1.827574	-0.974354	0.054610	0.101161	0.250355
0.840000	3.950943	1.893219	-1.005719	0.026444	0.179948	0.266364
0.860000	4.014404	1.951697	-1.033161	0.000604	0.252576	0.281018
0.880000	4.065537	2.003204	-1.056793	-0.022968	0.319192	0.294351
0.900000	4.104718	2.047936	-1.076728	-0.044329	0.379944	0.306397
0.920000	4.132321	2.086090	-1.093078	-0.063534	0.434978	0.317190
0.940000	4.148722	2.117861	-1.105955	-0.080641	0.484441	0.326764
0.960000	4.154296	2.143446	-1.115473	-0.095706	0.528480	0.335152
0.980000	4.149417	2.163042	-1.121744	-0.108785	0.567242	0.342388
1.000000	4.134460	2.176844	-1.124880	-0.119937	0.600874	0.348507
1.020000	4.109801	2.185049	-1.124995	-0.129217	0.629523	0.353541
1.040000	4.075814	2.187854	-1.122200	-0.136681	0.653336	0.357525
1.060000	4.032874	2.185454	-1.116608	-0.142388	0.672460	0.360493
1.080000	3.981357	2.178045	-1.108333	-0.146392	0.687041	0.362478
1.100000	3.921637	2.165825	-1.097486	-0.148752	0.697227	0.363514
1.120000	3.854089	2.148989	-1.084180	-0.149523	0.703164	0.363635
1.140000	3.779088	2.127733	-1.068528	-0.148762	0.705000	0.362875
1.160000	3.697010	2.102254	-1.050643	-0.146527	0.702881	0.361268
1.180000	3.608229	2.072749	-1.030636	-0.142873	0.696954	0.358848
1.200000	3.513120	2.039413	-1.008621	-0.137857	0.687367	0.355647
1.220000	3.412058	2.002442	-0.984710	-0.131537	0.674265	0.351701
1.240000	3.305419	1.962034	-0.959016	-0.123968	0.657797	0.347043
1.260000	3.193576	1.918384	-0.931652	-0.115208	0.638109	0.341707
1.280000	3.076905	1.871689	-0.902729	-0.105312	0.615347	0.335726
1.300000	2.955782	1.822144	-0.872362	-0.094339	0.589659	0.329135
1.320000	2.830581	1.769947	-0.840661	-0.082344	0.561192	0.321967
1.340000	2.701676	1.715292	-0.807740	-0.069384	0.530093	0.314256
1.360000	2.569444	1.658378	-0.773712	-0.055515	0.496508	0.306036
1.380000	2.434258	1.599400	-0.738689	-0.040795	0.460584	0.297340
1.400000	2.296495	1.538554	-0.702783	-0.025281	0.422469	0.288204
1.420000	2.156528	1.476036	-0.666108	-0.009028	0.382310	0.278660
1.440000	2.014733	1.412043	-0.628776	0.007907	0.340252	0.268741
1.460000	1.871485	1.346772	-0.590899	0.025466	0.296444	0.258483
1.480000	1.727159	1.280418	-0.552590	0.043594	0.251032	0.247919
1.500000	1.582130	1.213177	-0.513962	0.062233	0.204162	0.237083
1.520000	1.436772	1.145247	-0.475127	0.081327	0.155983	0.226008
1.540000	1.291462	1.076822	-0.436199	0.100819	0.106641	0.214728
1.560000	1.146573	1.008101	-0.397288	0.120652	0.056282	0.203278
1.580000	1.002480	0.939278	-0.358509	0.140771	0.005054	0.191691
1.600000	0.859560	0.870550	-0.319974	0.161117	-0.046896	0.180000
1.620000	0.718186	0.802114	-0.281795	0.181635	-0.099422	0.168240
1.640000	0.578734	0.734165	-0.244085	0.202267	-0.152376	0.156444
1.660000	0.441578	0.666900	-0.206957	0.222958	-0.205612	0.144647
1.680000	0.307094	0.600516	-0.170522	0.243650	-0.258983	0.132882
1.700000	0.175657	0.535208	-0.134895	0.264287	-0.312341	0.121183
1.720000	0.047641	0.471172	-0.100187	0.284812	-0.365540	0.109583
1.740000	-0.076579	0.408606	-0.066511	0.305168	-0.418433	0.098118
1.760000	-0.196627	0.347705	-0.033979	0.325299	-0.470873	0.086819
1.780000	-0.312128	0.288666	-0.002705	0.345148	-0.522714	0.075722
1.800000	-0.422708	0.231685	0.027199	0.364658	-0.573807	0.064860
1.820000	-0.527992	0.176958	0.055621	0.383773	-0.624007	0.054266
1.840000	-0.627604	0.124682	0.082448	0.402436	-0.673166	0.043976
1.860000	-0.721170	0.075052	0.107567	0.420590	-0.721137	0.034022
1.880000	-0.808314	0.028265	0.130866	0.438179	-0.767774	0.024438
1.900000	-0.888662	-0.015482	0.152233	0.455146	-0.812929	0.015258
1.920000	-0.961839	-0.055994	0.171553	0.471434	-0.856456	0.006517
1.940000	-1.027469	-0.093073	0.188716	0.486987	-0.898208	-0.001753
1.960000	-1.085179	-0.126525	0.203608	0.501748	-0.938037	-0.009517
1.980000	-1.134592	-0.156152	0.216117	0.515660	-0.975797	-0.016742
2.000000	-1.175333	-0.181758	0.226129	0.528667	-1.011342	-0.023393
2.020000	-1.207029	-0.203148	0.233534	0.540711	-1.044523	-0.029437
2.040000	-1.229312	-0.220128	0.238219	0.551738	-1.075197	-0.034841
2.060000	-1.242120	-0.232656	0.240165	0.561729	-1.103316	-0.039595
2.080000	-1.245781	-0.240880	0.239463	0.570717	-1.128956	-0.043721
2.100000	-1.240647	-0.244962	0.236213	0.578736	-1.152201	-0.047239
2.120000	-1.227070	-0.245060	0.230515	0.585820	-1.173134	-0.050174
2.140000	-1.205402	-0.241336	0.222467	0.592004	-1.191840	-0.052548
2.160000	-1.175996	-0.233950	0.212170	0.597322	-1.208401	-0.054383
2.180000	-1.139202	-0.223061	0.199723	0.601809	-1.222901	-0.055703
2.200000	-1.095375	-0.208832	0.185226	0.605499	-1.235425	-0.056529
2.220000	-1.044864	-0.191421	0.168778	0.608427	-1.246055	-0.056885
2.240000	-0.988024	-0.170990	0.150478	0.610628	-1.254876	-0.056793
2.260000	-0.925205	-0.147699	0.130427	0.612135	-1.261971	-0.056275
2.280000	-0.856760	-0.121707	0.108723	0.612984	-1.267424	-0.055356
2.300000	-0.783041	-0.093176	0.085467	0.613209	-1.271319	-0.054056
2.320000	-0.704401	-0.062266	0.060757	0.612844	-1.273739	-0.052399
2.340000	-0.621191	-0.029137	0.034694	0.611924	-1.274768	-0.050407
2.360000	-0.533763	0.006050	0.007377	0.610483	-1.274490	-0.048103
2.380000	-0.442469	0.043135	-0.021095	0.608556	-1.272987	-0.045510
2.400000	-0.347663	0.081958	-0.050623	0.606178	-1.270345	-0.042650
2.420000	-0.249695	0.122358	-0.081105	0.603383	-1.266647	-0.039546
2.440000	-0.148918	0.164176	-0.112444	0.600205	-1.261976	-0.036221
2.460000	-0.045684	0.207249	-0.144539	0.596679	-1.256416	-0.032697
2.480000	0.059655	0.251419	-0.177291	0.592839	-1.250052	-0.028996
2.500000	0.166746	0.296525	-0.210601	0.588721	-1.242965	-0.025143
2.520000	0.275238	0.342406	-0.244369	0.584358	-1.235241	-0.021158
2.540000	0.384779	0.388902	-0.278494	0.579785	-1.226962	-0.017066
2.560000	0.495016	0.435852	-0.312879	0.575037	-1.218214	-0.012888
2.580000	0.605597	0.483097	-0.347423	0.570147	-1.209078	-0.008646
2.600000	0.716171	0.530476	-0.382027	0.565152	-1.199640	-0.004365
2.620000	0.826384	0.577828	-0.416591	0.560084	-1.189982	-0.000066
2.640000	0.935886	0.624994	-0.451016	0.554978	-1.180188	0.004227
2.660000	1.044323	0.671812	-0.485202	0.549870	-1.170343	0.008493
2.680000	1.151343	0.718122	-0.519049	0.544794	-1.160529	0.012709
2.700000	1.256596	0.763765	-0.552459	0.539783	-1.150830	0.016852
2.720000	1.359728	0.808579	-0.585331	0.534873	-1.141331	0.020899
2.740000	1.460483	0.852448	-0.617593	0.530089	-1.132092	0.024834
2.760000	1.558846	0.895360	-0.649238	0.525433	-1.123120	0.028655
2.780000	1.654837	0.937322	-0.680270	0.520905	-1.114411	0.032365
2.800000	1.748477	0.978339	-0.710693	0.516502	-1.105964	0.035963
2.820000	1.839787	1.018419	-0.740510	0.512224	-1.097776	0.039452
2.840000	1.928788	1.057566	-0.769725	0.508070	-1.089843	0.042833
2.860000	2.015500	1.095786	-0.798342	0.504039	-1.082164	0.046106
2.880000	2.099945	1.133087	-0.826364	0.500129	-1.074736	0.049273
2.900000	2.182143	1.169473	-0.853795	0.496339	-1.067556	0.052335
2.920000	2.262115	1.204951	-0.880639	0.492668	-1.060622	0.055294
2.940000	2.339882	1.239527	-0.906900	0.489115	-1.053931	0.058150
2.960000	2.415465	1.273206	-0.932581	0.485679	-1.047480	0.060905
2.980000	2.488884	1.305995	-0.957686	0.482358	-1.041267	0.063560
3.000000	2.560161	1.337900	-0.982219	0.479152	-1.035290	0.066116
3.020000	2.629316	1.368927	-1.006183	0.476060	-1.029545	0.068574
3.040000	2.696370	1.399082	-1.029583	0.473079	-1.024030	0.070937
3.060000	2.761344	1.428370	-1.052421	0.470210	-1.018742	0.073204
3.080000	2.824259	1.456798	-1.074702	0.467450	-1.013680	0.075377
3.100000	2.885136	1.484372	-1.096430	0.464799	-1.008839	0.077457
3.120000	2.943995	1.511098	-1.117607	0.462256	-1.004218	0.079445
3.140000	3.000858	1.536982	-1.138238	0.459819	-0.999814	0.081344
3.160000	3.055745	1.562029	-1.158327	0.457487	-0.995625	0.083153
3.180000	3.108676	1.586247	-1.177877	0.455260	-0.991647	0.084874
3.200000	3.159674	1.609640	-1.196891	0.453135	-0.987879	0.086509
3.220000	3.208759	1.632215	-1.215375	0.451113	-0.984317	0.088058
3.240000	3.255951	1.653978	-1.233330	0.449191	-0.980959	0.089523
3.260000	3.301271	1.674935	-1.250762	0.447368	-0.977802	0.090904
3.280000	3.344741	1.695092	-1.267674	0.445644	-0.974844	0.092204
3.300000	3.386380	1.714455	-1.284069	0.444017	-0.972083	0.093423
