0.000000	-2.518039	-0.301651	0.324395	0.523623	-1.137736	-0.168589
0.020000	-2.354820	-0.234365	0.279255	0.524226	-1.143023	-0.172422
0.040000	-2.182778	-0.165261	0.232209	0.524906	-1.148656	-0.176123
0.060000	-2.002971	-0.094614	0.183483	0.525654	-1.154602	-0.179698
0.080000	-1.816457	-0.022698	0.133300	0.526463	-1.160829	-0.183158
0.100000	-1.624294	0.050210	0.081884	0.527326	-1.167303	-0.186510
0.120000	-1.427538	0.123836	0.029459	0.528235	-1.173993	-0.189764
0.140000	-1.227248	0.197904	-0.023750	0.529184	-1.180864	-0.192926
0.160000	-1.024482	0.272140	-0.077521	0.530163	-1.187885	-0.196007
0.180000	-0.820296	0.346269	-0.131628	0.531166	-1.195023	-0.199015
0.200000	-0.615749	0.420014	-0.185849	0.532186	-1.202244	-0.201957
0.220000	-0.411899	0.493101	-0.239958	0.533215	-1.209517	-0.204843
0.240000	-0.209803	0.565255	-0.293733	0.534245	-1.216807	-0.207681
0.260000	-0.010518	0.636201	-0.346948	0.535269	-1.224084	-0.210480
0.280000	0.184897	0.705664	-0.399380	0.536279	-1.231313	-0.213248
0.300000	0.375386	0.773367	-0.450805	0.537269	-1.238461	-0.215993
0.320000	0.559889	0.839037	-0.500999	0.538230	-1.245497	-0.218725
0.340000	0.737400	0.902411	-0.549748	0.539155	-1.252389	-0.221451
0.360000	0.907554	0.963397	-0.596973	0.540042	-1.259123	-0.224173
0.380000	1.070445	1.022024	-0.642689	0.540891	-1.265701	-0.226892
0.400000	1.226176	1.078324	-0.686914	0.541703	-1.272123	-0.229605
0.420000	1.374849	1.132328	-0.729666	0.542477	-1.278389	-0.232311
0.440000	1.516568	1.184067	-0.770962	0.543215	-1.284500	-0.235009
0.460000	1.651435	1.233574	-0.810819	0.543917	-1.290457	-0.237698
0.480000	1.779552	1.280878	-0.849257	0.544584	-1.296260	-0.240377
0.500000	1.901024	1.326013	-0.886291	0.545215	-1.301910	-0.243044
0.520000	2.015952	1.369009	-0.921939	0.545812	-1.307407	-0.245699
0.540000	2.124439	1.409897	-0.956220	0.546374	-1.312753	-0.248339
0.560000	2.226588	1.448709	-0.989151	0.546903	-1.317947	-0.250963
0.580000	2.322502	1.485477	-1.020749	0.547399	-1.322990	-0.253572
0.600000	2.412284	1.520232	-1.051032	0.547862	-1.327883	-0.256162
0.620000	2.496037	1.553004	-1.080017	0.548293	-1.332627	-0.258734
0.640000	2.573862	1.583827	-1.107723	0.548692	-1.337222	-0.261285
0.660000	2.645864	1.612731	-1.134166	0.549060	-1.341668	-0.263814
0.680000	2.712144	1.639747	-1.159365	0.549397	-1.345967	-0.266321
0.700000	2.772806	1.664908	-1.183337	0.549704	-1.350118	-0.268804
0.720000	2.827952	1.688243	-1.206100	0.549981	-1.354123	-0.271262
0.740000	2.877685	1.709786	-1.227670	0.550229	-1.357982	-0.273693
0.760000	2.922109	1.729567	-1.248067	0.550448	-1.361696	-0.276097
0.780000	2.961325	1.747617	-1.267307	0.550638	-1.365265	-0.278472
0.800000	2.995437	1.763969	-1.285408	0.550801	-1.368690	-0.280817
0.820000	3.024547	1.778653	-1.302387	0.550936	-1.371971	-0.283130
0.840000	3.048758	1.791701	-1.318263	0.551044	-1.375109	-0.285411
0.860000	3.068173	1.803145	-1.333052	0.551126	-1.378105	-0.287658
0.880000	3.082895	1.813015	-1.346773	0.551182	-1.380959	-0.289870
0.900000	3.093026	1.821343	-1.359443	0.551212	-1.383672	-0.292046
0.920000	3.098670	1.828161	-1.371079	0.551217	-1.386245	-0.294184
0.940000	3.099928	1.833501	-1.381700	0.551198	-1.388677	-0.296284
0.960000	3.096905	1.837392	-1.391322	0.551155	-1.390971	-0.298344
0.980000	3.089702	1.839868	-1.399964	0.551088	-1.393125	-0.300362
1.000000	3.078422	1.840959	-1.407643	0.550997	-1.395141	-0.302338
1.020000	3.063169	1.840696	-1.414376	0.550885	-1.397020	-0.304270
1.040000	3.044045	1.839112	-1.420182	0.550750	-1.398762	-0.306158
1.060000	3.021152	1.836238	-1.425077	0.550593	-1.400368	-0.307999
1.080000	2.994595	1.832104	-1.429080	0.550415	-1.401837	-0.309793
1.100000	2.964474	1.826743	-1.432208	0.550217	-1.403172	-0.311538
1.120000	2.930894	1.820186	-1.434479	0.549998	-1.404372	-0.313234
1.140000	2.893957	1.812464	-1.435909	0.549760	-1.405438	-0.314879
1.160000	2.853765	1.803608	-1.436518	0.549502	-1.406371	-0.316471
1.180000	2.810422	1.793651	-1.436322	0.549225	-1.407171	-0.318010
1.200000	2.764030	1.782624	-1.435339	0.548930	-1.407839	-0.319494
1.220000	2.714693	1.770557	-1.433586	0.548618	-1.408375	-0.320922
1.240000	2.662512	1.757483	-1.431082	0.548287	-1.408780	-0.322293
1.260000	2.607591	1.743433	-1.427843	0.547940	-1.409055	-0.323605
1.280000	2.550033	1.728438	-1.423888	0.547577	-1.409201	-0.324858
1.300000	2.489939	1.712529	-1.419234	0.547198	-1.409217	-0.326050
1.320000	2.427414	1.695739	-1.413899	0.546803	-1.409104	-0.327180
1.340000	2.362560	1.678098	-1.407900	0.546393	-1.408864	-0.328246
1.360000	2.295479	1.659638	-1.401255	0.545969	-1.408496	-0.329248
1.380000	2.226275	1.640391	-1.393981	0.545530	-1.408002	-0.330184
1.400000	2.155050	1.620387	-1.386096	0.545078	-1.407381	-0.331053
1.420000	2.081907	1.599658	-1.377617	0.544614	-1.406635	-0.331854
1.440000	2.006949	1.578236	-1.368563	0.544136	-1.405764	-0.332585
1.460000	1.930278	1.556152	-1.358951	0.543646	-1.404768	-0.333246
1.480000	1.851998	1.533438	-1.348798	0.543145	-1.403649	-0.333834
1.500000	1.772211	1.510125	-1.338123	0.542633	-1.402407	-0.334350
1.520000	1.691020	1.486243	-1.326941	0.542110	-1.401042	-0.334791
1.540000	1.608528	1.461826	-1.315272	0.541576	-1.399555	-0.335156
1.560000	1.524837	1.436904	-1.303133	0.541033	-1.397947	-0.335444
1.580000	1.440050	1.411508	-1.290542	0.540481	-1.396218	-0.335654
1.600000	1.354271	1.385670	-1.277515	0.539920	-1.394369	-0.335785
1.620000	1.267601	1.359422	-1.264071	0.539351	-1.392400	-0.335836
1.640000	1.180145	1.332795	-1.250227	0.538774	-1.390312	-0.335804
1.660000	1.092003	1.305820	-1.236001	0.538189	-1.388106	-0.335689
1.680000	1.003280	1.278528	-1.221411	0.537598	-1.385783	-0.335491
1.700000	0.914078	1.250952	-1.206473	0.537001	-1.383342	-0.335206
1.720000	0.824500	1.223123	-1.191207	0.536397	-1.380784	-0.334835
1.740000	0.734649	1.195071	-1.175628	0.535788	-1.378111	-0.334376
1.760000	0.644627	1.166828	-1.159755	0.535175	-1.375322	-0.333827
1.780000	0.554537	1.138427	-1.143606	0.534556	-1.372419	-0.333189
1.800000	0.464482	1.109898	-1.127198	0.533934	-1.369401	-0.332458
1.820000	0.374565	1.081272	-1.110548	0.533308	-1.366270	-0.331635
1.840000	0.284889	1.052581	-1.093675	0.532680	-1.363026	-0.330717
1.860000	0.195556	1.023857	-1.076595	0.532048	-1.359669	-0.329705
1.880000	0.106669	0.995131	-1.059327	0.531415	-1.356201	-0.328595
1.900000	0.018331	0.966435	-1.041888	0.530780	-1.352622	-0.327388
1.920000	-0.069356	0.937799	-1.024296	0.530144	-1.348932	-0.326082
1.940000	-0.156287	0.909255	-1.006568	0.529508	-1.345132	-0.324675
1.960000	-0.242362	0.880835	-0.988721	0.528871	-1.341222	-0.323167
1.980000	-0.327476	0.852570	-0.970775	0.528234	-1.337204	-0.321556
2.000000	-0.411527	0.824491	-0.952745	0.527599	-1.333078	-0.319841
2.020000	-0.494413	0.796630	-0.934650	0.526965	-1.328844	-0.318021
2.040000	-0.576030	0.769019	-0.916507	0.526332	-1.324504	-0.316094
2.060000	-0.656276	0.741688	-0.898334	0.525702	-1.320057	-0.314060
2.080000	-0.735048	0.714670	-0.880148	0.525074	-1.315504	-0.311917
2.100000	-0.812243	0.687995	-0.861968	0.524450	-1.310846	-0.309664
2.120000	-0.887758	0.661695	-0.843810	0.523829	-1.306083	-0.307299
2.140000	-0.961491	0.635801	-0.825692	0.523213	-1.301217	-0.304822
2.160000	-1.033339	0.610346	-0.807633	0.522601	-1.296247	-0.302231
2.180000	-1.103198	0.585359	-0.789648	0.521994	-1.291174	-0.299525
2.200000	-1.170967	0.560873	-0.771757	0.521393	-1.286000	-0.296702
2.220000	-1.236543	0.536920	-0.753977	0.520798	-1.280723	-0.293762
2.240000	-1.299822	0.513530	-0.736324	0.520210	-1.275346	-0.290703
2.260000	-1.360702	0.490735	-0.718818	0.519628	-1.269869	-0.287525
2.280000	-1.419079	0.468566	-0.701475	0.519054	-1.264291	-0.284225
2.300000	-1.474853	0.447055	-0.684313	0.518488	-1.258615	-0.280802
2.320000	-1.527918	0.426233	-0.667350	0.517931	-1.252840	-0.277256
2.340000	-1.578173	0.406132	-0.650603	0.517382	-1.246967	-0.273585
2.360000	-1.625516	0.386784	-0.634090	0.516843	-1.240996	-0.269788
2.380000	-1.669842	0.368218	-0.617828	0.516314	-1.234929	-0.265864
2.400000	-1.711049	0.350468	-0.601836	0.515796	-1.228766	-0.261810
2.420000	-1.749036	0.333563	-0.586130	0.515288	-1.222507	-0.257628
2.440000	-1.783697	0.317537	-0.570728	0.514791	-1.216153	-0.253313
2.460000	-1.814932	0.302420	-0.555649	0.514306	-1.209705	-0.248867
2.480000	-1.842637	0.288243	-0.540908	0.513834	-1.203163	-0.244287
2.500000	-1.866709	0.275039	-0.526525	0.513374	-1.196528	-0.239573
2.520000	-1.887046	0.262838	-0.512517	0.512928	-1.189800	-0.234722
2.540000	-1.903545	0.251671	-0.498900	0.512495	-1.182980	-0.229734
2.560000	-1.916103	0.241571	-0.485694	0.512077	-1.176069	-0.224608
2.580000	-1.924617	0.232569	-0.472915	0.511673	-1.169068	-0.219342
2.600000	-1.928984	0.224696	-0.460582	0.511285	-1.161976	-0.213935
2.620000	-1.929102	0.217984	-0.448710	0.510912	-1.154794	-0.208386
2.640000	-1.924868	0.212463	-0.437320	0.510555	-1.147524	-0.202693
2.660000	-1.916178	0.208166	-0.426427	0.510215	-1.140165	-0.196856
2.680000	-1.902934	0.205123	-0.416049	0.509892	-1.132718	-0.190873
2.700000	-1.885124	0.203339	-0.406194	0.509586	-1.125187	-0.184746
2.720000	-1.862868	0.202779	-0.396857	0.509296	-1.117574	-0.178478
2.740000	-1.836296	0.203408	-0.388029	0.509023	-1.109885	-0.172076
2.760000	-1.805536	0.205190	-0.379704	0.508765	-1.102125	-0.165543
2.780000	-1.770716	0.208088	-0.371875	0.508521	-1.094298	-0.158884
2.800000	-1.731965	0.212065	-0.364535	0.508292	-1.086409	-0.152105
2.820000	-1.689413	0.217087	-0.357677	0.508077	-1.078464	-0.145210
2.840000	-1.643188	0.223116	-0.351294	0.507874	-1.070466	-0.138204
2.860000	-1.593418	0.230116	-0.345379	0.507684	-1.062420	-0.131092
2.880000	-1.540233	0.238051	-0.339925	0.507505	-1.054332	-0.123879
2.900000	-1.483761	0.246886	-0.334925	0.507338	-1.046206	-0.116569
