0.000000	-5.346698	-1.072924	0.808420	0.313963	-0.705620	0.028576
0.020000	-5.414561	-1.134452	0.791964	0.309859	-0.708713	0.012305
0.040000	-5.463300	-1.193537	0.769434	0.307278	-0.714028	-0.002697
0.060000	-5.489514	-1.247628	0.738070	0.306394	-0.721780	-0.016220
0.080000	-5.490783	-1.294698	0.695937	0.307309	-0.732091	-0.028126
0.100000	-5.467896	-1.334435	0.643812	0.309893	-0.744764	-0.038513
0.120000	-5.422298	-1.366874	0.583029	0.313970	-0.759542	-0.047532
0.140000	-5.355437	-1.392054	0.514921	0.319361	-0.776164	-0.055330
0.160000	-5.268761	-1.410012	0.440822	0.325890	-0.794372	-0.062057
0.180000	-5.163716	-1.420786	0.362066	0.333379	-0.813908	-0.067861
0.200000	-5.041749	-1.424413	0.279986	0.341651	-0.834510	-0.072891
0.220000	-4.904309	-1.420930	0.195917	0.350529	-0.855922	-0.077297
0.240000	-4.752841	-1.410376	0.111190	0.359834	-0.877883	-0.081227
0.260000	-4.588792	-1.392787	0.027142	0.369390	-0.900134	-0.084830
0.280000	-4.413611	-1.368202	-0.054896	0.379020	-0.922417	-0.088254
0.300000	-4.228744	-1.336657	-0.133590	0.388546	-0.944473	-0.091650
0.320000	-4.035638	-1.298190	-0.207605	0.397791	-0.966041	-0.095164
0.340000	-3.835740	-1.252839	-0.275608	0.406577	-0.986864	-0.098947
0.360000	-3.630497	-1.200642	-0.336265	0.414727	-1.006681	-0.103148
0.380000	-3.421357	-1.141634	-0.388243	0.422064	-1.025235	-0.107914
0.400000	-3.209730	-1.075949	-0.430391	0.428438	-1.042298	-0.113373
0.420000	-2.996766	-1.004386	-0.462857	0.433886	-1.057878	-0.119489
0.440000	-2.783500	-0.928032	-0.486354	0.438532	-1.072080	-0.126157
0.460000	-2.570969	-0.847979	-0.501594	0.442497	-1.085014	-0.133272
0.480000	-2.360209	-0.765316	-0.509292	0.445904	-1.096786	-0.140727
0.500000	-2.152256	-0.681134	-0.510163	0.448875	-1.107504	-0.148419
0.520000	-1.948146	-0.596523	-0.504920	0.451531	-1.117276	-0.156242
0.540000	-1.748914	-0.512572	-0.494277	0.453995	-1.126210	-0.164089
0.560000	-1.555598	-0.430372	-0.478950	0.456390	-1.134413	-0.171857
0.580000	-1.369232	-0.351012	-0.459651	0.458836	-1.141993	-0.179438
0.600000	-1.190852	-0.275584	-0.437095	0.461457	-1.149058	-0.186729
0.620000	-1.021496	-0.205177	-0.411996	0.464374	-1.155715	-0.193623
0.640000	-0.862198	-0.140880	-0.385069	0.467710	-1.162072	-0.200016
0.660000	-0.713994	-0.083785	-0.357026	0.471587	-1.168236	-0.205801
0.680000	-0.577921	-0.034982	-0.328583	0.476126	-1.174316	-0.210874
0.700000	-0.454830	0.004593	-0.300435	0.481433	-1.180405	-0.215139
0.720000	-0.343776	0.035471	-0.273102	0.487442	-1.186466	-0.218588
0.740000	-0.242810	0.059008	-0.247003	0.493990	-1.192387	-0.221267
0.760000	-0.149971	0.076571	-0.222558	0.500917	-1.198056	-0.223220
0.780000	-0.063301	0.089527	-0.200186	0.508059	-1.203361	-0.224492
0.800000	0.019164	0.099239	-0.180305	0.515254	-1.208188	-0.225127
0.820000	0.099382	0.107076	-0.163335	0.522341	-1.212426	-0.225170
0.840000	0.179314	0.114401	-0.149694	0.529156	-1.215963	-0.224666
0.860000	0.260920	0.122583	-0.139802	0.535537	-1.218686	-0.223659
0.880000	0.346162	0.132986	-0.134078	0.541322	-1.220482	-0.222195
0.900000	0.437000	0.146976	-0.132940	0.546349	-1.221240	-0.220317
0.920000	0.535393	0.165919	-0.136809	0.550455	-1.220847	-0.218071
0.940000	0.643304	0.191181	-0.146102	0.553477	-1.219191	-0.215502
0.960000	0.762691	0.224129	-0.161239	0.555255	-1.216159	-0.212653
0.980000	0.895516	0.266128	-0.182638	0.555624	-1.211639	-0.209570
1.000000	1.043739	0.318543	-0.210720	0.554424	-1.205519	-0.206298
1.020000	1.209320	0.382742	-0.245902	0.551491	-1.197686	-0.202880
1.040000	1.394194	0.460070	-0.288596	0.546665	-1.188029	-0.199362
1.060000	1.598332	0.550474	-0.338584	0.539924	-1.176539	-0.195758
1.080000	1.818413	0.651545	-0.394596	0.531480	-1.163375	-0.192030
1.100000	2.050799	0.760650	-0.455258	0.521566	-1.148713	-0.188138
1.120000	2.291854	0.875158	-0.519201	0.510415	-1.132728	-0.184040
1.140000	2.537942	0.992436	-0.585052	0.498261	-1.115597	-0.179694
1.160000	2.785426	1.109851	-0.651439	0.485338	-1.097495	-0.175059
1.180000	3.030669	1.224771	-0.716992	0.471878	-1.078597	-0.170094
1.200000	3.270034	1.334564	-0.780338	0.458116	-1.059081	-0.164757
1.220000	3.499886	1.436596	-0.840105	0.444284	-1.039121	-0.159007
1.240000	3.716588	1.528236	-0.894922	0.430616	-1.018894	-0.152801
1.260000	3.916502	1.606850	-0.943418	0.417345	-0.998575	-0.146100
1.280000	4.095993	1.669807	-0.984221	0.404706	-0.978340	-0.138861
1.300000	4.251424	1.714474	-1.015959	0.392931	-0.958364	-0.131042
1.320000	4.379158	1.738218	-1.037260	0.382253	-0.938824	-0.122603
1.340000	4.475568	1.738416	-1.046757	0.372907	-0.919895	-0.113502
1.360000	4.538837	1.714000	-1.043910	0.365035	-0.901711	-0.103718
1.380000	4.571058	1.667277	-1.029963	0.358588	-0.884311	-0.093276
1.400000	4.574838	1.600992	-1.006395	0.353493	-0.867726	-0.082205
1.420000	4.552784	1.517891	-0.974686	0.349674	-0.851983	-0.070535
1.440000	4.507502	1.420719	-0.936316	0.347058	-0.837111	-0.058296
1.460000	4.441597	1.312222	-0.892762	0.345570	-0.823140	-0.045518
1.480000	4.357677	1.195146	-0.845504	0.345137	-0.810098	-0.032230
1.500000	4.258346	1.072236	-0.796021	0.345683	-0.798015	-0.018463
1.520000	4.146212	0.946239	-0.745793	0.347134	-0.786918	-0.004247
1.540000	4.023882	0.819899	-0.696298	0.349416	-0.776837	0.010389
1.560000	3.893959	0.695963	-0.649015	0.352455	-0.767801	0.025415
1.580000	3.759053	0.577176	-0.605424	0.356177	-0.759838	0.040801
1.600000	3.621767	0.466284	-0.567004	0.360507	-0.752978	0.056516
1.620000	3.484710	0.366033	-0.535234	0.365370	-0.747249	0.072532
1.640000	3.350486	0.279168	-0.511593	0.370694	-0.742680	0.088818
1.660000	3.221646	0.208348	-0.497522	0.376402	-0.739297	0.105342
1.680000	3.099656	0.154554	-0.493740	0.382415	-0.737060	0.122022
1.700000	2.984998	0.117241	-0.500308	0.388649	-0.735875	0.138730
1.720000	2.878116	0.095812	-0.517262	0.395018	-0.735643	0.155338
1.740000	2.779457	0.089668	-0.544641	0.401438	-0.736264	0.171717
1.760000	2.689466	0.098209	-0.582481	0.407823	-0.737641	0.187738
1.780000	2.608590	0.120839	-0.630820	0.414088	-0.739676	0.203272
1.800000	2.537275	0.156958	-0.689694	0.420150	-0.742269	0.218190
1.820000	2.475965	0.205967	-0.759142	0.425922	-0.745323	0.232364
1.840000	2.425107	0.267268	-0.839201	0.431320	-0.748739	0.245665
1.860000	2.385146	0.340262	-0.929907	0.436259	-0.752418	0.257963
1.880000	2.356529	0.424352	-1.031299	0.440654	-0.756263	0.269131
1.900000	2.339702	0.518937	-1.143413	0.444420	-0.760174	0.279039
1.920000	2.335109	0.623421	-1.266286	0.447472	-0.764054	0.287558
1.940000	2.343197	0.737203	-1.399957	0.449725	-0.767804	0.294560
1.960000	2.364412	0.859686	-1.544461	0.451095	-0.771325	0.299916
1.980000	2.399200	0.990271	-1.699837	0.451496	-0.774519	0.303497
2.000000	2.447492	1.128104	-1.865650	0.450865	-0.777293	0.305203
2.020000	2.503979	1.269708	-2.036641	0.449361	-0.779594	0.305247
2.040000	2.560282	1.410074	-2.204729	0.447270	-0.781396	0.304016
2.060000	2.607982	1.544174	-2.361796	0.444884	-0.782675	0.301905
2.080000	2.638661	1.666980	-2.499726	0.442492	-0.783405	0.299305
2.100000	2.643901	1.773463	-2.610401	0.440383	-0.783559	0.296610
2.120000	2.615285	1.858595	-2.685705	0.438847	-0.783113	0.294212
2.140000	2.544395	1.917347	-2.717519	0.438173	-0.782039	0.292503
2.160000	2.422811	1.944691	-2.697728	0.438651	-0.780314	0.291877
2.180000	2.242117	1.935599	-2.618213	0.440572	-0.777911	0.292725
2.200000	1.993895	1.885041	-2.470858	0.444223	-0.774805	0.295442
2.220000	1.669726	1.787990	-2.247545	0.449896	-0.770969	0.300418
2.240000	1.261192	1.639417	-1.940158	0.457879	-0.766378	0.308047
2.260000	0.759876	1.434294	-1.540579	0.468463	-0.761007	0.318722
2.280000	0.157359	1.167592	-1.040692	0.481937	-0.754830	0.332835
2.300000	-0.552058	0.835559	-0.436247	0.498359	-0.747845	0.350406
2.320000	-1.334979	0.452803	0.221339	0.514471	-0.740395	0.366093
2.340000	-2.128691	0.047699	0.838915	0.524525	-0.733079	0.370533
2.360000	-2.869773	-0.351046	1.322318	0.522714	-0.726504	0.354268
2.380000	-3.494801	-0.714723	1.577387	0.503231	-0.721276	0.307838
2.400000	-3.939851	-1.014304	1.512734	0.460538	-0.717999	0.222224
2.420000	-4.119706	-1.207107	1.154698	0.400604	-0.717133	0.107088
2.440000	-3.920419	-1.232039	0.688500	0.344924	-0.718950	-0.002692
2.460000	-3.267374	-1.047530	0.269447	0.310747	-0.723502	-0.078971
2.480000	-2.222815	-0.680932	-0.083320	0.297642	-0.730167	-0.121778
2.500000	-0.877256	-0.173834	-0.378782	0.301526	-0.738184	-0.136959
2.520000	0.678792	0.432177	-0.625919	0.318315	-0.746791	-0.130362
2.540000	2.354816	1.095512	-0.833713	0.343927	-0.755226	-0.107834
2.560000	4.060302	1.774583	-1.011145	0.374276	-0.762729	-0.075223
2.580000	5.704754	2.427810	-1.167195	0.405282	-0.768537	-0.038375
2.600000	7.218548	3.023227	-1.308957	0.433783	-0.772091	-0.001861
2.620000	8.594542	3.557652	-1.437878	0.459375	-0.773435	0.033567
2.640000	9.837234	4.033264	-1.554354	0.482170	-0.772726	0.067867
2.660000	10.951122	4.452243	-1.658779	0.502277	-0.770120	0.100999
2.680000	11.940704	4.816769	-1.751551	0.519807	-0.765773	0.132921
2.700000	12.810479	5.129022	-1.833064	0.534871	-0.759843	0.163592
2.720000	13.564945	5.391182	-1.903714	0.547579	-0.752485	0.192971
2.740000	14.208600	5.605429	-1.963896	0.558042	-0.743857	0.221016
2.760000	14.745942	5.773941	-2.014006	0.566370	-0.734114	0.247687
2.780000	15.181470	5.898900	-2.054440	0.572673	-0.723414	0.272941
2.800000	15.519681	5.982485	-2.085594	0.577064	-0.711912	0.296739
2.820000	15.765075	6.026875	-2.107862	0.579651	-0.699766	0.319038
2.840000	15.922148	6.034252	-2.121641	0.580545	-0.687132	0.339798
2.860000	15.995400	6.006793	-2.127325	0.579858	-0.674166	0.358977
2.880000	15.989328	5.946680	-2.125311	0.577699	-0.661025	0.376534
