0.000000	-4.245265	-0.375040	1.077471	0.312000	-0.765242	0.192585
0.020000	-4.164412	-0.521577	1.067536	0.313927	-0.783210	0.192477
0.040000	-4.070033	-0.663967	1.056583	0.316787	-0.803336	0.192840
0.060000	-3.963835	-0.800190	1.044514	0.320541	-0.825672	0.193531
0.080000	-3.847522	-0.928228	1.031227	0.325149	-0.850268	0.194406
0.100000	-3.722801	-1.046063	1.016624	0.330573	-0.877173	0.195320
0.120000	-3.591378	-1.151674	1.000604	0.336771	-0.906439	0.196131
0.140000	-3.454958	-1.243045	0.983068	0.343706	-0.938115	0.196694
0.160000	-3.315247	-1.318155	0.963917	0.351338	-0.972253	0.196865
0.180000	-3.173950	-1.374987	0.943050	0.359627	-1.008902	0.196502
0.200000	-3.032729	-1.411584	0.920363	0.368531	-1.048100	0.195464
0.220000	-2.892054	-1.427651	0.895663	0.377962	-1.089531	0.193721
0.240000	-2.751114	-1.424679	0.868651	0.387775	-1.132500	0.191360
0.260000	-2.609036	-1.404248	0.839029	0.397828	-1.176295	0.188474
0.280000	-2.464944	-1.367937	0.806495	0.407973	-1.220202	0.185157
0.300000	-2.317965	-1.317328	0.770749	0.418067	-1.263507	0.181501
0.320000	-2.167225	-1.253999	0.731490	0.427964	-1.305497	0.177599
0.340000	-2.011849	-1.179531	0.688417	0.437519	-1.345459	0.173545
0.360000	-1.850963	-1.095504	0.641231	0.446587	-1.382679	0.169432
0.380000	-1.683693	-1.003497	0.589630	0.455024	-1.416443	0.165352
0.400000	-1.509165	-0.905090	0.533314	0.462683	-1.446039	0.161399
0.420000	-1.326505	-0.801863	0.471982	0.469420	-1.470753	0.157666
0.440000	-1.134839	-0.695396	0.405334	0.475090	-1.489872	0.154246
0.460000	-0.933292	-0.587270	0.333068	0.479548	-1.502682	0.151231
0.480000	-0.720990	-0.479063	0.254886	0.482649	-1.508470	0.148716
0.500000	-0.497059	-0.372356	0.170485	0.484248	-1.506522	0.146792
0.520000	-0.260918	-0.268609	0.079691	0.484222	-1.496254	0.145539
0.540000	-0.014169	-0.168397	-0.016736	0.482627	-1.478042	0.144925
0.560000	0.240607	-0.071891	-0.117615	0.479596	-1.452696	0.144869
0.580000	0.500820	0.020735	-0.221762	0.475261	-1.421025	0.145289
0.600000	0.763884	0.109310	-0.327995	0.469756	-1.383841	0.146104
0.620000	1.027209	0.193661	-0.435130	0.463215	-1.341954	0.147233
0.640000	1.288209	0.273618	-0.541985	0.455771	-1.296176	0.148594
0.660000	1.544295	0.349008	-0.647375	0.447558	-1.247317	0.150107
0.680000	1.792879	0.419659	-0.750118	0.438709	-1.196188	0.151690
0.700000	2.031373	0.485400	-0.849030	0.429357	-1.143599	0.153262
0.720000	2.257190	0.546059	-0.942929	0.419636	-1.090363	0.154741
0.740000	2.467741	0.601463	-1.030632	0.409680	-1.037288	0.156046
0.760000	2.660439	0.651442	-1.110954	0.399621	-0.985187	0.157097
0.780000	2.832695	0.695822	-1.182713	0.389594	-0.934870	0.157810
0.800000	2.981922	0.734433	-1.244726	0.379731	-0.887148	0.158107
0.820000	3.105532	0.767103	-1.295810	0.370166	-0.842832	0.157904
0.840000	3.201970	0.793804	-1.335273	0.361013	-0.802508	0.157174
0.860000	3.272528	0.814910	-1.363775	0.352330	-0.766153	0.156038
0.880000	3.318985	0.830864	-1.382211	0.344166	-0.733633	0.154640
0.900000	3.343122	0.842106	-1.391473	0.336571	-0.704816	0.153126
0.920000	3.346718	0.849080	-1.392454	0.329593	-0.679572	0.151641
0.940000	3.331553	0.852226	-1.386049	0.323283	-0.657768	0.150330
0.960000	3.299408	0.851987	-1.373151	0.317687	-0.639272	0.149338
0.980000	3.252063	0.848806	-1.354653	0.312857	-0.623954	0.148811
1.000000	3.191297	0.843123	-1.331448	0.308841	-0.611681	0.148894
1.020000	3.118891	0.835380	-1.304430	0.305688	-0.602320	0.149732
1.040000	3.036624	0.826021	-1.274492	0.303447	-0.595742	0.151470
1.060000	2.946277	0.815486	-1.242527	0.302168	-0.591814	0.154254
1.080000	2.849630	0.804218	-1.209430	0.301899	-0.590404	0.158229
1.100000	2.748462	0.792659	-1.176093	0.302690	-0.591380	0.163539
1.120000	2.644554	0.781250	-1.143410	0.304590	-0.594611	0.170331
1.140000	2.539686	0.770434	-1.112274	0.307647	-0.599965	0.178750
1.160000	2.435630	0.760649	-1.083574	0.311911	-0.607309	0.188938
1.180000	2.333533	0.752094	-1.057893	0.317360	-0.616472	0.200902
1.200000	2.233448	0.744548	-1.035275	0.323854	-0.627208	0.214407
1.220000	2.135323	0.737747	-1.015711	0.331240	-0.639268	0.229195
1.240000	2.039103	0.731428	-0.999191	0.339363	-0.652400	0.245005
1.260000	1.944734	0.725328	-0.985707	0.348073	-0.666354	0.261581
1.280000	1.852162	0.719183	-0.975250	0.357215	-0.680878	0.278663
1.300000	1.761333	0.712730	-0.967811	0.366637	-0.695722	0.295992
1.320000	1.672192	0.705706	-0.963380	0.376185	-0.710634	0.313309
1.340000	1.584686	0.697847	-0.961949	0.385707	-0.725365	0.330357
1.360000	1.498760	0.688891	-0.963508	0.395049	-0.739663	0.346875
1.380000	1.414361	0.678574	-0.968049	0.404059	-0.753277	0.362606
1.400000	1.331433	0.666633	-0.975562	0.412584	-0.765956	0.377291
1.420000	1.249924	0.652804	-0.986039	0.420471	-0.777449	0.390671
1.440000	1.169778	0.636824	-0.999470	0.427566	-0.787507	0.402486
1.460000	1.090943	0.618431	-1.015847	0.433716	-0.795877	0.412480
1.480000	1.013361	0.597366	-1.035118	0.438780	-0.802325	0.420409
1.500000	0.936958	0.573461	-1.056660	0.442753	-0.806857	0.426270
1.520000	0.861642	0.546612	-1.079423	0.445736	-0.809651	0.430238
1.540000	0.787322	0.516716	-1.102348	0.447831	-0.810890	0.432489
1.560000	0.713906	0.483669	-1.124377	0.449141	-0.810757	0.433199
1.580000	0.641303	0.447371	-1.144451	0.449767	-0.809437	0.432546
1.600000	0.569421	0.407716	-1.161511	0.449813	-0.807112	0.430707
1.620000	0.498169	0.364604	-1.174499	0.449381	-0.803966	0.427859
1.640000	0.427456	0.317930	-1.182356	0.448573	-0.800181	0.424178
1.660000	0.357190	0.267593	-1.184024	0.447492	-0.795941	0.419843
1.680000	0.287280	0.213490	-1.178443	0.446240	-0.791430	0.415030
1.700000	0.217634	0.155517	-1.164556	0.444920	-0.786831	0.409915
1.720000	0.148161	0.093572	-1.141303	0.443633	-0.782327	0.404677
1.740000	0.078769	0.027553	-1.107625	0.442483	-0.778101	0.399491
1.760000	0.009368	-0.042644	-1.062464	0.441572	-0.774336	0.394535
1.780000	-0.060135	-0.117121	-1.004762	0.441003	-0.771217	0.389987
1.800000	-0.129831	-0.195982	-0.933460	0.440877	-0.768926	0.386022
1.820000	-0.199822	-0.279207	-0.847733	0.441280	-0.767619	0.382796
1.840000	-0.270297	-0.365839	-0.748598	0.442166	-0.767236	0.380281
1.860000	-0.341487	-0.454473	-0.637937	0.443425	-0.767615	0.378368
1.880000	-0.413622	-0.543704	-0.517636	0.444949	-0.768596	0.376945
1.900000	-0.486932	-0.632127	-0.389582	0.446627	-0.770015	0.375900
1.920000	-0.561647	-0.718335	-0.255663	0.448350	-0.771711	0.375123
1.940000	-0.637997	-0.800923	-0.117764	0.450010	-0.773523	0.374503
1.960000	-0.716214	-0.878485	0.022226	0.451496	-0.775287	0.373927
1.980000	-0.796526	-0.949615	0.162421	0.452699	-0.776842	0.373285
2.000000	-0.879165	-1.012908	0.300934	0.453510	-0.778026	0.372466
2.020000	-0.964360	-1.066959	0.435879	0.453819	-0.778677	0.371357
2.040000	-1.052342	-1.110360	0.565368	0.453518	-0.778633	0.369849
2.060000	-1.143340	-1.141707	0.687515	0.452496	-0.777733	0.367829
2.080000	-1.237587	-1.159593	0.800432	0.450644	-0.775813	0.365187
2.100000	-1.335310	-1.162614	0.902232	0.447853	-0.772713	0.361811
2.120000	-1.436702	-1.149529	0.991168	0.444027	-0.768292	0.357601
2.140000	-1.541523	-1.120877	1.066966	0.439219	-0.762638	0.352574
2.160000	-1.649277	-1.078277	1.130254	0.433573	-0.755980	0.346819
2.180000	-1.759461	-1.023364	1.181669	0.427233	-0.748548	0.340425
2.200000	-1.871575	-0.957771	1.221851	0.420344	-0.740573	0.333481
2.220000	-1.985117	-0.883132	1.251437	0.413049	-0.732285	0.326078
2.240000	-2.099584	-0.801082	1.271067	0.405493	-0.723914	0.318305
2.260000	-2.214477	-0.713254	1.281378	0.397822	-0.715690	0.310251
2.280000	-2.329293	-0.621283	1.283009	0.390178	-0.707845	0.302006
2.300000	-2.443531	-0.526803	1.276598	0.382707	-0.700607	0.293660
2.320000	-2.556690	-0.431448	1.262785	0.375554	-0.694207	0.285302
2.340000	-2.668268	-0.336851	1.242207	0.368862	-0.688876	0.277021
2.360000	-2.777763	-0.244647	1.215503	0.362776	-0.684844	0.268907
2.380000	-2.884675	-0.156471	1.183312	0.357441	-0.682341	0.261050
2.400000	-2.988501	-0.073955	1.146272	0.353000	-0.681598	0.253540
2.420000	-3.088740	0.001265	1.105021	0.349600	-0.682844	0.246465
2.440000	-3.184891	0.067556	1.060198	0.347383	-0.686311	0.239915
2.460000	-3.276414	0.123583	1.012381	0.346465	-0.692179	0.233961
2.480000	-3.362527	0.169870	0.961771	0.346778	-0.700330	0.228550
2.500000	-3.442356	0.207654	0.908428	0.348184	-0.710529	0.223586
