0.000000	-0.339148	0.039501	-0.190656	-0.035579	-0.998178	-0.086833
0.020000	-0.353093	0.035505	-0.194695	-0.035636	-0.997515	-0.086229
0.040000	-0.364456	0.031388	-0.197924	-0.035831	-0.996933	-0.085768
0.060000	-0.372797	0.027168	-0.200246	-0.036172	-0.996452	-0.085467
0.080000	-0.378165	0.022913	-0.201675	-0.036647	-0.996071	-0.085323
0.100000	-0.380830	0.018717	-0.202272	-0.037238	-0.995782	-0.085322
0.120000	-0.381065	0.014675	-0.202099	-0.037923	-0.995578	-0.085451
0.140000	-0.379142	0.010881	-0.201217	-0.038684	-0.995448	-0.085694
0.160000	-0.375332	0.007429	-0.199688	-0.039499	-0.995385	-0.086039
0.180000	-0.369906	0.004414	-0.197575	-0.040350	-0.995380	-0.086471
0.200000	-0.363138	0.001929	-0.194938	-0.041216	-0.995424	-0.086978
0.220000	-0.355299	0.000069	-0.191839	-0.042078	-0.995509	-0.087544
0.240000	-0.346660	-0.001073	-0.188340	-0.042916	-0.995627	-0.088157
0.260000	-0.337493	-0.001401	-0.184503	-0.043709	-0.995768	-0.088801
0.280000	-0.328071	-0.000821	-0.180390	-0.044438	-0.995924	-0.089465
0.300000	-0.318665	0.000759	-0.176062	-0.045083	-0.996087	-0.090133
0.320000	-0.309548	0.003436	-0.171581	-0.045624	-0.996248	-0.090792
0.340000	-0.300990	0.007303	-0.167008	-0.046041	-0.996399	-0.091428
0.360000	-0.293263	0.012453	-0.162406	-0.046315	-0.996531	-0.092027
0.380000	-0.286631	0.018975	-0.157834	-0.046426	-0.996635	-0.092576
0.400000	-0.281181	0.026807	-0.153314	-0.046377	-0.996708	-0.093069
0.420000	-0.276844	0.035758	-0.148833	-0.046191	-0.996752	-0.093507
0.440000	-0.273545	0.045633	-0.144377	-0.045889	-0.996768	-0.093892
0.460000	-0.271208	0.056236	-0.139932	-0.045496	-0.996758	-0.094225
0.480000	-0.269760	0.067371	-0.135484	-0.045033	-0.996722	-0.094507
0.500000	-0.269125	0.078841	-0.131019	-0.044523	-0.996662	-0.094740
0.520000	-0.269229	0.090452	-0.126524	-0.043989	-0.996579	-0.094925
0.540000	-0.269997	0.102007	-0.121985	-0.043453	-0.996476	-0.095064
0.560000	-0.271353	0.113310	-0.117387	-0.042939	-0.996353	-0.095158
0.580000	-0.273224	0.124165	-0.112717	-0.042469	-0.996211	-0.095208
0.600000	-0.275534	0.134377	-0.107960	-0.042066	-0.996052	-0.095216
0.620000	-0.278208	0.143750	-0.103104	-0.041752	-0.995878	-0.095183
0.640000	-0.281172	0.152087	-0.098133	-0.041550	-0.995689	-0.095110
0.660000	-0.284351	0.159194	-0.093035	-0.041484	-0.995488	-0.095000
0.680000	-0.287669	0.164873	-0.087795	-0.041575	-0.995275	-0.094853
0.700000	-0.291053	0.168931	-0.082399	-0.041846	-0.995052	-0.094671
0.720000	-0.294432	0.171303	-0.076884	-0.042302	-0.994821	-0.094456
0.740000	-0.297744	0.172155	-0.071369	-0.042919	-0.994584	-0.094218
0.760000	-0.300928	0.171674	-0.065982	-0.043668	-0.994346	-0.093961
0.780000	-0.303921	0.170047	-0.060853	-0.044521	-0.994108	-0.093695
0.800000	-0.306664	0.167462	-0.056110	-0.045451	-0.993875	-0.093426
0.820000	-0.309094	0.164107	-0.051881	-0.046428	-0.993648	-0.093162
0.840000	-0.311151	0.160169	-0.048296	-0.047425	-0.993432	-0.092911
0.860000	-0.312773	0.155836	-0.045482	-0.048413	-0.993229	-0.092678
0.880000	-0.313899	0.151295	-0.043570	-0.049366	-0.993042	-0.092473
0.900000	-0.314467	0.146735	-0.042686	-0.050253	-0.992874	-0.092302
0.920000	-0.314416	0.142342	-0.042960	-0.051048	-0.992729	-0.092173
0.940000	-0.313685	0.138304	-0.044521	-0.051722	-0.992609	-0.092093
0.960000	-0.312212	0.134809	-0.047496	-0.052248	-0.992517	-0.092069
0.980000	-0.309937	0.132044	-0.052016	-0.052596	-0.992457	-0.092110
1.000000	-0.306798	0.130198	-0.058208	-0.052740	-0.992432	-0.092222
1.020000	-0.302739	0.129443	-0.066183	-0.052652	-0.992444	-0.092411
1.040000	-0.297802	0.129760	-0.075810	-0.052336	-0.992495	-0.092670
1.060000	-0.292097	0.130983	-0.086774	-0.051814	-0.992588	-0.092979
1.080000	-0.285734	0.132944	-0.098756	-0.051112	-0.992722	-0.093319
1.100000	-0.278826	0.135475	-0.111439	-0.050254	-0.992899	-0.093671
1.120000	-0.271484	0.138408	-0.124506	-0.049263	-0.993120	-0.094016
1.140000	-0.263820	0.141575	-0.137636	-0.048164	-0.993386	-0.094335
1.160000	-0.255945	0.144808	-0.150514	-0.046982	-0.993698	-0.094607
1.180000	-0.247972	0.147938	-0.162819	-0.045739	-0.994058	-0.094815
1.200000	-0.240012	0.150797	-0.174236	-0.044462	-0.994467	-0.094938
1.220000	-0.232176	0.153218	-0.184444	-0.043173	-0.994925	-0.094957
1.240000	-0.224577	0.155031	-0.193127	-0.041897	-0.995434	-0.094854
1.260000	-0.217326	0.156069	-0.199965	-0.040658	-0.995996	-0.094608
1.280000	-0.210534	0.156164	-0.204642	-0.039481	-0.996610	-0.094201
1.300000	-0.204314	0.155147	-0.206838	-0.038389	-0.997278	-0.093614
1.320000	-0.198776	0.152851	-0.206236	-0.037407	-0.998002	-0.092827
1.340000	-0.194019	0.149160	-0.202626	-0.036556	-0.998780	-0.091826
1.360000	-0.190074	0.144221	-0.196314	-0.035840	-0.999598	-0.090630
1.380000	-0.186951	0.138254	-0.187760	-0.035257	-1.000438	-0.089265
1.400000	-0.184661	0.131481	-0.177423	-0.034807	-1.001283	-0.087756
1.420000	-0.183215	0.124124	-0.165765	-0.034489	-1.002114	-0.086129
1.440000	-0.182624	0.116404	-0.153244	-0.034302	-1.002915	-0.084412
1.460000	-0.182899	0.108544	-0.140321	-0.034244	-1.003667	-0.082629
1.480000	-0.184051	0.100763	-0.127456	-0.034317	-1.004352	-0.080807
1.500000	-0.186090	0.093286	-0.115110	-0.034517	-1.004954	-0.078973
1.520000	-0.189028	0.086332	-0.103741	-0.034845	-1.005454	-0.077151
1.540000	-0.192875	0.080123	-0.093810	-0.035299	-1.005834	-0.075369
1.560000	-0.197642	0.074882	-0.085777	-0.035879	-1.006077	-0.073652
1.580000	-0.203340	0.070830	-0.080102	-0.036583	-1.006165	-0.072027
1.600000	-0.209980	0.068188	-0.077246	-0.037411	-1.006081	-0.070519
1.620000	-0.217573	0.067178	-0.077667	-0.038362	-1.005806	-0.069155
1.640000	-0.226130	0.068022	-0.081827	-0.039434	-1.005324	-0.067962
1.660000	-0.235656	0.070918	-0.090129	-0.040627	-1.004618	-0.066961
1.680000	-0.246103	0.075803	-0.102382	-0.041928	-1.003706	-0.066154
1.700000	-0.257389	0.082459	-0.118028	-0.043321	-1.002622	-0.065525
1.720000	-0.269432	0.090664	-0.136503	-0.044787	-1.001402	-0.065058
1.740000	-0.282149	0.100195	-0.157246	-0.046310	-1.000081	-0.064738
1.760000	-0.295457	0.110830	-0.179694	-0.047871	-0.998694	-0.064548
1.780000	-0.309274	0.122349	-0.203284	-0.049454	-0.997278	-0.064473
1.800000	-0.323518	0.134528	-0.227453	-0.051041	-0.995867	-0.064499
1.820000	-0.338107	0.147147	-0.251638	-0.052614	-0.994496	-0.064608
1.840000	-0.352958	0.159982	-0.275278	-0.054156	-0.993202	-0.064785
1.860000	-0.367988	0.172813	-0.297808	-0.055650	-0.992019	-0.065015
1.880000	-0.383115	0.185417	-0.318667	-0.057078	-0.990983	-0.065283
1.900000	-0.398257	0.197572	-0.337292	-0.058422	-0.990129	-0.065571
1.920000	-0.413331	0.209057	-0.353120	-0.059666	-0.989493	-0.065866
1.940000	-0.428255	0.219650	-0.365588	-0.060791	-0.989109	-0.066150
1.960000	-0.442946	0.229128	-0.374133	-0.061780	-0.989014	-0.066410
1.980000	-0.457311	0.237318	-0.378359	-0.062620	-0.989231	-0.066632
