0.000000	-0.012651	0.194709	-0.181026	-0.094872	-0.991434	-0.067593
0.020000	-0.007446	0.197861	-0.181723	-0.094565	-0.991979	-0.066539
0.040000	-0.004166	0.200779	-0.182333	-0.094396	-0.992420	-0.065668
0.060000	-0.003294	0.203316	-0.182815	-0.094387	-0.992735	-0.065005
0.080000	-0.005312	0.205326	-0.183126	-0.094560	-0.992900	-0.064575
0.100000	-0.010682	0.206666	-0.183225	-0.094935	-0.992894	-0.064403
0.120000	-0.019459	0.207304	-0.183087	-0.095507	-0.992716	-0.064492
0.140000	-0.031264	0.207321	-0.182707	-0.096242	-0.992388	-0.064820
0.160000	-0.045701	0.206805	-0.182079	-0.097104	-0.991933	-0.065366
0.180000	-0.062374	0.205844	-0.181199	-0.098056	-0.991373	-0.066109
0.200000	-0.080886	0.204524	-0.180062	-0.099065	-0.990732	-0.067026
0.220000	-0.100840	0.202932	-0.178663	-0.100093	-0.990032	-0.068096
0.240000	-0.121840	0.201157	-0.176997	-0.101105	-0.989297	-0.069297
0.260000	-0.143488	0.199284	-0.175058	-0.102066	-0.988549	-0.070608
0.280000	-0.165389	0.197402	-0.172843	-0.102940	-0.987811	-0.072007
0.300000	-0.187145	0.195598	-0.170345	-0.103691	-0.987106	-0.073472
0.320000	-0.208360	0.193959	-0.167561	-0.104284	-0.986458	-0.074981
0.340000	-0.228637	0.192572	-0.164485	-0.104683	-0.985888	-0.076513
0.360000	-0.247579	0.191524	-0.161112	-0.104852	-0.985420	-0.078046
0.380000	-0.264791	0.190903	-0.157437	-0.104756	-0.985077	-0.079559
0.400000	-0.279874	0.190795	-0.153456	-0.104359	-0.984882	-0.081029
0.420000	-0.292486	0.191268	-0.149168	-0.103633	-0.984853	-0.082436
0.440000	-0.302656	0.192237	-0.144613	-0.102602	-0.984983	-0.083769
0.460000	-0.310579	0.193553	-0.139845	-0.101314	-0.985250	-0.085020
0.480000	-0.316447	0.195068	-0.134920	-0.099816	-0.985635	-0.086183
0.500000	-0.320456	0.196631	-0.129893	-0.098156	-0.986117	-0.087249
0.520000	-0.322798	0.198095	-0.124819	-0.096381	-0.986675	-0.088211
0.540000	-0.323667	0.199309	-0.119753	-0.094538	-0.987290	-0.089062
0.560000	-0.323259	0.200124	-0.114751	-0.092675	-0.987939	-0.089795
0.580000	-0.321765	0.200392	-0.109868	-0.090839	-0.988604	-0.090402
0.600000	-0.319381	0.199963	-0.105159	-0.089079	-0.989264	-0.090875
0.620000	-0.316300	0.198688	-0.100680	-0.087440	-0.989898	-0.091207
0.640000	-0.312716	0.196417	-0.096485	-0.085972	-0.990485	-0.091391
0.660000	-0.308823	0.193003	-0.092630	-0.084720	-0.991006	-0.091420
0.680000	-0.304814	0.188295	-0.089170	-0.083733	-0.991439	-0.091286
0.700000	-0.300885	0.182144	-0.086160	-0.083059	-0.991765	-0.090981
0.720000	-0.297227	0.174402	-0.083655	-0.082743	-0.991962	-0.090499
0.740000	-0.293969	0.165030	-0.081692	-0.082813	-0.992021	-0.089840
0.760000	-0.291058	0.154288	-0.080252	-0.083237	-0.991953	-0.089034
0.780000	-0.288412	0.142482	-0.079311	-0.083973	-0.991777	-0.088111
0.800000	-0.285950	0.129919	-0.078842	-0.084980	-0.991510	-0.087102
0.820000	-0.283590	0.116908	-0.078820	-0.086217	-0.991169	-0.086040
0.840000	-0.281252	0.103755	-0.079220	-0.087643	-0.990773	-0.084956
0.860000	-0.278853	0.090767	-0.080015	-0.089217	-0.990338	-0.083881
0.880000	-0.276312	0.078251	-0.081180	-0.090898	-0.989881	-0.082847
0.900000	-0.273548	0.066515	-0.082689	-0.092644	-0.989421	-0.081885
0.920000	-0.270479	0.055866	-0.084518	-0.094414	-0.988975	-0.081027
0.940000	-0.267023	0.046611	-0.086639	-0.096168	-0.988560	-0.080305
0.960000	-0.263100	0.039058	-0.089028	-0.097863	-0.988194	-0.079749
0.980000	-0.258627	0.033512	-0.091658	-0.099459	-0.987894	-0.079392
1.000000	-0.253524	0.030282	-0.094505	-0.100915	-0.987678	-0.079265
1.020000	-0.247708	0.029675	-0.097542	-0.102190	-0.987563	-0.079400
1.040000	-0.241103	0.031986	-0.100744	-0.103243	-0.987566	-0.079826
1.060000	-0.233745	0.037193	-0.104080	-0.104064	-0.987687	-0.080540
1.080000	-0.225795	0.044923	-0.107514	-0.104675	-0.987910	-0.081501
1.100000	-0.217421	0.054788	-0.111011	-0.105099	-0.988215	-0.082666
1.120000	-0.208791	0.066396	-0.114535	-0.105361	-0.988586	-0.083992
1.140000	-0.200072	0.079359	-0.118050	-0.105483	-0.989003	-0.085436
1.160000	-0.191432	0.093287	-0.121519	-0.105489	-0.989449	-0.086955
1.180000	-0.183039	0.107791	-0.124907	-0.105403	-0.989905	-0.088507
1.200000	-0.175061	0.122480	-0.128179	-0.105249	-0.990353	-0.090047
1.220000	-0.167665	0.136965	-0.131297	-0.105049	-0.990776	-0.091533
1.240000	-0.161018	0.150856	-0.134227	-0.104828	-0.991154	-0.092923
1.260000	-0.155289	0.163764	-0.136932	-0.104610	-0.991469	-0.094172
1.280000	-0.150645	0.175299	-0.139376	-0.104417	-0.991704	-0.095239
1.300000	-0.147254	0.185072	-0.141524	-0.104273	-0.991840	-0.096080
1.320000	-0.145284	0.192692	-0.143339	-0.104202	-0.991859	-0.096652
1.340000	-0.144902	0.197771	-0.144786	-0.104228	-0.991742	-0.096913
1.360000	-0.146246	0.199982	-0.145836	-0.104370	-0.991476	-0.096825
1.380000	-0.149221	0.199490	-0.146513	-0.104617	-0.991070	-0.096403
1.400000	-0.153628	0.196686	-0.146867	-0.104943	-0.990547	-0.095684
1.420000	-0.159268	0.191959	-0.146948	-0.105323	-0.989930	-0.094705
1.440000	-0.165939	0.185701	-0.146804	-0.105731	-0.989241	-0.093503
1.460000	-0.173442	0.178301	-0.146487	-0.106142	-0.988502	-0.092114
1.480000	-0.181575	0.170151	-0.146044	-0.106530	-0.987736	-0.090577
1.500000	-0.190140	0.161641	-0.145526	-0.106869	-0.986966	-0.088929
1.520000	-0.198935	0.153162	-0.144982	-0.107135	-0.986213	-0.087205
1.540000	-0.207761	0.145105	-0.144461	-0.107302	-0.985501	-0.085444
1.560000	-0.216417	0.137860	-0.144014	-0.107344	-0.984851	-0.083683
1.580000	-0.224702	0.131817	-0.143690	-0.107235	-0.984287	-0.081958
1.600000	-0.232418	0.127368	-0.143537	-0.106951	-0.983830	-0.080308
1.620000	-0.239362	0.124904	-0.143607	-0.106465	-0.983504	-0.078768
1.640000	-0.245336	0.124814	-0.143948	-0.105752	-0.983331	-0.077376
1.660000	-0.250139	0.127489	-0.144610	-0.104787	-0.983332	-0.076169
1.680000	-0.253578	0.133299	-0.145639	-0.103546	-0.983530	-0.075183
1.700000	-0.255623	0.142198	-0.147026	-0.102042	-0.983922	-0.074424
1.720000	-0.256388	0.153762	-0.148710	-0.100325	-0.984484	-0.073874
1.740000	-0.255993	0.167555	-0.150627	-0.098442	-0.985191	-0.073513
1.760000	-0.254557	0.183140	-0.152716	-0.096444	-0.986018	-0.073320
1.780000	-0.252200	0.200080	-0.154914	-0.094378	-0.986940	-0.073275
1.800000	-0.249042	0.217939	-0.157157	-0.092295	-0.987933	-0.073359
1.820000	-0.245203	0.236280	-0.159382	-0.090244	-0.988971	-0.073551
1.840000	-0.240802	0.254666	-0.161528	-0.088274	-0.990031	-0.073831
1.860000	-0.235960	0.272660	-0.163532	-0.086433	-0.991086	-0.074180
1.880000	-0.230794	0.289826	-0.165329	-0.084771	-0.992113	-0.074576
1.900000	-0.225427	0.305728	-0.166859	-0.083337	-0.993086	-0.075001
1.920000	-0.219976	0.319927	-0.168057	-0.082181	-0.993980	-0.075433
1.940000	-0.214563	0.331988	-0.168862	-0.081351	-0.994772	-0.075854
1.960000	-0.209306	0.341475	-0.169209	-0.080897	-0.995435	-0.076242
1.980000	-0.204326	0.347949	-0.169038	-0.080868	-0.995945	-0.076579
2.000000	-0.199741	0.350975	-0.168284	-0.081312	-0.996277	-0.076843
2.020000	-0.195666	0.350163	-0.166894	-0.082273	-0.996410	-0.077016
2.040000	-0.192152	0.345611	-0.164901	-0.083720	-0.996354	-0.077099
