0.000000	-0.313686	0.272420	-0.231886	-0.106753	-0.991797	-0.080334
0.020000	-0.326953	0.260359	-0.237895	-0.107342	-0.992012	-0.080289
0.040000	-0.341183	0.247020	-0.243065	-0.107886	-0.992172	-0.080231
0.060000	-0.355844	0.232513	-0.247223	-0.108373	-0.992261	-0.080159
0.080000	-0.370399	0.216944	-0.250197	-0.108792	-0.992263	-0.080070
0.100000	-0.384314	0.200419	-0.251814	-0.109130	-0.992161	-0.079962
0.120000	-0.397055	0.183045	-0.251902	-0.109377	-0.991941	-0.079833
0.140000	-0.408165	0.164965	-0.250342	-0.109522	-0.991592	-0.079681
0.160000	-0.417496	0.146451	-0.247229	-0.109570	-0.991133	-0.079515
0.180000	-0.424971	0.127811	-0.242709	-0.109526	-0.990586	-0.079342
0.200000	-0.430517	0.109351	-0.236925	-0.109395	-0.989975	-0.079172
0.220000	-0.434058	0.091378	-0.230024	-0.109183	-0.989325	-0.079014
0.240000	-0.435519	0.074198	-0.222151	-0.108896	-0.988657	-0.078875
0.260000	-0.434826	0.058118	-0.213452	-0.108539	-0.987997	-0.078766
0.280000	-0.431902	0.043445	-0.204072	-0.108119	-0.987367	-0.078694
0.300000	-0.426675	0.030485	-0.194156	-0.107641	-0.986791	-0.078668
0.320000	-0.419067	0.019544	-0.183850	-0.107110	-0.986293	-0.078697
0.340000	-0.409006	0.010930	-0.173299	-0.106533	-0.985895	-0.078790
0.360000	-0.396414	0.004950	-0.162648	-0.105915	-0.985623	-0.078956
0.380000	-0.381219	0.001908	-0.152043	-0.105261	-0.985499	-0.079203
0.400000	-0.363344	0.002113	-0.141629	-0.104579	-0.985547	-0.079540
0.420000	-0.342715	0.005871	-0.131552	-0.103872	-0.985791	-0.079976
0.440000	-0.319257	0.013488	-0.121957	-0.103147	-0.986253	-0.080519
0.460000	-0.292895	0.025271	-0.112990	-0.102410	-0.986958	-0.081179
0.480000	-0.263769	0.041248	-0.104752	-0.101667	-0.987913	-0.081955
0.500000	-0.232526	0.060790	-0.097247	-0.100928	-0.989087	-0.082828
0.520000	-0.199891	0.083168	-0.090461	-0.100203	-0.990443	-0.083776
0.540000	-0.166586	0.107654	-0.084382	-0.099503	-0.991945	-0.084777
0.560000	-0.133336	0.133520	-0.078996	-0.098837	-0.993556	-0.085807
0.580000	-0.100863	0.160039	-0.074291	-0.098215	-0.995239	-0.086844
0.600000	-0.069892	0.186482	-0.070253	-0.097647	-0.996957	-0.087867
0.620000	-0.041145	0.212122	-0.066871	-0.097144	-0.998674	-0.088852
0.640000	-0.015347	0.236230	-0.064130	-0.096715	-1.000354	-0.089776
0.660000	0.006780	0.258080	-0.062018	-0.096370	-1.001959	-0.090619
0.680000	0.024512	0.276941	-0.060523	-0.096121	-1.003452	-0.091356
0.700000	0.037125	0.292088	-0.059630	-0.095975	-1.004798	-0.091966
0.720000	0.043896	0.302792	-0.059328	-0.095945	-1.005959	-0.092426
0.740000	0.044102	0.308325	-0.059603	-0.096039	-1.006899	-0.092714
0.760000	0.037018	0.307958	-0.060443	-0.096268	-1.007580	-0.092807
0.780000	0.021963	0.300999	-0.061834	-0.096641	-1.007969	-0.092684
0.800000	-0.000829	0.287525	-0.063757	-0.097152	-1.008062	-0.092346
0.820000	-0.030200	0.268387	-0.066187	-0.097780	-1.007890	-0.091819
0.840000	-0.064959	0.244466	-0.069098	-0.098504	-1.007486	-0.091128
0.860000	-0.103910	0.216647	-0.072464	-0.099301	-1.006882	-0.090299
0.880000	-0.145860	0.185811	-0.076261	-0.100150	-1.006110	-0.089358
0.900000	-0.189614	0.152841	-0.080463	-0.101029	-1.005202	-0.088331
0.920000	-0.233978	0.118621	-0.085043	-0.101915	-1.004190	-0.087244
0.940000	-0.277758	0.084033	-0.089977	-0.102789	-1.003108	-0.086122
0.960000	-0.319760	0.049959	-0.095239	-0.103626	-1.001986	-0.084991
0.980000	-0.358790	0.017283	-0.100803	-0.104407	-1.000857	-0.083877
1.000000	-0.393653	-0.013113	-0.106644	-0.105108	-0.999754	-0.082807
1.020000	-0.423157	-0.040345	-0.112736	-0.105708	-0.998708	-0.081805
1.040000	-0.446105	-0.063532	-0.119055	-0.106186	-0.997753	-0.080898
1.060000	-0.461305	-0.081789	-0.125573	-0.106520	-0.996919	-0.080111
1.080000	-0.467562	-0.094236	-0.132266	-0.106687	-0.996240	-0.079471
1.100000	-0.463688	-0.099992	-0.139108	-0.106666	-0.995747	-0.079003
1.120000	-0.449264	-0.098692	-0.146062	-0.106450	-0.995454	-0.078720
1.140000	-0.425373	-0.090977	-0.153067	-0.106059	-0.995341	-0.078610
1.160000	-0.393274	-0.077603	-0.160061	-0.105520	-0.995381	-0.078657
1.180000	-0.354226	-0.059326	-0.166981	-0.104854	-0.995549	-0.078846
1.200000	-0.309486	-0.036903	-0.173764	-0.104088	-0.995820	-0.079163
1.220000	-0.260314	-0.011090	-0.180347	-0.103245	-0.996168	-0.079591
1.240000	-0.207968	0.017357	-0.186667	-0.102349	-0.996567	-0.080115
1.260000	-0.153706	0.047680	-0.192662	-0.101426	-0.996993	-0.080721
1.280000	-0.098787	0.079125	-0.198269	-0.100498	-0.997420	-0.081393
1.300000	-0.044469	0.110933	-0.203425	-0.099592	-0.997823	-0.082116
1.320000	0.007989	0.142349	-0.208067	-0.098730	-0.998175	-0.082874
1.340000	0.057330	0.172616	-0.212132	-0.097938	-0.998451	-0.083652
1.360000	0.102293	0.200978	-0.215558	-0.097239	-0.998627	-0.084436
1.380000	0.141621	0.226678	-0.218281	-0.096658	-0.998676	-0.085210
1.400000	0.174056	0.248961	-0.220239	-0.096220	-0.998574	-0.085958
1.420000	0.198339	0.267068	-0.221369	-0.095948	-0.998294	-0.086665
1.440000	0.213570	0.280442	-0.221634	-0.095860	-0.997819	-0.087318
1.460000	0.220316	0.289323	-0.221099	-0.095939	-0.997170	-0.087908
1.480000	0.219515	0.294159	-0.219857	-0.096162	-0.996372	-0.088426
1.500000	0.212109	0.295396	-0.218001	-0.096504	-0.995455	-0.088865
1.520000	0.199036	0.293481	-0.215622	-0.096942	-0.994446	-0.089217
1.540000	0.181236	0.288861	-0.212813	-0.097451	-0.993372	-0.089476
1.560000	0.159649	0.281982	-0.209667	-0.098009	-0.992261	-0.089632
1.580000	0.135215	0.273292	-0.206275	-0.098590	-0.991141	-0.089678
1.600000	0.108873	0.263238	-0.202731	-0.099171	-0.990040	-0.089607
1.620000	0.081564	0.252265	-0.199126	-0.099729	-0.988985	-0.089411
1.640000	0.054227	0.240821	-0.195554	-0.100238	-0.988005	-0.089082
1.660000	0.027801	0.229352	-0.192106	-0.100676	-0.987127	-0.088613
1.680000	0.003227	0.218306	-0.188874	-0.101018	-0.986378	-0.087995
1.700000	-0.018556	0.208129	-0.185952	-0.101240	-0.985787	-0.087221
1.720000	-0.036608	0.199268	-0.183432	-0.101319	-0.985381	-0.086284
1.740000	-0.050162	0.192097	-0.181389	-0.101236	-0.985182	-0.085180
1.760000	-0.059385	0.186602	-0.179811	-0.101003	-0.985177	-0.083927
1.780000	-0.064759	0.182634	-0.178656	-0.100643	-0.985345	-0.082550
1.800000	-0.066764	0.180048	-0.177882	-0.100176	-0.985662	-0.081075
1.820000	-0.065882	0.178697	-0.177445	-0.099626	-0.986105	-0.079527
1.840000	-0.062594	0.178433	-0.177303	-0.099015	-0.986651	-0.077933
1.860000	-0.057382	0.179110	-0.177415	-0.098364	-0.987277	-0.076316
1.880000	-0.050727	0.180581	-0.177737	-0.097696	-0.987961	-0.074704
1.900000	-0.043110	0.182700	-0.178228	-0.097033	-0.988679	-0.073121
1.920000	-0.035013	0.185319	-0.178845	-0.096397	-0.989408	-0.071593
1.940000	-0.026916	0.188291	-0.179545	-0.095810	-0.990126	-0.070145
1.960000	-0.019302	0.191470	-0.180286	-0.095294	-0.990808	-0.068803
