0.000000	-4.225009	-0.288086	0.638195	0.157096	1.526848	0.137450
0.020000	-4.441026	-1.094433	0.323791	0.109165	1.332390	0.119019
0.040000	-4.607750	-1.893745	-0.012753	0.058035	1.118129	0.099688
0.060000	-4.723712	-2.665308	-0.363214	0.005026	0.889866	0.079867
0.080000	-4.787441	-3.388408	-0.719368	-0.048544	0.653399	0.059967
0.100000	-4.797470	-4.042333	-1.072992	-0.101355	0.414528	0.040397
0.120000	-4.752329	-4.606368	-1.415861	-0.152089	0.179051	0.021570
0.140000	-4.650549	-5.059799	-1.739752	-0.199426	-0.047232	0.003894
0.160000	-4.490661	-5.381914	-2.036442	-0.242048	-0.258522	-0.012219
0.180000	-4.271196	-5.551998	-2.297707	-0.278636	-0.449021	-0.026359
0.200000	-3.990684	-5.549339	-2.515323	-0.307871	-0.612928	-0.038116
0.220000	-3.647709	-5.353393	-2.681108	-0.328442	-0.744477	-0.047083
0.240000	-3.245813	-4.960123	-2.790839	-0.339782	-0.840918	-0.053124
0.260000	-2.797552	-4.395478	-2.847492	-0.342681	-0.904985	-0.056601
0.280000	-2.316433	-3.688579	-2.854801	-0.338069	-0.939995	-0.057928
0.300000	-1.815967	-2.868546	-2.816502	-0.326877	-0.949261	-0.057519
0.320000	-1.309661	-1.964502	-2.736331	-0.310038	-0.936099	-0.055787
0.340000	-0.811025	-1.005568	-2.618022	-0.288482	-0.903824	-0.053147
0.360000	-0.333568	-0.020863	-2.465312	-0.263141	-0.855751	-0.050013
0.380000	0.109203	0.960489	-2.281935	-0.234946	-0.795195	-0.046797
0.400000	0.503778	1.909368	-2.071627	-0.204828	-0.725471	-0.043915
0.420000	0.836648	2.796653	-1.838124	-0.173719	-0.649894	-0.041780
0.440000	1.094305	3.593223	-1.585162	-0.142551	-0.571780	-0.040806
0.460000	1.263239	4.269956	-1.316474	-0.112254	-0.494442	-0.041407
0.480000	1.329942	4.797731	-1.035798	-0.083760	-0.421198	-0.043996
0.500000	1.280906	5.147427	-0.746868	-0.058001	-0.355360	-0.048988
0.520000	1.102621	5.289923	-0.453420	-0.035907	-0.300245	-0.056796
0.540000	0.782847	5.198299	-0.159162	-0.018362	-0.259011	-0.067797
0.560000	0.328260	4.878467	0.132605	-0.005532	-0.232475	-0.081800
0.580000	-0.239939	4.361553	0.418894	0.002965	-0.219659	-0.098181
0.600000	-0.900176	3.679325	0.696725	0.007528	-0.219538	-0.116306
0.620000	-1.630877	2.863555	0.963119	0.008555	-0.231088	-0.135539
0.640000	-2.410470	1.946012	1.215095	0.006444	-0.253284	-0.155244
0.660000	-3.217379	0.958467	1.449676	0.001592	-0.285100	-0.174786
0.680000	-4.030033	-0.067311	1.663880	-0.005603	-0.325512	-0.193530
0.700000	-4.826856	-1.099551	1.854728	-0.014743	-0.373495	-0.210841
