0.000000	-1.573129	-1.368696	-0.013989	0.025570	-1.727084	0.000329
0.020000	-1.405933	-1.100243	-0.048554	0.001539	-1.676909	-0.006399
0.040000	-1.272748	-0.811389	-0.084634	-0.020898	-1.618242	-0.014315
0.060000	-1.180301	-0.505875	-0.121532	-0.041347	-1.551066	-0.023467
0.080000	-1.126396	-0.189245	-0.158410	-0.059729	-1.476475	-0.033683
0.100000	-1.106729	0.132534	-0.194399	-0.076041	-1.395831	-0.044739
0.120000	-1.116992	0.453491	-0.228629	-0.090277	-1.310495	-0.056413
0.140000	-1.152880	0.767658	-0.260231	-0.102436	-1.221828	-0.068481
0.160000	-1.210087	1.069066	-0.288334	-0.112512	-1.131190	-0.080719
0.180000	-1.284306	1.351746	-0.312068	-0.120503	-1.039942	-0.092904
0.200000	-1.371232	1.609729	-0.330565	-0.126405	-0.949446	-0.104812
0.220000	-1.466558	1.837047	-0.342953	-0.130213	-0.861062	-0.116221
0.240000	-1.565978	2.027731	-0.348363	-0.131925	-0.776151	-0.126907
0.260000	-1.665187	2.175811	-0.345926	-0.131536	-0.696074	-0.136646
0.280000	-1.759878	2.275319	-0.334771	-0.129043	-0.622191	-0.145215
0.300000	-1.845744	2.320286	-0.314029	-0.124442	-0.555864	-0.152390
0.320000	-1.918481	2.304742	-0.282830	-0.117729	-0.498453	-0.157949
0.340000	-1.973781	2.222720	-0.240304	-0.108900	-0.451319	-0.161667
0.360000	-2.007927	2.070400	-0.185984	-0.098001	-0.415536	-0.163375
0.380000	-2.020149	1.854734	-0.121418	-0.085318	-0.390740	-0.163167
0.400000	-2.010598	1.586044	-0.048787	-0.071213	-0.376115	-0.161224
0.420000	-1.979424	1.274649	0.029730	-0.056049	-0.370848	-0.157724
0.440000	-1.926779	0.930871	0.111953	-0.040189	-0.374124	-0.152846
0.460000	-1.852814	0.565030	0.195703	-0.023994	-0.385128	-0.146769
0.480000	-1.757681	0.187449	0.278799	-0.007827	-0.403047	-0.139672
0.500000	-1.641530	-0.191554	0.359062	0.007949	-0.427065	-0.131734
0.520000	-1.504513	-0.561655	0.434313	0.022972	-0.456368	-0.123133
0.540000	-1.346782	-0.912536	0.502371	0.036879	-0.490141	-0.114050
0.560000	-1.168487	-1.233874	0.561057	0.049308	-0.527571	-0.104663
0.580000	-0.969779	-1.515348	0.608191	0.059896	-0.567842	-0.095150
0.600000	-0.750810	-1.746638	0.641594	0.068282	-0.610141	-0.085692
0.620000	-0.511731	-1.917423	0.659085	0.074101	-0.653652	-0.076466
0.640000	-0.252693	-2.017382	0.658485	0.076993	-0.697562	-0.067652
0.660000	0.026152	-2.036193	0.637614	0.076595	-0.741055	-0.059429
0.680000	0.324302	-1.964604	0.594553	0.072586	-0.783365	-0.051965
0.700000	0.637239	-1.805577	0.530345	0.065135	-0.824267	-0.045298
0.720000	0.957884	-1.569859	0.447926	0.054718	-0.863879	-0.039386
0.740000	1.279119	-1.268322	0.350263	0.041821	-0.902327	-0.034186
0.760000	1.593823	-0.911840	0.240321	0.026925	-0.939736	-0.029652
0.780000	1.894877	-0.511285	0.121066	0.010515	-0.976233	-0.025742
0.800000	2.175162	-0.077531	-0.004536	-0.006927	-1.011941	-0.022411
0.820000	2.427559	0.378551	-0.133520	-0.024918	-1.046986	-0.019615
