0.000000	2.928872	-0.232545	-0.132069	-0.121892	-0.740885	-0.118427
0.020000	2.520917	0.301304	-0.076417	-0.111569	-0.703576	-0.111793
0.040000	2.066786	0.772541	-0.016107	-0.099746	-0.663827	-0.105163
0.060000	1.576574	1.164325	0.050196	-0.086568	-0.623984	-0.098751
0.080000	1.060379	1.459816	0.123825	-0.072179	-0.586393	-0.092773
0.100000	0.528296	1.642173	0.206118	-0.056723	-0.553399	-0.087445
0.120000	-0.009584	1.694642	0.298398	-0.040345	-0.527341	-0.082983
0.140000	-0.544076	1.611384	0.400755	-0.023246	-0.509640	-0.079511
0.160000	-1.067769	1.408057	0.510843	-0.005737	-0.499915	-0.076982
0.180000	-1.573460	1.102833	0.626032	0.011859	-0.497575	-0.075326
0.200000	-2.053948	0.713883	0.743690	0.029217	-0.502028	-0.074474
0.220000	-2.502030	0.259380	0.861187	0.046013	-0.512682	-0.074357
0.240000	-2.910503	-0.242507	0.975893	0.061923	-0.528945	-0.074905
0.260000	-3.272166	-0.773604	1.085176	0.076622	-0.550224	-0.076050
0.280000	-3.579816	-1.315742	1.186407	0.089788	-0.575929	-0.077723
0.300000	-3.826251	-1.850748	1.276955	0.101095	-0.605467	-0.079854
0.320000	-4.004269	-2.360450	1.354188	0.110219	-0.638246	-0.082374
0.340000	-4.106666	-2.826679	1.415477	0.116837	-0.673674	-0.085213
0.360000	-4.126241	-3.231261	1.458191	0.120624	-0.711159	-0.088304
0.380000	-4.055792	-3.556026	1.479699	0.121256	-0.750110	-0.091576
0.400000	-3.888116	-3.782802	1.477370	0.118410	-0.789935	-0.094961
0.420000	-3.616010	-3.893419	1.448575	0.111760	-0.830041	-0.098388
0.440000	-3.233118	-3.870769	1.390879	0.101010	-0.869855	-0.101791
0.460000	-2.747258	-3.715646	1.305166	0.086313	-0.909116	-0.105115
0.480000	-2.178016	-3.443697	1.195071	0.068196	-0.947819	-0.108319
0.500000	-1.545331	-3.071014	1.064310	0.047197	-0.985970	-0.111360
0.520000	-0.869145	-2.613692	0.916602	0.023854	-1.023573	-0.114198
0.540000	-0.169397	-2.087825	0.755665	-0.001295	-1.060632	-0.116790
0.560000	0.533972	-1.509509	0.585216	-0.027712	-1.097152	-0.119097
0.580000	1.221021	-0.894836	0.408972	-0.054857	-1.133137	-0.121075
0.600000	1.871811	-0.259903	0.230653	-0.082194	-1.168591	-0.122685
0.620000	2.466400	0.379198	0.053975	-0.109184	-1.203520	-0.123883
0.640000	2.984848	1.006372	-0.117344	-0.135289	-1.237927	-0.124630
0.660000	3.407215	1.605524	-0.279585	-0.159970	-1.271817	-0.124883
0.680000	3.713561	2.160560	-0.429032	-0.182689	-1.305194	-0.124601
0.700000	3.883945	2.655386	-0.561967	-0.202909	-1.338063	-0.123742
0.720000	3.898426	3.073908	-0.674671	-0.220091	-1.370428	-0.122265
0.740000	3.737064	3.400030	-0.763428	-0.233697	-1.402294	-0.120130
0.760000	3.385290	3.620540	-0.825351	-0.243297	-1.433604	-0.117310
0.780000	2.857759	3.737909	-0.862081	-0.249047	-1.463976	-0.113876
0.800000	2.179026	3.759914	-0.876795	-0.251306	-1.492915	-0.109928
0.820000	1.373651	3.694339	-0.872667	-0.250429	-1.519927	-0.105567
0.840000	0.466196	3.548969	-0.852874	-0.246773	-1.544516	-0.100892
0.860000	-0.518778	3.331586	-0.820592	-0.240694	-1.566189	-0.096006
0.880000	-1.556711	3.049974	-0.778997	-0.232551	-1.584451	-0.091008
0.900000	-2.623042	2.711917	-0.731265	-0.222698	-1.598807	-0.085999
0.920000	-3.693208	2.325198	-0.680571	-0.211493	-1.608764	-0.081079
0.940000	-4.742650	1.897600	-0.630093	-0.199293	-1.613825	-0.076350
0.960000	-5.746806	1.436908	-0.583005	-0.186454	-1.613498	-0.071912
0.980000	-6.681116	0.950904	-0.542484	-0.173333	-1.607287	-0.067865
1.000000	-7.521017	0.447372	-0.511706	-0.160287	-1.594699	-0.064310
1.020000	-8.241950	-0.065904	-0.493846	-0.147671	-1.575237	-0.061348
