0.000000	0.679449	0.835102	0.258720	-0.006965	-0.721019	-0.007325
0.020000	0.496721	1.123596	0.087958	-0.004862	-0.741587	-0.002422
0.040000	0.310998	1.337691	-0.056769	-0.002830	-0.758064	0.000280
0.060000	0.124450	1.465364	-0.168824	-0.000840	-0.769712	0.000537
0.080000	-0.060543	1.502931	-0.245371	0.001129	-0.776398	-0.001670
0.100000	-0.241254	1.460274	-0.289758	0.003077	-0.778974	-0.006001
0.120000	-0.414923	1.348525	-0.305906	0.005005	-0.778379	-0.012082
0.140000	-0.578792	1.178811	-0.297732	0.006911	-0.775555	-0.019539
0.160000	-0.730102	0.962263	-0.269154	0.008794	-0.771442	-0.027998
0.180000	-0.866094	0.710010	-0.224091	0.010654	-0.766980	-0.037085
0.200000	-0.984009	0.433181	-0.166461	0.012490	-0.763112	-0.046426
0.220000	-1.081088	0.142906	-0.100183	0.014302	-0.760776	-0.055649
0.240000	-1.154572	-0.149686	-0.029174	0.016088	-0.760914	-0.064378
0.260000	-1.201702	-0.433465	0.042646	0.017849	-0.764468	-0.072241
0.280000	-1.219720	-0.697302	0.111360	0.019582	-0.772376	-0.078862
0.300000	-1.205866	-0.930068	0.173050	0.021289	-0.785581	-0.083869
0.320000	-1.157382	-1.120632	0.223796	0.022967	-0.805022	-0.086888
0.340000	-1.071508	-1.257867	0.259681	0.024616	-0.831641	-0.087544
0.360000	-0.945503	-1.330673	0.276797	0.026236	-0.866374	-0.085465
0.380000	-0.779311	-1.333156	0.272862	0.027832	-0.909510	-0.080493
0.400000	-0.578513	-1.270326	0.249010	0.029421	-0.959972	-0.072919
0.420000	-0.349399	-1.148569	0.206804	0.031022	-1.016516	-0.063089
0.440000	-0.098260	-0.974269	0.147806	0.032655	-1.077897	-0.051349
0.460000	0.168614	-0.753812	0.073580	0.034338	-1.142867	-0.038048
0.480000	0.444932	-0.493582	-0.014312	0.036091	-1.210183	-0.023533
0.500000	0.724404	-0.199965	-0.114306	0.037933	-1.278597	-0.008149
0.520000	1.000740	0.120654	-0.224840	0.039882	-1.346865	0.007755
0.540000	1.267649	0.461890	-0.344351	0.041959	-1.413740	0.023834
0.560000	1.518841	0.817359	-0.471275	0.044181	-1.477978	0.039739
0.580000	1.748026	1.180675	-0.604051	0.046569	-1.538331	0.055124
0.600000	1.948912	1.545454	-0.741115	0.049141	-1.593555	0.069643
0.620000	2.115210	1.905309	-0.880904	0.051916	-1.642404	0.082947
0.640000	2.240629	2.253857	-1.021855	0.054913	-1.683632	0.094690
0.660000	2.318879	2.584711	-1.162406	0.058152	-1.715993	0.104525
0.680000	2.343670	2.891488	-1.300993	0.061652	-1.738243	0.112105
0.700000	2.310711	3.168485	-1.436190	0.065410	-1.749446	0.117164
0.720000	2.224516	3.413006	-1.567174	0.069328	-1.750043	0.119791
0.740000	2.092017	3.623181	-1.693285	0.073285	-1.740851	0.120173
0.760000	1.920149	3.797139	-1.813864	0.077155	-1.722688	0.118497
0.780000	1.715844	3.933011	-1.928253	0.080817	-1.696370	0.114951
0.800000	1.486037	4.028927	-2.035793	0.084147	-1.662716	0.109722
0.820000	1.237659	4.083016	-2.135824	0.087022	-1.622541	0.102996
0.840000	0.977645	4.093409	-2.227689	0.089318	-1.576664	0.094960
0.860000	0.712928	4.058235	-2.310728	0.090912	-1.525901	0.085802
0.880000	0.450442	3.975625	-2.384283	0.091680	-1.471071	0.075710
