0.000000	-0.896726	0.072950	0.067884	-0.054719	-0.490408	-0.131799
0.020000	-1.966990	-0.778978	-0.001643	-0.050376	-0.514954	-0.143412
0.040000	-2.989114	-1.610849	-0.071894	-0.046557	-0.541384	-0.154506
0.060000	-3.935863	-2.396963	-0.142169	-0.043449	-0.569608	-0.164789
0.080000	-4.780002	-3.111618	-0.211770	-0.041239	-0.599540	-0.173967
0.100000	-5.494293	-3.729113	-0.279999	-0.040117	-0.631091	-0.181749
0.120000	-6.051502	-4.223746	-0.346157	-0.040268	-0.664174	-0.187843
0.140000	-6.424392	-4.569817	-0.409545	-0.041881	-0.698699	-0.191954
0.160000	-6.585728	-4.741624	-0.469466	-0.045144	-0.734579	-0.193791
0.180000	-6.511167	-4.715872	-0.525249	-0.050217	-0.771725	-0.193086
0.200000	-6.210018	-4.497243	-0.576542	-0.056947	-0.810020	-0.189848
0.220000	-5.713298	-4.108470	-0.623200	-0.064977	-0.849333	-0.184270
0.240000	-5.052387	-3.572585	-0.665084	-0.073949	-0.889532	-0.176544
0.260000	-4.258664	-2.912622	-0.702050	-0.083502	-0.930485	-0.166865
0.280000	-3.363509	-2.151613	-0.733959	-0.093278	-0.972062	-0.155427
0.300000	-2.398301	-1.312591	-0.760668	-0.102917	-1.014128	-0.142423
0.320000	-1.394420	-0.418590	-0.782037	-0.112060	-1.056554	-0.128048
0.340000	-0.383245	0.507357	-0.797925	-0.120347	-1.099207	-0.112495
0.360000	0.603843	1.442218	-0.808189	-0.127418	-1.141956	-0.095959
0.380000	1.535466	2.362959	-0.812690	-0.132915	-1.184667	-0.078633
0.400000	2.380243	3.246547	-0.811285	-0.136477	-1.227211	-0.060711
0.420000	3.106797	4.069950	-0.803834	-0.137746	-1.269454	-0.042387
0.440000	3.683745	4.810134	-0.790196	-0.136363	-1.311265	-0.023855
0.460000	4.079710	5.444066	-0.770228	-0.131966	-1.352513	-0.005309
0.480000	4.263312	5.948713	-0.743790	-0.124198	-1.393065	0.013057
0.500000	4.203869	6.301461	-0.710753	-0.112709	-1.432789	0.031051
0.520000	3.895911	6.494801	-0.671401	-0.097524	-1.471527	0.048524
0.540000	3.365642	6.540205	-0.626545	-0.079137	-1.509089	0.065385
0.560000	2.641280	6.450350	-0.577025	-0.058073	-1.545285	0.081545
0.580000	1.751042	6.237913	-0.523683	-0.034854	-1.579923	0.096918
0.600000	0.723143	5.915572	-0.467361	-0.010007	-1.612810	0.111414
0.620000	-0.414198	5.496003	-0.408901	0.015946	-1.643756	0.124946
0.640000	-1.632766	4.991884	-0.349145	0.042481	-1.672570	0.137424
