0.000000	4.901054	4.156827	-1.500115	0.020244	-1.035243	0.100147
0.020000	5.397665	4.629930	-1.425611	0.044210	-1.089749	0.106915
0.040000	5.855847	5.045699	-1.331262	0.067962	-1.146153	0.112906
0.060000	6.263978	5.395303	-1.220140	0.091080	-1.203919	0.118185
0.080000	6.610439	5.669909	-1.095315	0.113144	-1.262512	0.122817
0.100000	6.883607	5.860685	-0.959856	0.133734	-1.321397	0.126867
0.120000	7.071864	5.958799	-0.816833	0.152431	-1.380039	0.130399
0.140000	7.163588	5.955418	-0.669318	0.168815	-1.437901	0.133479
0.160000	7.147159	5.841710	-0.520381	0.182465	-1.494448	0.136173
0.180000	7.011169	5.609063	-0.373080	0.192968	-1.549144	0.138543
0.200000	6.754005	5.259012	-0.229961	0.200178	-1.601443	0.140605
0.220000	6.387762	4.807292	-0.092855	0.204326	-1.650783	0.142309
0.240000	5.925556	4.270694	0.036465	0.205669	-1.696600	0.143596
0.260000	5.380501	3.666010	0.156221	0.204466	-1.738330	0.144411
0.280000	4.765713	3.010033	0.264640	0.200976	-1.775410	0.144696
0.300000	4.094309	2.319555	0.359945	0.195456	-1.807276	0.144396
0.320000	3.379403	1.611367	0.440361	0.188166	-1.833365	0.143452
0.340000	2.634111	0.902263	0.504113	0.179362	-1.853114	0.141809
0.360000	1.871548	0.209033	0.549425	0.169304	-1.865959	0.139409
0.380000	1.104830	-0.451530	0.574522	0.158250	-1.871336	0.136196
0.400000	0.347073	-1.062633	0.577628	0.146458	-1.868683	0.132113
0.420000	-0.388609	-1.607486	0.556967	0.134186	-1.857435	0.127104
0.440000	-1.089098	-2.069295	0.510766	0.121693	-1.837029	0.121111
0.460000	-1.741281	-2.431269	0.437247	0.109237	-1.806901	0.114077
0.480000	-2.332041	-2.676615	0.334635	0.097077	-1.766489	0.105947
0.500000	-2.849211	-2.790380	0.201626	0.085456	-1.715340	0.096673
0.520000	-3.290469	-2.776701	0.041799	0.074477	-1.654160	0.086312
0.540000	-3.659323	-2.651023	-0.138373	0.064156	-1.584341	0.074979
0.560000	-3.959360	-2.428942	-0.332380	0.054511	-1.507283	0.062792
0.580000	-4.194166	-2.126050	-0.533709	0.045557	-1.424387	0.049869
0.600000	-4.367327	-1.757944	-0.735851	0.037311	-1.337053	0.036328
0.620000	-4.482429	-1.340218	-0.932294	0.029788	-1.246683	0.022285
0.640000	-4.543058	-0.888465	-1.116528	0.023005	-1.154677	0.007859
0.660000	-4.552800	-0.418280	-1.282040	0.016978	-1.062436	-0.006833
0.680000	-4.515241	0.054742	-1.422321	0.011724	-0.971360	-0.021674
0.700000	-4.433968	0.515006	-1.530859	0.007257	-0.882850	-0.036546
0.720000	-4.312566	0.946919	-1.601143	0.003596	-0.798307	-0.051331
0.740000	-4.154621	1.334885	-1.626663	0.000755	-0.719132	-0.065913
0.760000	-3.963720	1.663311	-1.600906	-0.001249	-0.646724	-0.080172
0.780000	-3.743449	1.916602	-1.517364	-0.002400	-0.582485	-0.093993
0.800000	-3.497393	2.079163	-1.369523	-0.002682	-0.527816	-0.107257
0.820000	-3.229196	2.139998	-1.153825	-0.002123	-0.483726	-0.119858
0.840000	-2.942716	2.105175	-0.877666	-0.000919	-0.449771	-0.131735
0.860000	-2.641860	1.984720	-0.550981	0.000695	-0.425170	-0.142835
0.880000	-2.330536	1.788659	-0.183708	0.002486	-0.409143	-0.153107
