0.000000	2.291470	5.234294	-1.691597	-0.221268	-1.137814	0.136240
0.020000	1.680501	5.290648	-1.706148	-0.217197	-0.888787	0.133070
0.040000	0.968593	5.237448	-1.713807	-0.211868	-0.616894	0.126887
0.060000	0.176311	5.082862	-1.715265	-0.205575	-0.328706	0.118161
0.080000	-0.675781	4.835054	-1.711211	-0.198616	-0.030792	0.107364
0.100000	-1.567117	4.502189	-1.702337	-0.191287	0.270276	0.094967
0.120000	-2.477132	4.092433	-1.689332	-0.183884	0.567929	0.081440
0.140000	-3.385262	3.613952	-1.672887	-0.176703	0.855596	0.067254
0.160000	-4.270941	3.074910	-1.653692	-0.170040	1.126707	0.052881
0.180000	-5.113603	2.483474	-1.632438	-0.164192	1.374691	0.038791
0.200000	-5.892685	1.847808	-1.609815	-0.159455	1.592978	0.025455
0.220000	-6.587621	1.176077	-1.586513	-0.156125	1.774997	0.013345
0.240000	-7.177846	0.476449	-1.563223	-0.154498	1.914179	0.002931
0.260000	-7.642796	-0.242913	-1.540635	-0.154871	2.003953	-0.005317
0.280000	-7.968372	-0.973560	-1.519321	-0.157415	2.040116	-0.011071
0.300000	-8.162009	-1.706102	-1.499455	-0.161888	2.026348	-0.014495
0.320000	-8.235623	-2.430950	-1.481130	-0.167959	1.967968	-0.015848
0.340000	-8.201130	-3.138520	-1.464439	-0.175300	1.870297	-0.015393
0.360000	-8.070443	-3.819223	-1.449475	-0.183580	1.738652	-0.013391
0.380000	-7.855479	-4.463474	-1.436330	-0.192472	1.578355	-0.010105
0.400000	-7.568153	-5.061686	-1.425097	-0.201644	1.394725	-0.005795
0.420000	-7.220379	-5.604272	-1.415869	-0.210769	1.193080	-0.000723
0.440000	-6.824074	-6.081645	-1.408737	-0.219515	0.978742	0.004848
0.460000	-6.391151	-6.484219	-1.403796	-0.227555	0.757029	0.010657
0.480000	-5.933527	-6.802406	-1.401138	-0.234558	0.533261	0.016443
0.500000	-5.463117	-7.026621	-1.400855	-0.240195	0.312757	0.021944
0.520000	-4.991835	-7.147277	-1.403039	-0.244137	0.100837	0.026899
0.540000	-4.531597	-7.154787	-1.407785	-0.246055	-0.097178	0.031044
0.560000	-4.094318	-7.039564	-1.415184	-0.245618	-0.275971	0.034120
0.580000	-3.691913	-6.792021	-1.425329	-0.242498	-0.430221	0.035863
0.600000	-3.336265	-6.402632	-1.438308	-0.236367	-0.554625	0.036014
0.620000	-3.034276	-5.871130	-1.453488	-0.227107	-0.646415	0.034425
0.640000	-2.782534	-5.216422	-1.468747	-0.215041	-0.708075	0.031182
0.660000	-2.576347	-4.459796	-1.481774	-0.200545	-0.742740	0.026402
0.680000	-2.411022	-3.622537	-1.490261	-0.183995	-0.753545	0.020200
0.700000	-2.281867	-2.725934	-1.491899	-0.165766	-0.743625	0.012693
0.720000	-2.184190	-1.791272	-1.484378	-0.146235	-0.716114	0.003996
0.740000	-2.113299	-0.839839	-1.465391	-0.125778	-0.674147	-0.005773
0.760000	-2.064502	0.107079	-1.432627	-0.104770	-0.620860	-0.016500
0.780000	-2.033107	1.028196	-1.383778	-0.083588	-0.559387	-0.028068
