0.000000	0.000512	0.115353	0.005064	-0.068887	-0.945652	-0.163901
0.020000	0.182011	0.044997	-0.019037	-0.067305	-0.953834	-0.165115
0.040000	0.351153	-0.026721	-0.040146	-0.065641	-0.962869	-0.165767
0.060000	0.503303	-0.099504	-0.056551	-0.064044	-0.972293	-0.165749
0.080000	0.633827	-0.173051	-0.066542	-0.062665	-0.981640	-0.164956
0.100000	0.738093	-0.247064	-0.068411	-0.061653	-0.990446	-0.163282
0.120000	0.813203	-0.321087	-0.061170	-0.061109	-0.998367	-0.160681
0.140000	0.860830	-0.394245	-0.045731	-0.061004	-1.005385	-0.157269
0.160000	0.883392	-0.465598	-0.023319	-0.061287	-1.011534	-0.153189
0.180000	0.883310	-0.534204	0.004841	-0.061909	-1.016846	-0.148584
0.200000	0.863002	-0.599120	0.037524	-0.062819	-1.021356	-0.143596
0.220000	0.824889	-0.659406	0.073508	-0.063966	-1.025096	-0.138367
0.240000	0.771390	-0.714120	0.111566	-0.065301	-1.028101	-0.133040
0.260000	0.704925	-0.762321	0.150476	-0.066774	-1.030405	-0.127757
0.280000	0.627912	-0.803066	0.189012	-0.068333	-1.032040	-0.122661
0.300000	0.542771	-0.835415	0.225950	-0.069930	-1.033040	-0.117894
0.320000	0.451923	-0.858425	0.260066	-0.071513	-1.033439	-0.113598
0.340000	0.357785	-0.871156	0.290136	-0.073032	-1.033271	-0.109917
0.360000	0.262779	-0.872665	0.314935	-0.074437	-1.032568	-0.106993
0.380000	0.169322	-0.862011	0.333238	-0.075677	-1.031365	-0.104967
0.400000	0.079836	-0.838253	0.343822	-0.076703	-1.029696	-0.103983
0.420000	-0.003740	-0.800925	0.345855	-0.077477	-1.027598	-0.104132
0.440000	-0.081124	-0.751218	0.339867	-0.078000	-1.025128	-0.105330
0.460000	-0.152394	-0.690677	0.326684	-0.078285	-1.022346	-0.107455
0.480000	-0.217628	-0.620851	0.307132	-0.078345	-1.019312	-0.110384
0.500000	-0.276904	-0.543286	0.282036	-0.078190	-1.016086	-0.113995
0.520000	-0.330301	-0.459531	0.252222	-0.077834	-1.012727	-0.118167
0.540000	-0.377897	-0.371132	0.218515	-0.077287	-1.009297	-0.122776
0.560000	-0.419770	-0.279636	0.181742	-0.076562	-1.005855	-0.127700
0.580000	-0.455998	-0.186592	0.142728	-0.075672	-1.002461	-0.132817
0.600000	-0.486659	-0.093546	0.102298	-0.074627	-0.999175	-0.138006
0.620000	-0.511832	-0.002046	0.061278	-0.073440	-0.996056	-0.143142
0.640000	-0.531594	0.086361	0.020494	-0.072123	-0.993166	-0.148105
0.660000	-0.546025	0.170128	-0.019228	-0.070688	-0.990564	-0.152772
0.680000	-0.555201	0.247707	-0.057063	-0.069147	-0.988309	-0.157020
0.700000	-0.559202	0.317551	-0.092186	-0.067511	-0.986463	-0.160727
0.720000	-0.558106	0.378113	-0.123770	-0.065793	-0.985084	-0.163772
0.740000	-0.552018	0.428020	-0.151078	-0.064006	-0.984224	-0.166049
0.760000	-0.541265	0.467217	-0.174045	-0.062172	-0.983864	-0.167581
0.780000	-0.526270	0.496252	-0.192909	-0.060314	-0.983952	-0.168452
0.800000	-0.507457	0.515675	-0.207911	-0.058459	-0.984436	-0.168744
0.820000	-0.485251	0.526035	-0.219292	-0.056632	-0.985267	-0.168542
0.840000	-0.460075	0.527883	-0.227292	-0.054857	-0.986392	-0.167927
0.860000	-0.432355	0.521769	-0.232152	-0.053160	-0.987761	-0.166984
0.880000	-0.402514	0.508243	-0.234113	-0.051566	-0.989321	-0.165794
0.900000	-0.370977	0.487854	-0.233415	-0.050100	-0.991022	-0.164442
0.920000	-0.338168	0.461154	-0.230299	-0.048787	-0.992812	-0.163011
0.940000	-0.304511	0.428691	-0.225006	-0.047653	-0.994641	-0.161583
0.960000	-0.270431	0.391016	-0.217777	-0.046722	-0.996456	-0.160241
0.980000	-0.236352	0.348679	-0.208852	-0.046020	-0.998207	-0.159069
1.000000	-0.202699	0.302231	-0.198471	-0.045572	-0.999842	-0.158150
1.020000	-0.169895	0.252220	-0.186877	-0.045403	-1.001310	-0.157567
1.040000	-0.138365	0.199201	-0.174306	-0.045535	-1.002564	-0.157396
