0.000000	4.424763	-4.904304	-0.296226	0.294199	-1.701392	-0.333473
0.020000	4.468632	-3.903901	-0.003825	0.294004	-1.735638	-0.324922
0.040000	4.336079	-2.750180	0.353275	0.289387	-1.727623	-0.313936
0.060000	4.051845	-1.481037	0.761193	0.280910	-1.682350	-0.300955
0.080000	3.640672	-0.134369	1.206046	0.269134	-1.604828	-0.286421
0.100000	3.127300	1.251926	1.673950	0.254623	-1.500060	-0.270773
0.120000	2.536472	2.639952	2.151024	0.237937	-1.373052	-0.254452
0.140000	1.892928	3.991812	2.623384	0.219640	-1.228811	-0.237899
0.160000	1.221411	5.269608	3.077147	0.200293	-1.072341	-0.221554
0.180000	0.546661	6.435445	3.498431	0.180458	-0.908649	-0.205858
0.200000	-0.106580	7.451424	3.873352	0.160697	-0.742739	-0.191250
0.220000	-0.713571	8.279650	4.188028	0.141573	-0.579617	-0.178172
0.240000	-1.249570	8.882224	4.428577	0.123647	-0.424290	-0.167065
0.260000	-1.689836	9.221251	4.581114	0.107482	-0.281762	-0.158367
0.280000	-2.009933	9.259434	4.631960	0.093633	-0.156990	-0.152515
0.300000	-2.200188	8.988524	4.577181	0.082340	-0.052566	-0.149669
0.320000	-2.271955	8.441640	4.426730	0.073395	0.032285	-0.149603
0.340000	-2.238196	7.655067	4.191621	0.066554	0.098596	-0.152056
0.360000	-2.111873	6.665091	3.882869	0.061575	0.147401	-0.156773
0.380000	-1.905949	5.507995	3.511488	0.058214	0.179733	-0.163494
0.400000	-1.633386	4.220065	3.088492	0.056228	0.196624	-0.171962
0.420000	-1.307146	2.837584	2.624896	0.055374	0.199109	-0.181918
0.440000	-0.940191	1.396839	2.131714	0.055408	0.188219	-0.193106
0.460000	-0.545483	-0.065887	1.619960	0.056089	0.164989	-0.205267
0.480000	-0.135986	-1.514309	1.100650	0.057172	0.130451	-0.218143
0.500000	0.275340	-2.912143	0.584797	0.058415	0.085639	-0.231476
0.520000	0.675532	-4.223103	0.083415	0.059573	0.031586	-0.245008
0.540000	1.051627	-5.410904	-0.392481	0.060405	-0.030676	-0.258482
0.560000	1.390664	-6.439263	-0.831876	0.060668	-0.100113	-0.271639
0.580000	1.679680	-7.271894	-1.223757	0.060117	-0.175691	-0.284221
0.600000	1.905713	-7.872513	-1.557108	0.058510	-0.256378	-0.295971
0.620000	2.055801	-8.204835	-1.820916	0.055603	-0.341141	-0.306630
0.640000	2.120344	-8.242778	-2.006921	0.051223	-0.428945	-0.315992
0.660000	2.105369	-8.007673	-2.119665	0.045514	-0.518747	-0.324081
0.680000	2.021440	-7.534612	-2.167405	0.038714	-0.609503	-0.330992
0.700000	1.879121	-6.858689	-2.158401	0.031059	-0.700169	-0.336820
0.720000	1.688974	-6.014996	-2.100911	0.022787	-0.789700	-0.341657
0.740000	1.461563	-5.038628	-2.003192	0.014136	-0.877053	-0.345598
0.760000	1.207452	-3.964679	-1.873504	0.005342	-0.961182	-0.348737
0.780000	0.937204	-2.828242	-1.720103	-0.003356	-1.041043	-0.351168
0.800000	0.661383	-1.664410	-1.551250	-0.011721	-1.115591	-0.352985
0.820000	0.390553	-0.508277	-1.375201	-0.019517	-1.183784	-0.354281
0.840000	0.135276	0.605062	-1.200215	-0.026505	-1.244575	-0.355151
0.860000	-0.093883	1.640516	-1.034551	-0.032448	-1.296920	-0.355688
0.880000	-0.286361	2.562989	-0.886466	-0.037109	-1.339776	-0.355988
0.900000	-0.431595	3.337388	-0.764220	-0.040250	-1.372097	-0.356142
0.920000	-0.519259	3.929359	-0.675898	-0.041640	-1.392871	-0.356245
