0.000000	-3.638529	3.540282	1.541054	-0.041148	-0.984786	-0.199173
0.020000	-3.249704	3.881637	1.380480	-0.064232	-0.969779	-0.184779
0.040000	-2.725601	4.093987	1.159539	-0.086185	-0.956512	-0.171089
0.060000	-2.117424	4.146791	0.904510	-0.104518	-0.946764	-0.159584
0.080000	-1.476382	4.009512	0.641673	-0.116740	-0.942319	-0.151744
0.100000	-0.853680	3.651609	0.397308	-0.120364	-0.944956	-0.149049
0.120000	-0.300528	3.042545	0.197696	-0.112899	-0.956458	-0.152982
0.140000	0.131870	2.151780	0.069116	-0.091858	-0.978604	-0.165021
0.160000	0.392306	0.948774	0.037849	-0.054750	-1.013178	-0.186647
0.180000	0.431100	-0.595252	0.129345	0.000806	-1.061873	-0.219280
0.200000	0.237095	-2.464734	0.348105	0.074479	-1.124226	-0.262781
0.220000	-0.160359	-4.597478	0.676606	0.163089	-1.197500	-0.315377
0.240000	-0.729989	-6.929074	1.096278	0.263318	-1.278853	-0.375217
0.260000	-1.440521	-9.395112	1.588551	0.371850	-1.365441	-0.440449
0.280000	-2.260681	-11.931181	2.134854	0.485368	-1.454419	-0.509221
0.300000	-3.159195	-14.472874	2.716618	0.600555	-1.542944	-0.579682
0.320000	-4.104790	-16.955778	3.315272	0.714093	-1.628173	-0.649981
0.340000	-5.066191	-19.315486	3.912245	0.822667	-1.707262	-0.718265
0.360000	-6.012124	-21.487586	4.488969	0.922959	-1.777366	-0.782683
0.380000	-6.911317	-23.407669	5.026873	1.011653	-1.835643	-0.841384
0.400000	-7.732494	-25.011326	5.507385	1.085431	-1.879249	-0.892516
0.420000	-8.444383	-26.234146	5.911938	1.140977	-1.905340	-0.934227
0.440000	-9.015709	-27.011720	6.221959	1.174974	-1.911073	-0.964667
0.460000	-9.415198	-27.279637	6.418879	1.184104	-1.893603	-0.981982
0.480000	-9.611577	-26.973489	6.484128	1.165052	-1.850087	-0.984323
0.500000	-9.573572	-26.028864	6.399136	1.114500	-1.777681	-0.969837
0.520000	-9.269909	-24.381354	6.145332	1.029131	-1.673543	-0.936673
0.540000	-8.669314	-21.966549	5.704146	0.905628	-1.534827	-0.882979
0.560000	-7.740514	-18.720038	5.057009	0.740676	-1.358690	-0.806903
0.580000	-6.452234	-14.577412	4.185349	0.530955	-1.142290	-0.706595
0.600000	-4.773200	-9.474261	3.070597	0.273151	-0.882781	-0.580202
0.620000	-2.672139	-3.346175	1.694183	-0.036054	-0.577321	-0.425873
0.640000	-0.328596	3.075788	0.168546	-0.357358	-0.267682	-0.259698
0.660000	1.406869	6.606441	-0.976631	-0.520382	-0.131936	-0.153749
0.680000	2.516569	7.357250	-1.728754	-0.532206	-0.160557	-0.106994
0.700000	3.136041	6.035097	-2.170389	-0.431901	-0.310324	-0.105112
0.720000	3.400820	3.346864	-2.384104	-0.258537	-0.538015	-0.133781
0.740000	3.446442	-0.000566	-2.452466	-0.051186	-0.800409	-0.178682
0.760000	3.406312	-3.311771	-2.456751	0.151715	-1.054987	-0.225723
0.780000	3.352949	-6.218866	-2.441407	0.329882	-1.279369	-0.267391
0.800000	3.290542	-8.721553	-2.409540	0.483403	-1.473769	-0.303552
0.820000	3.219653	-10.839043	-2.362065	0.613447	-1.639601	-0.334468
0.840000	3.140847	-12.590542	-2.299896	0.721182	-1.778280	-0.360396
0.860000	3.054685	-13.995258	-2.223948	0.807777	-1.891220	-0.381598
0.880000	2.961730	-15.072401	-2.135134	0.874400	-1.979835	-0.398331
0.900000	2.862545	-15.841178	-2.034370	0.922219	-2.045539	-0.410856
0.920000	2.757693	-16.320798	-1.922570	0.952404	-2.089747	-0.419432
0.940000	2.647737	-16.530467	-1.800648	0.966123	-2.113872	-0.424318
0.960000	2.533240	-16.489396	-1.669519	0.964545	-2.119329	-0.425775
0.980000	2.414764	-16.216791	-1.530096	0.948837	-2.107533	-0.424060
1.000000	2.292873	-15.731860	-1.383295	0.920169	-2.079897	-0.419435
1.020000	2.168129	-15.053813	-1.230030	0.879710	-2.037835	-0.412157
1.040000	2.041095	-14.201857	-1.071214	0.828627	-1.982762	-0.402487
1.060000	1.912333	-13.195200	-0.907764	0.768089	-1.916093	-0.390685
1.080000	1.782408	-12.053051	-0.740592	0.699266	-1.839240	-0.377009
