0.000000	-8.941964	1.471150	0.943723	-0.301415	1.931666	-0.148069
0.020000	-9.656386	1.040265	1.208146	-0.305273	1.985491	-0.137215
0.040000	-10.187876	0.659839	1.411315	-0.304111	2.000744	-0.128210
0.060000	-10.517600	0.341196	1.545469	-0.297571	1.974019	-0.121288
0.080000	-10.654912	0.083661	1.613668	-0.286020	1.907688	-0.116367
0.100000	-10.618581	-0.117450	1.622586	-0.270071	1.806057	-0.113260
0.120000	-10.427383	-0.266825	1.578901	-0.250334	1.673435	-0.111780
0.140000	-10.100092	-0.369150	1.489291	-0.227422	1.514129	-0.111738
0.160000	-9.655486	-0.429112	1.360432	-0.201946	1.332445	-0.112947
0.180000	-9.112339	-0.451399	1.199003	-0.174518	1.132691	-0.115219
0.200000	-8.489428	-0.440697	1.011681	-0.145750	0.919175	-0.118367
0.220000	-7.805527	-0.401693	0.805143	-0.116252	0.696204	-0.122203
0.240000	-7.079414	-0.339075	0.586067	-0.086637	0.468085	-0.126539
0.260000	-6.329864	-0.257529	0.361130	-0.057516	0.239125	-0.131188
0.280000	-5.575651	-0.161742	0.137010	-0.029501	0.013632	-0.135962
0.300000	-4.835553	-0.056401	-0.079615	-0.003203	-0.204087	-0.140673
0.320000	-4.128345	0.053807	-0.282069	0.020765	-0.409724	-0.145134
0.340000	-3.472802	0.164194	-0.463674	0.041793	-0.598972	-0.149157
0.360000	-2.887700	0.270075	-0.617752	0.059269	-0.767524	-0.152554
0.380000	-2.390608	0.366990	-0.738067	0.072624	-0.911354	-0.155151
0.400000	-1.984093	0.453329	-0.823866	0.081837	-1.029924	-0.156926
0.420000	-1.660566	0.529405	-0.878109	0.087253	-1.125063	-0.157966
0.440000	-1.412243	0.595572	-0.903827	0.089224	-1.198642	-0.158356
0.460000	-1.231345	0.652181	-0.904050	0.088105	-1.252533	-0.158183
0.480000	-1.110089	0.699582	-0.881807	0.084247	-1.288607	-0.157535
0.500000	-1.040693	0.738129	-0.840128	0.078004	-1.308736	-0.156497
0.520000	-1.015376	0.768172	-0.782045	0.069729	-1.314793	-0.155156
0.540000	-1.026356	0.790063	-0.710586	0.059774	-1.308648	-0.153600
0.560000	-1.065851	0.804154	-0.628782	0.048492	-1.292174	-0.151915
0.580000	-1.126080	0.810796	-0.539664	0.036238	-1.267241	-0.150187
0.600000	-1.199261	0.810341	-0.446260	0.023362	-1.235723	-0.148504
0.620000	-1.277612	0.803141	-0.351602	0.010219	-1.199491	-0.146951
0.640000	-1.353352	0.789548	-0.258719	-0.002839	-1.160415	-0.145617
0.660000	-1.418698	0.769912	-0.170642	-0.015458	-1.120369	-0.144587
0.680000	-1.465870	0.744586	-0.090401	-0.027287	-1.081224	-0.143949
0.700000	-1.487085	0.713921	-0.021025	-0.037972	-1.044852	-0.143788
0.720000	-1.474588	0.678268	0.034465	-0.047160	-1.013119	-0.144192
0.740000	-1.424402	0.637964	0.074492	-0.054654	-0.987181	-0.145188
0.760000	-1.340231	0.593311	0.100410	-0.060566	-0.966748	-0.146684
0.780000	-1.226708	0.544607	0.113929	-0.065045	-0.951355	-0.148574
0.800000	-1.088468	0.492151	0.116760	-0.068241	-0.940537	-0.150751
0.820000	-0.930145	0.436242	0.110614	-0.070305	-0.933829	-0.153110
0.840000	-0.756373	0.377179	0.097199	-0.071387	-0.930765	-0.155543
0.860000	-0.571788	0.315259	0.078226	-0.071635	-0.930881	-0.157945
0.880000	-0.381022	0.250783	0.055406	-0.071202	-0.933710	-0.160210
0.900000	-0.188711	0.184048	0.030449	-0.070236	-0.938789	-0.162231
0.920000	0.000512	0.115353	0.005064	-0.068887	-0.945652	-0.163901
