0.000000	-2.998966	2.879287	2.482493	-0.064893	-2.035591	-0.362068
0.020000	-2.271226	3.099383	2.501408	-0.059953	-2.164841	-0.339406
0.040000	-1.636660	3.199547	2.499950	-0.049463	-2.251038	-0.319103
0.060000	-1.088091	3.193634	2.479743	-0.034124	-2.298007	-0.300929
0.080000	-0.618340	3.095503	2.442407	-0.014638	-2.309570	-0.284655
0.100000	-0.220232	2.919009	2.389565	0.008294	-2.289551	-0.270052
0.120000	0.113412	2.678010	2.322839	0.033968	-2.241772	-0.256889
0.140000	0.389770	2.386363	2.243851	0.061684	-2.170057	-0.244937
0.160000	0.616018	2.057923	2.154223	0.090740	-2.078230	-0.233966
0.180000	0.799334	1.706548	2.055576	0.120434	-1.970113	-0.223747
0.200000	0.946895	1.346096	1.949534	0.150063	-1.849530	-0.214050
0.220000	1.065879	0.990422	1.837717	0.178927	-1.720304	-0.204646
0.240000	1.163464	0.653384	1.721748	0.206324	-1.586258	-0.195304
0.260000	1.246826	0.348837	1.603248	0.231551	-1.451215	-0.185796
0.280000	1.323143	0.090641	1.483841	0.253907	-1.318999	-0.175891
0.300000	1.399593	-0.107350	1.365147	0.272689	-1.193433	-0.165360
0.320000	1.483353	-0.231278	1.248788	0.287197	-1.078340	-0.153974
0.340000	1.579833	-0.271445	1.136094	0.296925	-0.976715	-0.141601
0.360000	1.687922	-0.233480	1.027306	0.302096	-0.888498	-0.128474
0.380000	1.805009	-0.126547	0.922417	0.303099	-0.812927	-0.114909
0.400000	1.928482	0.040191	0.821423	0.300323	-0.749236	-0.101223
0.420000	2.055730	0.257572	0.724315	0.294159	-0.696665	-0.087733
0.440000	2.184142	0.516433	0.631087	0.284995	-0.654448	-0.074754
0.460000	2.311105	0.807611	0.541733	0.273221	-0.621823	-0.062603
0.480000	2.434008	1.121944	0.456246	0.259226	-0.598026	-0.051597
0.500000	2.550239	1.450269	0.374619	0.243401	-0.582295	-0.042052
0.520000	2.657187	1.783424	0.296846	0.226134	-0.573865	-0.034284
0.540000	2.752241	2.112245	0.222920	0.207816	-0.571973	-0.028610
0.560000	2.832788	2.427570	0.152834	0.188835	-0.575857	-0.025346
0.580000	2.896216	2.720236	0.086582	0.169581	-0.584753	-0.024809
0.600000	2.939916	2.981081	0.024156	0.150444	-0.597897	-0.027315
0.620000	2.961274	3.200942	-0.034448	0.131813	-0.614526	-0.033180
0.640000	2.958320	3.372329	-0.089253	0.114028	-0.633928	-0.042622
0.660000	2.932209	3.495909	-0.140341	0.097186	-0.655641	-0.055372
0.680000	2.885047	3.574832	-0.187818	0.081311	-0.679279	-0.071014
0.700000	2.818940	3.612245	-0.231789	0.066425	-0.704457	-0.089132
0.720000	2.735993	3.611299	-0.272358	0.052552	-0.730787	-0.109309
0.740000	2.638312	3.575142	-0.309629	0.039716	-0.757885	-0.131130
0.760000	2.528003	3.506924	-0.343706	0.027940	-0.785363	-0.154180
0.780000	2.407173	3.409793	-0.374696	0.017247	-0.812837	-0.178040
0.800000	2.277926	3.286899	-0.402701	0.007660	-0.839920	-0.202297
0.820000	2.142369	3.141391	-0.427827	-0.000797	-0.866226	-0.226533
0.840000	2.002608	2.976418	-0.450177	-0.008100	-0.891369	-0.250332
0.860000	1.860748	2.795129	-0.469858	-0.014227	-0.914963	-0.273279
0.880000	1.718896	2.600674	-0.486972	-0.019155	-0.936623	-0.294958
0.900000	1.579156	2.396201	-0.501625	-0.022859	-0.955962	-0.314952
0.920000	1.443636	2.184860	-0.513921	-0.025316	-0.972593	-0.332845
0.940000	1.314441	1.969800	-0.523964	-0.026503	-0.986133	-0.348221
0.960000	1.193547	1.754070	-0.531855	-0.026406	-0.996231	-0.360699
