0.000000	3.469344	5.399341	-1.975185	0.012095	-1.413189	-0.475861
0.020000	3.815037	4.746800	-2.119682	-0.009848	-1.560965	-0.481794
0.040000	4.100837	4.020821	-2.251767	-0.031541	-1.700451	-0.488121
0.060000	4.313461	3.232611	-2.370159	-0.052347	-1.826606	-0.495010
0.080000	4.439629	2.393375	-2.473581	-0.071627	-1.934390	-0.502634
0.100000	4.466061	1.514321	-2.560752	-0.088745	-2.018764	-0.511163
0.120000	4.379477	0.606654	-2.630395	-0.103063	-2.074686	-0.520769
0.140000	4.166594	-0.318418	-2.681230	-0.113944	-2.097117	-0.531621
0.160000	3.814134	-1.249690	-2.711978	-0.120751	-2.081017	-0.543891
0.180000	3.308815	-2.175954	-2.721361	-0.122847	-2.021346	-0.557751
0.200000	2.637357	-3.086004	-2.708099	-0.119593	-1.913063	-0.573369
0.220000	1.789770	-3.969020	-2.671143	-0.110473	-1.752195	-0.590869
0.240000	0.781254	-4.817128	-2.611200	-0.095881	-1.542929	-0.609990
0.260000	-0.361350	-5.623820	-2.529789	-0.076637	-1.293225	-0.630296
0.280000	-1.611138	-6.382593	-2.428434	-0.053560	-1.011062	-0.651349
0.300000	-2.941207	-7.086945	-2.308657	-0.027472	-0.704419	-0.672713
0.320000	-4.324653	-7.730374	-2.171982	0.000808	-0.381275	-0.693951
0.340000	-5.734573	-8.306378	-2.019931	0.030459	-0.049611	-0.714625
0.360000	-7.144064	-8.808455	-1.854030	0.060661	0.282595	-0.734300
0.380000	-8.526221	-9.230102	-1.675799	0.090593	0.607363	-0.752537
0.400000	-9.854143	-9.564817	-1.486764	0.119434	0.916713	-0.768900
0.420000	-11.100924	-9.806099	-1.288447	0.146365	1.202667	-0.782951
0.440000	-12.239662	-9.947445	-1.082371	0.170564	1.457245	-0.794254
0.460000	-13.243454	-9.982353	-0.870059	0.191212	1.672467	-0.802371
0.480000	-14.085395	-9.904321	-0.653035	0.207488	1.840354	-0.806867
0.500000	-14.738582	-9.706847	-0.432823	0.218571	1.952927	-0.807302
0.520000	-15.176125	-9.383434	-0.210945	0.223642	2.002210	-0.803242
0.540000	-15.382008	-8.932771	0.011115	0.222249	1.983685	-0.794452
0.560000	-15.371095	-8.368266	0.231985	0.214992	1.902650	-0.781279
0.580000	-15.163690	-7.705921	0.450312	0.202654	1.766132	-0.764170
0.600000	-14.780099	-6.961737	0.664743	0.186018	1.581158	-0.743572
0.620000	-14.240626	-6.151716	0.873927	0.165868	1.354755	-0.719934
0.640000	-13.565575	-5.291860	1.076510	0.142987	1.093952	-0.693704
0.660000	-12.775252	-4.398171	1.271140	0.118158	0.805774	-0.665328
0.680000	-11.889961	-3.486650	1.456465	0.092165	0.497251	-0.635255
0.700000	-10.930006	-2.573299	1.631132	0.065792	0.175407	-0.603931
0.720000	-9.915694	-1.674120	1.793789	0.039822	-0.152727	-0.571806
0.740000	-8.867327	-0.805114	1.943082	0.015037	-0.480127	-0.539326
0.760000	-7.805212	0.017716	2.077660	-0.007777	-0.799764	-0.506939
0.780000	-6.749653	0.778369	2.196171	-0.027839	-1.104610	-0.475093
0.800000	-5.720954	1.460844	2.297260	-0.044364	-1.387640	-0.444235
0.820000	-4.739420	2.049137	2.379577	-0.056570	-1.641824	-0.414814
0.840000	-3.825357	2.527249	2.441769	-0.063672	-1.860137	-0.387276
