0.000000	0.114496	0.317206	-0.063371	-0.053407	-0.995194	-0.100863
0.020000	0.121116	0.351437	-0.071747	-0.053120	-0.995875	-0.097571
0.040000	0.126412	0.378015	-0.082129	-0.052772	-0.996491	-0.094042
0.060000	0.130388	0.397597	-0.094175	-0.052383	-0.997041	-0.090355
0.080000	0.133051	0.410843	-0.107542	-0.051974	-0.997523	-0.086586
0.100000	0.134404	0.418409	-0.121889	-0.051566	-0.997936	-0.082811
0.120000	0.134453	0.420953	-0.136875	-0.051182	-0.998281	-0.079108
0.140000	0.133202	0.419134	-0.152156	-0.050840	-0.998556	-0.075553
0.160000	0.130656	0.413608	-0.167392	-0.050564	-0.998760	-0.072222
0.180000	0.126820	0.405034	-0.182239	-0.050374	-0.998893	-0.069192
0.200000	0.121699	0.394070	-0.196358	-0.050291	-0.998954	-0.066540
0.220000	0.115298	0.381373	-0.209404	-0.050337	-0.998941	-0.064343
0.240000	0.107621	0.367601	-0.221038	-0.050532	-0.998855	-0.062677
0.260000	0.098674	0.353412	-0.230916	-0.050898	-0.998694	-0.061619
0.280000	0.088462	0.339461	-0.238699	-0.051455	-0.998458	-0.061244
0.300000	0.077050	0.326204	-0.244251	-0.052203	-0.998147	-0.061574
0.320000	0.064610	0.313752	-0.247782	-0.053104	-0.997768	-0.062534
0.340000	0.051322	0.302185	-0.249538	-0.054117	-0.997325	-0.064039
0.360000	0.037366	0.291579	-0.249764	-0.055199	-0.996825	-0.066005
0.380000	0.022922	0.282013	-0.248705	-0.056310	-0.996272	-0.068348
0.400000	0.008170	0.273565	-0.246605	-0.057408	-0.995673	-0.070985
0.420000	-0.006708	0.266314	-0.243712	-0.058451	-0.995033	-0.073830
0.440000	-0.021532	0.260336	-0.240269	-0.059398	-0.994358	-0.076800
0.460000	-0.036123	0.255711	-0.236523	-0.060207	-0.993652	-0.079810
0.480000	-0.050299	0.252515	-0.232718	-0.060837	-0.992922	-0.082776
0.500000	-0.063881	0.250829	-0.229099	-0.061247	-0.992174	-0.085615
0.520000	-0.076687	0.250728	-0.225912	-0.061394	-0.991412	-0.088242
0.540000	-0.088538	0.252293	-0.223402	-0.061237	-0.990643	-0.090572
0.560000	-0.099253	0.255600	-0.221815	-0.060735	-0.989871	-0.092523
0.580000	-0.108652	0.260726	-0.221395	-0.059846	-0.989103	-0.094009
0.600000	-0.116576	0.267599	-0.222257	-0.058558	-0.988347	-0.094983
0.620000	-0.122914	0.275808	-0.224233	-0.056923	-0.987615	-0.095481
0.640000	-0.127560	0.284897	-0.227113	-0.055001	-0.986920	-0.095549
0.660000	-0.130409	0.294411	-0.230690	-0.052854	-0.986277	-0.095232
0.680000	-0.131357	0.303896	-0.234756	-0.050540	-0.985698	-0.094577
0.700000	-0.130298	0.312895	-0.239103	-0.048122	-0.985198	-0.093630
0.720000	-0.127127	0.320954	-0.243521	-0.045659	-0.984790	-0.092436
0.740000	-0.121739	0.327617	-0.247804	-0.043212	-0.984488	-0.091041
0.760000	-0.114029	0.332430	-0.251742	-0.040842	-0.984304	-0.089492
0.780000	-0.103892	0.334936	-0.255128	-0.038610	-0.984253	-0.087835
0.800000	-0.091224	0.334680	-0.257753	-0.036575	-0.984348	-0.086115
