0.000000	14.439549	7.708991	-1.524602	-0.227939	-0.262054	-0.103512
0.020000	15.727389	7.997161	-1.798210	-0.210235	-0.276792	-0.108813
0.040000	16.633505	8.161809	-2.004436	-0.197696	-0.289969	-0.113211
0.060000	17.093927	8.181285	-2.126631	-0.191242	-0.301221	-0.116723
0.080000	17.046129	8.034438	-2.148491	-0.191778	-0.310190	-0.119367
0.100000	16.483318	7.719300	-2.067029	-0.199450	-0.316751	-0.121206
0.120000	15.470840	7.258728	-1.896490	-0.213427	-0.321076	-0.122363
0.140000	14.078839	6.677234	-1.652267	-0.232813	-0.323358	-0.122965
0.160000	12.377457	5.999326	-1.349752	-0.256715	-0.323791	-0.123138
0.180000	10.436837	5.249514	-1.004337	-0.284235	-0.322569	-0.123008
0.200000	8.327121	4.452307	-0.631415	-0.314478	-0.319883	-0.122701
0.220000	6.118452	3.632216	-0.246378	-0.346549	-0.315927	-0.122345
0.240000	3.880973	2.813750	0.135382	-0.379552	-0.310895	-0.122066
0.260000	1.684826	2.021418	0.498473	-0.412592	-0.304979	-0.121989
0.280000	-0.399845	1.279730	0.827502	-0.444773	-0.298373	-0.122242
0.300000	-2.302899	0.613196	1.107077	-0.475200	-0.291270	-0.122951
0.320000	-3.954192	0.046325	1.321806	-0.502977	-0.283863	-0.124242
0.340000	-5.283583	-0.396373	1.456297	-0.527208	-0.276345	-0.126242
0.360000	-6.220927	-0.690388	1.495157	-0.546998	-0.268909	-0.129076
0.380000	-6.696733	-0.811457	1.423149	-0.561459	-0.261748	-0.132871
0.400000	-6.688463	-0.753132	1.236222	-0.570260	-0.254971	-0.137638
0.420000	-6.251400	-0.538484	0.948863	-0.573987	-0.248555	-0.143203
0.440000	-5.448142	-0.193364	0.577303	-0.573317	-0.242461	-0.149374
0.460000	-4.341288	0.256380	0.137774	-0.568924	-0.236651	-0.155960
0.480000	-2.993439	0.784898	-0.353495	-0.561482	-0.231089	-0.162768
0.500000	-1.467194	1.366342	-0.880273	-0.551668	-0.225737	-0.169607
0.520000	0.174848	1.974861	-1.426328	-0.540156	-0.220557	-0.176286
0.540000	1.870087	2.584607	-1.975430	-0.527622	-0.215512	-0.182612
0.560000	3.555925	3.169732	-2.511348	-0.514739	-0.210563	-0.188394
0.580000	5.169761	3.704384	-3.017851	-0.502183	-0.205674	-0.193439
0.600000	6.648997	4.162716	-3.478708	-0.490628	-0.200807	-0.197557
0.620000	7.931032	4.518878	-3.877689	-0.480751	-0.195925	-0.200556
0.640000	8.953268	4.747021	-4.198562	-0.473226	-0.190989	-0.202242
0.660000	9.653104	4.821296	-4.425097	-0.468727	-0.185962	-0.202426
0.680000	9.967943	4.715853	-4.541063	-0.467930	-0.180808	-0.200915
0.700000	9.835187	4.404845	-4.530231	-0.471510	-0.175487	-0.197517
0.720000	9.217663	3.873505	-4.383160	-0.479892	-0.169991	-0.192131
0.740000	8.164622	3.144733	-4.113494	-0.492652	-0.164408	-0.184957
0.760000	6.743661	2.249424	-3.739780	-0.509186	-0.158845	-0.176262
0.780000	5.022377	1.218476	-3.280561	-0.528891	-0.153409	-0.166313
0.800000	3.068367	0.082785	-2.754382	-0.551164	-0.148210	-0.155376
0.820000	0.949228	-1.126752	-2.179788	-0.575399	-0.143354	-0.143717
0.840000	-1.267442	-2.379239	-1.575324	-0.600993	-0.138950	-0.131603
0.860000	-3.514047	-3.643780	-0.959534	-0.627343	-0.135105	-0.119299
0.880000	-5.722990	-4.889479	-0.350963	-0.653845	-0.131927	-0.107073
0.900000	-7.826672	-6.085437	0.231843	-0.679894	-0.129524	-0.095190
0.920000	-9.757497	-7.200761	0.770341	-0.704887	-0.128004	-0.083917
0.940000	-11.447869	-8.204551	1.245986	-0.728221	-0.127475	-0.073520
0.960000	-12.830189	-9.065913	1.640232	-0.749291	-0.128044	-0.064265
0.980000	-13.836860	-9.753950	1.934535	-0.767493	-0.129820	-0.056420
1.000000	-14.400286	-10.237766	2.110350	-0.782225	-0.132910	-0.050250
1.020000	-14.471436	-10.494333	2.154509	-0.793032	-0.137391	-0.045949
1.040000	-14.084660	-10.535971	2.077983	-0.800144	-0.143205	-0.043392
1.060000	-13.297706	-10.384914	1.898520	-0.803979	-0.150254	-0.042360
1.080000	-12.168321	-10.063398	1.633866	-0.804955	-0.158442	-0.042636
1.100000	-10.754253	-9.593660	1.301768	-0.803491	-0.167670	-0.044004
1.120000	-9.113251	-8.997934	0.919974	-0.800006	-0.177842	-0.046245
1.140000	-7.303063	-8.298458	0.506230	-0.794917	-0.188860	-0.049143
1.160000	-5.381436	-7.517467	0.078284	-0.788645	-0.200628	-0.052480
1.180000	-3.406119	-6.677197	-0.346118	-0.781607	-0.213047	-0.056039
1.200000	-1.434859	-5.799884	-0.749228	-0.774222	-0.226020	-0.059603
1.220000	0.474594	-4.907763	-1.113300	-0.766908	-0.239451	-0.062955
1.240000	2.264493	-4.023071	-1.420587	-0.760085	-0.253241	-0.065877
1.260000	3.877091	-3.168043	-1.653341	-0.754171	-0.267295	-0.068151
1.280000	5.254638	-2.364916	-1.793816	-0.749584	-0.281513	-0.069562
1.300000	6.339388	-1.635925	-1.824265	-0.746742	-0.295800	-0.069890
1.320000	7.073591	-1.003307	-1.726940	-0.746066	-0.310058	-0.068920
1.340000	7.405596	-0.487250	-1.486368	-0.747946	-0.324198	-0.066464
1.360000	7.345072	-0.087363	-1.109947	-0.752499	-0.338216	-0.062639
1.380000	6.937134	0.208642	-0.618296	-0.759684	-0.352156	-0.057738
1.400000	6.227330	0.413200	-0.032193	-0.769459	-0.366063	-0.052057
1.420000	5.261206	0.538744	0.627581	-0.781780	-0.379984	-0.045890
1.440000	4.084311	0.597709	1.340248	-0.796604	-0.393963	-0.039532
1.460000	2.742191	0.602529	2.085028	-0.813889	-0.408046	-0.033279
1.480000	1.280393	0.565638	2.841142	-0.833592	-0.422277	-0.027425
1.500000	-0.255534	0.499469	3.587810	-0.855669	-0.436703	-0.022265
1.520000	-1.820044	0.416456	4.304253	-0.880078	-0.451368	-0.018096
1.540000	-3.367590	0.329034	4.969692	-0.906775	-0.466317	-0.015211
1.560000	-4.852624	0.249637	5.563347	-0.935719	-0.481596	-0.013905
1.580000	-6.229599	0.190698	6.064439	-0.966865	-0.497251	-0.014475
1.600000	-7.452967	0.164650	6.452188	-1.000170	-0.513326	-0.017215
1.620000	-8.477182	0.183930	6.705816	-1.035593	-0.529867	-0.022419
1.640000	-9.259225	0.260331	6.805998	-1.073072	-0.546907	-0.030356
1.660000	-9.791816	0.396624	6.753990	-1.112295	-0.564319	-0.040909
1.680000	-10.094158	0.588893	6.566297	-1.152764	-0.581857	-0.053672
1.700000	-10.186077	0.833064	6.259781	-1.193977	-0.599270	-0.068236
1.720000	-10.087401	1.125063	5.851306	-1.235431	-0.616309	-0.084190
1.740000	-9.817955	1.460816	5.357736	-1.276623	-0.632724	-0.101123
1.760000	-9.397566	1.836247	4.795935	-1.317052	-0.648266	-0.118626
1.780000	-8.846062	2.247285	4.182764	-1.356215	-0.662685	-0.136287
1.800000	-8.183268	2.689854	3.535089	-1.393608	-0.675731	-0.153697
1.820000	-7.429011	3.159880	2.869772	-1.428731	-0.687154	-0.170445
1.840000	-6.603119	3.653290	2.203676	-1.461080	-0.696705	-0.186119
1.860000	-5.725416	4.166008	1.553666	-1.490152	-0.704134	-0.200311
1.880000	-4.815731	4.693962	0.936605	-1.515446	-0.709192	-0.212608
1.900000	-3.893890	5.233077	0.369356	-1.536459	-0.711628	-0.222602
1.920000	-2.979719	5.779279	-0.131217	-1.552689	-0.711193	-0.229881
1.940000	-2.093045	6.328494	-0.548252	-1.563632	-0.707638	-0.234035
1.960000	-1.253556	6.876601	-0.865099	-1.568796	-0.700718	-0.234660
1.980000	-0.474044	7.417212	-1.075801	-1.568179	-0.690501	-0.231721
2.000000	0.242644	7.940663	-1.189816	-1.562482	-0.677501	-0.225710
2.020000	0.894433	8.437036	-1.217797	-1.552464	-0.662267	-0.217159
2.040000	1.479247	8.896414	-1.170402	-1.538881	-0.645348	-0.206604
2.060000	1.995013	9.308877	-1.058285	-1.522491	-0.627293	-0.194577
2.080000	2.439655	9.664510	-0.892103	-1.504052	-0.608652	-0.181611
2.100000	2.811099	9.953393	-0.682512	-1.484321	-0.589972	-0.168241
2.120000	3.107270	10.165609	-0.440166	-1.464055	-0.571804	-0.154999
2.140000	3.326093	10.291240	-0.175721	-1.444012	-0.554696	-0.142420
2.160000	3.465493	10.320369	0.100166	-1.424950	-0.539198	-0.131036
2.180000	3.523396	10.243076	0.376841	-1.407625	-0.525858	-0.121381
2.200000	3.497727	10.049446	0.643647	-1.392796	-0.515225	-0.113989
2.220000	3.386411	9.729560	0.889928	-1.381220	-0.507849	-0.109393
2.240000	3.187373	9.273499	1.105030	-1.373654	-0.504278	-0.108126
2.260000	2.898609	8.671454	1.278339	-1.370849	-0.505058	-0.110719
2.280000	2.525195	7.924637	1.403638	-1.372981	-0.510315	-0.117351
2.300000	2.085325	7.054662	1.482842	-1.379149	-0.519399	-0.127551
2.320000	1.598609	6.085351	1.518750	-1.388343	-0.531579	-0.140778
2.340000	1.084660	5.040530	1.514158	-1.399546	-0.546121	-0.156491
2.360000	0.563088	3.944021	1.471865	-1.411747	-0.562293	-0.174150
2.380000	0.053506	2.819648	1.394667	-1.423930	-0.579362	-0.193212
2.400000	-0.424474	1.691234	1.285363	-1.435084	-0.596595	-0.213138
2.420000	-0.851242	0.582605	1.146750	-1.444194	-0.613259	-0.233386
2.440000	-1.207184	-0.482418	0.981625	-1.450246	-0.628622	-0.253415
2.460000	-1.472690	-1.480010	0.792786	-1.452227	-0.641950	-0.272685
2.480000	-1.628148	-2.386347	0.583031	-1.449123	-0.652512	-0.290654
2.500000	-1.653947	-3.177607	0.355156	-1.439921	-0.659574	-0.306781
2.520000	-1.530473	-3.829965	0.111961	-1.423608	-0.662403	-0.320525
2.540000	-1.238117	-4.319597	-0.143759	-1.399168	-0.660268	-0.331346
2.560000	-0.757265	-4.622680	-0.409204	-1.365590	-0.652434	-0.338703
2.580000	-0.070354	-4.717156	-0.681494	-1.321940	-0.638219	-0.342086
2.600000	0.808821	-4.607994	-0.956438	-1.268523	-0.617692	-0.341482
2.620000	1.841946	-4.321299	-1.228826	-1.206610	-0.591512	-0.337267
2.640000	2.990055	-3.883738	-1.493421	-1.137501	-0.560355	-0.329825
2.660000	4.214179	-3.321979	-1.744986	-1.062493	-0.524894	-0.319539
2.680000	5.475353	-2.662687	-1.978283	-0.982884	-0.485804	-0.306797
2.700000	6.734610	-1.932530	-2.188075	-0.899973	-0.443760	-0.291980
2.720000	7.952983	-1.158175	-2.369124	-0.815056	-0.399437	-0.275476
2.740000	9.091504	-0.366289	-2.516193	-0.729433	-0.353509	-0.257667
2.760000	10.111208	0.416461	-2.624044	-0.644401	-0.306651	-0.238940
2.780000	10.973126	1.163409	-2.687441	-0.561258	-0.259537	-0.219678
2.800000	11.638293	1.847887	-2.701145	-0.481303	-0.212843	-0.200266
2.820000	12.067742	2.443228	-2.659920	-0.405833	-0.167243	-0.181089
2.840000	12.222506	2.922766	-2.558528	-0.336146	-0.123411	-0.162532
2.860000	12.063617	3.259833	-2.391732	-0.273540	-0.082023	-0.144980
2.880000	11.553910	3.428731	-2.154630	-0.219276	-0.043737	-0.128808
2.900000	10.697414	3.425912	-1.850033	-0.173736	-0.008854	-0.114214
2.920000	9.539229	3.269912	-1.488433	-0.136427	0.022681	-0.101215
2.940000	8.126233	2.980224	-1.080658	-0.106821	0.050940	-0.089818
2.960000	6.505302	2.576338	-0.637535	-0.084387	0.075993	-0.080035
2.980000	4.723314	2.077747	-0.169890	-0.068597	0.097913	-0.071872
3.000000	2.827144	1.503941	0.311451	-0.058921	0.116769	-0.065340
3.020000	0.863671	0.874414	0.795659	-0.054829	0.132634	-0.060447
3.040000	-1.120229	0.208655	1.271909	-0.055792	0.145579	-0.057202
3.060000	-3.077680	-0.473843	1.729374	-0.061280	0.155674	-0.055614
3.080000	-4.961805	-1.153589	2.157227	-0.070763	0.162992	-0.055693
