0.000000	-6.512130	1.471320	-2.454819	1.872502	-1.314333	-0.215558
0.020000	-4.938484	2.052130	-2.376380	1.735332	-1.290301	-0.191790
0.040000	-3.302473	2.638424	-2.252211	1.558971	-1.249398	-0.161905
0.060000	-1.633288	3.221569	-2.085275	1.349450	-1.193964	-0.127036
0.080000	0.039881	3.792933	-1.878532	1.112800	-1.126340	-0.088313
0.100000	1.687843	4.343883	-1.634944	0.855052	-1.048867	-0.046866
0.120000	3.281409	4.865788	-1.357472	0.582236	-0.963885	-0.003826
0.140000	4.791388	5.350015	-1.049078	0.300384	-0.873736	0.039677
0.160000	6.188589	5.787931	-0.712722	0.015526	-0.780760	0.082510
0.180000	7.443822	6.170906	-0.351367	-0.266306	-0.687298	0.123545
0.200000	8.527897	6.490305	0.032027	-0.539083	-0.595691	0.161650
0.220000	9.411623	6.737498	0.434498	-0.796772	-0.508279	0.195694
0.240000	10.065810	6.903852	0.853086	-1.033344	-0.427404	0.224548
0.260000	10.461268	6.980734	1.284827	-1.242768	-0.355406	0.247079
0.280000	10.568806	6.959512	1.726762	-1.419011	-0.294626	0.262158
0.300000	10.360746	6.832036	2.175791	-1.556239	-0.247332	0.268697
0.320000	9.845511	6.601666	2.625527	-1.653250	-0.214035	0.266626
0.340000	9.068381	6.283510	3.066224	-1.713578	-0.193455	0.256915
0.360000	8.076302	5.893210	3.487987	-1.740968	-0.184234	0.240583
0.380000	6.916217	5.446404	3.880919	-1.739169	-0.185009	0.218646
0.400000	5.635070	4.958733	4.235124	-1.711925	-0.194420	0.192123
0.420000	4.279807	4.445837	4.540706	-1.662984	-0.211107	0.162030
0.440000	2.897371	3.923356	4.787767	-1.596092	-0.233710	0.129386
0.460000	1.534707	3.406930	4.966413	-1.514996	-0.260867	0.095208
0.480000	0.238759	2.912199	5.066746	-1.423443	-0.291219	0.060513
0.500000	-0.943530	2.454803	5.078870	-1.325179	-0.323404	0.026319
0.520000	-1.965214	2.050382	4.992889	-1.223950	-0.356063	-0.006356
0.540000	-2.779349	1.714576	4.798907	-1.123504	-0.387834	-0.036496
0.560000	-3.338991	1.463025	4.487027	-1.027586	-0.417358	-0.063082
0.580000	-3.597195	1.311369	4.047352	-0.939944	-0.443273	-0.085097
0.600000	-3.508020	1.274916	3.470320	-0.864271	-0.464238	-0.101541
0.620000	-3.064680	1.356004	2.759362	-0.802215	-0.479634	-0.112097
0.640000	-2.311375	1.540083	1.934834	-0.752756	-0.489783	-0.117338
0.660000	-1.295726	1.811470	1.018226	-0.714696	-0.495071	-0.117894
0.680000	-0.065353	2.154481	0.031027	-0.686839	-0.495883	-0.114400
0.700000	1.332123	2.553434	-1.005271	-0.667986	-0.492605	-0.107486
0.720000	2.849082	2.992645	-2.069180	-0.656938	-0.485623	-0.097785
0.740000	4.437903	3.456431	-3.139208	-0.652500	-0.475322	-0.085928
0.760000	6.050967	3.929109	-4.193865	-0.653471	-0.462088	-0.072549
0.780000	7.640651	4.394997	-5.211662	-0.658656	-0.446306	-0.058278
0.800000	9.159337	4.838410	-6.171109	-0.666856	-0.428363	-0.043749
0.820000	10.559403	5.243667	-7.050715	-0.676873	-0.408643	-0.029592
0.840000	11.793229	5.595083	-7.828989	-0.687509	-0.387533	-0.016441
0.860000	12.813195	5.876975	-8.484443	-0.697568	-0.365417	-0.004927
0.880000	13.571680	6.073661	-8.995586	-0.705850	-0.342683	0.004317
0.900000	14.021064	6.169458	-9.340927	-0.711158	-0.319714	0.010660
0.920000	14.113726	6.148681	-9.498978	-0.712294	-0.296897	0.013469
0.940000	13.805164	5.996676	-9.449642	-0.708116	-0.274609	0.012148
0.960000	13.104748	5.716524	-9.196943	-0.698424	-0.253063	0.006700
0.980000	12.067348	5.326292	-8.765271	-0.683819	-0.232336	-0.002360
1.000000	10.749267	4.844516	-8.179658	-0.664924	-0.212503	-0.014504
1.020000	9.206805	4.289733	-7.465134	-0.642365	-0.193636	-0.029203
1.040000	7.496262	3.680479	-6.646731	-0.616766	-0.175809	-0.045926
1.060000	5.673940	3.035291	-5.749479	-0.588752	-0.159094	-0.064145
1.080000	3.796139	2.372704	-4.798410	-0.558947	-0.143566	-0.083331
1.100000	1.919160	1.711257	-3.818554	-0.527976	-0.129296	-0.102954
1.120000	0.099303	1.069484	-2.834943	-0.496464	-0.116359	-0.122485
1.140000	-1.607130	0.465923	-1.872607	-0.465034	-0.104828	-0.141395
1.160000	-3.143839	-0.080889	-0.956577	-0.434312	-0.094775	-0.159154
1.180000	-4.454522	-0.552417	-0.111885	-0.404923	-0.086275	-0.175234
1.200000	-5.482880	-0.930124	0.636438	-0.377490	-0.079399	-0.189105
1.220000	-6.172611	-1.195473	1.263363	-0.352639	-0.074222	-0.200238
1.240000	-6.467415	-1.329928	1.743857	-0.330994	-0.070817	-0.208104
1.260000	-6.324517	-1.319403	2.058038	-0.313074	-0.069227	-0.212282
1.280000	-5.776311	-1.174545	2.214637	-0.298818	-0.069325	-0.212963
1.300000	-4.881152	-0.914544	2.232264	-0.287962	-0.070929	-0.210546
1.320000	-3.697417	-0.558595	2.129542	-0.280243	-0.073854	-0.205430
1.340000	-2.283486	-0.125896	1.925091	-0.275396	-0.077917	-0.198016
1.360000	-0.697736	0.364355	1.637532	-0.273158	-0.082933	-0.188703
1.380000	1.001452	0.892962	1.285485	-0.273265	-0.088720	-0.177891
1.400000	2.755702	1.440728	0.887573	-0.275454	-0.095093	-0.165979
1.420000	4.506634	1.988456	0.462415	-0.279461	-0.101869	-0.153369
1.440000	6.195869	2.516949	0.028633	-0.285022	-0.108863	-0.140458
1.460000	7.765029	3.007009	-0.395152	-0.291874	-0.115892	-0.127647
1.480000	9.155736	3.439441	-0.790319	-0.299753	-0.122771	-0.115336
1.500000	10.309610	3.795045	-1.138248	-0.308396	-0.129319	-0.103925
1.520000	11.168274	4.054627	-1.420316	-0.317537	-0.135349	-0.093813
1.540000	11.673348	4.198988	-1.617905	-0.326915	-0.140680	-0.085400
1.560000	11.766454	4.208932	-1.712391	-0.336266	-0.145126	-0.079087
1.580000	11.394448	4.066918	-1.686664	-0.345331	-0.148514	-0.075245
1.600000	10.572039	3.776876	-1.543167	-0.353947	-0.150804	-0.073913
1.620000	9.361283	3.357719	-1.297991	-0.362010	-0.152047	-0.074891
1.640000	7.825201	2.828664	-0.967506	-0.369419	-0.152298	-0.077975
1.660000	6.026815	2.208929	-0.568080	-0.376072	-0.151609	-0.082962
1.680000	4.029147	1.517732	-0.116082	-0.381869	-0.150036	-0.089648
1.700000	1.895218	0.774291	0.372119	-0.386709	-0.147630	-0.097829
1.720000	-0.311951	-0.002176	0.880153	-0.390489	-0.144448	-0.107302
1.740000	-2.529337	-0.792452	1.391651	-0.393109	-0.140541	-0.117862
1.760000	-4.693919	-1.577319	1.890245	-0.394467	-0.135964	-0.129306
1.780000	-6.742675	-2.337558	2.359565	-0.394463	-0.130771	-0.141430
1.800000	-8.612584	-3.053953	2.783243	-0.392995	-0.125016	-0.154031
1.820000	-10.240624	-3.707284	3.144909	-0.389961	-0.118752	-0.166904
1.840000	-11.563773	-4.278335	3.428194	-0.385261	-0.112033	-0.179846
1.860000	-12.519010	-4.747888	3.616729	-0.378793	-0.104912	-0.192654
1.880000	-13.043313	-5.096723	3.694145	-0.370456	-0.097445	-0.205123
1.900000	-13.091530	-5.310461	3.648664	-0.360288	-0.089685	-0.217061
1.920000	-12.698218	-5.396294	3.488980	-0.348942	-0.081691	-0.228326
1.940000	-11.920152	-5.367428	3.229497	-0.337247	-0.073525	-0.238792
1.960000	-10.814105	-5.237067	2.884617	-0.326029	-0.065246	-0.248332
1.980000	-9.436853	-5.018418	2.468742	-0.316116	-0.056915	-0.256817
2.000000	-7.845170	-4.724688	1.996277	-0.308334	-0.048592	-0.264121
2.020000	-6.095830	-4.369080	1.481623	-0.303511	-0.040338	-0.270117
2.040000	-4.245608	-3.964802	0.939183	-0.302474	-0.032213	-0.274677
2.060000	-2.351279	-3.525059	0.383359	-0.306050	-0.024277	-0.277674
2.080000	-0.469618	-3.063058	-0.171444	-0.315067	-0.016592	-0.278980
2.100000	1.342601	-2.592003	-0.710826	-0.330350	-0.009216	-0.278470
