0.000000	-11.267502	-4.488322	11.652167	-1.013280	-0.274392	-0.045739
0.020000	-12.047050	-4.952129	11.747351	-0.846730	-0.363794	-0.075212
0.040000	-12.529169	-5.351097	11.707230	-0.645602	-0.467308	-0.114412
0.060000	-12.735956	-5.682982	11.541822	-0.416731	-0.581899	-0.161707
0.080000	-12.689529	-5.945539	11.261154	-0.166959	-0.704529	-0.215463
0.100000	-12.412006	-6.136525	10.875250	0.096872	-0.832160	-0.274045
0.120000	-11.925505	-6.253698	10.394137	0.367923	-0.961755	-0.335821
0.140000	-11.252146	-6.294812	9.827842	0.639353	-1.090276	-0.399157
0.160000	-10.414047	-6.257626	9.186391	0.904320	-1.214687	-0.462419
0.180000	-9.433326	-6.139895	8.479809	1.155984	-1.331950	-0.523974
0.200000	-8.332102	-5.939377	7.718123	1.387504	-1.439027	-0.582188
0.220000	-7.132493	-5.653828	6.911359	1.592039	-1.532881	-0.635427
0.240000	-5.856617	-5.281005	6.069544	1.762748	-1.610474	-0.682059
0.260000	-4.526594	-4.818664	5.202702	1.892791	-1.668769	-0.720448
0.280000	-3.164541	-4.264562	4.320861	1.975326	-1.704729	-0.748962
0.300000	-1.792512	-3.616610	3.434026	2.003614	-1.715363	-0.765989
0.320000	-0.429341	-2.880314	2.551198	1.975889	-1.699970	-0.771016
0.340000	0.910750	-2.072060	1.679937	1.897511	-1.661134	-0.765104
0.360000	2.213893	-1.209075	0.827694	1.774391	-1.601690	-0.749434
0.380000	3.466223	-0.308585	0.001918	1.612438	-1.524473	-0.725188
0.400000	4.653872	0.612185	-0.789941	1.417564	-1.432319	-0.693548
0.420000	5.762974	1.536006	-1.540434	1.195678	-1.328065	-0.655695
0.440000	6.779663	2.445654	-2.242110	0.952690	-1.214545	-0.612812
0.460000	7.690070	3.323902	-2.887520	0.694511	-1.094596	-0.566080
0.480000	8.480331	4.153524	-3.469214	0.427051	-0.971052	-0.516681
0.500000	9.136578	4.917292	-3.979743	0.156220	-0.846751	-0.465796
0.520000	9.644944	5.597982	-4.411657	-0.112071	-0.724527	-0.414608
0.540000	9.991564	6.178366	-4.757505	-0.371912	-0.607216	-0.364298
0.560000	10.162569	6.641219	-5.009839	-0.617393	-0.497655	-0.316048
0.580000	10.144094	6.969313	-5.161208	-0.842604	-0.398677	-0.271040
0.600000	9.922272	7.145423	-5.204164	-1.041634	-0.313121	-0.230455
0.620000	9.483247	7.152331	-5.131259	-1.208575	-0.243819	-0.195475
0.640000	8.823671	6.981807	-4.939995	-1.339485	-0.192582	-0.166901
0.660000	7.970633	6.651640	-4.642181	-1.436117	-0.158253	-0.144435
0.680000	6.956696	6.184307	-4.252206	-1.501248	-0.139141	-0.127579
0.700000	5.814425	5.602280	-3.784459	-1.537656	-0.133553	-0.115837
0.720000	4.576383	4.928034	-3.253326	-1.548118	-0.139798	-0.108713
0.740000	3.275134	4.184043	-2.673196	-1.535412	-0.156186	-0.105708
0.760000	1.943242	3.392781	-2.058456	-1.502314	-0.181025	-0.106327
0.780000	0.613271	2.576723	-1.423495	-1.451603	-0.212623	-0.110073
0.800000	-0.682215	1.758341	-0.782700	-1.386055	-0.249289	-0.116448
0.820000	-1.910652	0.960112	-0.150459	-1.308448	-0.289331	-0.124956
0.840000	-3.039476	0.204508	0.458840	-1.221560	-0.331059	-0.135101
0.860000	-4.036124	-0.485997	1.030809	-1.128167	-0.372781	-0.146385
0.880000	-4.868030	-1.088927	1.551060	-1.031048	-0.412806	-0.158311
0.900000	-5.502633	-1.581810	2.005206	-0.932979	-0.449442	-0.170383
0.920000	-5.907366	-1.942171	2.378858	-0.836738	-0.480997	-0.182105
0.940000	-6.049668	-2.147535	2.657629	-0.745103	-0.505781	-0.192978
0.960000	-5.896973	-2.175429	2.827131	-0.660850	-0.522102	-0.202507
0.980000	-5.421150	-2.006248	2.874650	-0.586565	-0.528423	-0.210229
1.000000	-4.640824	-1.650647	2.805128	-0.522805	-0.524824	-0.216056
1.020000	-3.602655	-1.137429	2.634096	-0.468909	-0.512359	-0.220121
1.040000	-2.353687	-0.495643	2.377228	-0.424202	-0.492093	-0.222561
1.060000	-0.940964	0.245661	2.050200	-0.388006	-0.465093	-0.223514
1.080000	0.588473	1.057434	1.668684	-0.359645	-0.432424	-0.223115
1.100000	2.187579	1.910626	1.248357	-0.338444	-0.395153	-0.221501
1.120000	3.809312	2.776188	0.804892	-0.323725	-0.354346	-0.218811
1.140000	5.406629	3.625070	0.353964	-0.314812	-0.311067	-0.215179
1.160000	6.932487	4.428224	-0.088753	-0.311029	-0.266384	-0.210744
1.180000	8.339842	5.156600	-0.507584	-0.311700	-0.221363	-0.205642
1.200000	9.581653	5.781147	-0.886854	-0.316147	-0.177068	-0.200011
1.220000	10.610875	6.272818	-1.210890	-0.323695	-0.134567	-0.193985
1.240000	11.380466	6.602563	-1.464016	-0.333667	-0.094925	-0.187704
1.260000	11.843382	6.741331	-1.630559	-0.345386	-0.059209	-0.181303
1.280000	11.952582	6.660075	-1.694843	-0.358177	-0.028483	-0.174920
1.300000	11.678064	6.340274	-1.646430	-0.371458	-0.003557	-0.168686
1.320000	11.053954	5.803034	-1.494585	-0.385007	0.015725	-0.162718
1.340000	10.129455	5.078775	-1.253204	-0.398683	0.029750	-0.157128
1.360000	8.953773	4.197920	-0.936185	-0.412348	0.038901	-0.152027
1.380000	7.576112	3.190891	-0.557423	-0.425863	0.043563	-0.147529
1.400000	6.045676	2.088108	-0.130817	-0.439090	0.044120	-0.143743
1.420000	4.411670	0.919994	0.329737	-0.451889	0.040958	-0.140784
1.440000	2.723298	-0.283030	0.810343	-0.464121	0.034460	-0.138761
1.460000	1.029764	-1.490542	1.297102	-0.475647	0.025012	-0.137789
1.480000	-0.619727	-2.672121	1.776119	-0.486330	0.012999	-0.137978
1.500000	-2.175971	-3.797345	2.233495	-0.496028	-0.001196	-0.139440
1.520000	-3.589762	-4.835792	2.655335	-0.504604	-0.017188	-0.142288
1.540000	-4.811898	-5.757040	3.027742	-0.511919	-0.034592	-0.146633
1.560000	-5.793173	-6.530668	3.336817	-0.517834	-0.053023	-0.152588
1.580000	-6.484384	-7.126254	3.568665	-0.522210	-0.072097	-0.160264
1.600000	-6.836969	-7.513750	3.709557	-0.524912	-0.091429	-0.169770
1.620000	-6.837530	-7.683431	3.754934	-0.526073	-0.110629	-0.181004
1.640000	-6.525215	-7.655955	3.713943	-0.526222	-0.129296	-0.193552
1.660000	-5.943477	-7.454464	3.596854	-0.525922	-0.147031	-0.206974
1.680000	-5.135768	-7.102102	3.413937	-0.525735	-0.163434	-0.220831
1.700000	-4.145540	-6.622013	3.175460	-0.526222	-0.178103	-0.234682
1.720000	-3.016245	-6.037338	2.891694	-0.527947	-0.190640	-0.248089
1.740000	-1.791334	-5.371222	2.572908	-0.531470	-0.200643	-0.260610
1.760000	-0.514260	-4.646808	2.229371	-0.537355	-0.207713	-0.271807
1.780000	0.771527	-3.887239	1.871352	-0.546164	-0.211450	-0.281239
1.800000	2.022573	-3.115658	1.509122	-0.558459	-0.211452	-0.288467
1.820000	3.195427	-2.355208	1.152950	-0.574801	-0.207320	-0.293051
1.840000	4.246638	-1.629033	0.813104	-0.595753	-0.198654	-0.294551
1.860000	5.132752	-0.960276	0.499855	-0.621878	-0.185053	-0.292527
1.880000	5.810320	-0.372079	0.223472	-0.653737	-0.166117	-0.286540
1.900000	6.235888	0.112413	-0.005776	-0.691893	-0.141446	-0.276149
1.920000	6.369659	0.471844	-0.178471	-0.736763	-0.110732	-0.260976
1.940000	6.213291	0.705123	-0.294864	-0.787134	-0.074716	-0.241322
1.960000	5.794708	0.823996	-0.361333	-0.840756	-0.034805	-0.217925
1.980000	5.142246	0.840415	-0.384351	-0.895365	0.007587	-0.191526
2.000000	4.284247	0.766332	-0.370393	-0.948694	0.051042	-0.162867
2.020000	3.249049	0.613697	-0.325931	-0.998479	0.094144	-0.132693
2.040000	2.064992	0.394462	-0.257440	-1.042454	0.135478	-0.101744
2.060000	0.760414	0.120578	-0.171393	-1.078354	0.173626	-0.070764
2.080000	-0.636346	-0.196005	-0.074265	-1.103914	0.207174	-0.040494
2.100000	-2.096948	-0.543334	0.027471	-1.116869	0.234703	-0.011679
2.120000	-3.593053	-0.909459	0.127340	-1.114952	0.254799	0.014940
2.140000	-5.096322	-1.282428	0.218869	-1.095899	0.266045	0.038621
2.160000	-6.578416	-1.650291	0.295585	-1.057445	0.267025	0.058621
2.180000	-8.010995	-2.001095	0.351012	-0.997323	0.256322	0.074196
2.200000	-9.365721	-2.322891	0.378678	-0.913270	0.232521	0.084606
2.220000	-10.614255	-2.603726	0.372109	-0.803019	0.194204	0.089106
2.240000	-11.728257	-2.831649	0.324830	-0.664306	0.139957	0.086955
2.260000	-12.682340	-2.996132	0.231670	-0.495653	0.068768	0.077593
2.280000	-13.470394	-3.095928	0.095970	-0.300742	-0.017721	0.061649
2.300000	-14.094051	-3.133518	-0.075518	-0.085319	-0.116805	0.040230
2.320000	-14.554960	-3.111393	-0.276029	0.144861	-0.225776	0.014445
2.340000	-14.854772	-3.032045	-0.498798	0.384045	-0.341926	-0.014597
2.360000	-14.995136	-2.897966	-0.737063	0.626477	-0.462545	-0.045787
2.380000	-14.977705	-2.711645	-0.984059	0.866405	-0.584927	-0.078017
2.400000	-14.804127	-2.475574	-1.233022	1.098074	-0.706363	-0.110177
2.420000	-14.476055	-2.192244	-1.477189	1.315731	-0.824144	-0.141160
2.440000	-13.995137	-1.864147	-1.709796	1.513620	-0.935563	-0.169856
2.460000	-13.363025	-1.493773	-1.924079	1.685989	-1.037911	-0.195157
2.480000	-12.581369	-1.083615	-2.113274	1.827084	-1.128480	-0.215953
2.500000	-11.651819	-0.636162	-2.270616	1.931150	-1.204562	-0.231138
2.520000	-10.576027	-0.153906	-2.389343	1.992433	-1.263448	-0.239600
2.540000	-9.355642	0.360662	-2.462690	2.005179	-1.302431	-0.240232
2.560000	-7.994221	0.904625	-2.484567	1.964451	-1.319152	-0.232081
2.580000	-6.512130	1.471320	-2.454819	1.872502	-1.314333	-0.215558
