0.000000	4.643297	-5.281361	-2.376517	1.142120	-0.447207	-0.194478
0.020000	3.298451	-5.337800	-2.273950	1.349120	-0.481077	-0.197119
0.040000	1.855864	-5.338688	-2.115729	1.546121	-0.516488	-0.196210
0.060000	0.331512	-5.272956	-1.896700	1.730111	-0.553455	-0.191381
0.080000	-1.258629	-5.129537	-1.611708	1.898078	-0.591991	-0.182263
0.100000	-2.898525	-4.897484	-1.255724	2.047032	-0.632106	-0.168489
0.120000	-4.568581	-4.573363	-0.831503	2.175269	-0.673552	-0.150062
0.140000	-6.243655	-4.165447	-0.353937	2.283089	-0.715681	-0.127549
0.160000	-7.898121	-3.683029	0.161033	2.370965	-0.757809	-0.101569
0.180000	-9.506355	-3.135400	0.697461	2.439371	-0.799254	-0.072741
0.200000	-11.042731	-2.531851	1.239405	2.488781	-0.839332	-0.041685
0.220000	-12.481626	-1.881674	1.770921	2.519670	-0.877359	-0.009017
0.240000	-13.797415	-1.194161	2.276066	2.532511	-0.912654	0.024642
0.260000	-14.964471	-0.478601	2.738897	2.527778	-0.944532	0.058675
0.280000	-15.957172	0.255712	3.143469	2.505945	-0.972310	0.092462
0.300000	-16.749891	0.999488	3.473839	2.467487	-0.995304	0.125385
0.320000	-17.317005	1.743436	3.714064	2.412876	-1.012833	0.156826
0.340000	-17.632888	2.478263	3.848201	2.342586	-1.024212	0.186166
0.360000	-17.671915	3.194679	3.860306	2.257093	-1.028759	0.212785
0.380000	-17.408462	3.883393	3.734435	2.156869	-1.025789	0.236066
0.400000	-16.816904	4.535112	3.454645	2.042389	-1.014620	0.255390
0.420000	-15.875390	5.140924	3.006966	1.914196	-0.994655	0.270181
0.440000	-14.607420	5.696451	2.401130	1.773669	-0.966331	0.280378
0.460000	-13.066469	6.200317	1.662538	1.622737	-0.930771	0.286260
0.480000	-11.306545	6.651198	0.816870	1.463340	-0.889108	0.288111
0.500000	-9.381655	7.047770	-0.110196	1.297419	-0.842476	0.286218
0.520000	-7.345806	7.388710	-1.092980	1.126914	-0.792009	0.280865
0.540000	-5.253007	7.672692	-2.105803	0.953764	-0.738842	0.272337
0.560000	-3.157263	7.898394	-3.122985	0.779910	-0.684107	0.260920
0.580000	-1.112584	8.064491	-4.118849	0.607291	-0.628940	0.246898
0.600000	0.827023	8.169661	-5.067715	0.437848	-0.574473	0.230556
0.620000	2.607552	8.212578	-5.943902	0.273521	-0.521842	0.212180
0.640000	4.174994	8.191919	-6.721734	0.116248	-0.472180	0.192055
0.660000	5.475342	8.106360	-7.375529	-0.032028	-0.426620	0.170465
0.680000	6.454588	7.954577	-7.879610	-0.169369	-0.386298	0.147697
0.700000	7.058726	7.735246	-8.208296	-0.293835	-0.352346	0.124034
0.720000	7.236971	7.447375	-8.337332	-0.403568	-0.325844	0.099758
0.740000	6.994253	7.095669	-8.267039	-0.498163	-0.306901	0.075077
0.760000	6.382555	6.689654	-8.018502	-0.578432	-0.294813	0.050139
0.780000	5.455340	6.239005	-7.613455	-0.645232	-0.288849	0.025089
0.800000	4.266068	5.753396	-7.073632	-0.699414	-0.288277	0.000073
0.820000	2.868203	5.242502	-6.420770	-0.741832	-0.292366	-0.024765
0.840000	1.315207	4.716000	-5.676602	-0.773341	-0.300385	-0.049279
0.860000	-0.339460	4.183564	-4.862864	-0.794794	-0.311603	-0.073324
0.880000	-2.042335	3.654868	-4.001291	-0.807045	-0.325289	-0.096754
0.900000	-3.739956	3.139589	-3.113618	-0.810947	-0.340711	-0.119423
0.920000	-5.378861	2.647401	-2.221579	-0.807354	-0.357140	-0.141187
0.940000	-6.905588	2.187980	-1.346910	-0.797119	-0.373842	-0.161900
0.960000	-8.266676	1.771000	-0.511346	-0.781097	-0.390088	-0.181416
0.980000	-9.408662	1.406137	0.263378	-0.760141	-0.405146	-0.199591
1.000000	-10.278085	1.103066	0.955528	-0.735105	-0.418286	-0.216279
1.020000	-10.821482	0.871462	1.543368	-0.706842	-0.428775	-0.231334
1.040000	-10.985392	0.720999	2.005164	-0.676206	-0.435883	-0.244611
1.060000	-10.716420	0.661341	2.319202	-0.644050	-0.438879	-0.255966
1.080000	-9.991683	0.696032	2.473978	-0.611104	-0.437337	-0.265321
1.100000	-8.866805	0.812882	2.484249	-0.577774	-0.431611	-0.272780
1.120000	-7.409871	0.997204	2.368940	-0.544419	-0.422180	-0.278472
1.140000	-5.688962	1.234311	2.146976	-0.511394	-0.409522	-0.282529
1.160000	-3.772162	1.509514	1.837283	-0.479056	-0.394116	-0.285080
1.180000	-1.727551	1.808126	1.458786	-0.447763	-0.376441	-0.286257
1.200000	0.376786	2.115461	1.030408	-0.417871	-0.356974	-0.286190
1.220000	2.472769	2.416830	0.571076	-0.389737	-0.336195	-0.285009
1.240000	4.492313	2.697547	0.099715	-0.363719	-0.314582	-0.282846
1.260000	6.367337	2.942923	-0.364751	-0.340172	-0.292614	-0.279829
1.280000	8.029758	3.138272	-0.803397	-0.319454	-0.270769	-0.276091
1.300000	9.411494	3.268906	-1.197296	-0.301921	-0.249525	-0.271762
1.320000	10.444461	3.320137	-1.527526	-0.287931	-0.229362	-0.266972
1.340000	11.060579	3.277279	-1.775159	-0.277840	-0.210758	-0.261851
1.360000	11.191768	3.125644	-1.921273	-0.272006	-0.194192	-0.256531
1.380000	10.796357	2.856666	-1.953183	-0.270605	-0.180024	-0.251141
1.400000	9.921832	2.482435	-1.879268	-0.273211	-0.168222	-0.245808
1.420000	8.634477	2.019397	-1.712349	-0.279269	-0.158667	-0.240658
1.440000	7.000574	1.484000	-1.465249	-0.288223	-0.151243	-0.235818
1.460000	5.086407	0.892689	-1.150787	-0.299518	-0.145832	-0.231415
1.480000	2.958259	0.261910	-0.781786	-0.312601	-0.142318	-0.227575
1.500000	0.682414	-0.391888	-0.371067	-0.326915	-0.140583	-0.224424
1.520000	-1.674847	-1.052261	0.068550	-0.341907	-0.140510	-0.222089
1.540000	-4.047240	-1.702762	0.524243	-0.357020	-0.141981	-0.220696
1.560000	-6.368481	-2.326943	0.983191	-0.371700	-0.144880	-0.220373
1.580000	-8.572287	-2.908360	1.432572	-0.385393	-0.149089	-0.221244
1.600000	-10.592376	-3.430565	1.859566	-0.397542	-0.154491	-0.223437
1.620000	-12.362464	-3.877112	2.251352	-0.407594	-0.160969	-0.227079
1.640000	-13.816268	-4.231554	2.595107	-0.414994	-0.168406	-0.232295
1.660000	-14.887505	-4.477445	2.878011	-0.419186	-0.176685	-0.239212
1.680000	-15.509891	-4.598339	3.087243	-0.419615	-0.185687	-0.247957
1.700000	-15.617394	-4.577855	3.210032	-0.415730	-0.195297	-0.258655
1.720000	-15.184597	-4.410324	3.241760	-0.407512	-0.205336	-0.271238
1.740000	-14.271259	-4.112540	3.194909	-0.396059	-0.215507	-0.285232
1.760000	-12.947867	-3.704128	3.084115	-0.382610	-0.225492	-0.300112
1.780000	-11.284905	-3.204711	2.924014	-0.368404	-0.234977	-0.315354
1.800000	-9.352860	-2.633911	2.729240	-0.354680	-0.243646	-0.330433
1.820000	-7.222218	-2.011353	2.514428	-0.342676	-0.251185	-0.344824
1.840000	-4.963464	-1.356660	2.294215	-0.333632	-0.257276	-0.358003
1.860000	-2.647085	-0.689455	2.083235	-0.328786	-0.261607	-0.369445
1.880000	-0.343565	-0.029361	1.896124	-0.329377	-0.263860	-0.378624
1.900000	1.876608	0.603998	1.747518	-0.336644	-0.263720	-0.385017
1.920000	3.942950	1.190998	1.652051	-0.351826	-0.260873	-0.388099
1.940000	5.784975	1.712016	1.624358	-0.376162	-0.255002	-0.387344
1.960000	7.332196	2.147430	1.679076	-0.410890	-0.245792	-0.382229
1.980000	8.514128	2.477614	1.830839	-0.457250	-0.232929	-0.372228
2.000000	9.260328	2.682959	2.094272	-0.516478	-0.216096	-0.356817
2.020000	9.529117	2.751538	2.476566	-0.588717	-0.195364	-0.335847
2.040000	9.357306	2.692409	2.964630	-0.671117	-0.171848	-0.310193
2.060000	8.794972	2.518171	3.541943	-0.760324	-0.146840	-0.280901
2.080000	7.892194	2.241425	4.191986	-0.852983	-0.121635	-0.249021
2.100000	6.699049	1.874774	4.898238	-0.945742	-0.097525	-0.215598
2.120000	5.265615	1.430817	5.644181	-1.035244	-0.075803	-0.181680
2.140000	3.641970	0.922155	6.413293	-1.118137	-0.057763	-0.148316
2.160000	1.878191	0.361391	7.189056	-1.191066	-0.044696	-0.116551
2.180000	0.024357	-0.238876	7.954948	-1.250676	-0.037896	-0.087435
2.200000	-1.869454	-0.866044	8.694451	-1.293614	-0.038657	-0.062013
2.220000	-3.753166	-1.507512	9.391044	-1.316525	-0.048271	-0.041334
2.240000	-5.576700	-2.150680	10.028207	-1.316055	-0.068031	-0.026445
2.260000	-7.289979	-2.782946	10.589421	-1.288850	-0.099230	-0.018394
2.280000	-8.842924	-3.391709	11.058166	-1.231555	-0.143161	-0.018227
2.300000	-10.185457	-3.964368	11.417921	-1.140816	-0.201118	-0.026993
2.320000	-11.267502	-4.488322	11.652167	-1.013280	-0.274392	-0.045739
