0.000000	-1.417920	-2.698730	0.792662	-0.192784	-0.011849	-0.128537
0.020000	-2.489747	-4.026478	1.538857	-0.196706	-0.009647	-0.131040
0.040000	-3.504379	-5.275631	2.241721	-0.202145	-0.006642	-0.133362
0.060000	-4.424465	-6.409637	2.875858	-0.209405	-0.002815	-0.135378
0.080000	-5.212655	-7.391945	3.415870	-0.218792	0.001853	-0.136962
0.100000	-5.831596	-8.186004	3.836361	-0.230611	0.007383	-0.137986
0.120000	-6.243939	-8.755263	4.111935	-0.245169	0.013795	-0.138326
0.140000	-6.413512	-9.064258	4.217921	-0.262765	0.021098	-0.137855
0.160000	-6.336005	-9.106892	4.149271	-0.283548	0.029045	-0.136467
0.180000	-6.041823	-8.909068	3.922315	-0.307503	0.037110	-0.134076
0.200000	-5.563125	-8.498301	3.554461	-0.334609	0.044750	-0.130596
0.220000	-4.932069	-7.902110	3.063120	-0.364842	0.051424	-0.125943
0.240000	-4.180814	-7.148011	2.465702	-0.398179	0.056590	-0.120032
0.260000	-3.341518	-6.263523	1.779616	-0.434597	0.059707	-0.112778
0.280000	-2.446338	-5.276163	1.022272	-0.474073	0.060233	-0.104095
0.300000	-1.527435	-4.213447	0.211078	-0.516586	0.057626	-0.093899
0.320000	-0.616966	-3.102894	-0.636554	-0.562110	0.051346	-0.082104
0.340000	0.252910	-1.972020	-1.503215	-0.610625	0.040849	-0.068627
0.360000	1.050034	-0.848343	-2.371497	-0.662106	0.025596	-0.053381
0.380000	1.742250	0.240619	-3.223988	-0.716531	0.005043	-0.036281
0.400000	2.297397	1.267349	-4.043280	-0.773878	-0.021350	-0.017243
0.420000	2.683317	2.204330	-4.811963	-0.834123	-0.054125	0.003818
0.440000	2.868322	3.024343	-5.512784	-0.897237	-0.093811	0.026983
0.460000	2.842080	3.713741	-6.135631	-0.962957	-0.140368	0.052132
0.480000	2.623965	4.277752	-6.680326	-1.030686	-0.192962	0.078865
0.500000	2.235546	4.723000	-7.147423	-1.099803	-0.250704	0.106760
0.520000	1.698392	5.056108	-7.537476	-1.169691	-0.312701	0.135398
0.540000	1.034071	5.283701	-7.851040	-1.239727	-0.378062	0.164358
0.560000	0.264152	5.412401	-8.088669	-1.309293	-0.445896	0.193219
0.580000	-0.589797	5.448833	-8.250918	-1.377768	-0.515313	0.221561
0.600000	-1.506206	5.399619	-8.338341	-1.444533	-0.585420	0.248963
0.620000	-2.463508	5.271384	-8.351492	-1.508967	-0.655326	0.275005
0.640000	-3.440132	5.070751	-8.290927	-1.570451	-0.724140	0.299266
0.660000	-4.414512	4.804343	-8.157200	-1.628365	-0.790972	0.321325
0.680000	-5.365078	4.478784	-7.950864	-1.682088	-0.854929	0.340761
0.700000	-6.270261	4.100697	-7.672476	-1.731001	-0.915121	0.357155
0.720000	-7.108493	3.676707	-7.322588	-1.774484	-0.970656	0.370085
0.740000	-7.858205	3.213436	-6.901756	-1.811917	-1.020643	0.379132
0.760000	-8.497836	2.717509	-6.410537	-1.842680	-1.064191	0.383874
0.780000	-9.012048	2.196143	-5.851919	-1.866386	-1.100706	0.384101
0.800000	-9.402937	1.658216	-5.235696	-1.883296	-1.130423	0.380193
0.820000	-9.675629	1.112895	-4.572848	-1.893787	-1.153722	0.372629
0.840000	-9.835249	0.569346	-3.874353	-1.898232	-1.170983	0.361892
0.860000	-9.886923	0.036736	-3.151188	-1.897007	-1.182585	0.348461
0.880000	-9.835777	-0.475769	-2.414333	-1.890488	-1.188908	0.332818
0.900000	-9.686935	-0.959001	-1.674767	-1.879049	-1.190331	0.315444
0.920000	-9.445525	-1.403794	-0.943466	-1.863065	-1.187236	0.296819
0.940000	-9.116670	-1.800982	-0.231410	-1.842913	-1.180000	0.277425
0.960000	-8.705498	-2.141398	0.450422	-1.818966	-1.169005	0.257743
0.980000	-8.217133	-2.415875	1.091053	-1.791599	-1.154629	0.238253
1.000000	-7.656701	-2.615246	1.679504	-1.761189	-1.137253	0.219436
1.020000	-7.029328	-2.730346	2.204797	-1.728110	-1.117256	0.201774
1.040000	-6.340140	-2.752006	2.655953	-1.692738	-1.095017	0.185747
1.060000	-5.594261	-2.671062	3.021993	-1.655446	-1.070918	0.171836
1.080000	-4.796818	-2.478345	3.291940	-1.616612	-1.045337	0.160522
1.100000	-3.952979	-2.164808	3.454912	-1.576608	-1.018652	0.152282
1.120000	-3.071643	-1.731717	3.508501	-1.535723	-0.991119	0.147279
1.140000	-2.168281	-1.198513	3.465226	-1.494094	-0.962774	0.145117
1.160000	-1.259032	-0.586487	3.339126	-1.451844	-0.933633	0.145346
1.180000	-0.360036	0.083073	3.144241	-1.409095	-0.903709	0.147515
1.200000	0.512567	0.788874	2.894608	-1.365969	-0.873017	0.151172
1.220000	1.342636	1.509626	2.604268	-1.322588	-0.841573	0.155868
1.240000	2.114033	2.224040	2.287258	-1.279073	-0.809391	0.161150
1.260000	2.810617	2.910824	1.957620	-1.235547	-0.776486	0.166567
1.280000	3.416248	3.548688	1.629390	-1.192133	-0.742872	0.171670
1.300000	3.914787	4.116342	1.316609	-1.148951	-0.708565	0.176007
1.320000	4.290093	4.592495	1.033315	-1.106125	-0.673578	0.179126
1.340000	4.526027	4.955857	0.793547	-1.063776	-0.637927	0.180577
1.360000	4.606448	5.185138	0.611345	-1.022026	-0.601627	0.179909
1.380000	4.515218	5.259046	0.500748	-0.980997	-0.564692	0.176671
1.400000	4.236252	5.156347	0.475761	-0.940812	-0.527138	0.170413
1.420000	3.766638	4.868720	0.542864	-0.901565	-0.489040	0.160908
1.440000	3.133452	4.417245	0.691393	-0.863290	-0.450613	0.148435
1.460000	2.367924	3.827078	0.908310	-0.826012	-0.412092	0.133346
1.480000	1.501284	3.123372	1.180576	-0.789757	-0.373712	0.115991
1.500000	0.564762	2.331280	1.495156	-0.754549	-0.335706	0.096719
1.520000	-0.410414	1.475958	1.839009	-0.720414	-0.298309	0.075882
1.540000	-1.393013	0.582558	2.199100	-0.687376	-0.261756	0.053830
1.560000	-2.351806	-0.323765	2.562390	-0.655462	-0.226281	0.030913
1.580000	-3.255562	-1.217857	2.915841	-0.624696	-0.192119	0.007482
1.600000	-4.073053	-2.074565	3.246415	-0.595103	-0.159503	-0.016113
1.620000	-4.773049	-2.868734	3.541076	-0.566709	-0.128668	-0.039522
1.640000	-5.324319	-3.575210	3.786784	-0.539539	-0.099849	-0.062393
1.660000	-5.695635	-4.168840	3.970502	-0.513618	-0.073280	-0.084377
1.680000	-5.855766	-4.624470	4.079193	-0.488970	-0.049196	-0.105124
1.700000	-5.773483	-4.916945	4.099819	-0.465622	-0.027831	-0.124282
1.720000	-5.417557	-5.021112	4.019342	-0.443599	-0.009418	-0.141501
1.740000	-4.757384	-4.912249	3.824970	-0.422924	0.005809	-0.156435
1.760000	-3.794059	-4.587446	3.516382	-0.403588	0.017784	-0.168912
1.780000	-2.574640	-4.075431	3.111338	-0.385529	0.026673	-0.179015
1.800000	-1.149793	-3.407411	2.629016	-0.368680	0.032661	-0.186847
1.820000	0.429815	-2.614596	2.088595	-0.352977	0.035934	-0.192511
1.840000	2.113519	-1.728194	1.509254	-0.338354	0.036678	-0.196109
1.860000	3.850652	-0.779413	0.910172	-0.324745	0.035079	-0.197746
1.880000	5.590548	0.200538	0.310528	-0.312085	0.031321	-0.197523
1.900000	7.282541	1.180450	-0.270499	-0.300308	0.025592	-0.195545
1.920000	8.875965	2.129115	-0.813731	-0.289348	0.018075	-0.191913
1.940000	10.320153	3.015323	-1.299989	-0.279140	0.008957	-0.186730
1.960000	11.564441	3.807868	-1.710093	-0.269618	-0.001576	-0.180101
1.980000	12.558161	4.475539	-2.024866	-0.260716	-0.013339	-0.172127
2.000000	13.250647	4.987129	-2.225127	-0.252370	-0.026147	-0.162912
2.020000	13.591234	5.311429	-2.291698	-0.244513	-0.039813	-0.152559
2.040000	13.529577	5.417411	-2.205523	-0.237080	-0.054152	-0.141171
2.060000	13.049024	5.293034	-1.960289	-0.230076	-0.068986	-0.128927
2.080000	12.195669	4.961609	-1.573420	-0.223636	-0.084147	-0.116141
2.100000	11.022453	4.450311	-1.064932	-0.217910	-0.099470	-0.103145
2.120000	9.582320	3.786311	-0.454839	-0.213044	-0.114788	-0.090270
2.140000	7.928212	2.996781	0.236844	-0.209190	-0.129938	-0.077846
2.160000	6.113071	2.108895	0.990101	-0.206495	-0.144752	-0.066205
2.180000	4.189839	1.149824	1.784919	-0.205109	-0.159066	-0.055677
2.200000	2.211459	0.146740	2.601281	-0.205180	-0.172714	-0.046593
2.220000	0.230873	-0.873183	3.419174	-0.206858	-0.185530	-0.039284
