0.000000	-2.015889	-4.862659	-0.075032	-0.352757	-0.194485	-0.212403
0.020000	-0.537918	-4.107481	-0.374571	-0.362317	-0.199387	-0.210592
0.040000	1.015538	-3.301387	-0.693238	-0.370723	-0.203325	-0.208007
0.060000	2.591735	-2.473357	-1.018221	-0.377772	-0.206311	-0.204717
0.080000	4.137930	-1.652371	-1.336710	-0.383265	-0.208356	-0.200790
0.100000	5.601378	-0.867410	-1.635895	-0.387001	-0.209474	-0.196295
0.120000	6.929335	-0.147454	-1.902964	-0.388778	-0.209675	-0.191299
0.140000	8.069057	0.478518	-2.125108	-0.388396	-0.208972	-0.185873
0.160000	8.967799	0.981524	-2.289516	-0.385655	-0.207376	-0.180083
0.180000	9.572818	1.332585	-2.383377	-0.380353	-0.204899	-0.173999
0.200000	9.835649	1.505044	-2.394976	-0.372341	-0.201560	-0.167693
0.220000	9.758837	1.499933	-2.325660	-0.362084	-0.197467	-0.161277
0.240000	9.378441	1.336477	-2.185353	-0.350453	-0.192786	-0.154891
0.260000	8.731104	1.034218	-1.984131	-0.338323	-0.187684	-0.148674
0.280000	7.853472	0.612699	-1.732071	-0.326571	-0.182326	-0.142765
0.300000	6.782187	0.091463	-1.439248	-0.316072	-0.176881	-0.137306
0.320000	5.553894	-0.509947	-1.115738	-0.307704	-0.171514	-0.132434
0.340000	4.205239	-1.171990	-0.771617	-0.302342	-0.166392	-0.128291
0.360000	2.772864	-1.875121	-0.416961	-0.300863	-0.161683	-0.125016
0.380000	1.293414	-2.599798	-0.061846	-0.304144	-0.157552	-0.122748
0.400000	-0.196466	-3.326480	0.283652	-0.313060	-0.154167	-0.121627
0.420000	-1.660133	-4.035622	0.609458	-0.328488	-0.151694	-0.121793
0.440000	-3.060941	-4.707682	0.905495	-0.351304	-0.150301	-0.123386
0.460000	-4.362248	-5.323118	1.161688	-0.382385	-0.150153	-0.126545
0.480000	-5.527407	-5.862387	1.367961	-0.422606	-0.151417	-0.131410
0.500000	-6.519776	-6.305946	1.514237	-0.472845	-0.154261	-0.138121
0.520000	-7.302710	-6.634252	1.590442	-0.533978	-0.158850	-0.146818
0.540000	-7.839718	-6.827847	1.586547	-0.606870	-0.165352	-0.157638
0.560000	-8.113769	-6.877854	1.498729	-0.691085	-0.173903	-0.170477
0.580000	-8.146166	-6.796249	1.335381	-0.783620	-0.184576	-0.184758
0.600000	-7.962690	-6.597442	1.106322	-0.881172	-0.197442	-0.199844
0.620000	-7.589122	-6.295844	0.821375	-0.980439	-0.212567	-0.215103
0.640000	-7.051243	-5.905863	0.490359	-1.078118	-0.230021	-0.229898
0.660000	-6.374835	-5.441912	0.123095	-1.170907	-0.249871	-0.243596
0.680000	-5.585679	-4.918401	-0.270596	-1.255502	-0.272186	-0.255562
0.700000	-4.709556	-4.349739	-0.680894	-1.328600	-0.297034	-0.265162
0.720000	-3.772248	-3.750337	-1.097978	-1.386900	-0.324483	-0.271760
0.740000	-2.799535	-3.134606	-1.512027	-1.427099	-0.354601	-0.274723
0.760000	-1.817199	-2.516956	-1.913220	-1.445893	-0.387457	-0.273415
0.780000	-0.851021	-1.911797	-2.291738	-1.439980	-0.423119	-0.267203
0.800000	0.073218	-1.333539	-2.637759	-1.406057	-0.461655	-0.255451
0.820000	0.929736	-0.796594	-2.941462	-1.340822	-0.503134	-0.237526
0.840000	1.692752	-0.315371	-3.193027	-1.240972	-0.547623	-0.212792
0.860000	2.337567	0.096309	-3.382984	-1.103490	-0.595166	-0.180672
0.880000	2.857652	0.434550	-3.507735	-0.930140	-0.645397	-0.141535
0.900000	3.261554	0.703684	-3.568558	-0.726658	-0.697608	-0.096538
0.920000	3.558279	0.908295	-3.566876	-0.498900	-0.751080	-0.046862
0.940000	3.756829	1.052967	-3.504116	-0.252720	-0.805097	0.006312
0.960000	3.866209	1.142281	-3.381702	0.006026	-0.858940	0.061806
0.980000	3.895422	1.180823	-3.201058	0.271482	-0.911891	0.118436
1.000000	3.853474	1.173174	-2.963609	0.537794	-0.963233	0.175024
1.020000	3.749367	1.123917	-2.670780	0.799106	-1.012247	0.230389
1.040000	3.592106	1.037637	-2.323995	1.049563	-1.058215	0.283350
1.060000	3.390695	0.918916	-1.924680	1.283310	-1.100420	0.332727
1.080000	3.154138	0.772337	-1.474259	1.494491	-1.138144	0.377339
1.100000	2.891439	0.602483	-0.974156	1.677251	-1.170668	0.416006
1.120000	2.611601	0.413938	-0.425797	1.825734	-1.197275	0.447546
1.140000	2.323630	0.211285	0.169394	1.934087	-1.217248	0.470781
1.160000	2.036529	-0.000893	0.809992	1.996452	-1.229867	0.484529
1.180000	1.758593	-0.217992	1.493035	2.008316	-1.234589	0.487890
1.200000	1.494265	-0.435292	2.207189	1.972455	-1.231819	0.481497
1.220000	1.246681	-0.648036	2.938288	1.894116	-1.222280	0.466499
1.240000	1.018977	-0.851464	3.672162	1.778550	-1.206698	0.444046
1.260000	0.814289	-1.040819	4.394641	1.631003	-1.185797	0.415289
1.280000	0.635752	-1.211342	5.091556	1.456726	-1.160304	0.381376
1.300000	0.486502	-1.358274	5.748739	1.260968	-1.130941	0.343459
1.320000	0.369675	-1.476859	6.352019	1.048976	-1.098435	0.302688
1.340000	0.288406	-1.562336	6.887227	0.826001	-1.063511	0.260212
1.360000	0.245831	-1.609949	7.340193	0.597291	-1.026893	0.217182
1.380000	0.245087	-1.614938	7.696750	0.368095	-0.989306	0.174748
1.400000	0.289307	-1.572546	7.942726	0.143661	-0.951475	0.134060
1.420000	0.381629	-1.478013	8.063953	-0.070760	-0.914125	0.096268
1.440000	0.525187	-1.326582	8.046261	-0.269921	-0.877982	0.062522
1.460000	0.723119	-1.113495	7.875481	-0.448572	-0.843770	0.033973
1.480000	0.978558	-0.833993	7.537444	-0.601464	-0.812213	0.011770
1.500000	1.293836	-0.484087	7.019806	-0.723707	-0.783989	-0.003028
1.520000	1.661108	-0.069530	6.333299	-0.814933	-0.759162	-0.010508
1.540000	2.065555	0.397257	5.504469	-0.877875	-0.737374	-0.011545
1.560000	2.492224	0.903719	4.560169	-0.915327	-0.718262	-0.007030
1.580000	2.926160	1.437304	3.527254	-0.930081	-0.701461	0.002147
1.600000	3.352409	1.985457	2.432577	-0.924931	-0.686608	0.015097
1.620000	3.756016	2.535625	1.302992	-0.902670	-0.673337	0.030930
1.640000	4.122028	3.075254	0.165352	-0.866091	-0.661284	0.048754
1.660000	4.435491	3.591792	-0.953487	-0.817988	-0.650086	0.067681
1.680000	4.681449	4.072683	-2.026673	-0.761154	-0.639377	0.086820
1.700000	4.844950	4.505376	-3.027352	-0.698382	-0.628793	0.105282
1.720000	4.911038	4.877316	-3.928669	-0.632466	-0.617970	0.122175
1.740000	4.864760	5.175950	-4.703772	-0.566199	-0.606544	0.136610
1.760000	4.691161	5.388723	-5.325805	-0.502374	-0.594150	0.147697
1.780000	4.375287	5.503084	-5.767916	-0.443784	-0.580424	0.154546
1.800000	3.903276	5.507200	-6.004610	-0.393126	-0.565016	0.156304
1.820000	3.281263	5.402465	-6.035282	-0.351331	-0.547859	0.152808
1.840000	2.532884	5.201849	-5.881114	-0.317781	-0.529127	0.144499
1.860000	1.682368	4.918711	-5.564022	-0.291809	-0.509006	0.131836
1.880000	0.753943	4.566414	-5.105926	-0.272745	-0.487679	0.115281
1.900000	-0.228163	4.158316	-4.528740	-0.259922	-0.465332	0.095293
1.920000	-1.239722	3.707779	-3.854384	-0.252670	-0.442147	0.072334
1.940000	-2.256505	3.228163	-3.104774	-0.250322	-0.418310	0.046863
1.960000	-3.254284	2.732829	-2.301827	-0.252208	-0.394005	0.019341
1.980000	-4.208831	2.235136	-1.467462	-0.257660	-0.369416	-0.009772
2.000000	-5.095918	1.748446	-0.623594	-0.266009	-0.344728	-0.040014
2.020000	-5.891316	1.286118	0.207858	-0.276587	-0.320125	-0.070926
2.040000	-6.570797	0.861514	1.004978	-0.288725	-0.295791	-0.102048
2.060000	-7.110134	0.487994	1.745848	-0.301755	-0.271911	-0.132917
2.080000	-7.485097	0.178918	2.408550	-0.315009	-0.248669	-0.163075
2.100000	-7.671458	-0.052354	2.971168	-0.327816	-0.226249	-0.192061
2.120000	-7.644990	-0.192460	3.411784	-0.339510	-0.204836	-0.219414
2.140000	-7.384928	-0.229811	3.710618	-0.349461	-0.184603	-0.244699
2.160000	-6.904283	-0.170072	3.868726	-0.357434	-0.165623	-0.267721
2.180000	-6.235116	-0.028643	3.898914	-0.363414	-0.147909	-0.288425
2.200000	-5.409703	0.178966	3.814125	-0.367388	-0.131476	-0.306755
2.220000	-4.460319	0.437245	3.627297	-0.369345	-0.116336	-0.322655
2.240000	-3.419242	0.730685	3.351372	-0.369271	-0.102504	-0.336069
2.260000	-2.318746	1.043777	2.999289	-0.367155	-0.089993	-0.346943
2.280000	-1.191109	1.361010	2.583990	-0.362984	-0.078817	-0.355221
2.300000	-0.068606	1.666875	2.118414	-0.356747	-0.068989	-0.360847
2.320000	1.016487	1.945863	1.615503	-0.348430	-0.060523	-0.363767
2.340000	2.031895	2.182464	1.088195	-0.338021	-0.053433	-0.363924
2.360000	2.945340	2.361169	0.549433	-0.325509	-0.047732	-0.361263
2.380000	3.724547	2.466467	0.012156	-0.310881	-0.043434	-0.355729
2.400000	4.337240	2.482849	-0.510696	-0.294124	-0.040552	-0.347267
2.420000	4.751142	2.394806	-1.006182	-0.275226	-0.039100	-0.335820
2.440000	4.933980	2.186828	-1.461361	-0.254175	-0.039092	-0.321334
2.460000	4.865361	1.849728	-1.866162	-0.231130	-0.040480	-0.303860
2.480000	4.566675	1.396545	-2.220591	-0.206849	-0.042998	-0.283832
2.500000	4.068489	0.845197	-2.526869	-0.182222	-0.046335	-0.261765
2.520000	3.401370	0.213606	-2.787220	-0.158141	-0.050179	-0.238174
2.540000	2.595884	-0.480310	-3.003863	-0.135496	-0.054216	-0.213575
2.560000	1.682599	-1.218630	-3.179021	-0.115178	-0.058135	-0.188483
2.580000	0.692082	-1.983435	-3.314916	-0.098077	-0.061623	-0.163414
2.600000	-0.345101	-2.756804	-3.413769	-0.085083	-0.064368	-0.138883
2.620000	-1.398383	-3.520817	-3.477801	-0.077088	-0.066057	-0.115407
2.640000	-2.437198	-4.257556	-3.509234	-0.074983	-0.066379	-0.093499
2.660000	-3.430977	-4.949099	-3.510291	-0.079656	-0.065021	-0.073677
2.680000	-4.349155	-5.577527	-3.483192	-0.092000	-0.061670	-0.056456
2.700000	-5.161164	-6.124920	-3.430159	-0.112905	-0.056014	-0.042350
2.720000	-5.836438	-6.573358	-3.353413	-0.143261	-0.047742	-0.031877
2.740000	-6.344410	-6.904921	-3.255177	-0.183960	-0.036540	-0.025550
2.760000	-6.654965	-7.101939	-3.137679	-0.235859	-0.022107	-0.023876
2.780000	-6.759196	-7.158433	-3.003497	-0.298336	-0.004647	-0.026860
2.800000	-6.678045	-7.084883	-2.855694	-0.368682	0.014927	-0.033806
2.820000	-6.434697	-6.893005	-2.697374	-0.444029	0.035645	-0.043965
2.840000	-6.052340	-6.594516	-2.531639	-0.521511	0.056541	-0.056587
2.860000	-5.554159	-6.201132	-2.361591	-0.598262	0.076647	-0.070925
2.880000	-4.963341	-5.724570	-2.190332	-0.671415	0.094993	-0.086229
2.900000	-4.303072	-5.176546	-2.020965	-0.738105	0.110614	-0.101750
2.920000	-3.596539	-4.568776	-1.856592	-0.795463	0.122540	-0.116739
2.940000	-2.866927	-3.912979	-1.700315	-0.840624	0.129804	-0.130447
