0.000000	-17.447104	-6.039035	2.347067	-0.922902	-0.380970	0.145226
0.020000	-16.301709	-5.394497	1.963142	-0.973992	-0.418269	0.118746
0.040000	-14.955610	-4.655620	1.532037	-1.027779	-0.458445	0.089213
0.060000	-13.447224	-3.840614	1.060979	-1.083473	-0.500778	0.057589
0.080000	-11.814967	-2.967692	0.557191	-1.140281	-0.544550	0.024836
0.100000	-10.097256	-2.055065	0.027897	-1.197413	-0.589042	-0.008081
0.120000	-8.332509	-1.120944	-0.519677	-1.254076	-0.633537	-0.040202
0.140000	-6.559141	-0.183542	-1.078309	-1.309481	-0.677315	-0.070563
0.160000	-4.815569	0.738930	-1.640772	-1.362835	-0.719659	-0.098202
0.180000	-3.140211	1.628260	-2.199843	-1.413346	-0.759849	-0.122157
0.200000	-1.571483	2.466237	-2.748298	-1.460224	-0.797167	-0.141464
0.220000	-0.147802	3.234649	-3.278911	-1.502677	-0.830896	-0.155162
0.240000	1.092416	3.915283	-3.784460	-1.539914	-0.860315	-0.162287
0.260000	2.111916	4.490466	-4.257780	-1.571171	-0.884734	-0.161917
0.280000	2.899478	4.954529	-4.693091	-1.596318	-0.904049	-0.154028
0.300000	3.469538	5.313640	-5.085973	-1.615845	-0.918738	-0.139477
0.320000	3.837618	5.574466	-5.432064	-1.630271	-0.929303	-0.119164
0.340000	4.019239	5.743674	-5.727001	-1.640113	-0.936247	-0.093983
0.360000	4.029922	5.827933	-5.966422	-1.645889	-0.940071	-0.064831
0.380000	3.885188	5.833910	-6.145964	-1.648117	-0.941277	-0.032606
0.400000	3.600559	5.768271	-6.261266	-1.647315	-0.940368	0.001795
0.420000	3.191557	5.637686	-6.307964	-1.644000	-0.937847	0.037477
0.440000	2.673702	5.448820	-6.281698	-1.638691	-0.934214	0.073542
0.460000	2.062516	5.208343	-6.178104	-1.631905	-0.929973	0.109094
0.480000	1.373521	4.922921	-5.992820	-1.624160	-0.925626	0.143235
0.500000	0.622237	4.599222	-5.721483	-1.615974	-0.921675	0.175070
0.520000	-0.175814	4.243913	-5.359732	-1.607864	-0.918621	0.203700
0.540000	-1.005110	3.863663	-4.903205	-1.600349	-0.916968	0.228231
0.560000	-1.850130	3.465138	-4.347538	-1.593946	-0.917217	0.247764
0.580000	-2.695551	3.055178	-3.690929	-1.589075	-0.919773	0.261543
0.600000	-3.527371	2.641770	-2.948645	-1.585499	-0.924394	0.269750
0.620000	-4.332128	2.233371	-2.142942	-1.582712	-0.930569	0.272947
0.640000	-5.096361	1.838438	-1.296096	-1.580209	-0.937791	0.271700
0.660000	-5.806611	1.465431	-0.430382	-1.577482	-0.945549	0.266573
0.680000	-6.449419	1.122806	0.431923	-1.574026	-0.953333	0.258131
0.700000	-7.011323	0.819022	1.268543	-1.569335	-0.960634	0.246940
0.720000	-7.478864	0.562538	2.057202	-1.562903	-0.966943	0.233564
0.740000	-7.838582	0.361810	2.775625	-1.554222	-0.971750	0.218568
0.760000	-8.077018	0.225297	3.401535	-1.542788	-0.974546	0.202518
0.780000	-8.180710	0.161457	3.912656	-1.528093	-0.974820	0.185977
0.800000	-8.136199	0.178748	4.286712	-1.509632	-0.972064	0.169512
0.820000	-7.930025	0.285629	4.501427	-1.486898	-0.965767	0.153686
0.840000	-7.548728	0.490556	4.534526	-1.459385	-0.955421	0.139065
0.860000	-6.978849	0.801989	4.363732	-1.426587	-0.940516	0.126214
0.880000	-6.206958	1.228366	3.966807	-1.387999	-0.920543	0.115696
0.900000	-5.232138	1.770526	3.336242	-1.343446	-0.895309	0.107828
0.920000	-4.084829	2.410264	2.501459	-1.293586	-0.865415	0.102298
0.940000	-2.800308	3.126434	1.497570	-1.239204	-0.831583	0.098698
0.960000	-1.413853	3.897891	0.359692	-1.181086	-0.794534	0.096623
0.980000	0.039260	4.703491	-0.877061	-1.120016	-0.754993	0.095664
1.000000	1.523754	5.522088	-2.177574	-1.056780	-0.713680	0.095415
1.020000	3.004351	6.332538	-3.506732	-0.992163	-0.671318	0.095469
1.040000	4.445774	7.113696	-4.829422	-0.926951	-0.628630	0.095418
1.060000	5.812746	7.844416	-6.110527	-0.861928	-0.586338	0.094856
1.080000	7.069990	8.503555	-7.314933	-0.797881	-0.545163	0.093375
1.100000	8.182230	9.069968	-8.407526	-0.735594	-0.505830	0.090567
1.120000	9.114187	9.522509	-9.353190	-0.675853	-0.469058	0.086027
1.140000	9.830585	9.840033	-10.116811	-0.619442	-0.435572	0.079347
1.160000	10.296147	10.001397	-10.663274	-0.567148	-0.406094	0.070120
1.180000	10.475599	9.985456	-10.957467	-0.519755	-0.381345	0.057938
1.200000	10.348717	9.780243	-10.977140	-0.477835	-0.361804	0.042590
1.220000	9.944745	9.403945	-10.742315	-0.441254	-0.347152	0.024505
1.240000	9.303073	8.880934	-10.281684	-0.409735	-0.336904	0.004243
1.260000	8.463092	8.235583	-9.623941	-0.383000	-0.330575	-0.017636
1.280000	7.464192	7.492265	-8.797779	-0.360772	-0.327680	-0.040570
1.300000	6.345764	6.675351	-7.831892	-0.342773	-0.327736	-0.064000
1.320000	5.147198	5.809216	-6.754974	-0.328726	-0.330258	-0.087365
1.340000	3.907885	4.918230	-5.595717	-0.318354	-0.334761	-0.110105
1.360000	2.667216	4.026768	-4.382816	-0.311378	-0.340761	-0.131658
1.380000	1.464580	3.159202	-3.144963	-0.307521	-0.347774	-0.151466
1.400000	0.339370	2.339904	-1.910851	-0.306506	-0.355315	-0.168966
1.420000	-0.669025	1.593247	-0.709176	-0.308055	-0.362899	-0.183599
1.440000	-1.521214	0.943604	0.431372	-0.311891	-0.370042	-0.194804
1.460000	-2.177807	0.415348	1.482097	-0.317735	-0.376259	-0.202021
1.480000	-2.599412	0.032850	2.414306	-0.325312	-0.381067	-0.204689
1.500000	-2.746640	-0.179516	3.199307	-0.334342	-0.383980	-0.202248
1.520000	-2.587287	-0.201880	3.812333	-0.344557	-0.384580	-0.194261
1.540000	-2.140296	-0.046419	4.256574	-0.355745	-0.382907	-0.181173
1.560000	-1.446789	0.260799	4.547342	-0.367717	-0.379206	-0.163808
1.580000	-0.547976	0.693646	4.699995	-0.380288	-0.373718	-0.142995
1.600000	0.514932	1.225997	4.729893	-0.393269	-0.366688	-0.119561
1.620000	1.700725	1.831725	4.652396	-0.406473	-0.358358	-0.094334
1.640000	2.968192	2.484705	4.482863	-0.419714	-0.348972	-0.068140
1.660000	4.276122	3.158811	4.236653	-0.432804	-0.338773	-0.041809
1.680000	5.583306	3.827915	3.929127	-0.445556	-0.328005	-0.016167
1.700000	6.848532	4.465892	3.575644	-0.457783	-0.316910	0.007959
1.720000	8.030590	5.046616	3.191563	-0.469297	-0.305732	0.029741
1.740000	9.088269	5.543961	2.792244	-0.479911	-0.294714	0.048350
1.760000	9.980359	5.931800	2.393047	-0.489438	-0.284100	0.062961
1.780000	10.665650	6.184008	2.009331	-0.497691	-0.274132	0.072745
1.800000	11.102930	6.274458	1.656455	-0.504483	-0.265054	0.076875
1.820000	11.255496	6.180058	1.348538	-0.509647	-0.257091	0.074619
1.840000	11.130233	5.907056	1.087688	-0.513230	-0.250290	0.066173
1.860000	10.758466	5.478151	0.869281	-0.515393	-0.244595	0.052252
1.880000	10.171790	4.916224	0.688618	-0.516300	-0.239954	0.033579
