0.000000	8.824148	6.929567	-1.213835	-1.301058	-0.648799	0.379619
0.020000	8.099199	6.524506	-0.704293	-1.246669	-0.621335	0.388539
0.040000	7.170924	5.983533	-0.084048	-1.192843	-0.597332	0.388702
0.060000	6.077223	5.330435	0.624944	-1.139801	-0.576516	0.381033
0.080000	4.856083	4.589054	1.400673	-1.087765	-0.558609	0.366461
0.100000	3.545489	3.783233	2.221130	-1.036957	-0.543334	0.345914
0.120000	2.183428	2.936815	3.064304	-0.987599	-0.530413	0.320321
0.140000	0.807886	2.073641	3.908187	-0.939913	-0.519569	0.290611
0.160000	-0.543149	1.217555	4.730770	-0.894120	-0.510525	0.257713
0.180000	-1.831691	0.392400	5.510042	-0.850444	-0.503003	0.222555
0.200000	-3.019754	-0.377983	6.223994	-0.809105	-0.496727	0.186067
0.220000	-4.069351	-1.069751	6.850618	-0.770325	-0.491418	0.149176
0.240000	-4.942496	-1.659062	7.367903	-0.734327	-0.486800	0.112812
0.260000	-5.601202	-2.122072	7.753840	-0.701332	-0.482594	0.077903
0.280000	-6.007483	-2.434939	7.986419	-0.671563	-0.478524	0.045378
0.300000	-6.123352	-2.573821	8.043632	-0.645240	-0.474313	0.016166
0.320000	-5.910822	-2.514876	7.903468	-0.622587	-0.469682	-0.008804
0.340000	-5.334258	-2.235688	7.545273	-0.603800	-0.464361	-0.028642
0.360000	-4.405055	-1.742412	6.975472	-0.588613	-0.458197	-0.043212
0.380000	-3.178029	-1.067581	6.225496	-0.576325	-0.451149	-0.053079
0.400000	-1.709623	-0.244714	5.327712	-0.566220	-0.443177	-0.058830
0.420000	-0.056280	0.692669	4.314489	-0.557581	-0.434245	-0.061056
0.440000	1.725556	1.711047	3.218193	-0.549693	-0.424314	-0.060347
0.460000	3.579440	2.776901	2.071193	-0.541840	-0.413345	-0.057290
0.480000	5.448931	3.856710	0.905855	-0.533306	-0.401301	-0.052477
0.500000	7.277584	4.916955	-0.245452	-0.523373	-0.388144	-0.046497
0.520000	9.008956	5.924114	-1.350361	-0.511327	-0.373836	-0.039938
0.540000	10.586603	6.844668	-2.376505	-0.496452	-0.358338	-0.033390
0.560000	11.954082	7.645096	-3.291515	-0.478030	-0.341613	-0.027443
0.580000	13.054949	8.291879	-4.063024	-0.455347	-0.323623	-0.022686
0.600000	13.832761	8.751496	-4.658665	-0.427686	-0.304329	-0.019709
0.620000	14.231074	8.990427	-5.046070	-0.394330	-0.283693	-0.019100
0.640000	14.195006	8.976037	-5.193744	-0.354599	-0.261682	-0.021437
0.660000	13.718786	8.703498	-5.097643	-0.308882	-0.238425	-0.026892
0.680000	12.854435	8.200712	-4.786029	-0.258836	-0.214241	-0.035161
0.700000	11.657289	7.497457	-4.289015	-0.206185	-0.189457	-0.045914
0.720000	10.182684	6.623508	-3.636714	-0.152658	-0.164403	-0.058819
0.740000	8.485955	5.608644	-2.859239	-0.099980	-0.139408	-0.073548
0.760000	6.622437	4.482640	-1.986703	-0.049878	-0.114801	-0.089768
0.780000	4.647466	3.275276	-1.049220	-0.004080	-0.090910	-0.107149
0.800000	2.616377	2.016326	-0.076903	0.035688	-0.068066	-0.125360
0.820000	0.584505	0.735570	0.900135	0.067700	-0.046597	-0.144071
0.840000	-1.392813	-0.537217	1.851781	0.090229	-0.026833	-0.162951
0.860000	-3.260242	-1.772258	2.747922	0.101547	-0.009101	-0.181669
0.880000	-4.962448	-2.939774	3.558444	0.099929	0.006269	-0.199895
0.900000	-6.444094	-4.009989	4.253235	0.083647	0.018948	-0.217297
0.920000	-7.649846	-4.953127	4.802181	0.050975	0.028606	-0.233546
0.940000	-8.524367	-5.739409	5.175168	0.000187	0.034915	-0.248311
0.960000	-9.012429	-6.339108	5.342138	-0.070439	0.037546	-0.261260
0.980000	-9.086890	-6.735501	5.287186	-0.160967	0.036285	-0.272110
1.000000	-8.786220	-6.942246	5.027476	-0.267593	0.031181	-0.280681
1.020000	-8.158247	-6.977329	4.584886	-0.385959	0.022321	-0.286810
1.040000	-7.250796	-6.858741	3.981295	-0.511712	0.009794	-0.290333
1.060000	-6.111692	-6.604469	3.238581	-0.640494	-0.006313	-0.291087
1.080000	-4.788762	-6.232502	2.378622	-0.767950	-0.025912	-0.288908
1.100000	-3.329832	-5.760828	1.423296	-0.889725	-0.048914	-0.283632
1.120000	-1.782726	-5.207435	0.394482	-1.001461	-0.075234	-0.275096
1.140000	-0.195272	-4.590312	-0.685942	-1.098804	-0.104781	-0.263137
1.160000	1.384705	-3.927447	-1.796098	-1.177397	-0.137470	-0.247590
1.180000	2.909380	-3.236829	-2.914108	-1.232885	-0.173212	-0.228293
1.200000	4.330927	-2.536446	-4.018092	-1.260912	-0.211919	-0.205081
1.220000	5.601519	-1.844286	-5.086174	-1.257121	-0.253504	-0.177791
1.240000	6.673330	-1.178337	-6.096474	-1.217158	-0.297878	-0.146260
1.260000	7.498545	-0.556587	-7.027118	-1.136667	-0.344955	-0.110324
1.280000	8.044620	0.006951	-7.860761	-1.013539	-0.394538	-0.070023
1.300000	8.325656	0.510389	-8.593903	-0.852520	-0.446105	-0.026015
1.320000	8.364621	0.954146	-9.225673	-0.659661	-0.499068	0.020923
1.340000	8.184487	1.338641	-9.755202	-0.441012	-0.552842	0.070013
1.360000	7.808224	1.664292	-10.181621	-0.202623	-0.606841	0.120480
1.380000	7.258803	1.931518	-10.504060	0.049456	-0.660479	0.171546
1.400000	6.559193	2.140739	-10.721650	0.309175	-0.713169	0.222434
1.420000	5.732366	2.292372	-10.833520	0.570483	-0.764325	0.272367
