0.000000	-13.604489	-6.457605	2.614857	-0.825809	0.015587	0.018345
0.020000	-12.856952	-5.981725	2.102373	-0.915613	-0.014928	0.016939
0.040000	-11.856356	-5.413472	1.508809	-1.005563	-0.049884	0.013916
0.060000	-10.646930	-4.770257	0.852768	-1.092337	-0.088941	0.009531
0.080000	-9.272901	-4.069490	0.152856	-1.172613	-0.131760	0.004038
0.100000	-7.778500	-3.328582	-0.572325	-1.243071	-0.178002	-0.002310
0.120000	-6.207953	-2.564944	-1.304172	-1.300389	-0.227330	-0.009257
0.140000	-4.605489	-1.795986	-2.024079	-1.341245	-0.279403	-0.016551
0.160000	-3.015336	-1.039118	-2.713444	-1.362319	-0.333883	-0.023936
0.180000	-1.481724	-0.311752	-3.353663	-1.360290	-0.390432	-0.031160
0.200000	-0.048880	0.368702	-3.926133	-1.331835	-0.448710	-0.037967
0.220000	1.238967	0.984833	-4.412249	-1.273633	-0.508378	-0.044104
0.240000	2.337590	1.519231	-4.793408	-1.182364	-0.569098	-0.049317
0.260000	3.202818	1.954508	-5.051035	-1.054715	-0.630530	-0.053351
0.280000	3.807645	2.280279	-5.174762	-0.889896	-0.692268	-0.056060
0.300000	4.165941	2.502822	-5.173767	-0.693129	-0.753744	-0.057548
0.320000	4.297527	2.630846	-5.060076	-0.470511	-0.814367	-0.057958
0.340000	4.222225	2.673061	-4.845715	-0.228137	-0.873546	-0.057429
0.360000	3.959859	2.638174	-4.542711	0.027895	-0.930689	-0.056106
0.380000	3.530251	2.534893	-4.163088	0.291489	-0.985205	-0.054128
0.400000	2.953222	2.371928	-3.718873	0.556548	-1.036504	-0.051638
0.420000	2.248596	2.157987	-3.222091	0.816976	-1.083993	-0.048778
0.440000	1.436195	1.901778	-2.684769	1.066677	-1.127081	-0.045688
0.460000	0.535841	1.612009	-2.118932	1.299553	-1.165178	-0.042512
0.480000	-0.432643	1.297390	-1.536606	1.509508	-1.197692	-0.039390
0.500000	-1.449435	0.966628	-0.949817	1.690446	-1.224032	-0.036465
0.520000	-2.494713	0.628433	-0.370590	1.836270	-1.243607	-0.033878
0.540000	-3.548654	0.291512	0.189047	1.940883	-1.255825	-0.031770
0.560000	-4.591436	-0.035426	0.717070	1.998189	-1.260096	-0.030284
0.580000	-5.603236	-0.343673	1.201453	2.002092	-1.255828	-0.029561
0.600000	-6.565589	-0.625212	1.631789	1.948176	-1.242633	-0.029703
0.620000	-7.466881	-0.875517	2.005845	1.840509	-1.221157	-0.030608
0.640000	-8.297649	-1.091164	2.323955	1.685828	-1.192367	-0.032112
0.660000	-9.048435	-1.268726	2.586459	1.490871	-1.157230	-0.034049
0.680000	-9.709778	-1.404778	2.793692	1.262376	-1.116716	-0.036254
0.700000	-10.272218	-1.495892	2.945994	1.007082	-1.071793	-0.038562
0.720000	-10.726296	-1.538644	3.043700	0.731725	-1.023428	-0.040809
0.740000	-11.062551	-1.529608	3.087149	0.443045	-0.972589	-0.042829
0.760000	-11.271524	-1.465357	3.076678	0.147778	-0.920246	-0.044457
0.780000	-11.343755	-1.342466	3.012624	-0.147337	-0.867366	-0.045528
0.800000	-11.269783	-1.157508	2.895325	-0.435561	-0.814917	-0.045877
0.820000	-11.040149	-0.907059	2.725118	-0.710158	-0.763867	-0.045338
0.840000	-10.645393	-0.587692	2.502340	-0.964389	-0.715185	-0.043748
0.860000	-10.076055	-0.195981	2.227330	-1.191516	-0.669838	-0.040940
0.880000	-9.322675	0.271499	1.900424	-1.384802	-0.628796	-0.036751
0.900000	-8.379739	0.816343	1.522820	-1.538448	-0.592895	-0.031056
0.920000	-7.268251	1.427838	1.101501	-1.652979	-0.562102	-0.024023
0.940000	-6.020136	2.090198	0.645832	-1.731523	-0.536020	-0.015933
0.960000	-4.667352	2.787626	0.165184	-1.777214	-0.514254	-0.007072
0.980000	-3.241858	3.504322	-0.331071	-1.793188	-0.496408	0.002276
1.000000	-1.775614	4.224486	-0.833560	-1.782581	-0.482086	0.011829
1.020000	-0.300577	4.932320	-1.332913	-1.748528	-0.470892	0.021300
1.040000	1.151293	5.612025	-1.819756	-1.694165	-0.462430	0.030408
1.060000	2.548037	6.247801	-2.284717	-1.622626	-0.456303	0.038866
1.080000	3.857697	6.823849	-2.718426	-1.537048	-0.452117	0.046393
1.100000	5.048314	7.324369	-3.111510	-1.440566	-0.449474	0.052703
1.120000	6.087928	7.733564	-3.454596	-1.336316	-0.447978	0.057512
1.140000	6.944582	8.035633	-3.738314	-1.227432	-0.447235	0.060537
1.160000	7.586315	8.214777	-3.953290	-1.117051	-0.446847	0.061493
1.180000	7.981170	8.255197	-4.090154	-1.008307	-0.446419	0.060097
1.200000	8.097188	8.141094	-4.139533	-0.904337	-0.445555	0.056064
1.220000	7.902409	7.856669	-4.092055	-0.808276	-0.443858	0.049111
1.240000	7.378304	7.393102	-3.942012	-0.722628	-0.441023	0.039073
1.260000	6.560801	6.769874	-3.698554	-0.647347	-0.437112	0.026273
1.280000	5.499629	6.013639	-3.374596	-0.581734	-0.432278	0.011157
1.300000	4.244517	5.151052	-2.983053	-0.525094	-0.426677	-0.005830
1.320000	2.845193	4.208765	-2.536841	-0.476731	-0.420462	-0.024241
1.340000	1.351386	3.213433	-2.048874	-0.435948	-0.413788	-0.043631
1.360000	-0.187175	2.191709	-1.532068	-0.402049	-0.406809	-0.063554
1.380000	-1.720761	1.170248	-0.999338	-0.374337	-0.399680	-0.083563
1.400000	-3.199643	0.175704	-0.463599	-0.352117	-0.392554	-0.103214
1.420000	-4.574093	-0.765270	0.062234	-0.334692	-0.385587	-0.122059
1.440000	-5.794382	-1.626020	0.565246	-0.321366	-0.378932	-0.139654
1.460000	-6.810781	-2.379892	1.032522	-0.311443	-0.372744	-0.155553
1.480000	-7.573561	-3.000231	1.451145	-0.304225	-0.367177	-0.169309
1.500000	-8.032993	-3.460385	1.808202	-0.299018	-0.362386	-0.180477
1.520000	-8.139349	-3.733699	2.090777	-0.295124	-0.358524	-0.188611
1.540000	-7.842899	-3.793520	2.285955	-0.291847	-0.355747	-0.193265
1.560000	-7.101836	-3.617359	2.382505	-0.288535	-0.354191	-0.194063
1.580000	-5.945285	-3.220039	2.384275	-0.284922	-0.353836	-0.191257
1.600000	-4.439752	-2.636045	2.303065	-0.280947	-0.354578	-0.185426
1.620000	-2.652082	-1.900040	2.150742	-0.276551	-0.356314	-0.177157
1.640000	-0.649119	-1.046684	1.939175	-0.271675	-0.358940	-0.167032
1.660000	1.502294	-0.110641	1.680232	-0.266259	-0.362353	-0.155636
1.680000	3.735314	0.873428	1.385784	-0.260245	-0.366447	-0.143554
1.700000	5.983096	1.870862	1.067698	-0.253573	-0.371120	-0.131369
1.720000	8.178797	2.846997	0.737843	-0.246184	-0.376268	-0.119666
1.740000	10.255574	3.767173	0.408087	-0.238019	-0.381787	-0.109029
1.760000	12.146582	4.596726	0.090301	-0.229018	-0.387573	-0.100043
1.780000	13.784979	5.300996	-0.203649	-0.219123	-0.393521	-0.093291
1.800000	15.103920	5.845320	-0.461892	-0.208275	-0.399530	-0.089357
1.820000	16.036562	6.195037	-0.672560	-0.196413	-0.405493	-0.088827
1.840000	16.516062	6.315483	-0.823785	-0.183480	-0.411309	-0.092284
1.860000	16.475582	6.172002	-0.903699	-0.169416	-0.416872	-0.100313
1.880000	15.876538	5.744455	-0.904244	-0.154241	-0.422062	-0.113273
1.900000	14.772571	5.060102	-0.829805	-0.138232	-0.426700	-0.130795
1.920000	13.236110	4.155862	-0.687300	-0.121722	-0.430596	-0.152359
1.940000	11.339584	3.068652	-0.483647	-0.105040	-0.433559	-0.177447
1.960000	9.155422	1.835388	-0.225765	-0.088518	-0.435400	-0.205540
1.980000	6.756054	0.492990	0.079428	-0.072486	-0.435928	-0.236118
2.000000	4.213908	-0.921627	0.425014	-0.057275	-0.434953	-0.268663
2.020000	1.601414	-2.371544	0.804074	-0.043217	-0.432285	-0.302656
2.040000	-1.008999	-3.819845	1.209691	-0.030641	-0.427734	-0.337577
2.060000	-3.544902	-5.229611	1.634945	-0.019878	-0.421109	-0.372908
2.080000	-5.933865	-6.563925	2.072919	-0.011260	-0.412221	-0.408130
2.100000	-8.103460	-7.785870	2.516694	-0.005117	-0.400878	-0.442723
2.120000	-9.981257	-8.858528	2.959352	-0.001780	-0.386892	-0.476169
