0.000000	3.584496	-2.685482	-2.136216	-0.579027	-0.102432	-0.162211
0.020000	4.035334	-2.331849	-2.345095	-0.612423	-0.134040	-0.142412
0.040000	4.228108	-2.042202	-2.572236	-0.655741	-0.171389	-0.118070
0.060000	4.166698	-1.816801	-2.813832	-0.708590	-0.214180	-0.089552
0.080000	3.876114	-1.647950	-3.063390	-0.769787	-0.261751	-0.057583
0.100000	3.381643	-1.527849	-3.314382	-0.838137	-0.313433	-0.022892
0.120000	2.708577	-1.448696	-3.560283	-0.912444	-0.368558	0.013794
0.140000	1.882204	-1.402692	-3.794564	-0.991514	-0.426458	0.051744
0.160000	0.927814	-1.382035	-4.010699	-1.074152	-0.486464	0.090231
0.180000	-0.129304	-1.378924	-4.202160	-1.159164	-0.547909	0.128526
0.200000	-1.263860	-1.385559	-4.362420	-1.245354	-0.610124	0.165899
0.220000	-2.450565	-1.394139	-4.484952	-1.331528	-0.672441	0.201622
0.240000	-3.664129	-1.396863	-4.563229	-1.416491	-0.734192	0.234967
0.260000	-4.879262	-1.385931	-4.590724	-1.499048	-0.794709	0.265203
0.280000	-6.070676	-1.353542	-4.560908	-1.578005	-0.853324	0.291604
0.300000	-7.213080	-1.291894	-4.467256	-1.652167	-0.909368	0.313439
0.320000	-8.281186	-1.193188	-4.303240	-1.720339	-0.962173	0.329980
0.340000	-9.249703	-1.049622	-4.062333	-1.781325	-1.011072	0.340499
0.360000	-10.097440	-0.855848	-3.741535	-1.834148	-1.055496	0.344521
0.380000	-10.818515	-0.615685	-3.351030	-1.878636	-1.095259	0.342528
0.400000	-11.410620	-0.335091	-2.904080	-1.914805	-1.130260	0.335224
0.420000	-11.871449	-0.020025	-2.413946	-1.942672	-1.160400	0.323312
0.440000	-12.198695	0.323556	-1.893890	-1.962254	-1.185579	0.307497
0.460000	-12.390053	0.689692	-1.357174	-1.973568	-1.205697	0.288482
0.480000	-12.443215	1.072424	-0.817060	-1.976629	-1.220655	0.266970
0.500000	-12.355874	1.465796	-0.286809	-1.971456	-1.230353	0.243667
0.520000	-12.125725	1.863847	0.220315	-1.958064	-1.234691	0.219275
0.540000	-11.750460	2.260619	0.691053	-1.936470	-1.233569	0.194498
0.560000	-11.227773	2.650154	1.112142	-1.906692	-1.226888	0.170041
0.580000	-10.555357	3.026494	1.470319	-1.868745	-1.214549	0.146606
0.600000	-9.730905	3.383679	1.752324	-1.822647	-1.196450	0.124899
0.620000	-8.752112	3.715752	1.944894	-1.768415	-1.172493	0.105622
0.640000	-7.616670	4.016754	2.034768	-1.706064	-1.142578	0.089480
0.660000	-6.322274	4.280725	2.008683	-1.635612	-1.106606	0.077176
0.680000	-4.869476	4.502313	1.855635	-1.557175	-1.064545	0.069319
0.700000	-3.282243	4.681102	1.583084	-1.471690	-1.016933	0.065740
0.720000	-1.595988	4.819096	1.207519	-1.380492	-0.964583	0.065890
0.740000	0.153799	4.918313	0.745492	-1.284922	-0.908313	0.069216
0.760000	1.931627	4.980773	0.213552	-1.186319	-0.848938	0.075166
0.780000	3.702005	5.008494	-0.371749	-1.086021	-0.787274	0.083189
0.800000	5.429442	5.003495	-0.993860	-0.985367	-0.724137	0.092732
0.820000	7.078446	4.967796	-1.636230	-0.885698	-0.660343	0.103242
0.840000	8.613528	4.903415	-2.282308	-0.788352	-0.596708	0.114169
0.860000	9.999197	4.812371	-2.915543	-0.694668	-0.534049	0.124960
0.880000	11.199960	4.696684	-3.519385	-0.605987	-0.473182	0.135063
0.900000	12.180328	4.558371	-4.077282	-0.523646	-0.414922	0.143925
0.920000	12.904810	4.399453	-4.572683	-0.448985	-0.360086	0.150996
0.940000	13.337914	4.221947	-4.989037	-0.383343	-0.309489	0.155722
0.960000	13.444150	4.027874	-5.309794	-0.328060	-0.263949	0.157551
0.980000	13.188040	3.819252	-5.518406	-0.284475	-0.224280	0.155932
1.000000	12.553594	3.598567	-5.604783	-0.253385	-0.191034	0.150534
1.020000	11.583541	3.369708	-5.578285	-0.233964	-0.163964	0.141693
1.040000	10.331624	3.136829	-5.451922	-0.225077	-0.142675	0.129868
1.060000	8.851587	2.904083	-5.238701	-0.225591	-0.126770	0.115520
1.080000	7.197172	2.675623	-4.951634	-0.234372	-0.115853	0.099111
1.100000	5.422123	2.455603	-4.603727	-0.250286	-0.109527	0.081099
1.120000	3.580184	2.248175	-4.207992	-0.272201	-0.107397	0.061947
1.140000	1.725098	2.057493	-3.777436	-0.298982	-0.109066	0.042114
1.160000	-0.089392	1.887711	-3.325069	-0.329496	-0.114139	0.022061
1.180000	-1.809542	1.742981	-2.863899	-0.362610	-0.122219	0.002248
1.200000	-3.381610	1.627457	-2.406937	-0.397189	-0.132909	-0.016864
1.220000	-4.751852	1.545292	-1.967191	-0.432101	-0.145815	-0.034814
1.240000	-5.866524	1.500639	-1.557670	-0.466211	-0.160539	-0.051143
1.260000	-6.671884	1.497651	-1.191384	-0.498387	-0.176686	-0.065389
1.280000	-7.114187	1.540483	-0.881341	-0.527494	-0.193858	-0.077093
1.300000	-7.141052	1.633088	-0.640286	-0.552417	-0.211664	-0.085803
1.320000	-6.746784	1.772645	-0.471895	-0.572650	-0.229786	-0.091417
1.340000	-5.982971	1.948012	-0.368718	-0.588436	-0.248006	-0.094257
1.360000	-4.904709	2.147540	-0.322623	-0.600063	-0.266110	-0.094672
1.380000	-3.567092	2.359579	-0.325477	-0.607821	-0.283885	-0.093011
1.400000	-2.025216	2.572479	-0.369151	-0.611997	-0.301118	-0.089623
1.420000	-0.334175	2.774590	-0.445510	-0.612881	-0.317595	-0.084856
1.440000	1.450933	2.954263	-0.546425	-0.610760	-0.333102	-0.079060
1.460000	3.275016	3.099848	-0.663762	-0.605924	-0.347427	-0.072582
1.480000	5.082977	3.199694	-0.789391	-0.598661	-0.360356	-0.065773
1.500000	6.819721	3.242152	-0.915179	-0.589259	-0.371676	-0.058980
1.520000	8.430153	3.215573	-1.032995	-0.578008	-0.381173	-0.052553
1.540000	9.859178	3.108307	-1.134707	-0.565195	-0.388634	-0.046841
1.560000	11.051700	2.908703	-1.212183	-0.551110	-0.393845	-0.042191
1.580000	11.952624	2.605111	-1.257292	-0.536042	-0.396593	-0.038954
1.600000	12.506856	2.185883	-1.261901	-0.520277	-0.396665	-0.037477
1.620000	12.659386	1.639395	-1.217891	-0.504106	-0.393848	-0.038110
1.640000	12.383939	0.962911	-1.121273	-0.487793	-0.388095	-0.041070
1.660000	11.724451	0.175411	-0.978148	-0.471544	-0.379763	-0.046259
1.680000	10.735381	-0.700873	-0.796132	-0.455557	-0.369270	-0.053529
1.700000	9.471188	-1.643705	-0.582838	-0.440029	-0.357037	-0.062734
1.720000	7.986332	-2.630851	-0.345880	-0.425158	-0.343479	-0.073727
1.740000	6.335270	-3.640078	-0.092873	-0.411142	-0.329017	-0.086361
1.760000	4.572463	-4.649151	0.168568	-0.398178	-0.314069	-0.100489
1.780000	2.752370	-5.635837	0.430830	-0.386464	-0.299052	-0.115964
1.800000	0.929449	-6.577901	0.686298	-0.376197	-0.284386	-0.132640
1.820000	-0.841840	-7.453109	0.927357	-0.367575	-0.270489	-0.150370
1.840000	-2.507039	-8.239227	1.146394	-0.360796	-0.257779	-0.169006
1.860000	-4.011687	-8.914021	1.335794	-0.356057	-0.246674	-0.188403
1.880000	-5.301327	-9.455257	1.487942	-0.353556	-0.237594	-0.208412
1.900000	-6.321499	-9.840702	1.595225	-0.353491	-0.230956	-0.228888
1.920000	-7.017744	-10.048120	1.650028	-0.356058	-0.227180	-0.249683
1.940000	-7.335603	-10.055278	1.644737	-0.361457	-0.226682	-0.270651
1.960000	-7.234636	-9.846345	1.573802	-0.369808	-0.229756	-0.291629
1.980000	-6.747097	-9.438702	1.442383	-0.380849	-0.236035	-0.312376
2.000000	-5.928735	-8.860458	1.259102	-0.394186	-0.244941	-0.332623
2.020000	-4.835305	-8.139727	1.032580	-0.409432	-0.255895	-0.352102
2.040000	-3.522567	-7.304627	0.771439	-0.426194	-0.268320	-0.370546
2.060000	-2.046278	-6.383271	0.484302	-0.444082	-0.281636	-0.387686
2.080000	-0.462196	-5.403775	0.179792	-0.462706	-0.295265	-0.403255
