0.000000	5.477998	3.939485	-2.434859	-0.303631	-0.254721	-0.087153
0.020000	7.121020	4.027325	-2.461829	-0.320058	-0.257573	-0.080502
0.040000	8.516332	4.039971	-2.419340	-0.337836	-0.259526	-0.073501
0.060000	9.603622	3.964551	-2.297590	-0.356189	-0.260263	-0.066353
0.080000	10.322582	3.788186	-2.086777	-0.374341	-0.259470	-0.059263
0.100000	10.618066	3.499333	-1.778263	-0.391558	-0.256850	-0.052427
0.120000	10.496981	3.102427	-1.377438	-0.407607	-0.252377	-0.045964
0.140000	10.007245	2.612468	-0.898956	-0.422585	-0.246195	-0.039939
0.160000	9.197507	2.044642	-0.357638	-0.436597	-0.238456	-0.034415
0.180000	8.116416	1.414137	0.231695	-0.449746	-0.229310	-0.029458
0.200000	6.812619	0.736138	0.854223	-0.462137	-0.218904	-0.025130
0.220000	5.334766	0.025834	1.495124	-0.473874	-0.207391	-0.021497
0.240000	3.731504	-0.701589	2.139579	-0.485060	-0.194919	-0.018622
0.260000	2.051482	-1.430945	2.772767	-0.495799	-0.181638	-0.016570
0.280000	0.343349	-2.147045	3.379866	-0.506195	-0.167698	-0.015405
0.300000	-1.344247	-2.834704	3.946057	-0.516352	-0.153250	-0.015190
0.320000	-2.962659	-3.478733	4.456519	-0.526375	-0.138442	-0.015991
0.340000	-4.463237	-4.063948	4.896431	-0.536366	-0.123424	-0.017870
0.360000	-5.797332	-4.575159	5.250973	-0.546431	-0.108347	-0.020894
0.380000	-6.916298	-4.997181	5.505324	-0.556672	-0.093360	-0.025124
0.400000	-7.771485	-5.314827	5.644663	-0.567194	-0.078612	-0.030627
0.420000	-8.314244	-5.512909	5.654170	-0.578101	-0.064255	-0.037465
0.440000	-8.504263	-5.579047	5.521893	-0.589490	-0.050440	-0.045667
0.460000	-8.358444	-5.520116	5.255576	-0.601414	-0.037341	-0.055007
0.480000	-7.917717	-5.351081	4.871234	-0.613906	-0.025139	-0.065155
0.500000	-7.223093	-5.086935	4.384909	-0.627000	-0.014017	-0.075779
0.520000	-6.315584	-4.742667	3.812644	-0.640730	-0.004156	-0.086549
0.540000	-5.236202	-4.333270	3.170481	-0.655130	0.004262	-0.097134
0.560000	-4.025958	-3.873737	2.474465	-0.670232	0.011055	-0.107202
0.580000	-2.725864	-3.379057	1.740636	-0.686071	0.016041	-0.116422
0.600000	-1.376932	-2.864223	0.985038	-0.702680	0.019039	-0.124463
0.620000	-0.020174	-2.344228	0.223715	-0.720094	0.019866	-0.130994
0.640000	1.303400	-1.834061	-0.527293	-0.738345	0.018341	-0.135684
0.660000	2.552776	-1.348715	-1.251940	-0.757467	0.014282	-0.138201
0.680000	3.686943	-0.903183	-1.934186	-0.777494	0.007507	-0.138216
0.700000	4.664890	-0.512454	-2.557987	-0.798460	-0.002165	-0.135396
0.720000	5.445605	-0.191522	-3.107301	-0.820399	-0.014918	-0.129410
0.740000	5.988113	0.044637	-3.566096	-0.843343	-0.030931	-0.119928
0.760000	6.267786	0.187156	-3.923700	-0.867293	-0.050264	-0.106828
0.780000	6.302067	0.242906	-4.183229	-0.892167	-0.072656	-0.090527
0.800000	6.115075	0.221248	-4.349987	-0.917868	-0.097796	-0.071526
0.820000	5.730925	0.131548	-4.429277	-0.944298	-0.125375	-0.050327
0.840000	5.173736	-0.016831	-4.426403	-0.971360	-0.155083	-0.027432
0.860000	4.467624	-0.214524	-4.346668	-0.998959	-0.186608	-0.003343
0.880000	3.636708	-0.452168	-4.195377	-1.026997	-0.219640	0.021440
0.900000	2.705105	-0.720399	-3.977832	-1.055377	-0.253869	0.046414
0.920000	1.696931	-1.009853	-3.699339	-1.084002	-0.288985	0.071077
0.940000	0.636305	-1.311166	-3.365199	-1.112776	-0.324677	0.094927
0.960000	-0.452657	-1.614973	-2.980717	-1.141602	-0.360634	0.117464
0.980000	-1.545836	-1.911912	-2.551196	-1.170383	-0.396547	0.138185
1.000000	-2.619116	-2.192618	-2.081940	-1.199022	-0.432105	0.156588
1.020000	-3.648379	-2.447726	-1.578253	-1.227422	-0.466998	0.172172
1.040000	-4.609509	-2.667874	-1.045438	-1.255487	-0.500915	0.184436
1.060000	-5.483010	-2.845401	-0.489569	-1.283098	-0.533573	0.193049
1.080000	-6.264995	-2.978397	0.080683	-1.310063	-0.564779	0.198264
1.100000	-6.954862	-3.066165	0.656100	-1.336175	-0.594362	0.200457
1.120000	-7.552013	-3.108008	1.227461	-1.361228	-0.622147	0.200002
1.140000	-8.055849	-3.103228	1.785550	-1.385014	-0.647961	0.197275
1.160000	-8.465770	-3.051129	2.321146	-1.407327	-0.671632	0.192651
1.180000	-8.781177	-2.951013	2.825031	-1.427959	-0.692987	0.186504
1.200000	-9.001470	-2.802183	3.287985	-1.446704	-0.711852	0.179211
1.220000	-9.126051	-2.603942	3.700790	-1.463354	-0.728055	0.171147
1.240000	-9.154319	-2.355592	4.054228	-1.477703	-0.741423	0.162686
1.260000	-9.085676	-2.056436	4.339078	-1.489543	-0.751782	0.154203
1.280000	-8.919522	-1.705777	4.546123	-1.498668	-0.758960	0.146074
1.300000	-8.655258	-1.302918	4.666143	-1.504871	-0.762783	0.138674
1.320000	-8.292284	-0.847162	4.689919	-1.507943	-0.763079	0.132379
1.340000	-7.830002	-0.337811	4.608233	-1.507680	-0.759675	0.127562
1.360000	-7.267811	0.225832	4.411865	-1.503873	-0.752397	0.124600
1.380000	-6.606595	0.843182	4.094033	-1.496357	-0.741130	0.123806
1.400000	-5.858100	1.504266	3.665807	-1.485273	-0.726186	0.125033
1.420000	-5.038906	2.194932	3.146197	-1.470894	-0.708063	0.127936
1.440000	-4.165611	2.901011	2.554248	-1.453497	-0.687261	0.132164
1.460000	-3.254816	3.608332	1.909008	-1.433359	-0.664281	0.137368
1.480000	-2.323122	4.302726	1.229522	-1.410754	-0.639624	0.143200
1.500000	-1.387129	4.970023	0.534837	-1.385959	-0.613788	0.149310
1.520000	-0.463438	5.596052	-0.156001	-1.359250	-0.587275	0.155350
1.540000	0.431352	6.166644	-0.823945	-1.330902	-0.560586	0.160971
1.560000	1.280640	6.667629	-1.449949	-1.301192	-0.534219	0.165823
1.580000	2.067825	7.084836	-2.014967	-1.270395	-0.508676	0.169558
1.600000	2.776308	7.404097	-2.499952	-1.238788	-0.484456	0.171827
1.620000	3.389487	7.611240	-2.885859	-1.206646	-0.462061	0.172280
1.640000	3.890763	7.692096	-3.153641	-1.174245	-0.441990	0.170569
1.660000	4.263536	7.632496	-3.284251	-1.141861	-0.424743	0.166344
1.680000	4.491204	7.418268	-3.258643	-1.109770	-0.410821	0.159258
1.700000	4.558052	7.036286	-3.058963	-1.078244	-0.400699	0.148984
1.720000	4.464730	6.492691	-2.689403	-1.047465	-0.394376	0.135640
1.740000	4.226291	5.810594	-2.173561	-1.017541	-0.391435	0.119734
1.760000	3.858283	5.013683	-1.535700	-0.988578	-0.391444	0.101787
1.780000	3.376254	4.125646	-0.800083	-0.960678	-0.393971	0.082319
1.800000	2.795750	3.170173	0.009026	-0.933947	-0.398584	0.061850
1.820000	2.132321	2.170952	0.867365	-0.908489	-0.404851	0.040903
1.840000	1.401512	1.151673	1.750671	-0.884409	-0.412340	0.019996
1.860000	0.618871	0.136023	2.634681	-0.861811	-0.420620	-0.000348
1.880000	-0.200054	-0.852307	3.495132	-0.840799	-0.429257	-0.019610
1.900000	-1.039716	-1.789630	4.307761	-0.821478	-0.437821	-0.037268
1.920000	-1.884567	-2.652256	5.048306	-0.803953	-0.445879	-0.052802
1.940000	-2.719060	-3.416496	5.692503	-0.788328	-0.453000	-0.065690
1.960000	-3.527647	-4.058662	6.216089	-0.774707	-0.458751	-0.075414
1.980000	-4.294781	-4.555065	6.594801	-0.763195	-0.462701	-0.081451
2.000000	-5.004916	-4.882016	6.804377	-0.753896	-0.464417	-0.083280
2.020000	-5.642502	-5.015825	6.820553	-0.746915	-0.463468	-0.080382
2.040000	-6.193362	-4.935940	6.622255	-0.742324	-0.459461	-0.072313
2.060000	-6.656769	-4.652607	6.219726	-0.739871	-0.452393	-0.059383
2.080000	-7.039628	-4.193553	5.640984	-0.739121	-0.442483	-0.042334
2.100000	-7.348935	-3.586705	4.914252	-0.739639	-0.429952	-0.021910
2.120000	-7.591683	-2.859992	4.067751	-0.740986	-0.415019	0.001142
2.140000	-7.774867	-2.041340	3.129703	-0.742727	-0.397906	0.026079
2.160000	-7.905480	-1.158679	2.128333	-0.744424	-0.378833	0.052154
2.180000	-7.990518	-0.239935	1.091860	-0.745641	-0.358021	0.078622
2.200000	-8.036974	0.686964	0.048508	-0.745942	-0.335691	0.104738
2.220000	-8.051842	1.594090	-0.973500	-0.744889	-0.312063	0.129756
2.240000	-8.042117	2.453514	-1.945944	-0.742046	-0.287358	0.152932
2.260000	-8.014793	3.237310	-2.840600	-0.736976	-0.261798	0.173519
2.280000	-7.976863	3.917550	-3.629246	-0.729242	-0.235601	0.190773
2.300000	-7.935323	4.466306	-4.283660	-0.718408	-0.208990	0.203949
2.320000	-7.897167	4.855650	-4.775620	-0.704037	-0.182184	0.212301
2.340000	-7.869388	5.057655	-5.076903	-0.685692	-0.155405	0.215083
2.360000	-7.856306	5.054000	-5.169313	-0.663149	-0.128878	0.211794
2.380000	-7.852772	4.860375	-5.070135	-0.636939	-0.102848	0.202793
2.400000	-7.851542	4.499988	-4.804501	-0.607756	-0.077562	0.188631
2.420000	-7.845374	3.996050	-4.397547	-0.576298	-0.053270	0.169856
2.440000	-7.827025	3.371770	-3.874404	-0.543261	-0.030218	0.147018
2.460000	-7.789250	2.650358	-3.260208	-0.509341	-0.008656	0.120668
2.480000	-7.724808	1.855024	-2.580091	-0.475234	0.011168	0.091355
2.500000	-7.626455	1.008977	-1.859188	-0.441637	0.029007	0.059629
2.520000	-7.486948	0.135429	-1.122631	-0.409245	0.044612	0.026040
