0.000000	0.237650	0.074169	1.520934	-0.543348	-0.321827	-0.198270
0.020000	-1.196435	-0.921921	1.903349	-0.523718	-0.330168	-0.221083
0.040000	-2.623367	-1.914122	2.277476	-0.503023	-0.338390	-0.244167
0.060000	-4.020475	-2.889689	2.638740	-0.481589	-0.346379	-0.267283
0.080000	-5.365090	-3.835878	2.982565	-0.459743	-0.354017	-0.290190
0.100000	-6.634540	-4.739947	3.304376	-0.437811	-0.361189	-0.312649
0.120000	-7.806155	-5.589152	3.599597	-0.416118	-0.367780	-0.334421
0.140000	-8.857266	-6.370749	3.863653	-0.394992	-0.373672	-0.355265
0.160000	-9.765201	-7.071996	4.091969	-0.374757	-0.378751	-0.374943
0.180000	-10.507292	-7.680149	4.279968	-0.355741	-0.382900	-0.393213
0.200000	-11.060867	-8.182465	4.423075	-0.338269	-0.386003	-0.409838
0.220000	-11.403256	-8.566200	4.516715	-0.322667	-0.387945	-0.424577
0.240000	-11.511789	-8.818610	4.556313	-0.309261	-0.388608	-0.437190
0.260000	-11.363796	-8.926953	4.537292	-0.298378	-0.387879	-0.447437
0.280000	-10.936607	-8.878485	4.455077	-0.290343	-0.385640	-0.455080
0.300000	-10.210777	-8.662329	4.306062	-0.285456	-0.381794	-0.459898
0.320000	-9.204986	-8.289656	4.098084	-0.283697	-0.376466	-0.461900
0.340000	-7.962809	-7.786038	3.846456	-0.284836	-0.369927	-0.461246
0.360000	-6.528250	-7.177291	3.566617	-0.288642	-0.362448	-0.458100
0.380000	-4.945310	-6.489234	3.274009	-0.294882	-0.354302	-0.452622
0.400000	-3.257994	-5.747686	2.984071	-0.303325	-0.345762	-0.444976
0.420000	-1.510304	-4.978464	2.712245	-0.313738	-0.337099	-0.435323
0.440000	0.253757	-4.207386	2.473970	-0.325889	-0.328587	-0.423827
0.460000	1.990185	-3.460270	2.284688	-0.339545	-0.320498	-0.410649
0.480000	3.654978	-2.762935	2.159838	-0.354475	-0.313104	-0.395952
0.500000	5.204132	-2.141199	2.114861	-0.370446	-0.306678	-0.379898
0.520000	6.593644	-1.620879	2.165198	-0.387227	-0.301492	-0.362650
0.540000	7.779512	-1.227794	2.326289	-0.404584	-0.297819	-0.344370
0.560000	8.717731	-0.987761	2.613574	-0.422287	-0.295931	-0.325221
0.580000	9.364300	-0.926600	3.042495	-0.440102	-0.296100	-0.305364
0.600000	9.677631	-1.068540	3.627184	-0.457811	-0.298586	-0.284964
0.620000	9.657114	-1.410905	4.359618	-0.475441	-0.303424	-0.264219
0.640000	9.336343	-1.928553	5.213278	-0.493221	-0.310462	-0.243355
0.660000	8.749962	-2.595658	6.161076	-0.511384	-0.319545	-0.222599
0.680000	7.932611	-3.386389	7.175928	-0.530167	-0.330513	-0.202177
0.700000	6.918934	-4.274919	8.230745	-0.549804	-0.343211	-0.182316
0.720000	5.743573	-5.235420	9.298443	-0.570531	-0.357482	-0.163244
0.740000	4.441170	-6.242062	10.351934	-0.592582	-0.373167	-0.145186
0.760000	3.046368	-7.269018	11.364133	-0.616193	-0.390110	-0.128369
0.780000	1.593810	-8.290459	12.307952	-0.641599	-0.408153	-0.113021
0.800000	0.118137	-9.280557	13.156306	-0.669034	-0.427141	-0.099368
0.820000	-1.346008	-10.213483	13.882108	-0.698734	-0.446914	-0.087637
0.840000	-2.763982	-11.063409	14.458272	-0.730934	-0.467317	-0.078054
0.860000	-4.101144	-11.804507	14.857711	-0.765869	-0.488192	-0.070847
0.880000	-5.322850	-12.410947	15.053339	-0.803774	-0.509382	-0.066242
0.900000	-6.394458	-12.856902	15.018070	-0.844883	-0.530730	-0.064466
0.920000	-7.286453	-13.120997	14.731081	-0.889325	-0.552078	-0.065654
0.940000	-7.997415	-13.206266	14.205877	-0.936627	-0.573266	-0.069438
0.960000	-8.535501	-13.124061	13.467662	-0.986119	-0.594135	-0.075279
0.980000	-8.908875	-12.885742	12.541649	-1.037128	-0.614523	-0.082637
1.000000	-9.125701	-12.502668	11.453053	-1.088979	-0.634270	-0.090972
1.020000	-9.194143	-11.986198	10.227086	-1.141002	-0.653216	-0.099746
1.040000	-9.122365	-11.347691	8.888964	-1.192522	-0.671200	-0.108420
1.060000	-8.918533	-10.598508	7.463898	-1.242867	-0.688062	-0.116452
1.080000	-8.590810	-9.750006	5.977104	-1.291364	-0.703640	-0.123305
1.100000	-8.147360	-8.813546	4.453795	-1.337341	-0.717776	-0.128438
1.120000	-7.596347	-7.800488	2.919184	-1.380124	-0.730307	-0.131312
1.140000	-6.945937	-6.722189	1.398485	-1.419041	-0.741074	-0.131388
1.160000	-6.204292	-5.590011	-0.083087	-1.453419	-0.749917	-0.128126
1.180000	-5.379578	-4.415311	-1.500320	-1.482584	-0.756674	-0.120987
1.200000	-4.479959	-3.209449	-2.828000	-1.505865	-0.761185	-0.109431
1.220000	-3.513598	-1.983786	-4.040912	-1.522588	-0.763290	-0.092919
1.240000	-2.488960	-0.749700	-5.115237	-1.532143	-0.762847	-0.070973
1.260000	-1.418337	0.481154	-6.044912	-1.534719	-0.759960	-0.043901
1.280000	-0.316654	1.696940	-6.836119	-1.531055	-0.754902	-0.012554
1.300000	0.801106	2.885812	-7.495284	-1.521901	-0.747948	0.022208
1.320000	1.919963	4.035929	-8.028829	-1.508006	-0.739374	0.059523
1.340000	3.024937	5.135447	-8.443180	-1.490122	-0.729455	0.098531
1.360000	4.101048	6.172523	-8.744762	-1.468998	-0.718468	0.138372
1.380000	5.133315	7.135315	-8.939998	-1.445384	-0.706688	0.178183
1.400000	6.106758	8.011979	-9.035314	-1.420030	-0.694391	0.217105
1.420000	7.006396	8.790672	-9.037133	-1.393686	-0.681853	0.254275
1.440000	7.817249	9.459552	-8.951881	-1.367103	-0.669349	0.288835
1.460000	8.524336	10.006775	-8.785982	-1.341030	-0.657155	0.319921
