0.000000	-4.611591	-0.535932	0.132808	0.302938	-0.873779	-0.132775
0.020000	-4.721825	-0.554082	0.099475	0.299642	-0.868602	-0.143819
0.040000	-4.805072	-0.574737	0.061318	0.296710	-0.863857	-0.154859
0.060000	-4.857779	-0.598051	0.018094	0.294218	-0.859637	-0.165832
0.080000	-4.876394	-0.624176	-0.030444	0.292241	-0.856035	-0.176673
0.100000	-4.857367	-0.653265	-0.084538	0.290854	-0.853144	-0.187322
0.120000	-4.798917	-0.685151	-0.144052	0.290097	-0.851027	-0.197730
0.140000	-4.703869	-0.718840	-0.207850	0.289921	-0.849663	-0.207897
0.160000	-4.575792	-0.753203	-0.274641	0.290262	-0.849021	-0.217829
0.180000	-4.418253	-0.787112	-0.343130	0.291054	-0.849067	-0.227531
0.200000	-4.234818	-0.819438	-0.412024	0.292234	-0.849769	-0.237008
0.220000	-4.029055	-0.849053	-0.480030	0.293738	-0.851095	-0.246267
0.240000	-3.804532	-0.874828	-0.545853	0.295500	-0.853011	-0.255312
0.260000	-3.564815	-0.895636	-0.608200	0.297457	-0.855485	-0.264150
0.280000	-3.313473	-0.910347	-0.665779	0.299544	-0.858484	-0.272787
0.300000	-3.054072	-0.917833	-0.717294	0.301697	-0.861976	-0.281227
0.320000	-2.790179	-0.916966	-0.761452	0.303851	-0.865928	-0.289476
0.340000	-2.525363	-0.906617	-0.796961	0.305943	-0.870307	-0.297541
0.360000	-2.263190	-0.885657	-0.822527	0.307907	-0.875082	-0.305426
0.380000	-2.007228	-0.852959	-0.836855	0.309679	-0.880218	-0.313138
0.400000	-1.761044	-0.807394	-0.838652	0.311196	-0.885684	-0.320682
0.420000	-1.528205	-0.747834	-0.826626	0.312392	-0.891446	-0.328064
0.440000	-1.311799	-0.673543	-0.799850	0.313215	-0.897468	-0.335285
0.460000	-1.112255	-0.585979	-0.759445	0.313682	-0.903686	-0.342333
0.480000	-0.929079	-0.487352	-0.707239	0.313831	-0.910028	-0.349188
0.500000	-0.761779	-0.379876	-0.645060	0.313701	-0.916420	-0.355828
0.520000	-0.609862	-0.265763	-0.574736	0.313331	-0.922792	-0.362236
0.540000	-0.472834	-0.147226	-0.498096	0.312760	-0.929069	-0.368391
0.560000	-0.350204	-0.026478	-0.416967	0.312028	-0.935180	-0.374272
0.580000	-0.241477	0.094268	-0.333179	0.311173	-0.941053	-0.379861
0.600000	-0.146161	0.212800	-0.248558	0.310235	-0.946614	-0.385137
0.620000	-0.063763	0.326904	-0.164933	0.309252	-0.951791	-0.390081
0.640000	0.006210	0.434369	-0.084133	0.308263	-0.956512	-0.394673
0.660000	0.064251	0.532981	-0.007985	0.307308	-0.960705	-0.398892
0.680000	0.110852	0.620527	0.061682	0.306426	-0.964296	-0.402720
0.700000	0.146508	0.694796	0.123041	0.305655	-0.967214	-0.406136
0.720000	0.171710	0.753573	0.174262	0.305035	-0.969385	-0.409120
0.740000	0.186995	0.794946	0.213769	0.304600	-0.970754	-0.411659
0.760000	0.193211	0.819226	0.241854	0.304352	-0.971383	-0.413789
0.780000	0.191351	0.827729	0.259651	0.304277	-0.971388	-0.415567
0.800000	0.182406	0.821773	0.268298	0.304362	-0.970885	-0.417051
0.820000	0.167368	0.802678	0.268933	0.304591	-0.969990	-0.418297
0.840000	0.147229	0.771764	0.262694	0.304953	-0.968820	-0.419365
0.860000	0.122981	0.730348	0.250718	0.305433	-0.967491	-0.420310
0.880000	0.095618	0.679752	0.234144	0.306018	-0.966118	-0.421191
0.900000	0.066129	0.621294	0.214109	0.306693	-0.964819	-0.422065
0.920000	0.035508	0.556293	0.191751	0.307446	-0.963710	-0.422990
0.940000	0.004746	0.486069	0.168208	0.308262	-0.962906	-0.424023
0.960000	-0.025164	0.411941	0.144619	0.309128	-0.962525	-0.425222
0.980000	-0.053230	0.335229	0.122120	0.310030	-0.962681	-0.426644
1.000000	-0.078461	0.257252	0.101851	0.310954	-0.963492	-0.428346
1.020000	-0.099864	0.179329	0.084948	0.311887	-0.965074	-0.430387
1.040000	-0.116447	0.102780	0.072550	0.312815	-0.967543	-0.432824
1.060000	-0.127260	0.028894	0.065745	0.313724	-0.971009	-0.435711
1.080000	-0.132119	-0.041574	0.064704	0.314608	-0.975457	-0.439033
1.100000	-0.131527	-0.108351	0.068777	0.315463	-0.980765	-0.442715
1.120000	-0.126011	-0.171181	0.077284	0.316289	-0.986805	-0.446679
1.140000	-0.116098	-0.229806	0.089547	0.317083	-0.993449	-0.450848
1.160000	-0.102314	-0.283970	0.104888	0.317842	-1.000570	-0.455144
1.180000	-0.085187	-0.333417	0.122628	0.318566	-1.008040	-0.459490
1.200000	-0.065241	-0.377889	0.142089	0.319251	-1.015733	-0.463808
1.220000	-0.043005	-0.417130	0.162591	0.319897	-1.023520	-0.468021
1.240000	-0.019005	-0.450883	0.183456	0.320501	-1.031274	-0.472051
1.260000	0.006232	-0.478890	0.204006	0.321060	-1.038867	-0.475821
1.280000	0.032180	-0.500897	0.223562	0.321574	-1.046173	-0.479253
1.300000	0.058312	-0.516644	0.241446	0.322040	-1.053063	-0.482270
1.320000	0.084102	-0.525877	0.256978	0.322457	-1.059410	-0.484794
1.340000	0.109022	-0.528338	0.269481	0.322821	-1.065087	-0.486747
1.360000	0.132565	-0.523782	0.278287	0.323131	-1.069968	-0.488054
1.380000	0.154756	-0.512345	0.283080	0.323383	-1.073990	-0.488687
1.400000	0.176232	-0.494586	0.283943	0.323569	-1.077163	-0.488673
1.420000	0.197659	-0.471091	0.280977	0.323680	-1.079498	-0.488041
1.440000	0.219705	-0.442445	0.274285	0.323710	-1.081007	-0.486822
1.460000	0.243037	-0.409231	0.263972	0.323650	-1.081702	-0.485044
1.480000	0.268323	-0.372036	0.250139	0.323493	-1.081597	-0.482738
1.500000	0.296230	-0.331443	0.232890	0.323231	-1.080702	-0.479933
1.520000	0.327425	-0.288037	0.212328	0.322855	-1.079031	-0.476659
1.540000	0.362578	-0.242403	0.188556	0.322359	-1.076595	-0.472946
1.560000	0.402353	-0.195127	0.161677	0.321735	-1.073406	-0.468823
1.580000	0.447421	-0.146791	0.131793	0.320974	-1.069478	-0.464320
1.600000	0.498447	-0.097982	0.099008	0.320069	-1.064822	-0.459468
1.620000	0.556099	-0.049284	0.063425	0.319013	-1.059450	-0.454295
1.640000	0.621045	-0.001281	0.025147	0.317797	-1.053375	-0.448832
1.660000	0.693952	0.045441	-0.015723	0.316413	-1.046609	-0.443107
1.680000	0.775488	0.090298	-0.059083	0.314854	-1.039163	-0.437152
1.700000	0.866238	0.132741	-0.104815	0.313114	-1.031055	-0.430993
1.720000	0.965634	0.172710	-0.152627	0.311207	-1.022347	-0.424640
1.740000	1.072258	0.210511	-0.202089	0.309162	-1.013140	-0.418083
1.760000	1.184672	0.246455	-0.252774	0.307010	-1.003535	-0.411317
1.780000	1.301439	0.280855	-0.304251	0.304781	-0.993632	-0.404332
1.800000	1.421122	0.314022	-0.356090	0.302504	-0.983533	-0.397121
1.820000	1.542283	0.346270	-0.407862	0.300210	-0.973338	-0.389676
1.840000	1.663485	0.377910	-0.459137	0.297929	-0.963148	-0.381990
1.860000	1.783289	0.409255	-0.509484	0.295691	-0.953063	-0.374055
1.880000	1.900260	0.440618	-0.558474	0.293526	-0.943185	-0.365862
1.900000	2.012959	0.472309	-0.605677	0.291463	-0.933614	-0.357405
1.920000	2.119948	0.504642	-0.650664	0.289533	-0.924452	-0.348675
1.940000	2.219791	0.537929	-0.693005	0.287767	-0.915798	-0.339665
1.960000	2.311050	0.572482	-0.732269	0.286193	-0.907754	-0.330366
1.980000	2.392287	0.608614	-0.768027	0.284843	-0.900420	-0.320772
2.000000	2.462065	0.646636	-0.799849	0.283745	-0.893898	-0.310873
2.020000	2.519181	0.686713	-0.827381	0.282924	-0.888265	-0.300672
2.040000	2.563541	0.728301	-0.850626	0.282364	-0.883491	-0.290206
2.060000	2.595381	0.770648	-0.869691	0.282041	-0.879514	-0.279529
2.080000	2.614936	0.813003	-0.884687	0.281933	-0.876272	-0.268689
2.100000	2.622442	0.854613	-0.895722	0.282014	-0.873702	-0.257740
2.120000	2.618136	0.894727	-0.902905	0.282259	-0.871742	-0.246731
2.140000	2.602251	0.932593	-0.906344	0.282646	-0.870331	-0.235715
2.160000	2.575024	0.967458	-0.906148	0.283150	-0.869405	-0.224741
2.180000	2.536691	0.998571	-0.902426	0.283746	-0.868902	-0.213863
2.200000	2.487488	1.025180	-0.895287	0.284410	-0.868761	-0.203129
2.220000	2.427648	1.046532	-0.884840	0.285118	-0.868919	-0.192592
2.240000	2.357410	1.061876	-0.871193	0.285847	-0.869314	-0.182303
2.260000	2.277007	1.070460	-0.854455	0.286570	-0.869883	-0.172314
2.280000	2.186676	1.071531	-0.834735	0.287266	-0.870564	-0.162674
2.300000	2.086653	1.064339	-0.812142	0.287908	-0.871296	-0.153435
2.320000	1.977177	1.048136	-0.786785	0.288474	-0.872016	-0.144649
2.340000	1.859027	1.022792	-0.758863	0.288949	-0.872691	-0.136344
2.360000	1.733964	0.989304	-0.728737	0.289338	-0.873344	-0.128507
2.380000	1.603858	0.948791	-0.696785	0.289648	-0.874001	-0.121122
2.400000	1.470576	0.902373	-0.663387	0.289887	-0.874689	-0.114173
2.420000	1.335987	0.851169	-0.628922	0.290061	-0.875436	-0.107642
2.440000	1.201959	0.796298	-0.593768	0.290177	-0.876269	-0.101513
2.460000	1.070362	0.738879	-0.558304	0.290242	-0.877215	-0.095770
2.480000	0.943064	0.680032	-0.522909	0.290264	-0.878302	-0.090395
2.500000	0.821932	0.620876	-0.487961	0.290249	-0.879556	-0.085373
2.520000	0.708836	0.562530	-0.453841	0.290204	-0.881005	-0.080685
2.540000	0.605644	0.506113	-0.420925	0.290136	-0.882677	-0.076317
2.560000	0.514225	0.452746	-0.389594	0.290053	-0.884597	-0.072250
2.580000	0.436446	0.403546	-0.360226	0.289962	-0.886795	-0.068469
2.600000	0.374177	0.359633	-0.333199	0.289868	-0.889296	-0.064957
2.620000	0.329283	0.322126	-0.308893	0.289780	-0.892128	-0.061697
2.640000	0.302620	0.291725	-0.287542	0.289706	-0.895296	-0.058670
2.660000	0.292647	0.268140	-0.269038	0.289659	-0.898752	-0.055850
2.680000	0.297472	0.250936	-0.253224	0.289651	-0.902440	-0.053213
2.700000	0.315201	0.239679	-0.239944	0.289696	-0.906304	-0.050731
2.720000	0.343944	0.233934	-0.229040	0.289808	-0.910290	-0.048379
2.740000	0.381808	0.233266	-0.220355	0.289999	-0.914341	-0.046131
2.760000	0.426901	0.237240	-0.213732	0.290282	-0.918401	-0.043961
2.780000	0.477331	0.245422	-0.209014	0.290672	-0.922415	-0.041842
2.800000	0.531206	0.257377	-0.206043	0.291180	-0.926328	-0.039750
2.820000	0.586634	0.272670	-0.204662	0.291820	-0.930082	-0.037658
2.840000	0.641724	0.290865	-0.204715	0.292606	-0.933624	-0.035539
2.860000	0.694581	0.311530	-0.206044	0.293550	-0.936897	-0.033369
2.880000	0.743316	0.334228	-0.208491	0.294666	-0.939845	-0.031121
2.900000	0.786036	0.358525	-0.211901	0.295967	-0.942413	-0.028769
2.920000	0.820848	0.383986	-0.216115	0.297465	-0.944544	-0.026286
2.940000	0.845861	0.410177	-0.220977	0.299175	-0.946185	-0.023648
2.960000	0.859548	0.436670	-0.226345	0.301105	-0.947293	-0.020836
2.980000	0.862228	0.463082	-0.232159	0.303238	-0.947904	-0.017869
3.000000	0.854799	0.489042	-0.238384	0.305551	-0.948077	-0.014781
3.020000	0.838161	0.514178	-0.244985	0.308021	-0.947872	-0.011604
3.040000	0.813212	0.538119	-0.251926	0.310623	-0.947348	-0.008369
3.060000	0.780852	0.560493	-0.259174	0.313334	-0.946563	-0.005110
3.080000	0.741978	0.580931	-0.266692	0.316131	-0.945578	-0.001859
3.100000	0.697492	0.599060	-0.274445	0.318990	-0.944452	0.001353
3.120000	0.648290	0.614509	-0.282400	0.321886	-0.943243	0.004492
3.140000	0.595273	0.626908	-0.290520	0.324797	-0.942012	0.007526
3.160000	0.539340	0.635885	-0.298770	0.327699	-0.940817	0.010422
3.180000	0.481388	0.641069	-0.307116	0.330569	-0.939717	0.013150
3.200000	0.422318	0.642088	-0.315522	0.333381	-0.938772	0.015675
3.220000	0.363029	0.638572	-0.323954	0.336114	-0.938041	0.017967
3.240000	0.304418	0.630149	-0.332376	0.338743	-0.937583	0.019991
3.260000	0.247386	0.616449	-0.340754	0.341245	-0.937458	0.021717
3.280000	0.192765	0.597132	-0.349035	0.343597	-0.937719	0.023114
3.300000	0.140614	0.572238	-0.356974	0.345791	-0.938356	0.024183
3.320000	0.090501	0.542046	-0.364203	0.347830	-0.939317	0.024943
3.340000	0.041982	0.506842	-0.370351	0.349713	-0.940550	0.025414
3.360000	-0.005383	0.466908	-0.375046	0.351444	-0.942003	0.025617
3.380000	-0.052039	0.422531	-0.377918	0.353023	-0.943623	0.025572
3.400000	-0.098425	0.373993	-0.378596	0.354452	-0.945358	0.025298
3.420000	-0.144986	0.321580	-0.376708	0.355733	-0.947157	0.024816
3.440000	-0.192162	0.265575	-0.371883	0.356868	-0.948966	0.024145
3.460000	-0.240396	0.206263	-0.363752	0.357857	-0.950734	0.023306
3.480000	-0.290130	0.143928	-0.351942	0.358703	-0.952408	0.022319
3.500000	-0.341807	0.078855	-0.336083	0.359406	-0.953936	0.021203
3.520000	-0.395867	0.011328	-0.315804	0.359969	-0.955266	0.019980
3.540000	-0.452755	-0.058369	-0.290734	0.360394	-0.956346	0.018668
3.560000	-0.512910	-0.129951	-0.260502	0.360681	-0.957123	0.017287
3.580000	-0.576777	-0.203135	-0.224736	0.360832	-0.957545	0.015859
3.600000	-0.644796	-0.277636	-0.183066	0.360850	-0.957560	0.014403
3.620000	-0.717391	-0.353199	-0.135235	0.360734	-0.957125	0.012932
3.640000	-0.794854	-0.429777	-0.081736	0.360483	-0.956257	0.011423
3.660000	-0.877423	-0.507403	-0.023369	0.360094	-0.955000	0.009833
3.680000	-0.965338	-0.586111	0.039067	0.359563	-0.953395	0.008123
3.700000	-1.058838	-0.665934	0.104769	0.358887	-0.951485	0.006251
3.720000	-1.158163	-0.746907	0.172940	0.358062	-0.949312	0.004175
3.740000	-1.263550	-0.829064	0.242777	0.357086	-0.946920	0.001856
3.760000	-1.375240	-0.912438	0.313480	0.355954	-0.944351	-0.000748
3.780000	-1.493471	-0.997064	0.384250	0.354663	-0.941646	-0.003678
3.800000	-1.618482	-1.082976	0.454286	0.353211	-0.938849	-0.006975
3.820000	-1.750513	-1.170208	0.522788	0.351593	-0.936003	-0.010680
3.840000	-1.889803	-1.258793	0.588954	0.349807	-0.933149	-0.014834
3.860000	-2.036590	-1.348765	0.651986	0.347848	-0.930330	-0.019478
3.880000	-2.191114	-1.440160	0.711082	0.345714	-0.927590	-0.024652
3.900000	-2.353614	-1.533009	0.765442	0.343401	-0.924969	-0.030399
3.920000	-2.524169	-1.627234	0.814310	0.340907	-0.922507	-0.036755
3.940000	-2.701428	-1.721725	0.857314	0.338240	-0.920201	-0.043724
3.960000	-2.883285	-1.814834	0.894289	0.335416	-0.918028	-0.051293
3.980000	-3.067629	-1.904907	0.925072	0.332447	-0.915964	-0.059450
4.000000	-3.252347	-1.990288	0.949497	0.329349	-0.913986	-0.068180
4.020000	-3.435328	-2.069325	0.967400	0.326135	-0.912071	-0.077470
4.040000	-3.614458	-2.140362	0.978618	0.322819	-0.910194	-0.087307
4.060000	-3.787626	-2.201745	0.982986	0.319417	-0.908333	-0.097677
4.080000	-3.952720	-2.251821	0.980340	0.315942	-0.906463	-0.108568
4.100000	-4.107628	-2.288935	0.970515	0.312408	-0.904562	-0.119965
4.120000	-4.250238	-2.311432	0.953348	0.308830	-0.902606	-0.131855
4.140000	-4.378437	-2.317660	0.928674	0.305222	-0.900571	-0.144226
4.160000	-4.490114	-2.305963	0.896330	0.301598	-0.898434	-0.157064
4.180000	-4.583155	-2.274687	0.856150	0.297972	-0.896172	-0.170354
4.200000	-4.655450	-2.222178	0.807971	0.294359	-0.893760	-0.184085
4.220000	-4.704886	-2.146782	0.751629	0.290773	-0.891176	-0.198242
4.240000	-4.730095	-2.047827	0.687279	0.287228	-0.888416	-0.212798
4.260000	-4.732133	-1.927850	0.616123	0.283739	-0.885548	-0.227675
4.280000	-4.712553	-1.790040	0.539573	0.280321	-0.882653	-0.242786
4.300000	-4.672904	-1.637584	0.459044	0.276988	-0.879810	-0.258044
4.320000	-4.614740	-1.473673	0.375949	0.273756	-0.877101	-0.273362
4.340000	-4.539611	-1.301495	0.291702	0.270640	-0.874606	-0.288652
4.360000	-4.449068	-1.124240	0.207715	0.267654	-0.872405	-0.303829
4.380000	-4.344663	-0.945096	0.125403	0.264813	-0.870581	-0.318805
4.400000	-4.227948	-0.767253	0.046179	0.262132	-0.869212	-0.333492
