0.000000	-4.416890	-1.111971	1.005999	0.313916	-0.908069	-0.116362
0.020000	-4.552782	-1.094733	0.939713	0.308005	-0.901521	-0.126126
0.040000	-4.666977	-1.068906	0.863497	0.302114	-0.894947	-0.136183
0.060000	-4.758174	-1.034716	0.778702	0.296325	-0.888478	-0.146546
0.080000	-4.825072	-0.992387	0.686678	0.290724	-0.882246	-0.157226
0.100000	-4.866370	-0.942144	0.588778	0.285396	-0.876380	-0.168238
0.120000	-4.880765	-0.884212	0.486352	0.280424	-0.871013	-0.179593
0.140000	-4.866957	-0.818816	0.380752	0.275894	-0.866274	-0.191304
0.160000	-4.823645	-0.746181	0.273330	0.271890	-0.862296	-0.203384
0.180000	-4.749526	-0.666532	0.165436	0.268496	-0.859208	-0.215847
0.200000	-4.643300	-0.580094	0.058421	0.265797	-0.857142	-0.228703
0.220000	-4.503666	-0.487091	-0.046361	0.263878	-0.856230	-0.241968
0.240000	-4.330029	-0.387912	-0.147623	0.262805	-0.856573	-0.255642
0.260000	-4.126164	-0.283958	-0.244450	0.262537	-0.858102	-0.269668
0.280000	-3.897508	-0.177016	-0.336074	0.262992	-0.860680	-0.283962
0.300000	-3.649504	-0.068870	-0.421726	0.264088	-0.864171	-0.298444
0.320000	-3.387592	0.038691	-0.500637	0.265742	-0.868439	-0.313029
0.340000	-3.117215	0.143881	-0.572039	0.267871	-0.873347	-0.327636
0.360000	-2.843813	0.244914	-0.635163	0.270393	-0.878759	-0.342182
0.380000	-2.572828	0.340002	-0.689240	0.273226	-0.884539	-0.356584
0.400000	-2.309702	0.427359	-0.733502	0.276287	-0.890550	-0.370762
0.420000	-2.059876	0.505198	-0.767180	0.279493	-0.896656	-0.384631
0.440000	-1.828792	0.571733	-0.789505	0.282763	-0.902720	-0.398110
0.460000	-1.621890	0.625176	-0.799708	0.286013	-0.908607	-0.411116
0.480000	-1.444613	0.663742	-0.797021	0.289161	-0.914179	-0.423566
0.500000	-1.302402	0.685643	-0.780675	0.292125	-0.919301	-0.435379
0.520000	-1.200698	0.689092	-0.749902	0.294822	-0.923835	-0.446472
0.540000	-1.144147	0.672589	-0.704136	0.297177	-0.927662	-0.456772
0.560000	-1.130777	0.637003	-0.644509	0.299177	-0.930788	-0.466286
0.580000	-1.155341	0.584376	-0.572989	0.300837	-0.933284	-0.475060
0.600000	-1.212568	0.516760	-0.491551	0.302175	-0.935218	-0.483142
0.620000	-1.297187	0.436207	-0.402172	0.303208	-0.936664	-0.490576
0.640000	-1.403928	0.344768	-0.306826	0.303952	-0.937690	-0.497412
0.660000	-1.527520	0.244495	-0.207490	0.304424	-0.938368	-0.503694
0.680000	-1.662692	0.137438	-0.106139	0.304641	-0.938768	-0.509470
0.700000	-1.804173	0.025650	-0.004747	0.304620	-0.938960	-0.514786
0.720000	-1.946693	-0.088817	0.094709	0.304378	-0.939016	-0.519689
0.740000	-2.084981	-0.203913	0.190254	0.303932	-0.939007	-0.524225
0.760000	-2.213766	-0.317586	0.279913	0.303297	-0.939001	-0.528442
0.780000	-2.327777	-0.427785	0.361710	0.302492	-0.939072	-0.532386
0.800000	-2.421744	-0.532458	0.433669	0.301532	-0.939288	-0.536103
0.820000	-2.490396	-0.629553	0.493816	0.300436	-0.939720	-0.539640
0.840000	-2.528462	-0.717019	0.540174	0.299219	-0.940439	-0.543045
0.860000	-2.530880	-0.792849	0.570846	0.297899	-0.941514	-0.546361
0.880000	-2.497174	-0.856029	0.585605	0.296497	-0.942957	-0.549601
0.900000	-2.431329	-0.906507	0.585858	0.295041	-0.944727	-0.552743
0.920000	-2.337518	-0.944271	0.573080	0.293559	-0.946781	-0.555766
0.940000	-2.219913	-0.969312	0.548742	0.292077	-0.949077	-0.558646
0.960000	-2.082685	-0.981617	0.514320	0.290622	-0.951571	-0.561362
0.980000	-1.930006	-0.981175	0.471286	0.289223	-0.954220	-0.563890
1.000000	-1.766048	-0.967976	0.421115	0.287906	-0.956982	-0.566209
1.020000	-1.594982	-0.942008	0.365279	0.286698	-0.959812	-0.568296
1.040000	-1.420981	-0.903261	0.305252	0.285628	-0.962669	-0.570129
1.060000	-1.248216	-0.851723	0.242508	0.284721	-0.965509	-0.571684
1.080000	-1.080859	-0.787383	0.178521	0.284007	-0.968289	-0.572941
1.100000	-0.923082	-0.710230	0.114763	0.283511	-0.970967	-0.573876
1.120000	-0.779057	-0.620252	0.052710	0.283261	-0.973498	-0.574467
1.140000	-0.652954	-0.517440	-0.006167	0.283284	-0.975841	-0.574692
1.160000	-0.548947	-0.401781	-0.060392	0.283608	-0.977952	-0.574528
1.180000	-0.470479	-0.273514	-0.108668	0.284255	-0.979797	-0.573960
1.200000	-0.416216	-0.134515	-0.150836	0.285212	-0.981401	-0.573015
1.220000	-0.382891	0.012678	-0.187205	0.286453	-0.982815	-0.571741
1.240000	-0.367230	0.165525	-0.218080	0.287951	-0.984087	-0.570185
1.260000	-0.365962	0.321487	-0.243771	0.289681	-0.985267	-0.568392
1.280000	-0.375814	0.478022	-0.264583	0.291615	-0.986404	-0.566410
1.300000	-0.393514	0.632593	-0.280825	0.293728	-0.987549	-0.564285
1.320000	-0.415789	0.782657	-0.292804	0.295992	-0.988749	-0.562063
1.340000	-0.439368	0.925676	-0.300828	0.298382	-0.990056	-0.559791
1.360000	-0.460977	1.059110	-0.305203	0.300872	-0.991518	-0.557516
1.380000	-0.477345	1.180419	-0.306238	0.303433	-0.993186	-0.555284
1.400000	-0.485199	1.287063	-0.304240	0.306042	-0.995107	-0.553142
1.420000	-0.481266	1.376501	-0.299516	0.308670	-0.997333	-0.551136
1.440000	-0.462274	1.446195	-0.292374	0.311291	-0.999911	-0.549313
1.460000	-0.424952	1.493604	-0.283121	0.313880	-1.002893	-0.547720
1.480000	-0.366026	1.516188	-0.272065	0.316409	-1.006327	-0.546403
1.500000	-0.282224	1.511407	-0.259512	0.318853	-1.010263	-0.545408
1.520000	-0.171385	1.477730	-0.245746	0.321187	-1.014719	-0.544759
1.540000	-0.035762	1.417633	-0.230948	0.323399	-1.019586	-0.544378
1.560000	0.121293	1.334585	-0.215274	0.325476	-1.024725	-0.544168
1.580000	0.296433	1.232057	-0.198881	0.327409	-1.029997	-0.544029
1.600000	0.486306	1.113519	-0.181925	0.329187	-1.035261	-0.543861
1.620000	0.687563	0.982441	-0.164563	0.330799	-1.040378	-0.543566
1.640000	0.896854	0.842293	-0.146950	0.332235	-1.045209	-0.543043
1.660000	1.110829	0.696547	-0.129245	0.333482	-1.049615	-0.542194
1.680000	1.326139	0.548672	-0.111603	0.334531	-1.053455	-0.540919
1.700000	1.539432	0.402138	-0.094181	0.335371	-1.056590	-0.539119
1.720000	1.747359	0.260415	-0.077135	0.335991	-1.058881	-0.536694
1.740000	1.946571	0.126975	-0.060621	0.336380	-1.060188	-0.533546
1.760000	2.133718	0.005286	-0.044797	0.336527	-1.060371	-0.529574
1.780000	2.305449	-0.101180	-0.029819	0.336422	-1.059292	-0.524679
1.800000	2.458415	-0.188953	-0.015843	0.336053	-1.056810	-0.518763
1.820000	2.589265	-0.254563	-0.003025	0.335411	-1.052786	-0.511725
1.840000	2.695033	-0.294912	0.008494	0.334487	-1.047104	-0.503484
1.860000	2.776100	-0.310153	0.018727	0.333293	-1.039860	-0.494100
1.880000	2.834580	-0.302123	0.027764	0.331855	-1.031256	-0.483712
1.900000	2.872602	-0.272674	0.035694	0.330198	-1.021497	-0.472456
1.920000	2.892293	-0.223657	0.042608	0.328345	-1.010787	-0.460470
1.940000	2.895783	-0.156922	0.048597	0.326323	-0.999331	-0.447893
1.960000	2.885199	-0.074320	0.053750	0.324155	-0.987333	-0.434861
1.980000	2.862672	0.022298	0.058158	0.321866	-0.974998	-0.421512
2.000000	2.830328	0.131080	0.061912	0.319481	-0.962528	-0.407984
2.020000	2.790296	0.250175	0.065102	0.317024	-0.950130	-0.394415
2.040000	2.744705	0.377733	0.067818	0.314521	-0.938008	-0.380942
2.060000	2.695684	0.511903	0.070151	0.311996	-0.926365	-0.367703
2.080000	2.645361	0.650834	0.072190	0.309474	-0.915406	-0.354836
2.100000	2.595864	0.792674	0.074027	0.306979	-0.905336	-0.342477
2.120000	2.549322	0.935573	0.075751	0.304536	-0.896359	-0.330766
2.140000	2.507739	1.077708	0.077452	0.302169	-0.888665	-0.319829
2.160000	2.471623	1.217607	0.079201	0.299891	-0.882279	-0.309681
2.180000	2.440481	1.354030	0.081060	0.297705	-0.877117	-0.300258
2.200000	2.413806	1.485741	0.083087	0.295616	-0.873092	-0.291495
2.220000	2.391088	1.611504	0.085344	0.293628	-0.870117	-0.283329
2.240000	2.371820	1.730084	0.087890	0.291746	-0.868104	-0.275695
2.260000	2.355493	1.840243	0.090787	0.289974	-0.866966	-0.268527
2.280000	2.341598	1.940748	0.094093	0.288316	-0.866618	-0.261762
2.300000	2.329626	2.030360	0.097870	0.286778	-0.866971	-0.255336
2.320000	2.319069	2.107846	0.102178	0.285363	-0.867938	-0.249183
2.340000	2.309419	2.171968	0.107077	0.284075	-0.869434	-0.243240
2.360000	2.300166	2.221491	0.112627	0.282919	-0.871370	-0.237441
2.380000	2.290803	2.255180	0.118888	0.281900	-0.873659	-0.231723
2.400000	2.280819	2.271797	0.125922	0.281021	-0.876216	-0.226020
2.420000	2.269708	2.270108	0.133787	0.280288	-0.878952	-0.220268
2.440000	2.256961	2.248876	0.142545	0.279704	-0.881781	-0.214404
2.460000	2.242068	2.206866	0.152255	0.279274	-0.884615	-0.208362
2.480000	2.224523	2.142851	0.162977	0.279002	-0.887369	-0.202077
2.500000	2.204134	2.056976	0.174594	0.278891	-0.889982	-0.195517
2.520000	2.181332	1.952115	0.186642	0.278942	-0.892454	-0.188706
2.540000	2.156621	1.831464	0.198612	0.279154	-0.894789	-0.181678
2.560000	2.130509	1.698223	0.209999	0.279527	-0.896990	-0.174466
2.580000	2.103499	1.555589	0.220295	0.280060	-0.899062	-0.167101
2.600000	2.076098	1.406760	0.228994	0.280754	-0.901009	-0.159618
2.620000	2.048810	1.254933	0.235589	0.281609	-0.902836	-0.152049
2.640000	2.022142	1.103308	0.239573	0.282623	-0.904548	-0.144427
2.660000	1.996598	0.955081	0.240439	0.283798	-0.906147	-0.136785
2.680000	1.972684	0.813451	0.237680	0.285132	-0.907640	-0.129156
2.700000	1.950906	0.681615	0.230790	0.286626	-0.909029	-0.121573
2.720000	1.931769	0.562772	0.219262	0.288280	-0.910320	-0.114068
2.740000	1.915778	0.460119	0.202589	0.290092	-0.911517	-0.106675
2.760000	1.903438	0.376854	0.180264	0.292064	-0.912624	-0.099426
2.780000	1.895256	0.316176	0.151780	0.294194	-0.913646	-0.092355
2.800000	1.891678	0.281094	0.116674	0.296482	-0.914586	-0.085493
2.820000	1.892143	0.271426	0.075221	0.298913	-0.915451	-0.078853
2.840000	1.895246	0.284303	0.028321	0.301459	-0.916250	-0.072434
2.860000	1.899555	0.316774	-0.023112	0.304094	-0.916989	-0.066235
2.880000	1.903639	0.365887	-0.078159	0.306789	-0.917677	-0.060251
2.900000	1.906066	0.428693	-0.135904	0.309517	-0.918322	-0.054482
2.920000	1.905404	0.502239	-0.195431	0.312251	-0.918931	-0.048925
2.940000	1.900221	0.583576	-0.255822	0.314963	-0.919511	-0.043578
2.960000	1.889086	0.669750	-0.316160	0.317626	-0.920072	-0.038438
2.980000	1.870566	0.757813	-0.375529	0.320212	-0.920621	-0.033503
3.000000	1.843231	0.844811	-0.433012	0.322695	-0.921165	-0.028772
3.020000	1.805648	0.927796	-0.487693	0.325045	-0.921713	-0.024241
3.040000	1.756385	1.003814	-0.538653	0.327237	-0.922273	-0.019909
3.060000	1.694012	1.069916	-0.584977	0.329243	-0.922851	-0.015773
3.080000	1.617095	1.123150	-0.625748	0.331035	-0.923456	-0.011832
3.100000	1.524204	1.160566	-0.660049	0.332585	-0.924096	-0.008082
3.120000	1.413928	1.179237	-0.686970	0.333867	-0.924779	-0.004521
3.140000	1.286348	1.178003	-0.706119	0.334872	-0.925507	-0.001150
3.160000	1.143991	1.158595	-0.717949	0.335621	-0.926274	0.002028
3.180000	0.989606	1.123012	-0.722992	0.336138	-0.927074	0.005011
3.200000	0.825945	1.073252	-0.721780	0.336449	-0.927900	0.007795
3.220000	0.655759	1.011313	-0.714845	0.336576	-0.928745	0.010376
3.240000	0.481798	0.939194	-0.702718	0.336544	-0.929603	0.012752
3.260000	0.306815	0.858893	-0.685932	0.336379	-0.930466	0.014919
3.280000	0.133559	0.772407	-0.665018	0.336103	-0.931329	0.016874
3.300000	-0.035218	0.681736	-0.640507	0.335740	-0.932184	0.018613
3.320000	-0.196765	0.588878	-0.612932	0.335317	-0.933025	0.020133
3.340000	-0.348332	0.495831	-0.582824	0.334856	-0.933845	0.021431
3.360000	-0.487167	0.404594	-0.550715	0.334381	-0.934637	0.022504
3.380000	-0.610519	0.317164	-0.517138	0.333918	-0.935396	0.023348
3.400000	-0.715637	0.235540	-0.482623	0.333490	-0.936113	0.023960
3.420000	-0.799771	0.161720	-0.447702	0.333121	-0.936783	0.024337
3.440000	-0.860410	0.097559	-0.412883	0.332835	-0.937398	0.024476
3.460000	-0.898150	0.043058	-0.378363	0.332637	-0.937944	0.024402
3.480000	-0.915736	-0.003068	-0.344121	0.332519	-0.938402	0.024154
3.500000	-0.915958	-0.042128	-0.310134	0.332473	-0.938752	0.023772
3.520000	-0.901607	-0.075433	-0.276377	0.332492	-0.938976	0.023297
3.540000	-0.875473	-0.104293	-0.242826	0.332569	-0.939054	0.022768
3.560000	-0.840346	-0.130017	-0.209457	0.332696	-0.938967	0.022226
3.580000	-0.799016	-0.153915	-0.176246	0.332866	-0.938695	0.021710
3.600000	-0.754273	-0.177298	-0.143169	0.333070	-0.938220	0.021262
3.620000	-0.708906	-0.201475	-0.110202	0.333302	-0.937522	0.020921
3.640000	-0.665707	-0.227757	-0.077321	0.333553	-0.936582	0.020727
3.660000	-0.627465	-0.257453	-0.044502	0.333817	-0.935381	0.020721
3.680000	-0.596970	-0.291874	-0.011720	0.334085	-0.933899	0.020943
3.700000	-0.577012	-0.332330	0.021048	0.334351	-0.932118	0.021433
3.720000	-0.570382	-0.380129	0.053827	0.334606	-0.930018	0.022231
3.740000	-0.579776	-0.436524	0.086640	0.334844	-0.927581	0.023374
3.760000	-0.606174	-0.501661	0.119500	0.335062	-0.924827	0.024832
3.780000	-0.649031	-0.574706	0.152412	0.335261	-0.921806	0.026521
3.800000	-0.707748	-0.654794	0.185379	0.335443	-0.918568	0.028351
3.820000	-0.781729	-0.741058	0.218404	0.335612	-0.915167	0.030234
3.840000	-0.870376	-0.832633	0.251492	0.335767	-0.911653	0.032080
3.860000	-0.973091	-0.928652	0.284646	0.335912	-0.908077	0.033803
3.880000	-1.089277	-1.028248	0.317870	0.336049	-0.904491	0.035313
3.900000	-1.218336	-1.130556	0.351168	0.336178	-0.900947	0.036522
3.920000	-1.359671	-1.234710	0.384543	0.336303	-0.897496	0.037341
3.940000	-1.512683	-1.339842	0.418000	0.336425	-0.894189	0.037682
3.960000	-1.676776	-1.445088	0.451541	0.336545	-0.891079	0.037456
3.980000	-1.851353	-1.549580	0.485170	0.336667	-0.888216	0.036575
4.000000	-2.035814	-1.652453	0.518892	0.336791	-0.885652	0.034950
4.020000	-2.229563	-1.752840	0.552710	0.336921	-0.883438	0.032494
4.040000	-2.432003	-1.849875	0.586628	0.337057	-0.881626	0.029117
4.060000	-2.642523	-1.942690	0.620645	0.337201	-0.880268	0.024731
4.080000	-2.859498	-2.030241	0.654414	0.337353	-0.879389	0.019294
4.100000	-3.079546	-2.111182	0.686989	0.337501	-0.878976	0.012842
4.120000	-3.299110	-2.184138	0.717364	0.337638	-0.879010	0.005419
4.140000	-3.514632	-2.247732	0.744532	0.337753	-0.879471	-0.002932
4.160000	-3.722557	-2.300588	0.767488	0.337837	-0.880342	-0.012166
