0.000000	-7.960495	-0.703433	0.784097	0.448558	-0.735524	-0.418956
0.020000	-7.682245	-0.791768	0.694688	0.443088	-0.732656	-0.443408
0.040000	-7.341478	-0.898269	0.597462	0.437822	-0.730402	-0.467685
0.060000	-6.948995	-1.018874	0.495103	0.432799	-0.728768	-0.491636
0.080000	-6.515598	-1.149523	0.390291	0.428059	-0.727762	-0.515112
0.100000	-6.052087	-1.286156	0.285709	0.423642	-0.727390	-0.537961
0.120000	-5.569264	-1.424712	0.184041	0.419589	-0.727659	-0.560034
0.140000	-5.077930	-1.561132	0.087967	0.415939	-0.728577	-0.581180
0.160000	-4.588887	-1.691354	0.000170	0.412732	-0.730151	-0.601249
0.180000	-4.112934	-1.811319	-0.076667	0.410008	-0.732386	-0.620090
0.200000	-3.660873	-1.916966	-0.139863	0.407807	-0.735291	-0.637553
0.220000	-3.243507	-2.004234	-0.186734	0.406168	-0.738872	-0.653487
0.240000	-2.871634	-2.069064	-0.214599	0.405133	-0.743137	-0.667742
0.260000	-2.555987	-2.107425	-0.220798	0.404739	-0.748091	-0.680168
0.280000	-2.301334	-2.117833	-0.204557	0.404991	-0.753705	-0.690735
0.300000	-2.102073	-2.103238	-0.168389	0.405824	-0.759884	-0.699610
0.320000	-1.951562	-2.067031	-0.115132	0.407172	-0.766527	-0.706985
0.340000	-1.843158	-2.012605	-0.047628	0.408966	-0.773533	-0.713049
0.360000	-1.770221	-1.943352	0.031285	0.411136	-0.780802	-0.717993
0.380000	-1.726106	-1.862664	0.118766	0.413614	-0.788232	-0.722007
0.400000	-1.704173	-1.773934	0.211975	0.416332	-0.795722	-0.725280
0.420000	-1.697780	-1.680554	0.308073	0.419221	-0.803173	-0.728004
0.440000	-1.700283	-1.585917	0.404218	0.422213	-0.810482	-0.730369
0.460000	-1.705042	-1.493414	0.497572	0.425239	-0.817549	-0.732564
0.480000	-1.705413	-1.406439	0.585294	0.428229	-0.824273	-0.734780
0.500000	-1.694756	-1.328383	0.664544	0.431117	-0.830554	-0.737207
0.520000	-1.666427	-1.262638	0.732482	0.433833	-0.836289	-0.740035
0.540000	-1.613784	-1.212598	0.786268	0.436309	-0.841379	-0.743454
0.560000	-1.530187	-1.181655	0.823063	0.438475	-0.845723	-0.747655
0.580000	-1.409495	-1.172938	0.840245	0.440269	-0.849227	-0.752815
0.600000	-1.252633	-1.185901	0.838279	0.441690	-0.851917	-0.758932
0.620000	-1.065723	-1.217291	0.819898	0.442786	-0.853904	-0.765874
0.640000	-0.855009	-1.263792	0.787888	0.443607	-0.855302	-0.773505
0.660000	-0.626734	-1.322087	0.745035	0.444201	-0.856223	-0.781688
0.680000	-0.387144	-1.388860	0.694126	0.444618	-0.856780	-0.790288
0.700000	-0.142480	-1.460794	0.637946	0.444906	-0.857087	-0.799169
0.720000	0.101012	-1.534573	0.579284	0.445114	-0.857258	-0.808195
0.740000	0.337089	-1.606880	0.520923	0.445291	-0.857404	-0.817230
0.760000	0.559507	-1.674400	0.465652	0.445487	-0.857641	-0.826137
0.780000	0.762023	-1.733816	0.416255	0.445750	-0.858079	-0.834782
0.800000	0.938393	-1.781811	0.375520	0.446129	-0.858834	-0.843027
0.820000	1.082372	-1.815069	0.346233	0.446673	-0.860018	-0.850737
0.840000	1.187717	-1.830274	0.331180	0.447432	-0.861744	-0.857776
0.860000	1.248184	-1.824110	0.333147	0.448454	-0.864126	-0.864008
0.880000	1.257529	-1.793259	0.354921	0.449788	-0.867276	-0.869297
0.900000	1.209509	-1.734406	0.399287	0.451483	-0.871309	-0.873507
0.920000	1.099160	-1.644799	0.468482	0.453576	-0.876309	-0.876514
0.940000	0.931538	-1.526101	0.560423	0.456014	-0.882147	-0.878282
0.960000	0.716419	-1.382056	0.670997	0.458700	-0.888594	-0.878821
0.980000	0.463604	-1.216421	0.796079	0.461537	-0.895418	-0.878137
1.000000	0.182896	-1.032951	0.931544	0.464427	-0.902388	-0.876240
1.020000	-0.115904	-0.835402	1.073266	0.467274	-0.909273	-0.873137
1.040000	-0.422992	-0.627529	1.217119	0.469980	-0.915842	-0.868836
1.060000	-0.728566	-0.413090	1.358979	0.472448	-0.921864	-0.863346
1.080000	-1.022824	-0.195839	1.494720	0.474582	-0.927108	-0.856674
1.100000	-1.295964	0.020468	1.620216	0.476284	-0.931342	-0.848830
1.120000	-1.538183	0.232074	1.731343	0.477457	-0.934337	-0.839820
1.140000	-1.739680	0.435224	1.823975	0.478004	-0.935861	-0.829653
1.160000	-1.890651	0.626161	1.893986	0.477828	-0.935683	-0.818337
1.180000	-1.981294	0.801131	1.937252	0.476831	-0.933571	-0.805881
1.200000	-2.001808	0.956377	1.949646	0.474918	-0.929295	-0.792292
1.220000	-1.943397	1.088468	1.927443	0.472003	-0.922654	-0.777584
1.240000	-1.808069	1.197453	1.871196	0.468148	-0.913763	-0.761824
1.260000	-1.604390	1.285495	1.784053	0.463502	-0.902929	-0.745113
1.280000	-1.341017	1.354785	1.669202	0.458213	-0.890465	-0.727553
1.300000	-1.026607	1.407517	1.529829	0.452432	-0.876680	-0.709243
1.320000	-0.669819	1.445881	1.369120	0.446307	-0.861884	-0.690286
1.340000	-0.279311	1.472069	1.190263	0.439989	-0.846390	-0.670782
1.360000	0.136261	1.488275	0.996443	0.433628	-0.830508	-0.650833
1.380000	0.568239	1.496690	0.790847	0.427372	-0.814547	-0.630539
1.400000	1.007964	1.499505	0.576661	0.421371	-0.798820	-0.610002
1.420000	1.446780	1.498914	0.357072	0.415776	-0.783637	-0.589324
1.440000	1.876029	1.497107	0.135267	0.410735	-0.769308	-0.568604
1.460000	2.287052	1.496278	-0.085569	0.406398	-0.756144	-0.547945
1.480000	2.671193	1.498618	-0.302248	0.402915	-0.744456	-0.527447
1.500000	3.019793	1.506319	-0.511585	0.400436	-0.734555	-0.507212
1.520000	3.324195	1.521573	-0.710392	0.399109	-0.726751	-0.487340
1.540000	3.575928	1.546511	-0.895524	0.399081	-0.721348	-0.467932
1.560000	3.772443	1.581296	-1.065122	0.400369	-0.718420	-0.449044
1.580000	3.918207	1.623764	-1.218853	0.402841	-0.717770	-0.430681
1.600000	4.018091	1.671614	-1.356472	0.406353	-0.719184	-0.412846
1.620000	4.076967	1.722547	-1.477734	0.410764	-0.722450	-0.395541
1.640000	4.099706	1.774264	-1.582393	0.415931	-0.727353	-0.378769
1.660000	4.091181	1.824465	-1.670204	0.421713	-0.733682	-0.362532
1.680000	4.056263	1.870850	-1.740921	0.427967	-0.741223	-0.346833
1.700000	3.999824	1.911121	-1.794301	0.434552	-0.749762	-0.331674
1.720000	3.926736	1.942976	-1.830096	0.441324	-0.759087	-0.317058
1.740000	3.841869	1.964117	-1.848063	0.448142	-0.768984	-0.302987
1.760000	3.750097	1.972244	-1.847956	0.454865	-0.779241	-0.289463
1.780000	3.656291	1.965058	-1.829529	0.461348	-0.789643	-0.276489
1.800000	3.565323	1.940258	-1.792538	0.467451	-0.799979	-0.264068
1.820000	3.482063	1.895546	-1.736736	0.473032	-0.810034	-0.252201
1.840000	3.411385	1.828622	-1.661880	0.477947	-0.819597	-0.240892
1.860000	3.357642	1.737646	-1.567947	0.482071	-0.828470	-0.230140
1.880000	3.320861	1.624633	-1.456783	0.485407	-0.836604	-0.219924
1.900000	3.298911	1.493517	-1.331164	0.488022	-0.844022	-0.210214
1.920000	3.289647	1.348246	-1.193874	0.489984	-0.850747	-0.200979
1.940000	3.290921	1.192767	-1.047697	0.491362	-0.856802	-0.192188
1.960000	3.300587	1.031030	-0.895417	0.492224	-0.862211	-0.183809
1.980000	3.316500	0.866982	-0.739816	0.492638	-0.866996	-0.175812
2.000000	3.336513	0.704572	-0.583678	0.492672	-0.871181	-0.168166
2.020000	3.358480	0.547746	-0.429787	0.492394	-0.874789	-0.160839
2.040000	3.380254	0.400454	-0.280927	0.491872	-0.877844	-0.153801
2.060000	3.399690	0.266644	-0.139880	0.491175	-0.880368	-0.147020
2.080000	3.414641	0.150264	-0.009431	0.490371	-0.882385	-0.140467
2.100000	3.422961	0.055261	0.107637	0.489528	-0.883918	-0.134109
2.120000	3.422503	-0.014416	0.208541	0.488714	-0.884990	-0.127915
2.140000	3.411122	-0.054819	0.290497	0.487997	-0.885625	-0.121855
2.160000	3.386809	-0.062429	0.350957	0.487441	-0.885846	-0.115899
2.180000	3.349145	-0.038675	0.390089	0.487060	-0.885690	-0.110039
2.200000	3.298732	0.011841	0.409802	0.486832	-0.885198	-0.104276
2.220000	3.236186	0.084466	0.412036	0.486739	-0.884416	-0.098615
2.240000	3.162125	0.174544	0.398729	0.486760	-0.883384	-0.093058
2.260000	3.077168	0.277423	0.371819	0.486874	-0.882147	-0.087610
2.280000	2.981930	0.388449	0.333243	0.487063	-0.880747	-0.082274
2.300000	2.877031	0.502968	0.284942	0.487305	-0.879227	-0.077053
2.320000	2.763087	0.616326	0.228852	0.487580	-0.877631	-0.071950
2.340000	2.640716	0.723869	0.166912	0.487869	-0.876001	-0.066970
2.360000	2.510536	0.820943	0.101061	0.488151	-0.874381	-0.062115
2.380000	2.373163	0.902895	0.033237	0.488406	-0.872813	-0.057388
2.400000	2.229216	0.965071	-0.034622	0.488613	-0.871341	-0.052794
2.420000	2.079312	1.002816	-0.100578	0.488754	-0.870007	-0.048336
2.440000	1.924069	1.011477	-0.162692	0.488807	-0.868855	-0.044017
2.460000	1.764103	0.986401	-0.219025	0.488752	-0.867928	-0.039840
2.480000	1.600034	0.922932	-0.267641	0.488569	-0.867268	-0.035809
2.500000	1.432544	0.817463	-0.306856	0.488242	-0.866912	-0.031929
2.520000	1.262755	0.673305	-0.336695	0.487778	-0.866850	-0.028209
2.540000	1.091969	0.496584	-0.357873	0.487193	-0.867055	-0.024664
2.560000	0.921486	0.293435	-0.371107	0.486503	-0.867498	-0.021306
2.580000	0.752607	0.069993	-0.377116	0.485725	-0.868151	-0.018149
2.600000	0.586634	-0.167609	-0.376616	0.484876	-0.868986	-0.015206
2.620000	0.424868	-0.413235	-0.370327	0.483972	-0.869975	-0.012491
2.640000	0.268610	-0.660752	-0.358964	0.483029	-0.871091	-0.010016
2.660000	0.119161	-0.904024	-0.343247	0.482065	-0.872304	-0.007795
2.680000	-0.022178	-1.136917	-0.323893	0.481095	-0.873588	-0.005841
2.700000	-0.154106	-1.353296	-0.301619	0.480136	-0.874913	-0.004167
2.720000	-0.275321	-1.547028	-0.277143	0.479205	-0.876252	-0.002787
2.740000	-0.384523	-1.711978	-0.251183	0.478317	-0.877577	-0.001714
2.760000	-0.480410	-1.842011	-0.224456	0.477491	-0.878860	-0.000961
2.780000	-0.561681	-1.930992	-0.197681	0.476742	-0.880073	-0.000541
2.800000	-0.627206	-1.973550	-0.171522	0.476085	-0.881189	-0.000465
2.820000	-0.677379	-1.971143	-0.146175	0.475524	-0.882205	-0.000720
2.840000	-0.713401	-1.928830	-0.121587	0.475057	-0.883129	-0.001277
2.860000	-0.736479	-1.851700	-0.097702	0.474681	-0.883966	-0.002112
2.880000	-0.747819	-1.744843	-0.074466	0.474394	-0.884725	-0.003196
2.900000	-0.748628	-1.613351	-0.051825	0.474193	-0.885413	-0.004504
2.920000	-0.740114	-1.462313	-0.029722	0.474076	-0.886037	-0.006007
2.940000	-0.723483	-1.296819	-0.008104	0.474041	-0.886604	-0.007680
2.960000	-0.699942	-1.121960	0.013085	0.474085	-0.887121	-0.009496
2.980000	-0.670698	-0.942826	0.033900	0.474206	-0.887596	-0.011428
3.000000	-0.636957	-0.764508	0.054396	0.474400	-0.888036	-0.013449
3.020000	-0.599928	-0.592095	0.074626	0.474667	-0.888448	-0.015531
3.040000	-0.560816	-0.430679	0.094648	0.475003	-0.888840	-0.017650
3.060000	-0.520829	-0.285348	0.114514	0.475406	-0.889218	-0.019777
3.080000	-0.481174	-0.161194	0.134281	0.475874	-0.889590	-0.021886
3.100000	-0.443057	-0.063307	0.154004	0.476404	-0.889963	-0.023950
3.120000	-0.407686	0.003223	0.173736	0.476993	-0.890345	-0.025942
3.140000	-0.376138	0.034327	0.193523	0.477637	-0.890740	-0.027842
3.160000	-0.348812	0.031345	0.213355	0.478319	-0.891148	-0.029655
3.180000	-0.325883	-0.002603	0.233202	0.479017	-0.891562	-0.031400
3.200000	-0.307523	-0.064391	0.253038	0.479711	-0.891978	-0.033092
3.220000	-0.293906	-0.150899	0.272834	0.480377	-0.892390	-0.034748
3.240000	-0.285206	-0.259001	0.292562	0.480996	-0.892795	-0.036386
3.260000	-0.281598	-0.385577	0.312192	0.481545	-0.893186	-0.038021
3.280000	-0.283254	-0.527501	0.331698	0.482004	-0.893560	-0.039671
3.300000	-0.290349	-0.681652	0.351051	0.482351	-0.893910	-0.041353
3.320000	-0.303055	-0.844906	0.370222	0.482565	-0.894232	-0.043082
3.340000	-0.321548	-1.014140	0.389184	0.482624	-0.894522	-0.044877
3.360000	-0.346001	-1.186231	0.407907	0.482507	-0.894773	-0.046753
3.380000	-0.376587	-1.358056	0.426365	0.482192	-0.894982	-0.048727
3.400000	-0.413480	-1.526492	0.444528	0.481659	-0.895142	-0.050817
3.420000	-0.456855	-1.688416	0.462369	0.480885	-0.895250	-0.053038
3.440000	-0.507019	-1.840928	0.479798	0.479853	-0.895295	-0.055409
3.460000	-0.565238	-1.982697	0.496294	0.478569	-0.895232	-0.057959
3.480000	-0.633186	-2.113071	0.511151	0.477048	-0.895003	-0.060719
3.500000	-0.712542	-2.231401	0.523661	0.475307	-0.894547	-0.063722
3.520000	-0.804983	-2.337037	0.533117	0.473361	-0.893805	-0.067001
3.540000	-0.912186	-2.429328	0.538812	0.471226	-0.892717	-0.070589
3.560000	-1.035828	-2.507627	0.540037	0.468920	-0.891224	-0.074518
3.580000	-1.177586	-2.571281	0.536086	0.466456	-0.889265	-0.078820
3.600000	-1.339139	-2.619643	0.526252	0.463852	-0.886782	-0.083528
3.620000	-1.522164	-2.652062	0.509826	0.461124	-0.883715	-0.088675
3.640000	-1.728337	-2.667888	0.486102	0.458287	-0.880004	-0.094293
3.660000	-1.959337	-2.666472	0.454372	0.455358	-0.875589	-0.100414
3.680000	-2.216840	-2.647163	0.413928	0.452352	-0.870411	-0.107072
3.700000	-2.502524	-2.609313	0.364064	0.449286	-0.864411	-0.114299
3.720000	-2.818067	-2.552270	0.304072	0.446175	-0.857528	-0.122128
3.740000	-3.165145	-2.475387	0.233244	0.443036	-0.849703	-0.130590
3.760000	-3.545082	-2.378145	0.150932	0.439886	-0.840884	-0.139717
3.780000	-3.952961	-2.262361	0.057504	0.436767	-0.831151	-0.149508
3.800000	-4.378533	-2.131848	-0.045799	0.433745	-0.820697	-0.159937
3.820000	-4.811376	-1.990483	-0.157706	0.430883	-0.809717	-0.170975
3.840000	-5.241068	-1.842143	-0.276949	0.428247	-0.798410	-0.182595
3.860000	-5.657188	-1.690704	-0.402260	0.425901	-0.786971	-0.194769
3.880000	-6.049315	-1.540043	-0.532368	0.423911	-0.775596	-0.207469
3.900000	-6.407028	-1.394037	-0.666005	0.422342	-0.764483	-0.220667
3.920000	-6.719904	-1.256562	-0.801902	0.421257	-0.753827	-0.234335
3.940000	-6.977522	-1.131495	-0.938789	0.420724	-0.743825	-0.248446
3.960000	-7.169461	-1.022713	-1.075399	0.420805	-0.734675	-0.262971
3.980000	-7.285300	-0.934093	-1.210460	0.421567	-0.726571	-0.277884
4.000000	-7.314616	-0.869512	-1.342706	0.423074	-0.719711	-0.293155
4.020000	-7.246989	-0.832845	-1.470865	0.425391	-0.714291	-0.308757
4.040000	-7.071997	-0.827970	-1.593670	0.428583	-0.710508	-0.324662
