0.000000	-4.910140	-2.618949	-0.338137	0.474708	-0.769062	-0.739419
0.020000	-4.506296	-2.311951	-0.324257	0.475319	-0.764441	-0.756662
0.040000	-4.087911	-1.998985	-0.307355	0.475691	-0.759827	-0.773675
0.060000	-3.660222	-1.683846	-0.287755	0.475950	-0.755444	-0.790491
0.080000	-3.228465	-1.370327	-0.265783	0.476219	-0.751515	-0.807139
0.100000	-2.797875	-1.062223	-0.241764	0.476625	-0.748264	-0.823653
0.120000	-2.373688	-0.763327	-0.216023	0.477293	-0.745914	-0.840061
0.140000	-1.961140	-0.477433	-0.188886	0.478345	-0.744689	-0.856397
0.160000	-1.565468	-0.208335	-0.160677	0.479909	-0.744813	-0.872691
0.180000	-1.191906	0.040173	-0.131722	0.482109	-0.746509	-0.888973
0.200000	-0.845691	0.264298	-0.102346	0.485068	-0.750000	-0.905276
0.220000	-0.532058	0.460244	-0.072875	0.488914	-0.755510	-0.921630
0.240000	-0.256244	0.624220	-0.043632	0.493769	-0.763263	-0.938067
0.260000	-0.023225	0.752640	-0.014934	0.499750	-0.773464	-0.954611
0.280000	0.166876	0.845847	0.013103	0.506790	-0.785986	-0.971170
0.300000	0.318232	0.907657	0.040535	0.514661	-0.800408	-0.987546
0.320000	0.435162	0.942008	0.067425	0.523131	-0.816297	-1.003540
0.340000	0.521989	0.952838	0.093838	0.531967	-0.833222	-1.018949
0.360000	0.583035	0.944085	0.119834	0.540935	-0.850750	-1.033574
0.380000	0.622619	0.919685	0.145479	0.549803	-0.868449	-1.047215
0.400000	0.645064	0.883577	0.170833	0.558338	-0.885888	-1.059669
0.420000	0.654691	0.839698	0.195962	0.566307	-0.902635	-1.070738
0.440000	0.655822	0.791986	0.220926	0.573476	-0.918256	-1.080219
0.460000	0.652776	0.744378	0.245791	0.579614	-0.932322	-1.087913
0.480000	0.649877	0.700812	0.270618	0.584487	-0.944399	-1.093619
0.500000	0.651445	0.665225	0.295471	0.587862	-0.954055	-1.097136
0.520000	0.661801	0.641556	0.320412	0.589506	-0.960858	-1.098263
0.540000	0.685267	0.633741	0.345505	0.589186	-0.964378	-1.096800
0.560000	0.726164	0.645718	0.370813	0.586670	-0.964180	-1.092547
0.580000	0.788261	0.680833	0.396317	0.581781	-0.959931	-1.085353
0.600000	0.872082	0.738953	0.421515	0.574674	-0.951861	-1.075366
0.620000	0.976970	0.818680	0.445731	0.565628	-0.940409	-1.062841
0.640000	1.102265	0.918614	0.468288	0.554918	-0.926012	-1.048036
0.660000	1.247309	1.037353	0.488510	0.542821	-0.909109	-1.031206
0.680000	1.411443	1.173498	0.505719	0.529616	-0.890139	-1.012607
0.700000	1.594007	1.325647	0.519239	0.515579	-0.869540	-0.992495
0.720000	1.794342	1.492401	0.528393	0.500986	-0.847749	-0.971127
0.740000	2.011790	1.672359	0.532504	0.486115	-0.825206	-0.948759
0.760000	2.245691	1.864121	0.530895	0.471244	-0.802348	-0.925646
0.780000	2.495386	2.066286	0.522890	0.456648	-0.779614	-0.902045
0.800000	2.760217	2.277453	0.507812	0.442606	-0.757442	-0.878213
0.820000	3.039523	2.496222	0.484983	0.429394	-0.736270	-0.854404
0.840000	3.332647	2.721193	0.453727	0.417288	-0.716537	-0.830876
0.860000	3.638929	2.950966	0.413367	0.406568	-0.698681	-0.807884
0.880000	3.957705	3.184138	0.363230	0.397508	-0.683139	-0.785684
0.900000	4.287400	3.419092	0.303296	0.390269	-0.670180	-0.764430
0.920000	4.624397	3.653726	0.235007	0.384758	-0.659694	-0.744049
0.940000	4.964807	3.885876	0.160005	0.380841	-0.651521	-0.724435
0.960000	5.304736	4.113372	0.079931	0.378389	-0.645499	-0.705485
0.980000	5.640293	4.334050	-0.003575	0.377272	-0.641469	-0.687093
1.000000	5.967587	4.545743	-0.088872	0.377357	-0.639269	-0.669156
1.020000	6.282725	4.746284	-0.174319	0.378515	-0.638739	-0.651569
1.040000	6.581817	4.933506	-0.258275	0.380614	-0.639718	-0.634228
1.060000	6.860970	5.105243	-0.339099	0.383524	-0.642045	-0.617027
1.080000	7.116292	5.259329	-0.415151	0.387114	-0.645560	-0.599863
1.100000	7.343893	5.393597	-0.484790	0.391254	-0.650102	-0.582631
1.120000	7.539881	5.505879	-0.546374	0.395812	-0.655510	-0.565227
1.140000	7.700363	5.594011	-0.598264	0.400658	-0.661623	-0.547546
1.160000	7.821448	5.655825	-0.638818	0.405660	-0.668282	-0.529484
1.180000	7.899246	5.689155	-0.666395	0.410690	-0.675325	-0.510936
1.200000	7.931598	5.692768	-0.680098	0.415646	-0.682620	-0.491840
1.220000	7.921392	5.668148	-0.681189	0.420520	-0.690123	-0.472255
1.240000	7.872429	5.617270	-0.671321	0.425321	-0.697803	-0.452262
1.260000	7.788509	5.542109	-0.652149	0.430055	-0.705629	-0.431943
1.280000	7.673436	5.444641	-0.625325	0.434732	-0.713572	-0.411379
1.300000	7.531010	5.326843	-0.592505	0.439360	-0.721601	-0.390652
1.320000	7.365032	5.190689	-0.555342	0.443945	-0.729686	-0.369842
1.340000	7.179305	5.038156	-0.515489	0.448497	-0.737797	-0.349032
1.360000	6.977630	4.871218	-0.474601	0.453022	-0.745903	-0.328303
1.380000	6.763807	4.691852	-0.434332	0.457530	-0.753974	-0.307735
1.400000	6.541640	4.502033	-0.396335	0.462028	-0.761980	-0.287411
1.420000	6.314928	4.303738	-0.362264	0.466524	-0.769891	-0.267412
1.440000	6.087475	4.098940	-0.333773	0.471026	-0.777676	-0.247819
1.460000	5.863080	3.889617	-0.312515	0.475542	-0.785306	-0.228713
1.480000	5.645546	3.677744	-0.300146	0.480081	-0.792749	-0.210176
1.500000	5.438606	3.465282	-0.298276	0.484648	-0.799977	-0.192288
1.520000	5.243809	3.253713	-0.307149	0.489230	-0.806968	-0.175091
1.540000	5.060099	3.043950	-0.325382	0.493785	-0.813712	-0.158578
1.560000	4.886271	2.836871	-0.351495	0.498270	-0.820199	-0.142743
1.580000	4.721117	2.633357	-0.384008	0.502643	-0.826421	-0.127576
1.600000	4.563430	2.434287	-0.421444	0.506860	-0.832369	-0.113070
1.620000	4.412005	2.240539	-0.462321	0.510878	-0.838031	-0.099217
1.640000	4.265633	2.052993	-0.505162	0.514655	-0.843400	-0.086009
1.660000	4.123109	1.872529	-0.548487	0.518149	-0.848466	-0.073438
1.680000	3.983226	1.700026	-0.590817	0.521315	-0.853219	-0.061495
1.700000	3.844776	1.536362	-0.630672	0.524111	-0.857650	-0.050174
1.720000	3.706554	1.382418	-0.666574	0.526494	-0.861750	-0.039465
1.740000	3.567353	1.239073	-0.697043	0.528421	-0.865510	-0.029362
1.760000	3.425965	1.107206	-0.720599	0.529850	-0.868919	-0.019855
1.780000	3.281184	0.987695	-0.735765	0.530738	-0.871968	-0.010937
1.800000	3.131814	0.881405	-0.741075	0.531041	-0.874649	-0.002600
1.820000	2.977290	0.788234	-0.735977	0.530755	-0.876964	0.005172
1.840000	2.818005	0.706616	-0.721296	0.529924	-0.878930	0.012404
1.860000	2.654433	0.634865	-0.697978	0.528602	-0.880569	0.019124
1.880000	2.487048	0.571290	-0.666965	0.526840	-0.881900	0.025357
1.900000	2.316323	0.514204	-0.629202	0.524690	-0.882944	0.031132
1.920000	2.142732	0.461919	-0.585633	0.522203	-0.883721	0.036475
1.940000	1.966749	0.412745	-0.537200	0.519430	-0.884251	0.041413
1.960000	1.788848	0.364995	-0.484849	0.516425	-0.884555	0.045972
1.980000	1.609502	0.316980	-0.429523	0.513237	-0.884653	0.050180
2.000000	1.429186	0.267012	-0.372166	0.509920	-0.884565	0.054064
2.020000	1.248373	0.213402	-0.313721	0.506524	-0.884311	0.057650
2.040000	1.067537	0.154462	-0.255132	0.503101	-0.883911	0.060966
2.060000	0.887152	0.088503	-0.197344	0.499704	-0.883386	0.064037
2.080000	0.707691	0.013837	-0.141299	0.496383	-0.882756	0.066892
2.100000	0.529629	-0.071224	-0.087943	0.493190	-0.882041	0.069556
2.120000	0.353438	-0.168369	-0.038218	0.490177	-0.881262	0.072058
2.140000	0.179562	-0.279187	0.006962	0.487395	-0.880438	0.074421
2.160000	0.007734	-0.403051	0.047349	0.484877	-0.879579	0.076642
2.180000	-0.163013	-0.537151	0.083352	0.482640	-0.878682	0.078683
2.200000	-0.333674	-0.678583	0.115408	0.480700	-0.877747	0.080507
2.220000	-0.505244	-0.824443	0.143956	0.479073	-0.876771	0.082078
2.240000	-0.678717	-0.971829	0.169432	0.477774	-0.875754	0.083356
2.260000	-0.855090	-1.117837	0.192274	0.476820	-0.874693	0.084306
2.280000	-1.035357	-1.259563	0.212919	0.476226	-0.873586	0.084890
2.300000	-1.220514	-1.394104	0.231804	0.476008	-0.872432	0.085069
2.320000	-1.411557	-1.518556	0.249367	0.476183	-0.871228	0.084808
2.340000	-1.609479	-1.630017	0.266045	0.476765	-0.869975	0.084068
2.360000	-1.815277	-1.725583	0.282274	0.477770	-0.868669	0.082811
2.380000	-2.029946	-1.802351	0.298493	0.479216	-0.867308	0.081002
2.400000	-2.254481	-1.857416	0.315139	0.481116	-0.865892	0.078602
2.420000	-2.489877	-1.887876	0.332649	0.483488	-0.864418	0.075573
2.440000	-2.737089	-1.890911	0.351449	0.486346	-0.862885	0.071879
2.460000	-2.995619	-1.866713	0.371533	0.489646	-0.861285	0.067482
2.480000	-3.263139	-1.819259	0.392358	0.493273	-0.859604	0.062347
2.500000	-3.537208	-1.752767	0.413345	0.497108	-0.857828	0.056438
2.520000	-3.815384	-1.671453	0.433914	0.501032	-0.855941	0.049719
2.540000	-4.095224	-1.579534	0.453488	0.504923	-0.853929	0.042154
2.560000	-4.374286	-1.481229	0.471487	0.508663	-0.851777	0.033708
2.580000	-4.650129	-1.380754	0.487333	0.512133	-0.849471	0.024344
2.600000	-4.920309	-1.282328	0.500446	0.515212	-0.846996	0.014026
2.620000	-5.182384	-1.190166	0.510248	0.517780	-0.844338	0.002719
2.640000	-5.433913	-1.108486	0.516161	0.519719	-0.841481	-0.009613
2.660000	-5.672453	-1.041507	0.517605	0.520908	-0.838412	-0.023006
2.680000	-5.895563	-0.993444	0.514001	0.521228	-0.835115	-0.037496
2.700000	-6.100799	-0.968515	0.504771	0.520558	-0.831575	-0.053119
2.720000	-6.285719	-0.970938	0.489336	0.518781	-0.827779	-0.069910
2.740000	-6.447882	-1.004930	0.467118	0.515775	-0.823711	-0.087906
2.760000	-6.584849	-1.074702	0.437538	0.511421	-0.819358	-0.107142
2.780000	-6.695380	-1.182116	0.400454	0.505691	-0.814721	-0.127609
2.800000	-6.781246	-1.323144	0.356814	0.498781	-0.809853	-0.149188
2.820000	-6.844683	-1.492849	0.307733	0.490923	-0.804811	-0.171741
2.840000	-6.887924	-1.686296	0.254330	0.482350	-0.799651	-0.195130
2.860000	-6.913206	-1.898546	0.197718	0.473294	-0.794431	-0.219218
2.880000	-6.922762	-2.124664	0.139016	0.463987	-0.789208	-0.243868
2.900000	-6.918827	-2.359714	0.079338	0.454660	-0.784040	-0.268942
2.920000	-6.903637	-2.598759	0.019802	0.445547	-0.778984	-0.294303
2.940000	-6.879426	-2.836862	-0.038477	0.436878	-0.774098	-0.319814
2.960000	-6.848428	-3.069087	-0.094382	0.428887	-0.769438	-0.345336
2.980000	-6.812880	-3.290497	-0.146798	0.421805	-0.765063	-0.370733
3.000000	-6.775015	-3.496157	-0.194607	0.415865	-0.761029	-0.395868
3.020000	-6.737068	-3.681128	-0.236695	0.411298	-0.757394	-0.420602
3.040000	-6.701275	-3.840476	-0.271944	0.408337	-0.754216	-0.444798
3.060000	-6.669870	-3.969264	-0.299238	0.407214	-0.751551	-0.468320
3.080000	-6.644138	-4.063962	-0.317862	0.408066	-0.749428	-0.491065
3.100000	-6.622251	-4.125664	-0.328416	0.410723	-0.747785	-0.513053
3.120000	-6.601738	-4.156414	-0.331770	0.414951	-0.746538	-0.534325
3.140000	-6.580130	-4.158254	-0.328794	0.420514	-0.745605	-0.554924
3.160000	-6.554958	-4.133226	-0.320358	0.427179	-0.744903	-0.574892
3.180000	-6.523751	-4.083373	-0.307332	0.434712	-0.744350	-0.594273
3.200000	-6.484041	-4.010739	-0.290587	0.442876	-0.743862	-0.613108
3.220000	-6.433357	-3.917365	-0.270992	0.451440	-0.743357	-0.631440
3.240000	-6.369231	-3.805294	-0.249417	0.460167	-0.742753	-0.649312
3.260000	-6.289192	-3.676569	-0.226733	0.468823	-0.741966	-0.666767
3.280000	-6.190771	-3.533232	-0.203810	0.477175	-0.740915	-0.683846
3.300000	-6.071499	-3.377327	-0.181517	0.484987	-0.739516	-0.700592
3.320000	-5.928906	-3.210896	-0.160726	0.492025	-0.737686	-0.717048
