0.000000	-9.111699	-2.633095	-0.083313	0.495015	-0.802137	-0.148345
0.020000	-9.810394	-2.793812	-0.285724	0.484166	-0.794983	-0.168342
0.040000	-10.477709	-2.962315	-0.484540	0.473238	-0.787882	-0.189206
0.060000	-11.100681	-3.137093	-0.675302	0.462403	-0.780930	-0.210884
0.080000	-11.666348	-3.316633	-0.853554	0.451832	-0.774219	-0.233324
0.100000	-12.161746	-3.499424	-1.014840	0.441697	-0.767843	-0.256472
0.120000	-12.573911	-3.683954	-1.154702	0.432169	-0.761897	-0.280276
0.140000	-12.889883	-3.868709	-1.268683	0.423421	-0.756473	-0.304683
0.160000	-13.096696	-4.052180	-1.352327	0.415623	-0.751666	-0.329640
0.180000	-13.181389	-4.232852	-1.401176	0.408948	-0.747570	-0.355094
0.200000	-13.131035	-4.409215	-1.410787	0.403567	-0.744278	-0.380992
0.220000	-12.940515	-4.579523	-1.379427	0.399573	-0.741836	-0.407257
0.240000	-12.622032	-4.741523	-1.311377	0.396884	-0.740186	-0.433758
0.260000	-12.190123	-4.892891	-1.211731	0.395398	-0.739255	-0.460359
0.280000	-11.659321	-5.031304	-1.085579	0.395008	-0.738971	-0.486920
0.300000	-11.044163	-5.154439	-0.938014	0.395613	-0.739262	-0.513304
0.320000	-10.359184	-5.259972	-0.774129	0.397106	-0.740054	-0.539375
0.340000	-9.618918	-5.345581	-0.599015	0.399385	-0.741275	-0.564992
0.360000	-8.837902	-5.408941	-0.417764	0.402345	-0.742852	-0.590020
0.380000	-8.030670	-5.447730	-0.235469	0.405881	-0.744714	-0.614321
0.400000	-7.211757	-5.459624	-0.057221	0.409890	-0.746786	-0.637755
0.420000	-6.395700	-5.442300	0.111888	0.414268	-0.748998	-0.660187
0.440000	-5.597032	-5.393435	0.266764	0.418910	-0.751276	-0.681478
0.460000	-4.830290	-5.310706	0.402318	0.423712	-0.753547	-0.701490
0.480000	-4.110009	-5.191789	0.513455	0.428570	-0.755740	-0.720085
0.500000	-3.450719	-5.034362	0.595087	0.433379	-0.757781	-0.737127
0.520000	-2.862727	-4.837701	0.643994	0.438057	-0.759613	-0.752528
0.540000	-2.344097	-4.605705	0.662379	0.442575	-0.761220	-0.766347
0.560000	-1.890696	-4.343106	0.653420	0.446918	-0.762596	-0.778673
0.580000	-1.498387	-4.054636	0.620294	0.451070	-0.763733	-0.789591
0.600000	-1.163036	-3.745027	0.566179	0.455014	-0.764623	-0.799189
0.620000	-0.880506	-3.419010	0.494253	0.458734	-0.765259	-0.807552
0.640000	-0.646663	-3.081318	0.407692	0.462214	-0.765634	-0.814768
0.660000	-0.457372	-2.736681	0.309676	0.465438	-0.765740	-0.820923
0.680000	-0.308496	-2.389832	0.203382	0.468389	-0.765571	-0.826105
0.700000	-0.195901	-2.045502	0.091986	0.471051	-0.765118	-0.830398
0.720000	-0.115450	-1.708423	-0.021332	0.473408	-0.764374	-0.833892
0.740000	-0.063010	-1.383327	-0.133396	0.475444	-0.763332	-0.836671
0.760000	-0.034443	-1.074945	-0.241028	0.477142	-0.761984	-0.838823
0.780000	-0.025616	-0.788010	-0.341050	0.478486	-0.760324	-0.840434
0.800000	-0.032392	-0.527253	-0.430284	0.479461	-0.758343	-0.841591
0.820000	-0.050637	-0.297406	-0.505553	0.480049	-0.756035	-0.842381
0.840000	-0.076224	-0.103173	-0.563697	0.480235	-0.753392	-0.842890
0.860000	-0.105970	0.053381	-0.603187	0.480037	-0.750444	-0.843199
0.880000	-0.138402	0.174989	-0.625468	0.479533	-0.747292	-0.843379
0.900000	-0.172228	0.264891	-0.632295	0.478810	-0.744039	-0.843498
0.920000	-0.206157	0.326327	-0.625424	0.477953	-0.740793	-0.843626
0.940000	-0.238898	0.362536	-0.606612	0.477048	-0.737658	-0.843831
0.960000	-0.269158	0.376758	-0.577616	0.476180	-0.734742	-0.844183
0.980000	-0.295646	0.372233	-0.540191	0.475434	-0.732149	-0.844751
1.000000	-0.317070	0.352201	-0.496094	0.474897	-0.729985	-0.845603
1.020000	-0.332139	0.319902	-0.447081	0.474654	-0.728357	-0.846810
1.040000	-0.339561	0.278575	-0.394910	0.474791	-0.727370	-0.848440
1.060000	-0.338044	0.231460	-0.341335	0.475393	-0.727130	-0.850562
1.080000	-0.326296	0.181798	-0.288114	0.476546	-0.727743	-0.853245
1.100000	-0.303027	0.132828	-0.237002	0.478335	-0.729315	-0.856559
1.120000	-0.266944	0.087789	-0.189757	0.480846	-0.731951	-0.860572
1.140000	-0.216756	0.049922	-0.148134	0.484165	-0.735757	-0.865354
1.160000	-0.151171	0.022466	-0.113891	0.488377	-0.740840	-0.870973
1.180000	-0.069482	0.007960	-0.088340	0.493523	-0.747245	-0.877453
1.200000	0.026821	0.006305	-0.071129	0.499480	-0.754792	-0.884642
1.220000	0.135730	0.016779	-0.061517	0.506085	-0.763250	-0.892348
1.240000	0.255239	0.038663	-0.058758	0.513173	-0.772385	-0.900378
1.260000	0.383338	0.071236	-0.062109	0.520581	-0.781966	-0.908541
1.280000	0.518022	0.113777	-0.070827	0.528147	-0.791760	-0.916644
1.300000	0.657282	0.165567	-0.084169	0.535707	-0.801535	-0.924494
1.320000	0.799111	0.225885	-0.101390	0.543098	-0.811057	-0.931900
1.340000	0.941502	0.294011	-0.121748	0.550156	-0.820096	-0.938669
1.360000	1.082447	0.369224	-0.144499	0.556719	-0.828417	-0.944609
1.380000	1.219939	0.450804	-0.168899	0.562622	-0.835789	-0.949527
1.400000	1.351970	0.538031	-0.194206	0.567703	-0.841980	-0.953232
1.420000	1.476532	0.630185	-0.219674	0.571799	-0.846757	-0.955530
1.440000	1.591619	0.726544	-0.244562	0.574745	-0.849887	-0.956230
1.460000	1.695223	0.826389	-0.268125	0.576379	-0.851138	-0.955140
1.480000	1.785361	0.929004	-0.289622	0.576540	-0.850281	-0.952069
1.500000	1.861366	1.033980	-0.308412	0.575182	-0.847255	-0.946968
1.520000	1.924542	1.141361	-0.324009	0.572433	-0.842249	-0.939998
1.540000	1.976355	1.251227	-0.335935	0.568434	-0.835474	-0.931337
1.560000	2.018268	1.363661	-0.343717	0.563328	-0.827142	-0.921161
1.580000	2.051746	1.478743	-0.346877	0.557256	-0.817463	-0.909650
1.600000	2.078255	1.596556	-0.344940	0.550360	-0.806648	-0.896980
1.620000	2.099258	1.717179	-0.337431	0.542781	-0.794907	-0.883329
1.640000	2.116220	1.840696	-0.323874	0.534662	-0.782451	-0.868875
1.660000	2.130606	1.967187	-0.303793	0.526144	-0.769491	-0.853796
1.680000	2.143881	2.096733	-0.276713	0.517369	-0.756238	-0.838268
1.700000	2.157510	2.229416	-0.242158	0.508478	-0.742902	-0.822471
1.720000	2.172956	2.365318	-0.199653	0.499614	-0.729695	-0.806581
1.740000	2.191685	2.504519	-0.148721	0.490918	-0.716826	-0.790776
1.760000	2.215161	2.647101	-0.088888	0.482532	-0.704508	-0.775234
1.780000	2.244846	2.793141	-0.019683	0.474598	-0.692949	-0.760132
1.800000	2.281706	2.942205	0.058645	0.467216	-0.682301	-0.745560
1.820000	2.325765	3.092873	0.144473	0.460411	-0.672602	-0.731445
1.840000	2.376938	3.243616	0.236019	0.454197	-0.663878	-0.717694
1.860000	2.435142	3.392903	0.331503	0.448591	-0.656153	-0.704212
1.880000	2.500291	3.539205	0.429143	0.443607	-0.649453	-0.690908
1.900000	2.572300	3.680991	0.527160	0.439261	-0.643803	-0.677687
1.920000	2.651086	3.816732	0.623772	0.435568	-0.639227	-0.664458
1.940000	2.736565	3.944897	0.717199	0.432544	-0.635751	-0.651126
1.960000	2.828650	4.063957	0.805660	0.430203	-0.633401	-0.637599
1.980000	2.927259	4.172381	0.887373	0.428561	-0.632201	-0.623784
2.000000	3.032306	4.268640	0.960559	0.427633	-0.632176	-0.609588
2.020000	3.143708	4.351203	1.023436	0.427435	-0.633351	-0.594917
2.040000	3.261379	4.418540	1.074224	0.427982	-0.635753	-0.579678
2.060000	3.385235	4.469122	1.111142	0.429288	-0.639405	-0.563779
2.080000	3.515192	4.501419	1.132409	0.431370	-0.644333	-0.547126
2.100000	3.651165	4.513899	1.136244	0.434243	-0.650562	-0.529627
2.120000	3.793042	4.505068	1.120917	0.437920	-0.658115	-0.511190
2.140000	3.939740	4.474610	1.086460	0.442365	-0.666926	-0.491831
2.160000	4.088977	4.423665	1.035074	0.447478	-0.676820	-0.471691
2.180000	4.238398	4.353465	0.969099	0.453156	-0.687615	-0.450922
2.200000	4.385648	4.265241	0.890871	0.459296	-0.699129	-0.429674
2.220000	4.528371	4.160223	0.802730	0.465795	-0.711182	-0.408097
2.240000	4.664213	4.039644	0.707012	0.472549	-0.723591	-0.386342
2.260000	4.790817	3.904734	0.606055	0.479456	-0.736175	-0.364559
2.280000	4.905828	3.756724	0.502197	0.486412	-0.748751	-0.342900
2.300000	5.006892	3.596845	0.397777	0.493313	-0.761139	-0.321514
2.320000	5.091653	3.426328	0.295131	0.500058	-0.773157	-0.300552
2.340000	5.157755	3.246405	0.196598	0.506541	-0.784623	-0.280165
2.360000	5.202843	3.058306	0.104515	0.512662	-0.795355	-0.260504
2.380000	5.224563	2.863263	0.021221	0.518315	-0.805172	-0.241718
2.400000	5.220558	2.662506	-0.050948	0.523398	-0.813892	-0.223958
2.420000	5.188473	2.457267	-0.109653	0.527808	-0.821334	-0.207375
2.440000	5.126247	2.248821	-0.152829	0.531453	-0.827337	-0.192102
2.460000	5.034403	2.038834	-0.180826	0.534342	-0.831940	-0.178124
2.480000	4.914814	1.829176	-0.195248	0.536538	-0.835280	-0.165345
2.500000	4.769362	1.621717	-0.197709	0.538102	-0.837499	-0.153670
2.520000	4.599930	1.418329	-0.189824	0.539097	-0.838735	-0.143004
2.540000	4.408399	1.220884	-0.173209	0.539584	-0.839130	-0.133251
2.560000	4.196655	1.031251	-0.149478	0.539628	-0.838822	-0.124317
2.580000	3.966578	0.851303	-0.120247	0.539289	-0.837952	-0.116106
2.600000	3.720051	0.682910	-0.087130	0.538631	-0.836659	-0.108524
2.620000	3.458958	0.527944	-0.051743	0.537715	-0.835085	-0.101474
2.640000	3.185181	0.388276	-0.015699	0.536604	-0.833368	-0.094861
2.660000	2.900603	0.265777	0.019385	0.535361	-0.831648	-0.088591
2.680000	2.607107	0.162318	0.051894	0.534047	-0.830066	-0.082568
2.700000	2.306575	0.079770	0.080215	0.532724	-0.828762	-0.076697
2.720000	2.000890	0.020005	0.102731	0.531457	-0.827875	-0.070883
2.740000	1.691935	-0.015107	0.117827	0.530305	-0.827546	-0.065030
2.760000	1.381599	-0.023804	0.123945	0.529332	-0.827909	-0.059046
2.780000	1.071936	-0.006960	0.120831	0.528562	-0.828995	-0.052915
2.800000	0.765166	0.031861	0.109568	0.527990	-0.830722	-0.046697
2.820000	0.463518	0.088976	0.091302	0.527605	-0.833008	-0.040455
2.840000	0.169219	0.160698	0.067174	0.527398	-0.835766	-0.034252
2.860000	-0.115502	0.243345	0.038329	0.527360	-0.838913	-0.028152
2.880000	-0.388416	0.333230	0.005910	0.527481	-0.842365	-0.022218
2.900000	-0.647297	0.426669	-0.028939	0.527752	-0.846035	-0.016514
2.920000	-0.889916	0.519978	-0.065074	0.528164	-0.849841	-0.011104
2.940000	-1.114044	0.609472	-0.101351	0.528708	-0.853697	-0.006050
2.960000	-1.317454	0.691467	-0.136628	0.529374	-0.857520	-0.001417
2.980000	-1.497917	0.762277	-0.169761	0.530153	-0.861223	0.002733
3.000000	-1.653206	0.818218	-0.199605	0.531035	-0.864723	0.006335
3.020000	-1.781092	0.855606	-0.225017	0.532012	-0.867935	0.009327
3.040000	-1.879346	0.870755	-0.244854	0.533073	-0.870775	0.011645
3.060000	-1.945742	0.859981	-0.257972	0.534210	-0.873158	0.013225
3.080000	-1.978559	0.820305	-0.263407	0.535413	-0.875011	0.014017
3.100000	-1.979625	0.753657	-0.261453	0.536663	-0.876338	0.014059
3.120000	-1.952276	0.664059	-0.252937	0.537943	-0.877178	0.013426
3.140000	-1.899852	0.555537	-0.238689	0.539232	-0.877568	0.012196
3.160000	-1.825694	0.432120	-0.219538	0.540510	-0.877546	0.010444
3.180000	-1.733143	0.297836	-0.196313	0.541758	-0.877150	0.008245
3.200000	-1.625540	0.156711	-0.169844	0.542955	-0.876418	0.005678
3.220000	-1.506225	0.012775	-0.140961	0.544083	-0.875389	0.002817
3.240000	-1.378540	-0.129945	-0.110492	0.545122	-0.874099	-0.000262
3.260000	-1.245826	-0.267422	-0.079267	0.546051	-0.872588	-0.003482
3.280000	-1.111424	-0.395627	-0.048115	0.546852	-0.870893	-0.006767
3.300000	-0.978674	-0.510533	-0.017866	0.547504	-0.869051	-0.010041
3.320000	-0.850917	-0.608112	0.010650	0.547987	-0.867102	-0.013227
3.340000	-0.731494	-0.684335	0.036605	0.548283	-0.865083	-0.016251
3.360000	-0.623746	-0.735176	0.059169	0.548371	-0.863032	-0.019035
3.380000	-0.531015	-0.756606	0.077513	0.548232	-0.860986	-0.021504
3.400000	-0.456479	-0.744865	0.090847	0.547848	-0.858984	-0.023584
3.420000	-0.400538	-0.700800	0.099084	0.547229	-0.857049	-0.025257
3.440000	-0.361242	-0.629153	0.102729	0.546411	-0.855195	-0.026548
3.460000	-0.336567	-0.534789	0.102304	0.545431	-0.853433	-0.027484
3.480000	-0.324489	-0.422571	0.098333	0.544324	-0.851777	-0.028094
3.500000	-0.322983	-0.297362	0.091340	0.543127	-0.850240	-0.028405
3.520000	-0.330027	-0.164028	0.081846	0.541876	-0.848834	-0.028445
3.540000	-0.343596	-0.027431	0.070376	0.540608	-0.847572	-0.028240
3.560000	-0.361666	0.107565	0.057452	0.539358	-0.846467	-0.027819
3.580000	-0.382214	0.236095	0.043598	0.538163	-0.845531	-0.027209
3.600000	-0.403215	0.353296	0.029337	0.537059	-0.844777	-0.026438
3.620000	-0.422646	0.454304	0.015191	0.536082	-0.844218	-0.025533
3.640000	-0.438483	0.534255	0.001684	0.535269	-0.843867	-0.024521
3.660000	-0.448702	0.588285	-0.010660	0.534655	-0.843736	-0.023430
3.680000	-0.451278	0.611531	-0.021319	0.534278	-0.843837	-0.022289
3.700000	-0.444189	0.599128	-0.029770	0.534173	-0.844185	-0.021123
3.720000	-0.426170	0.547376	-0.035531	0.534366	-0.844782	-0.019968
3.740000	-0.400184	0.459048	-0.038358	0.534824	-0.845583	-0.018894
3.760000	-0.370652	0.339148	-0.038087	0.535494	-0.846525	-0.017984
3.780000	-0.341997	0.192682	-0.034552	0.536322	-0.847546	-0.017322
3.800000	-0.318641	0.024660	-0.027591	0.537256	-0.848582	-0.016990
3.820000	-0.305007	-0.159912	-0.017039	0.538241	-0.849570	-0.017072
3.840000	-0.305518	-0.356026	-0.002732	0.539225	-0.850449	-0.017652
3.860000	-0.324597	-0.558676	0.015494	0.540154	-0.851155	-0.018812
3.880000	-0.366666	-0.762853	0.037802	0.540975	-0.851625	-0.020636
3.900000	-0.436148	-0.963550	0.064357	0.541634	-0.851796	-0.023207
3.920000	-0.537465	-1.155759	0.095324	0.542080	-0.851607	-0.026608
3.940000	-0.675042	-1.334474	0.130865	0.542257	-0.850993	-0.030923
3.960000	-0.853299	-1.494686	0.171145	0.542113	-0.849892	-0.036234
3.980000	-1.076660	-1.631389	0.216327	0.541595	-0.848242	-0.042626
4.000000	-1.349548	-1.739575	0.266577	0.540648	-0.845980	-0.050181
4.020000	-1.676386	-1.814237	0.322058	0.539221	-0.843042	-0.058982
4.040000	-2.060950	-1.850787	0.382861	0.537264	-0.839372	-0.069108
4.060000	-2.498651	-1.850100	0.448133	0.534778	-0.834998	-0.080554
4.080000	-2.979061	-1.816858	0.516363	0.531800	-0.830004	-0.093262
4.100000	-3.491634	-1.755820	0.586025	0.528370	-0.824475	-0.107172
4.120000	-4.025823	-1.671747	0.655595	0.524525	-0.818498	-0.122224
4.140000	-4.571080	-1.569399	0.723548	0.520304	-0.812159	-0.138359
4.160000	-5.116859	-1.453536	0.788358	0.515744	-0.805543	-0.155516
4.180000	-5.652614	-1.328919	0.848500	0.510885	-0.798737	-0.173636
4.200000	-6.167797	-1.200307	0.902450	0.505763	-0.791826	-0.192658
4.220000	-6.651861	-1.072460	0.948682	0.500418	-0.784897	-0.212523
4.240000	-7.094260	-0.950139	0.985672	0.494887	-0.778034	-0.233171
4.260000	-7.484446	-0.838103	1.011894	0.489209	-0.771325	-0.254541
4.280000	-7.811874	-0.741113	1.025822	0.483422	-0.764855	-0.276575
4.300000	-8.065995	-0.663929	1.025933	0.477564	-0.758710	-0.299212
4.320000	-8.236264	-0.611311	1.010701	0.471674	-0.752976	-0.322393
4.340000	-8.312133	-0.588019	0.978601	0.465789	-0.747738	-0.346057
4.360000	-8.286240	-0.597498	0.928736	0.459948	-0.743072	-0.370130
4.380000	-8.165427	-0.637323	0.863007	0.454191	-0.738998	-0.394480
4.400000	-7.960495	-0.703433	0.784097	0.448558	-0.735524	-0.418956
