0.000000	-3.674312	-0.249126	-0.137633	0.339725	-0.807590	-0.448714
0.020000	-3.726603	-0.207720	0.015107	0.340958	-0.824356	-0.456493
0.040000	-3.757993	-0.177631	0.169513	0.342876	-0.841713	-0.463866
0.060000	-3.763193	-0.156396	0.320862	0.345435	-0.859439	-0.470936
0.080000	-3.736910	-0.141549	0.464429	0.348594	-0.877309	-0.477802
0.100000	-3.673853	-0.130625	0.595488	0.352311	-0.895101	-0.484566
0.120000	-3.568731	-0.121160	0.709317	0.356544	-0.912591	-0.491330
0.140000	-3.416252	-0.110688	0.801188	0.361249	-0.929557	-0.498195
0.160000	-3.211125	-0.096745	0.866380	0.366386	-0.945774	-0.505262
0.180000	-2.948146	-0.076877	0.900210	0.371911	-0.961021	-0.512632
0.200000	-2.628000	-0.049395	0.900964	0.377787	-0.975181	-0.520348
0.220000	-2.260896	-0.013841	0.871729	0.383987	-0.988301	-0.528363
0.240000	-1.857910	0.030126	0.816025	0.390481	-1.000447	-0.536619
0.260000	-1.430121	0.082851	0.737374	0.397243	-1.011682	-0.545058
0.280000	-0.988604	0.144676	0.639299	0.404243	-1.022072	-0.553626
0.300000	-0.544437	0.215946	0.525321	0.411455	-1.031681	-0.562264
0.320000	-0.108696	0.297002	0.398962	0.418849	-1.040573	-0.570916
0.340000	0.307541	0.388188	0.263743	0.426399	-1.048812	-0.579525
0.360000	0.693198	0.489848	0.123187	0.434075	-1.056463	-0.588034
0.380000	1.037198	0.602325	-0.019184	0.441851	-1.063591	-0.596386
0.400000	1.328464	0.725961	-0.159850	0.449697	-1.070260	-0.604525
0.420000	1.555920	0.861102	-0.295287	0.457587	-1.076533	-0.612393
0.440000	1.708487	1.008088	-0.421974	0.465492	-1.082477	-0.619935
0.460000	1.775090	1.167265	-0.536389	0.473384	-1.088154	-0.627092
0.480000	1.744652	1.338975	-0.635011	0.481235	-1.093630	-0.633809
0.500000	1.606096	1.523561	-0.714318	0.489017	-1.098969	-0.640027
0.520000	1.354060	1.720730	-0.771940	0.496691	-1.104182	-0.645695
0.540000	1.002080	1.928085	-0.809317	0.504180	-1.109109	-0.650766
0.560000	0.567598	2.142794	-0.828679	0.511400	-1.113549	-0.655198
0.580000	0.068055	2.362024	-0.832253	0.518265	-1.117307	-0.658948
0.600000	-0.479110	2.582944	-0.822267	0.524691	-1.120183	-0.661974
0.620000	-1.056454	2.802720	-0.800950	0.530595	-1.121980	-0.664234
0.640000	-1.646537	3.018521	-0.770530	0.535890	-1.122500	-0.665683
0.660000	-2.231918	3.227514	-0.733235	0.540492	-1.121544	-0.666281
0.680000	-2.795155	3.426868	-0.691293	0.544317	-1.118916	-0.665983
0.700000	-3.318809	3.613750	-0.646932	0.547280	-1.114416	-0.664748
0.720000	-3.785438	3.785328	-0.602380	0.549297	-1.107847	-0.662533
0.740000	-4.177601	3.938770	-0.559866	0.550283	-1.099010	-0.659294
0.760000	-4.477858	4.071242	-0.521617	0.550153	-1.087709	-0.654990
0.780000	-4.668767	4.179915	-0.489863	0.548823	-1.073745	-0.649578
0.800000	-4.732887	4.261954	-0.466830	0.546208	-1.056919	-0.643015
0.820000	-4.653124	4.314582	-0.454706	0.542225	-1.037041	-0.635259
0.840000	-4.426670	4.337224	-0.453960	0.536894	-1.014200	-0.626319
0.860000	-4.069769	4.332248	-0.462769	0.530364	-0.988856	-0.616270
0.880000	-3.599993	4.302226	-0.479152	0.522795	-0.961499	-0.605189
0.900000	-3.034912	4.249729	-0.501128	0.514347	-0.932616	-0.593157
0.920000	-2.392096	4.177329	-0.526717	0.505181	-0.902693	-0.580253
0.940000	-1.689114	4.087599	-0.553936	0.495456	-0.872221	-0.566556
0.960000	-0.943538	3.983109	-0.580805	0.485332	-0.841685	-0.552144
0.980000	-0.172937	3.866431	-0.605343	0.474970	-0.811574	-0.537097
1.000000	0.605118	3.740138	-0.625568	0.464529	-0.782377	-0.521493
1.020000	1.373057	3.606801	-0.639499	0.454170	-0.754579	-0.505413
1.040000	2.113310	3.468992	-0.645155	0.444052	-0.728670	-0.488935
1.060000	2.808306	3.329282	-0.640555	0.434336	-0.705137	-0.472138
1.080000	3.440476	3.190244	-0.623718	0.425180	-0.684467	-0.455101
1.100000	3.992250	3.054448	-0.592662	0.416747	-0.667150	-0.437904
1.120000	4.448817	2.924115	-0.545839	0.409172	-0.653586	-0.420620
1.140000	4.811368	2.799422	-0.484202	0.402460	-0.643680	-0.403295
1.160000	5.086838	2.679811	-0.409602	0.396570	-0.637158	-0.385964
1.180000	5.282172	2.564726	-0.323895	0.391459	-0.633745	-0.368661
1.200000	5.404315	2.453608	-0.228932	0.387083	-0.633167	-0.351421
1.220000	5.460211	2.345901	-0.126569	0.383401	-0.635150	-0.334280
1.240000	5.456803	2.241047	-0.018659	0.380370	-0.639420	-0.317273
1.260000	5.401037	2.138488	0.092945	0.377948	-0.645701	-0.300433
1.280000	5.299857	2.037667	0.206388	0.376091	-0.653719	-0.283797
1.300000	5.160206	1.938026	0.319818	0.374758	-0.663200	-0.267399
1.320000	4.989030	1.839008	0.431380	0.373906	-0.673870	-0.251273
1.340000	4.793272	1.740055	0.539222	0.373492	-0.685454	-0.235456
1.360000	4.579877	1.640610	0.641488	0.373473	-0.697677	-0.219981
1.380000	4.355789	1.540115	0.736326	0.373808	-0.710266	-0.204885
1.400000	4.127952	1.438012	0.821882	0.374454	-0.722945	-0.190200
1.420000	3.903311	1.333745	0.896303	0.375367	-0.735441	-0.175964
1.440000	3.688810	1.226755	0.957733	0.376507	-0.747478	-0.162209
1.460000	3.491253	1.116511	1.004364	0.377830	-0.758789	-0.148972
1.480000	3.313545	1.003219	1.035574	0.379325	-0.769249	-0.136265
1.500000	3.154300	0.887890	1.052051	0.381012	-0.778897	-0.124084
1.520000	3.011908	0.771582	1.054554	0.382911	-0.787781	-0.112419
1.540000	2.884759	0.655349	1.043840	0.385045	-0.795946	-0.101263
1.560000	2.771244	0.540247	1.020665	0.387435	-0.803440	-0.090608
1.580000	2.669754	0.427333	0.985786	0.390102	-0.810309	-0.080446
1.600000	2.578679	0.317661	0.939962	0.393067	-0.816599	-0.070770
1.620000	2.496410	0.212287	0.883949	0.396352	-0.822359	-0.061571
1.640000	2.421337	0.112268	0.818504	0.399979	-0.827633	-0.052842
1.660000	2.351851	0.018657	0.744384	0.403969	-0.832469	-0.044574
1.680000	2.286342	-0.067488	0.662347	0.408342	-0.836914	-0.036760
1.700000	2.223201	-0.145112	0.573150	0.413122	-0.841014	-0.029392
1.720000	2.160819	-0.213160	0.477550	0.418328	-0.844817	-0.022463
1.740000	2.097587	-0.270576	0.376303	0.423983	-0.848368	-0.015963
1.760000	2.031894	-0.316304	0.270168	0.430108	-0.851714	-0.009886
1.780000	1.962135	-0.349291	0.159902	0.436724	-0.854902	-0.004224
1.800000	1.887455	-0.369042	0.046472	0.443822	-0.857962	0.001032
1.820000	1.808626	-0.376274	-0.068701	0.451328	-0.860884	0.005890
1.840000	1.726638	-0.371864	-0.184135	0.459157	-0.863654	0.010357
1.860000	1.642479	-0.356689	-0.298350	0.467225	-0.866260	0.014442
1.880000	1.557140	-0.331624	-0.409866	0.475450	-0.868686	0.018154
1.900000	1.471608	-0.297548	-0.517201	0.483748	-0.870919	0.021500
1.920000	1.386872	-0.255336	-0.618875	0.492035	-0.872945	0.024488
1.940000	1.303922	-0.205866	-0.713406	0.500226	-0.874751	0.027128
1.960000	1.223746	-0.150015	-0.799314	0.508240	-0.876323	0.029427
1.980000	1.147333	-0.088659	-0.875118	0.515992	-0.877646	0.031393
2.000000	1.075673	-0.022675	-0.939338	0.523397	-0.878707	0.033034
2.020000	1.009754	0.047060	-0.990491	0.530374	-0.879492	0.034360
2.040000	0.950564	0.119670	-1.027098	0.536838	-0.879987	0.035377
2.060000	0.899094	0.194277	-1.047678	0.542705	-0.880179	0.036094
2.080000	0.856331	0.270005	-1.050749	0.547893	-0.880053	0.036520
2.100000	0.823194	0.345922	-1.034917	0.552319	-0.879598	0.036663
2.120000	0.799194	0.420027	-1.000468	0.555974	-0.878831	0.036538
2.140000	0.782561	0.489339	-0.949223	0.558906	-0.877796	0.036166
2.160000	0.771480	0.550845	-0.883057	0.561169	-0.876542	0.035568
2.180000	0.764133	0.601530	-0.803848	0.562814	-0.875113	0.034766
2.200000	0.758704	0.638377	-0.713472	0.563894	-0.873556	0.033780
2.220000	0.753376	0.658374	-0.613806	0.564462	-0.871917	0.032633
2.240000	0.746333	0.658505	-0.506726	0.564570	-0.870242	0.031346
2.260000	0.735758	0.635754	-0.394109	0.564270	-0.868577	0.029939
2.280000	0.719835	0.587108	-0.277832	0.563615	-0.866969	0.028434
2.300000	0.696746	0.509551	-0.159770	0.562658	-0.865464	0.026852
2.320000	0.664676	0.400069	-0.041802	0.561450	-0.864108	0.025214
2.340000	0.621807	0.255646	0.074198	0.560044	-0.862947	0.023543
2.360000	0.566323	0.073269	0.186352	0.558493	-0.862027	0.021858
2.380000	0.496407	-0.150079	0.292783	0.556849	-0.861395	0.020182
2.400000	0.410244	-0.417412	0.391615	0.555165	-0.861096	0.018535
2.420000	0.306152	-0.730494	0.481339	0.553483	-0.861166	0.016926
2.440000	0.183278	-1.083482	0.562684	0.551790	-0.861569	0.015282
2.460000	0.041084	-1.467671	0.637217	0.550053	-0.862243	0.013502
2.480000	-0.120973	-1.874352	0.706511	0.548236	-0.863125	0.011484
2.500000	-0.303431	-2.294813	0.772135	0.546304	-0.864154	0.009125
2.520000	-0.506830	-2.720346	0.835661	0.544224	-0.865268	0.006323
2.540000	-0.731712	-3.142240	0.898659	0.541961	-0.866405	0.002977
2.560000	-0.978616	-3.551785	0.962701	0.539481	-0.867503	-0.001017
2.580000	-1.248082	-3.940271	1.029357	0.536748	-0.868499	-0.005760
2.600000	-1.540650	-4.298988	1.100197	0.533728	-0.869332	-0.011354
2.620000	-1.856861	-4.619225	1.176793	0.530387	-0.869940	-0.017901
2.640000	-2.197254	-4.892274	1.260716	0.526691	-0.870260	-0.025504
2.660000	-2.562369	-5.109424	1.353535	0.522604	-0.870231	-0.034264
2.680000	-2.952748	-5.261964	1.456823	0.518092	-0.869791	-0.044285
2.700000	-3.368929	-5.341186	1.572149	0.513122	-0.868877	-0.055667
2.720000	-3.811452	-5.338378	1.701085	0.507657	-0.867427	-0.068513
2.740000	-4.280527	-5.245666	1.845030	0.501668	-0.865386	-0.082913
2.760000	-4.771530	-5.067307	2.002909	0.495175	-0.862773	-0.098786
2.780000	-5.276201	-4.816708	2.171775	0.488240	-0.859665	-0.115919
2.800000	-5.786185	-4.507499	2.348638	0.480925	-0.856143	-0.134097
2.820000	-6.293131	-4.153313	2.530507	0.473290	-0.852287	-0.153105
2.840000	-6.788687	-3.767782	2.714390	0.465399	-0.848174	-0.172728
2.860000	-7.264499	-3.364536	2.897296	0.457312	-0.843886	-0.192751
2.880000	-7.712216	-2.957208	3.076235	0.449091	-0.839501	-0.212958
2.900000	-8.123485	-2.559429	3.248215	0.440799	-0.835099	-0.233134
2.920000	-8.489953	-2.184831	3.410245	0.432497	-0.830760	-0.253065
2.940000	-8.803269	-1.847045	3.559333	0.424246	-0.826562	-0.272534
2.960000	-9.055079	-1.559704	3.692490	0.416110	-0.822586	-0.291328
2.980000	-9.237032	-1.336438	3.806723	0.408149	-0.818911	-0.309230
3.000000	-9.340774	-1.190879	3.899042	0.400425	-0.815616	-0.326025
3.020000	-9.357953	-1.136659	3.966456	0.393000	-0.812781	-0.341500
3.040000	-9.280218	-1.187410	4.005972	0.385936	-0.810485	-0.355437
3.060000	-9.099370	-1.356526	4.014638	0.379294	-0.808808	-0.367625
3.080000	-8.815292	-1.645046	3.991424	0.373102	-0.807784	-0.377991
3.100000	-8.439728	-2.035875	3.938125	0.367341	-0.807388	-0.386668
3.120000	-7.985366	-2.510469	3.856761	0.361987	-0.807587	-0.393804
3.140000	-7.464897	-3.050284	3.749354	0.357016	-0.808350	-0.399549
3.160000	-6.891009	-3.636778	3.617924	0.352404	-0.809644	-0.404051
3.180000	-6.276392	-4.251406	3.464493	0.348128	-0.811438	-0.407459
3.200000	-5.633736	-4.875626	3.291080	0.344165	-0.813700	-0.409923
3.220000	-4.975730	-5.490893	3.099707	0.340489	-0.816399	-0.411591
3.240000	-4.315064	-6.078665	2.892395	0.337079	-0.819502	-0.412611
3.260000	-3.664428	-6.620398	2.671164	0.333909	-0.822978	-0.413134
3.280000	-3.036510	-7.097549	2.438035	0.330957	-0.826794	-0.413308
3.300000	-2.444001	-7.491574	2.195029	0.328199	-0.830920	-0.413281
3.320000	-1.899589	-7.783929	1.944167	0.325611	-0.835322	-0.413203
3.340000	-1.415965	-7.956072	1.687470	0.323169	-0.839971	-0.413223
3.360000	-1.005817	-7.989459	1.426958	0.320850	-0.844832	-0.413489
3.380000	-0.681833	-7.865552	1.164652	0.318630	-0.849876	-0.414150
3.400000	-0.451991	-7.574458	0.902711	0.316503	-0.855082	-0.415323
3.420000	-0.310280	-7.131982	0.643708	0.314514	-0.860472	-0.417026
3.440000	-0.248096	-6.558682	0.390288	0.312719	-0.866073	-0.419258
3.460000	-0.256839	-5.875118	0.145099	0.311174	-0.871913	-0.422020
3.480000	-0.327905	-5.101851	-0.089212	0.309933	-0.878019	-0.425311
