0.000000	-5.787146	2.707581	0.627060	0.287099	-0.789648	-0.531050
0.020000	-5.544277	2.862308	0.474033	0.286298	-0.792893	-0.546238
0.040000	-5.262687	2.941217	0.316190	0.286647	-0.796091	-0.560314
0.060000	-4.948493	2.951907	0.155946	0.288023	-0.799222	-0.573353
0.080000	-4.607812	2.901981	-0.004284	0.290304	-0.802271	-0.585433
0.100000	-4.246759	2.799040	-0.162083	0.293366	-0.805219	-0.596631
0.120000	-3.871450	2.650686	-0.315035	0.297088	-0.808048	-0.607024
0.140000	-3.488003	2.464521	-0.460727	0.301347	-0.810741	-0.616689
0.160000	-3.102533	2.248145	-0.596741	0.306020	-0.813281	-0.625703
0.180000	-2.721156	2.009162	-0.720663	0.310986	-0.815651	-0.634142
0.200000	-2.349989	1.755171	-0.830076	0.316121	-0.817831	-0.642084
0.220000	-1.995148	1.493776	-0.922565	0.321303	-0.819806	-0.649606
0.240000	-1.662749	1.232577	-0.995715	0.326410	-0.821557	-0.656785
0.260000	-1.358908	0.979176	-1.047110	0.331319	-0.823067	-0.663697
0.280000	-1.089742	0.741174	-1.074334	0.335907	-0.824318	-0.670420
0.300000	-0.861365	0.526172	-1.074974	0.340053	-0.825293	-0.677031
0.320000	-0.677720	0.339664	-1.047962	0.343681	-0.826005	-0.683594
0.340000	-0.536591	0.181179	-0.996054	0.346855	-0.826548	-0.690143
0.360000	-0.434679	0.049190	-0.922680	0.349662	-0.827034	-0.696703
0.380000	-0.368681	-0.057828	-0.831270	0.352188	-0.827575	-0.703299
0.400000	-0.335297	-0.141401	-0.725255	0.354520	-0.828280	-0.709959
0.420000	-0.331226	-0.203053	-0.608064	0.356744	-0.829261	-0.716708
0.440000	-0.353165	-0.244311	-0.483127	0.358948	-0.830629	-0.723573
0.460000	-0.397815	-0.266699	-0.353874	0.361219	-0.832495	-0.730579
0.480000	-0.461874	-0.271743	-0.223735	0.363642	-0.834969	-0.737753
0.500000	-0.542041	-0.260969	-0.096141	0.366305	-0.838163	-0.745121
0.520000	-0.635015	-0.235901	0.025480	0.369295	-0.842187	-0.752708
0.540000	-0.737495	-0.198066	0.137696	0.372699	-0.847153	-0.760542
0.560000	-0.846180	-0.148988	0.237078	0.376602	-0.853172	-0.768648
0.580000	-0.957768	-0.090194	0.320196	0.381093	-0.860353	-0.777051
0.600000	-1.068958	-0.023208	0.383620	0.386257	-0.868809	-0.785779
0.620000	-1.176450	0.050444	0.423920	0.392182	-0.878651	-0.794858
0.640000	-1.277142	0.129319	0.438402	0.398927	-0.889937	-0.804290
0.660000	-1.369153	0.212485	0.428854	0.406385	-0.902421	-0.813939
0.680000	-1.451057	0.299198	0.398748	0.414386	-0.915737	-0.823614
0.700000	-1.521432	0.388716	0.351559	0.422761	-0.929521	-0.833128
0.720000	-1.578854	0.480295	0.290762	0.431340	-0.943407	-0.842289
0.740000	-1.621901	0.573194	0.219835	0.439953	-0.957031	-0.850909
0.760000	-1.649148	0.666668	0.142251	0.448431	-0.970029	-0.858797
0.780000	-1.659173	0.759977	0.061486	0.456603	-0.982034	-0.865765
0.800000	-1.650553	0.852377	-0.018983	0.464301	-0.992683	-0.871622
0.820000	-1.621863	0.943126	-0.095683	0.471353	-1.001611	-0.876179
0.840000	-1.571681	1.031480	-0.165136	0.477592	-1.008452	-0.879246
0.860000	-1.498583	1.116698	-0.223869	0.482847	-1.012843	-0.880634
0.880000	-1.401147	1.198036	-0.268404	0.486947	-1.014417	-0.880153
0.900000	-1.277948	1.274753	-0.295267	0.489725	-1.012812	-0.877614
0.920000	-1.127564	1.346104	-0.300983	0.491009	-1.007660	-0.872827
0.940000	-0.948571	1.411349	-0.282075	0.490630	-0.998599	-0.865602
0.960000	-0.739733	1.469802	-0.235347	0.488433	-0.985297	-0.855765
0.980000	-0.502535	1.521631	-0.161660	0.484475	-0.967940	-0.843370
1.000000	-0.240513	1.567645	-0.064931	0.478972	-0.947096	-0.828640
1.020000	0.042748	1.608669	0.050846	0.472143	-0.923347	-0.811805
1.040000	0.343660	1.645529	0.181678	0.464210	-0.897272	-0.793092
1.060000	0.658638	1.679049	0.323570	0.455393	-0.869451	-0.772730
1.080000	0.984096	1.710055	0.472529	0.445911	-0.840464	-0.750947
1.100000	1.316445	1.739371	0.624562	0.435985	-0.810890	-0.727972
1.120000	1.652102	1.767822	0.775674	0.425835	-0.781311	-0.704034
1.140000	1.987478	1.796234	0.921873	0.415681	-0.752305	-0.679360
1.160000	2.318988	1.825432	1.059164	0.405744	-0.724453	-0.654179
1.180000	2.643046	1.856241	1.183554	0.396243	-0.698334	-0.628720
1.200000	2.956064	1.889485	1.291049	0.387400	-0.674529	-0.603211
1.220000	3.254457	1.925990	1.377656	0.379433	-0.653617	-0.577881
1.240000	3.534639	1.966581	1.439381	0.372564	-0.636179	-0.552957
1.260000	3.793022	2.012083	1.472231	0.367013	-0.622794	-0.528669
1.280000	4.026702	2.063150	1.473101	0.362952	-0.613907	-0.505212
1.300000	4.236092	2.119602	1.443227	0.360330	-0.609295	-0.482626
1.320000	4.422616	2.181004	1.385163	0.359022	-0.608536	-0.460902
1.340000	4.587697	2.246923	1.301467	0.358906	-0.611206	-0.440032
1.360000	4.732761	2.316923	1.194692	0.359859	-0.616883	-0.420006
1.380000	4.859231	2.390572	1.067394	0.361759	-0.625144	-0.400816
1.400000	4.968530	2.467434	0.922128	0.364484	-0.635564	-0.382453
1.420000	5.062083	2.547076	0.761451	0.367909	-0.647722	-0.364908
1.440000	5.141313	2.629064	0.587917	0.371913	-0.661193	-0.348174
1.460000	5.207645	2.712963	0.404081	0.376372	-0.675554	-0.332240
1.480000	5.262502	2.798339	0.212500	0.381165	-0.690383	-0.317098
1.500000	5.307309	2.884758	0.015728	0.386168	-0.705256	-0.302741
1.520000	5.343489	2.971786	-0.183678	0.391259	-0.719749	-0.289158
1.540000	5.372467	3.058989	-0.383164	0.396315	-0.733441	-0.276341
1.560000	5.395665	3.145932	-0.580175	0.401212	-0.745907	-0.264282
1.580000	5.414509	3.232181	-0.772154	0.405829	-0.756724	-0.252972
1.600000	5.430253	3.317230	-0.956646	0.410054	-0.765503	-0.242397
1.620000	5.442287	3.399763	-1.132286	0.413886	-0.772230	-0.232493
1.640000	5.448841	3.477966	-1.298393	0.417397	-0.777123	-0.223163
1.660000	5.448126	3.550014	-1.454295	0.420661	-0.780405	-0.214311
1.680000	5.438354	3.614083	-1.599317	0.423750	-0.782298	-0.205841
1.700000	5.417736	3.668350	-1.732790	0.426737	-0.783025	-0.197654
1.720000	5.384485	3.710991	-1.854039	0.429694	-0.782808	-0.189654
1.740000	5.336811	3.740182	-1.962392	0.432693	-0.781870	-0.181745
1.760000	5.272927	3.754100	-2.057177	0.435809	-0.780432	-0.173829
1.780000	5.191044	3.750920	-2.137722	0.439112	-0.778717	-0.165809
1.800000	5.089374	3.728820	-2.203354	0.442677	-0.776948	-0.157590
1.820000	4.966129	3.685974	-2.253401	0.446575	-0.775347	-0.149073
1.840000	4.819519	3.620560	-2.287190	0.450880	-0.774137	-0.140162
1.860000	4.647758	3.530753	-2.304049	0.455664	-0.773539	-0.130761
1.880000	4.449056	3.414731	-2.303306	0.460999	-0.773776	-0.120772
1.900000	4.221859	3.270880	-2.284372	0.466953	-0.775060	-0.110105
1.920000	3.968299	3.100914	-2.248000	0.473506	-0.777414	-0.098781
1.940000	3.693442	2.909193	-2.196006	0.480568	-0.780718	-0.086907
1.960000	3.402434	2.700153	-2.130235	0.488046	-0.784845	-0.074594
1.980000	3.100422	2.478226	-2.052533	0.495851	-0.789669	-0.061951
2.000000	2.792553	2.247847	-1.964748	0.503889	-0.795064	-0.049089
2.020000	2.483972	2.013449	-1.868723	0.512069	-0.800904	-0.036117
2.040000	2.179828	1.779468	-1.766306	0.520300	-0.807064	-0.023146
2.060000	1.885266	1.550337	-1.659342	0.528490	-0.813417	-0.010286
2.080000	1.605433	1.330490	-1.549678	0.536547	-0.819836	0.002353
2.100000	1.345476	1.124360	-1.439159	0.544380	-0.826197	0.014662
2.120000	1.110542	0.936383	-1.329631	0.551896	-0.832373	0.026529
2.140000	0.905777	0.770993	-1.222940	0.559005	-0.838237	0.037845
2.160000	0.736329	0.632622	-1.120932	0.565614	-0.843665	0.048499
2.180000	0.607342	0.525705	-1.025454	0.571632	-0.848529	0.058383
2.200000	0.523966	0.454677	-0.938350	0.576968	-0.852704	0.067385
2.220000	0.489949	0.422780	-0.861106	0.581546	-0.856087	0.075415
2.240000	0.501807	0.427079	-0.793335	0.585377	-0.858696	0.082489
2.260000	0.553714	0.462641	-0.734044	0.588501	-0.860587	0.088655
2.280000	0.639845	0.524535	-0.682240	0.590957	-0.861816	0.093963
2.300000	0.754374	0.607827	-0.636932	0.592785	-0.862441	0.098460
2.320000	0.891474	0.707585	-0.597126	0.594024	-0.862518	0.102196
2.340000	1.045320	0.818875	-0.561830	0.594712	-0.862103	0.105219
2.360000	1.210086	0.936767	-0.530051	0.594890	-0.861253	0.107578
2.380000	1.379947	1.056325	-0.500797	0.594596	-0.860024	0.109323
2.400000	1.549075	1.172619	-0.473074	0.593870	-0.858473	0.110500
2.420000	1.711646	1.280714	-0.445891	0.592752	-0.856657	0.111160
2.440000	1.861833	1.375680	-0.418255	0.591279	-0.854632	0.111352
2.460000	1.993811	1.452582	-0.389174	0.589493	-0.852455	0.111123
2.480000	2.101753	1.506487	-0.357653	0.587431	-0.850182	0.110523
2.500000	2.179834	1.532465	-0.322702	0.585134	-0.847869	0.109601
2.520000	2.222227	1.525580	-0.283327	0.582640	-0.845574	0.108404
2.540000	2.223108	1.480902	-0.238536	0.579989	-0.843353	0.106983
2.560000	2.176853	1.393680	-0.187367	0.577219	-0.841261	0.105383
2.580000	2.082542	1.263404	-0.129569	0.574366	-0.839328	0.103613
2.600000	1.943975	1.093816	-0.065606	0.571456	-0.837558	0.101636
2.620000	1.765156	0.888843	0.004028	0.568519	-0.835954	0.099418
2.640000	1.550088	0.652412	0.078838	0.565583	-0.834519	0.096922
2.660000	1.302775	0.388451	0.158331	0.562675	-0.833256	0.094113
2.680000	1.027224	0.100888	0.242012	0.559825	-0.832167	0.090954
2.700000	0.727436	-0.206351	0.329387	0.557060	-0.831256	0.087410
2.720000	0.407417	-0.529338	0.419961	0.554408	-0.830525	0.083444
2.740000	0.071172	-0.864146	0.513240	0.551899	-0.829978	0.079021
2.760000	-0.277297	-1.206847	0.608730	0.549560	-0.829617	0.074105
2.780000	-0.633984	-1.553513	0.705936	0.547419	-0.829445	0.068660
2.800000	-0.994885	-1.900218	0.804364	0.545505	-0.829465	0.062649
2.820000	-1.355996	-2.243035	0.903519	0.543845	-0.829680	0.056038
2.840000	-1.713401	-2.578095	1.002889	0.542466	-0.830090	0.048791
2.860000	-2.064698	-2.902562	1.101635	0.541330	-0.830657	0.040905
2.880000	-2.408757	-3.214465	1.198645	0.540353	-0.831310	0.032400
2.900000	-2.744486	-3.511858	1.292800	0.539446	-0.831975	0.023300
2.920000	-3.070793	-3.792797	1.382979	0.538522	-0.832579	0.013626
2.940000	-3.386589	-4.055337	1.468062	0.537494	-0.833050	0.003400
2.960000	-3.690780	-4.297533	1.546930	0.536273	-0.833315	-0.007356
2.980000	-3.982277	-4.517441	1.618463	0.534772	-0.833301	-0.018619
3.000000	-4.259987	-4.713115	1.681541	0.532904	-0.832936	-0.030368
3.020000	-4.522819	-4.882612	1.735043	0.530581	-0.832146	-0.042581
3.040000	-4.769683	-5.023985	1.777849	0.527715	-0.830860	-0.055235
3.060000	-4.999487	-5.135290	1.808841	0.524218	-0.829003	-0.068309
3.080000	-5.211139	-5.214583	1.826897	0.520004	-0.826504	-0.081780
3.100000	-5.403548	-5.259919	1.830899	0.514984	-0.823290	-0.095627
3.120000	-5.575623	-5.269352	1.819725	0.509071	-0.819288	-0.109826
3.140000	-5.726273	-5.240938	1.792256	0.502177	-0.814425	-0.124357
3.160000	-5.854415	-5.172770	1.747390	0.494216	-0.808629	-0.139197
3.180000	-5.959585	-5.065512	1.685259	0.485199	-0.801917	-0.154311
3.200000	-6.042327	-4.924046	1.608015	0.475298	-0.794444	-0.169639
3.220000	-6.103280	-4.753640	1.517997	0.464699	-0.786383	-0.185123
3.240000	-6.143084	-4.559564	1.417546	0.453588	-0.777904	-0.200702
3.260000	-6.162378	-4.347089	1.309001	0.442151	-0.769176	-0.216316
3.280000	-6.161801	-4.121483	1.194701	0.430573	-0.760371	-0.231906
3.300000	-6.141992	-3.888016	1.076986	0.419042	-0.751660	-0.247411
3.320000	-6.103590	-3.651958	0.958196	0.407743	-0.743212	-0.262772
3.340000	-6.047233	-3.418579	0.840669	0.396862	-0.735199	-0.277927
3.360000	-5.973561	-3.193148	0.726746	0.386585	-0.727791	-0.292819
3.380000	-5.883214	-2.980936	0.618766	0.377099	-0.721159	-0.307385
3.400000	-5.776829	-2.787211	0.519069	0.368589	-0.715473	-0.321567
3.420000	-5.655047	-2.617243	0.429993	0.361241	-0.710904	-0.335305
3.440000	-5.518505	-2.476302	0.353879	0.355242	-0.707622	-0.348538
3.460000	-5.367844	-2.369659	0.293067	0.350778	-0.705798	-0.361206
3.480000	-5.203702	-2.302581	0.249895	0.348034	-0.705603	-0.373250
3.500000	-5.027206	-2.278290	0.225923	0.347117	-0.707141	-0.384638
3.520000	-4.841119	-2.293134	0.220095	0.347866	-0.710293	-0.395435
3.540000	-4.648547	-2.342022	0.230808	0.350063	-0.714893	-0.405726
3.560000	-4.452595	-2.419866	0.256459	0.353492	-0.720777	-0.415596
3.580000	-4.256369	-2.521573	0.295443	0.357934	-0.727780	-0.425129
3.600000	-4.062973	-2.642054	0.346159	0.363174	-0.735735	-0.434410
3.620000	-3.875514	-2.776219	0.407001	0.368992	-0.744478	-0.443525
3.640000	-3.697097	-2.918977	0.476367	0.375173	-0.753844	-0.452557
3.660000	-3.530827	-3.065238	0.552654	0.381499	-0.763666	-0.461592
3.680000	-3.379810	-3.209911	0.634257	0.387753	-0.773781	-0.470716
3.700000	-3.247152	-3.347907	0.719574	0.393717	-0.784021	-0.480011
3.720000	-3.135957	-3.474135	0.807001	0.399175	-0.794224	-0.489565
3.740000	-3.049332	-3.583505	0.894935	0.403908	-0.804222	-0.499460
3.760000	-2.990382	-3.670925	0.981772	0.407700	-0.813850	-0.509783
3.780000	-2.962212	-3.731307	1.065908	0.410334	-0.822944	-0.520618
3.800000	-2.966598	-3.760753	1.145911	0.411648	-0.831371	-0.532037
3.820000	-2.999425	-3.760649	1.221098	0.411732	-0.839140	-0.544057
3.840000	-3.054948	-3.733844	1.290995	0.410742	-0.846303	-0.556681
3.860000	-3.127423	-3.683188	1.355130	0.408838	-0.852910	-0.569909
3.880000	-3.211103	-3.611530	1.413028	0.406176	-0.859010	-0.583744
3.900000	-3.300243	-3.521719	1.464215	0.402914	-0.864654	-0.598186
3.920000	-3.389098	-3.416605	1.508219	0.399211	-0.869893	-0.613238
3.940000	-3.471923	-3.299037	1.544565	0.395224	-0.874776	-0.628902
3.960000	-3.542973	-3.171864	1.572780	0.391110	-0.879354	-0.645179
3.980000	-3.596501	-3.037936	1.592390	0.387028	-0.883677	-0.662070
4.000000	-3.626764	-2.900102	1.602922	0.383135	-0.887796	-0.679577
4.020000	-3.628015	-2.761211	1.603901	0.379590	-0.891760	-0.697703
4.040000	-3.594510	-2.624112	1.594855	0.376549	-0.895620	-0.716448
4.060000	-3.520503	-2.491656	1.575310	0.374171	-0.899426	-0.735814
4.080000	-3.400249	-2.366690	1.544791	0.372613	-0.903229	-0.755804
