0.000000	-3.228002	-2.252065	1.502826	0.372033	-0.907079	-0.776418
0.020000	-2.998842	-2.150292	1.449033	0.372571	-0.911018	-0.797643
0.040000	-2.716017	-2.060543	1.383956	0.374183	-0.915017	-0.819319
0.060000	-2.387437	-1.980079	1.308665	0.376720	-0.919003	-0.841198
0.080000	-2.021068	-1.906141	1.224234	0.380032	-0.922906	-0.863036
0.100000	-1.624877	-1.835969	1.131740	0.383969	-0.926653	-0.884584
0.120000	-1.206830	-1.766803	1.032258	0.388383	-0.930172	-0.905596
0.140000	-0.774892	-1.695883	0.926865	0.393123	-0.933390	-0.925825
0.160000	-0.337030	-1.620450	0.816637	0.398039	-0.936237	-0.945025
0.180000	0.098791	-1.537744	0.702648	0.402982	-0.938639	-0.962949
0.200000	0.524604	-1.445005	0.585975	0.407802	-0.940524	-0.979350
0.220000	0.932443	-1.339473	0.467694	0.412349	-0.941821	-0.993981
0.240000	1.314342	-1.218388	0.348881	0.416474	-0.942458	-1.006595
0.260000	1.662336	-1.078991	0.230611	0.420026	-0.942362	-1.016946
0.280000	1.968458	-0.918522	0.113960	0.422857	-0.941461	-1.024788
0.300000	2.224742	-0.734221	0.000004	0.424815	-0.939684	-1.029872
0.320000	2.423223	-0.523328	-0.110181	0.425753	-0.936958	-1.031953
0.340000	2.556218	-0.283200	-0.215542	0.425524	-0.933214	-1.030791
0.360000	2.624099	-0.014490	-0.315677	0.424101	-0.928453	-1.026358
0.380000	2.636217	0.278471	-0.410908	0.421590	-0.922757	-1.018862
0.400000	2.602398	0.591159	-0.501598	0.418106	-0.916213	-1.008522
0.420000	2.532467	0.919050	-0.588106	0.413761	-0.908906	-0.995559
0.440000	2.436247	1.257620	-0.670794	0.408667	-0.900923	-0.980192
0.460000	2.323564	1.602346	-0.750023	0.402939	-0.892348	-0.962642
0.480000	2.204242	1.948703	-0.826154	0.396689	-0.883269	-0.943127
0.500000	2.088107	2.292167	-0.899548	0.390030	-0.873770	-0.921869
0.520000	1.984982	2.628214	-0.970566	0.383076	-0.863938	-0.899087
0.540000	1.904693	2.952321	-1.039570	0.375940	-0.853859	-0.875001
0.560000	1.857063	3.259963	-1.106919	0.368734	-0.843619	-0.849830
0.580000	1.851919	3.546617	-1.172977	0.361573	-0.833303	-0.823796
0.600000	1.899084	3.807758	-1.238102	0.354568	-0.822998	-0.797117
0.620000	2.008384	4.038862	-1.302657	0.347834	-0.812789	-0.770013
0.640000	2.189485	4.235464	-1.366993	0.341482	-0.802762	-0.742704
0.660000	2.444471	4.395927	-1.431020	0.335601	-0.792994	-0.715343
0.680000	2.764621	4.522640	-1.494015	0.330241	-0.783549	-0.687988
0.700000	3.140389	4.618301	-1.555208	0.325452	-0.774487	-0.660694
0.720000	3.562228	4.685609	-1.613829	0.321282	-0.765872	-0.633512
0.740000	4.020591	4.727261	-1.669107	0.317781	-0.757766	-0.606496
0.760000	4.505930	4.745956	-1.720272	0.314996	-0.750231	-0.579698
0.780000	5.008700	4.744391	-1.766554	0.312977	-0.743330	-0.553172
0.800000	5.519354	4.725266	-1.807183	0.311772	-0.737125	-0.526970
0.820000	6.028345	4.691276	-1.841389	0.311431	-0.731677	-0.501145
0.840000	6.526125	4.645122	-1.868400	0.312002	-0.727051	-0.475749
0.860000	7.003149	4.589501	-1.887447	0.313535	-0.723307	-0.450836
0.880000	7.449869	4.527110	-1.897760	0.316076	-0.720508	-0.426459
0.900000	7.856739	4.460649	-1.898568	0.319677	-0.718716	-0.402669
0.920000	8.214212	4.392814	-1.889102	0.324384	-0.717994	-0.379520
0.940000	8.512740	4.326305	-1.868590	0.330248	-0.718404	-0.357065
0.960000	8.742778	4.263819	-1.836262	0.337317	-0.720009	-0.335357
0.980000	8.895172	4.207949	-1.791417	0.345634	-0.722864	-0.314446
1.000000	8.968648	4.159193	-1.734717	0.355138	-0.726923	-0.294341
1.020000	8.969206	4.116110	-1.668087	0.365670	-0.732036	-0.275014
1.040000	8.903118	4.077190	-1.593496	0.377066	-0.738054	-0.256435
1.060000	8.776656	4.040920	-1.512916	0.389164	-0.744827	-0.238572
1.080000	8.596092	4.005790	-1.428317	0.401802	-0.752203	-0.221396
1.100000	8.367700	3.970288	-1.341670	0.414816	-0.760032	-0.204876
1.120000	8.097750	3.932901	-1.254946	0.428044	-0.768164	-0.188981
1.140000	7.792517	3.892119	-1.170115	0.441323	-0.776447	-0.173683
1.160000	7.458271	3.846429	-1.089148	0.454491	-0.784732	-0.158949
1.180000	7.101285	3.794320	-1.014017	0.467384	-0.792868	-0.144750
1.200000	6.727831	3.734281	-0.946691	0.479839	-0.800704	-0.131055
1.220000	6.344183	3.664800	-0.889141	0.491695	-0.808089	-0.117834
1.240000	5.956611	3.584365	-0.843339	0.502788	-0.814874	-0.105056
1.260000	5.571389	3.491464	-0.811255	0.512956	-0.820907	-0.092692
1.280000	5.194789	3.384587	-0.794859	0.522035	-0.826038	-0.080711
1.300000	4.833058	3.262236	-0.796107	0.529864	-0.830117	-0.069082
1.320000	4.490116	3.124323	-0.815458	0.536373	-0.833076	-0.057788
1.340000	4.165677	2.973306	-0.850673	0.541657	-0.834995	-0.046832
1.360000	3.859016	2.811909	-0.899227	0.545828	-0.835969	-0.036219
1.380000	3.569407	2.642855	-0.958598	0.548999	-0.836093	-0.025957
1.400000	3.296122	2.468868	-1.026261	0.551282	-0.835462	-0.016051
1.420000	3.038436	2.292674	-1.099694	0.552789	-0.834171	-0.006507
1.440000	2.795621	2.116994	-1.176373	0.553632	-0.832315	0.002669
1.460000	2.566953	1.944555	-1.253774	0.553925	-0.829991	0.011470
1.480000	2.351704	1.778079	-1.329374	0.553780	-0.827291	0.019892
1.500000	2.149149	1.620290	-1.400649	0.553309	-0.824313	0.027928
1.520000	1.958560	1.473913	-1.465077	0.552624	-0.821150	0.035572
1.540000	1.779212	1.341672	-1.520133	0.551837	-0.817898	0.042818
1.560000	1.610377	1.226290	-1.563294	0.551062	-0.814652	0.049660
1.580000	1.451331	1.130492	-1.592036	0.550411	-0.811508	0.056092
1.600000	1.301347	1.056996	-1.603840	0.549995	-0.808560	0.062109
1.620000	1.159908	1.006985	-1.597328	0.549889	-0.805874	0.067707
1.640000	1.026989	0.978059	-1.573783	0.550076	-0.803455	0.072893
1.660000	0.902630	0.967305	-1.534870	0.550527	-0.801293	0.077676
1.680000	0.786875	0.971812	-1.482252	0.551212	-0.799383	0.082063
1.700000	0.679765	0.988668	-1.417593	0.552102	-0.797716	0.086062
1.720000	0.581343	1.014960	-1.342557	0.553168	-0.796286	0.089681
1.740000	0.491651	1.047777	-1.258808	0.554381	-0.795085	0.092928
1.760000	0.410732	1.084207	-1.168011	0.555711	-0.794107	0.095810
1.780000	0.338628	1.121337	-1.071828	0.557129	-0.793343	0.098335
1.800000	0.275381	1.156257	-0.971924	0.558606	-0.792788	0.100511
1.820000	0.221034	1.186053	-0.869963	0.560112	-0.792432	0.102347
1.840000	0.175629	1.207813	-0.767609	0.561618	-0.792271	0.103849
1.860000	0.139208	1.218627	-0.666525	0.563095	-0.792295	0.105026
1.880000	0.111813	1.215581	-0.568376	0.564514	-0.792498	0.105886
1.900000	0.093488	1.195765	-0.474825	0.565845	-0.792873	0.106435
1.920000	0.084273	1.156265	-0.387537	0.567059	-0.793413	0.106683
1.940000	0.083774	1.094644	-0.307785	0.568131	-0.794109	0.106636
1.960000	0.089428	1.010809	-0.234911	0.569063	-0.794944	0.106294
1.980000	0.098002	0.905391	-0.167666	0.569864	-0.795901	0.105655
2.000000	0.106268	0.779018	-0.104796	0.570542	-0.796960	0.104718
2.020000	0.110993	0.632321	-0.045050	0.571106	-0.798105	0.103482
2.040000	0.108946	0.465930	0.012824	0.571565	-0.799316	0.101945
2.060000	0.096896	0.280474	0.070077	0.571928	-0.800574	0.100106
2.080000	0.071613	0.076585	0.127963	0.572203	-0.801862	0.097962
2.100000	0.029865	-0.145109	0.187732	0.572399	-0.803162	0.095513
2.120000	-0.031580	-0.383977	0.250636	0.572525	-0.804454	0.092757
2.140000	-0.115951	-0.639389	0.317928	0.572590	-0.805721	0.089692
2.160000	-0.226480	-0.910715	0.390859	0.572603	-0.806943	0.086317
2.180000	-0.366398	-1.197325	0.470681	0.572572	-0.808104	0.082630
2.200000	-0.538937	-1.498590	0.558646	0.572505	-0.809184	0.078630
2.220000	-0.747326	-1.813879	0.656005	0.572413	-0.810164	0.074316
2.240000	-0.994798	-2.142562	0.764012	0.572303	-0.811028	0.069685
2.260000	-1.284055	-2.483781	0.883696	0.572182	-0.811756	0.064733
2.280000	-1.611841	-2.834104	1.013615	0.572014	-0.812340	0.059414
2.300000	-1.971154	-3.188482	1.150762	0.571741	-0.812776	0.053660
2.320000	-2.354932	-3.541837	1.292111	0.571304	-0.813060	0.047399
2.340000	-2.756113	-3.889095	1.434632	0.570644	-0.813188	0.040562
2.360000	-3.167634	-4.225179	1.575297	0.569701	-0.813156	0.033077
2.380000	-3.582434	-4.545013	1.711078	0.568417	-0.812961	0.024876
2.400000	-3.993450	-4.843522	1.838945	0.566732	-0.812599	0.015887
2.420000	-4.393621	-5.115629	1.955871	0.564587	-0.812066	0.006039
2.440000	-4.775884	-5.356259	2.058828	0.561923	-0.811357	-0.004736
2.460000	-5.133177	-5.560336	2.144786	0.558680	-0.810470	-0.016509
2.480000	-5.458438	-5.722784	2.210717	0.554800	-0.809400	-0.029352
2.500000	-5.744605	-5.838527	2.253592	0.550224	-0.808144	-0.043333
2.520000	-5.984616	-5.902488	2.270384	0.544891	-0.806697	-0.058524
2.540000	-6.171409	-5.909593	2.258063	0.538743	-0.805057	-0.074995
2.560000	-6.297922	-5.854765	2.213602	0.531721	-0.803218	-0.092815
2.580000	-6.359166	-5.734928	2.135055	0.523798	-0.801181	-0.112011
2.600000	-6.358392	-5.554949	2.024780	0.515068	-0.798960	-0.132433
2.620000	-6.300895	-5.321669	1.886205	0.505661	-0.796570	-0.153886
2.640000	-6.191972	-5.041928	1.722758	0.495703	-0.794029	-0.176177
2.660000	-6.036919	-4.722566	1.537866	0.485322	-0.791353	-0.199110
2.680000	-5.841032	-4.370424	1.334956	0.474645	-0.788559	-0.222493
2.700000	-5.609607	-3.992342	1.117455	0.463801	-0.785664	-0.246131
2.720000	-5.347940	-3.595160	0.888792	0.452915	-0.782686	-0.269829
2.740000	-5.061327	-3.185718	0.652393	0.442117	-0.779639	-0.293394
2.760000	-4.755064	-2.770857	0.411686	0.431533	-0.776542	-0.316632
2.780000	-4.434448	-2.357418	0.170099	0.421291	-0.773412	-0.339348
2.800000	-4.104774	-1.952239	-0.068942	0.411518	-0.770264	-0.361349
2.820000	-3.771338	-1.562162	-0.302009	0.402343	-0.767116	-0.382440
2.840000	-3.439437	-1.194027	-0.525674	0.393891	-0.763984	-0.402427
2.860000	-3.114366	-0.854675	-0.736510	0.386291	-0.760886	-0.421116
2.880000	-2.801422	-0.550945	-0.931090	0.379671	-0.757837	-0.438312
2.900000	-2.505571	-0.288971	-1.106267	0.374145	-0.754859	-0.453845
2.920000	-2.228889	-0.068706	-1.261362	0.369717	-0.751999	-0.467736
2.940000	-1.971959	0.113097	-1.396969	0.366335	-0.749318	-0.480110
2.960000	-1.735351	0.259711	-1.513693	0.363947	-0.746879	-0.491088
2.980000	-1.519634	0.374409	-1.612139	0.362498	-0.744745	-0.500797
3.000000	-1.325379	0.460463	-1.692914	0.361935	-0.742976	-0.509359
