0.000000	0.674214	1.230625	-1.694878	-0.097993	-0.843741	0.176553
0.020000	0.693976	1.305972	-1.758802	-0.095798	-0.843911	0.173768
0.040000	0.704857	1.375138	-1.812948	-0.093508	-0.844683	0.171259
0.060000	0.707382	1.438355	-1.857685	-0.091121	-0.846030	0.169029
0.080000	0.702079	1.495856	-1.893383	-0.088633	-0.847926	0.167082
0.100000	0.689473	1.547871	-1.920414	-0.086042	-0.850343	0.165421
0.120000	0.670092	1.594635	-1.939145	-0.083345	-0.853254	0.164049
0.140000	0.644463	1.636378	-1.949949	-0.080539	-0.856633	0.162968
0.160000	0.613111	1.673334	-1.953194	-0.077621	-0.860452	0.162183
0.180000	0.576565	1.705735	-1.949251	-0.074589	-0.864684	0.161696
0.200000	0.535350	1.733812	-1.938489	-0.071439	-0.869302	0.161510
0.220000	0.489993	1.757799	-1.921279	-0.068169	-0.874280	0.161629
0.240000	0.441021	1.777927	-1.897992	-0.064776	-0.879590	0.162056
0.260000	0.388960	1.794428	-1.868996	-0.061257	-0.885205	0.162793
0.280000	0.334337	1.807536	-1.834661	-0.057609	-0.891098	0.163844
0.300000	0.277679	1.817482	-1.795359	-0.053830	-0.897243	0.165213
0.320000	0.219513	1.824498	-1.751459	-0.049916	-0.903611	0.166901
0.340000	0.160365	1.828817	-1.703330	-0.045865	-0.910177	0.168913
0.360000	0.100762	1.830672	-1.651344	-0.041673	-0.916913	0.171252
0.380000	0.041230	1.830293	-1.595869	-0.037339	-0.923792	0.173920
0.400000	-0.017703	1.827914	-1.537277	-0.032858	-0.930787	0.176921
0.420000	-0.075512	1.823767	-1.475936	-0.028229	-0.937871	0.180257
0.440000	-0.131668	1.818084	-1.412218	-0.023449	-0.945017	0.183933
0.460000	-0.185647	1.811098	-1.346492	-0.018514	-0.952198	0.187951
0.480000	-0.236921	1.803040	-1.279128	-0.013421	-0.959387	0.192314
0.500000	-0.284963	1.794143	-1.210496	-0.008169	-0.966557	0.197026
0.520000	-0.329246	1.784640	-1.140966	-0.002754	-0.973682	0.202089
0.540000	-0.369245	1.774762	-1.070909	0.002827	-0.980733	0.207507
0.560000	-0.404432	1.764741	-1.000694	0.008577	-0.987684	0.213282
0.580000	-0.434281	1.754811	-0.930691	0.014498	-0.994507	0.219419
0.600000	-0.458264	1.745203	-0.861270	0.020593	-1.001177	0.225920
0.620000	-0.475856	1.736150	-0.792802	0.026866	-1.007666	0.232788
0.640000	-0.486529	1.727883	-0.725657	0.033318	-1.013946	0.240026
0.660000	-0.489792	1.720623	-0.660186	0.039953	-1.019993	0.247637
0.680000	-0.485581	1.714431	-0.596520	0.046764	-1.025797	0.255612
0.700000	-0.474127	1.709261	-0.534640	0.053741	-1.031361	0.263934
0.720000	-0.455664	1.705065	-0.474522	0.060872	-1.036688	0.272587
0.740000	-0.430429	1.701795	-0.416143	0.068146	-1.041781	0.281554
0.760000	-0.398657	1.699403	-0.359479	0.075552	-1.046642	0.290819
0.780000	-0.360584	1.697840	-0.304509	0.083078	-1.051274	0.300365
0.800000	-0.316445	1.697059	-0.251207	0.090714	-1.055681	0.310176
