0.000000	4.140648	-0.759047	0.377182	0.041717	-0.947570	0.138038
0.020000	3.861214	-0.706762	0.372483	0.033313	-0.944833	0.138046
0.040000	3.578893	-0.654208	0.367100	0.024758	-0.942214	0.138004
0.060000	3.294744	-0.601511	0.361096	0.016076	-0.939728	0.137912
0.080000	3.009827	-0.548799	0.354534	0.007291	-0.937393	0.137770
0.100000	2.725200	-0.496200	0.347476	-0.001572	-0.935225	0.137576
0.120000	2.441924	-0.443840	0.339985	-0.010488	-0.933241	0.137330
0.140000	2.161057	-0.391847	0.332123	-0.019434	-0.931459	0.137031
0.160000	1.883660	-0.340349	0.323952	-0.028383	-0.929894	0.136680
0.180000	1.610790	-0.289473	0.315536	-0.037312	-0.928563	0.136274
0.200000	1.343509	-0.239346	0.306936	-0.046195	-0.927484	0.135815
0.220000	1.082875	-0.190096	0.298215	-0.055009	-0.926673	0.135300
0.240000	0.829947	-0.141850	0.289436	-0.063729	-0.926148	0.134730
0.260000	0.585785	-0.094735	0.280661	-0.072330	-0.925923	0.134103
0.280000	0.351449	-0.048879	0.271953	-0.080787	-0.926018	0.133420
0.300000	0.127997	-0.004409	0.263373	-0.089076	-0.926448	0.132679
0.320000	-0.083546	0.038552	0.254982	-0.097173	-0.927229	0.131881
0.340000	-0.282812	0.079970	0.246767	-0.105060	-0.928359	0.131028
0.360000	-0.470013	0.119886	0.238656	-0.112727	-0.929818	0.130128
0.380000	-0.645382	0.158347	0.230574	-0.120162	-0.931587	0.129188
0.400000	-0.809152	0.195398	0.222445	-0.127356	-0.933648	0.128215
0.420000	-0.961555	0.231084	0.214194	-0.134297	-0.935979	0.127216
0.440000	-1.102825	0.265451	0.205746	-0.140974	-0.938562	0.126199
0.460000	-1.233195	0.298544	0.197026	-0.147377	-0.941378	0.125170
0.480000	-1.352896	0.330409	0.187958	-0.153496	-0.944406	0.124137
0.500000	-1.462161	0.361091	0.178468	-0.159319	-0.947627	0.123106
0.520000	-1.561225	0.390636	0.168480	-0.164835	-0.951022	0.122086
0.540000	-1.650318	0.419090	0.157919	-0.170035	-0.954572	0.121083
0.560000	-1.729674	0.446496	0.146710	-0.174906	-0.958256	0.120104
0.580000	-1.799526	0.472902	0.134777	-0.179440	-0.962055	0.119157
0.600000	-1.860106	0.498352	0.122046	-0.183624	-0.965950	0.118248
0.620000	-1.911647	0.522893	0.108441	-0.187448	-0.969922	0.117386
0.640000	-1.954382	0.546568	0.093888	-0.190901	-0.973950	0.116576
0.660000	-1.988543	0.569425	0.078310	-0.193973	-0.978015	0.115826
0.680000	-2.014364	0.591508	0.061633	-0.196653	-0.982099	0.115144
0.700000	-2.032077	0.612863	0.043782	-0.198931	-0.986181	0.114535
0.720000	-2.041915	0.633535	0.024681	-0.200794	-0.990241	0.114009
0.740000	-2.044111	0.653569	0.004255	-0.202234	-0.994261	0.113571
