0.000000	-1.066557	1.288933	-0.075557	-0.049084	-0.929329	0.357427
0.020000	-0.838659	0.722582	0.116496	-0.046344	-0.935148	0.350914
0.040000	-0.606429	0.144183	0.307220	-0.045081	-0.940349	0.343305
0.060000	-0.373739	-0.434133	0.493000	-0.045246	-0.944816	0.334864
0.080000	-0.144463	-1.000237	0.670221	-0.046788	-0.948435	0.325856
0.100000	0.077529	-1.542001	0.835264	-0.049658	-0.951092	0.316544
0.120000	0.288362	-2.047294	0.984516	-0.053808	-0.952671	0.307191
0.140000	0.484166	-2.503988	1.114359	-0.059187	-0.953057	0.298062
0.160000	0.661067	-2.899954	1.221179	-0.065747	-0.952136	0.289420
0.180000	0.815192	-3.223062	1.301358	-0.073438	-0.949793	0.281529
0.200000	0.942670	-3.461183	1.351280	-0.082210	-0.945914	0.274652
0.220000	1.039655	-3.602280	1.367359	-0.092014	-0.940385	0.269053
0.240000	1.104617	-3.642429	1.348493	-0.102717	-0.933235	0.264867
0.260000	1.140112	-3.591992	1.297962	-0.114045	-0.924746	0.262010
0.280000	1.149108	-3.462788	1.219492	-0.125707	-0.915223	0.260374
0.300000	1.134575	-3.266634	1.116807	-0.137414	-0.904972	0.259851
0.320000	1.099484	-3.015348	0.993634	-0.148875	-0.894299	0.260335
0.340000	1.046804	-2.720749	0.853697	-0.159801	-0.883511	0.261717
0.360000	0.979504	-2.394654	0.700724	-0.169902	-0.872914	0.263889
0.380000	0.900554	-2.048881	0.538438	-0.178888	-0.862813	0.266745
0.400000	0.812925	-1.695249	0.370567	-0.186468	-0.853514	0.270176
0.420000	0.719585	-1.345576	0.200834	-0.192354	-0.845325	0.274076
0.440000	0.623504	-1.011679	0.032967	-0.196256	-0.838550	0.278336
0.460000	0.527653	-0.705376	-0.129310	-0.197882	-0.833497	0.282849
0.480000	0.435001	-0.438486	-0.282271	-0.196944	-0.830470	0.287508
0.500000	0.348517	-0.222826	-0.422191	-0.193152	-0.829776	0.292205
0.520000	0.271171	-0.070215	-0.545343	-0.186215	-0.831722	0.296832
0.540000	0.205669	0.008422	-0.648120	-0.175886	-0.836581	0.301281
0.560000	0.150943	0.014885	-0.728590	-0.162523	-0.844167	0.305432
0.580000	0.103114	-0.039539	-0.786071	-0.146932	-0.853954	0.309158
0.600000	0.058236	-0.143337	-0.819909	-0.129932	-0.865406	0.312330
0.620000	0.012363	-0.284996	-0.829453	-0.112341	-0.877988	0.314821
0.640000	-0.038451	-0.453003	-0.814050	-0.094978	-0.891163	0.316502
0.660000	-0.098152	-0.635845	-0.773047	-0.078660	-0.904397	0.317245
