0.000000	1.547181	0.121008	2.351577	-0.223364	-0.760709	0.137119
0.020000	1.634593	0.104659	2.298415	-0.218853	-0.760905	0.138823
0.040000	1.715875	0.090683	2.237493	-0.212728	-0.762189	0.141531
0.060000	1.791154	0.078914	2.169368	-0.205151	-0.764473	0.145165
0.080000	1.860557	0.069185	2.094596	-0.196287	-0.767670	0.149647
0.100000	1.924211	0.061327	2.013734	-0.186298	-0.771692	0.154899
0.120000	1.982244	0.055172	1.927338	-0.175347	-0.776450	0.160844
0.140000	2.034783	0.050553	1.835967	-0.163597	-0.781857	0.167405
0.160000	2.081954	0.047302	1.740175	-0.151211	-0.787826	0.174504
0.180000	2.123886	0.045252	1.640520	-0.138352	-0.794267	0.182063
0.200000	2.160705	0.044234	1.537558	-0.125184	-0.801094	0.190004
0.220000	2.192539	0.044081	1.431847	-0.111869	-0.808219	0.198251
0.240000	2.219514	0.044625	1.323942	-0.098570	-0.815553	0.206725
0.260000	2.241759	0.045699	1.214401	-0.085451	-0.823009	0.215349
0.280000	2.259399	0.047134	1.103780	-0.072674	-0.830499	0.224045
0.300000	2.272563	0.048763	0.992636	-0.060403	-0.837935	0.232737
0.320000	2.281377	0.050418	0.881526	-0.048800	-0.845229	0.241345
0.340000	2.285969	0.051931	0.771006	-0.038029	-0.852294	0.249793
0.360000	2.286466	0.053135	0.661633	-0.028253	-0.859041	0.258003
0.380000	2.282995	0.053862	0.553964	-0.019634	-0.865383	0.265898
0.400000	2.275683	0.053945	0.448555	-0.012336	-0.871232	0.273399
0.420000	2.264658	0.053215	0.345962	-0.006522	-0.876500	0.280430
0.440000	2.250050	0.051577	0.246589	-0.002281	-0.881134	0.286938
0.460000	2.232002	0.049099	0.150501	0.000459	-0.885152	0.292929
0.480000	2.210655	0.045867	0.057717	0.001793	-0.888586	0.298415
0.500000	2.186151	0.041968	-0.031745	0.001814	-0.891466	0.303408
0.520000	2.158634	0.037491	-0.117865	0.000616	-0.893822	0.307920
0.540000	2.128245	0.032523	-0.200623	-0.001707	-0.895685	0.311965
0.560000	2.095126	0.027152	-0.280000	-0.005060	-0.897084	0.315555
0.580000	2.059420	0.021464	-0.355978	-0.009349	-0.898051	0.318702
0.600000	2.021269	0.015548	-0.428536	-0.014480	-0.898615	0.321419
0.620000	1.980816	0.009491	-0.497657	-0.020360	-0.898806	0.323718
0.640000	1.938202	0.003380	-0.563320	-0.026893	-0.898655	0.325612
0.660000	1.893571	-0.002696	-0.625506	-0.033987	-0.898193	0.327113
0.680000	1.847063	-0.008650	-0.684196	-0.041546	-0.897449	0.328233
0.700000	1.798823	-0.014396	-0.739371	-0.049477	-0.896453	0.328986
0.720000	1.748991	-0.019844	-0.791012	-0.057686	-0.895237	0.329383
0.740000	1.697711	-0.024908	-0.839099	-0.066079	-0.893831	0.329437
0.760000	1.645124	-0.029500	-0.883614	-0.074561	-0.892263	0.329161
0.780000	1.591373	-0.033533	-0.924537	-0.083038	-0.890566	0.328567
0.800000	1.536601	-0.036919	-0.961848	-0.091417	-0.888769	0.327668
0.820000	1.480949	-0.039570	-0.995529	-0.099603	-0.886903	0.326475
0.840000	1.424559	-0.041400	-1.025560	-0.107502	-0.884997	0.325002
