0.000000	0.269018	-0.329575	-0.444893	-0.020708	-0.870798	0.339440
0.020000	0.191495	-0.473940	-0.477381	-0.023755	-0.872681	0.342437
0.040000	0.086133	-0.603415	-0.508699	-0.028556	-0.875643	0.346080
0.060000	-0.041944	-0.713770	-0.538927	-0.034820	-0.879495	0.350219
0.080000	-0.187611	-0.800775	-0.568148	-0.042257	-0.884052	0.354705
0.100000	-0.345746	-0.860200	-0.596442	-0.050575	-0.889126	0.359391
0.120000	-0.511225	-0.887814	-0.623890	-0.059485	-0.894529	0.364127
0.140000	-0.678924	-0.879387	-0.650573	-0.068696	-0.900076	0.368766
0.160000	-0.843719	-0.830688	-0.676572	-0.077917	-0.905579	0.373158
0.180000	-1.000488	-0.737488	-0.701969	-0.086859	-0.910851	0.377155
0.200000	-1.144105	-0.595556	-0.726844	-0.095230	-0.915705	0.380608
0.220000	-1.269449	-0.400662	-0.751279	-0.102741	-0.919955	0.383369
0.240000	-1.372015	-0.149755	-0.775288	-0.109128	-0.923433	0.385306
0.260000	-1.451654	0.151939	-0.798415	-0.114324	-0.926125	0.386401
0.280000	-1.510083	0.495653	-0.820006	-0.118345	-0.928081	0.386687
0.300000	-1.549021	0.872604	-0.839402	-0.121206	-0.929348	0.386196
0.320000	-1.570193	1.274013	-0.855949	-0.122923	-0.929977	0.384960
0.340000	-1.575318	1.691097	-0.868988	-0.123513	-0.930015	0.383013
0.360000	-1.566119	2.115075	-0.877863	-0.122990	-0.929513	0.380386
0.380000	-1.544319	2.537166	-0.881919	-0.121373	-0.928520	0.377112
0.400000	-1.511638	2.948588	-0.880497	-0.118675	-0.927084	0.373224
0.420000	-1.469800	3.340561	-0.872942	-0.114913	-0.925255	0.368753
0.440000	-1.420525	3.704302	-0.858596	-0.110104	-0.923082	0.363732
0.460000	-1.365535	4.031031	-0.836804	-0.104263	-0.920614	0.358194
0.480000	-1.306553	4.311966	-0.806908	-0.097406	-0.917900	0.352171
0.500000	-1.245301	4.538325	-0.768252	-0.089548	-0.914990	0.345696
0.520000	-1.183499	4.701329	-0.720179	-0.080707	-0.911931	0.338800
0.540000	-1.122871	4.792194	-0.662033	-0.070898	-0.908774	0.331516
0.560000	-1.065138	4.802140	-0.593157	-0.060137	-0.905568	0.323878
0.580000	-1.012022	4.722386	-0.512894	-0.048439	-0.902362	0.315916
0.600000	-0.965244	4.544150	-0.420587	-0.035822	-0.899204	0.307664
