0.000000	-1.130911	0.458599	-0.706308	-0.222669	-0.977388	0.329712
0.020000	-1.165256	0.590119	-0.837024	-0.230373	-0.981079	0.320750
0.040000	-1.188190	0.704294	-0.956074	-0.236944	-0.984057	0.311731
0.060000	-1.197076	0.796177	-1.060788	-0.242216	-0.986142	0.302821
0.080000	-1.189276	0.860820	-1.148498	-0.246022	-0.987153	0.294186
0.100000	-1.162150	0.893277	-1.216536	-0.248196	-0.986911	0.285990
0.120000	-1.113060	0.888601	-1.262232	-0.248573	-0.985236	0.278400
0.140000	-1.039369	0.841846	-1.282919	-0.246987	-0.981946	0.271580
0.160000	-0.938523	0.748212	-1.275998	-0.243276	-0.976867	0.265693
0.180000	-0.810888	0.607882	-1.241283	-0.237483	-0.970003	0.260794
0.200000	-0.660385	0.427113	-1.181528	-0.229895	-0.961579	0.256807
0.220000	-0.491154	0.212535	-1.099666	-0.220811	-0.951830	0.253648
0.240000	-0.307333	-0.029227	-0.998629	-0.210536	-0.940995	0.251234
0.260000	-0.113060	-0.291544	-0.881349	-0.199369	-0.929310	0.249479
0.280000	0.087526	-0.567790	-0.750758	-0.187613	-0.917012	0.248300
0.300000	0.290288	-0.851336	-0.609789	-0.175570	-0.904338	0.247613
0.320000	0.491087	-1.135556	-0.461375	-0.163540	-0.891525	0.247335
0.340000	0.685784	-1.413823	-0.308447	-0.151827	-0.878809	0.247381
0.360000	0.870242	-1.679508	-0.153937	-0.140730	-0.866429	0.247667
0.380000	1.040321	-1.925985	-0.000779	-0.130553	-0.854620	0.248109
0.400000	1.191884	-2.146626	0.148096	-0.121596	-0.843621	0.248624
0.420000	1.320793	-2.334804	0.289755	-0.114161	-0.833667	0.249127
0.440000	1.422908	-2.483891	0.421266	-0.108551	-0.824996	0.249535
0.460000	1.494092	-2.587261	0.539696	-0.105066	-0.817844	0.249763
0.480000	1.530212	-2.638296	0.642117	-0.104008	-0.812449	0.249728
0.500000	1.529228	-2.633678	0.726474	-0.105507	-0.808949	0.249379
0.520000	1.494174	-2.578098	0.792839	-0.109279	-0.807243	0.248748
0.540000	1.428837	-2.477442	0.841603	-0.114980	-0.807196	0.247878
0.560000	1.337008	-2.337594	0.873154	-0.122263	-0.808673	0.246812
0.580000	1.222477	-2.164436	0.887881	-0.130784	-0.811538	0.245595
0.600000	1.089031	-1.963853	0.886173	-0.140197	-0.815656	0.244269
0.620000	0.940461	-1.741730	0.868421	-0.150157	-0.820890	0.242877
0.640000	0.780555	-1.503950	0.835012	-0.160317	-0.827106	0.241463
0.660000	0.613103	-1.256397	0.786337	-0.170334	-0.834167	0.240072
0.680000	0.441894	-1.004956	0.722783	-0.179861	-0.841938	0.238745
0.700000	0.270717	-0.755510	0.644741	-0.188554	-0.850284	0.237526
0.720000	0.103362	-0.513943	0.552600	-0.196066	-0.859068	0.236459
0.740000	-0.056383	-0.286140	0.446748	-0.202052	-0.868157	0.235587
0.760000	-0.204728	-0.077984	0.327575	-0.206168	-0.877412	0.234954
0.780000	-0.337884	0.104641	0.195471	-0.208068	-0.886700	0.234603
0.800000	-0.453055	0.257485	0.051392	-0.207534	-0.895893	0.234561
0.820000	-0.550596	0.381488	-0.101895	-0.204762	-0.904886	0.234803
0.840000	-0.631489	0.478619	-0.261267	-0.200026	-0.913580	0.235295
0.860000	-0.696715	0.550847	-0.423601	-0.193600	-0.921877	0.236001
0.880000	-0.747254	0.600141	-0.585774	-0.185760	-0.929677	0.236887
0.900000	-0.784089	0.628470	-0.744662	-0.176780	-0.936882	0.237918
0.920000	-0.808200	0.637803	-0.897141	-0.166935	-0.943393	0.239058
0.940000	-0.820568	0.630109	-1.040089	-0.156500	-0.949110	0.240273
0.960000	-0.822175	0.607358	-1.170382	-0.145749	-0.953935	0.241528
