0.000000	0.046182	0.418169	-0.009032	-0.114589	-0.976352	-0.008616
0.020000	0.086240	0.458584	-0.002458	-0.115127	-0.976966	-0.010605
0.040000	0.124105	0.494735	0.003561	-0.115663	-0.977661	-0.012442
0.060000	0.159058	0.525709	0.008971	-0.116205	-0.978425	-0.014092
0.080000	0.190378	0.550592	0.013717	-0.116758	-0.979245	-0.015524
0.100000	0.217346	0.568470	0.017745	-0.117332	-0.980108	-0.016705
0.120000	0.239241	0.578429	0.020999	-0.117934	-0.981004	-0.017601
0.140000	0.255346	0.579563	0.023426	-0.118571	-0.981919	-0.018179
0.160000	0.265255	0.571603	0.024996	-0.119244	-0.982842	-0.018426
0.180000	0.269173	0.555531	0.025733	-0.119942	-0.983762	-0.018363
0.200000	0.267373	0.532473	0.025667	-0.120650	-0.984668	-0.018016
0.220000	0.260128	0.503554	0.024826	-0.121357	-0.985549	-0.017412
0.240000	0.247712	0.469898	0.023239	-0.122047	-0.986396	-0.016575
0.260000	0.230399	0.432631	0.020935	-0.122708	-0.987196	-0.015534
0.280000	0.208462	0.392878	0.017944	-0.123327	-0.987940	-0.014312
0.300000	0.182175	0.351764	0.014294	-0.123889	-0.988616	-0.012937
0.320000	0.151812	0.310415	0.010016	-0.124383	-0.989215	-0.011435
0.340000	0.117645	0.269955	0.005136	-0.124793	-0.989724	-0.009831
0.360000	0.079949	0.231510	-0.000314	-0.125107	-0.990134	-0.008152
0.380000	0.038997	0.196204	-0.006307	-0.125312	-0.990434	-0.006424
0.400000	-0.004937	0.165163	-0.012813	-0.125394	-0.990613	-0.004672
0.420000	-0.051580	0.139512	-0.019802	-0.125339	-0.990660	-0.002923
0.440000	-0.100657	0.120377	-0.027247	-0.125135	-0.990565	-0.001203
0.460000	-0.151887	0.108818	-0.035117	-0.124769	-0.990317	0.000463
0.480000	-0.204818	0.104864	-0.043370	-0.124247	-0.989924	0.002060
0.500000	-0.258868	0.107689	-0.051956	-0.123592	-0.989404	0.003580
0.520000	-0.313446	0.116445	-0.060821	-0.122826	-0.988777	0.005016
0.540000	-0.367965	0.130284	-0.069915	-0.121972	-0.988063	0.006363
0.560000	-0.421835	0.148356	-0.079186	-0.121052	-0.987283	0.007614
0.580000	-0.474469	0.169814	-0.088582	-0.120088	-0.986455	0.008761
0.600000	-0.525276	0.193808	-0.098052	-0.119104	-0.985599	0.009798
0.620000	-0.573670	0.219489	-0.107543	-0.118121	-0.984736	0.010719
0.640000	-0.619060	0.246009	-0.117003	-0.117161	-0.983885	0.011516
0.660000	-0.660858	0.272520	-0.126382	-0.116249	-0.983066	0.012184
0.680000	-0.698475	0.298172	-0.135627	-0.115405	-0.982298	0.012714
0.700000	-0.731324	0.322117	-0.144687	-0.114652	-0.981602	0.013102
0.720000	-0.758815	0.343505	-0.153510	-0.114014	-0.980998	0.013339
0.740000	-0.780359	0.361490	-0.162044	-0.113512	-0.980504	0.013419
0.760000	-0.795367	0.375220	-0.170237	-0.113168	-0.980142	0.013336
0.780000	-0.803259	0.383857	-0.178038	-0.113006	-0.979930	0.013083
0.800000	-0.803929	0.387052	-0.185395	-0.113032	-0.979875	0.012661
0.820000	-0.798031	0.385248	-0.192256	-0.113228	-0.979962	0.012084
0.840000	-0.786287	0.378959	-0.198569	-0.113576	-0.980176	0.011365
0.860000	-0.769421	0.368699	-0.204282	-0.114056	-0.980500	0.010520
0.880000	-0.748155	0.354982	-0.209342	-0.114647	-0.980918	0.009563
0.900000	-0.723212	0.338320	-0.213699	-0.115332	-0.981414	0.008508
0.920000	-0.695313	0.319228	-0.217299	-0.116090	-0.981970	0.007371
0.940000	-0.665182	0.298219	-0.220091	-0.116902	-0.982571	0.006165
0.960000	-0.633541	0.275806	-0.222024	-0.117748	-0.983201	0.004905
0.980000	-0.601113	0.252504	-0.223044	-0.118609	-0.983844	0.003606
1.000000	-0.568621	0.228825	-0.223100	-0.119465	-0.984482	0.002281
1.020000	-0.536787	0.205284	-0.222140	-0.120297	-0.985100	0.000947
1.040000	-0.506333	0.182394	-0.220113	-0.121086	-0.985682	-0.000384
1.060000	-0.477982	0.160669	-0.216965	-0.121811	-0.986211	-0.001696
1.080000	-0.452455	0.140621	-0.212645	-0.122453	-0.986671	-0.002975
1.100000	-0.430204	0.122630	-0.207170	-0.123001	-0.987053	-0.004207
1.120000	-0.411126	0.106801	-0.200690	-0.123458	-0.987368	-0.005380
1.140000	-0.395050	0.093205	-0.193375	-0.123828	-0.987625	-0.006481
1.160000	-0.381804	0.081913	-0.185394	-0.124116	-0.987836	-0.007499
1.180000	-0.371219	0.072997	-0.176917	-0.124328	-0.988011	-0.008422
1.200000	-0.363124	0.066528	-0.168112	-0.124469	-0.988161	-0.009237
1.220000	-0.357347	0.062576	-0.159150	-0.124543	-0.988298	-0.009933
1.240000	-0.353717	0.061214	-0.150198	-0.124556	-0.988432	-0.010497
1.260000	-0.352064	0.062513	-0.141427	-0.124513	-0.988574	-0.010917
1.280000	-0.352217	0.066543	-0.133005	-0.124418	-0.988735	-0.011181
1.300000	-0.354005	0.073377	-0.125102	-0.124277	-0.988926	-0.011278
1.320000	-0.357256	0.083084	-0.117886	-0.124095	-0.989157	-0.011194
1.340000	-0.361801	0.095738	-0.111528	-0.123877	-0.989440	-0.010918
1.360000	-0.367469	0.111408	-0.106196	-0.123627	-0.989786	-0.010437
1.380000	-0.374087	0.130166	-0.102059	-0.123351	-0.990205	-0.009740
1.400000	-0.381486	0.152084	-0.099287	-0.123055	-0.990709	-0.008815
1.420000	-0.389507	0.177122	-0.097997	-0.122741	-0.991303	-0.007657
1.440000	-0.398039	0.204766	-0.098086	-0.122411	-0.991974	-0.006296
1.460000	-0.406988	0.234375	-0.099389	-0.122066	-0.992701	-0.004769
1.480000	-0.416257	0.265306	-0.101742	-0.121704	-0.993466	-0.003115
1.500000	-0.425752	0.296918	-0.104982	-0.121327	-0.994248	-0.001372
1.520000	-0.435375	0.328569	-0.108944	-0.120933	-0.995028	0.000421
1.540000	-0.445032	0.359615	-0.113465	-0.120524	-0.995787	0.002226
1.560000	-0.454628	0.389417	-0.118381	-0.120098	-0.996505	0.004005
1.580000	-0.464065	0.417331	-0.123528	-0.119657	-0.997162	0.005720
1.600000	-0.473249	0.442715	-0.128742	-0.119200	-0.997739	0.007332
1.620000	-0.482083	0.464928	-0.133858	-0.118727	-0.998216	0.008803
1.640000	-0.490473	0.483328	-0.138714	-0.118238	-0.998573	0.010095
1.660000	-0.498322	0.497273	-0.143145	-0.117733	-0.998792	0.011170
1.680000	-0.505534	0.506120	-0.146988	-0.117213	-0.998852	0.011989
1.700000	-0.512015	0.509228	-0.150078	-0.116676	-0.998733	0.012513
1.720000	-0.517668	0.505955	-0.152251	-0.116124	-0.998417	0.012706
