0.000000	-1.219468	0.373973	-0.265057	-0.103340	-0.978520	0.027330
0.020000	-1.241651	0.378778	-0.274955	-0.102685	-0.979513	0.027229
0.040000	-1.251840	0.381111	-0.282110	-0.102031	-0.980528	0.027249
0.060000	-1.251156	0.381061	-0.286706	-0.101382	-0.981556	0.027364
0.080000	-1.240723	0.378716	-0.288926	-0.100744	-0.982586	0.027545
0.100000	-1.221663	0.374164	-0.288954	-0.100123	-0.983609	0.027765
0.120000	-1.195098	0.367492	-0.286971	-0.099523	-0.984613	0.027998
0.140000	-1.162151	0.358789	-0.283161	-0.098951	-0.985588	0.028216
0.160000	-1.123943	0.348142	-0.277708	-0.098410	-0.986525	0.028391
0.180000	-1.081598	0.335640	-0.270793	-0.097907	-0.987413	0.028495
0.200000	-1.036238	0.321371	-0.262601	-0.097447	-0.988242	0.028503
0.220000	-0.988984	0.305422	-0.253314	-0.097035	-0.989001	0.028385
0.240000	-0.940961	0.287882	-0.243115	-0.096677	-0.989681	0.028116
0.260000	-0.893288	0.268839	-0.232187	-0.096377	-0.990271	0.027667
0.280000	-0.847091	0.248380	-0.220713	-0.096141	-0.990761	0.027011
0.300000	-0.803489	0.226593	-0.208877	-0.095975	-0.991140	0.026121
0.320000	-0.763490	0.203586	-0.196858	-0.095883	-0.991400	0.024974
0.340000	-0.727133	0.179617	-0.184816	-0.095860	-0.991543	0.023583
0.360000	-0.693992	0.155023	-0.172899	-0.095897	-0.991576	0.021982
0.380000	-0.663635	0.130138	-0.161255	-0.095986	-0.991508	0.020200
0.400000	-0.635630	0.105298	-0.150033	-0.096118	-0.991344	0.018272
0.420000	-0.609545	0.080838	-0.139382	-0.096284	-0.991094	0.016227
0.440000	-0.584948	0.057093	-0.129449	-0.096476	-0.990764	0.014100
0.460000	-0.561409	0.034400	-0.120384	-0.096684	-0.990361	0.011920
0.480000	-0.538496	0.013092	-0.112334	-0.096901	-0.989895	0.009721
0.500000	-0.515776	-0.006494	-0.105449	-0.097117	-0.989371	0.007535
0.520000	-0.492819	-0.024023	-0.099875	-0.097323	-0.988798	0.005393
0.540000	-0.469193	-0.039159	-0.095763	-0.097512	-0.988183	0.003327
0.560000	-0.444465	-0.051568	-0.093260	-0.097673	-0.987533	0.001369
0.580000	-0.418205	-0.060914	-0.092515	-0.097799	-0.986857	-0.000448
0.600000	-0.389982	-0.066861	-0.093676	-0.097880	-0.986161	-0.002093
0.620000	-0.359362	-0.069074	-0.096892	-0.097908	-0.985453	-0.003534
0.640000	-0.325939	-0.067240	-0.102299	-0.097875	-0.984741	-0.004740
0.660000	-0.289813	-0.061529	-0.109804	-0.097781	-0.984027	-0.005694
0.680000	-0.251577	-0.052572	-0.119085	-0.097634	-0.983314	-0.006395
0.700000	-0.211842	-0.041021	-0.129814	-0.097443	-0.982599	-0.006843
0.720000	-0.171220	-0.027527	-0.141662	-0.097217	-0.981884	-0.007036
0.740000	-0.130322	-0.012741	-0.154301	-0.096965	-0.981169	-0.006974
0.760000	-0.089760	0.002685	-0.167400	-0.096696	-0.980453	-0.006656
0.780000	-0.050145	0.018101	-0.180631	-0.096418	-0.979736	-0.006081
0.800000	-0.012089	0.032854	-0.193666	-0.096142	-0.979019	-0.005249
0.820000	0.023797	0.046294	-0.206175	-0.095874	-0.978302	-0.004158
0.840000	0.056902	0.057769	-0.217830	-0.095626	-0.977584	-0.002809
0.860000	0.086613	0.066628	-0.228301	-0.095404	-0.976866	-0.001199
0.880000	0.112319	0.072220	-0.237259	-0.095219	-0.976148	0.000671
0.900000	0.133408	0.073894	-0.244377	-0.095078	-0.975429	0.002803
0.920000	0.149270	0.070998	-0.249324	-0.094992	-0.974710	0.005197
0.940000	0.159292	0.062881	-0.251771	-0.094968	-0.973991	0.007855
0.960000	0.162982	0.049037	-0.251456	-0.095014	-0.973274	0.010771
0.980000	0.160618	0.029904	-0.248531	-0.095121	-0.972569	0.013908
1.000000	0.152786	0.006298	-0.243317	-0.095275	-0.971894	0.017217
1.020000	0.140073	-0.020968	-0.236138	-0.095461	-0.971265	0.020646
1.040000	0.123066	-0.051076	-0.227314	-0.095667	-0.970698	0.024146
1.060000	0.102350	-0.083212	-0.217166	-0.095877	-0.970207	0.027665
1.080000	0.078513	-0.116560	-0.206018	-0.096077	-0.969811	0.031154
1.100000	0.052142	-0.150305	-0.194190	-0.096254	-0.969525	0.034562
1.120000	0.023822	-0.183631	-0.182003	-0.096393	-0.969364	0.037838
1.140000	-0.005859	-0.215723	-0.169781	-0.096480	-0.969345	0.040933
1.160000	-0.036315	-0.245765	-0.157843	-0.096501	-0.969485	0.043795
1.180000	-0.066958	-0.272941	-0.146513	-0.096441	-0.969798	0.046375
1.200000	-0.097203	-0.296437	-0.136111	-0.096287	-0.970302	0.048621
1.220000	-0.126463	-0.315436	-0.126960	-0.096025	-0.971011	0.050484
1.240000	-0.154151	-0.329124	-0.119381	-0.095639	-0.971944	0.051913
1.260000	-0.179681	-0.336685	-0.113695	-0.095117	-0.973114	0.052857
1.280000	-0.202643	-0.337662	-0.110074	-0.094454	-0.974524	0.053291
1.300000	-0.223054	-0.332466	-0.108321	-0.093671	-0.976139	0.053247
1.320000	-0.240999	-0.321639	-0.108187	-0.092794	-0.977918	0.052766
1.340000	-0.256560	-0.305724	-0.109420	-0.091846	-0.979820	0.051890
1.360000	-0.269820	-0.285263	-0.111771	-0.090852	-0.981807	0.050661
1.380000	-0.280862	-0.260797	-0.114988	-0.089838	-0.983836	0.049120
1.400000	-0.289769	-0.232870	-0.118821	-0.088827	-0.985868	0.047309
1.420000	-0.296624	-0.202023	-0.123020	-0.087846	-0.987862	0.045268
1.440000	-0.301510	-0.168798	-0.127334	-0.086918	-0.989779	0.043040
1.460000	-0.304511	-0.133738	-0.131512	-0.086068	-0.991577	0.040666
1.480000	-0.305708	-0.097385	-0.135304	-0.085321	-0.993216	0.038188
1.500000	-0.305185	-0.060281	-0.138459	-0.084702	-0.994656	0.035646
1.520000	-0.303026	-0.022968	-0.140728	-0.084235	-0.995857	0.033083
1.540000	-0.299312	0.014012	-0.141858	-0.083946	-0.996778	0.030539
1.560000	-0.294127	0.050116	-0.141600	-0.083858	-0.997379	0.028057
1.580000	-0.287555	0.084802	-0.139703	-0.083997	-0.997619	0.025678
1.600000	-0.279678	0.117532	-0.135920	-0.084388	-0.997458	0.023443
1.620000	-0.270657	0.147985	-0.130209	-0.085032	-0.996893	0.021377
1.640000	-0.260769	0.176177	-0.122845	-0.085899	-0.995970	0.019478
1.660000	-0.250299	0.202153	-0.114129	-0.086954	-0.994745	0.017741
1.680000	-0.239534	0.225959	-0.104365	-0.088164	-0.993270	0.016165
1.700000	-0.228760	0.247639	-0.093855	-0.089493	-0.991599	0.014744
1.720000	-0.218265	0.267240	-0.082901	-0.090910	-0.989785	0.013475
1.740000	-0.208333	0.284807	-0.071805	-0.092378	-0.987883	0.012354
1.760000	-0.199252	0.300384	-0.060870	-0.093864	-0.985945	0.011377
1.780000	-0.191309	0.314017	-0.050399	-0.095335	-0.984024	0.010541
1.800000	-0.184788	0.325752	-0.040693	-0.096755	-0.982175	0.009842
1.820000	-0.179978	0.335633	-0.032055	-0.098091	-0.980451	0.009276
1.840000	-0.177164	0.343706	-0.024787	-0.099309	-0.978906	0.008839
1.860000	-0.176632	0.350016	-0.019192	-0.100375	-0.977592	0.008528
1.880000	-0.178670	0.354609	-0.015572	-0.101254	-0.976564	0.008338
1.900000	-0.183563	0.357529	-0.014230	-0.101913	-0.975875	0.008266
1.920000	-0.191599	0.358823	-0.015467	-0.102317	-0.975578	0.008308
1.940000	-0.202915	0.358563	-0.019455	-0.102445	-0.975705	0.008459
