0.000000	-0.235185	0.149247	-0.227047	-0.104217	-0.990937	-0.005634
0.020000	-0.223781	0.146003	-0.218215	-0.104653	-0.990475	-0.004249
0.040000	-0.211374	0.142706	-0.208219	-0.105056	-0.989934	-0.002758
0.060000	-0.198521	0.139395	-0.197383	-0.105425	-0.989332	-0.001197
0.080000	-0.185775	0.136108	-0.186032	-0.105761	-0.988685	0.000398
0.100000	-0.173693	0.132883	-0.174489	-0.106062	-0.988008	0.001991
0.120000	-0.162830	0.129757	-0.163078	-0.106328	-0.987318	0.003546
0.140000	-0.153742	0.126770	-0.152124	-0.106559	-0.986632	0.005027
0.160000	-0.146983	0.123959	-0.141950	-0.106755	-0.985965	0.006399
0.180000	-0.143109	0.121361	-0.132879	-0.106914	-0.985334	0.007625
0.200000	-0.142676	0.119016	-0.125237	-0.107036	-0.984755	0.008670
0.220000	-0.146239	0.116961	-0.119347	-0.107121	-0.984245	0.009498
0.240000	-0.154353	0.115234	-0.115533	-0.107168	-0.983819	0.010072
0.260000	-0.167544	0.113875	-0.114106	-0.107178	-0.983494	0.010359
0.280000	-0.185659	0.112960	-0.115098	-0.107148	-0.983274	0.010359
0.300000	-0.207861	0.112601	-0.118254	-0.107079	-0.983155	0.010104
0.320000	-0.233286	0.112913	-0.123309	-0.106969	-0.983131	0.009631
0.340000	-0.261068	0.114009	-0.129998	-0.106817	-0.983196	0.008975
0.360000	-0.290341	0.116005	-0.138056	-0.106624	-0.983345	0.008171
0.380000	-0.320239	0.119013	-0.147217	-0.106387	-0.983571	0.007254
0.400000	-0.349898	0.123149	-0.157216	-0.106106	-0.983869	0.006261
0.420000	-0.378452	0.128526	-0.167789	-0.105781	-0.984234	0.005226
0.440000	-0.405035	0.135258	-0.178668	-0.105409	-0.984659	0.004185
0.460000	-0.428781	0.143460	-0.189590	-0.104991	-0.985139	0.003173
0.480000	-0.448826	0.153246	-0.200288	-0.104526	-0.985668	0.002226
0.500000	-0.464304	0.164729	-0.210498	-0.104012	-0.986240	0.001378
0.520000	-0.474348	0.178025	-0.219954	-0.103449	-0.986851	0.000667
0.540000	-0.478095	0.193247	-0.228391	-0.102836	-0.987493	0.000125
0.560000	-0.474678	0.210509	-0.235544	-0.102172	-0.988162	-0.000209
0.580000	-0.463413	0.229868	-0.241183	-0.101457	-0.988851	-0.000308
0.600000	-0.444850	0.250993	-0.245328	-0.100699	-0.989547	-0.000178
0.620000	-0.420056	0.273388	-0.248101	-0.099907	-0.990237	0.000159
0.640000	-0.390097	0.296557	-0.249626	-0.099092	-0.990906	0.000679
0.660000	-0.356042	0.320006	-0.250025	-0.098263	-0.991540	0.001361
0.680000	-0.318958	0.343240	-0.249421	-0.097432	-0.992124	0.002182
0.700000	-0.279912	0.365762	-0.247938	-0.096607	-0.992643	0.003119
0.720000	-0.239972	0.387078	-0.245698	-0.095799	-0.993085	0.004149
0.740000	-0.200206	0.406692	-0.242825	-0.095018	-0.993433	0.005250
0.760000	-0.161681	0.424108	-0.239440	-0.094275	-0.993674	0.006400
0.780000	-0.125464	0.438833	-0.235668	-0.093579	-0.993794	0.007575
0.800000	-0.092624	0.450369	-0.231632	-0.092941	-0.993777	0.008754
0.820000	-0.064227	0.458223	-0.227453	-0.092370	-0.993611	0.009913
0.840000	-0.041341	0.461897	-0.223256	-0.091877	-0.993279	0.011029
0.860000	-0.025034	0.460898	-0.219163	-0.091471	-0.992768	0.012082
0.880000	-0.016374	0.454730	-0.215297	-0.091164	-0.992064	0.013047
0.900000	-0.016366	0.442937	-0.211777	-0.090964	-0.991153	0.013902
0.920000	-0.024996	0.425735	-0.208636	-0.090870	-0.990046	0.014637
0.940000	-0.041401	0.403896	-0.205841	-0.090873	-0.988770	0.015248
0.960000	-0.064692	0.378208	-0.203356	-0.090963	-0.987357	0.015733
0.980000	-0.093980	0.349460	-0.201143	-0.091130	-0.985835	0.016088
1.000000	-0.128377	0.318441	-0.199167	-0.091365	-0.984234	0.016312
1.020000	-0.166993	0.285940	-0.197391	-0.091657	-0.982583	0.016401
1.040000	-0.208941	0.252746	-0.195778	-0.091996	-0.980912	0.016353
1.060000	-0.253331	0.219646	-0.194293	-0.092373	-0.979250	0.016165
1.080000	-0.299275	0.187430	-0.192899	-0.092777	-0.977627	0.015834
1.100000	-0.345883	0.156887	-0.191559	-0.093200	-0.976072	0.015359
1.120000	-0.392268	0.128806	-0.190236	-0.093630	-0.974616	0.014735
1.140000	-0.437541	0.103974	-0.188896	-0.094059	-0.973286	0.013960
1.160000	-0.480812	0.083182	-0.187501	-0.094475	-0.972114	0.013033
1.180000	-0.521193	0.067217	-0.186014	-0.094870	-0.971128	0.011949
1.200000	-0.557796	0.056868	-0.184400	-0.095234	-0.970357	0.010706
1.220000	-0.589737	0.052917	-0.182622	-0.095556	-0.969832	0.009302
1.240000	-0.616527	0.055595	-0.180669	-0.095835	-0.969563	0.007746
1.260000	-0.638312	0.064247	-0.178569	-0.096080	-0.969533	0.006061
1.280000	-0.655297	0.078138	-0.176354	-0.096303	-0.969720	0.004277
1.300000	-0.667687	0.096532	-0.174057	-0.096515	-0.970105	0.002419
1.320000	-0.675686	0.118693	-0.171708	-0.096726	-0.970666	0.000516
1.340000	-0.679498	0.143886	-0.169340	-0.096949	-0.971384	-0.001406
1.360000	-0.679328	0.171376	-0.166986	-0.097193	-0.972236	-0.003320
1.380000	-0.675381	0.200426	-0.164676	-0.097470	-0.973204	-0.005199
1.400000	-0.667860	0.230301	-0.162443	-0.097791	-0.974266	-0.007014
1.420000	-0.656971	0.260265	-0.160319	-0.098168	-0.975402	-0.008739
1.440000	-0.642918	0.289583	-0.158336	-0.098611	-0.976591	-0.010348
1.460000	-0.625905	0.317519	-0.156525	-0.099132	-0.977812	-0.011812
1.480000	-0.606137	0.343337	-0.154920	-0.099740	-0.979046	-0.013104
1.500000	-0.583819	0.366303	-0.153550	-0.100449	-0.980270	-0.014198
1.520000	-0.559155	0.385681	-0.152450	-0.101268	-0.981466	-0.015066
1.540000	-0.532396	0.401031	-0.151663	-0.102197	-0.982616	-0.015695
1.560000	-0.503890	0.412523	-0.151262	-0.103207	-0.983714	-0.016098
1.580000	-0.473995	0.420402	-0.151324	-0.104267	-0.984753	-0.016291
1.600000	-0.443072	0.424914	-0.151922	-0.105348	-0.985728	-0.016294
1.620000	-0.411479	0.426305	-0.153134	-0.106419	-0.986633	-0.016121
1.640000	-0.379576	0.424819	-0.155036	-0.107447	-0.987462	-0.015791
1.660000	-0.347722	0.420704	-0.157701	-0.108404	-0.988208	-0.015321
