0.000000	-0.019537	0.427867	-0.223241	-0.092641	-0.981272	0.026892
0.020000	-0.035694	0.437417	-0.224943	-0.092747	-0.982230	0.027157
0.040000	-0.051578	0.445301	-0.225980	-0.092828	-0.983090	0.027168
0.060000	-0.066891	0.451413	-0.226253	-0.092890	-0.983828	0.026903
0.080000	-0.081335	0.455646	-0.225664	-0.092938	-0.984425	0.026340
0.100000	-0.094612	0.457895	-0.224115	-0.092978	-0.984856	0.025456
0.120000	-0.106424	0.458055	-0.221504	-0.093016	-0.985102	0.024228
0.140000	-0.116545	0.456087	-0.217773	-0.093055	-0.985146	0.022644
0.160000	-0.125082	0.452262	-0.213028	-0.093092	-0.985004	0.020741
0.180000	-0.132233	0.446937	-0.207427	-0.093123	-0.984700	0.018567
0.200000	-0.138197	0.440470	-0.201124	-0.093142	-0.984260	0.016171
0.220000	-0.143173	0.433217	-0.194277	-0.093144	-0.983706	0.013603
0.240000	-0.147359	0.425537	-0.187041	-0.093124	-0.983065	0.010910
0.260000	-0.150954	0.417786	-0.179572	-0.093077	-0.982359	0.008143
0.280000	-0.154158	0.410322	-0.172027	-0.092999	-0.981614	0.005350
0.300000	-0.157169	0.403501	-0.164561	-0.092883	-0.980853	0.002581
0.320000	-0.160185	0.397682	-0.157331	-0.092725	-0.980101	-0.000116
0.340000	-0.163406	0.393221	-0.150493	-0.092520	-0.979383	-0.002691
0.360000	-0.167031	0.390476	-0.144203	-0.092264	-0.978722	-0.005097
0.380000	-0.171258	0.389804	-0.138617	-0.091949	-0.978143	-0.007282
0.400000	-0.176285	0.391562	-0.133891	-0.091573	-0.977671	-0.009199
0.420000	-0.182313	0.396108	-0.130182	-0.091129	-0.977329	-0.010799
0.440000	-0.189508	0.403697	-0.127613	-0.090615	-0.977139	-0.012040
0.460000	-0.197846	0.413978	-0.126115	-0.090040	-0.977100	-0.012931
0.480000	-0.207235	0.426372	-0.125547	-0.089419	-0.977202	-0.013497
0.500000	-0.217580	0.440301	-0.125770	-0.088765	-0.977435	-0.013765
0.520000	-0.228787	0.455187	-0.126642	-0.088093	-0.977792	-0.013760
0.540000	-0.240763	0.470452	-0.128023	-0.087416	-0.978262	-0.013509
0.560000	-0.253414	0.485517	-0.129772	-0.086749	-0.978838	-0.013038
0.580000	-0.266646	0.499803	-0.131747	-0.086106	-0.979508	-0.012373
0.600000	-0.280364	0.512733	-0.133809	-0.085501	-0.980265	-0.011540
0.620000	-0.294476	0.523729	-0.135817	-0.084949	-0.981098	-0.010565
0.640000	-0.308888	0.532211	-0.137630	-0.084462	-0.982000	-0.009473
0.660000	-0.323504	0.537601	-0.139108	-0.084056	-0.982960	-0.008292
0.680000	-0.338233	0.539322	-0.140108	-0.083745	-0.983970	-0.007047
0.700000	-0.352979	0.536795	-0.140492	-0.083542	-0.985021	-0.005765
0.720000	-0.367649	0.529441	-0.140118	-0.083462	-0.986102	-0.004470
0.740000	-0.382150	0.516683	-0.138846	-0.083519	-0.987206	-0.003190
0.760000	-0.396386	0.497941	-0.136534	-0.083727	-0.988322	-0.001951
0.780000	-0.410265	0.472638	-0.133042	-0.084100	-0.989442	-0.000778
0.800000	-0.423692	0.440203	-0.128231	-0.084652	-0.990557	0.000303
0.820000	-0.436559	0.400659	-0.122067	-0.085386	-0.991653	0.001275
0.840000	-0.448730	0.355069	-0.114701	-0.086283	-0.992713	0.002140
0.860000	-0.460068	0.304598	-0.106302	-0.087323	-0.993717	0.002902
0.880000	-0.470435	0.250412	-0.097039	-0.088487	-0.994646	0.003564
0.900000	-0.479693	0.193675	-0.087082	-0.089754	-0.995480	0.004129
0.920000	-0.487705	0.135553	-0.076600	-0.091105	-0.996202	0.004601
0.940000	-0.494333	0.077213	-0.065762	-0.092519	-0.996791	0.004983
0.960000	-0.499440	0.019818	-0.054737	-0.093976	-0.997228	0.005278
0.980000	-0.502887	-0.035465	-0.043695	-0.095457	-0.997494	0.005489
1.000000	-0.504538	-0.087471	-0.032804	-0.096940	-0.997571	0.005621
1.020000	-0.504254	-0.135035	-0.022235	-0.098407	-0.997438	0.005676
1.040000	-0.501898	-0.176991	-0.012156	-0.099838	-0.997077	0.005658
1.060000	-0.497332	-0.212173	-0.002736	-0.101211	-0.996469	0.005569
1.080000	-0.490418	-0.239416	0.005854	-0.102508	-0.995594	0.005414
1.100000	-0.481061	-0.257699	0.013455	-0.103708	-0.994439	0.005196
1.120000	-0.469488	-0.267139	0.019969	-0.104796	-0.993036	0.004921
1.140000	-0.456082	-0.268398	0.025330	-0.105760	-0.991440	0.004596
1.160000	-0.441229	-0.262140	0.029472	-0.106585	-0.989703	0.004227
1.180000	-0.425313	-0.249030	0.032330	-0.107259	-0.987881	0.003823
1.200000	-0.408718	-0.229734	0.033836	-0.107768	-0.986027	0.003389
1.220000	-0.391828	-0.204914	0.033926	-0.108099	-0.984196	0.002933
1.240000	-0.375028	-0.175237	0.032534	-0.108238	-0.982441	0.002462
1.260000	-0.358703	-0.141367	0.029593	-0.108173	-0.980817	0.001983
1.280000	-0.343236	-0.103969	0.025037	-0.107889	-0.979378	0.001503
1.300000	-0.329013	-0.063708	0.018801	-0.107375	-0.978177	0.001029
1.320000	-0.316417	-0.021248	0.010819	-0.106615	-0.977269	0.000567
1.340000	-0.305834	0.022746	0.001024	-0.105598	-0.976709	0.000126
1.360000	-0.297648	0.067609	-0.010649	-0.104309	-0.976549	-0.000289
1.380000	-0.292242	0.112676	-0.024266	-0.102736	-0.976844	-0.000670
1.400000	-0.290002	0.157283	-0.039894	-0.100865	-0.977648	-0.001010
1.420000	-0.291133	0.200821	-0.057506	-0.098697	-0.978987	-0.001303
1.440000	-0.295316	0.242844	-0.076813	-0.096276	-0.980799	-0.001548
1.460000	-0.302138	0.282935	-0.097476	-0.093652	-0.983009	-0.001743
1.480000	-0.311184	0.320680	-0.119154	-0.090876	-0.985541	-0.001887
1.500000	-0.322040	0.355663	-0.141509	-0.087999	-0.988320	-0.001978
1.520000	-0.334292	0.387466	-0.164202	-0.085073	-0.991268	-0.002015
1.540000	-0.347527	0.415676	-0.186893	-0.082147	-0.994311	-0.001996
1.560000	-0.361329	0.439875	-0.209243	-0.079274	-0.997372	-0.001921
1.580000	-0.375285	0.459648	-0.230912	-0.076503	-1.000375	-0.001788
1.600000	-0.388980	0.474578	-0.251562	-0.073885	-1.003245	-0.001595
1.620000	-0.402001	0.484251	-0.270854	-0.071473	-1.005906	-0.001342
1.640000	-0.413934	0.488251	-0.288447	-0.069316	-1.008281	-0.001026
1.660000	-0.424364	0.486160	-0.304003	-0.067465	-1.010295	-0.000647
1.680000	-0.432877	0.477564	-0.317182	-0.065971	-1.011872	-0.000203
1.700000	-0.439058	0.462046	-0.327645	-0.064886	-1.012937	0.000307
1.720000	-0.442495	0.439192	-0.335053	-0.064260	-1.013412	0.000884
1.740000	-0.442846	0.408754	-0.339133	-0.064133	-1.013238	0.001527
1.760000	-0.440227	0.371563	-0.340029	-0.064479	-1.012457	0.002212
