0.000000	-0.490506	0.566700	-0.238260	-0.099735	-0.977391	0.009554
0.020000	-0.483749	0.562762	-0.237264	-0.098660	-0.977411	0.009008
0.040000	-0.476203	0.553355	-0.233796	-0.097444	-0.977593	0.008652
0.060000	-0.467767	0.539116	-0.228220	-0.096118	-0.977913	0.008465
0.080000	-0.458339	0.520683	-0.220899	-0.094710	-0.978348	0.008423
0.100000	-0.447816	0.498695	-0.212197	-0.093249	-0.978873	0.008505
0.120000	-0.436097	0.473787	-0.202480	-0.091766	-0.979466	0.008689
0.140000	-0.423080	0.446599	-0.192110	-0.090288	-0.980102	0.008952
0.160000	-0.408662	0.417767	-0.181452	-0.088846	-0.980757	0.009272
0.180000	-0.392742	0.387930	-0.170871	-0.087469	-0.981408	0.009627
0.200000	-0.375219	0.357725	-0.160729	-0.086186	-0.982032	0.009994
0.220000	-0.355989	0.327791	-0.151392	-0.085026	-0.982604	0.010353
0.240000	-0.334951	0.298763	-0.143223	-0.084018	-0.983102	0.010679
0.260000	-0.312003	0.271281	-0.136586	-0.083192	-0.983500	0.010951
0.280000	-0.287043	0.245981	-0.131846	-0.082578	-0.983775	0.011147
0.300000	-0.259970	0.223500	-0.129365	-0.082203	-0.983905	0.011245
0.320000	-0.230864	0.204154	-0.129297	-0.082081	-0.983878	0.011231
0.340000	-0.200140	0.187663	-0.131400	-0.082192	-0.983709	0.011109
0.360000	-0.168254	0.173677	-0.135389	-0.082514	-0.983417	0.010884
0.380000	-0.135661	0.161846	-0.140978	-0.083023	-0.983017	0.010562
0.400000	-0.102816	0.151823	-0.147883	-0.083697	-0.982529	0.010146
0.420000	-0.070173	0.143258	-0.155818	-0.084513	-0.981969	0.009644
0.440000	-0.038187	0.135801	-0.164497	-0.085448	-0.981356	0.009059
0.460000	-0.007313	0.129105	-0.173635	-0.086480	-0.980706	0.008398
0.480000	0.021994	0.122819	-0.182946	-0.087585	-0.980038	0.007665
0.500000	0.049278	0.116595	-0.192146	-0.088741	-0.979369	0.006866
0.520000	0.074086	0.110084	-0.200949	-0.089924	-0.978716	0.006005
0.540000	0.095962	0.102937	-0.209069	-0.091113	-0.978098	0.005089
0.560000	0.114452	0.094804	-0.216221	-0.092284	-0.977531	0.004123
0.580000	0.129100	0.085337	-0.222119	-0.093415	-0.977034	0.003111
0.600000	0.139452	0.074187	-0.226479	-0.094482	-0.976623	0.002059
0.620000	0.145052	0.061004	-0.229015	-0.095463	-0.976317	0.000972
0.640000	0.145610	0.045570	-0.229510	-0.096339	-0.976129	-0.000142
0.660000	0.141480	0.028181	-0.228023	-0.097109	-0.976055	-0.001264
0.680000	0.133174	0.009262	-0.224679	-0.097773	-0.976087	-0.002374
0.700000	0.121206	-0.010765	-0.219603	-0.098333	-0.976217	-0.003448
0.720000	0.106089	-0.031475	-0.212922	-0.098792	-0.976438	-0.004467
0.740000	0.088337	-0.052446	-0.204760	-0.099151	-0.976741	-0.005409
0.760000	0.068462	-0.073254	-0.195244	-0.099412	-0.977118	-0.006253
0.780000	0.046979	-0.093474	-0.184497	-0.099577	-0.977562	-0.006978
0.800000	0.024399	-0.112685	-0.172647	-0.099647	-0.978065	-0.007561
0.820000	0.001236	-0.130462	-0.159818	-0.099625	-0.978619	-0.007983
0.840000	-0.021996	-0.146381	-0.146135	-0.099512	-0.979215	-0.008221
0.860000	-0.044785	-0.160020	-0.131725	-0.099310	-0.979847	-0.008254
0.880000	-0.066617	-0.170954	-0.116713	-0.099021	-0.980505	-0.008061
0.900000	-0.086979	-0.178760	-0.101224	-0.098647	-0.981183	-0.007621
0.920000	-0.105357	-0.183015	-0.085383	-0.098189	-0.981872	-0.006912
0.940000	-0.121321	-0.183376	-0.069349	-0.097651	-0.982565	-0.005922
0.960000	-0.134862	-0.179927	-0.053443	-0.097043	-0.983256	-0.004679
0.980000	-0.146114	-0.172890	-0.038043	-0.096379	-0.983941	-0.003227
1.000000	-0.155206	-0.162486	-0.023525	-0.095673	-0.984615	-0.001609
1.020000	-0.162272	-0.148937	-0.010267	-0.094937	-0.985274	0.000132
1.040000	-0.167442	-0.132465	0.001355	-0.094184	-0.985911	0.001952
1.060000	-0.170848	-0.113292	0.010964	-0.093428	-0.986524	0.003809
1.080000	-0.172622	-0.091639	0.018182	-0.092683	-0.987107	0.005658
1.100000	-0.172896	-0.067729	0.022634	-0.091961	-0.987656	0.007458
1.120000	-0.171800	-0.041783	0.023941	-0.091275	-0.988165	0.009164
1.140000	-0.169467	-0.014024	0.021728	-0.090640	-0.988631	0.010734
1.160000	-0.166028	0.015328	0.015617	-0.090068	-0.989048	0.012124
1.180000	-0.161615	0.046050	0.005232	-0.089573	-0.989411	0.013291
1.200000	-0.156359	0.077921	-0.009805	-0.089168	-0.989717	0.014192
1.220000	-0.150392	0.110718	-0.029870	-0.088866	-0.989960	0.014783
1.240000	-0.143846	0.144220	-0.055341	-0.088680	-0.990136	0.015022
1.260000	-0.136852	0.178205	-0.086593	-0.088624	-0.990240	0.014865
1.280000	-0.129564	0.212416	-0.123544	-0.088706	-0.990267	0.014289
1.300000	-0.122200	0.246487	-0.164649	-0.088918	-0.990211	0.013328
1.320000	-0.114994	0.280027	-0.208072	-0.089249	-0.990066	0.012033
1.340000	-0.108180	0.312648	-0.251979	-0.089689	-0.989826	0.010451
1.360000	-0.101990	0.343960	-0.294535	-0.090226	-0.989486	0.008631
1.380000	-0.096659	0.373575	-0.333905	-0.090850	-0.989040	0.006621
1.400000	-0.092418	0.401102	-0.368253	-0.091550	-0.988480	0.004470
1.420000	-0.089502	0.426154	-0.395745	-0.092314	-0.987802	0.002227
1.440000	-0.088144	0.448339	-0.414547	-0.093133	-0.987000	-0.000061
1.460000	-0.088577	0.467270	-0.422822	-0.093994	-0.986067	-0.002345
1.480000	-0.091034	0.482558	-0.418736	-0.094888	-0.984997	-0.004575
1.500000	-0.095748	0.493812	-0.400455	-0.095802	-0.983785	-0.006705
1.520000	-0.102953	0.500643	-0.366142	-0.096727	-0.982425	-0.008685
1.540000	-0.112882	0.502663	-0.313964	-0.097652	-0.980910	-0.010467
1.560000	-0.125769	0.499483	-0.242085	-0.098565	-0.979235	-0.012002
1.580000	-0.141845	0.490712	-0.148671	-0.099455	-0.977394	-0.013243
