0.000000	-0.483885	0.169786	-0.077585	-0.103875	-0.989566	0.011696
0.020000	-0.523771	0.154106	-0.090130	-0.102804	-0.989064	0.012437
0.040000	-0.559987	0.140053	-0.103281	-0.101703	-0.988564	0.013105
0.060000	-0.592818	0.127653	-0.116686	-0.100597	-0.988062	0.013717
0.080000	-0.622554	0.116931	-0.129991	-0.099510	-0.987555	0.014288
0.100000	-0.649480	0.107914	-0.142844	-0.098468	-0.987038	0.014833
0.120000	-0.673884	0.100629	-0.154889	-0.097493	-0.986507	0.015367
0.140000	-0.696054	0.095100	-0.165775	-0.096612	-0.985960	0.015906
0.160000	-0.716276	0.091354	-0.175147	-0.095848	-0.985391	0.016466
0.180000	-0.734838	0.089418	-0.182653	-0.095227	-0.984798	0.017060
0.200000	-0.752027	0.089316	-0.187938	-0.094772	-0.984176	0.017705
0.220000	-0.768130	0.091076	-0.190649	-0.094508	-0.983522	0.018416
0.240000	-0.783377	0.094708	-0.190506	-0.094456	-0.982833	0.019204
0.260000	-0.797589	0.100126	-0.187729	-0.094610	-0.982113	0.020054
0.280000	-0.810413	0.107198	-0.182758	-0.094951	-0.981369	0.020938
0.300000	-0.821496	0.115796	-0.176031	-0.095463	-0.980608	0.021829
0.320000	-0.830484	0.125787	-0.167987	-0.096127	-0.979838	0.022699
0.340000	-0.837026	0.137043	-0.159065	-0.096926	-0.979066	0.023521
0.360000	-0.840766	0.149432	-0.149703	-0.097841	-0.978299	0.024268
0.380000	-0.841352	0.162825	-0.140341	-0.098855	-0.977544	0.024912
0.400000	-0.838430	0.177090	-0.131418	-0.099950	-0.976808	0.025426
0.420000	-0.831647	0.192098	-0.123373	-0.101109	-0.976099	0.025783
0.440000	-0.820650	0.207718	-0.116643	-0.102313	-0.975424	0.025954
0.460000	-0.805085	0.223819	-0.111669	-0.103545	-0.974790	0.025914
0.480000	-0.784599	0.240272	-0.108890	-0.104787	-0.974204	0.025633
0.500000	-0.758839	0.256946	-0.108743	-0.106021	-0.973673	0.025085
0.520000	-0.727451	0.273711	-0.111668	-0.107230	-0.973205	0.024243
0.540000	-0.690082	0.290436	-0.118104	-0.108395	-0.972807	0.023079
0.560000	-0.646420	0.306991	-0.128460	-0.109499	-0.972485	0.021568
0.580000	-0.596880	0.323250	-0.142619	-0.110533	-0.972243	0.019727
0.600000	-0.542491	0.339088	-0.160021	-0.111490	-0.972077	0.017609
0.620000	-0.484304	0.354383	-0.180090	-0.112367	-0.971986	0.015269
0.640000	-0.423369	0.369012	-0.202249	-0.113160	-0.971968	0.012761
0.660000	-0.360736	0.382849	-0.225923	-0.113863	-0.972021	0.010138
0.680000	-0.297456	0.395774	-0.250537	-0.114474	-0.972143	0.007456
0.700000	-0.234578	0.407661	-0.275515	-0.114986	-0.972331	0.004768
0.720000	-0.173153	0.418387	-0.300280	-0.115397	-0.972585	0.002128
0.740000	-0.114230	0.427829	-0.324258	-0.115701	-0.972901	-0.000409
0.760000	-0.058861	0.435864	-0.346872	-0.115895	-0.973277	-0.002789
0.780000	-0.008095	0.442368	-0.367547	-0.115973	-0.973713	-0.004958
0.800000	0.037017	0.447218	-0.385706	-0.115931	-0.974204	-0.006862
0.820000	0.075426	0.450290	-0.400776	-0.115766	-0.974751	-0.008446
0.840000	0.106081	0.451461	-0.412178	-0.115472	-0.975350	-0.009657
0.860000	0.127932	0.450607	-0.419339	-0.115046	-0.975999	-0.010440
0.880000	0.140153	0.447645	-0.421800	-0.114485	-0.976695	-0.010753
0.900000	0.143172	0.442713	-0.419767	-0.113806	-0.977426	-0.010627
0.920000	0.137850	0.436029	-0.413677	-0.113028	-0.978175	-0.010115
0.940000	0.125053	0.427808	-0.403967	-0.112174	-0.978928	-0.009272
0.960000	0.105642	0.418266	-0.391073	-0.111263	-0.979669	-0.008152
0.980000	0.080482	0.407621	-0.375432	-0.110316	-0.980381	-0.006809
1.000000	0.050437	0.396089	-0.357480	-0.109355	-0.981051	-0.005298
1.020000	0.016369	0.383885	-0.337655	-0.108400	-0.981661	-0.003673
1.040000	-0.020858	0.371227	-0.316392	-0.107473	-0.982197	-0.001987
1.060000	-0.060380	0.358331	-0.294128	-0.106593	-0.982643	-0.000296
1.080000	-0.101335	0.345413	-0.271300	-0.105783	-0.982984	0.001347
1.100000	-0.142857	0.332689	-0.248345	-0.105063	-0.983203	0.002887
1.120000	-0.184085	0.320377	-0.225699	-0.104453	-0.983286	0.004269
1.140000	-0.224154	0.308692	-0.203800	-0.103976	-0.983217	0.005441
1.160000	-0.262201	0.297851	-0.183082	-0.103650	-0.982980	0.006346
1.180000	-0.297364	0.288069	-0.163983	-0.103499	-0.982559	0.006933
1.200000	-0.329040	0.279472	-0.146794	-0.103530	-0.981953	0.007171
1.220000	-0.357176	0.271985	-0.131496	-0.103732	-0.981185	0.007090
1.240000	-0.381791	0.265512	-0.118033	-0.104087	-0.980285	0.006725
1.260000	-0.402904	0.259955	-0.106346	-0.104579	-0.979279	0.006111
1.280000	-0.420536	0.255215	-0.096379	-0.105192	-0.978196	0.005284
1.300000	-0.434704	0.251196	-0.088073	-0.105909	-0.977064	0.004278
1.320000	-0.445429	0.247799	-0.081371	-0.106714	-0.975911	0.003130
1.340000	-0.452728	0.244926	-0.076216	-0.107590	-0.974766	0.001875
1.360000	-0.456622	0.242481	-0.072551	-0.108522	-0.973656	0.000548
1.380000	-0.457129	0.240364	-0.070316	-0.109492	-0.972609	-0.000815
1.400000	-0.454269	0.238479	-0.069456	-0.110484	-0.971654	-0.002180
1.420000	-0.448061	0.236727	-0.069912	-0.111482	-0.970819	-0.003511
1.440000	-0.438523	0.235011	-0.071627	-0.112469	-0.970131	-0.004772
1.460000	-0.425675	0.233232	-0.074543	-0.113429	-0.969619	-0.005928
1.480000	-0.409537	0.231294	-0.078604	-0.114346	-0.969312	-0.006944
1.500000	-0.390126	0.229099	-0.083750	-0.115203	-0.969236	-0.007784
1.520000	-0.367538	0.226582	-0.089915	-0.115985	-0.969412	-0.008422
1.540000	-0.342203	0.223835	-0.096983	-0.116685	-0.969819	-0.008866
1.560000	-0.314644	0.220991	-0.104827	-0.117297	-0.970426	-0.009138
1.580000	-0.285386	0.218185	-0.113319	-0.117817	-0.971201	-0.009259
1.600000	-0.254954	0.215549	-0.122330	-0.118238	-0.972113	-0.009247
1.620000	-0.223872	0.213218	-0.131732	-0.118555	-0.973131	-0.009124
1.640000	-0.192665	0.211326	-0.141399	-0.118763	-0.974223	-0.008910
