0.000000	-0.255353	0.106819	-0.198819	-0.093705	-0.975988	0.013028
0.020000	-0.225703	0.112623	-0.202333	-0.095676	-0.973841	0.013168
0.040000	-0.194205	0.119133	-0.204830	-0.097623	-0.971650	0.012955
0.060000	-0.161365	0.126254	-0.206404	-0.099517	-0.969449	0.012431
0.080000	-0.127686	0.133889	-0.207148	-0.101328	-0.967271	0.011638
0.100000	-0.093674	0.141944	-0.207157	-0.103026	-0.965153	0.010618
0.120000	-0.059834	0.150322	-0.206525	-0.104580	-0.963127	0.009413
0.140000	-0.026671	0.158927	-0.205345	-0.105961	-0.961228	0.008067
0.160000	0.005310	0.167665	-0.203711	-0.107138	-0.959490	0.006621
0.180000	0.035605	0.176438	-0.201718	-0.108082	-0.957948	0.005117
0.200000	0.063708	0.185152	-0.199460	-0.108763	-0.956635	0.003598
0.220000	0.089114	0.193711	-0.197030	-0.109150	-0.955587	0.002106
0.240000	0.111319	0.202019	-0.194522	-0.109214	-0.954837	0.000683
0.260000	0.129817	0.209980	-0.192031	-0.108924	-0.954419	-0.000629
0.280000	0.144117	0.217498	-0.189647	-0.108253	-0.954366	-0.001788
0.300000	0.154009	0.224463	-0.187404	-0.107214	-0.954678	-0.002779
0.320000	0.159565	0.230752	-0.185275	-0.105862	-0.955320	-0.003610
0.340000	0.160865	0.236243	-0.183232	-0.104256	-0.956256	-0.004290
0.360000	0.157991	0.240812	-0.181247	-0.102451	-0.957452	-0.004829
0.380000	0.151024	0.244336	-0.179293	-0.100504	-0.958872	-0.005237
0.400000	0.140045	0.246692	-0.177340	-0.098473	-0.960481	-0.005524
0.420000	0.125137	0.247756	-0.175362	-0.096414	-0.962242	-0.005698
0.440000	0.106381	0.247406	-0.173330	-0.094385	-0.964121	-0.005770
0.460000	0.083857	0.245517	-0.171215	-0.092443	-0.966082	-0.005749
0.480000	0.057648	0.241967	-0.168991	-0.090644	-0.968090	-0.005644
0.500000	0.027835	0.236633	-0.166628	-0.089045	-0.970109	-0.005466
0.520000	-0.005501	0.229391	-0.164100	-0.087704	-0.972104	-0.005223
0.540000	-0.042278	0.220118	-0.161377	-0.086677	-0.974039	-0.004926
0.560000	-0.082414	0.208691	-0.158431	-0.086021	-0.975880	-0.004584
0.580000	-0.125829	0.194987	-0.155236	-0.085794	-0.977590	-0.004206
0.600000	-0.172439	0.178884	-0.151762	-0.086052	-0.979134	-0.003802
0.620000	-0.221925	0.160429	-0.147997	-0.086809	-0.980494	-0.003379
0.640000	-0.273521	0.139995	-0.143961	-0.087997	-0.981681	-0.002941
0.660000	-0.326406	0.117992	-0.139674	-0.089540	-0.982711	-0.002490
0.680000	-0.379763	0.094829	-0.135157	-0.091361	-0.983600	-0.002029
0.700000	-0.432771	0.070916	-0.130434	-0.093383	-0.984362	-0.001560
0.720000	-0.484611	0.046663	-0.125525	-0.095530	-0.985015	-0.001086
0.740000	-0.534465	0.022479	-0.120452	-0.097725	-0.985573	-0.000609
0.760000	-0.581514	-0.001226	-0.115236	-0.099890	-0.986052	-0.000133
0.780000	-0.624938	-0.024043	-0.109899	-0.101950	-0.986468	0.000340
0.800000	-0.663919	-0.045561	-0.104464	-0.103827	-0.986837	0.000809
0.820000	-0.697637	-0.065372	-0.098950	-0.105445	-0.987173	0.001269
0.840000	-0.725273	-0.083066	-0.093381	-0.106726	-0.987494	0.001718
0.860000	-0.746008	-0.098233	-0.087777	-0.107595	-0.987813	0.002154
0.880000	-0.759031	-0.110466	-0.082161	-0.107975	-0.988147	0.002575
0.900000	-0.764040	-0.119588	-0.076582	-0.107838	-0.988504	0.002978
0.920000	-0.761544	-0.125783	-0.071132	-0.107231	-0.988877	0.003367
0.940000	-0.752127	-0.129268	-0.065906	-0.106210	-0.989260	0.003741
0.960000	-0.736373	-0.130261	-0.061001	-0.104830	-0.989646	0.004104
0.980000	-0.714864	-0.128978	-0.056512	-0.103144	-0.990028	0.004457
1.000000	-0.688183	-0.125637	-0.052535	-0.101209	-0.990400	0.004801
1.020000	-0.656915	-0.120456	-0.049166	-0.099079	-0.990755	0.005139
1.040000	-0.621642	-0.113650	-0.046502	-0.096808	-0.991086	0.005472
1.060000	-0.582947	-0.105438	-0.044637	-0.094452	-0.991386	0.005801
1.080000	-0.541414	-0.096037	-0.043669	-0.092065	-0.991649	0.006130
1.100000	-0.497625	-0.085664	-0.043692	-0.089703	-0.991868	0.006458
1.120000	-0.452165	-0.074536	-0.044802	-0.087419	-0.992036	0.006789
1.140000	-0.405616	-0.062871	-0.047097	-0.085270	-0.992147	0.007124
1.160000	-0.358562	-0.050885	-0.050670	-0.083308	-0.992193	0.007464
1.180000	-0.311585	-0.038796	-0.055619	-0.081591	-0.992167	0.007811
1.200000	-0.265270	-0.026822	-0.062039	-0.080171	-0.992064	0.008168
1.220000	-0.220199	-0.015179	-0.070026	-0.079105	-0.991877	0.008535
1.240000	-0.176957	-0.004083	-0.079674	-0.078446	-0.991598	0.008915
1.260000	-0.136236	0.006332	-0.090931	-0.078215	-0.991228	0.009306
1.280000	-0.098896	0.016064	-0.103519	-0.078378	-0.990780	0.009703
1.300000	-0.065811	0.025121	-0.117140	-0.078897	-0.990267	0.010102
1.320000	-0.037857	0.033511	-0.131494	-0.079734	-0.989702	0.010496
1.340000	-0.015909	0.041244	-0.146282	-0.080851	-0.989098	0.010879
1.360000	-0.000842	0.048328	-0.161205	-0.082211	-0.988469	0.011247
1.380000	0.006470	0.054772	-0.175965	-0.083774	-0.987827	0.011593
1.400000	0.005152	0.060583	-0.190263	-0.085503	-0.987186	0.011912
1.420000	-0.005671	0.065772	-0.203799	-0.087359	-0.986559	0.012199
1.440000	-0.026874	0.070346	-0.216276	-0.089306	-0.985960	0.012448
1.460000	-0.059333	0.074314	-0.227393	-0.091303	-0.985401	0.012653
1.480000	-0.103921	0.077685	-0.236852	-0.093314	-0.984895	0.012809
