0.000000	-0.254095	0.292795	-0.091349	-0.092745	-0.991317	0.015556
0.020000	-0.244110	0.297756	-0.091613	-0.092527	-0.990960	0.014884
0.040000	-0.233335	0.298556	-0.092660	-0.092398	-0.990478	0.014510
0.060000	-0.221942	0.295539	-0.094413	-0.092351	-0.989890	0.014410
0.080000	-0.210127	0.289177	-0.096774	-0.092371	-0.989221	0.014551
0.100000	-0.198086	0.279938	-0.099646	-0.092447	-0.988496	0.014896
0.120000	-0.186016	0.268293	-0.102932	-0.092565	-0.987740	0.015412
0.140000	-0.174113	0.254710	-0.106537	-0.092713	-0.986976	0.016062
0.160000	-0.162573	0.239660	-0.110361	-0.092878	-0.986231	0.016812
0.180000	-0.151594	0.223612	-0.114310	-0.093047	-0.985527	0.017627
0.200000	-0.141370	0.207036	-0.118285	-0.093207	-0.984891	0.018472
0.220000	-0.132099	0.190401	-0.122190	-0.093347	-0.984346	0.019312
0.240000	-0.123977	0.174178	-0.125928	-0.093452	-0.983917	0.020111
0.260000	-0.117200	0.158835	-0.129402	-0.093510	-0.983629	0.020835
0.280000	-0.111965	0.144844	-0.132514	-0.093509	-0.983506	0.021448
0.300000	-0.108468	0.132672	-0.135169	-0.093436	-0.983573	0.021916
0.320000	-0.106905	0.122791	-0.137269	-0.093278	-0.983855	0.022203
0.340000	-0.107425	0.115562	-0.138747	-0.093025	-0.984369	0.022284
0.360000	-0.109940	0.110807	-0.139694	-0.092685	-0.985092	0.022181
0.380000	-0.114286	0.108177	-0.140248	-0.092271	-0.985992	0.021929
0.400000	-0.120300	0.107324	-0.140548	-0.091794	-0.987034	0.021565
0.420000	-0.127816	0.107898	-0.140732	-0.091267	-0.988185	0.021125
0.440000	-0.136672	0.109553	-0.140938	-0.090702	-0.989411	0.020647
0.460000	-0.146704	0.111937	-0.141306	-0.090113	-0.990678	0.020165
0.480000	-0.157747	0.114704	-0.141973	-0.089511	-0.991953	0.019718
0.500000	-0.169639	0.117503	-0.143079	-0.088909	-0.993202	0.019340
0.520000	-0.182216	0.119987	-0.144761	-0.088319	-0.994390	0.019069
0.540000	-0.195312	0.121807	-0.147158	-0.087753	-0.995485	0.018941
0.560000	-0.208766	0.122614	-0.150410	-0.087225	-0.996452	0.018992
0.580000	-0.222413	0.122059	-0.154654	-0.086746	-0.997258	0.019258
0.600000	-0.236089	0.119793	-0.160029	-0.086330	-0.997869	0.019777
0.620000	-0.249631	0.115469	-0.166673	-0.085987	-0.998251	0.020583
0.640000	-0.262893	0.108795	-0.174685	-0.085730	-0.998377	0.021706
0.660000	-0.275858	0.099867	-0.183896	-0.085557	-0.998254	0.023114
0.680000	-0.288559	0.088943	-0.194023	-0.085461	-0.997910	0.024751
0.700000	-0.301032	0.076279	-0.204788	-0.085437	-0.997367	0.026561
0.720000	-0.313310	0.062132	-0.215908	-0.085479	-0.996652	0.028488
0.740000	-0.325427	0.046759	-0.227103	-0.085580	-0.995788	0.030478
0.760000	-0.337419	0.030418	-0.238092	-0.085735	-0.994802	0.032474
0.780000	-0.349318	0.013366	-0.248594	-0.085936	-0.993717	0.034421
0.800000	-0.361161	-0.004141	-0.258328	-0.086179	-0.992559	0.036263
0.820000	-0.372981	-0.021846	-0.267013	-0.086457	-0.991353	0.037944
0.840000	-0.384811	-0.039491	-0.274369	-0.086763	-0.990123	0.039409
0.860000	-0.396688	-0.056820	-0.280113	-0.087092	-0.988895	0.040601
0.880000	-0.408645	-0.073576	-0.283967	-0.087438	-0.987693	0.041466
0.900000	-0.420715	-0.089500	-0.285648	-0.087795	-0.986542	0.041947
0.920000	-0.432935	-0.104337	-0.284875	-0.088155	-0.985468	0.041989
0.940000	-0.445337	-0.117830	-0.281368	-0.088514	-0.984494	0.041536
0.960000	-0.457957	-0.129721	-0.274846	-0.088866	-0.983646	0.040533
0.980000	-0.470762	-0.139799	-0.265146	-0.089204	-0.982943	0.038945
1.000000	-0.483448	-0.148039	-0.252579	-0.089527	-0.982376	0.036824
1.020000	-0.495643	-0.154463	-0.237580	-0.089835	-0.981931	0.034243
1.040000	-0.506975	-0.159092	-0.220583	-0.090126	-0.981593	0.031275
1.060000	-0.517071	-0.161949	-0.202020	-0.090400	-0.981349	0.027996
1.080000	-0.525560	-0.163055	-0.182325	-0.090656	-0.981184	0.024477
1.100000	-0.532069	-0.162432	-0.161932	-0.090893	-0.981083	0.020793
1.120000	-0.536226	-0.160102	-0.141274	-0.091110	-0.981031	0.017018
1.140000	-0.537658	-0.156086	-0.120785	-0.091307	-0.981015	0.013224
1.160000	-0.535994	-0.150407	-0.100897	-0.091482	-0.981020	0.009485
1.180000	-0.530862	-0.143087	-0.082046	-0.091635	-0.981031	0.005875
1.200000	-0.521888	-0.134146	-0.064664	-0.091765	-0.981034	0.002468
1.220000	-0.508701	-0.123608	-0.049184	-0.091871	-0.981014	-0.000663
1.240000	-0.490929	-0.111493	-0.036040	-0.091952	-0.980958	-0.003445
1.260000	-0.468199	-0.097824	-0.025667	-0.092008	-0.980850	-0.005803
1.280000	-0.440139	-0.082623	-0.018496	-0.092037	-0.980676	-0.007664
1.300000	-0.406379	-0.065911	-0.014961	-0.092040	-0.980422	-0.008955
1.320000	-0.366929	-0.047767	-0.015276	-0.092015	-0.980081	-0.009637
1.340000	-0.322755	-0.028415	-0.019107	-0.091965	-0.979664	-0.009754
1.360000	-0.274969	-0.008097	-0.026038	-0.091894	-0.979189	-0.009365
1.380000	-0.224683	0.012942	-0.035651	-0.091803	-0.978669	-0.008528
1.400000	-0.173008	0.034458	-0.047529	-0.091696	-0.978120	-0.007302
1.420000	-0.121057	0.056207	-0.061256	-0.091575	-0.977556	-0.005745
1.440000	-0.069940	0.077945	-0.076415	-0.091444	-0.976994	-0.003915
1.460000	-0.020769	0.099428	-0.092588	-0.091304	-0.976449	-0.001870
1.480000	0.025343	0.120413	-0.109360	-0.091158	-0.975935	0.000331
1.500000	0.067286	0.140655	-0.126312	-0.091010	-0.975468	0.002629
1.520000	0.103947	0.159910	-0.143028	-0.090862	-0.975063	0.004968
1.540000	0.134215	0.177934	-0.159091	-0.090716	-0.974736	0.007287
1.560000	0.156978	0.194484	-0.174085	-0.090577	-0.974501	0.009530
1.580000	0.171124	0.209314	-0.187591	-0.090445	-0.974373	0.011637
1.600000	0.175542	0.222183	-0.199194	-0.090324	-0.974369	0.013551
1.620000	0.169576	0.232919	-0.208592	-0.090217	-0.974497	0.015226
