0.000000	-0.219325	0.455066	-0.123336	-0.097855	-0.982322	0.036988
0.020000	-0.190744	0.440870	-0.126321	-0.098915	-0.982035	0.035925
0.040000	-0.158684	0.418432	-0.129047	-0.099817	-0.981727	0.034734
0.060000	-0.123991	0.389017	-0.131551	-0.100576	-0.981413	0.033426
0.080000	-0.087511	0.353886	-0.133869	-0.101208	-0.981106	0.032013
0.100000	-0.050090	0.314305	-0.136039	-0.101731	-0.980822	0.030504
0.120000	-0.012574	0.271535	-0.138098	-0.102159	-0.980575	0.028912
0.140000	0.024192	0.226842	-0.140082	-0.102509	-0.980378	0.027247
0.160000	0.059361	0.181488	-0.142029	-0.102796	-0.980247	0.025519
0.180000	0.092089	0.136736	-0.143975	-0.103038	-0.980196	0.023740
0.200000	0.121528	0.093851	-0.145957	-0.103249	-0.980239	0.021921
0.220000	0.146833	0.054095	-0.148013	-0.103447	-0.980390	0.020072
0.240000	0.167158	0.018732	-0.150179	-0.103646	-0.980664	0.018204
0.260000	0.181657	-0.010973	-0.152493	-0.103864	-0.981076	0.016328
0.280000	0.189485	-0.033759	-0.154990	-0.104116	-0.981638	0.014456
0.300000	0.189795	-0.048361	-0.157708	-0.104417	-0.982367	0.012597
0.320000	0.181743	-0.053517	-0.160685	-0.104785	-0.983276	0.010763
0.340000	0.165001	-0.048623	-0.163925	-0.105228	-0.984365	0.008967
0.360000	0.140688	-0.034912	-0.167349	-0.105733	-0.985597	0.007226
0.380000	0.110171	-0.013930	-0.170862	-0.106283	-0.986926	0.005559
0.400000	0.074816	0.012773	-0.174367	-0.106863	-0.988309	0.003984
0.420000	0.035991	0.043649	-0.177771	-0.107456	-0.989699	0.002519
0.440000	-0.004937	0.077150	-0.180978	-0.108046	-0.991052	0.001184
0.460000	-0.046603	0.111727	-0.183892	-0.108616	-0.992323	-0.000004
0.480000	-0.087638	0.145833	-0.186419	-0.109150	-0.993467	-0.001025
0.500000	-0.126675	0.177920	-0.188463	-0.109632	-0.994440	-0.001861
0.520000	-0.162348	0.206438	-0.189929	-0.110046	-0.995197	-0.002495
0.540000	-0.193290	0.229839	-0.190723	-0.110375	-0.995692	-0.002906
0.560000	-0.218134	0.246576	-0.190748	-0.110603	-0.995881	-0.003077
0.580000	-0.235513	0.255100	-0.189909	-0.110713	-0.995719	-0.002989
0.600000	-0.244059	0.253863	-0.188112	-0.110690	-0.995162	-0.002624
0.620000	-0.242407	0.241316	-0.185262	-0.110517	-0.994163	-0.001962
0.640000	-0.229236	0.215963	-0.181266	-0.110178	-0.992681	-0.000988
0.660000	-0.204668	0.177825	-0.176155	-0.109673	-0.990726	0.000293
0.680000	-0.170462	0.128662	-0.170097	-0.109018	-0.988371	0.001840
0.700000	-0.128470	0.070324	-0.163267	-0.108232	-0.985693	0.003616
0.720000	-0.080543	0.004666	-0.155839	-0.107331	-0.982767	0.005580
0.740000	-0.028531	-0.066461	-0.147990	-0.106334	-0.979670	0.007693
0.760000	0.025714	-0.141203	-0.139893	-0.105258	-0.976479	0.009916
0.780000	0.080341	-0.217708	-0.131726	-0.104121	-0.973268	0.012209
0.800000	0.133501	-0.294123	-0.123662	-0.102942	-0.970116	0.014533
0.820000	0.183340	-0.368596	-0.115878	-0.101736	-0.967097	0.016848
0.840000	0.228009	-0.439273	-0.108547	-0.100523	-0.964289	0.019115
0.860000	0.265657	-0.504302	-0.101846	-0.099320	-0.961767	0.021295
0.880000	0.294433	-0.561831	-0.095950	-0.098144	-0.959607	0.023347
0.900000	0.312485	-0.610007	-0.091033	-0.097014	-0.957887	0.025233
0.920000	0.317963	-0.646976	-0.087272	-0.095947	-0.956681	0.026913
0.940000	0.309016	-0.670887	-0.084841	-0.094961	-0.956067	0.028347
0.960000	0.283798	-0.679891	-0.083915	-0.094074	-0.956121	0.029497
0.980000	0.241569	-0.673117	-0.084565	-0.093297	-0.956873	0.030341
1.000000	0.184095	-0.651906	-0.086628	-0.092628	-0.958255	0.030899
1.020000	0.113485	-0.617904	-0.089907	-0.092063	-0.960183	0.031196
1.040000	0.031848	-0.572757	-0.094208	-0.091600	-0.962573	0.031260
1.060000	-0.058705	-0.518110	-0.099333	-0.091234	-0.965342	0.031115
1.080000	-0.156067	-0.455608	-0.105088	-0.090961	-0.968407	0.030786
1.100000	-0.258126	-0.386896	-0.111276	-0.090777	-0.971685	0.030301
1.120000	-0.362775	-0.313621	-0.117701	-0.090680	-0.975091	0.029684
1.140000	-0.467903	-0.237427	-0.124168	-0.090664	-0.978543	0.028961
1.160000	-0.571402	-0.159961	-0.130481	-0.090727	-0.981957	0.028159
1.180000	-0.671161	-0.082867	-0.136445	-0.090865	-0.985249	0.027302
1.200000	-0.765071	-0.007790	-0.141862	-0.091073	-0.988337	0.026416
1.220000	-0.851023	0.063622	-0.146537	-0.091348	-0.991137	0.025528
1.240000	-0.926907	0.129726	-0.150275	-0.091686	-0.993566	0.024662
1.260000	-0.990616	0.188876	-0.152880	-0.092084	-0.995539	0.023845
1.280000	-1.040714	0.239926	-0.154221	-0.092537	-0.997002	0.023097
1.300000	-1.077765	0.283200	-0.154358	-0.093038	-0.997980	0.022420
1.320000	-1.102698	0.319293	-0.153388	-0.093579	-0.998512	0.021812
1.340000	-1.116442	0.348801	-0.151408	-0.094153	-0.998640	0.021274
1.360000	-1.119925	0.372320	-0.148513	-0.094753	-0.998404	0.020804
1.380000	-1.114076	0.390444	-0.144799	-0.095371	-0.997843	0.020402
1.400000	-1.099825	0.403769	-0.140364	-0.095999	-0.996999	0.020067
1.420000	-1.078101	0.412891	-0.135302	-0.096630	-0.995912	0.019798
1.440000	-1.049832	0.418404	-0.129711	-0.097257	-0.994622	0.019594
1.460000	-1.015947	0.420905	-0.123685	-0.097873	-0.993169	0.019455
1.480000	-0.977376	0.420987	-0.117323	-0.098468	-0.991593	0.019379
1.500000	-0.935047	0.419247	-0.110719	-0.099037	-0.989936	0.019367
1.520000	-0.889889	0.416281	-0.103970	-0.099572	-0.988237	0.019416
1.540000	-0.842832	0.412682	-0.097172	-0.100065	-0.986537	0.019527
1.560000	-0.794804	0.409048	-0.090421	-0.100509	-0.984876	0.019698
1.580000	-0.746734	0.405972	-0.083814	-0.100896	-0.983294	0.019929
