0.000000	-0.106513	0.061299	0.059386	-0.092836	-1.000637	-0.003366
0.020000	-0.124189	0.077632	0.076656	-0.093463	-1.000409	-0.003929
0.040000	-0.144491	0.095273	0.092523	-0.094032	-1.000084	-0.004458
0.060000	-0.167359	0.113937	0.106522	-0.094533	-0.999664	-0.004943
0.080000	-0.192734	0.133336	0.118186	-0.094960	-0.999149	-0.005380
0.100000	-0.220558	0.153184	0.127047	-0.095307	-0.998540	-0.005760
0.120000	-0.250773	0.173194	0.132639	-0.095565	-0.997838	-0.006078
0.140000	-0.283319	0.193078	0.134497	-0.095728	-0.997042	-0.006325
0.160000	-0.318137	0.212550	0.132152	-0.095788	-0.996155	-0.006496
0.180000	-0.355170	0.231324	0.125139	-0.095739	-0.995177	-0.006583
0.200000	-0.394321	0.249120	0.113057	-0.095575	-0.994108	-0.006581
0.220000	-0.435122	0.265746	0.096185	-0.095310	-0.992958	-0.006494
0.240000	-0.476889	0.281059	0.075188	-0.094967	-0.991742	-0.006333
0.260000	-0.518936	0.294918	0.050740	-0.094571	-0.990471	-0.006108
0.280000	-0.560577	0.307179	0.023512	-0.094147	-0.989162	-0.005831
0.300000	-0.601126	0.317700	-0.005824	-0.093719	-0.987826	-0.005511
0.320000	-0.639896	0.326340	-0.036595	-0.093311	-0.986478	-0.005160
0.340000	-0.676201	0.332955	-0.068129	-0.092947	-0.985131	-0.004789
0.360000	-0.709355	0.337403	-0.099754	-0.092652	-0.983800	-0.004407
0.380000	-0.738672	0.339543	-0.130798	-0.092450	-0.982498	-0.004026
0.400000	-0.763465	0.339232	-0.160589	-0.092365	-0.981238	-0.003657
0.420000	-0.783048	0.336327	-0.188454	-0.092423	-0.980035	-0.003310
0.440000	-0.796735	0.330686	-0.213722	-0.092646	-0.978901	-0.002996
0.460000	-0.803840	0.322168	-0.235720	-0.093060	-0.977852	-0.002725
0.480000	-0.803677	0.310629	-0.253777	-0.093689	-0.976900	-0.002508
0.500000	-0.795610	0.295949	-0.267261	-0.094554	-0.976059	-0.002356
0.520000	-0.779730	0.278314	-0.276135	-0.095638	-0.975334	-0.002267
0.540000	-0.756667	0.258137	-0.280801	-0.096892	-0.974724	-0.002233
0.560000	-0.727061	0.235837	-0.281670	-0.098268	-0.974228	-0.002247
0.580000	-0.691555	0.211833	-0.279153	-0.099719	-0.973844	-0.002298
0.600000	-0.650789	0.186542	-0.273662	-0.101195	-0.973572	-0.002379
0.620000	-0.605405	0.160384	-0.265609	-0.102649	-0.973410	-0.002481
0.640000	-0.556045	0.133777	-0.255405	-0.104032	-0.973359	-0.002596
0.660000	-0.503349	0.107140	-0.243462	-0.105296	-0.973415	-0.002714
0.680000	-0.447960	0.080891	-0.230192	-0.106393	-0.973579	-0.002828
0.700000	-0.390519	0.055449	-0.216005	-0.107274	-0.973849	-0.002929
0.720000	-0.331666	0.031232	-0.201314	-0.107892	-0.974225	-0.003008
0.740000	-0.272045	0.008660	-0.186530	-0.108198	-0.974704	-0.003057
0.760000	-0.212295	-0.011851	-0.172065	-0.108143	-0.975287	-0.003067
0.780000	-0.153059	-0.029880	-0.158329	-0.107679	-0.975972	-0.003030
0.800000	-0.094977	-0.045009	-0.145736	-0.106759	-0.976757	-0.002937
0.820000	-0.038666	-0.056915	-0.134617	-0.105349	-0.977640	-0.002781
0.840000	0.015386	-0.065728	-0.124929	-0.103494	-0.978605	-0.002559
0.860000	0.066728	-0.071713	-0.116515	-0.101258	-0.979633	-0.002270
0.880000	0.114906	-0.075135	-0.109219	-0.098707	-0.980704	-0.001915
0.900000	0.159469	-0.076259	-0.102885	-0.095908	-0.981801	-0.001491
0.920000	0.199966	-0.075350	-0.097357	-0.092926	-0.982903	-0.000999
0.940000	0.235945	-0.072675	-0.092477	-0.089826	-0.983992	-0.000437
0.960000	0.266954	-0.068497	-0.088091	-0.086675	-0.985049	0.000195
0.980000	0.292541	-0.063083	-0.084041	-0.083538	-0.986055	0.000899
1.000000	0.312254	-0.056697	-0.080171	-0.080482	-0.986990	0.001674
1.020000	0.325642	-0.049605	-0.076326	-0.077571	-0.987836	0.002521
1.040000	0.332253	-0.042071	-0.072349	-0.074872	-0.988573	0.003442
1.060000	0.331634	-0.034362	-0.068083	-0.072450	-0.989184	0.004438
1.080000	0.323335	-0.026742	-0.063372	-0.070372	-0.989647	0.005508
1.100000	0.306903	-0.019476	-0.058060	-0.068702	-0.989946	0.006654
1.120000	0.281887	-0.012830	-0.051991	-0.067507	-0.990060	0.007876
1.140000	0.247835	-0.007069	-0.045009	-0.066852	-0.989970	0.009175
1.160000	0.204713	-0.002332	-0.037056	-0.066776	-0.989668	0.010549
1.180000	0.153706	0.001610	-0.028364	-0.067233	-0.989170	0.011983
1.200000	0.096217	0.005051	-0.019216	-0.068165	-0.988500	0.013459
1.220000	0.033650	0.008288	-0.009897	-0.069511	-0.987681	0.014963
1.240000	-0.032589	0.011616	-0.000691	-0.071213	-0.986735	0.016477
1.260000	-0.101098	0.015329	0.008120	-0.073212	-0.985685	0.017985
1.280000	-0.170470	0.019722	0.016252	-0.075448	-0.984554	0.019471
1.300000	-0.239303	0.025092	0.023419	-0.077861	-0.983365	0.020917
1.320000	-0.306192	0.031733	0.029340	-0.080393	-0.982140	0.022308
1.340000	-0.369733	0.039940	0.033729	-0.082984	-0.980903	0.023628
1.360000	-0.428520	0.050009	0.036303	-0.085575	-0.979676	0.024859
1.380000	-0.481152	0.062235	0.036779	-0.088107	-0.978483	0.025986
1.400000	-0.526221	0.076912	0.034873	-0.090520	-0.977345	0.026991
1.420000	-0.562326	0.094337	0.030300	-0.092754	-0.976287	0.027859
1.440000	-0.588060	0.114804	0.022777	-0.094752	-0.975330	0.028573
1.460000	-0.602475	0.138423	0.012135	-0.096466	-0.974493	0.029122
1.480000	-0.606359	0.164594	-0.001356	-0.097898	-0.973778	0.029520
1.500000	-0.600921	0.192544	-0.017322	-0.099064	-0.973185	0.029783
1.520000	-0.587370	0.221501	-0.035386	-0.099978	-0.972710	0.029929
1.540000	-0.566914	0.250693	-0.055174	-0.100655	-0.972352	0.029978
1.560000	-0.540761	0.279348	-0.076311	-0.101109	-0.972109	0.029945
1.580000	-0.510121	0.306695	-0.098420	-0.101354	-0.971980	0.029850
1.600000	-0.476200	0.331961	-0.121127	-0.101405	-0.971962	0.029709
1.620000	-0.440208	0.354374	-0.144057	-0.101277	-0.972055	0.029542
1.640000	-0.403353	0.373163	-0.166834	-0.100985	-0.972255	0.029366
1.660000	-0.366843	0.387556	-0.189083	-0.100542	-0.972562	0.029198
1.680000	-0.331887	0.396779	-0.210428	-0.099964	-0.972973	0.029056
1.700000	-0.299693	0.400063	-0.230495	-0.099264	-0.973488	0.028959
1.720000	-0.271469	0.396634	-0.248908	-0.098458	-0.974103	0.028925
