0.000000	0.033779	0.491510	-0.169506	-0.084896	-0.984188	-0.018154
0.020000	0.016258	0.476376	-0.164665	-0.086034	-0.985635	-0.019530
0.040000	-0.005390	0.458698	-0.159979	-0.087197	-0.987110	-0.020865
0.060000	-0.030687	0.439032	-0.155647	-0.088364	-0.988589	-0.022129
0.080000	-0.059153	0.417934	-0.151870	-0.089511	-0.990047	-0.023296
0.100000	-0.090311	0.395958	-0.148847	-0.090615	-0.991459	-0.024335
0.120000	-0.123681	0.373660	-0.146777	-0.091652	-0.992801	-0.025219
0.140000	-0.158786	0.351595	-0.145859	-0.092599	-0.994049	-0.025920
0.160000	-0.195146	0.330318	-0.146294	-0.093433	-0.995176	-0.026408
0.180000	-0.232284	0.310386	-0.148280	-0.094130	-0.996159	-0.026657
0.200000	-0.269719	0.292352	-0.152017	-0.094667	-0.996974	-0.026636
0.220000	-0.306979	0.276693	-0.157647	-0.095025	-0.997599	-0.026325
0.240000	-0.343610	0.263390	-0.164963	-0.095211	-0.998035	-0.025740
0.260000	-0.379170	0.252244	-0.173629	-0.095241	-0.998292	-0.024909
0.280000	-0.413214	0.243057	-0.183307	-0.095130	-0.998381	-0.023865
0.300000	-0.445301	0.235626	-0.193662	-0.094895	-0.998310	-0.022636
0.320000	-0.474985	0.229753	-0.204356	-0.094551	-0.998090	-0.021254
0.340000	-0.501825	0.225238	-0.215052	-0.094116	-0.997730	-0.019749
0.360000	-0.525376	0.221880	-0.225413	-0.093604	-0.997240	-0.018150
0.380000	-0.545196	0.219480	-0.235103	-0.093033	-0.996630	-0.016488
0.400000	-0.560840	0.217837	-0.243785	-0.092417	-0.995909	-0.014794
0.420000	-0.571866	0.216753	-0.251121	-0.091773	-0.995088	-0.013098
0.440000	-0.577830	0.216026	-0.256776	-0.091118	-0.994175	-0.011429
0.460000	-0.578289	0.215456	-0.260412	-0.090466	-0.993181	-0.009819
0.480000	-0.572800	0.214845	-0.261692	-0.089835	-0.992116	-0.008297
0.500000	-0.560919	0.213991	-0.260280	-0.089241	-0.990988	-0.006893
0.520000	-0.542309	0.212722	-0.255886	-0.088697	-0.989810	-0.005636
0.540000	-0.517504	0.211079	-0.248612	-0.088207	-0.988599	-0.004533
0.560000	-0.487459	0.209211	-0.238748	-0.087768	-0.987377	-0.003579
0.580000	-0.453131	0.207266	-0.226587	-0.087378	-0.986166	-0.002772
0.600000	-0.415479	0.205391	-0.212420	-0.087033	-0.984989	-0.002108
0.620000	-0.375461	0.203735	-0.196539	-0.086731	-0.983867	-0.001584
0.640000	-0.334034	0.202446	-0.179236	-0.086469	-0.982822	-0.001196
0.660000	-0.292157	0.201672	-0.160803	-0.086245	-0.981877	-0.000942
0.680000	-0.250788	0.201561	-0.141531	-0.086055	-0.981053	-0.000817
0.700000	-0.210884	0.202262	-0.121713	-0.085896	-0.980373	-0.000819
0.720000	-0.173403	0.203922	-0.101641	-0.085767	-0.979858	-0.000943
0.740000	-0.139303	0.206689	-0.081606	-0.085664	-0.979531	-0.001187
0.760000	-0.109543	0.210712	-0.061900	-0.085584	-0.979414	-0.001548
0.780000	-0.085080	0.216139	-0.042815	-0.085525	-0.979528	-0.002021
0.800000	-0.066873	0.223118	-0.024644	-0.085483	-0.979897	-0.002604
0.820000	-0.055878	0.231797	-0.007677	-0.085457	-0.980541	-0.003292
0.840000	-0.053013	0.242315	0.007800	-0.085443	-0.981481	-0.004083
0.860000	-0.058308	0.254618	0.021642	-0.085438	-0.982703	-0.004962
0.880000	-0.070946	0.268470	0.033843	-0.085439	-0.984161	-0.005902
0.900000	-0.090076	0.283626	0.044398	-0.085440	-0.985805	-0.006878
0.920000	-0.114848	0.299840	0.053304	-0.085438	-0.987587	-0.007863
0.940000	-0.144410	0.316867	0.060559	-0.085429	-0.989458	-0.008832
0.960000	-0.177911	0.334464	0.066159	-0.085410	-0.991371	-0.009759
0.980000	-0.214501	0.352384	0.070101	-0.085376	-0.993276	-0.010617
1.000000	-0.253329	0.370384	0.072383	-0.085323	-0.995125	-0.011382
1.020000	-0.293544	0.388217	0.073001	-0.085247	-0.996870	-0.012025
1.040000	-0.334296	0.405641	0.071952	-0.085145	-0.998462	-0.012523
1.060000	-0.374732	0.422408	0.069233	-0.085013	-0.999853	-0.012848
1.080000	-0.414003	0.438276	0.064841	-0.084845	-1.000994	-0.012976
1.100000	-0.451257	0.452998	0.058774	-0.084640	-1.001836	-0.012878
1.120000	-0.485644	0.466330	0.051027	-0.084392	-1.002332	-0.012531
1.140000	-0.516326	0.478030	0.041600	-0.084098	-1.002434	-0.011908
1.160000	-0.542899	0.487929	0.030586	-0.083761	-1.002130	-0.011018
1.180000	-0.565489	0.495952	0.018187	-0.083395	-1.001454	-0.009908
1.200000	-0.584255	0.502028	0.004614	-0.083010	-1.000442	-0.008630
1.220000	-0.599355	0.506087	-0.009922	-0.082622	-0.999128	-0.007233
1.240000	-0.610948	0.508059	-0.025212	-0.082241	-0.997550	-0.005768
1.260000	-0.619193	0.507872	-0.041045	-0.081882	-0.995742	-0.004285
1.280000	-0.624247	0.505457	-0.057211	-0.081557	-0.993740	-0.002835
1.300000	-0.626269	0.500743	-0.073500	-0.081279	-0.991581	-0.001468
