0.000000	-0.599929	0.217594	-0.138192	-0.090181	-0.989887	0.003309
0.020000	-0.600009	0.229547	-0.137982	-0.089668	-0.990696	0.004284
0.040000	-0.595187	0.240343	-0.136686	-0.089096	-0.991577	0.004973
0.060000	-0.585946	0.250000	-0.134398	-0.088475	-0.992503	0.005398
0.080000	-0.572770	0.258536	-0.131212	-0.087813	-0.993448	0.005579
0.100000	-0.556142	0.265970	-0.127221	-0.087120	-0.994383	0.005539
0.120000	-0.536546	0.272319	-0.122518	-0.086405	-0.995280	0.005300
0.140000	-0.514467	0.277602	-0.117197	-0.085677	-0.996113	0.004882
0.160000	-0.490386	0.281837	-0.111352	-0.084945	-0.996854	0.004307
0.180000	-0.464789	0.285041	-0.105075	-0.084219	-0.997476	0.003597
0.200000	-0.438159	0.287234	-0.098461	-0.083508	-0.997950	0.002774
0.220000	-0.410979	0.288432	-0.091603	-0.082820	-0.998250	0.001859
0.240000	-0.383733	0.288655	-0.084594	-0.082165	-0.998348	0.000874
0.260000	-0.356905	0.287919	-0.077528	-0.081553	-0.998217	-0.000161
0.280000	-0.330979	0.286244	-0.070498	-0.080992	-0.997829	-0.001222
0.300000	-0.306438	0.283648	-0.063598	-0.080492	-0.997156	-0.002289
0.320000	-0.283743	0.280151	-0.056920	-0.080061	-0.996175	-0.003341
0.340000	-0.263058	0.275829	-0.050543	-0.079700	-0.994900	-0.004366
0.360000	-0.244328	0.270791	-0.044532	-0.079404	-0.993373	-0.005358
0.380000	-0.227497	0.265150	-0.038956	-0.079167	-0.991639	-0.006312
0.400000	-0.212506	0.259017	-0.033881	-0.078985	-0.989740	-0.007224
0.420000	-0.199298	0.252503	-0.029373	-0.078853	-0.987721	-0.008087
0.440000	-0.187815	0.245721	-0.025501	-0.078764	-0.985625	-0.008898
0.460000	-0.178000	0.238782	-0.022331	-0.078715	-0.983496	-0.009650
0.480000	-0.169794	0.231798	-0.019929	-0.078699	-0.981377	-0.010338
0.500000	-0.163140	0.224880	-0.018364	-0.078711	-0.979312	-0.010957
0.520000	-0.157980	0.218140	-0.017701	-0.078748	-0.977344	-0.011503
0.540000	-0.154257	0.211690	-0.018008	-0.078802	-0.975517	-0.011969
0.560000	-0.151912	0.205641	-0.019351	-0.078869	-0.973874	-0.012351
0.580000	-0.150889	0.200105	-0.021798	-0.078945	-0.972460	-0.012643
0.600000	-0.151129	0.195193	-0.025416	-0.079023	-0.971317	-0.012840
0.620000	-0.152574	0.191018	-0.030271	-0.079098	-0.970490	-0.012937
0.640000	-0.155160	0.187647	-0.036388	-0.079167	-0.970012	-0.012932
0.660000	-0.158793	0.184947	-0.043592	-0.079233	-0.969874	-0.012832
0.680000	-0.163369	0.182728	-0.051652	-0.079298	-0.970055	-0.012650
0.700000	-0.168785	0.180797	-0.060336	-0.079369	-0.970534	-0.012396
0.720000	-0.174936	0.178963	-0.069414	-0.079449	-0.971288	-0.012082
0.740000	-0.181720	0.177036	-0.078653	-0.079542	-0.972296	-0.011721
0.760000	-0.189032	0.174824	-0.087822	-0.079653	-0.973537	-0.011323
0.780000	-0.196770	0.172137	-0.096690	-0.079787	-0.974990	-0.010900
0.800000	-0.204830	0.168782	-0.105025	-0.079946	-0.976632	-0.010463
0.820000	-0.213108	0.164569	-0.112596	-0.080137	-0.978442	-0.010025
0.840000	-0.221501	0.159306	-0.119172	-0.080362	-0.980399	-0.009597
0.860000	-0.229905	0.152803	-0.124521	-0.080627	-0.982481	-0.009190
0.880000	-0.238217	0.144868	-0.128411	-0.080936	-0.984667	-0.008815
0.900000	-0.246333	0.135310	-0.130612	-0.081292	-0.986934	-0.008486
0.920000	-0.254149	0.123938	-0.130892	-0.081701	-0.989263	-0.008212
0.940000	-0.261564	0.110563	-0.129021	-0.082167	-0.991630	-0.008007
0.960000	-0.268555	0.095222	-0.124968	-0.082688	-0.994012	-0.007874
0.980000	-0.275246	0.078361	-0.119055	-0.083254	-0.996381	-0.007810
1.000000	-0.281776	0.060465	-0.111640	-0.083851	-0.998708	-0.007807
1.020000	-0.288283	0.042021	-0.103084	-0.084469	-1.000965	-0.007861
1.040000	-0.294906	0.023516	-0.093745	-0.085095	-1.003123	-0.007965
1.060000	-0.301785	0.005436	-0.083982	-0.085716	-1.005154	-0.008112
1.080000	-0.309057	-0.011732	-0.074154	-0.086322	-1.007028	-0.008297
1.100000	-0.316861	-0.027502	-0.064621	-0.086899	-1.008718	-0.008513
1.120000	-0.325336	-0.041388	-0.055741	-0.087436	-1.010194	-0.008755
1.140000	-0.334622	-0.052902	-0.047874	-0.087920	-1.011428	-0.009016
1.160000	-0.344856	-0.061559	-0.041379	-0.088340	-1.012392	-0.009291
1.180000	-0.356177	-0.066871	-0.036614	-0.088682	-1.013056	-0.009572
1.200000	-0.368725	-0.068353	-0.033940	-0.088936	-1.013392	-0.009854
1.220000	-0.382637	-0.065517	-0.033715	-0.089089	-1.013372	-0.010132
1.240000	-0.398054	-0.057878	-0.036297	-0.089129	-1.012967	-0.010398
1.260000	-0.415085	-0.044996	-0.042020	-0.089045	-1.012152	-0.010646
1.280000	-0.433449	-0.027144	-0.050806	-0.088842	-1.010943	-0.010874
1.300000	-0.452564	-0.005130	-0.062273	-0.088536	-1.009390	-0.011078
1.320000	-0.471839	0.020224	-0.076028	-0.088144	-1.007546	-0.011255
1.340000	-0.490684	0.048094	-0.091679	-0.087684	-1.005460	-0.011405
1.360000	-0.508511	0.077657	-0.108836	-0.087173	-1.003184	-0.011524
1.380000	-0.524728	0.108093	-0.127106	-0.086628	-1.000769	-0.011609
1.400000	-0.538747	0.138577	-0.146097	-0.086065	-0.998265	-0.011659
1.420000	-0.549978	0.168288	-0.165418	-0.085502	-0.995724	-0.011671
1.440000	-0.557831	0.196402	-0.184678	-0.084956	-0.993196	-0.011643
1.460000	-0.561715	0.222098	-0.203484	-0.084444	-0.990733	-0.011572
1.480000	-0.561042	0.244552	-0.221445	-0.083983	-0.988385	-0.011455
1.500000	-0.555222	0.262942	-0.238169	-0.083590	-0.986204	-0.011292
1.520000	-0.543664	0.276446	-0.253264	-0.083283	-0.984240	-0.011078
1.540000	-0.525779	0.284241	-0.266339	-0.083078	-0.982544	-0.010813
1.560000	-0.500977	0.285504	-0.277002	-0.082992	-0.981167	-0.010492
1.580000	-0.468683	0.279426	-0.284865	-0.083042	-0.980160	-0.010115
