0.000000	-0.487635	0.553379	-0.255693	-0.104276	-1.001416	-0.003002
0.020000	-0.477244	0.578005	-0.253381	-0.104709	-1.002564	-0.005492
0.040000	-0.467379	0.598779	-0.249355	-0.105029	-1.003579	-0.007986
0.060000	-0.458032	0.614952	-0.243828	-0.105231	-1.004442	-0.010454
0.080000	-0.449195	0.625775	-0.237015	-0.105313	-1.005135	-0.012862
0.100000	-0.440861	0.630498	-0.229128	-0.105270	-1.005639	-0.015180
0.120000	-0.433021	0.628370	-0.220381	-0.105099	-1.005935	-0.017376
0.140000	-0.425666	0.618644	-0.210988	-0.104795	-1.006004	-0.019417
0.160000	-0.418789	0.600567	-0.201161	-0.104356	-1.005828	-0.021271
0.180000	-0.412382	0.573392	-0.191114	-0.103777	-1.005387	-0.022908
0.200000	-0.406422	0.536699	-0.181038	-0.103059	-1.004671	-0.024301
0.220000	-0.400835	0.491502	-0.171028	-0.102217	-1.003702	-0.025454
0.240000	-0.395526	0.439206	-0.161152	-0.101270	-1.002512	-0.026378
0.260000	-0.390403	0.381213	-0.151477	-0.100239	-1.001131	-0.027083
0.280000	-0.385375	0.318927	-0.142072	-0.099143	-0.999590	-0.027579
0.300000	-0.380348	0.253753	-0.133004	-0.098003	-0.997923	-0.027878
0.320000	-0.375231	0.187094	-0.124342	-0.096837	-0.996158	-0.027991
0.340000	-0.369930	0.120353	-0.116153	-0.095667	-0.994328	-0.027927
0.360000	-0.364355	0.054934	-0.108507	-0.094510	-0.992465	-0.027698
0.380000	-0.358411	-0.007759	-0.101470	-0.093389	-0.990599	-0.027315
0.400000	-0.352008	-0.066322	-0.095111	-0.092321	-0.988761	-0.026788
0.420000	-0.345052	-0.119353	-0.089498	-0.091328	-0.986984	-0.026128
0.440000	-0.337451	-0.165446	-0.084698	-0.090428	-0.985298	-0.025346
0.460000	-0.329113	-0.203199	-0.080781	-0.089642	-0.983734	-0.024452
0.480000	-0.319945	-0.231208	-0.077813	-0.088990	-0.982325	-0.023457
0.500000	-0.309857	-0.248081	-0.075862	-0.088491	-0.981100	-0.022372
0.520000	-0.298932	-0.253385	-0.074933	-0.088153	-0.980076	-0.021209
0.540000	-0.287546	-0.248310	-0.074921	-0.087963	-0.979243	-0.019985
0.560000	-0.276103	-0.234205	-0.075713	-0.087908	-0.978588	-0.018715
0.580000	-0.265007	-0.212419	-0.077195	-0.087974	-0.978099	-0.017415
0.600000	-0.254662	-0.184302	-0.079252	-0.088147	-0.977763	-0.016103
0.620000	-0.245473	-0.151202	-0.081772	-0.088411	-0.977567	-0.014793
0.640000	-0.237845	-0.114469	-0.084640	-0.088754	-0.977498	-0.013501
0.660000	-0.232181	-0.075450	-0.087743	-0.089161	-0.977545	-0.012245
0.680000	-0.228886	-0.035496	-0.090966	-0.089617	-0.977694	-0.011040
0.700000	-0.228363	0.004044	-0.094195	-0.090110	-0.977933	-0.009902
0.720000	-0.231019	0.041823	-0.097318	-0.090624	-0.978249	-0.008847
0.740000	-0.237256	0.076491	-0.100219	-0.091145	-0.978630	-0.007892
0.760000	-0.247479	0.106698	-0.102785	-0.091660	-0.979063	-0.007052
0.780000	-0.262092	0.131096	-0.104902	-0.092154	-0.979535	-0.006344
0.800000	-0.281500	0.148336	-0.106456	-0.092613	-0.980034	-0.005784
0.820000	-0.306052	0.157169	-0.107343	-0.093024	-0.980547	-0.005386
0.840000	-0.335344	0.157705	-0.107582	-0.093379	-0.981064	-0.005147
0.860000	-0.368435	0.151029	-0.107282	-0.093675	-0.981578	-0.005050
0.880000	-0.404369	0.138248	-0.106552	-0.093911	-0.982079	-0.005078
0.900000	-0.442192	0.120469	-0.105505	-0.094083	-0.982560	-0.005214
0.920000	-0.480949	0.098799	-0.104250	-0.094189	-0.983012	-0.005441
0.940000	-0.519686	0.074346	-0.102898	-0.094226	-0.983426	-0.005742
0.960000	-0.557448	0.048216	-0.101560	-0.094193	-0.983796	-0.006100
0.980000	-0.593280	0.021516	-0.100347	-0.094085	-0.984112	-0.006498
1.000000	-0.626228	-0.004645	-0.099369	-0.093902	-0.984366	-0.006918
1.020000	-0.655338	-0.029163	-0.098736	-0.093640	-0.984550	-0.007343
1.040000	-0.679653	-0.050928	-0.098559	-0.093296	-0.984656	-0.007757
1.060000	-0.698221	-0.068835	-0.098950	-0.092869	-0.984675	-0.008143
1.080000	-0.710085	-0.081776	-0.100018	-0.092356	-0.984599	-0.008483
1.100000	-0.714293	-0.088644	-0.101875	-0.091753	-0.984420	-0.008760
1.120000	-0.709888	-0.088332	-0.104630	-0.091060	-0.984130	-0.008958
1.140000	-0.695935	-0.079752	-0.108393	-0.090272	-0.983720	-0.009059
1.160000	-0.672355	-0.062677	-0.113160	-0.089398	-0.983196	-0.009061
1.180000	-0.640268	-0.038085	-0.118771	-0.088457	-0.982579	-0.008983
1.200000	-0.600883	-0.007044	-0.125057	-0.087470	-0.981893	-0.008845
1.220000	-0.555411	0.029377	-0.131847	-0.086458	-0.981163	-0.008666
1.240000	-0.505060	0.070110	-0.138970	-0.085442	-0.980411	-0.008467
1.260000	-0.451040	0.114087	-0.146255	-0.084443	-0.979661	-0.008267
1.280000	-0.394561	0.160239	-0.153533	-0.083480	-0.978937	-0.008087
1.300000	-0.336832	0.207498	-0.160631	-0.082577	-0.978263	-0.007946
1.320000	-0.279063	0.254797	-0.167381	-0.081752	-0.977663	-0.007864
1.340000	-0.222463	0.301065	-0.173611	-0.081027	-0.977159	-0.007862
1.360000	-0.168242	0.345237	-0.179150	-0.080424	-0.976776	-0.007958
1.380000	-0.117609	0.386242	-0.183828	-0.079962	-0.976537	-0.008174
1.400000	-0.071773	0.423013	-0.187475	-0.079663	-0.976466	-0.008528
1.420000	-0.031945	0.454482	-0.189919	-0.079547	-0.976587	-0.009042
1.440000	0.000672	0.479586	-0.190992	-0.079636	-0.976923	-0.009733
1.460000	0.025440	0.497805	-0.190648	-0.079935	-0.977482	-0.010608
1.480000	0.042730	0.509594	-0.189063	-0.080424	-0.978241	-0.011639
1.500000	0.053023	0.515507	-0.186436	-0.081079	-0.979177	-0.012798
1.520000	0.056795	0.516099	-0.182968	-0.081877	-0.980264	-0.014058
1.540000	0.054526	0.511927	-0.178857	-0.082795	-0.981478	-0.015389
1.560000	0.046695	0.503546	-0.174303	-0.083809	-0.982794	-0.016764
1.580000	0.033779	0.491510	-0.169506	-0.084896	-0.984188	-0.018154
