0.000000	-0.598877	-0.183044	-0.313605	0.281506	-0.851153	0.375207
0.020000	-0.851225	-0.186420	-0.252811	0.284974	-0.850689	0.384796
0.040000	-1.117049	-0.186156	-0.191708	0.288380	-0.850218	0.394578
0.060000	-1.390443	-0.182136	-0.131403	0.291663	-0.849748	0.404353
0.080000	-1.665502	-0.174239	-0.073004	0.294764	-0.849283	0.413918
0.100000	-1.936322	-0.162348	-0.017621	0.297619	-0.848830	0.423071
0.120000	-2.196998	-0.146344	0.033640	0.300170	-0.848397	0.431608
0.140000	-2.441626	-0.126110	0.079669	0.302354	-0.847987	0.439328
0.160000	-2.664300	-0.101526	0.119359	0.304111	-0.847609	0.446027
0.180000	-2.859115	-0.072475	0.151602	0.305380	-0.847268	0.451505
0.200000	-3.020168	-0.038838	0.175288	0.306099	-0.846970	0.455558
0.220000	-3.141552	-0.000497	0.189310	0.306208	-0.846722	0.457983
0.240000	-3.218134	0.042646	0.192755	0.305658	-0.846529	0.458609
0.260000	-3.250413	0.090535	0.186137	0.304489	-0.846385	0.457486
0.280000	-3.241398	0.143046	0.170603	0.302778	-0.846282	0.454763
0.300000	-3.194109	0.200056	0.147307	0.300604	-0.846210	0.450589
0.320000	-3.111566	0.261440	0.117400	0.298047	-0.846160	0.445113
0.340000	-2.996789	0.327075	0.082033	0.295186	-0.846123	0.438486
0.360000	-2.852797	0.396837	0.042358	0.292098	-0.846090	0.430856
0.380000	-2.682611	0.470603	-0.000472	0.288863	-0.846052	0.422373
0.400000	-2.489249	0.548247	-0.045307	0.285559	-0.845999	0.413186
0.420000	-2.275732	0.629646	-0.090995	0.282266	-0.845923	0.403445
0.440000	-2.045080	0.714677	-0.136383	0.279062	-0.845814	0.393300
0.460000	-1.800312	0.803215	-0.180320	0.276025	-0.845662	0.382899
0.480000	-1.544449	0.895137	-0.221655	0.273236	-0.845459	0.372392
0.500000	-1.280510	0.990318	-0.259235	0.270771	-0.845196	0.361929
0.520000	-1.011514	1.088635	-0.291909	0.268711	-0.844864	0.351658
0.540000	-0.740483	1.189964	-0.318525	0.267134	-0.844452	0.341730
