0.000000	0.599563	-1.041730	-1.378600	0.037129	-0.890173	0.383326
0.020000	0.666304	-0.636229	-1.635532	0.034243	-0.877352	0.378158
0.040000	0.734122	-0.209837	-1.874713	0.032453	-0.863185	0.371969
0.060000	0.801924	0.229731	-2.094373	0.031736	-0.848048	0.364960
0.080000	0.868618	0.674759	-2.292742	0.032067	-0.832313	0.357328
0.100000	0.933113	1.117533	-2.468052	0.033423	-0.816354	0.349273
0.120000	0.994316	1.550337	-2.618532	0.035780	-0.800547	0.340993
0.140000	1.051135	1.965455	-2.742413	0.039113	-0.785263	0.332686
0.160000	1.102479	2.355173	-2.837926	0.043399	-0.770878	0.324551
0.180000	1.147256	2.711775	-2.903300	0.048613	-0.757766	0.316787
0.200000	1.184373	3.027546	-2.936767	0.054732	-0.746299	0.309593
0.220000	1.212738	3.294770	-2.936558	0.061731	-0.736853	0.303166
0.240000	1.231260	3.505732	-2.900902	0.069587	-0.729800	0.297706
0.260000	1.238846	3.652717	-2.828029	0.078275	-0.725515	0.293412
0.280000	1.234406	3.728009	-2.716172	0.087772	-0.724372	0.290481
0.300000	1.216845	3.723893	-2.563559	0.098054	-0.726745	0.289113
0.320000	1.185354	3.634602	-2.369324	0.109072	-0.732906	0.289466
0.340000	1.140748	3.465655	-2.137830	0.120645	-0.742547	0.291470
0.360000	1.084424	3.226627	-1.875316	0.132540	-0.755147	0.294971
0.380000	1.017784	2.927098	-1.588027	0.144527	-0.770187	0.299815
0.400000	0.942226	2.576647	-1.282205	0.156372	-0.787148	0.305849
0.420000	0.859152	2.184855	-0.964095	0.167846	-0.805509	0.312919
0.440000	0.769960	1.761302	-0.639939	0.178716	-0.824752	0.320872
0.460000	0.676051	1.315568	-0.315981	0.188750	-0.844357	0.329554
0.480000	0.578825	0.857232	0.001536	0.197718	-0.863803	0.338811
