0.000000	-1.254376	1.376585	-1.495968	0.308424	-0.917223	0.335189
0.020000	-1.196207	1.595241	-1.433992	0.317094	-0.924708	0.329112
0.040000	-1.157036	1.792451	-1.323250	0.327333	-0.934894	0.323402
0.060000	-1.133811	1.965357	-1.169932	0.338915	-0.947336	0.317984
0.080000	-1.123481	2.111100	-0.980230	0.351618	-0.961592	0.312782
0.100000	-1.122994	2.226823	-0.760334	0.365216	-0.977217	0.307721
0.120000	-1.129300	2.309667	-0.516437	0.379487	-0.993767	0.302725
0.140000	-1.139348	2.356775	-0.254729	0.394205	-1.010799	0.297719
0.160000	-1.150086	2.365290	0.018599	0.409147	-1.027868	0.292626
0.180000	-1.158463	2.332352	0.297357	0.424089	-1.044532	0.287372
0.200000	-1.161429	2.255104	0.575351	0.438807	-1.060345	0.281879
0.220000	-1.155932	2.130689	0.846393	0.453077	-1.074865	0.276074
0.240000	-1.138922	1.956248	1.104290	0.466675	-1.087648	0.269879
0.260000	-1.107346	1.728923	1.342852	0.479376	-1.098250	0.263220
0.280000	-1.058269	1.446077	1.556021	0.490960	-1.106238	0.256025
0.300000	-0.991716	1.110748	1.741215	0.501282	-1.111482	0.248321
0.320000	-0.910863	0.732013	1.899542	0.510279	-1.114172	0.240244
0.340000	-0.819038	0.319244	2.032292	0.517891	-1.114515	0.231934
0.360000	-0.719572	-0.118189	2.140754	0.524061	-1.112715	0.223529
0.380000	-0.615792	-0.570916	2.226218	0.528728	-1.108978	0.215171
0.400000	-0.511028	-1.029565	2.289973	0.531833	-1.103510	0.206999
0.420000	-0.408608	-1.484766	2.333307	0.533318	-1.096518	0.199153
0.440000	-0.311862	-1.927149	2.357511	0.533122	-1.088205	0.191772
0.460000	-0.224118	-2.347341	2.363874	0.531188	-1.078779	0.184997
0.480000	-0.148705	-2.735974	2.353684	0.527455	-1.068444	0.178968
0.500000	-0.088952	-3.083675	2.328231	0.521864	-1.057408	0.173824
0.520000	-0.048189	-3.381075	2.288805	0.514357	-1.045874	0.169704
0.540000	-0.029743	-3.618803	2.236694	0.504875	-1.034050	0.166750
0.560000	-0.036944	-3.787487	2.173187	0.493357	-1.022140	0.165101
0.580000	-0.073121	-3.877758	2.099575	0.479745	-1.010351	0.164897
0.600000	-0.140948	-3.881809	2.017133	0.464020	-0.998873	0.166246
0.620000	-0.238300	-3.803294	1.927034	0.446466	-0.987795	0.169028
0.640000	-0.360917	-3.650966	1.830408	0.427498	-0.977155	0.173022
0.660000	-0.504530	-3.433601	1.728385	0.407532	-0.966995	0.178007
0.680000	-0.664869	-3.159975	1.622094	0.386985	-0.957355	0.183759
0.700000	-0.837667	-2.838865	1.512664	0.366274	-0.948274	0.190057
0.720000	-1.018653	-2.479046	1.401224	0.345816	-0.939794	0.196679
0.740000	-1.203558	-2.089294	1.288903	0.326025	-0.931954	0.203402
0.760000	-1.388113	-1.678385	1.176831	0.307321	-0.924794	0.210006
0.780000	-1.568048	-1.255095	1.066137	0.290118	-0.918355	0.216267
0.800000	-1.739095	-0.828201	0.957950	0.274833	-0.912677	0.221964
0.820000	-1.896985	-0.406478	0.853399	0.261884	-0.907800	0.226875
0.840000	-2.037447	0.001299	0.753613	0.251686	-0.903765	0.230777
0.860000	-2.156213	0.386352	0.659722	0.244656	-0.900611	0.233449
0.880000	-2.249013	0.739905	0.572855	0.241211	-0.898378	0.234669
0.900000	-2.311582	1.053188	0.494141	0.241766	-0.897108	0.234214
0.920000	-2.341487	1.319894	0.424453	0.246530	-0.896805	0.231969
0.940000	-2.341308	1.540452	0.363969	0.255134	-0.897379	0.228100
0.960000	-2.314470	1.716430	0.312746	0.267118	-0.898724	0.222826
0.980000	-2.264396	1.849393	0.270846	0.282019	-0.900733	0.216364
1.000000	-2.194513	1.940909	0.238327	0.299374	-0.903302	0.208930
1.020000	-2.108245	1.992543	0.215248	0.318720	-0.906322	0.200742
1.040000	-2.009017	2.005864	0.201669	0.339595	-0.909690	0.192016
1.060000	-1.900254	1.982437	0.197648	0.361537	-0.913297	0.182970
1.080000	-1.785381	1.923830	0.203246	0.384083	-0.917039	0.173821
1.100000	-1.667823	1.831609	0.218520	0.406771	-0.920808	0.164786
1.120000	-1.551004	1.707340	0.243532	0.429138	-0.924499	0.156081
1.140000	-1.438350	1.552591	0.278339	0.450721	-0.928006	0.147925
1.160000	-1.333286	1.368927	0.323001	0.471058	-0.931223	0.140533
1.180000	-1.239236	1.157917	0.377578	0.489686	-0.934042	0.134124
1.200000	-1.159626	0.921126	0.442128	0.506144	-0.936359	0.128913
1.220000	-1.097880	0.660122	0.516711	0.519968	-0.938067	0.125119
1.240000	-1.056802	0.376876	0.601126	0.530769	-0.939076	0.122918
1.260000	-1.035573	0.075726	0.693658	0.538585	-0.939387	0.122258
1.280000	-1.032062	-0.238134	0.792044	0.543607	-0.939036	0.123003
1.300000	-1.044138	-0.559508	0.894020	0.546028	-0.938058	0.125016
1.320000	-1.069668	-0.883204	0.997321	0.546039	-0.936488	0.128161
1.340000	-1.106520	-1.204024	1.099683	0.543833	-0.934361	0.132302
1.360000	-1.152563	-1.516776	1.198843	0.539602	-0.931712	0.137302
