0.000000	-1.636629	0.534026	-0.813267	0.424006	-0.858384	0.275193
0.020000	-1.507100	0.534863	-0.657095	0.426149	-0.850214	0.273301
0.040000	-1.363932	0.512572	-0.517647	0.427301	-0.844018	0.271398
0.060000	-1.210226	0.470062	-0.394080	0.427527	-0.839601	0.269500
0.080000	-1.049086	0.410245	-0.285551	0.426894	-0.836766	0.267625
0.100000	-0.883615	0.336032	-0.191220	0.425467	-0.835319	0.265787
0.120000	-0.716915	0.250334	-0.110242	0.423312	-0.835062	0.264002
0.140000	-0.552088	0.156061	-0.041777	0.420495	-0.835800	0.262287
0.160000	-0.392239	0.056124	0.015018	0.417081	-0.837338	0.260657
0.180000	-0.240468	-0.046566	0.060986	0.413136	-0.839478	0.259129
0.200000	-0.099880	-0.149097	0.096967	0.408725	-0.842027	0.257717
0.220000	0.026423	-0.248560	0.123805	0.403915	-0.844787	0.256438
0.240000	0.135339	-0.342043	0.142342	0.398771	-0.847563	0.255308
0.260000	0.223764	-0.426635	0.153419	0.393359	-0.850159	0.254343
0.280000	0.288596	-0.499425	0.157880	0.387744	-0.852380	0.253559
0.300000	0.326732	-0.557503	0.156565	0.381993	-0.854028	0.252971
0.320000	0.335100	-0.597979	0.150316	0.376170	-0.854911	0.252596
0.340000	0.312988	-0.619551	0.139821	0.370334	-0.854940	0.252439
0.360000	0.263665	-0.623602	0.125512	0.364530	-0.854206	0.252495
0.380000	0.190786	-0.611772	0.107796	0.358803	-0.852818	0.252754
0.400000	0.098002	-0.585702	0.087080	0.353196	-0.850885	0.253208
0.420000	-0.011032	-0.547031	0.063773	0.347754	-0.848517	0.253847
0.440000	-0.132663	-0.497401	0.038280	0.342521	-0.845822	0.254662
0.460000	-0.263237	-0.438451	0.011011	0.337540	-0.842908	0.255645
0.480000	-0.399102	-0.371821	-0.017628	0.332857	-0.839885	0.256787
0.500000	-0.536604	-0.299153	-0.047230	0.328515	-0.836862	0.258079
0.520000	-0.672090	-0.222087	-0.077386	0.324558	-0.833948	0.259513
0.540000	-0.801906	-0.142262	-0.107691	0.321030	-0.831250	0.261078
0.560000	-0.922400	-0.061319	-0.137735	0.317977	-0.828879	0.262767
