0.000000	0.479681	0.395874	0.306369	0.205386	-0.882572	0.348489
0.020000	0.380020	-0.058924	0.592274	0.211525	-0.900144	0.358436
0.040000	0.281240	-0.497585	0.853008	0.215901	-0.915998	0.368497
0.060000	0.184743	-0.910527	1.082327	0.218284	-0.929617	0.378520
0.080000	0.091928	-1.288170	1.273988	0.218441	-0.940479	0.388349
0.100000	0.004194	-1.620935	1.421748	0.216142	-0.948065	0.397832
0.120000	-0.077062	-1.899259	1.519378	0.211156	-0.951858	0.406815
0.140000	-0.151236	-2.117095	1.563487	0.203421	-0.951604	0.415179
0.160000	-0.219472	-2.276151	1.556948	0.193256	-0.947638	0.422881
0.180000	-0.283148	-2.379169	1.503470	0.181025	-0.940374	0.429889
0.200000	-0.343640	-2.428892	1.406762	0.167097	-0.930223	0.436168
0.220000	-0.402325	-2.428062	1.270531	0.151838	-0.917600	0.441687
0.240000	-0.460581	-2.379422	1.098488	0.135614	-0.902916	0.446411
0.260000	-0.519785	-2.285716	0.894340	0.118792	-0.886585	0.450309
0.280000	-0.581313	-2.149685	0.661797	0.101740	-0.869019	0.453348
0.300000	-0.646543	-1.974072	0.404566	0.084822	-0.850632	0.455493
0.320000	-0.716851	-1.761621	0.126358	0.068407	-0.831836	0.456713
0.340000	-0.793616	-1.515073	-0.169120	0.052861	-0.813045	0.456974
0.360000	-0.878213	-1.237172	-0.478159	0.038550	-0.794670	0.456244
0.380000	-0.972020	-0.930659	-0.797050	0.025841	-0.777125	0.454489
0.400000	-1.076414	-0.598279	-1.122084	0.015102	-0.760823	0.451677
0.420000	-1.192773	-0.242773	-1.449553	0.006697	-0.746177	0.447774
0.440000	-1.322358	0.133022	-1.775740	0.000981	-0.733586	0.442752
0.460000	-1.464147	0.524415	-2.096792	-0.001982	-0.723186	0.436668
