0.000000	-0.827813	-0.179731	0.228754	0.140819	-0.840726	0.432536
0.020000	-0.794843	-0.240602	0.296454	0.142655	-0.840747	0.425659
0.040000	-0.757844	-0.298458	0.360073	0.144342	-0.840620	0.418766
0.060000	-0.717277	-0.351306	0.417781	0.145844	-0.840365	0.412007
0.080000	-0.673606	-0.397150	0.467743	0.147124	-0.840001	0.405531
0.100000	-0.627294	-0.433994	0.508131	0.148143	-0.839549	0.399487
0.120000	-0.578804	-0.459845	0.537110	0.148865	-0.839029	0.394025
0.140000	-0.528598	-0.472708	0.552851	0.149252	-0.838462	0.389293
0.160000	-0.477141	-0.470587	0.553520	0.149266	-0.837868	0.385442
0.180000	-0.424895	-0.451665	0.537457	0.148873	-0.837265	0.382609
0.200000	-0.372340	-0.416485	0.505231	0.148085	-0.836659	0.380793
0.220000	-0.319965	-0.367248	0.458992	0.146944	-0.836046	0.379896
0.240000	-0.268257	-0.306196	0.400920	0.145493	-0.835421	0.379814
0.260000	-0.217706	-0.235566	0.333199	0.143775	-0.834779	0.380447
0.280000	-0.168801	-0.157598	0.258008	0.141834	-0.834114	0.381692
0.300000	-0.122030	-0.074532	0.177530	0.139712	-0.833423	0.383447
0.320000	-0.077883	0.011394	0.093947	0.137454	-0.832701	0.385611
0.340000	-0.036848	0.097940	0.009439	0.135102	-0.831942	0.388081
0.360000	0.000586	0.182867	-0.073811	0.132699	-0.831142	0.390756
0.380000	0.033930	0.263936	-0.153621	0.130290	-0.830296	0.393534
0.400000	0.062695	0.338908	-0.227811	0.127916	-0.829400	0.396313
0.420000	0.086392	0.405543	-0.294198	0.125621	-0.828448	0.398991
0.440000	0.104532	0.461603	-0.350602	0.123449	-0.827436	0.401467
0.460000	0.116628	0.504847	-0.394839	0.121442	-0.826359	0.403638
0.480000	0.122189	0.533038	-0.424730	0.119645	-0.825213	0.405403
0.500000	0.120737	0.543974	-0.438130	0.118099	-0.823991	0.406661
0.520000	0.112258	0.537208	-0.434587	0.116822	-0.822700	0.407383
0.540000	0.097375	0.514693	-0.415975	0.115799	-0.821357	0.407634
0.560000	0.076757	0.478562	-0.384336	0.115010	-0.819978	0.407489
0.580000	0.051073	0.430942	-0.341710	0.114436	-0.818583	0.407022
0.600000	0.020992	0.373966	-0.290140	0.114059	-0.817190	0.406305
0.620000	-0.012815	0.309763	-0.231667	0.113859	-0.815816	0.405413
