0.000000	-0.344537	0.534114	-0.082303	0.368668	-0.876592	0.230475
0.020000	-0.218673	0.559442	-0.082108	0.368091	-0.877496	0.227707
0.040000	-0.089365	0.579016	-0.082665	0.367486	-0.878423	0.225199
0.060000	0.038320	0.592964	-0.083627	0.366865	-0.879342	0.223074
0.080000	0.159316	0.601414	-0.084648	0.366239	-0.880218	0.221456
0.100000	0.268558	0.604495	-0.085381	0.365621	-0.881020	0.220470
0.120000	0.360980	0.602335	-0.085480	0.365022	-0.881713	0.220237
0.140000	0.431515	0.595063	-0.084599	0.364454	-0.882265	0.220883
0.160000	0.475099	0.582808	-0.082390	0.363928	-0.882642	0.222531
0.180000	0.486664	0.565698	-0.078507	0.363457	-0.882811	0.225305
0.200000	0.461481	0.543880	-0.072639	0.363051	-0.882742	0.229317
0.220000	0.400102	0.517779	-0.065006	0.362708	-0.882444	0.234508
0.240000	0.307282	0.488043	-0.056258	0.362413	-0.881958	0.240683
0.260000	0.187893	0.455326	-0.047055	0.362154	-0.881328	0.247640
0.280000	0.046809	0.420283	-0.038055	0.361915	-0.880596	0.255182
0.300000	-0.111099	0.383568	-0.029920	0.361684	-0.879804	0.263107
0.320000	-0.280958	0.345834	-0.023310	0.361446	-0.878995	0.271216
0.340000	-0.457895	0.307737	-0.018884	0.361187	-0.878212	0.279309
0.360000	-0.637039	0.269929	-0.017302	0.360894	-0.877496	0.287187
0.380000	-0.813517	0.233066	-0.019224	0.360552	-0.876891	0.294649
0.400000	-0.982456	0.197802	-0.025311	0.360148	-0.876439	0.301495
0.420000	-1.138985	0.164790	-0.036222	0.359667	-0.876182	0.307526
0.440000	-1.278230	0.134686	-0.052617	0.359096	-0.876163	0.312543
0.460000	-1.395320	0.108142	-0.075156	0.358421	-0.876425	0.316344
0.480000	-1.485382	0.085814	-0.104500	0.357628	-0.877009	0.318731
0.500000	-1.543701	0.068333	-0.141269	0.356704	-0.877958	0.319511
0.520000	-1.569277	0.055822	-0.185173	0.355661	-0.879267	0.318663
0.540000	-1.564881	0.047882	-0.234998	0.354538	-0.880890	0.316345
0.560000	-1.533452	0.044094	-0.289486	0.353372	-0.882777	0.312719
0.580000	-1.477930	0.044038	-0.347380	0.352204	-0.884879	0.307949
0.600000	-1.401253	0.047292	-0.407424	0.351071	-0.887148	0.302198
0.620000	-1.306361	0.053437	-0.468362	0.350013	-0.889533	0.295630
0.640000	-1.196193	0.062052	-0.528936	0.349069	-0.891987	0.288408
0.660000	-1.073688	0.072716	-0.587891	0.348278	-0.894459	0.280696
0.680000	-0.941785	0.085010	-0.643968	0.347679	-0.896901	0.272658
0.700000	-0.803424	0.098513	-0.695913	0.347310	-0.899263	0.264456
