0.000000	-1.559056	-4.807788	1.249229	0.166431	-0.852958	0.224062
0.020000	-1.496255	-4.816797	1.173330	0.152673	-0.847575	0.223818
0.040000	-1.411629	-4.762614	1.083621	0.144012	-0.842967	0.224013
0.060000	-1.306674	-4.638301	0.979652	0.141072	-0.839302	0.224658
0.080000	-1.184587	-4.447030	0.862427	0.143645	-0.836556	0.225715
0.100000	-1.049390	-4.196885	0.733658	0.151119	-0.834614	0.227121
0.120000	-0.905110	-3.895983	0.595060	0.162882	-0.833360	0.228816
0.140000	-0.755775	-3.552441	0.448351	0.178320	-0.832677	0.230737
0.160000	-0.605414	-3.174376	0.295247	0.196818	-0.832449	0.232821
0.180000	-0.458053	-2.769904	0.137465	0.217764	-0.832560	0.235008
0.200000	-0.317721	-2.347142	-0.023280	0.240544	-0.832893	0.237234
0.220000	-0.188446	-1.914207	-0.185271	0.264544	-0.833332	0.239438
0.240000	-0.074256	-1.479215	-0.346791	0.289151	-0.833760	0.241558
0.260000	0.020823	-1.050284	-0.506125	0.313750	-0.834062	0.243531
0.280000	0.092762	-0.635531	-0.661554	0.337729	-0.834120	0.245296
0.300000	0.137532	-0.243072	-0.811364	0.360473	-0.833819	0.246791
0.320000	0.151107	0.118977	-0.953838	0.381369	-0.833043	0.247953
0.340000	0.129459	0.442497	-1.087258	0.399804	-0.831674	0.248721
0.360000	0.068560	0.719375	-1.209910	0.415164	-0.829597	0.249032
0.380000	-0.033667	0.943675	-1.320408	0.427037	-0.826755	0.248868
0.400000	-0.173472	1.115989	-1.418354	0.435618	-0.823270	0.248340
0.420000	-0.346017	1.238125	-1.503537	0.441215	-0.819298	0.247584
0.440000	-0.546466	1.311893	-1.575744	0.444133	-0.814993	0.246734
0.460000	-0.769982	1.339098	-1.634765	0.444681	-0.810510	0.245926
0.480000	-1.011727	1.321550	-1.680385	0.443165	-0.806006	0.245296
0.500000	-1.266864	1.261057	-1.712394	0.439893	-0.801636	0.244979
0.520000	-1.530556	1.159426	-1.730579	0.435171	-0.797554	0.245110
0.540000	-1.797967	1.018466	-1.734729	0.429306	-0.793917	0.245824
0.560000	-2.064259	0.839985	-1.724630	0.422606	-0.790879	0.247258
0.580000	-2.324594	0.625790	-1.700071	0.415378	-0.788595	0.249546
0.600000	-2.574137	0.377691	-1.660839	0.407929	-0.787221	0.252823
0.620000	-2.808050	0.097494	-1.606723	0.400565	-0.786913	0.257226
0.640000	-3.021495	-0.212992	-1.537511	0.393594	-0.787825	0.262889
0.660000	-3.209636	-0.551959	-1.452989	0.387324	-0.790113	0.269948
0.680000	-3.367635	-0.917599	-1.352947	0.382060	-0.793932	0.278538
0.700000	-3.491496	-1.307604	-1.237501	0.378065	-0.799399	0.288754
0.720000	-3.582623	-1.716438	-1.108879	0.375309	-0.806382	0.300428
0.740000	-3.644567	-2.137292	-0.970149	0.373645	-0.814654	0.313287
0.760000	-3.680878	-2.563351	-0.824381	0.372927	-0.823985	0.327061
0.780000	-3.695112	-2.987799	-0.674644	0.373009	-0.834145	0.341476
0.800000	-3.690820	-3.403823	-0.524007	0.373744	-0.844905	0.356261
0.820000	-3.671556	-3.804607	-0.375539	0.374986	-0.856036	0.371143
0.840000	-3.640874	-4.183338	-0.232310	0.376589	-0.867309	0.385851
0.860000	-3.602326	-4.533200	-0.097388	0.378406	-0.878494	0.400111
0.880000	-3.559466	-4.847379	0.026156	0.380291	-0.889363	0.413653
0.900000	-3.515847	-5.119061	0.135253	0.382097	-0.899685	0.426203
0.920000	-3.475021	-5.341430	0.226835	0.383679	-0.909231	0.437491
0.940000	-3.440544	-5.507673	0.297831	0.384889	-0.917773	0.447242
0.960000	-3.415967	-5.610975	0.345174	0.385582	-0.925081	0.455187
0.980000	-3.404843	-5.644520	0.365792	0.385611	-0.930926	0.461051
1.000000	-3.410161	-5.602606	0.357101	0.384849	-0.935102	0.464596
1.020000	-3.429997	-5.489173	0.320716	0.383330	-0.937618	0.465859
1.040000	-3.459899	-5.313124	0.260413	0.381174	-0.938588	0.465020
1.060000	-3.495399	-5.083399	0.179984	0.378499	-0.938131	0.462263
1.080000	-3.532026	-4.808942	0.083223	0.375425	-0.936362	0.457769
1.100000	-3.565308	-4.498695	-0.026078	0.372072	-0.933399	0.451721
