0.000000	1.539894	-1.450088	0.237864	0.349465	-0.901653	0.194303
0.020000	1.621225	-1.391781	0.214612	0.353035	-0.902874	0.193019
0.040000	1.688549	-1.321123	0.189109	0.356538	-0.903949	0.192070
0.060000	1.738843	-1.238251	0.161615	0.359878	-0.904858	0.191489
0.080000	1.769087	-1.143302	0.132389	0.362956	-0.905581	0.191312
0.100000	1.776262	-1.036412	0.101690	0.365675	-0.906098	0.191573
0.120000	1.757345	-0.917718	0.069776	0.367937	-0.906387	0.192305
0.140000	1.709316	-0.787358	0.036907	0.369645	-0.906430	0.193545
0.160000	1.629158	-0.645468	0.003341	0.370700	-0.906206	0.195326
0.180000	1.515549	-0.492724	-0.030719	0.371043	-0.905704	0.197659
0.200000	1.371835	-0.331276	-0.065225	0.370717	-0.904939	0.200491
0.220000	1.202153	-0.163524	-0.100157	0.369785	-0.903932	0.203757
0.240000	1.010642	0.008128	-0.135493	0.368308	-0.902702	0.207394
0.260000	0.801440	0.181281	-0.171213	0.366347	-0.901270	0.211335
0.280000	0.578685	0.353532	-0.207294	0.363964	-0.899655	0.215518
0.300000	0.346516	0.522480	-0.243715	0.361221	-0.897878	0.219878
0.320000	0.109070	0.685723	-0.280456	0.358179	-0.895958	0.224349
0.340000	-0.129514	0.840860	-0.317496	0.354901	-0.893915	0.228868
0.360000	-0.365098	0.985490	-0.354812	0.351447	-0.891770	0.233371
0.380000	-0.593543	1.117212	-0.392385	0.347879	-0.889541	0.237792
0.400000	-0.810713	1.233623	-0.430192	0.344259	-0.887250	0.242067
0.420000	-1.012467	1.332322	-0.468213	0.340649	-0.884916	0.246133
0.440000	-1.194669	1.410908	-0.506426	0.337110	-0.882559	0.249923
0.460000	-1.353179	1.466979	-0.544810	0.333703	-0.880200	0.253375
0.480000	-1.483861	1.498134	-0.583345	0.330491	-0.877857	0.256423
0.500000	-1.582604	1.501995	-0.622005	0.327534	-0.875551	0.259004
0.520000	-1.647768	1.478114	-0.660541	0.324877	-0.873302	0.261090
0.540000	-1.681974	1.429385	-0.698311	0.322529	-0.871130	0.262718
0.560000	-1.688270	1.359031	-0.734633	0.320500	-0.869054	0.263932
0.580000	-1.669702	1.270277	-0.768825	0.318796	-0.867094	0.264773
0.600000	-1.629318	1.166347	-0.800207	0.317428	-0.865269	0.265287
0.620000	-1.570164	1.050466	-0.828098	0.316402	-0.863600	0.265515
