0.000000	-0.012815	0.309763	-0.231667	0.113859	-0.815816	0.405413
0.020000	-0.049681	0.240463	-0.168334	0.113818	-0.814479	0.404419
0.040000	-0.088936	0.168197	-0.102181	0.113918	-0.813198	0.403397
0.060000	-0.129911	0.095094	-0.035251	0.114139	-0.811991	0.402420
0.080000	-0.171936	0.023285	0.030415	0.114462	-0.810875	0.401563
0.100000	-0.214342	-0.045100	0.092776	0.114869	-0.809869	0.400898
0.120000	-0.256460	-0.107931	0.149789	0.115340	-0.808991	0.400499
0.140000	-0.297621	-0.163078	0.199413	0.115858	-0.808259	0.400440
0.160000	-0.337156	-0.208410	0.239605	0.116403	-0.807690	0.400795
0.180000	-0.374395	-0.241797	0.268326	0.116956	-0.807304	0.401637
0.200000	-0.408670	-0.261111	0.283533	0.117498	-0.807117	0.403040
0.220000	-0.439553	-0.265123	0.284055	0.118015	-0.807138	0.405040
0.240000	-0.467285	-0.255099	0.271121	0.118500	-0.807347	0.407569
0.260000	-0.492222	-0.232730	0.246370	0.118952	-0.807718	0.410541
0.280000	-0.514721	-0.199707	0.211445	0.119364	-0.808226	0.413873
0.300000	-0.535135	-0.157724	0.167984	0.119735	-0.808846	0.417477
0.320000	-0.553821	-0.108472	0.117630	0.120061	-0.809553	0.421269
0.340000	-0.571136	-0.053642	0.062021	0.120337	-0.810322	0.425163
0.360000	-0.587433	0.005074	0.002799	0.120561	-0.811128	0.429074
0.380000	-0.603070	0.065983	-0.058397	0.120729	-0.811945	0.432917
0.400000	-0.618401	0.127394	-0.119924	0.120836	-0.812749	0.436605
0.420000	-0.633782	0.187615	-0.180144	0.120881	-0.813513	0.440054
0.440000	-0.649570	0.244955	-0.237415	0.120858	-0.814214	0.443179
0.460000	-0.666119	0.297720	-0.290097	0.120765	-0.814826	0.445893
0.480000	-0.683785	0.344221	-0.336550	0.120598	-0.815324	0.448111
0.500000	-0.702924	0.382764	-0.375133	0.120352	-0.815683	0.449749
0.520000	-0.723667	0.412106	-0.404691	0.120029	-0.815887	0.450750
