0.000000	-0.745326	0.432634	-0.425829	0.119639	-0.815955	0.451161
0.020000	-0.767027	0.445105	-0.439554	0.119197	-0.815916	0.451055
0.040000	-0.787897	0.450277	-0.446875	0.118716	-0.815796	0.450505
0.060000	-0.807063	0.448906	-0.448798	0.118212	-0.815624	0.449583
0.080000	-0.823651	0.441750	-0.446330	0.117699	-0.815426	0.448360
0.100000	-0.836787	0.429566	-0.440478	0.117190	-0.815230	0.446910
0.120000	-0.845598	0.413112	-0.432249	0.116700	-0.815063	0.445305
0.140000	-0.849211	0.393145	-0.422651	0.116243	-0.814954	0.443616
0.160000	-0.846751	0.370421	-0.412690	0.115834	-0.814929	0.441916
0.180000	-0.837346	0.345699	-0.403373	0.115487	-0.815015	0.440278
0.200000	-0.820122	0.319736	-0.395708	0.115215	-0.815241	0.438774
0.220000	-0.794205	0.293288	-0.390702	0.115034	-0.815634	0.437475
0.240000	-0.758722	0.267113	-0.389361	0.114958	-0.816221	0.436454
0.260000	-0.712799	0.241968	-0.392693	0.115000	-0.817030	0.435784
0.280000	-0.655563	0.218611	-0.401705	0.115176	-0.818088	0.435537
0.300000	-0.586399	0.197743	-0.417181	0.115495	-0.819417	0.435774
0.320000	-0.506749	0.179611	-0.438138	0.115935	-0.820993	0.436473
0.340000	-0.419033	0.164252	-0.462749	0.116460	-0.822774	0.437572
0.360000	-0.325680	0.151697	-0.489182	0.117031	-0.824713	0.439007
0.380000	-0.229116	0.141981	-0.515605	0.117613	-0.826767	0.440716
0.400000	-0.131770	0.135135	-0.540185	0.118168	-0.828892	0.442635
0.420000	-0.036068	0.131194	-0.561093	0.118658	-0.831041	0.444703
0.440000	0.055561	0.130190	-0.576494	0.119046	-0.833173	0.446856
0.460000	0.140691	0.132156	-0.584558	0.119296	-0.835240	0.449031
0.480000	0.216894	0.137126	-0.583452	0.119369	-0.837200	0.451166
0.500000	0.281742	0.145131	-0.571345	0.119229	-0.839008	0.453198
0.520000	0.332808	0.156206	-0.546405	0.118839	-0.840618	0.455063
0.540000	0.367664	0.170384	-0.506799	0.118161	-0.841988	0.456700
0.560000	0.383883	0.187697	-0.450696	0.117158	-0.843071	0.458045
0.580000	0.379037	0.208179	-0.376264	0.115793	-0.843824	0.459036
0.600000	0.350700	0.231862	-0.281671	0.114028	-0.844203	0.459609
0.620000	0.296594	0.258769	-0.165228	0.111830	-0.844164	0.459705
0.640000	0.217562	0.288698	-0.028216	0.109217	-0.843716	0.459320
0.660000	0.117378	0.321237	0.125299	0.106257	-0.842913	0.458508
0.680000	-0.000071	0.355965	0.291140	0.103021	-0.841811	0.457322
0.700000	-0.130899	0.392462	0.465133	0.099581	-0.840465	0.455815
0.720000	-0.271218	0.430306	0.643101	0.096008	-0.838932	0.454041
0.740000	-0.417141	0.469079	0.820869	0.092371	-0.837267	0.452055
