0.000000	-0.109597	0.887629	-1.052296	0.143661	-0.900834	0.377295
0.020000	-0.178739	0.855401	-1.037899	0.141632	-0.900996	0.380828
0.040000	-0.241321	0.815632	-1.015955	0.138885	-0.900300	0.384311
0.060000	-0.296330	0.768981	-0.987718	0.135535	-0.898846	0.387714
0.080000	-0.342751	0.716107	-0.954444	0.131699	-0.896735	0.391010
0.100000	-0.379573	0.657668	-0.917387	0.127490	-0.894068	0.394169
0.120000	-0.405780	0.594322	-0.877802	0.123025	-0.890945	0.397162
0.140000	-0.420361	0.526727	-0.836945	0.118418	-0.887469	0.399961
0.160000	-0.422300	0.455541	-0.796071	0.113785	-0.883740	0.402536
0.180000	-0.410585	0.381422	-0.756434	0.109241	-0.879858	0.404859
0.200000	-0.384203	0.305030	-0.719290	0.104901	-0.875924	0.406902
0.220000	-0.342139	0.227021	-0.685894	0.100880	-0.872040	0.408634
0.240000	-0.283381	0.148055	-0.657500	0.097293	-0.868307	0.410027
0.260000	-0.206914	0.068789	-0.635364	0.094257	-0.864824	0.411054
0.280000	-0.112266	-0.010122	-0.620436	0.091868	-0.861680	0.411693
0.300000	-0.001858	-0.088040	-0.612024	0.090134	-0.858886	0.411978
0.320000	0.120918	-0.164333	-0.608891	0.089034	-0.856429	0.411958
0.340000	0.252670	-0.238369	-0.609799	0.088543	-0.854295	0.411682
0.360000	0.390008	-0.309517	-0.613508	0.088639	-0.852471	0.411200
0.380000	0.529540	-0.377145	-0.618782	0.089300	-0.850944	0.410562
0.400000	0.667874	-0.440621	-0.624380	0.090502	-0.849700	0.409817
0.420000	0.801620	-0.499314	-0.629064	0.092223	-0.848727	0.409015
0.440000	0.927385	-0.552591	-0.631597	0.094440	-0.848011	0.408204
0.460000	1.041779	-0.599820	-0.630740	0.097130	-0.847539	0.407435
0.480000	1.141409	-0.640371	-0.625253	0.100271	-0.847297	0.406757
0.500000	1.222885	-0.673611	-0.613899	0.103838	-0.847272	0.406220
0.520000	1.282815	-0.698908	-0.595439	0.107811	-0.847451	0.405873
0.540000	1.317807	-0.715631	-0.568635	0.112165	-0.847821	0.405765
0.560000	1.324470	-0.723148	-0.532249	0.116879	-0.848368	0.405946
0.580000	1.299413	-0.720827	-0.485041	0.121929	-0.849079	0.406466
0.600000	1.239633	-0.708109	-0.425932	0.127289	-0.849940	0.407369
0.620000	1.146951	-0.685338	-0.355821	0.132895	-0.850925	0.408644
0.640000	1.026457	-0.653470	-0.276944	0.138654	-0.852004	0.410240
0.660000	0.883300	-0.613472	-0.191564	0.144474	-0.853142	0.412105
0.680000	0.722631	-0.566312	-0.101943	0.150263	-0.854308	0.414189
0.700000	0.549600	-0.512956	-0.010343	0.155930	-0.855470	0.416439
0.720000	0.369359	-0.454373	0.080973	0.161381	-0.856594	0.418805
0.740000	0.187057	-0.391529	0.169744	0.166525	-0.857649	0.421236
0.760000	0.007845	-0.325392	0.253706	0.171269	-0.858602	0.423680
0.780000	-0.163126	-0.256930	0.330599	0.175522	-0.859420	0.426085
0.800000	-0.320706	-0.187109	0.398159	0.179191	-0.860072	0.428402
0.820000	-0.459746	-0.116896	0.454124	0.182183	-0.860524	0.430577
0.840000	-0.575093	-0.047260	0.496232	0.184407	-0.860745	0.432560
0.860000	-0.661598	0.020833	0.522221	0.185771	-0.860702	0.434300
0.880000	-0.714110	0.086415	0.529828	0.186182	-0.860362	0.435745
0.900000	-0.727752	0.148539	0.516937	0.185555	-0.859695	0.436847
0.920000	-0.702532	0.206626	0.484041	0.183918	-0.858706	0.437603
0.940000	-0.642691	0.260413	0.433889	0.181398	-0.857429	0.438053
0.960000	-0.552605	0.309649	0.369306	0.178127	-0.855899	0.438235
0.980000	-0.436653	0.354082	0.293116	0.174236	-0.854151	0.438190
1.000000	-0.299214	0.393460	0.208145	0.169854	-0.852223	0.437957
1.020000	-0.144664	0.427532	0.117216	0.165113	-0.850148	0.437576
1.040000	0.022618	0.456045	0.023155	0.160144	-0.847963	0.437088
1.060000	0.198254	0.478748	-0.071215	0.155078	-0.845703	0.436531
1.080000	0.377866	0.495389	-0.163069	0.150045	-0.843403	0.435945
1.100000	0.557077	0.505717	-0.249582	0.145176	-0.841099	0.435370
1.120000	0.731507	0.509480	-0.327929	0.140602	-0.838827	0.434847
1.140000	0.896779	0.506425	-0.395287	0.136454	-0.836622	0.434414
1.160000	1.048515	0.496302	-0.448830	0.132862	-0.834520	0.434112
1.180000	1.182337	0.478858	-0.485734	0.129958	-0.832555	0.433979
1.200000	1.293867	0.453842	-0.503175	0.127871	-0.830764	0.434057
1.220000	1.379472	0.421161	-0.498965	0.126707	-0.829177	0.434377
1.240000	1.439777	0.381630	-0.474565	0.126412	-0.827792	0.434925
