0.000000	1.541767	5.726493	-2.811899	0.369699	-0.871137	0.246490
0.020000	1.625288	5.283912	-2.771444	0.364856	-0.864560	0.248855
0.040000	1.675839	4.859322	-2.727793	0.359983	-0.858062	0.251713
0.060000	1.694493	4.463855	-2.681235	0.355308	-0.851791	0.254962
0.080000	1.682324	4.108642	-2.632058	0.351064	-0.845895	0.258501
0.100000	1.640407	3.804817	-2.580552	0.347480	-0.840523	0.262230
0.120000	1.569813	3.563510	-2.527006	0.344786	-0.835823	0.266046
0.140000	1.471886	3.393874	-2.471715	0.343171	-0.831919	0.269863
0.160000	1.349628	3.292764	-2.415026	0.342567	-0.828794	0.273676
0.180000	1.206681	3.252316	-2.357302	0.342808	-0.826374	0.277511
0.200000	1.046687	3.264659	-2.298906	0.343725	-0.824587	0.281398
0.220000	0.873290	3.321920	-2.240203	0.345153	-0.823358	0.285362
0.240000	0.690132	3.416226	-2.181555	0.346923	-0.822615	0.289431
0.260000	0.500855	3.539705	-2.123328	0.348869	-0.822283	0.293634
0.280000	0.309102	3.684485	-2.065885	0.350824	-0.822291	0.297997
0.300000	0.118516	3.842692	-2.009589	0.352621	-0.822563	0.302547
0.320000	-0.067260	4.006455	-1.954804	0.354092	-0.823028	0.307313
0.340000	-0.244584	4.167901	-1.901895	0.355071	-0.823611	0.312322
0.360000	-0.409812	4.319157	-1.851224	0.355389	-0.824239	0.317601
0.380000	-0.559304	4.452351	-1.803156	0.354882	-0.824840	0.323177
0.400000	-0.689415	4.559610	-1.758055	0.353380	-0.825339	0.329079
0.420000	-0.796503	4.633063	-1.716284	0.350718	-0.825663	0.335333
0.440000	-0.876925	4.664836	-1.678206	0.346727	-0.825739	0.341967
0.460000	-0.927271	4.647558	-1.644168	0.341255	-0.825498	0.349004
0.480000	-0.947598	4.581326	-1.614243	0.334343	-0.824939	0.356406
0.500000	-0.940624	4.471973	-1.588295	0.326184	-0.824110	0.364087
0.520000	-0.909135	4.325480	-1.566182	0.316976	-0.823065	0.371961
0.540000	-0.855917	4.147826	-1.547764	0.306914	-0.821853	0.379939
0.560000	-0.783758	3.944992	-1.532899	0.296196	-0.820527	0.387935
0.580000	-0.695443	3.722957	-1.521446	0.285019	-0.819136	0.395862
0.600000	-0.593760	3.487701	-1.513263	0.273579	-0.817734	0.403633
0.620000	-0.481494	3.245205	-1.508210	0.262072	-0.816370	0.411161
0.640000	-0.361432	3.001448	-1.506146	0.250697	-0.815096	0.418359
0.660000	-0.236361	2.762410	-1.506928	0.239649	-0.813963	0.425140
0.680000	-0.109067	2.534072	-1.510416	0.229126	-0.813023	0.431417
0.700000	0.017664	2.322412	-1.516469	0.219324	-0.812327	0.437102
0.720000	0.141044	2.133412	-1.524945	0.210440	-0.811926	0.442109
0.740000	0.258288	1.973051	-1.535704	0.202671	-0.811871	0.446351
0.760000	0.366609	1.847310	-1.548603	0.196213	-0.812214	0.449741
0.780000	0.463606	1.760985	-1.563638	0.191227	-0.812991	0.452215
0.800000	0.548791	1.712992	-1.581480	0.187687	-0.814166	0.453832
0.820000	0.622272	1.700420	-1.603011	0.185514	-0.815679	0.454685
0.840000	0.684159	1.720356	-1.629111	0.184625	-0.817471	0.454870
0.860000	0.734558	1.769889	-1.660664	0.184939	-0.819483	0.454481
0.880000	0.773578	1.846108	-1.698549	0.186375	-0.821656	0.453613
0.900000	0.801328	1.946100	-1.743649	0.188852	-0.823930	0.452360
0.920000	0.817914	2.066953	-1.796845	0.192287	-0.826247	0.450817
0.940000	0.823445	2.205756	-1.859018	0.196600	-0.828547	0.449079
0.960000	0.818029	2.359597	-1.931051	0.201710	-0.830771	0.447239
0.980000	0.801775	2.525564	-2.013824	0.207534	-0.832859	0.445394
1.000000	0.774790	2.700745	-2.108219	0.213992	-0.834753	0.443637
1.020000	0.737182	2.882228	-2.215118	0.221002	-0.836394	0.442063
1.040000	0.689060	3.067102	-2.335403	0.228484	-0.837721	0.440767
1.060000	0.630532	3.252455	-2.469953	0.236354	-0.838676	0.439843
1.080000	0.561708	3.435379	-2.619641	0.244533	-0.839201	0.439386
1.100000	0.483093	3.613505	-2.784018	0.252940	-0.839267	0.439435
1.120000	0.395944	3.785495	-2.960106	0.261496	-0.838914	0.439925
1.140000	0.301605	3.950130	-3.144638	0.270123	-0.838185	0.440778
1.160000	0.201419	4.106188	-3.334349	0.278743	-0.837123	0.441917
1.180000	0.096727	4.252451	-3.525973	0.287277	-0.835773	0.443264
1.200000	-0.011125	4.387698	-3.716245	0.295647	-0.834180	0.444743
