0.000000	1.600782	1.074024	-2.434994	0.219446	-0.751392	0.342455
0.020000	1.606352	1.251799	-2.445368	0.223424	-0.744030	0.337426
0.040000	1.641236	1.416948	-2.427754	0.227738	-0.736292	0.330359
0.060000	1.701450	1.569963	-2.385124	0.232375	-0.728366	0.321484
0.080000	1.783008	1.711337	-2.320449	0.237320	-0.720443	0.311032
0.100000	1.881925	1.841564	-2.236701	0.242558	-0.712709	0.299234
0.120000	1.994215	1.961136	-2.136851	0.248076	-0.705355	0.286321
0.140000	2.115892	2.070546	-2.023870	0.253858	-0.698569	0.272524
0.160000	2.242971	2.170288	-1.900731	0.259890	-0.692540	0.258073
0.180000	2.371466	2.260855	-1.770404	0.266158	-0.687458	0.243201
0.200000	2.497393	2.342739	-1.635862	0.272647	-0.683510	0.228137
0.220000	2.616765	2.416434	-1.500075	0.279343	-0.680886	0.213113
0.240000	2.725598	2.482432	-1.366016	0.286230	-0.679775	0.198359
0.260000	2.819905	2.541227	-1.236656	0.293296	-0.680366	0.184107
0.280000	2.895701	2.593312	-1.114966	0.300525	-0.682847	0.170588
0.300000	2.949369	2.638972	-1.003538	0.307893	-0.687377	0.158018
0.320000	2.980034	2.676939	-0.902141	0.315305	-0.693882	0.146517
0.340000	2.988054	2.705247	-0.809275	0.322636	-0.702184	0.136159
0.360000	2.973794	2.721929	-0.723430	0.329758	-0.712107	0.127017
0.380000	2.937618	2.725015	-0.643098	0.336545	-0.723472	0.119164
0.400000	2.879892	2.712536	-0.566772	0.342870	-0.736101	0.112675
0.420000	2.800979	2.682523	-0.492943	0.348607	-0.749817	0.107622
0.440000	2.701246	2.633008	-0.420103	0.353628	-0.764442	0.104080
0.460000	2.581055	2.562021	-0.346743	0.357808	-0.779798	0.102122
0.480000	2.440773	2.467594	-0.271357	0.361019	-0.795706	0.101822
0.500000	2.280764	2.347758	-0.192435	0.363136	-0.811990	0.103253
0.520000	2.101392	2.200543	-0.108470	0.364030	-0.828472	0.106490
0.540000	1.903022	2.023982	-0.017953	0.363576	-0.844973	0.111605
0.560000	1.686020	1.816105	0.080623	0.361647	-0.861316	0.118672
0.580000	1.450749	1.574943	0.188767	0.358117	-0.877322	0.127765
0.600000	1.197574	1.298527	0.307987	0.352858	-0.892815	0.138957
0.620000	0.926956	0.985161	0.439633	0.345754	-0.907619	0.152311
