0.000000	5.069364	-9.188184	3.864599	-0.002097	-0.152016	-0.212334
0.020000	4.949784	-8.649995	4.007314	-0.000760	-0.086204	-0.211645
0.040000	4.877414	-7.831245	4.043992	-0.000756	-0.034476	-0.212285
0.060000	4.846182	-6.773084	3.986400	-0.001894	0.004234	-0.214089
0.080000	4.850018	-5.516659	3.846307	-0.003981	0.030992	-0.216893
0.100000	4.882849	-4.103120	3.635480	-0.006824	0.046863	-0.220530
0.120000	4.938607	-2.573615	3.365686	-0.010231	0.052914	-0.224838
0.140000	5.011219	-0.969292	3.048693	-0.014010	0.050209	-0.229650
0.160000	5.094614	0.668700	2.696270	-0.017967	0.039815	-0.234803
0.180000	5.182722	2.299212	2.320184	-0.021912	0.022797	-0.240131
0.200000	5.269472	3.881097	1.932201	-0.025650	0.000221	-0.245471
0.220000	5.348793	5.373205	1.544091	-0.028990	-0.026848	-0.250656
0.240000	5.414613	6.734388	1.167621	-0.031739	-0.057344	-0.255523
0.260000	5.460862	7.923497	0.814558	-0.033704	-0.090201	-0.259906
0.280000	5.481470	8.899384	0.496671	-0.034694	-0.124353	-0.263641
0.300000	5.470364	9.620901	0.225726	-0.034516	-0.158736	-0.266564
0.320000	5.421474	10.046899	0.013492	-0.032977	-0.192282	-0.268509
0.340000	5.328730	10.136229	-0.128264	-0.029884	-0.223927	-0.269312
0.360000	5.186533	9.851725	-0.188705	-0.025067	-0.252655	-0.268818
0.380000	4.995535	9.208740	-0.169276	-0.018628	-0.278112	-0.267019
0.400000	4.760798	8.259713	-0.080093	-0.010864	-0.300408	-0.264005
0.420000	4.487478	7.057865	0.068545	-0.002076	-0.319667	-0.259869
0.440000	4.180730	5.656417	0.266337	0.007437	-0.336011	-0.254706
0.460000	3.845710	4.108590	0.502985	0.017372	-0.349560	-0.248608
0.480000	3.487573	2.467604	0.768189	0.027430	-0.360438	-0.241669
0.500000	3.111475	0.786680	1.051650	0.037309	-0.368765	-0.233983
0.520000	2.722571	-0.880962	1.343069	0.046708	-0.374665	-0.225642
0.540000	2.326017	-2.482101	1.632146	0.055328	-0.378258	-0.216741
0.560000	1.926969	-3.963516	1.908582	0.062866	-0.379667	-0.207373
0.580000	1.530581	-5.271987	2.162078	0.069023	-0.379013	-0.197632
0.600000	1.142010	-6.354292	2.382334	0.073497	-0.376419	-0.187610
0.620000	0.766411	-7.157212	2.559051	0.075988	-0.372007	-0.177402
0.640000	0.408939	-7.627526	2.681929	0.076195	-0.365897	-0.167101
0.660000	0.074555	-7.714715	2.741132	0.073832	-0.358218	-0.156801
0.680000	-0.235549	-7.420210	2.735698	0.068903	-0.349175	-0.146615
0.700000	-0.523572	-6.792271	2.672669	0.061674	-0.339050	-0.136675
0.720000	-0.791838	-5.880838	2.559373	0.052419	-0.328126	-0.127110
0.740000	-1.042670	-4.735850	2.403140	0.041412	-0.316686	-0.118052
0.760000	-1.278388	-3.407247	2.211297	0.028928	-0.305014	-0.109631
0.780000	-1.501317	-1.944967	1.991172	0.015242	-0.293392	-0.101979
0.800000	-1.713779	-0.398949	1.750095	0.000627	-0.282105	-0.095227
0.820000	-1.918096	1.180867	1.495393	-0.014641	-0.271436	-0.089504
0.840000	-2.116590	2.744542	1.234396	-0.030288	-0.261667	-0.084943
0.860000	-2.311585	4.242138	0.974431	-0.046039	-0.253082	-0.081674
0.880000	-2.505404	5.623714	0.722827	-0.061621	-0.245966	-0.079828
0.900000	-2.700367	6.839333	0.486912	-0.076758	-0.240600	-0.079536
0.920000	-2.898799	7.839054	0.274015	-0.091176	-0.237268	-0.080929
0.940000	-3.103021	8.572939	0.091464	-0.104600	-0.236253	-0.084137
0.960000	-3.315357	8.991048	-0.053412	-0.116757	-0.237840	-0.089292
0.980000	-3.538108	9.043828	-0.153340	-0.127372	-0.242308	-0.096522
1.000000	-3.771790	8.715250	-0.205776	-0.136311	-0.249679	-0.105800
1.020000	-4.013774	8.048358	-0.216515	-0.143680	-0.259519	-0.116821
1.040000	-4.261109	7.092209	-0.192200	-0.149611	-0.271350	-0.129249
1.060000	-4.510845	5.895858	-0.139473	-0.154234	-0.284690	-0.142753
1.080000	-4.760031	4.508363	-0.064977	-0.157682	-0.299061	-0.156997
1.100000	-5.005717	2.978780	0.024645	-0.160084	-0.313982	-0.171650
1.120000	-5.244952	1.356166	0.122750	-0.161574	-0.328974	-0.186376
1.140000	-5.474786	-0.310424	0.222695	-0.162281	-0.343556	-0.200843
1.160000	-5.692269	-1.971931	0.317838	-0.162338	-0.357250	-0.214717
1.180000	-5.894451	-3.579301	0.401537	-0.161875	-0.369574	-0.227663
1.200000	-6.078380	-5.083476	0.467147	-0.161024	-0.380050	-0.239350
1.220000	-6.241107	-6.435400	0.508027	-0.159916	-0.388198	-0.249443
1.240000	-6.379680	-7.586016	0.517533	-0.158682	-0.393537	-0.257608
1.260000	-6.491151	-8.486268	0.489023	-0.157454	-0.395589	-0.263511
1.280000	-6.572568	-9.087099	0.415855	-0.156364	-0.393872	-0.266820
1.300000	-6.621124	-9.342849	0.291909	-0.155532	-0.387969	-0.267231
1.320000	-6.636048	-9.256286	0.118548	-0.154942	-0.378343	-0.264865
1.340000	-6.618088	-8.866272	-0.097290	-0.154477	-0.366111	-0.260164
1.360000	-6.568027	-8.212534	-0.348534	-0.154015	-0.352407	-0.253575
1.380000	-6.486650	-7.334799	-0.628115	-0.153435	-0.338364	-0.245545
1.400000	-6.374740	-6.272793	-0.928960	-0.152616	-0.325117	-0.236522
1.420000	-6.233082	-5.066242	-1.243999	-0.151437	-0.313800	-0.226955
1.440000	-6.062459	-3.754873	-1.566162	-0.149777	-0.305545	-0.217290
1.460000	-5.863654	-2.378412	-1.888376	-0.147515	-0.301487	-0.207976
1.480000	-5.637453	-0.976585	-2.203572	-0.144530	-0.302761	-0.199460
1.500000	-5.384639	0.410881	-2.504679	-0.140701	-0.310498	-0.192190
1.520000	-5.105995	1.744260	-2.784625	-0.135906	-0.325834	-0.186614
1.540000	-4.802307	2.983826	-3.036340	-0.130026	-0.349901	-0.183180
1.560000	-4.474356	4.089852	-3.252753	-0.122938	-0.383835	-0.182335
1.580000	-4.122928	5.022612	-3.426793	-0.114522	-0.428768	-0.184527
1.600000	-3.748807	5.742379	-3.551390	-0.104657	-0.485834	-0.190203
1.620000	-3.353544	6.218619	-3.621036	-0.093272	-0.555547	-0.199663
1.640000	-2.942387	6.464988	-3.637747	-0.080533	-0.635433	-0.212487
1.660000	-2.521695	6.508408	-3.605795	-0.066681	-0.722124	-0.228041
1.680000	-2.097824	6.375805	-3.529454	-0.051956	-0.812250	-0.245690
1.700000	-1.677132	6.094103	-3.412996	-0.036595	-0.902444	-0.264801
