0.000000	-3.671236	-4.352290	-1.697282	-0.168382	-1.058946	-0.510346
0.020000	-3.977744	-3.610888	-1.773685	-0.150999	-1.188816	-0.510097
0.040000	-4.273263	-2.756483	-1.838742	-0.132052	-1.310570	-0.508393
0.060000	-4.561146	-1.822615	-1.891535	-0.112014	-1.420283	-0.505567
0.080000	-4.844742	-0.842828	-1.931152	-0.091355	-1.514031	-0.501954
0.100000	-5.127402	0.149338	-1.956675	-0.070547	-1.587891	-0.497887
0.120000	-5.412478	1.120339	-1.967189	-0.050060	-1.637938	-0.493701
0.140000	-5.703318	2.036635	-1.961780	-0.030367	-1.660249	-0.489728
0.160000	-6.003276	2.864682	-1.939532	-0.011938	-1.650899	-0.486304
0.180000	-6.315700	3.570939	-1.899529	0.004755	-1.605965	-0.483762
0.200000	-6.643941	4.121864	-1.840856	0.019240	-1.521521	-0.482435
0.220000	-6.991316	4.484109	-1.762605	0.031049	-1.393684	-0.482656
0.240000	-7.357776	4.642605	-1.664649	0.039847	-1.222158	-0.484546
0.260000	-7.737207	4.615293	-1.548263	0.045546	-1.013140	-0.487853
0.280000	-8.122855	4.423577	-1.414871	0.048082	-0.773503	-0.492281
0.300000	-8.507967	4.088864	-1.265898	0.047394	-0.510125	-0.497537
0.320000	-8.885789	3.632561	-1.102767	0.043419	-0.229880	-0.503326
0.340000	-9.249568	3.076072	-0.926903	0.036094	0.060355	-0.509354
0.360000	-9.592552	2.440805	-0.739729	0.025357	0.353706	-0.515328
0.380000	-9.907985	1.748164	-0.542669	0.011144	0.643296	-0.520953
0.400000	-10.189116	1.019557	-0.337147	-0.006606	0.922251	-0.525934
0.420000	-10.429190	0.276388	-0.124587	-0.027957	1.183693	-0.529979
0.440000	-10.621455	-0.459936	0.093586	-0.052971	1.420749	-0.532793
0.460000	-10.759158	-1.168009	0.315949	-0.081711	1.626541	-0.534082
0.480000	-10.835544	-1.826425	0.541077	-0.114239	1.794195	-0.533551
0.500000	-10.843860	-2.413778	0.767548	-0.150618	1.916835	-0.530907
0.520000	-10.777354	-2.908662	0.993936	-0.190911	1.987585	-0.525855
0.540000	-10.629272	-3.289672	1.218818	-0.235180	1.999570	-0.518102
0.560000	-10.395526	-3.541363	1.440815	-0.283307	1.948356	-0.507507
0.580000	-10.081987	-3.670569	1.658712	-0.334490	1.838632	-0.494498
0.600000	-9.696853	-3.689328	1.871337	-0.387774	1.677221	-0.479641
0.620000	-9.248320	-3.609676	2.077513	-0.442199	1.470944	-0.463498
0.640000	-8.744587	-3.443651	2.276069	-0.496807	1.226622	-0.446632
0.660000	-8.193851	-3.203289	2.465827	-0.550640	0.951075	-0.429608
0.680000	-7.604308	-2.900628	2.645616	-0.602740	0.651126	-0.412989
0.700000	-6.984157	-2.547703	2.814259	-0.652150	0.333596	-0.397338
0.720000	-6.341594	-2.156554	2.970584	-0.697909	0.005305	-0.383219
0.740000	-5.684817	-1.739215	3.113414	-0.739062	-0.326925	-0.371196
0.760000	-5.022023	-1.307726	3.241577	-0.774649	-0.656272	-0.361831
0.780000	-4.361410	-0.874121	3.353898	-0.803712	-0.975916	-0.355688
0.800000	-3.711174	-0.450439	3.449203	-0.825293	-1.279035	-0.353331
0.820000	-3.079514	-0.048716	3.526316	-0.838435	-1.558809	-0.355323
0.840000	-2.474626	0.319010	3.584064	-0.842178	-1.808415	-0.362229
0.860000	-1.904635	0.640805	3.621290	-0.835581	-2.021102	-0.374600
0.880000	-1.373771	0.910187	3.637738	-0.818519	-2.193851	-0.392461
0.900000	-0.880479	1.128784	3.634496	-0.792087	-2.329186	-0.415044
0.920000	-0.422731	1.298879	3.612760	-0.757479	-2.430082	-0.441521
0.940000	0.001498	1.422755	3.573726	-0.715887	-2.499516	-0.471060
0.960000	0.394234	1.502697	3.518590	-0.668505	-2.540461	-0.502832
0.980000	0.757503	1.540987	3.448548	-0.616526	-2.555893	-0.536007
1.000000	1.093333	1.539910	3.364795	-0.561143	-2.548787	-0.569754
1.020000	1.403747	1.501749	3.268529	-0.503549	-2.522118	-0.603244
1.040000	1.690774	1.428788	3.160944	-0.444938	-2.478862	-0.635646
1.060000	1.956438	1.323311	3.043238	-0.386502	-2.421993	-0.666130
1.080000	2.202767	1.187602	2.916605	-0.329436	-2.354487	-0.693867
1.100000	2.431785	1.023943	2.782242	-0.274932	-2.279318	-0.718025
1.120000	2.645520	0.834620	2.641345	-0.224183	-2.199463	-0.737776
1.140000	2.845996	0.621915	2.495109	-0.178383	-2.117895	-0.752288
1.160000	3.035241	0.388112	2.344732	-0.138724	-2.037591	-0.760732
1.180000	3.215280	0.135496	2.191409	-0.106400	-1.961524	-0.762279
1.200000	3.387644	-0.133134	2.036210	-0.082203	-1.891913	-0.756429
1.220000	3.552369	-0.413422	1.879834	-0.065717	-1.828692	-0.743683
1.240000	3.709214	-0.700721	1.722906	-0.056297	-1.771371	-0.724731
1.260000	3.857935	-0.990384	1.566053	-0.053301	-1.719456	-0.700259
1.280000	3.998291	-1.277764	1.409901	-0.056086	-1.672455	-0.670958
1.300000	4.130038	-1.558213	1.255076	-0.064008	-1.629877	-0.637515
1.320000	4.252933	-1.827085	1.102205	-0.076425	-1.591229	-0.600618
1.340000	4.366735	-2.079733	0.951914	-0.092693	-1.556018	-0.560956
1.360000	4.471201	-2.311509	0.804829	-0.112169	-1.523754	-0.519217
1.380000	4.566088	-2.517766	0.661577	-0.134210	-1.493943	-0.476089
1.400000	4.651153	-2.693858	0.522784	-0.158173	-1.466093	-0.432262
1.420000	4.726154	-2.835136	0.389076	-0.183415	-1.439712	-0.388423
1.440000	4.790849	-2.936955	0.261081	-0.209292	-1.414309	-0.345260
1.460000	4.844994	-2.994666	0.139423	-0.235162	-1.389390	-0.303463
1.480000	4.888347	-3.003623	0.024730	-0.260380	-1.364463	-0.263718
1.500000	4.920677	-2.959277	-0.082385	-0.284314	-1.339044	-0.226706
1.520000	4.942110	-2.860444	-0.181715	-0.306616	-1.312879	-0.192767
1.540000	4.953216	-2.710070	-0.273559	-0.327296	-1.285998	-0.161830
1.560000	4.954592	-2.511354	-0.358244	-0.346385	-1.258449	-0.133796
1.580000	4.946834	-2.267494	-0.436100	-0.363913	-1.230281	-0.108569
1.600000	4.930537	-1.981689	-0.507452	-0.379911	-1.201542	-0.086052
1.620000	4.906299	-1.657137	-0.572631	-0.394410	-1.172279	-0.066146
1.640000	4.874716	-1.297037	-0.631963	-0.407441	-1.142542	-0.048754
1.660000	4.836383	-0.904588	-0.685778	-0.419034	-1.112378	-0.033780
1.680000	4.791898	-0.482987	-0.734402	-0.429219	-1.081836	-0.021125
1.700000	4.741857	-0.035435	-0.778165	-0.438029	-1.050963	-0.010693
1.720000	4.686856	0.434872	-0.817393	-0.445492	-1.019808	-0.002386
1.740000	4.627491	0.924734	-0.852416	-0.451641	-0.988419	0.003894
1.760000	4.564359	1.430952	-0.883561	-0.456506	-0.956843	0.008244
1.780000	4.498056	1.950328	-0.911157	-0.460117	-0.925131	0.010760
1.800000	4.429178	2.479664	-0.935531	-0.462505	-0.893328	0.011542
1.820000	4.358322	3.015761	-0.957012	-0.463702	-0.861485	0.010685
1.840000	4.286084	3.555420	-0.975927	-0.463737	-0.829648	0.008288
1.860000	4.213060	4.095442	-0.992605	-0.462642	-0.797866	0.004447
1.880000	4.139847	4.632630	-1.007374	-0.460447	-0.766187	-0.000740
1.900000	4.067041	5.163785	-1.020562	-0.457182	-0.734659	-0.007175
1.920000	3.995238	5.685707	-1.032496	-0.452880	-0.703331	-0.014762
1.940000	3.925035	6.195199	-1.043506	-0.447570	-0.672251	-0.023402
1.960000	3.857028	6.689062	-1.053919	-0.441282	-0.641466	-0.032998
1.980000	3.791813	7.164097	-1.064063	-0.434049	-0.611025	-0.043454
2.000000	3.729986	7.617106	-1.074266	-0.425900	-0.580976	-0.054671
2.020000	3.672145	8.044890	-1.084856	-0.416866	-0.551368	-0.066553
2.040000	3.618885	8.444251	-1.096162	-0.406979	-0.522247	-0.079002
2.060000	3.570802	8.811989	-1.108512	-0.396268	-0.493664	-0.091920
2.080000	3.528493	9.144907	-1.122233	-0.384764	-0.465665	-0.105210
2.100000	3.492555	9.439806	-1.137653	-0.372498	-0.438299	-0.118775
2.120000	3.463583	9.693487	-1.155102	-0.359502	-0.411614	-0.132518
2.140000	3.442174	9.902751	-1.174906	-0.345805	-0.385659	-0.146340
2.160000	3.428925	10.064401	-1.197394	-0.331438	-0.360481	-0.160145
