0.000000	-5.313425	1.337255	-1.894096	-0.190049	0.708318	-0.421799
0.020000	-5.636139	0.671729	-2.143011	-0.224397	0.426455	-0.421287
0.040000	-5.933670	-0.015199	-2.364944	-0.257461	0.136936	-0.420840
0.060000	-6.197606	-0.705424	-2.554200	-0.288097	-0.154643	-0.420489
0.080000	-6.419539	-1.380840	-2.705087	-0.315162	-0.442685	-0.420269
0.100000	-6.591057	-2.023342	-2.811910	-0.337510	-0.721591	-0.420214
0.120000	-6.703750	-2.614824	-2.868974	-0.353997	-0.985764	-0.420356
0.140000	-6.749207	-3.137183	-2.870586	-0.363479	-1.229608	-0.420731
0.160000	-6.719019	-3.572311	-2.811051	-0.364812	-1.447524	-0.421371
0.180000	-6.607311	-3.906135	-2.686770	-0.357193	-1.635075	-0.422298
0.200000	-6.418993	-4.141726	-2.503050	-0.341277	-1.792755	-0.423487
0.220000	-6.161838	-4.286708	-2.267564	-0.318105	-1.922370	-0.424898
0.240000	-5.843622	-4.348707	-1.987987	-0.288718	-2.025723	-0.426493
0.260000	-5.472120	-4.335350	-1.671991	-0.254156	-2.104619	-0.428231
0.280000	-5.055108	-4.254262	-1.327252	-0.215462	-2.160864	-0.430074
0.300000	-4.600360	-4.113069	-0.961442	-0.173675	-2.196263	-0.431983
0.320000	-4.115651	-3.919396	-0.582236	-0.129836	-2.212619	-0.433918
0.340000	-3.608756	-3.680870	-0.197307	-0.084988	-2.211739	-0.435840
0.360000	-3.087451	-3.405116	0.185670	-0.040170	-2.195426	-0.437711
0.380000	-2.559510	-3.099760	0.559022	0.003575	-2.165485	-0.439491
0.400000	-2.032709	-2.772428	0.915075	0.045208	-2.123722	-0.441140
0.420000	-1.514822	-2.430746	1.246156	0.083688	-2.071942	-0.442620
0.440000	-1.013625	-2.082340	1.544589	0.117972	-2.011948	-0.443892
0.460000	-0.536893	-1.734835	1.802702	0.147020	-1.945547	-0.444916
0.480000	-0.092400	-1.395857	2.012821	0.169792	-1.874542	-0.445654
0.500000	0.312674	-1.072857	2.168032	0.185359	-1.800642	-0.446067
0.520000	0.676783	-0.771626	2.268615	0.193875	-1.724654	-0.446132
0.540000	1.001482	-0.497042	2.318804	0.196084	-1.646881	-0.445832
0.560000	1.288357	-0.253975	2.322879	0.192738	-1.567627	-0.445153
0.580000	1.538995	-0.047294	2.285115	0.184589	-1.487192	-0.444079
0.600000	1.754983	0.118132	2.209791	0.172388	-1.405878	-0.442592
0.620000	1.937907	0.237434	2.101184	0.156887	-1.323985	-0.440678
0.640000	2.089353	0.305743	1.963571	0.138837	-1.241815	-0.438321
0.660000	2.210909	0.318189	1.801230	0.118991	-1.159670	-0.435505
0.680000	2.304161	0.269905	1.618439	0.098099	-1.077851	-0.432214
0.700000	2.370696	0.156020	1.419474	0.076913	-0.996658	-0.428432
0.720000	2.412100	-0.028335	1.208614	0.056185	-0.916394	-0.424143
0.740000	2.429960	-0.288028	0.990135	0.036667	-0.837359	-0.419332
0.760000	2.425862	-0.627929	0.768315	0.019109	-0.759855	-0.413983
0.780000	2.401394	-1.052907	0.547432	0.004264	-0.684183	-0.408079
0.800000	2.358141	-1.567830	0.331762	-0.007116	-0.610644	-0.401605
0.820000	2.297725	-2.177084	0.125518	-0.014302	-0.539539	-0.394547
0.840000	2.222660	-2.872278	-0.068842	-0.017132	-0.471131	-0.386939
0.860000	2.136424	-3.631262	-0.250745	-0.016056	-0.405646	-0.378863
0.880000	2.042544	-4.431207	-0.419710	-0.011554	-0.343307	-0.370408
0.900000	1.944544	-5.249285	-0.575259	-0.004107	-0.284339	-0.361660
0.920000	1.845951	-6.062665	-0.716912	0.005806	-0.228964	-0.352706
0.940000	1.750290	-6.848518	-0.844189	0.017704	-0.177407	-0.343632
0.960000	1.661087	-7.584015	-0.956609	0.031106	-0.129890	-0.334525
0.980000	1.581867	-8.246327	-1.053695	0.045533	-0.086638	-0.325473
1.000000	1.516158	-8.812623	-1.134965	0.060504	-0.047875	-0.316562
1.020000	1.467483	-9.260076	-1.199940	0.075539	-0.013823	-0.307878
1.040000	1.439369	-9.565855	-1.248141	0.090158	0.015293	-0.299509
1.060000	1.435342	-9.707130	-1.279088	0.103879	0.039250	-0.291541
1.080000	1.458928	-9.661074	-1.292301	0.116224	0.057825	-0.284061
1.100000	1.513651	-9.404856	-1.287301	0.126711	0.070793	-0.277156
1.120000	1.602940	-8.916161	-1.263636	0.134867	0.077939	-0.270911
1.140000	1.725882	-8.195459	-1.222165	0.140505	0.079395	-0.265376
1.160000	1.875595	-7.274527	-1.165538	0.143831	0.075772	-0.260545
1.180000	2.044768	-6.187413	-1.096538	0.145081	0.067715	-0.256411
1.200000	2.226088	-4.968167	-1.017947	0.144490	0.055868	-0.252967
1.220000	2.412243	-3.650839	-0.932547	0.142294	0.040878	-0.250203
1.240000	2.595919	-2.269478	-0.843121	0.138727	0.023390	-0.248113
1.260000	2.769804	-0.858133	-0.752450	0.134025	0.004047	-0.246689
1.280000	2.926586	0.549146	-0.663318	0.128423	-0.016503	-0.245922
1.300000	3.058951	1.918309	-0.578506	0.122157	-0.037616	-0.245806
1.320000	3.159587	3.215307	-0.500796	0.115463	-0.058648	-0.246331
1.340000	3.221182	4.406090	-0.432971	0.108574	-0.078952	-0.247491
1.360000	3.236422	5.456610	-0.377813	0.101727	-0.097884	-0.249278
1.380000	3.197995	6.332815	-0.338104	0.095157	-0.114798	-0.251683
1.400000	3.098589	7.000658	-0.316626	0.089100	-0.129049	-0.254699
1.420000	2.930890	7.426088	-0.316162	0.083790	-0.139992	-0.258318
1.440000	2.687586	7.575056	-0.339493	0.079463	-0.146982	-0.262532
1.460000	2.361962	7.415610	-0.389195	0.076341	-0.149412	-0.267330
1.480000	1.958562	6.955329	-0.463924	0.074387	-0.147382	-0.272632
1.500000	1.491965	6.237015	-0.558845	0.073334	-0.141629	-0.278298
1.520000	0.977097	5.304704	-0.669001	0.072909	-0.132907	-0.284184
1.540000	0.428889	4.202429	-0.789435	0.072837	-0.121974	-0.290147
1.560000	-0.137731	2.974228	-0.915192	0.072843	-0.109586	-0.296046
1.580000	-0.707835	1.664133	-1.041314	0.072654	-0.096500	-0.301736
1.600000	-1.266493	0.316180	-1.162844	0.071994	-0.083471	-0.307076
1.620000	-1.798778	-1.025595	-1.274827	0.070589	-0.071256	-0.311922
1.640000	-2.289761	-2.317159	-1.372305	0.068165	-0.060612	-0.316132
1.660000	-2.724513	-3.514475	-1.450321	0.064447	-0.052296	-0.319562
1.680000	-3.088105	-4.573510	-1.503919	0.059161	-0.047063	-0.322071
1.700000	-3.365608	-5.450227	-1.528143	0.052033	-0.045670	-0.323514
1.720000	-3.542095	-6.100593	-1.518035	0.042787	-0.048873	-0.323750
1.740000	-3.603666	-6.483309	-1.469001	0.031177	-0.057386	-0.322649
1.760000	-3.551092	-6.596106	-1.381628	0.017328	-0.071312	-0.320266
1.780000	-3.396082	-6.465805	-1.260360	0.001646	-0.090296	-0.316798
1.800000	-3.150607	-6.119923	-1.109735	-0.015456	-0.113973	-0.312441
1.820000	-2.826636	-5.585976	-0.934290	-0.033565	-0.141981	-0.307395
1.840000	-2.436139	-4.891482	-0.738562	-0.052269	-0.173952	-0.301857
1.860000	-1.991085	-4.063956	-0.527089	-0.071156	-0.209524	-0.296027
1.880000	-1.503445	-3.130915	-0.304408	-0.089812	-0.248332	-0.290102
1.900000	-0.985189	-2.119876	-0.075057	-0.107825	-0.290010	-0.284280
1.920000	-0.448286	-1.058355	0.156428	-0.124783	-0.334195	-0.278761
1.940000	0.095294	0.026131	0.385508	-0.140274	-0.380521	-0.273741
1.960000	0.633581	1.106065	0.607646	-0.153883	-0.428625	-0.269420
1.980000	1.154605	2.153931	0.818306	-0.165200	-0.478142	-0.265996
2.000000	1.646396	3.142212	1.012948	-0.173811	-0.528707	-0.263666
2.020000	2.096984	4.043392	1.187037	-0.179303	-0.579955	-0.262630
