0.000000	7.766109	1.256532	-0.655234	-0.108378	-0.404971	-0.340734
0.020000	7.665273	1.782952	-0.669396	-0.095004	-0.384165	-0.340542
0.040000	7.530266	2.137974	-0.659010	-0.081130	-0.364440	-0.341161
0.060000	7.356044	2.282541	-0.621593	-0.066941	-0.345633	-0.342796
0.080000	7.137568	2.177623	-0.554666	-0.052625	-0.327577	-0.345652
0.100000	6.872419	1.803257	-0.457465	-0.038350	-0.310146	-0.349821
0.120000	6.565387	1.191858	-0.333946	-0.024229	-0.293318	-0.355078
0.140000	6.222489	0.384753	-0.188863	-0.010368	-0.277090	-0.361146
0.160000	5.849739	-0.576731	-0.026975	0.003129	-0.261458	-0.367745
0.180000	5.453153	-1.651265	0.146962	0.016157	-0.246419	-0.374599
0.200000	5.038748	-2.797523	0.328193	0.028613	-0.231970	-0.381429
0.220000	4.612539	-3.974177	0.511959	0.040390	-0.218107	-0.387958
0.240000	4.180542	-5.139899	0.693505	0.051385	-0.204827	-0.393907
0.260000	3.748772	-6.253362	0.868074	0.061493	-0.192126	-0.398999
0.280000	3.323245	-7.273237	1.030909	0.070609	-0.180001	-0.402956
0.300000	2.909978	-8.158199	1.177253	0.078629	-0.168448	-0.405499
0.320000	2.514985	-8.866919	1.302351	0.085448	-0.157465	-0.406352
0.340000	2.144283	-9.358069	1.401446	0.090961	-0.147046	-0.405236
0.360000	1.803888	-9.590322	1.469780	0.095064	-0.137190	-0.401873
0.380000	1.499814	-9.522351	1.502597	0.097652	-0.127893	-0.395986
0.400000	1.237845	-9.114287	1.495283	0.098625	-0.119152	-0.387306
0.420000	1.016989	-8.368479	1.447339	0.098013	-0.110997	-0.375871
0.440000	0.828612	-7.334937	1.362911	0.095993	-0.103494	-0.362060
0.460000	0.663670	-6.066226	1.246396	0.092750	-0.096709	-0.346271
0.480000	0.513117	-4.614914	1.102189	0.088469	-0.090712	-0.328902
0.500000	0.367908	-3.033564	0.934685	0.083334	-0.085569	-0.310352
0.520000	0.218999	-1.374743	0.748281	0.077531	-0.081349	-0.291019
0.540000	0.057346	0.308984	0.547373	0.071244	-0.078117	-0.271300
0.560000	-0.126098	1.965051	0.336356	0.064658	-0.075944	-0.251593
0.580000	-0.340376	3.540893	0.119626	0.057958	-0.074895	-0.232297
0.600000	-0.594533	4.983945	-0.098421	0.051329	-0.075038	-0.213810
0.620000	-0.897615	6.241640	-0.313389	0.044956	-0.076442	-0.196530
0.640000	-1.258665	7.261413	-0.520883	0.039024	-0.079173	-0.180855
0.660000	-1.686729	7.990699	-0.716506	0.033717	-0.083300	-0.167183
0.680000	-2.190852	8.376932	-0.895864	0.029221	-0.088889	-0.155912
0.700000	-2.779869	8.368381	-1.054611	0.025716	-0.096006	-0.147435
0.720000	-3.452273	7.954811	-1.191001	0.023231	-0.104525	-0.141889
0.740000	-4.191639	7.185815	-1.307027	0.021567	-0.114055	-0.139043
0.760000	-4.980380	6.115638	-1.404975	0.020510	-0.124179	-0.138637
0.780000	-5.800912	4.798526	-1.487129	0.019846	-0.134484	-0.140411
0.800000	-6.635650	3.288726	-1.555776	0.019360	-0.144555	-0.144105
0.820000	-7.467008	1.640484	-1.613201	0.018838	-0.153977	-0.149458
0.840000	-8.277401	-0.091955	-1.661688	0.018065	-0.162336	-0.156212
0.860000	-9.049245	-1.854343	-1.703523	0.016826	-0.169217	-0.164105
0.880000	-9.764953	-3.592436	-1.740991	0.014908	-0.174205	-0.172878
0.900000	-10.406940	-5.251986	-1.776378	0.012096	-0.176887	-0.182270
0.920000	-10.957621	-6.778748	-1.811968	0.008175	-0.176847	-0.192022
0.940000	-11.399412	-8.118476	-1.850048	0.002930	-0.173671	-0.201874
0.960000	-11.714726	-9.216922	-1.892902	-0.003852	-0.166944	-0.211565
0.980000	-11.885978	-10.019842	-1.942816	-0.012386	-0.156252	-0.220836
1.000000	-11.895584	-10.472990	-2.002074	-0.022887	-0.141180	-0.229426
1.020000	-11.728024	-10.527672	-2.072587	-0.035536	-0.121415	-0.237097
1.040000	-11.390110	-10.195212	-2.152204	-0.050157	-0.097739	-0.243839
1.060000	-10.902293	-9.523594	-2.236297	-0.066354	-0.071601	-0.249780
1.080000	-10.285220	-8.561326	-2.320199	-0.083730	-0.044463	-0.255053
1.100000	-9.559539	-7.356918	-2.399246	-0.101886	-0.017785	-0.259789
1.120000	-8.745895	-5.958879	-2.468773	-0.120424	0.006973	-0.264120
1.140000	-7.864937	-4.415717	-2.524114	-0.138946	0.028352	-0.268176
1.160000	-6.937312	-2.775942	-2.560604	-0.157055	0.044890	-0.272091
1.180000	-5.983666	-1.088063	-2.573579	-0.174351	0.055128	-0.275995
1.200000	-5.024646	0.599412	-2.558372	-0.190437	0.057605	-0.280020
1.220000	-4.080899	2.237973	-2.510319	-0.204914	0.050861	-0.284297
1.240000	-3.173073	3.779111	-2.424756	-0.217384	0.033437	-0.288958
1.260000	-2.321814	5.174318	-2.297015	-0.227450	0.003871	-0.294135
1.280000	-1.547770	6.375084	-2.122433	-0.234713	-0.039297	-0.299959
1.300000	-0.871587	7.332900	-1.896345	-0.238775	-0.097526	-0.306561
1.320000	-0.313913	7.999259	-1.614084	-0.239238	-0.172276	-0.314074
1.340000	0.110105	8.340753	-1.273637	-0.235848	-0.264045	-0.322566
1.360000	0.406435	8.381978	-0.883162	-0.228904	-0.369621	-0.331870
1.380000	0.586116	8.161450	-0.453261	-0.218839	-0.484908	-0.341760
1.400000	0.660183	7.717684	0.005464	-0.206084	-0.605807	-0.352012
1.420000	0.639674	7.089194	0.482411	-0.191074	-0.728220	-0.362400
1.440000	0.535626	6.314496	0.966978	-0.174239	-0.848048	-0.372699
1.460000	0.359077	5.432106	1.448564	-0.156012	-0.961195	-0.382683
1.480000	0.121064	4.480538	1.916567	-0.136826	-1.063560	-0.392128
1.500000	-0.167377	3.498308	2.360384	-0.117113	-1.151048	-0.400808
1.520000	-0.495208	2.523930	2.769415	-0.097305	-1.219558	-0.408498
1.540000	-0.851392	1.595921	3.133057	-0.077835	-1.264994	-0.414974
1.560000	-1.224891	0.752795	3.440708	-0.059135	-1.283257	-0.420009
1.580000	-1.604669	0.033068	3.681768	-0.041638	-1.270249	-0.423378
1.600000	-1.979688	-0.524746	3.845633	-0.025775	-1.221871	-0.424857
1.620000	-2.338912	-0.882131	3.921702	-0.011980	-1.134026	-0.424220
1.640000	-2.672913	-1.008996	3.902068	-0.000616	-1.003953	-0.421310
1.660000	-2.980446	-0.918042	3.792510	0.008298	-0.835682	-0.416311
1.680000	-3.262855	-0.635523	3.603139	0.014852	-0.635393	-0.409518
1.700000	-3.521488	-0.187697	3.344071	0.019138	-0.409269	-0.401225
1.720000	-3.757691	0.399174	3.025420	0.021246	-0.163492	-0.391726
1.740000	-3.972809	1.098833	2.657302	0.021266	0.095755	-0.381315
1.760000	-4.168190	1.885019	2.249831	0.019290	0.362292	-0.370285
1.780000	-4.345179	2.731473	1.813122	0.015409	0.629936	-0.358932
1.800000	-4.505123	3.611936	1.357290	0.009713	0.892504	-0.347548
1.820000	-4.649367	4.500149	0.892450	0.002293	1.143816	-0.336428
1.840000	-4.779260	5.369851	0.428715	-0.006761	1.377688	-0.325866
1.860000	-4.896145	6.194784	-0.023798	-0.017356	1.587938	-0.316156
1.880000	-5.001371	6.948688	-0.454975	-0.029404	1.768386	-0.307592
1.900000	-5.096282	7.605304	-0.854702	-0.042812	1.912848	-0.300467
1.920000	-5.182227	8.138372	-1.212863	-0.057491	2.015143	-0.295077
1.940000	-5.260550	8.521633	-1.519344	-0.073348	2.069088	-0.291714
1.960000	-5.332598	8.728827	-1.764030	-0.090295	2.068502	-0.290674
1.980000	-5.399717	8.733696	-1.936807	-0.108238	2.007203	-0.292249
2.000000	-5.463118	8.516824	-2.030056	-0.127048	1.880948	-0.296648
2.020000	-5.523326	8.093097	-2.048679	-0.146382	1.695218	-0.303643
2.040000	-5.580654	7.488119	-2.001485	-0.165835	1.458534	-0.312871
2.060000	-5.635416	6.727499	-1.897289	-0.185001	1.179416	-0.323971
2.080000	-5.687922	5.836844	-1.744902	-0.203475	0.866383	-0.336578
2.100000	-5.738487	4.841764	-1.553137	-0.220850	0.527958	-0.350331
