0.000000	5.537113	2.614817	-0.337088	0.152294	-1.259226	-0.380418
0.020000	5.248938	3.337416	-0.243191	0.165208	-1.321163	-0.376637
0.040000	4.934135	4.018447	-0.156499	0.176411	-1.380277	-0.372584
0.060000	4.592593	4.652170	-0.078062	0.185739	-1.436165	-0.368264
0.080000	4.224196	5.232848	-0.008929	0.193028	-1.488423	-0.363684
0.100000	3.828831	5.754745	0.049848	0.198112	-1.536647	-0.358850
0.120000	3.406385	6.212123	0.097219	0.200828	-1.580432	-0.353767
0.140000	2.956744	6.599245	0.132135	0.201010	-1.619374	-0.348441
0.160000	2.479795	6.910372	0.153545	0.198495	-1.653069	-0.342879
0.180000	1.975423	7.139769	0.160398	0.193117	-1.681113	-0.337086
0.200000	1.444124	7.283157	0.151930	0.184768	-1.703208	-0.331076
0.220000	0.889396	7.343479	0.128777	0.173610	-1.719577	-0.324903
0.240000	0.315666	7.325901	0.092012	0.159891	-1.730607	-0.318637
0.260000	-0.272640	7.235590	0.042707	0.143860	-1.736682	-0.312343
0.280000	-0.871096	7.077714	-0.018067	0.125762	-1.738189	-0.306089
0.300000	-1.475275	6.857442	-0.089238	0.105847	-1.735513	-0.299942
0.320000	-2.080752	6.579939	-0.169734	0.084360	-1.729038	-0.293971
0.340000	-2.683100	6.250375	-0.258484	0.061551	-1.719152	-0.288242
0.360000	-3.277892	5.873916	-0.354415	0.037666	-1.706240	-0.282823
0.380000	-3.860703	5.455731	-0.456457	0.012953	-1.690686	-0.277780
0.400000	-4.427106	5.000986	-0.563537	-0.012340	-1.672876	-0.273183
0.420000	-4.972675	4.514849	-0.674584	-0.037967	-1.653197	-0.269097
0.440000	-5.492984	4.002488	-0.788525	-0.063678	-1.632033	-0.265591
0.460000	-5.983606	3.469071	-0.904290	-0.089228	-1.609770	-0.262731
0.480000	-6.440115	2.919765	-1.020806	-0.114368	-1.586793	-0.260586
0.500000	-6.858085	2.359738	-1.137002	-0.138851	-1.563489	-0.259221
0.520000	-7.233089	1.794157	-1.251806	-0.162429	-1.540242	-0.258706
0.540000	-7.560702	1.228190	-1.364146	-0.184854	-1.517438	-0.259107
0.560000	-7.836496	0.667004	-1.472951	-0.205880	-1.495462	-0.260492
0.580000	-8.056047	0.115767	-1.577148	-0.225259	-1.474701	-0.262928
0.600000	-8.214927	-0.420353	-1.675666	-0.242742	-1.455540	-0.266482
0.620000	-8.308710	-0.936189	-1.767434	-0.258083	-1.438363	-0.271223
0.640000	-8.332970	-1.426573	-1.851379	-0.271035	-1.423557	-0.277216
0.660000	-8.283280	-1.886338	-1.926431	-0.281348	-1.411507	-0.284530
0.680000	-8.155215	-2.310316	-1.991516	-0.288777	-1.402599	-0.293233
0.700000	-7.944348	-2.693339	-2.045564	-0.293073	-1.397218	-0.303390
0.720000	-7.646253	-3.030240	-2.087502	-0.293989	-1.395750	-0.315071
0.740000	-7.257283	-3.316046	-2.116350	-0.291305	-1.398545	-0.328323
0.760000	-6.783568	-3.548218	-2.132268	-0.285151	-1.405503	-0.342958
0.780000	-6.237895	-3.725878	-2.136191	-0.275894	-1.416220	-0.358626
0.800000	-5.633179	-3.848177	-2.129071	-0.263905	-1.430287	-0.374976
0.820000	-4.982336	-3.914268	-2.111859	-0.249558	-1.447294	-0.391655
0.840000	-4.298281	-3.923305	-2.085506	-0.233223	-1.466830	-0.408309
0.860000	-3.593930	-3.874439	-2.050964	-0.215273	-1.488485	-0.424588
0.880000	-2.882199	-3.766824	-2.009183	-0.196079	-1.511849	-0.440137
0.900000	-2.176002	-3.599611	-1.961114	-0.176014	-1.536513	-0.454605
0.920000	-1.488256	-3.371954	-1.907709	-0.155449	-1.562066	-0.467638
0.940000	-0.831876	-3.083005	-1.849919	-0.134757	-1.588097	-0.478885
0.960000	-0.219777	-2.731916	-1.788695	-0.114308	-1.614198	-0.487993
0.980000	0.335125	-2.317841	-1.724989	-0.094475	-1.639958	-0.494610
1.000000	0.819915	-1.839931	-1.659750	-0.075631	-1.664966	-0.498382
1.020000	1.221677	-1.297340	-1.593932	-0.058146	-1.688814	-0.498957
1.040000	1.527495	-0.689220	-1.528484	-0.042393	-1.711090	-0.495983
1.060000	1.727936	-0.017669	-1.464254	-0.028680	-1.731383	-0.489222
1.080000	1.828677	0.702430	-1.401646	-0.017043	-1.749276	-0.478930
1.100000	1.839492	1.452729	-1.340939	-0.007441	-1.764348	-0.465499
1.120000	1.770157	2.214877	-1.282413	0.000166	-1.776181	-0.449320
1.140000	1.630448	2.970525	-1.226350	0.005816	-1.784353	-0.430786
1.160000	1.430139	3.701323	-1.173031	0.009550	-1.788447	-0.410286
1.180000	1.179007	4.388921	-1.122734	0.011407	-1.788042	-0.388214
1.200000	0.886826	5.014969	-1.075742	0.011427	-1.782718	-0.364961
1.220000	0.563372	5.561118	-1.032335	0.009651	-1.772057	-0.340917
1.240000	0.218421	6.009019	-0.992794	0.006116	-1.755637	-0.316475
1.260000	-0.138253	6.340320	-0.957398	0.000864	-1.733041	-0.292026
1.280000	-0.496874	6.536674	-0.926429	-0.006066	-1.703847	-0.267961
1.300000	-0.847667	6.579729	-0.900167	-0.014635	-1.667637	-0.244673
1.320000	-1.180856	6.451136	-0.878893	-0.024803	-1.623990	-0.222552
1.340000	-1.486665	6.132546	-0.862887	-0.036530	-1.572488	-0.201990
1.360000	-1.755366	5.605838	-0.852423	-0.049775	-1.512717	-0.183376
1.380000	-1.980747	4.870660	-0.847165	-0.064416	-1.444807	-0.166968
1.400000	-2.162578	3.956844	-0.845746	-0.080191	-1.369806	-0.152791
1.420000	-2.301207	2.897151	-0.846701	-0.096826	-1.288854	-0.140851
1.440000	-2.396983	1.724341	-0.848561	-0.114047	-1.203089	-0.131155
1.460000	-2.450255	0.471176	-0.849861	-0.131577	-1.113650	-0.123707
1.480000	-2.461372	-0.829583	-0.849133	-0.149144	-1.021675	-0.118513
1.500000	-2.430683	-2.145175	-0.844910	-0.166471	-0.928303	-0.115578
1.520000	-2.358537	-3.442840	-0.835725	-0.183284	-0.834673	-0.114907
1.540000	-2.245283	-4.689815	-0.820112	-0.199309	-0.741922	-0.116507
1.560000	-2.091270	-5.853341	-0.796604	-0.214270	-0.651190	-0.120383
1.580000	-1.896846	-6.900655	-0.763734	-0.227893	-0.563615	-0.126540
1.600000	-1.662361	-7.798997	-0.720035	-0.239903	-0.480336	-0.134984
1.620000	-1.388164	-8.515606	-0.664040	-0.250026	-0.402492	-0.145719
1.640000	-1.074603	-9.017721	-0.594282	-0.257986	-0.331220	-0.158753
1.660000	-0.722027	-9.272581	-0.509294	-0.263509	-0.267661	-0.174089
1.680000	-0.331054	-9.250059	-0.407771	-0.266336	-0.212880	-0.191715
1.700000	0.094071	-8.955683	-0.290592	-0.266432	-0.166984	-0.211377
1.720000	0.546493	-8.420619	-0.160207	-0.263920	-0.129386	-0.232641
1.740000	1.019302	-7.676595	-0.019098	-0.258927	-0.099485	-0.255075
1.760000	1.505584	-6.755339	0.130250	-0.251581	-0.076679	-0.278242
1.780000	1.998429	-5.688579	0.285352	-0.242008	-0.060367	-0.301708
1.800000	2.490924	-4.508044	0.443726	-0.230336	-0.049947	-0.325038
1.820000	2.976158	-3.245462	0.602886	-0.216691	-0.044817	-0.347797
1.840000	3.447219	-1.932561	0.760350	-0.201202	-0.044377	-0.369550
1.860000	3.897196	-0.601069	0.913633	-0.183995	-0.048025	-0.389863
1.880000	4.319176	0.717285	1.060251	-0.165197	-0.055158	-0.408300
1.900000	4.706247	1.990773	1.197721	-0.144936	-0.065177	-0.424427
1.920000	5.051499	3.187666	1.323557	-0.123339	-0.077478	-0.437808
1.940000	5.348019	4.276237	1.435277	-0.100532	-0.091461	-0.448010
1.960000	5.588896	5.224758	1.530397	-0.076644	-0.106524	-0.454596
1.980000	5.767217	6.001499	1.606432	-0.051800	-0.122066	-0.457132
2.000000	5.876072	6.574733	1.660898	-0.026129	-0.137485	-0.455184
2.020000	5.908571	6.912826	1.691320	0.000242	-0.152180	-0.448318
2.040000	5.862261	7.001866	1.696637	0.027112	-0.165743	-0.436411
2.060000	5.744280	6.866285	1.678852	0.054121	-0.178179	-0.420013
2.080000	5.563019	6.535523	1.640371	0.080886	-0.189548	-0.399763
2.100000	5.326870	6.039022	1.583598	0.107026	-0.199910	-0.376297
2.120000	5.044225	5.406225	1.510937	0.132160	-0.209324	-0.350253
2.140000	4.723475	4.666572	1.424792	0.155906	-0.217850	-0.322269
2.160000	4.373013	3.849506	1.327568	0.177882	-0.225548	-0.292983
2.180000	4.001229	2.984467	1.221670	0.197708	-0.232477	-0.263031
2.200000	3.616516	2.100897	1.109501	0.215002	-0.238698	-0.233053
2.220000	3.227266	1.228238	0.993466	0.229381	-0.244269	-0.203685
2.240000	2.841869	0.395931	0.875969	0.240465	-0.249251	-0.175565
2.260000	2.468718	-0.366582	0.759416	0.247873	-0.253704	-0.149331
2.280000	2.116205	-1.029859	0.646209	0.251222	-0.257686	-0.125620
2.300000	1.792720	-1.564460	0.538754	0.250131	-0.261259	-0.105070
2.320000	1.506656	-1.940942	0.439455	0.244218	-0.264481	-0.088318
2.340000	1.266056	-2.131257	0.350637	0.233128	-0.267411	-0.075978
2.360000	1.072184	-2.134397	0.273074	0.217003	-0.270102	-0.068168
2.380000	0.920157	-1.973882	0.206136	0.196433	-0.272598	-0.064562
2.400000	0.804870	-1.674121	0.149141	0.172029	-0.274943	-0.064818
2.420000	0.721217	-1.259519	0.101408	0.144398	-0.277182	-0.068591
2.440000	0.664093	-0.754487	0.062256	0.114149	-0.279358	-0.075539
2.460000	0.628393	-0.183431	0.031002	0.081891	-0.281516	-0.085319
