0.000000	-6.271275	0.985541	0.772813	-0.262737	-0.820583	-0.442421
0.020000	-6.286842	0.709390	0.830466	-0.271002	-0.832559	-0.465503
0.040000	-6.282690	0.439966	0.885072	-0.279101	-0.844083	-0.488297
0.060000	-6.258154	0.183595	0.936129	-0.286939	-0.854769	-0.510589
0.080000	-6.212571	-0.053397	0.983132	-0.294423	-0.864233	-0.532166
0.100000	-6.145276	-0.264683	1.025578	-0.301460	-0.872087	-0.552814
0.120000	-6.055604	-0.443937	1.062964	-0.307955	-0.877947	-0.572317
0.140000	-5.943486	-0.586619	1.094875	-0.313842	-0.881542	-0.590524
0.160000	-5.810867	-0.694260	1.121197	-0.319144	-0.882996	-0.607491
0.180000	-5.660122	-0.769678	1.141880	-0.323902	-0.882519	-0.623319
0.200000	-5.493626	-0.815693	1.156873	-0.328158	-0.880318	-0.638110
0.220000	-5.313753	-0.835124	1.166127	-0.331955	-0.876601	-0.651963
0.240000	-5.122879	-0.830789	1.169591	-0.335334	-0.871575	-0.664980
0.260000	-4.923378	-0.805508	1.167215	-0.338338	-0.865450	-0.677261
0.280000	-4.717625	-0.762100	1.158950	-0.341009	-0.858434	-0.688909
0.300000	-4.507994	-0.703384	1.144744	-0.343388	-0.850733	-0.700023
0.320000	-4.296860	-0.632178	1.124548	-0.345517	-0.842557	-0.710705
0.340000	-4.086599	-0.551303	1.098311	-0.347439	-0.834113	-0.721056
0.360000	-3.879583	-0.463576	1.065984	-0.349195	-0.825610	-0.731176
0.380000	-3.678189	-0.371818	1.027516	-0.350828	-0.817256	-0.741167
0.400000	-3.484791	-0.278846	0.982857	-0.352380	-0.809258	-0.751129
0.420000	-3.301764	-0.187481	0.931957	-0.353892	-0.801824	-0.761163
0.440000	-3.131483	-0.100541	0.874765	-0.355407	-0.795164	-0.771371
0.460000	-2.975900	-0.020589	0.811302	-0.356961	-0.789460	-0.781835
0.480000	-2.833865	0.051710	0.742094	-0.358554	-0.784720	-0.792509
0.500000	-2.702834	0.116538	0.667900	-0.360170	-0.780870	-0.803285
0.520000	-2.580258	0.174080	0.589477	-0.361791	-0.777839	-0.814057
0.540000	-2.463589	0.224524	0.507583	-0.363402	-0.775552	-0.824719
0.560000	-2.350276	0.268056	0.422976	-0.364983	-0.773938	-0.835165
0.580000	-2.237772	0.304862	0.336415	-0.366520	-0.772922	-0.845287
0.600000	-2.123526	0.335128	0.248656	-0.367994	-0.772433	-0.854980
0.620000	-2.004990	0.359040	0.160459	-0.369390	-0.772397	-0.864137
0.640000	-1.879614	0.376786	0.072580	-0.370689	-0.772740	-0.872652
0.660000	-1.744850	0.388551	-0.014221	-0.371876	-0.773391	-0.880417
0.680000	-1.598148	0.394522	-0.099188	-0.372933	-0.774276	-0.887327
0.700000	-1.436960	0.394885	-0.181562	-0.373843	-0.775322	-0.893276
0.720000	-1.258735	0.389827	-0.260585	-0.374589	-0.776456	-0.898156
0.740000	-1.060925	0.379533	-0.335499	-0.375155	-0.777606	-0.901862
0.760000	-0.840983	0.364190	-0.405547	-0.375524	-0.778697	-0.904286
0.780000	-0.597758	0.344153	-0.470244	-0.375679	-0.779679	-0.905359
0.800000	-0.333936	0.320234	-0.529858	-0.375612	-0.780556	-0.905111
0.820000	-0.052854	0.293323	-0.584783	-0.375313	-0.781344	-0.903588
0.840000	0.242149	0.264313	-0.635415	-0.374772	-0.782057	-0.900837
0.860000	0.547734	0.234094	-0.682147	-0.373979	-0.782710	-0.896905
0.880000	0.860563	0.203558	-0.725376	-0.372926	-0.783319	-0.891838
0.900000	1.177299	0.173595	-0.765495	-0.371602	-0.783898	-0.885683
0.920000	1.494603	0.145096	-0.802901	-0.369998	-0.784463	-0.878488
0.940000	1.809137	0.118954	-0.837986	-0.368105	-0.785028	-0.870298
0.960000	2.117562	0.096057	-0.871147	-0.365914	-0.785609	-0.861160
0.980000	2.416540	0.077299	-0.902779	-0.363414	-0.786220	-0.851122
1.000000	2.702733	0.063569	-0.933275	-0.360596	-0.786876	-0.840230
1.020000	2.972803	0.055760	-0.963032	-0.357451	-0.787593	-0.828530
1.040000	3.223412	0.054761	-0.992444	-0.353970	-0.788386	-0.816069
1.060000	3.451220	0.061464	-1.021905	-0.350142	-0.789269	-0.802895
1.080000	3.652976	0.076715	-1.051801	-0.345959	-0.790257	-0.789053
1.100000	3.827891	0.100013	-1.082232	-0.341427	-0.791351	-0.774575
1.120000	3.977960	0.129343	-1.112976	-0.336570	-0.792536	-0.759479
1.140000	4.105326	0.162607	-1.143796	-0.331412	-0.793796	-0.743780
1.160000	4.212135	0.197709	-1.174451	-0.325977	-0.795116	-0.727494
1.180000	4.300529	0.232551	-1.204705	-0.320291	-0.796481	-0.710636
1.200000	4.372653	0.265037	-1.234318	-0.314376	-0.797874	-0.693223
1.220000	4.430650	0.293068	-1.263051	-0.308258	-0.799280	-0.675270
1.240000	4.476666	0.314548	-1.290667	-0.301962	-0.800684	-0.656793
1.260000	4.512843	0.327379	-1.316926	-0.295511	-0.802070	-0.637807
1.280000	4.541325	0.329465	-1.341589	-0.288929	-0.803422	-0.618330
1.300000	4.564257	0.318708	-1.364419	-0.282243	-0.804725	-0.598375
1.320000	4.583783	0.293010	-1.385177	-0.275474	-0.805964	-0.577959
1.340000	4.602046	0.250275	-1.403623	-0.268649	-0.807122	-0.557099
1.360000	4.621190	0.188406	-1.419520	-0.261792	-0.808183	-0.535809
1.380000	4.643360	0.105304	-1.432629	-0.254927	-0.809134	-0.514105
1.400000	4.670274	-0.000765	-1.442766	-0.248077	-0.809963	-0.492013
1.420000	4.700294	-0.128689	-1.450185	-0.241261	-0.810709	-0.469632
1.440000	4.730194	-0.276008	-1.455344	-0.234494	-0.811434	-0.447099
1.460000	4.756737	-0.440251	-1.458705	-0.227792	-0.812199	-0.424548
1.480000	4.776686	-0.618949	-1.460727	-0.221170	-0.813064	-0.402114
1.500000	4.786805	-0.809631	-1.461872	-0.214643	-0.814092	-0.379934
1.520000	4.783858	-1.009829	-1.462601	-0.208228	-0.815343	-0.358143
1.540000	4.764607	-1.217072	-1.463373	-0.201938	-0.816878	-0.336876
1.560000	4.725816	-1.428891	-1.464649	-0.195790	-0.818760	-0.316270
1.580000	4.664249	-1.642816	-1.466891	-0.189799	-0.821048	-0.296458
1.600000	4.576669	-1.856378	-1.470558	-0.183981	-0.823804	-0.277578
1.620000	4.459839	-2.067106	-1.476112	-0.178350	-0.827091	-0.259764
1.640000	4.310523	-2.272531	-1.484013	-0.172923	-0.830967	-0.243152
1.660000	4.125483	-2.470183	-1.494721	-0.167714	-0.835496	-0.227877
1.680000	3.901485	-2.657593	-1.508698	-0.162740	-0.840738	-0.214076
1.700000	3.635290	-2.832291	-1.526403	-0.158015	-0.846754	-0.201883
1.720000	3.323663	-2.991806	-1.548298	-0.153555	-0.853606	-0.191434
1.740000	2.965001	-3.134002	-1.574587	-0.149374	-0.861327	-0.182822
1.760000	2.565409	-3.258306	-1.604266	-0.145475	-0.869822	-0.175943
1.780000	2.133255	-3.364604	-1.635976	-0.141862	-0.878956	-0.170634
1.800000	1.676907	-3.452784	-1.668360	-0.138537	-0.888595	-0.166733
1.820000	1.204736	-3.522733	-1.700058	-0.135501	-0.898606	-0.164075
1.840000	0.725110	-3.574338	-1.729711	-0.132758	-0.908853	-0.162499
1.860000	0.246399	-3.607486	-1.755961	-0.130308	-0.919204	-0.161840
1.880000	-0.223028	-3.622065	-1.777449	-0.128155	-0.929524	-0.161938
1.900000	-0.674802	-3.617961	-1.792817	-0.126300	-0.939679	-0.162628
1.920000	-1.100554	-3.595062	-1.800705	-0.124745	-0.949534	-0.163747
1.940000	-1.491915	-3.553256	-1.799755	-0.123494	-0.958957	-0.165133
1.960000	-1.840515	-3.492428	-1.788608	-0.122547	-0.967812	-0.166623
1.980000	-2.137985	-3.412467	-1.765905	-0.121907	-0.975966	-0.168054
2.000000	-2.375955	-3.313260	-1.730289	-0.121577	-0.983284	-0.169263
2.020000	-2.546058	-3.194693	-1.680399	-0.121558	-0.989633	-0.170087
2.040000	-2.641565	-3.056807	-1.615204	-0.121848	-0.994901	-0.170386
2.060000	-2.666026	-2.900595	-1.535715	-0.122414	-0.999124	-0.170161
2.080000	-2.626958	-2.727421	-1.443734	-0.123212	-1.002390	-0.169469
2.100000	-2.531887	-2.538646	-1.341063	-0.124196	-1.004790	-0.168366
2.120000	-2.388338	-2.335635	-1.229504	-0.125323	-1.006415	-0.166909
2.140000	-2.203837	-2.119750	-1.110860	-0.126548	-1.007355	-0.165154
2.160000	-1.985910	-1.892355	-0.986933	-0.127827	-1.007700	-0.163157
2.180000	-1.742083	-1.654813	-0.859526	-0.129115	-1.007540	-0.160975
2.200000	-1.479881	-1.408487	-0.730442	-0.130367	-1.006965	-0.158664
2.220000	-1.206830	-1.154740	-0.601483	-0.131540	-1.006067	-0.156281
2.240000	-0.930456	-0.894936	-0.474451	-0.132588	-1.004934	-0.153882
2.260000	-0.658284	-0.630438	-0.351149	-0.133467	-1.003658	-0.151523
2.280000	-0.397840	-0.362609	-0.233379	-0.134133	-1.002329	-0.149262
2.300000	-0.156650	-0.092812	-0.122945	-0.134541	-1.001036	-0.147154
2.320000	0.057760	0.177589	-0.021648	-0.134647	-0.999871	-0.145255
2.340000	0.237865	0.447232	0.068709	-0.134406	-0.998923	-0.143623
2.360000	0.376138	0.714752	0.146323	-0.133774	-0.998283	-0.142313
2.380000	0.466863	0.978758	0.209983	-0.132729	-0.998006	-0.141376
2.400000	0.511170	1.237747	0.260716	-0.131336	-0.998019	-0.140836
2.420000	0.511810	1.490187	0.300080	-0.129680	-0.998217	-0.140711
2.440000	0.471536	1.734548	0.329633	-0.127847	-0.998495	-0.141020
2.460000	0.393098	1.969302	0.350931	-0.125922	-0.998747	-0.141782
2.480000	0.279250	2.192918	0.365532	-0.123990	-0.998870	-0.143015
2.500000	0.132742	2.403865	0.374994	-0.122138	-0.998758	-0.144738
2.520000	-0.043673	2.600615	0.380874	-0.120450	-0.998306	-0.146969
2.540000	-0.247244	2.781636	0.384729	-0.119011	-0.997410	-0.149726
2.560000	-0.475218	2.945400	0.388118	-0.117907	-0.995964	-0.153029
2.580000	-0.724845	3.090375	0.392596	-0.117224	-0.993864	-0.156896
2.600000	-0.993371	3.215032	0.399723	-0.117047	-0.991005	-0.161345
2.620000	-1.278046	3.317841	0.411055	-0.117460	-0.987282	-0.166395
2.640000	-1.576118	3.397273	0.428149	-0.118550	-0.982590	-0.172065
2.660000	-1.884833	3.451796	0.452564	-0.120402	-0.976824	-0.178373
2.680000	-2.201439	3.479912	0.485834	-0.123100	-0.969881	-0.185336
2.700000	-2.523028	3.481830	0.528256	-0.126645	-0.961758	-0.192937
2.720000	-2.846463	3.460330	0.578262	-0.130913	-0.952602	-0.201099
2.740000	-3.168587	3.418402	0.634134	-0.135771	-0.942571	-0.209743
2.760000	-3.486246	3.359039	0.694151	-0.141085	-0.931826	-0.218790
2.780000	-3.796283	3.285230	0.756592	-0.146721	-0.920525	-0.228160
2.800000	-4.095543	3.199967	0.819737	-0.152546	-0.908827	-0.237774
2.820000	-4.380869	3.106242	0.881867	-0.158426	-0.896893	-0.247551
2.840000	-4.649107	3.007046	0.941260	-0.164227	-0.884880	-0.257413
2.860000	-4.897099	2.905369	0.996196	-0.169816	-0.872949	-0.267279
2.880000	-5.121690	2.804203	1.044956	-0.175058	-0.861258	-0.277071
2.900000	-5.319724	2.706540	1.085819	-0.179821	-0.849966	-0.286708
2.920000	-5.488046	2.615369	1.117065	-0.183970	-0.839233	-0.296111
2.940000	-5.623499	2.533684	1.136974	-0.187372	-0.829219	-0.305200
