0.000000	-5.357482	1.022902	-1.187631	-0.176798	-0.860041	-0.259533
0.020000	-5.510326	0.877753	-1.271562	-0.171300	-0.852744	-0.279360
0.040000	-5.644140	0.722827	-1.344637	-0.166008	-0.845767	-0.300024
0.060000	-5.756841	0.560756	-1.404412	-0.161011	-0.839286	-0.321304
0.080000	-5.846350	0.394174	-1.448441	-0.156396	-0.833479	-0.342976
0.100000	-5.910585	0.225712	-1.474280	-0.152251	-0.828523	-0.364818
0.120000	-5.947463	0.058002	-1.479486	-0.148663	-0.824596	-0.386608
0.140000	-5.954905	-0.106322	-1.461613	-0.145722	-0.821875	-0.408121
0.160000	-5.930829	-0.264629	-1.418218	-0.143513	-0.820537	-0.429136
0.180000	-5.873153	-0.414287	-1.346856	-0.142126	-0.820759	-0.449430
0.200000	-5.780511	-0.553019	-1.245960	-0.141626	-0.822662	-0.468819
0.220000	-5.654743	-0.680146	-1.117913	-0.141987	-0.826115	-0.487295
0.240000	-5.498588	-0.795441	-0.966202	-0.143154	-0.830917	-0.504896
0.260000	-5.314789	-0.898674	-0.794315	-0.145073	-0.836865	-0.521663
0.280000	-5.106085	-0.989615	-0.605741	-0.147691	-0.843758	-0.537637
0.300000	-4.875216	-1.068036	-0.403967	-0.150953	-0.851393	-0.552858
0.320000	-4.624924	-1.133707	-0.192481	-0.154806	-0.859569	-0.567365
0.340000	-4.357948	-1.186400	0.025227	-0.159196	-0.868085	-0.581199
0.360000	-4.077029	-1.225884	0.245671	-0.164069	-0.876737	-0.594399
0.380000	-3.784908	-1.251931	0.465362	-0.169370	-0.885324	-0.607007
0.400000	-3.484324	-1.264312	0.680812	-0.175046	-0.893645	-0.619062
0.420000	-3.178020	-1.262798	0.888533	-0.181044	-0.901497	-0.630604
0.440000	-2.868734	-1.247159	1.085036	-0.187308	-0.908679	-0.641673
0.460000	-2.559207	-1.217166	1.266834	-0.193786	-0.914988	-0.652310
0.480000	-2.252181	-1.172590	1.430438	-0.200422	-0.920223	-0.662555
0.500000	-1.950395	-1.113202	1.572360	-0.207164	-0.924182	-0.672447
0.520000	-1.656589	-1.038773	1.689113	-0.213958	-0.926663	-0.682027
0.540000	-1.373457	-0.949142	1.777354	-0.220750	-0.927476	-0.691334
0.560000	-1.102781	-0.845438	1.836472	-0.227519	-0.926664	-0.700388
0.580000	-0.845543	-0.729931	1.868275	-0.234266	-0.924473	-0.709192
0.600000	-0.602695	-0.604928	1.874653	-0.240997	-0.921158	-0.717749
0.620000	-0.375191	-0.472740	1.857497	-0.247716	-0.916973	-0.726062
0.640000	-0.163983	-0.335674	1.818699	-0.254426	-0.912171	-0.734134
0.660000	0.029976	-0.196040	1.760150	-0.261132	-0.907006	-0.741967
0.680000	0.205733	-0.056147	1.683740	-0.267837	-0.901734	-0.749564
0.700000	0.362335	0.081697	1.591360	-0.274546	-0.896607	-0.756927
0.720000	0.498830	0.215183	1.484902	-0.281263	-0.891880	-0.764060
0.740000	0.614265	0.342001	1.366256	-0.287992	-0.887806	-0.770965
0.760000	0.707686	0.459844	1.237313	-0.294737	-0.884641	-0.777645
0.780000	0.778141	0.566402	1.099965	-0.301502	-0.882638	-0.784103
0.800000	0.824677	0.659365	0.956102	-0.308291	-0.882050	-0.790340
0.820000	0.846341	0.736427	0.807615	-0.315108	-0.883133	-0.796361
0.840000	0.842280	0.795326	0.656381	-0.321957	-0.886131	-0.802166
0.860000	0.814505	0.835243	0.503893	-0.328801	-0.891039	-0.807702
0.880000	0.768264	0.856979	0.351206	-0.335561	-0.897566	-0.812860
0.900000	0.708980	0.861424	0.199350	-0.342156	-0.905407	-0.817523
0.920000	0.642072	0.849467	0.049358	-0.348504	-0.914259	-0.821579
0.940000	0.572963	0.821998	-0.097738	-0.354523	-0.923815	-0.824911
0.960000	0.507073	0.779906	-0.240907	-0.360133	-0.933771	-0.827406
0.980000	0.449824	0.724081	-0.379116	-0.365252	-0.943822	-0.828949
1.000000	0.406637	0.655411	-0.511335	-0.369798	-0.953663	-0.829425
1.020000	0.382933	0.574787	-0.636531	-0.373690	-0.962988	-0.828721
1.040000	0.384134	0.483097	-0.753672	-0.376846	-0.971494	-0.826721
1.060000	0.415661	0.381231	-0.861727	-0.379185	-0.978874	-0.823310
1.080000	0.482935	0.270079	-0.959664	-0.380625	-0.984824	-0.818375
1.100000	0.591377	0.150530	-1.046451	-0.381085	-0.989039	-0.811801
1.120000	0.746410	0.023473	-1.121056	-0.380484	-0.991214	-0.803473
1.140000	0.953453	-0.110203	-1.182448	-0.378740	-0.991045	-0.793276
1.160000	1.217908	-0.249605	-1.229598	-0.375771	-0.988226	-0.781098
1.180000	1.540919	-0.393502	-1.262136	-0.371556	-0.982630	-0.766910
1.200000	1.914115	-0.539895	-1.281161	-0.366205	-0.974523	-0.750884
1.220000	2.327837	-0.686683	-1.287974	-0.359847	-0.964225	-0.733217
1.240000	2.772426	-0.831765	-1.283875	-0.352609	-0.952055	-0.714105
1.260000	3.238224	-0.973038	-1.270164	-0.344619	-0.938334	-0.693745
1.280000	3.715571	-1.108402	-1.248139	-0.336006	-0.923379	-0.672335
1.300000	4.194809	-1.235755	-1.219101	-0.326899	-0.907512	-0.650070
1.320000	4.666278	-1.352996	-1.184350	-0.317424	-0.891051	-0.627148
1.340000	5.120319	-1.458023	-1.145185	-0.307711	-0.874316	-0.603766
1.360000	5.547273	-1.548735	-1.102907	-0.297888	-0.857627	-0.580121
1.380000	5.937482	-1.623030	-1.058814	-0.288083	-0.841303	-0.556409
1.400000	6.281287	-1.678807	-1.014208	-0.278423	-0.825664	-0.532828
1.420000	6.569027	-1.713965	-0.970386	-0.269038	-0.811029	-0.509574
1.440000	6.791045	-1.726402	-0.928650	-0.260056	-0.797717	-0.486844
1.460000	6.937682	-1.714017	-0.890300	-0.251604	-0.786049	-0.464835
1.480000	6.999278	-1.674708	-0.856633	-0.243811	-0.776344	-0.443744
1.500000	6.968834	-1.607132	-0.828652	-0.236784	-0.768856	-0.423732
1.520000	6.851879	-1.513525	-0.805947	-0.230536	-0.763532	-0.404791
1.540000	6.657626	-1.397170	-0.787691	-0.225049	-0.760229	-0.386865
1.560000	6.395290	-1.261354	-0.773062	-0.220307	-0.758803	-0.369895
1.580000	6.074086	-1.109362	-0.761232	-0.216293	-0.759110	-0.353825
1.600000	5.703228	-0.944479	-0.751379	-0.212990	-0.761006	-0.338597
1.620000	5.291931	-0.769992	-0.742676	-0.210381	-0.764350	-0.324154
1.640000	4.849408	-0.589185	-0.734300	-0.208450	-0.768996	-0.310439
1.660000	4.384875	-0.405344	-0.725424	-0.207180	-0.774801	-0.297394
1.680000	3.907546	-0.221755	-0.715225	-0.206554	-0.781622	-0.284963
1.700000	3.426635	-0.041704	-0.702877	-0.206555	-0.789315	-0.273087
1.720000	2.951357	0.131525	-0.687555	-0.207167	-0.797737	-0.261710
1.740000	2.490926	0.294645	-0.668435	-0.208373	-0.806744	-0.250774
1.760000	2.054557	0.444371	-0.644692	-0.210156	-0.816193	-0.240223
1.780000	1.651464	0.577418	-0.615500	-0.212499	-0.825939	-0.229999
1.800000	1.289684	0.690941	-0.580216	-0.215380	-0.835849	-0.220053
1.820000	0.969882	0.784852	-0.539322	-0.218742	-0.845844	-0.210394
1.840000	0.689879	0.860133	-0.493736	-0.222515	-0.855865	-0.201054
1.860000	0.447486	0.917764	-0.444377	-0.226628	-0.865856	-0.192063
1.880000	0.240519	0.958726	-0.392166	-0.231011	-0.875760	-0.183451
1.900000	0.066789	0.984000	-0.338021	-0.235593	-0.885518	-0.175250
1.920000	-0.075888	0.994569	-0.282861	-0.240305	-0.895074	-0.167490
1.940000	-0.189701	0.991413	-0.227606	-0.245075	-0.904370	-0.160202
1.960000	-0.276836	0.975514	-0.173175	-0.249834	-0.913349	-0.153417
1.980000	-0.339478	0.947852	-0.120487	-0.254510	-0.921953	-0.147165
2.000000	-0.379816	0.909410	-0.070462	-0.259034	-0.930126	-0.141478
2.020000	-0.400035	0.861169	-0.024018	-0.263335	-0.937809	-0.136385
2.040000	-0.402322	0.804110	0.017924	-0.267343	-0.944946	-0.131919
2.060000	-0.388864	0.739214	0.054446	-0.270988	-0.951479	-0.128109
2.080000	-0.361846	0.667463	0.084628	-0.274198	-0.957350	-0.124987
2.100000	-0.323457	0.589838	0.107552	-0.276904	-0.962502	-0.122582
2.120000	-0.275909	0.507350	0.122374	-0.279039	-0.966881	-0.120924
2.140000	-0.221827	0.421455	0.129418	-0.280607	-0.970467	-0.119991
2.160000	-0.164153	0.333956	0.129902	-0.281664	-0.973269	-0.119729
2.180000	-0.105835	0.246662	0.125073	-0.282265	-0.975294	-0.120079
2.200000	-0.049824	0.161382	0.116172	-0.282469	-0.976554	-0.120984
2.220000	0.000931	0.079928	0.104444	-0.282332	-0.977055	-0.122388
2.240000	0.043481	0.004108	0.091133	-0.281911	-0.976809	-0.124233
2.260000	0.074876	-0.064266	0.077483	-0.281264	-0.975823	-0.126463
2.280000	0.092166	-0.123384	0.064738	-0.280447	-0.974107	-0.129019
2.300000	0.092403	-0.171438	0.054141	-0.279517	-0.971670	-0.131844
2.320000	0.072635	-0.206616	0.046937	-0.278532	-0.968521	-0.134883
2.340000	0.029915	-0.227109	0.044369	-0.277549	-0.964668	-0.138077
2.360000	-0.038708	-0.231107	0.047681	-0.276624	-0.960122	-0.141368
2.380000	-0.136184	-0.216799	0.058117	-0.275815	-0.954891	-0.144701
2.400000	-0.265461	-0.182375	0.076922	-0.275179	-0.948984	-0.148018
2.420000	-0.429490	-0.126026	0.105338	-0.274773	-0.942410	-0.151262
2.440000	-0.631167	-0.045975	0.144589	-0.274652	-0.935179	-0.154376
2.460000	-0.870506	0.057686	0.194767	-0.274841	-0.927324	-0.157341
2.480000	-1.143181	0.182055	0.254259	-0.275310	-0.918918	-0.160196
2.500000	-1.444507	0.323997	0.321314	-0.276028	-0.910035	-0.162983
2.520000	-1.769800	0.480380	0.394178	-0.276963	-0.900748	-0.165744
2.540000	-2.114377	0.648069	0.471099	-0.278081	-0.891132	-0.168524
2.560000	-2.473553	0.823931	0.550326	-0.279351	-0.881262	-0.171363
2.580000	-2.842644	1.004831	0.630105	-0.280740	-0.871212	-0.174306
2.600000	-3.216967	1.187635	0.708684	-0.282217	-0.861055	-0.177394
2.620000	-3.591837	1.369210	0.784311	-0.283749	-0.850867	-0.180670
2.640000	-3.962571	1.546422	0.855233	-0.285303	-0.840722	-0.184177
2.660000	-4.324483	1.716137	0.919697	-0.286847	-0.830694	-0.187958
2.680000	-4.672891	1.875221	0.975953	-0.288350	-0.820858	-0.192055
2.700000	-5.003110	2.020540	1.022246	-0.289779	-0.811287	-0.196511
2.720000	-5.310456	2.148961	1.056825	-0.291101	-0.802056	-0.201369
2.740000	-5.590246	2.257349	1.077937	-0.292284	-0.793239	-0.206671
2.760000	-5.837795	2.342571	1.083831	-0.293297	-0.784911	-0.212460
2.780000	-6.049737	2.402583	1.073486	-0.294120	-0.777149	-0.218775
2.800000	-6.226728	2.438671	1.048122	-0.294778	-0.770036	-0.225641
2.820000	-6.370185	2.452753	1.009381	-0.295303	-0.763658	-0.233082
2.840000	-6.481529	2.446746	0.958907	-0.295728	-0.758101	-0.241121
2.860000	-6.562179	2.422567	0.898344	-0.296084	-0.753451	-0.249781
2.880000	-6.613553	2.382135	0.829335	-0.296404	-0.749792	-0.259086
2.900000	-6.637072	2.327368	0.753524	-0.296719	-0.747211	-0.269059
2.920000	-6.634154	2.260182	0.672555	-0.297064	-0.745792	-0.279723
2.940000	-6.606218	2.182497	0.588070	-0.297469	-0.745622	-0.291103
2.960000	-6.554685	2.096229	0.501714	-0.297966	-0.746786	-0.303220
2.980000	-6.480972	2.003297	0.415131	-0.298589	-0.749370	-0.316099
3.000000	-6.386500	1.905618	0.329962	-0.299369	-0.753459	-0.329762
