0.000000	-3.324962	3.282774	-0.015290	-0.188435	-0.573261	-0.217102
0.020000	-3.559993	3.311586	0.035712	-0.184984	-0.558878	-0.228834
0.040000	-3.794644	3.307008	0.089541	-0.182076	-0.549578	-0.241862
0.060000	-4.027726	3.265346	0.145985	-0.179805	-0.546007	-0.256287
0.080000	-4.258050	3.182911	0.204833	-0.178262	-0.548811	-0.272211
0.100000	-4.484366	3.056568	0.265836	-0.177533	-0.558541	-0.289714
0.120000	-4.704858	2.888470	0.328353	-0.177632	-0.574843	-0.308702
0.140000	-4.917399	2.683673	0.391535	-0.178532	-0.596866	-0.328980
0.160000	-5.119856	2.447267	0.454526	-0.180207	-0.623755	-0.350353
0.180000	-5.310099	2.184340	0.516474	-0.182631	-0.654655	-0.372627
0.200000	-5.485996	1.899979	0.576526	-0.185778	-0.688709	-0.395606
0.220000	-5.645416	1.599275	0.633826	-0.189622	-0.725061	-0.419096
0.240000	-5.786226	1.287314	0.687523	-0.194135	-0.762857	-0.442902
0.260000	-5.906297	0.969186	0.736762	-0.199292	-0.801240	-0.466829
0.280000	-6.003496	0.649980	0.780690	-0.205067	-0.839355	-0.490682
0.300000	-6.075692	0.334782	0.818453	-0.211432	-0.876346	-0.514267
0.320000	-6.120754	0.028683	0.849197	-0.218363	-0.911357	-0.537387
0.340000	-6.136550	-0.263231	0.872069	-0.225832	-0.943533	-0.559849
0.360000	-6.120949	-0.535869	0.886216	-0.233814	-0.972017	-0.581458
0.380000	-6.071819	-0.784145	0.890784	-0.242282	-0.995956	-0.602018
0.400000	-5.987029	-1.002969	0.884919	-0.251209	-1.014491	-0.621335
0.420000	-5.865696	-1.188473	0.868118	-0.260564	-1.027053	-0.639269
0.440000	-5.711203	-1.340962	0.841080	-0.270295	-1.034038	-0.655868
0.460000	-5.527849	-1.461636	0.804759	-0.280348	-1.036055	-0.671222
0.480000	-5.319929	-1.551691	0.760109	-0.290665	-1.033708	-0.685418
0.500000	-5.091741	-1.612326	0.708085	-0.301193	-1.027603	-0.698547
0.520000	-4.847582	-1.644739	0.649641	-0.311874	-1.018348	-0.710696
0.540000	-4.591748	-1.650127	0.585731	-0.322654	-1.006548	-0.721955
0.560000	-4.328537	-1.629690	0.517311	-0.333478	-0.992810	-0.732412
0.580000	-4.062246	-1.584623	0.445334	-0.344289	-0.977739	-0.742156
0.600000	-3.797171	-1.516127	0.370755	-0.355031	-0.961942	-0.751275
0.620000	-3.537610	-1.425398	0.294529	-0.365651	-0.946025	-0.759860
0.640000	-3.287859	-1.313635	0.217609	-0.376091	-0.930595	-0.767997
0.660000	-3.052216	-1.182036	0.140951	-0.386297	-0.916256	-0.775777
0.680000	-2.834977	-1.031798	0.065509	-0.396213	-0.903616	-0.783288
0.700000	-2.640440	-0.864120	-0.007764	-0.405783	-0.893281	-0.790619
0.720000	-2.472901	-0.680199	-0.077911	-0.414951	-0.885857	-0.797859
0.740000	-2.335762	-0.481483	-0.144087	-0.423661	-0.881861	-0.805079
0.760000	-2.225762	-0.271269	-0.206243	-0.431840	-0.881148	-0.812226
0.780000	-2.136643	-0.053686	-0.264690	-0.439410	-0.883276	-0.819192
0.800000	-2.062129	0.167130	-0.319741	-0.446290	-0.887800	-0.825867
0.820000	-1.995948	0.387046	-0.371710	-0.452402	-0.894276	-0.832140
0.840000	-1.931823	0.601927	-0.420910	-0.457668	-0.902260	-0.837903
0.860000	-1.863482	0.807639	-0.467653	-0.462008	-0.911308	-0.843046
0.880000	-1.784650	1.000046	-0.512253	-0.465343	-0.920975	-0.847459
0.900000	-1.689052	1.175016	-0.555023	-0.467595	-0.930817	-0.851033
0.920000	-1.570415	1.328413	-0.596276	-0.468684	-0.940390	-0.853658
0.940000	-1.422464	1.456103	-0.636326	-0.468532	-0.949249	-0.855224
0.960000	-1.238925	1.553952	-0.675484	-0.467059	-0.956951	-0.855622
0.980000	-1.013524	1.617825	-0.714065	-0.464187	-0.963050	-0.854743
1.000000	-0.739987	1.643588	-0.752381	-0.459837	-0.967104	-0.852476
1.020000	-0.412038	1.627106	-0.790745	-0.453929	-0.968667	-0.848713
1.040000	-0.023405	1.564246	-0.829472	-0.446386	-0.967296	-0.843342
1.060000	0.431732	1.451148	-0.868868	-0.437134	-0.962567	-0.836261
1.080000	0.950591	1.289151	-0.909142	-0.426247	-0.954478	-0.827456
1.100000	1.522731	1.084224	-0.950416	-0.413925	-0.943397	-0.816995
1.120000	2.137441	0.842497	-0.992808	-0.400370	-0.929704	-0.804950
1.140000	2.784013	0.570102	-1.036435	-0.385788	-0.913782	-0.791392
1.160000	3.451734	0.273170	-1.081417	-0.370383	-0.896013	-0.776394
1.180000	4.129897	-0.042169	-1.127870	-0.354359	-0.876776	-0.760027
1.200000	4.807790	-0.369783	-1.175912	-0.337919	-0.856455	-0.742362
1.220000	5.474703	-0.703542	-1.225663	-0.321269	-0.835430	-0.723470
1.240000	6.119928	-1.037314	-1.277239	-0.304612	-0.814083	-0.703425
1.260000	6.732752	-1.364968	-1.330759	-0.288153	-0.792795	-0.682296
1.280000	7.302468	-1.680374	-1.386341	-0.272095	-0.771948	-0.660156
1.300000	7.818364	-1.977401	-1.444103	-0.256643	-0.751923	-0.637076
1.320000	8.269730	-2.249917	-1.504162	-0.242001	-0.733102	-0.613127
1.340000	8.645857	-2.491792	-1.566638	-0.228374	-0.715866	-0.588382
1.360000	8.936035	-2.696894	-1.631647	-0.215964	-0.700597	-0.562912
1.380000	9.129627	-2.859129	-1.699301	-0.204976	-0.687674	-0.536789
1.400000	9.222168	-2.975450	-1.769131	-0.195503	-0.677312	-0.510128
1.420000	9.219935	-3.048112	-1.839655	-0.187450	-0.669440	-0.483121
1.440000	9.130280	-3.079902	-1.909294	-0.180702	-0.663956	-0.455968
1.460000	8.960555	-3.073607	-1.976464	-0.175146	-0.660762	-0.428866
1.480000	8.718114	-3.032014	-2.039585	-0.170665	-0.659756	-0.402017
1.500000	8.410307	-2.957909	-2.097076	-0.167147	-0.660838	-0.375617
1.520000	8.044489	-2.854081	-2.147354	-0.164477	-0.663908	-0.349868
1.540000	7.628011	-2.723315	-2.188838	-0.162540	-0.668865	-0.324967
1.560000	7.168225	-2.568399	-2.219947	-0.161221	-0.675610	-0.301114
1.580000	6.672485	-2.392119	-2.239100	-0.160407	-0.684042	-0.278508
1.600000	6.148142	-2.197263	-2.244714	-0.159984	-0.694060	-0.257348
1.620000	5.602549	-1.986618	-2.235208	-0.159835	-0.705565	-0.237833
1.640000	5.043059	-1.762970	-2.209002	-0.159848	-0.718455	-0.220162
1.660000	4.477023	-1.529107	-2.164512	-0.159908	-0.732631	-0.204535
1.680000	3.911790	-1.287815	-2.100164	-0.159900	-0.747993	-0.191149
1.700000	3.353543	-1.041791	-2.015553	-0.159753	-0.764407	-0.180093
1.720000	2.805856	-0.793532	-1.912913	-0.159492	-0.781672	-0.171205
1.740000	2.271943	-0.545506	-1.794836	-0.159154	-0.799575	-0.164288
1.760000	1.755020	-0.300182	-1.663914	-0.158777	-0.817902	-0.159146
1.780000	1.258302	-0.060030	-1.522740	-0.158398	-0.836442	-0.155584
1.800000	0.785006	0.172482	-1.373906	-0.158056	-0.854981	-0.153404
1.820000	0.338346	0.394884	-1.220005	-0.157787	-0.873307	-0.152411
1.840000	-0.078462	0.604709	-1.063629	-0.157630	-0.891208	-0.152409
1.860000	-0.462203	0.799486	-0.907371	-0.157622	-0.908471	-0.153201
1.880000	-0.809661	0.976747	-0.753823	-0.157801	-0.924883	-0.154592
1.900000	-1.117620	1.134023	-0.605578	-0.158205	-0.940231	-0.156386
1.920000	-1.382866	1.268846	-0.465229	-0.158870	-0.954303	-0.158385
1.940000	-1.602182	1.378746	-0.335366	-0.159836	-0.966886	-0.160395
1.960000	-1.772354	1.461253	-0.218585	-0.161139	-0.977768	-0.162218
1.980000	-1.890165	1.513901	-0.117475	-0.162817	-0.986736	-0.163660
2.000000	-1.952401	1.534218	-0.034631	-0.164907	-0.993577	-0.164523
2.020000	-1.957323	1.520662	0.028045	-0.167433	-0.998142	-0.164652
2.040000	-1.910202	1.476070	0.071926	-0.170345	-1.000588	-0.164081
2.060000	-1.818386	1.404582	0.099350	-0.173570	-1.001157	-0.162899
2.080000	-1.689222	1.310335	0.112660	-0.177037	-1.000095	-0.161197
2.100000	-1.530058	1.197467	0.114196	-0.180676	-0.997647	-0.159066
2.120000	-1.348240	1.070117	0.106299	-0.184415	-0.994058	-0.156595
2.140000	-1.151117	0.932423	0.091309	-0.188182	-0.989571	-0.153875
2.160000	-0.946035	0.788522	0.071569	-0.191906	-0.984432	-0.150995
2.180000	-0.740343	0.642553	0.049417	-0.195515	-0.978886	-0.148047
2.200000	-0.541387	0.498655	0.027197	-0.198939	-0.973178	-0.145120
2.220000	-0.356514	0.360965	0.007247	-0.202106	-0.967551	-0.142305
2.240000	-0.193073	0.233621	-0.008091	-0.204945	-0.962251	-0.139691
2.260000	-0.058410	0.120761	-0.016475	-0.207383	-0.957523	-0.137369
2.280000	0.040126	0.026524	-0.015566	-0.209351	-0.953611	-0.135430
2.300000	0.095189	-0.044952	-0.003022	-0.210775	-0.950760	-0.133962
2.320000	0.100611	-0.090124	0.023114	-0.211602	-0.949166	-0.133047
2.340000	0.057656	-0.109204	0.062384	-0.211871	-0.948725	-0.132692
2.360000	-0.029520	-0.103862	0.113391	-0.211661	-0.949212	-0.132880
2.380000	-0.156757	-0.075769	0.174736	-0.211053	-0.950405	-0.133593
2.400000	-0.319895	-0.026599	0.245021	-0.210125	-0.952079	-0.134814
2.420000	-0.514773	0.041975	0.322845	-0.208956	-0.954010	-0.136524
2.440000	-0.737230	0.128281	0.406810	-0.207625	-0.955976	-0.138705
2.460000	-0.983106	0.230646	0.495517	-0.206211	-0.957753	-0.141340
2.480000	-1.248239	0.347396	0.587567	-0.204794	-0.959117	-0.144411
2.500000	-1.528470	0.476860	0.681561	-0.203452	-0.959845	-0.147899
2.520000	-1.819638	0.617364	0.776100	-0.202265	-0.959712	-0.151787
2.540000	-2.117582	0.767235	0.869784	-0.201312	-0.958496	-0.156058
2.560000	-2.418142	0.924801	0.961215	-0.200671	-0.955973	-0.160693
2.580000	-2.717157	1.088388	1.048993	-0.200423	-0.951919	-0.165673
2.600000	-3.010465	1.256325	1.131720	-0.200646	-0.946111	-0.170983
2.620000	-3.293908	1.426937	1.207997	-0.201418	-0.938324	-0.176603
2.640000	-3.563470	1.598547	1.276475	-0.202816	-0.928357	-0.182516
2.660000	-3.817369	1.769381	1.336573	-0.204840	-0.916308	-0.188720
2.680000	-4.055553	1.937594	1.388309	-0.207437	-0.902516	-0.195223
2.700000	-4.278016	2.101339	1.431715	-0.210551	-0.887323	-0.202034
2.720000	-4.484754	2.258768	1.466824	-0.214127	-0.871074	-0.209160
2.740000	-4.675761	2.408036	1.493667	-0.218109	-0.854111	-0.216610
2.760000	-4.851032	2.547293	1.512277	-0.222442	-0.836778	-0.224393
2.780000	-5.010561	2.674693	1.522688	-0.227070	-0.819418	-0.232517
2.800000	-5.154343	2.788389	1.524930	-0.231938	-0.802374	-0.240991
2.820000	-5.282374	2.886533	1.519037	-0.236990	-0.785991	-0.249822
2.840000	-5.394647	2.967279	1.505040	-0.242171	-0.770610	-0.259019
