0.000000	3.800886	-0.049414	-0.581789	-0.138668	-0.771301	-0.274471
0.020000	3.978122	-0.035565	-0.629804	-0.129082	-0.739054	-0.263610
0.040000	4.110540	-0.019837	-0.672763	-0.120347	-0.710937	-0.252795
0.060000	4.191624	-0.002100	-0.709500	-0.112630	-0.687787	-0.242010
0.080000	4.214857	0.017773	-0.738848	-0.106097	-0.670442	-0.231238
0.100000	4.173724	0.039911	-0.759641	-0.100916	-0.659740	-0.220464
0.120000	4.062809	0.064405	-0.770865	-0.097232	-0.656402	-0.209676
0.140000	3.886241	0.091008	-0.772815	-0.094999	-0.660150	-0.198921
0.160000	3.653058	0.119304	-0.766464	-0.094075	-0.670193	-0.188275
0.180000	3.372338	0.148871	-0.752789	-0.094314	-0.685732	-0.177814
0.200000	3.053160	0.179292	-0.732768	-0.095573	-0.705973	-0.167614
0.220000	2.704602	0.210147	-0.707377	-0.097707	-0.730117	-0.157750
0.240000	2.335741	0.241015	-0.677596	-0.100571	-0.757369	-0.148298
0.260000	1.955657	0.271479	-0.644399	-0.104022	-0.786932	-0.139334
0.280000	1.573427	0.301118	-0.608766	-0.107914	-0.818008	-0.130935
0.300000	1.198130	0.329513	-0.571674	-0.112104	-0.849802	-0.123175
0.320000	0.838845	0.356245	-0.534100	-0.116448	-0.881517	-0.116131
0.340000	0.504648	0.380894	-0.497020	-0.120800	-0.912356	-0.109878
0.360000	0.204619	0.403042	-0.461414	-0.125016	-0.941522	-0.104493
0.380000	-0.052165	0.422267	-0.428258	-0.128953	-0.968219	-0.100050
0.400000	-0.256624	0.438152	-0.398529	-0.132466	-0.991650	-0.096627
0.420000	-0.400507	0.450305	-0.373137	-0.135419	-1.011069	-0.094292
0.440000	-0.485479	0.458681	-0.352169	-0.137794	-1.026337	-0.093032
0.460000	-0.519760	0.463460	-0.335172	-0.139647	-1.037716	-0.092777
0.480000	-0.511690	0.464828	-0.321680	-0.141035	-1.045477	-0.093459
0.500000	-0.469605	0.462971	-0.311229	-0.142018	-1.049887	-0.095009
0.520000	-0.401844	0.458074	-0.303354	-0.142651	-1.051217	-0.097357
0.540000	-0.316744	0.450322	-0.297593	-0.142994	-1.049736	-0.100435
0.560000	-0.222643	0.439901	-0.293479	-0.143105	-1.045714	-0.104172
0.580000	-0.127879	0.426997	-0.290550	-0.143040	-1.039420	-0.108499
0.600000	-0.040789	0.411795	-0.288339	-0.142858	-1.031124	-0.113348
0.620000	0.030288	0.394480	-0.286384	-0.142617	-1.021094	-0.118649
0.640000	0.077015	0.375238	-0.284220	-0.142375	-1.009601	-0.124332
0.660000	0.091054	0.354254	-0.281382	-0.142189	-0.996914	-0.130330
0.680000	0.064067	0.331715	-0.277406	-0.142117	-0.983303	-0.136571
0.700000	-0.012283	0.307804	-0.271827	-0.142218	-0.969036	-0.142987
0.720000	-0.146334	0.282709	-0.264182	-0.142548	-0.954384	-0.149510
0.740000	-0.346425	0.256613	-0.254006	-0.143167	-0.939615	-0.156068
0.760000	-0.619125	0.229694	-0.240908	-0.144123	-0.924989	-0.162596
0.780000	-0.958864	0.202054	-0.224991	-0.145412	-0.910692	-0.169037
0.800000	-1.354977	0.173771	-0.206570	-0.147006	-0.896877	-0.175344
0.820000	-1.796781	0.144920	-0.185959	-0.148875	-0.883701	-0.181464
0.840000	-2.273591	0.115575	-0.163472	-0.150993	-0.871317	-0.187350
0.860000	-2.774726	0.085813	-0.139425	-0.153330	-0.859881	-0.192951
0.880000	-3.289501	0.055709	-0.114130	-0.155859	-0.849548	-0.198217
0.900000	-3.807232	0.025338	-0.087904	-0.158551	-0.840472	-0.203100
0.920000	-4.317237	-0.005224	-0.061060	-0.161378	-0.832809	-0.207548
0.940000	-4.808832	-0.035901	-0.033912	-0.164312	-0.826712	-0.211513
0.960000	-5.271333	-0.066619	-0.006776	-0.167324	-0.822337	-0.214944
0.980000	-5.694058	-0.097302	0.020035	-0.170386	-0.819840	-0.217793
1.000000	-6.066322	-0.127875	0.046207	-0.173470	-0.819373	-0.220009
1.020000	-6.377442	-0.158261	0.071424	-0.176547	-0.821094	-0.221542
1.040000	-6.616736	-0.188386	0.095372	-0.179590	-0.825155	-0.222344
1.060000	-6.773529	-0.218174	0.117738	-0.182570	-0.831712	-0.222363
1.080000	-6.841861	-0.247468	0.138317	-0.185464	-0.840794	-0.221614
1.100000	-6.827894	-0.275905	0.157189	-0.188265	-0.852107	-0.220269
1.120000	-6.739715	-0.303088	0.174480	-0.190965	-0.865304	-0.218526
1.140000	-6.585412	-0.328620	0.190313	-0.193560	-0.880039	-0.216584
1.160000	-6.373069	-0.352105	0.204814	-0.196043	-0.895968	-0.214641
1.180000	-6.110774	-0.373144	0.218108	-0.198409	-0.912744	-0.212895
1.200000	-5.806614	-0.391343	0.230320	-0.200651	-0.930021	-0.211544
1.220000	-5.468675	-0.406303	0.241574	-0.202763	-0.947454	-0.210788
1.240000	-5.105043	-0.417629	0.251995	-0.204739	-0.964696	-0.210824
1.260000	-4.723806	-0.424922	0.261709	-0.206574	-0.981403	-0.211851
1.280000	-4.333050	-0.427788	0.270840	-0.208262	-0.997228	-0.214067
1.300000	-3.940861	-0.425827	0.279514	-0.209796	-1.011826	-0.217671
1.320000	-3.555326	-0.418645	0.287854	-0.211170	-1.024851	-0.222860
1.340000	-3.184532	-0.405843	0.295986	-0.212379	-1.035957	-0.229833
1.360000	-2.836565	-0.387026	0.304035	-0.213416	-1.044798	-0.238789
1.380000	-2.519511	-0.361795	0.312126	-0.214276	-1.051028	-0.249926
1.400000	-2.240175	-0.329920	0.320346	-0.214960	-1.054393	-0.263379
1.420000	-1.998321	-0.292066	0.328581	-0.215509	-1.055130	-0.278946
1.440000	-1.791321	-0.249208	0.336646	-0.215978	-1.053648	-0.296308
1.460000	-1.616539	-0.202320	0.344356	-0.216421	-1.050354	-0.315144
1.480000	-1.471344	-0.152375	0.351529	-0.216893	-1.045656	-0.335134
1.500000	-1.353103	-0.100347	0.357978	-0.217450	-1.039961	-0.355961
1.520000	-1.259182	-0.047212	0.363521	-0.218145	-1.033678	-0.377303
1.540000	-1.186948	0.006059	0.367972	-0.219033	-1.027213	-0.398842
1.560000	-1.133769	0.058490	0.371148	-0.220170	-1.020975	-0.420258
1.580000	-1.097012	0.109107	0.372863	-0.221609	-1.015371	-0.441231
1.600000	-1.074043	0.156937	0.372934	-0.223407	-1.010808	-0.461442
1.620000	-1.062229	0.201006	0.371177	-0.225616	-1.007695	-0.480572
1.640000	-1.058938	0.240338	0.367407	-0.228293	-1.006440	-0.498300
1.660000	-1.061536	0.273962	0.361439	-0.231491	-1.007449	-0.514307
1.680000	-1.067390	0.300902	0.353090	-0.235266	-1.011130	-0.528275
1.700000	-1.073943	0.320331	0.342189	-0.239655	-1.017807	-0.539919
1.720000	-1.079179	0.332500	0.328674	-0.244561	-1.027188	-0.549231
1.740000	-1.081327	0.338137	0.312529	-0.249831	-1.038706	-0.556321
1.760000	-1.078616	0.337973	0.293739	-0.255311	-1.051794	-0.561300
1.780000	-1.069275	0.332739	0.272288	-0.260845	-1.065883	-0.564279
1.800000	-1.051534	0.323167	0.248161	-0.266281	-1.080406	-0.565371
1.820000	-1.023622	0.309986	0.221343	-0.271463	-1.094796	-0.564686
1.840000	-0.983769	0.293929	0.191818	-0.276237	-1.108485	-0.562335
1.860000	-0.930202	0.275726	0.159571	-0.280448	-1.120905	-0.558431
1.880000	-0.861153	0.256108	0.124587	-0.283943	-1.131488	-0.553084
1.900000	-0.774849	0.235806	0.086849	-0.286566	-1.139668	-0.546405
1.920000	-0.669521	0.215552	0.046344	-0.288164	-1.144875	-0.538507
1.940000	-0.543397	0.196076	0.003056	-0.288582	-1.146543	-0.529500
1.960000	-0.394707	0.178108	-0.043032	-0.287666	-1.144103	-0.519496
1.980000	-0.221680	0.162381	-0.091934	-0.285262	-1.136989	-0.508607
2.000000	-0.022546	0.149626	-0.143665	-0.281214	-1.124632	-0.496942
2.020000	0.204204	0.140517	-0.198200	-0.275380	-1.106506	-0.484614
2.040000	0.455215	0.134713	-0.254761	-0.267814	-1.082835	-0.471707
2.060000	0.722854	0.130976	-0.311906	-0.258745	-1.054510	-0.458286
2.080000	0.999339	0.128035	-0.368172	-0.248407	-1.022439	-0.444417
2.100000	1.276889	0.124622	-0.422094	-0.237037	-0.987535	-0.430164
2.120000	1.547725	0.119466	-0.472209	-0.224868	-0.950709	-0.415590
2.140000	1.804065	0.111299	-0.517052	-0.212136	-0.912871	-0.400760
2.160000	2.038129	0.098852	-0.555160	-0.199075	-0.874932	-0.385739
2.180000	2.242136	0.080854	-0.585067	-0.185922	-0.837804	-0.370591
2.200000	2.408305	0.056037	-0.605312	-0.172910	-0.802396	-0.355380
2.220000	2.528856	0.023132	-0.614428	-0.160274	-0.769621	-0.340171
2.240000	2.596007	-0.019132	-0.610953	-0.148251	-0.740390	-0.325028
2.260000	2.601980	-0.072024	-0.593423	-0.137073	-0.715612	-0.310015
2.280000	2.538991	-0.136813	-0.560373	-0.126978	-0.696200	-0.295197
2.300000	2.399262	-0.214767	-0.510339	-0.118198	-0.683064	-0.280637
2.320000	2.175011	-0.307158	-0.441858	-0.110971	-0.677114	-0.266402
2.340000	1.858553	-0.415236	-0.353485	-0.105527	-0.679255	-0.252553
2.360000	1.449838	-0.538858	-0.245410	-0.101962	-0.689727	-0.239147
2.380000	0.961950	-0.675477	-0.120629	-0.100125	-0.707631	-0.226221
2.400000	0.409266	-0.822312	0.017586	-0.099845	-0.731959	-0.213810
