0.000000	-0.472723	0.654351	1.304340	0.610048	-0.730971	-0.800717
0.020000	-0.271340	0.846737	1.105425	0.589189	-0.709489	-0.781945
0.040000	-0.063143	1.031306	0.913146	0.571121	-0.689519	-0.763900
0.060000	0.150901	1.209771	0.728008	0.555735	-0.671070	-0.746566
0.080000	0.369909	1.384190	0.550154	0.542880	-0.654130	-0.729903
0.100000	0.592998	1.556624	0.379728	0.532405	-0.638686	-0.713877
0.120000	0.819288	1.729132	0.216873	0.524159	-0.624725	-0.698449
0.140000	1.047894	1.903773	0.061733	0.517990	-0.612233	-0.683582
0.160000	1.277935	2.082606	-0.085547	0.513747	-0.601197	-0.669240
0.180000	1.508528	2.267692	-0.224825	0.511280	-0.591605	-0.655385
0.200000	1.738791	2.461090	-0.355956	0.510437	-0.583444	-0.641980
0.220000	1.967841	2.664859	-0.478797	0.511067	-0.576700	-0.628988
0.240000	2.194797	2.881058	-0.593204	0.513019	-0.571360	-0.616373
0.260000	2.418775	3.111748	-0.699033	0.516142	-0.567411	-0.604096
0.280000	2.638894	3.358987	-0.796140	0.520284	-0.564840	-0.592121
0.300000	2.854270	3.624835	-0.884382	0.525295	-0.563635	-0.580411
0.320000	3.064022	3.911351	-0.963615	0.531023	-0.563782	-0.568929
0.340000	3.267237	4.220263	-1.033706	0.537317	-0.565264	-0.557637
0.360000	3.462563	4.548430	-1.094681	0.544026	-0.568001	-0.546486
0.380000	3.648315	4.889019	-1.146688	0.550995	-0.571869	-0.535422
0.400000	3.822801	5.235103	-1.189876	0.558071	-0.576742	-0.524387
0.420000	3.984326	5.579758	-1.224396	0.565102	-0.582491	-0.513326
0.440000	4.131197	5.916057	-1.250396	0.571934	-0.588991	-0.502183
0.460000	4.261720	6.237074	-1.268028	0.578413	-0.596114	-0.490902
0.480000	4.374203	6.535885	-1.277442	0.584388	-0.603735	-0.479427
0.500000	4.466951	6.805562	-1.278787	0.589703	-0.611727	-0.467701
0.520000	4.538272	7.039181	-1.272213	0.594207	-0.619962	-0.455669
0.540000	4.586472	7.229816	-1.257871	0.597747	-0.628315	-0.443274
0.560000	4.609857	7.370541	-1.235910	0.600168	-0.636658	-0.430460
0.580000	4.606735	7.454430	-1.206481	0.601317	-0.644864	-0.417172
0.600000	4.575411	7.474557	-1.169733	0.601043	-0.652809	-0.403353
0.620000	4.514193	7.423997	-1.125817	0.599190	-0.660363	-0.388948
0.640000	4.421387	7.295825	-1.074883	0.595607	-0.667402	-0.373899
0.660000	4.295324	7.083229	-1.017084	0.590142	-0.673798	-0.358154
0.680000	4.135674	6.785509	-0.952779	0.582787	-0.679446	-0.341762
0.700000	3.944077	6.410988	-0.882631	0.573744	-0.684269	-0.324926
0.720000	3.722335	5.968715	-0.807326	0.563232	-0.688194	-0.307863
0.740000	3.472248	5.467739	-0.727552	0.551468	-0.691148	-0.290788
0.760000	3.195617	4.917108	-0.643993	0.538672	-0.693057	-0.273918
0.780000	2.894243	4.325872	-0.557338	0.525061	-0.693847	-0.257469
0.800000	2.569926	3.703079	-0.468272	0.510855	-0.693445	-0.241656
0.820000	2.224468	3.057778	-0.377482	0.496271	-0.691777	-0.226695
0.840000	1.859669	2.399019	-0.285654	0.481529	-0.688769	-0.212803
0.860000	1.477329	1.735849	-0.193476	0.466846	-0.684349	-0.200196
0.880000	1.079249	1.077319	-0.101634	0.452442	-0.678442	-0.189088
0.900000	0.667231	0.432477	-0.010813	0.438534	-0.670975	-0.179698
0.920000	0.243075	-0.189628	0.078298	0.425342	-0.661875	-0.172239
0.940000	-0.191419	-0.779947	0.165014	0.413083	-0.651067	-0.166929
0.960000	-0.634450	-1.329431	0.248648	0.401977	-0.638478	-0.163984
0.980000	-1.084100	-1.829591	0.328545	0.392229	-0.624057	-0.163599
1.000000	-1.537161	-2.278176	0.404401	0.383905	-0.608005	-0.165748
1.020000	-1.989610	-2.676839	0.476131	0.376987	-0.590680	-0.170265
1.040000	-2.437416	-3.027297	0.543654	0.371451	-0.572441	-0.176984
1.060000	-2.876546	-3.331262	0.606888	0.367277	-0.553650	-0.185737
1.080000	-3.302967	-3.590450	0.665754	0.364442	-0.534665	-0.196355
1.100000	-3.712646	-3.806574	0.720168	0.362925	-0.515849	-0.208672
1.120000	-4.101551	-3.981350	0.770051	0.362704	-0.497560	-0.222520
1.140000	-4.465649	-4.116491	0.815320	0.363758	-0.480160	-0.237731
1.160000	-4.800907	-4.213712	0.855895	0.366064	-0.464008	-0.254138
1.180000	-5.103292	-4.274727	0.891695	0.369602	-0.449465	-0.271573
1.200000	-5.368772	-4.301251	0.922638	0.374348	-0.436891	-0.289868
1.220000	-5.593315	-4.294997	0.948643	0.380282	-0.426647	-0.308857
1.240000	-5.772886	-4.257681	0.969629	0.387382	-0.419092	-0.328372
1.260000	-5.903455	-4.191017	0.985514	0.395626	-0.414587	-0.348244
1.280000	-5.980987	-4.096719	0.996218	0.404993	-0.413493	-0.368307
1.300000	-6.001573	-3.976531	1.001655	0.415458	-0.416158	-0.388394
1.320000	-5.965485	-3.833206	1.001605	0.426903	-0.422555	-0.408390
1.340000	-5.878093	-3.670727	0.995681	0.439098	-0.432195	-0.428241
1.360000	-5.745074	-3.493152	0.983486	0.451805	-0.444564	-0.447899
1.380000	-5.572108	-3.304539	0.964625	0.464786	-0.459146	-0.467313
1.400000	-5.364872	-3.108944	0.938702	0.477803	-0.475425	-0.486435
1.420000	-5.129046	-2.910427	0.905320	0.490620	-0.492886	-0.505213
1.440000	-4.870308	-2.713044	0.864083	0.502997	-0.511014	-0.523599
1.460000	-4.594337	-2.520853	0.814594	0.514698	-0.529292	-0.541543
1.480000	-4.306811	-2.337913	0.756458	0.525485	-0.547205	-0.558995
1.500000	-4.013409	-2.168280	0.689278	0.535119	-0.564237	-0.575906
1.520000	-3.719809	-2.016012	0.612658	0.543364	-0.579874	-0.592226
1.540000	-3.431691	-1.885166	0.526202	0.549981	-0.593599	-0.607906
1.560000	-3.154732	-1.779802	0.429513	0.554733	-0.604897	-0.622895
1.580000	-2.894612	-1.703976	0.322195	0.557381	-0.613253	-0.637145
1.600000	-2.656965	-1.661691	0.203868	0.557694	-0.618156	-0.650607
1.620000	-2.444752	-1.653623	0.075103	0.555703	-0.619488	-0.663301
1.640000	-2.256764	-1.675261	-0.062042	0.551858	-0.617736	-0.675356
1.660000	-2.091430	-1.721641	-0.205381	0.546644	-0.613439	-0.686908
1.680000	-1.947181	-1.787801	-0.352728	0.540547	-0.607136	-0.698096
1.700000	-1.822444	-1.868778	-0.501897	0.534050	-0.599368	-0.709056
1.720000	-1.715650	-1.959611	-0.650702	0.527639	-0.590675	-0.719927
1.740000	-1.625228	-2.055336	-0.796957	0.521800	-0.581596	-0.730845
1.760000	-1.549607	-2.150991	-0.938475	0.517017	-0.572670	-0.741948
1.780000	-1.487218	-2.241614	-1.073071	0.513775	-0.564438	-0.753374
1.800000	-1.436488	-2.322242	-1.198558	0.512560	-0.557440	-0.765259
1.820000	-1.395847	-2.387913	-1.312750	0.513857	-0.552215	-0.777742
1.840000	-1.363726	-2.433664	-1.413461	0.518149	-0.549302	-0.790960
1.860000	-1.338552	-2.454532	-1.498505	0.525924	-0.549242	-0.805050
1.880000	-1.318757	-2.445556	-1.565696	0.537665	-0.552574	-0.820149
1.900000	-1.302768	-2.401772	-1.612848	0.553858	-0.559839	-0.836396
1.920000	-1.289015	-2.318219	-1.637774	0.574988	-0.571575	-0.853927
1.940000	-1.275972	-2.190160	-1.638379	0.601511	-0.588296	-0.872869
1.960000	-1.263125	-2.018170	-1.614686	0.633212	-0.609886	-0.893091
1.980000	-1.250986	-1.808175	-1.568853	0.669194	-0.635595	-0.914205
2.000000	-1.240110	-1.566342	-1.503135	0.708535	-0.664647	-0.935808
2.020000	-1.231053	-1.298835	-1.419783	0.750308	-0.696262	-0.957501
2.040000	-1.224372	-1.011820	-1.321053	0.793591	-0.729664	-0.978882
2.060000	-1.220622	-0.711462	-1.209196	0.837457	-0.764076	-0.999550
2.080000	-1.220360	-0.403925	-1.086468	0.880983	-0.798718	-1.019105
2.100000	-1.224142	-0.095375	-0.955121	0.923244	-0.832815	-1.037145
2.120000	-1.232524	0.208023	-0.817408	0.963316	-0.865588	-1.053269
2.140000	-1.246062	0.500104	-0.675584	1.000274	-0.896259	-1.067076
2.160000	-1.265311	0.774703	-0.531902	1.033193	-0.924051	-1.078166
2.180000	-1.290829	1.025655	-0.388614	1.061148	-0.948187	-1.086138
2.200000	-1.323171	1.246795	-0.247975	1.083216	-0.967888	-1.090590
2.220000	-1.362893	1.431958	-0.112238	1.098472	-0.982378	-1.091122
2.240000	-1.410551	1.574978	0.016343	1.105991	-0.990878	-1.087332
2.260000	-1.466433	1.670793	0.135753	1.105019	-0.992748	-1.078905
2.280000	-1.528978	1.721909	0.245601	1.095976	-0.988291	-1.066105
2.300000	-1.595852	1.734010	0.346181	1.079776	-0.978203	-1.049444
2.320000	-1.664715	1.712790	0.437790	1.057331	-0.963184	-1.029432
2.340000	-1.733232	1.663944	0.520724	1.029558	-0.943933	-1.006580
2.360000	-1.799062	1.593166	0.595279	0.997369	-0.921148	-0.981398
2.380000	-1.859870	1.506153	0.661751	0.961680	-0.895529	-0.954398
2.400000	-1.913316	1.408598	0.720435	0.923404	-0.867775	-0.926090
2.420000	-1.957062	1.306195	0.771630	0.883456	-0.838584	-0.896985
2.440000	-1.988771	1.204641	0.815629	0.842750	-0.808656	-0.867594
2.460000	-2.006105	1.109629	0.852730	0.802201	-0.778689	-0.838428
2.480000	-2.006726	1.026854	0.883229	0.762723	-0.749383	-0.809998
2.500000	-1.988296	0.962011	0.907421	0.725230	-0.721437	-0.782814
2.520000	-1.948476	0.920795	0.925604	0.690637	-0.695549	-0.757388
2.540000	-1.884930	0.908900	0.938072	0.659857	-0.672418	-0.734230
2.560000	-1.795319	0.932021	0.945123	0.633806	-0.652744	-0.713851
2.580000	-1.677470	0.995495	0.947040	0.613350	-0.637191	-0.696735
2.600000	-1.532014	1.098596	0.943903	0.598562	-0.625824	-0.682909
2.620000	-1.361922	1.235535	0.935622	0.588849	-0.618212	-0.672020
2.640000	-1.170235	1.400367	0.922100	0.583598	-0.613909	-0.663702
2.660000	-0.959996	1.587148	0.903241	0.582197	-0.612466	-0.657590
2.680000	-0.734246	1.789936	0.878949	0.584033	-0.613438	-0.653319
2.700000	-0.496029	2.002785	0.849129	0.588494	-0.616378	-0.650523
2.720000	-0.248386	2.219753	0.813684	0.594966	-0.620837	-0.648836
2.740000	0.005641	2.434894	0.772519	0.602838	-0.626371	-0.647894
2.760000	0.263009	2.642266	0.725537	0.611496	-0.632530	-0.647331
