0.000000	3.085067	2.356510	-0.748048	0.612290	-0.693547	-0.552901
0.020000	3.214260	2.411720	-0.725951	0.612390	-0.688802	-0.542750
0.040000	3.352959	2.479393	-0.702486	0.610872	-0.682849	-0.532154
0.060000	3.504446	2.562553	-0.678878	0.607509	-0.675502	-0.521087
0.080000	3.671949	2.664169	-0.656345	0.602080	-0.666573	-0.509522
0.100000	3.855904	2.784200	-0.635538	0.594603	-0.656075	-0.497445
0.120000	4.052646	2.918189	-0.616286	0.585449	-0.644307	-0.484859
0.140000	4.258183	3.061326	-0.598350	0.575017	-0.631591	-0.471769
0.160000	4.468525	3.208801	-0.581491	0.563706	-0.618252	-0.458181
0.180000	4.679679	3.355805	-0.565472	0.551916	-0.604610	-0.444099
0.200000	4.887655	3.497528	-0.550054	0.540045	-0.590988	-0.429530
0.220000	5.088459	3.629160	-0.534999	0.528492	-0.577710	-0.414478
0.240000	5.278102	3.745892	-0.520068	0.517656	-0.565098	-0.398948
0.260000	5.452591	3.842915	-0.505023	0.507937	-0.553474	-0.382946
0.280000	5.607935	3.915418	-0.489626	0.499733	-0.543162	-0.366476
0.300000	5.740143	3.958591	-0.473638	0.493444	-0.534482	-0.349544
0.320000	5.845222	3.967626	-0.456821	0.489468	-0.527760	-0.332156
0.340000	5.919181	3.937713	-0.438936	0.488204	-0.523316	-0.314316
0.360000	5.958029	3.864042	-0.419746	0.490052	-0.521473	-0.296029
0.380000	5.957786	3.741831	-0.399013	0.495407	-0.522552	-0.277302
0.400000	5.915833	3.569392	-0.376613	0.504369	-0.526639	-0.258212
0.420000	5.832109	3.350869	-0.352637	0.516471	-0.533374	-0.238976
0.440000	5.706840	3.091051	-0.327200	0.531186	-0.542350	-0.219823
0.460000	5.540250	2.794729	-0.300418	0.547989	-0.553160	-0.200983
0.480000	5.332566	2.466692	-0.272404	0.566350	-0.565395	-0.182689
0.500000	5.084010	2.111731	-0.243273	0.585743	-0.578648	-0.165169
0.520000	4.794810	1.734634	-0.213141	0.605641	-0.592511	-0.148654
0.540000	4.465188	1.340193	-0.182121	0.625517	-0.606577	-0.133375
0.560000	4.095371	0.933197	-0.150329	0.644843	-0.620439	-0.119562
0.580000	3.685584	0.518435	-0.117880	0.663092	-0.633687	-0.107446
0.600000	3.236050	0.100698	-0.084887	0.679737	-0.645916	-0.097257
0.620000	2.746995	-0.315224	-0.051467	0.694250	-0.656716	-0.089226
0.640000	2.218644	-0.724541	-0.017733	0.706106	-0.665681	-0.083582
0.660000	1.651223	-1.122464	0.016199	0.714775	-0.672403	-0.080556
0.680000	1.044954	-1.504203	0.050215	0.719732	-0.676474	-0.080380
0.700000	0.400065	-1.864967	0.084200	0.720448	-0.677486	-0.083283
0.720000	-0.281693	-2.200915	0.118040	0.716578	-0.675172	-0.089412
0.740000	-0.992582	-2.511921	0.151619	0.708485	-0.669813	-0.098591
0.760000	-1.723397	-2.798767	0.184823	0.696704	-0.661823	-0.110561
0.780000	-2.464933	-3.062238	0.217538	0.681772	-0.651618	-0.125066
0.800000	-3.207984	-3.303116	0.249649	0.664226	-0.639612	-0.141848
0.820000	-3.943347	-3.522187	0.281041	0.644602	-0.626222	-0.160649
0.840000	-4.661817	-3.720233	0.311600	0.623436	-0.611861	-0.181214
0.860000	-5.354188	-3.898037	0.341211	0.601265	-0.596945	-0.203283
0.880000	-6.011256	-4.056384	0.369759	0.578625	-0.581890	-0.226601
0.900000	-6.623817	-4.196057	0.397131	0.556053	-0.567110	-0.250909
0.920000	-7.182664	-4.317840	0.423211	0.534085	-0.553020	-0.275951
0.940000	-7.678594	-4.422516	0.447885	0.513257	-0.540035	-0.301468
0.960000	-8.102402	-4.510869	0.471038	0.494106	-0.528571	-0.327205
0.980000	-8.444883	-4.583682	0.492556	0.477168	-0.519042	-0.352903
1.000000	-8.696832	-4.641739	0.512324	0.462979	-0.511864	-0.378305
1.020000	-8.849044	-4.685824	0.530227	0.452077	-0.507452	-0.403153
1.040000	-8.893672	-4.716626	0.546075	0.444932	-0.506167	-0.427210
1.060000	-8.834572	-4.734022	0.559026	0.441455	-0.507910	-0.450394
1.080000	-8.681581	-4.737476	0.567901	0.441269	-0.512347	-0.472708
1.100000	-8.444582	-4.726447	0.571521	0.443995	-0.519139	-0.494152
1.120000	-8.133460	-4.700394	0.568707	0.449254	-0.527951	-0.514728
1.140000	-7.758097	-4.658778	0.558278	0.456667	-0.538446	-0.534437
1.160000	-7.328378	-4.601057	0.539056	0.465856	-0.550286	-0.553283
1.180000	-6.854186	-4.526691	0.509860	0.476442	-0.563136	-0.571265
1.200000	-6.345406	-4.435140	0.469512	0.488045	-0.576658	-0.588386
1.220000	-5.811921	-4.325863	0.416830	0.500288	-0.590516	-0.604647
1.240000	-5.263615	-4.198320	0.350636	0.512791	-0.604372	-0.620051
1.260000	-4.710372	-4.051970	0.269749	0.525175	-0.617891	-0.634598
1.280000	-4.162076	-3.886273	0.172991	0.537061	-0.630735	-0.648290
1.300000	-3.628611	-3.700688	0.059182	0.548071	-0.642567	-0.661130
1.320000	-3.119860	-3.494675	-0.072859	0.557826	-0.653051	-0.673118
1.340000	-2.645123	-3.267861	-0.224082	0.565978	-0.661878	-0.684261
1.360000	-2.206737	-3.021880	-0.392719	0.572546	-0.669080	-0.694613
1.380000	-1.802464	-2.759682	-0.575214	0.577792	-0.674908	-0.704264
1.400000	-1.429986	-2.484239	-0.767980	0.581981	-0.679621	-0.713303
1.420000	-1.086987	-2.198524	-0.967431	0.585378	-0.683476	-0.721817
1.440000	-0.771148	-1.905512	-1.169978	0.588249	-0.686730	-0.729897
1.460000	-0.480151	-1.608174	-1.372036	0.590859	-0.689640	-0.737630
1.480000	-0.211680	-1.309484	-1.570017	0.593474	-0.692463	-0.745106
1.500000	0.036585	-1.012415	-1.760334	0.596358	-0.695456	-0.752414
1.520000	0.266960	-0.719940	-1.939401	0.599779	-0.698878	-0.759642
1.540000	0.481763	-0.435032	-2.103629	0.603999	-0.702984	-0.766879
1.560000	0.683312	-0.160665	-2.249433	0.609287	-0.708032	-0.774215
1.580000	0.873924	0.100189	-2.373225	0.615905	-0.714280	-0.781738
1.600000	1.055918	0.344557	-2.471419	0.624121	-0.721984	-0.789536
1.620000	1.231610	0.569464	-2.540426	0.634199	-0.731402	-0.797700
1.640000	1.403319	0.771940	-2.576661	0.646405	-0.742791	-0.806317
1.660000	1.573362	0.949009	-2.576536	0.661004	-0.756408	-0.815477
1.680000	1.743578	1.098227	-2.537176	0.678194	-0.772445	-0.825243
1.700000	1.912535	1.220739	-2.460563	0.697706	-0.790647	-0.835504
1.720000	2.077438	1.319191	-2.350700	0.719079	-0.810571	-0.846077
1.740000	2.235490	1.396234	-2.211602	0.741850	-0.831777	-0.856780
1.760000	2.383889	1.454518	-2.047280	0.765556	-0.853821	-0.867427
1.780000	2.519838	1.496692	-1.861748	0.789736	-0.876261	-0.877837
1.800000	2.640536	1.525409	-1.659017	0.813926	-0.898656	-0.887825
1.820000	2.743184	1.543317	-1.443100	0.837665	-0.920563	-0.897209
1.840000	2.824984	1.553068	-1.218010	0.860489	-0.941540	-0.905804
1.860000	2.883136	1.557311	-0.987759	0.881937	-0.961144	-0.913428
1.880000	2.914841	1.558698	-0.756360	0.901545	-0.978934	-0.919898
1.900000	2.917299	1.559878	-0.527826	0.918852	-0.994467	-0.925029
1.920000	2.887711	1.563503	-0.306168	0.933394	-1.007301	-0.928638
1.940000	2.823278	1.572221	-0.095400	0.944709	-1.016993	-0.930542
1.960000	2.721201	1.588685	0.100467	0.952334	-1.023103	-0.930558
1.980000	2.578685	1.615540	0.277421	0.955809	-1.025187	-0.928502
2.000000	2.395090	1.654299	0.432771	0.954896	-1.023018	-0.924271
2.020000	2.175276	1.703562	0.567186	0.949937	-1.016916	-0.917964
2.040000	1.924973	1.761473	0.681865	0.941363	-1.007287	-0.909714
2.060000	1.649909	1.826175	0.778010	0.929607	-0.994536	-0.899651
2.080000	1.355814	1.895813	0.856821	0.915101	-0.979070	-0.887907
2.100000	1.048416	1.968529	0.919496	0.898276	-0.961293	-0.874615
2.120000	0.733444	2.042469	0.967237	0.879566	-0.941613	-0.859906
2.140000	0.416627	2.115774	1.001244	0.859401	-0.920434	-0.843911
2.160000	0.103694	2.186589	1.022716	0.838214	-0.898162	-0.826762
2.180000	-0.199626	2.253058	1.032853	0.816438	-0.875204	-0.808591
2.200000	-0.487605	2.313324	1.032857	0.794503	-0.851965	-0.789530
2.220000	-0.754513	2.365531	1.023926	0.772843	-0.828851	-0.769710
2.240000	-0.994622	2.407822	1.007261	0.751889	-0.806268	-0.749262
2.260000	-1.202203	2.438341	0.984062	0.732073	-0.784621	-0.728320
2.280000	-1.371527	2.455232	0.955529	0.713827	-0.764316	-0.707013
2.300000	-1.497008	2.456714	0.922838	0.697573	-0.745750	-0.685475
2.320000	-1.576693	2.442929	0.886555	0.683455	-0.729071	-0.663828
