0.000000	0.238592	0.648450	0.568692	0.557766	-0.705255	-0.789137
0.020000	0.403750	1.037311	0.451453	0.552803	-0.699288	-0.784720
0.040000	0.568826	1.442340	0.334854	0.548911	-0.692782	-0.779947
0.060000	0.732651	1.857597	0.221561	0.545985	-0.685862	-0.774827
0.080000	0.894057	2.277142	0.114235	0.543919	-0.678650	-0.769366
0.100000	1.051876	2.695032	0.015542	0.542607	-0.671273	-0.763571
0.120000	1.204939	3.105328	-0.071857	0.541943	-0.663854	-0.757451
0.140000	1.352077	3.502088	-0.145297	0.541822	-0.656517	-0.751011
0.160000	1.492122	3.879372	-0.202115	0.542137	-0.649388	-0.744261
0.180000	1.623906	4.231240	-0.239648	0.542783	-0.642589	-0.737206
0.200000	1.746259	4.551749	-0.255231	0.543653	-0.636247	-0.729855
0.220000	1.858013	4.834960	-0.246203	0.544642	-0.630484	-0.722214
0.240000	1.958001	5.074931	-0.209898	0.545644	-0.625426	-0.714291
0.260000	2.045052	5.265722	-0.143654	0.546553	-0.621196	-0.706093
0.280000	2.118000	5.401393	-0.044808	0.547263	-0.617920	-0.697628
0.300000	2.176100	5.477113	0.088549	0.547680	-0.615698	-0.688900
0.320000	2.221597	5.495853	0.253032	0.547798	-0.614475	-0.679897
0.340000	2.258013	5.463923	0.442985	0.547646	-0.614126	-0.670597
0.360000	2.288875	5.387642	0.652749	0.547255	-0.614527	-0.660982
0.380000	2.317710	5.273333	0.876660	0.546654	-0.615552	-0.651029
0.400000	2.348045	5.127316	1.109057	0.545873	-0.617078	-0.640718
0.420000	2.383407	4.955913	1.344278	0.544942	-0.618981	-0.630030
0.440000	2.427324	4.765446	1.576662	0.543892	-0.621134	-0.618943
0.460000	2.483322	4.562235	1.800547	0.542752	-0.623415	-0.607437
0.480000	2.554928	4.352601	2.010270	0.541553	-0.625698	-0.595492
0.500000	2.645669	4.142867	2.200170	0.540324	-0.627858	-0.583087
0.520000	2.759073	3.939353	2.364586	0.539096	-0.629773	-0.570201
0.540000	2.898667	3.748381	2.497855	0.537898	-0.631316	-0.556815
0.560000	3.067977	3.576271	2.594315	0.536761	-0.632363	-0.542907
0.580000	3.270531	3.429345	2.648306	0.535714	-0.632790	-0.528457
0.600000	3.509849	3.313919	2.654169	0.534788	-0.632473	-0.513445
0.620000	3.786314	3.233407	2.608952	0.534016	-0.631351	-0.497877
0.640000	4.092077	3.183607	2.516787	0.533438	-0.629538	-0.481828
0.660000	4.417952	3.159086	2.382959	0.533097	-0.627172	-0.465386
0.680000	4.754755	3.154408	2.212752	0.533034	-0.624392	-0.448637
0.700000	5.093302	3.164141	2.011448	0.533292	-0.621339	-0.431669
0.720000	5.424406	3.182848	1.784332	0.533913	-0.618151	-0.414568
0.740000	5.738885	3.205096	1.536686	0.534939	-0.614968	-0.397422
0.760000	6.027552	3.225450	1.273795	0.536412	-0.611929	-0.380317
0.780000	6.281224	3.238476	1.000942	0.538374	-0.609175	-0.363341
0.800000	6.490715	3.238739	0.723410	0.540867	-0.606843	-0.346580
0.820000	6.646842	3.220805	0.446483	0.543934	-0.605074	-0.330122
0.840000	6.740418	3.179240	0.175444	0.547617	-0.604007	-0.314053
0.860000	6.762261	3.108608	-0.084423	0.551957	-0.603781	-0.298461
0.880000	6.703184	3.003476	-0.327834	0.556997	-0.604537	-0.283432
0.900000	6.554004	2.858409	-0.549506	0.562779	-0.606412	-0.269054
0.920000	6.305864	2.668154	-0.744249	0.569340	-0.609541	-0.255413
0.940000	5.958689	2.432292	-0.909349	0.576604	-0.613881	-0.242594
0.960000	5.521911	2.155640	-1.044774	0.584369	-0.619199	-0.230678
0.980000	5.005439	1.843278	-1.150628	0.592428	-0.625255	-0.219745
1.000000	4.419181	1.500286	-1.227014	0.600574	-0.631807	-0.209878
1.020000	3.773045	1.131742	-1.274036	0.608597	-0.638615	-0.201157
1.040000	3.076940	0.742725	-1.291796	0.616292	-0.645435	-0.193663
1.060000	2.340773	0.338315	-1.280397	0.623450	-0.652027	-0.187477
1.080000	1.574453	-0.076409	-1.239943	0.629863	-0.658150	-0.182680
1.100000	0.787888	-0.496367	-1.170538	0.635325	-0.663563	-0.179354
1.120000	-0.009014	-0.916480	-1.072283	0.639628	-0.668023	-0.177579
1.140000	-0.806344	-1.331670	-0.945282	0.642563	-0.671289	-0.177437
1.160000	-1.594193	-1.736856	-0.789639	0.643924	-0.673121	-0.179009
1.180000	-2.362655	-2.126960	-0.605457	0.643503	-0.673276	-0.182375
1.200000	-3.101821	-2.496902	-0.392839	0.641092	-0.671513	-0.187617
1.220000	-3.801781	-2.841604	-0.151887	0.636483	-0.667591	-0.194816
1.240000	-4.453474	-3.156431	0.116776	0.629516	-0.661322	-0.204033
1.260000	-5.054165	-3.440101	0.408652	0.620368	-0.652908	-0.215185
1.280000	-5.603989	-3.692846	0.717482	0.609375	-0.642733	-0.228118
1.300000	-6.103097	-3.914905	1.037000	0.596873	-0.631180	-0.242684
1.320000	-6.551636	-4.106520	1.360938	0.583195	-0.618632	-0.258729
1.340000	-6.949758	-4.267931	1.683031	0.568678	-0.605473	-0.276103
1.360000	-7.297611	-4.399378	1.997010	0.553656	-0.592087	-0.294654
1.380000	-7.595345	-4.501101	2.296611	0.538465	-0.578855	-0.314232
1.400000	-7.843110	-4.573342	2.575564	0.523440	-0.566162	-0.334684
1.420000	-8.041055	-4.616339	2.827605	0.508916	-0.554392	-0.355859
1.440000	-8.189329	-4.630334	3.046466	0.495229	-0.543927	-0.377606
1.460000	-8.288083	-4.615567	3.225880	0.482713	-0.535150	-0.399775
1.480000	-8.337465	-4.572278	3.359581	0.471705	-0.528446	-0.422212
1.500000	-8.337626	-4.500708	3.441302	0.462538	-0.524198	-0.444768
1.520000	-8.288714	-4.401097	3.464775	0.455548	-0.522788	-0.467290
1.540000	-8.190880	-4.273686	3.423735	0.451071	-0.524600	-0.489627
1.560000	-8.044388	-4.118771	3.312311	0.449424	-0.529995	-0.511632
1.580000	-7.851711	-3.937751	3.132165	0.450584	-0.538899	-0.533207
1.600000	-7.617296	-3.733007	2.891713	0.454223	-0.550845	-0.554306
1.620000	-7.345663	-3.506956	2.599611	0.460003	-0.565356	-0.574881
1.640000	-7.041330	-3.262013	2.264513	0.467586	-0.581953	-0.594887
1.660000	-6.708814	-3.000595	1.895074	0.476633	-0.600158	-0.614276
1.680000	-6.352636	-2.725120	1.499949	0.486806	-0.619491	-0.633003
1.700000	-5.977314	-2.438002	1.087793	0.497766	-0.639475	-0.651021
1.720000	-5.587365	-2.141660	0.667260	0.509175	-0.659631	-0.668284
1.740000	-5.187309	-1.838509	0.247006	0.520694	-0.679480	-0.684745
1.760000	-4.781664	-1.530965	-0.164314	0.531986	-0.698544	-0.700359
1.780000	-4.374949	-1.221446	-0.558047	0.542711	-0.716344	-0.715077
1.800000	-3.971682	-0.912368	-0.925536	0.552532	-0.732401	-0.728855
1.820000	-3.576382	-0.606146	-1.258127	0.561110	-0.746238	-0.741645
1.840000	-3.193568	-0.305199	-1.547165	0.568106	-0.757374	-0.753402
1.860000	-2.827757	-0.011941	-1.783995	0.573182	-0.765333	-0.764078
1.880000	-2.483446	0.271213	-1.960020	0.576002	-0.769639	-0.773629
1.900000	-2.163175	0.542191	-2.071564	0.576462	-0.770151	-0.782050
1.920000	-1.866061	0.799511	-2.123566	0.574858	-0.767315	-0.789411
1.940000	-1.590877	1.041751	-2.121837	0.571531	-0.761634	-0.795791
1.960000	-1.336393	1.267489	-2.072186	0.566818	-0.753612	-0.801267
1.980000	-1.101382	1.475304	-1.980424	0.561058	-0.743753	-0.805917
2.000000	-0.884615	1.663774	-1.852361	0.554591	-0.732561	-0.809819
2.020000	-0.684863	1.831478	-1.693806	0.547755	-0.720539	-0.813051
2.040000	-0.500898	1.976993	-1.510571	0.540889	-0.708192	-0.815690
2.060000	-0.331491	2.098899	-1.308465	0.534332	-0.696022	-0.817814
2.080000	-0.175415	2.195773	-1.093297	0.528422	-0.684535	-0.819501
2.100000	-0.031441	2.266194	-0.870879	0.523499	-0.674233	-0.820829
2.120000	0.101660	2.308740	-0.647020	0.519901	-0.665620	-0.821876
2.140000	0.225116	2.321989	-0.427531	0.517967	-0.659201	-0.822719
2.160000	0.340155	2.304521	-0.218221	0.518035	-0.655480	-0.823436
2.180000	0.448003	2.254919	-0.024891	0.520444	-0.654957	-0.824105
2.200000	0.549292	2.173388	0.148890	0.525344	-0.657878	-0.824784
2.220000	0.643306	2.063790	0.304599	0.532461	-0.663894	-0.825489
2.240000	0.729148	1.930491	0.444406	0.541459	-0.672579	-0.826227
2.260000	0.805918	1.777856	0.570482	0.552007	-0.683506	-0.827007
2.280000	0.872717	1.610250	0.684999	0.563771	-0.696247	-0.827839
2.300000	0.928645	1.432041	0.790127	0.576417	-0.710376	-0.828730
2.320000	0.972803	1.247593	0.888037	0.589612	-0.725465	-0.829690
2.340000	1.004293	1.061272	0.980901	0.603022	-0.741087	-0.830727
2.360000	1.022215	0.877445	1.070888	0.616315	-0.756816	-0.831849
2.380000	1.025670	0.700475	1.160170	0.629157	-0.772222	-0.833067
2.400000	1.013759	0.534731	1.250919	0.641215	-0.786881	-0.834387
2.420000	0.985582	0.384576	1.345304	0.652154	-0.800364	-0.835819
2.440000	0.940241	0.254378	1.445497	0.661643	-0.812244	-0.837372
2.460000	0.876837	0.148501	1.553668	0.669346	-0.822094	-0.839055
2.480000	0.794470	0.071311	1.671990	0.674932	-0.829488	-0.840875
2.500000	0.692366	0.026997	1.802494	0.678081	-0.834013	-0.842838
2.520000	0.572357	0.016052	1.944357	0.678776	-0.835606	-0.844886
2.540000	0.438740	0.035475	2.094053	0.677287	-0.834528	-0.846895
2.560000	0.295906	0.082129	2.247950	0.673895	-0.831053	-0.848743
2.580000	0.148247	0.152877	2.402415	0.668880	-0.825456	-0.850306
2.600000	0.000157	0.244582	2.553815	0.662522	-0.818011	-0.851459
2.620000	-0.143973	0.354107	2.698520	0.655102	-0.808992	-0.852078
2.640000	-0.279750	0.478314	2.832896	0.646901	-0.798674	-0.852040
