0.000000	1.345588	0.867288	0.476223	0.382794	-0.874516	-0.516502
0.020000	1.383702	0.977622	0.386189	0.379573	-0.872222	-0.507550
0.040000	1.428110	1.095570	0.285601	0.377940	-0.871093	-0.499593
0.060000	1.478433	1.220856	0.176517	0.377737	-0.870803	-0.492326
0.080000	1.534292	1.353207	0.060992	0.378809	-0.871030	-0.485444
0.100000	1.595307	1.492346	-0.058918	0.380999	-0.871449	-0.478642
0.120000	1.661099	1.637999	-0.181156	0.384151	-0.871737	-0.471616
0.140000	1.731290	1.789892	-0.303666	0.388108	-0.871570	-0.464060
0.160000	1.805498	1.947748	-0.424392	0.392715	-0.870624	-0.455671
0.180000	1.883346	2.111294	-0.541278	0.397816	-0.868575	-0.446144
0.200000	1.964454	2.280254	-0.652268	0.403252	-0.865099	-0.435173
0.220000	2.048569	2.453705	-0.755554	0.408877	-0.859980	-0.422555
0.240000	2.135902	2.628362	-0.850238	0.414570	-0.853397	-0.408445
0.260000	2.226769	2.800407	-0.935624	0.420215	-0.845617	-0.393084
0.280000	2.321485	2.966021	-1.011021	0.425699	-0.836906	-0.376712
0.300000	2.420365	3.121382	-1.075733	0.430908	-0.827532	-0.359568
0.320000	2.523726	3.262672	-1.129067	0.435726	-0.817763	-0.341892
0.340000	2.631883	3.386070	-1.170330	0.440040	-0.807864	-0.323923
0.360000	2.745151	3.487758	-1.198827	0.443735	-0.798105	-0.305902
0.380000	2.863846	3.563916	-1.213865	0.446697	-0.788751	-0.288068
0.400000	2.988283	3.610723	-1.214750	0.448811	-0.780070	-0.270660
0.420000	3.118778	3.624361	-1.200788	0.449963	-0.772329	-0.253919
0.440000	3.255647	3.601010	-1.171286	0.450039	-0.765796	-0.238083
0.460000	3.399205	3.536850	-1.125550	0.448925	-0.760737	-0.223394
0.480000	3.549767	3.428061	-1.062886	0.446505	-0.757420	-0.210090
0.500000	3.707650	3.270823	-0.982600	0.442666	-0.756112	-0.198411
0.520000	3.872320	3.062843	-0.884405	0.437333	-0.756998	-0.188549
0.540000	4.039169	2.809153	-0.769963	0.430615	-0.759860	-0.180468
0.560000	4.202364	2.516989	-0.641524	0.422681	-0.764365	-0.174063
0.580000	4.356071	2.193585	-0.501335	0.413698	-0.770175	-0.169229
0.600000	4.494457	1.846177	-0.351646	0.403834	-0.776955	-0.165861
0.620000	4.611689	1.482000	-0.194705	0.393255	-0.784370	-0.163853
0.640000	4.701934	1.108288	-0.032761	0.382130	-0.792083	-0.163102
0.660000	4.759358	0.732277	0.131936	0.370624	-0.799760	-0.163501
0.680000	4.778129	0.361201	0.297140	0.358907	-0.807063	-0.164947
0.700000	4.752412	0.002296	0.460599	0.347144	-0.813658	-0.167333
0.720000	4.676376	-0.337204	0.620067	0.335504	-0.819209	-0.170555
0.740000	4.544186	-0.650063	0.773293	0.324154	-0.823380	-0.174509
0.760000	4.350010	-0.929046	0.918030	0.313261	-0.825835	-0.179088
0.780000	4.088014	-1.166919	1.052028	0.302993	-0.826238	-0.184188
0.800000	3.752365	-1.356446	1.173039	0.293516	-0.824254	-0.189704
0.820000	3.337229	-1.490392	1.278814	0.284998	-0.819547	-0.195531
0.840000	2.836778	-1.561526	1.367105	0.277607	-0.811782	-0.201564
0.860000	2.249209	-1.566236	1.436312	0.271461	-0.800804	-0.207737
0.880000	1.584537	-1.511535	1.486743	0.266540	-0.786995	-0.214103
0.900000	0.854935	-1.406374	1.519049	0.262795	-0.770832	-0.220734
0.920000	0.072576	-1.259703	1.533886	0.260180	-0.752794	-0.227702
0.940000	-0.750369	-1.080474	1.531907	0.258647	-0.733359	-0.235080
0.960000	-1.601726	-0.877639	1.513764	0.258148	-0.713004	-0.242941
0.980000	-2.469325	-0.660147	1.480113	0.258637	-0.692209	-0.251357
1.000000	-3.340991	-0.436951	1.431607	0.260066	-0.671451	-0.260402
1.020000	-4.204554	-0.217001	1.368898	0.262387	-0.651207	-0.270148
1.040000	-5.047841	-0.009248	1.292642	0.265554	-0.631957	-0.280667
1.060000	-5.858679	0.177356	1.203491	0.269518	-0.614179	-0.292032
1.080000	-6.624896	0.333860	1.102099	0.274233	-0.598350	-0.304316
1.100000	-7.334319	0.451314	0.989120	0.279652	-0.584948	-0.317591
1.120000	-7.974777	0.520767	0.865207	0.285726	-0.574452	-0.331931
1.140000	-8.534097	0.533266	0.731015	0.292408	-0.567340	-0.347408
1.160000	-9.000107	0.479862	0.587196	0.299652	-0.564090	-0.364094
1.180000	-9.362402	0.353601	0.434481	0.307408	-0.565086	-0.382035
1.200000	-9.621714	0.160124	0.274083	0.315616	-0.570122	-0.401107
1.220000	-9.783107	-0.090032	0.107405	0.324214	-0.578764	-0.421120
1.240000	-9.851650	-0.386321	-0.064152	0.333137	-0.590575	-0.441883
1.260000	-9.832416	-0.718197	-0.239187	0.342323	-0.605120	-0.463206
1.280000	-9.730475	-1.075112	-0.416297	0.351707	-0.621963	-0.484899
1.300000	-9.550901	-1.446521	-0.594080	0.361227	-0.640669	-0.506771
1.320000	-9.298762	-1.821876	-0.771135	0.370818	-0.660801	-0.528631
1.340000	-8.979132	-2.190631	-0.946059	0.380418	-0.681925	-0.550289
1.360000	-8.597082	-2.542240	-1.117452	0.389962	-0.703604	-0.571555
1.380000	-8.157682	-2.866155	-1.283910	0.399388	-0.725402	-0.592238
1.400000	-7.666005	-3.151830	-1.444032	0.408632	-0.746885	-0.612148
1.420000	-7.127122	-3.388719	-1.596417	0.417629	-0.767616	-0.631095
1.440000	-6.546103	-3.566275	-1.739662	0.426318	-0.787159	-0.648888
1.460000	-5.928022	-3.673951	-1.872365	0.434634	-0.805079	-0.665336
1.480000	-5.277948	-3.701201	-1.993125	0.442514	-0.820940	-0.680249
1.500000	-4.601065	-3.638253	-2.100608	0.449900	-0.834337	-0.693450
1.520000	-3.904243	-3.487083	-2.194516	0.456828	-0.845329	-0.704953
1.540000	-3.195666	-3.258806	-2.275356	0.463402	-0.854333	-0.714924
1.560000	-2.483551	-2.964772	-2.343656	0.469732	-0.861779	-0.723530
1.580000	-1.776116	-2.616334	-2.399945	0.475925	-0.868095	-0.730940
1.600000	-1.081578	-2.224843	-2.444751	0.482090	-0.873708	-0.737324
1.620000	-0.408155	-1.801651	-2.478601	0.488334	-0.879048	-0.742849
1.640000	0.235935	-1.358111	-2.502025	0.494765	-0.884542	-0.747684
1.660000	0.842475	-0.905574	-2.515551	0.501493	-0.890618	-0.751999
1.680000	1.403247	-0.455392	-2.519707	0.508623	-0.897706	-0.755961
1.700000	1.910033	-0.018918	-2.515020	0.516266	-0.906232	-0.759740
1.720000	2.354617	0.392498	-2.502020	0.524528	-0.916625	-0.763503
1.740000	2.728780	0.767503	-2.481234	0.533518	-0.929314	-0.767420
1.760000	3.024306	1.094745	-2.453192	0.543344	-0.944727	-0.771659
1.780000	3.232975	1.362872	-2.418420	0.554114	-0.963292	-0.776389
1.800000	3.346571	1.560532	-2.377447	0.565936	-0.985436	-0.781779
1.820000	3.359488	1.679048	-2.330679	0.578863	-1.011432	-0.787946
1.840000	3.279303	1.723236	-2.277902	0.592672	-1.040757	-0.794757
1.860000	3.117738	1.702157	-2.218708	0.607052	-1.072639	-0.801996
1.880000	2.886517	1.624875	-2.152687	0.621692	-1.106307	-0.809449
1.900000	2.597364	1.500453	-2.079431	0.636282	-1.140987	-0.816901
1.920000	2.262004	1.337953	-1.998531	0.650510	-1.175909	-0.824138
1.940000	1.892161	1.146438	-1.909579	0.664067	-1.210301	-0.830945
1.960000	1.499558	0.934972	-1.812166	0.676641	-1.243390	-0.837107
1.980000	1.095921	0.712618	-1.705883	0.687923	-1.274405	-0.842410
2.000000	0.692974	0.488438	-1.590321	0.697600	-1.302573	-0.846639
2.020000	0.302440	0.271496	-1.465072	0.705363	-1.327123	-0.849580
2.040000	-0.063956	0.070855	-1.329728	0.710901	-1.347284	-0.851018
2.060000	-0.394490	-0.104423	-1.183878	0.713903	-1.362282	-0.850738
2.080000	-0.677438	-0.245273	-1.027116	0.714059	-1.371347	-0.848526
2.100000	-0.901075	-0.342634	-0.859031	0.711057	-1.373705	-0.844167
2.120000	-1.053725	-0.387481	-0.679224	0.704589	-1.368590	-0.837447
2.140000	-1.129539	-0.375581	-0.488384	0.694573	-1.355729	-0.828286
2.160000	-1.133998	-0.312014	-0.289310	0.681366	-1.335811	-0.816857
2.180000	-1.073890	-0.202935	-0.085051	0.665375	-1.309638	-0.803366
2.200000	-0.956002	-0.054498	0.121350	0.647010	-1.278011	-0.788016
2.220000	-0.787122	0.127144	0.326847	0.626678	-1.241729	-0.771013
2.240000	-0.574036	0.335837	0.528393	0.604788	-1.201595	-0.752560
2.260000	-0.323531	0.565427	0.722944	0.581747	-1.158409	-0.732862
2.280000	-0.042395	0.809759	0.907455	0.557964	-1.112972	-0.712124
2.300000	0.262585	1.062681	1.078878	0.533847	-1.066085	-0.690550
2.320000	0.584622	1.318038	1.234170	0.509804	-1.018549	-0.668345
2.340000	0.916929	1.569676	1.370284	0.486243	-0.971165	-0.645712
2.360000	1.252719	1.811441	1.484175	0.463572	-0.924733	-0.622857
2.380000	1.585205	2.037180	1.572797	0.442200	-0.880055	-0.599984
2.400000	1.907599	2.240739	1.633105	0.422534	-0.837931	-0.577297
2.420000	2.213115	2.415963	1.662054	0.404983	-0.799163	-0.555001
