0.000000	-0.568184	3.834059	2.804837	0.680161	-0.751134	-0.958166
0.020000	-0.568571	4.177882	2.781401	0.662861	-0.737147	-0.942044
0.040000	-0.549926	4.483251	2.734398	0.646325	-0.722812	-0.925253
0.060000	-0.508979	4.742276	2.663233	0.630775	-0.708270	-0.907862
0.080000	-0.443549	4.950340	2.568199	0.616349	-0.693639	-0.889942
0.100000	-0.353881	5.110128	2.451571	0.602995	-0.678985	-0.871574
0.120000	-0.240551	5.225316	2.315895	0.590633	-0.664368	-0.852838
0.140000	-0.104132	5.299580	2.163713	0.579186	-0.649847	-0.833814
0.160000	0.054799	5.336596	1.997569	0.568575	-0.635481	-0.814583
0.180000	0.235670	5.340039	1.820009	0.558722	-0.621330	-0.795226
0.200000	0.437904	5.313586	1.633576	0.549550	-0.607453	-0.775822
0.220000	0.660927	5.260913	1.440814	0.540978	-0.593909	-0.756454
0.240000	0.904165	5.185695	1.244268	0.532930	-0.580759	-0.737200
0.260000	1.167042	5.091608	1.046481	0.525327	-0.568060	-0.718142
0.280000	1.448985	4.982328	0.849998	0.518091	-0.555873	-0.699360
0.300000	1.749418	4.861530	0.657363	0.511142	-0.544256	-0.680934
0.320000	2.067766	4.732892	0.471119	0.504404	-0.533269	-0.662946
0.340000	2.403455	4.600088	0.293811	0.497798	-0.522972	-0.645476
0.360000	2.755909	4.466793	0.127984	0.491245	-0.513424	-0.628603
0.380000	3.123445	4.335777	-0.024340	0.484702	-0.504673	-0.612375
0.400000	3.501149	4.207167	-0.162648	0.478230	-0.496738	-0.596736
0.420000	3.883523	4.080610	-0.286704	0.471904	-0.489632	-0.581612
0.440000	4.265070	3.955756	-0.396271	0.465803	-0.483367	-0.566930
0.460000	4.640291	3.832254	-0.491111	0.460006	-0.477956	-0.552617
0.480000	5.003688	3.709751	-0.570987	0.454589	-0.473412	-0.538599
0.500000	5.349763	3.587897	-0.635663	0.449631	-0.469747	-0.524803
0.520000	5.673019	3.466341	-0.684901	0.445208	-0.466975	-0.511156
0.540000	5.967956	3.344729	-0.718464	0.441400	-0.465108	-0.497583
0.560000	6.229078	3.222713	-0.736115	0.438284	-0.464159	-0.484012
0.580000	6.450885	3.099939	-0.737618	0.435937	-0.464140	-0.470369
0.600000	6.627880	2.976056	-0.722734	0.434438	-0.465065	-0.456581
0.620000	6.754565	2.850714	-0.691228	0.433863	-0.466946	-0.442575
0.640000	6.825441	2.723560	-0.642862	0.434292	-0.469795	-0.428276
0.660000	6.835011	2.594244	-0.577398	0.435801	-0.473626	-0.413611
0.680000	6.777777	2.462414	-0.494601	0.438469	-0.478452	-0.398508
0.700000	6.649466	2.327662	-0.394532	0.442347	-0.484270	-0.382922
0.720000	6.453476	2.189228	-0.279133	0.447330	-0.490986	-0.366990
0.740000	6.196168	2.046218	-0.151070	0.453248	-0.498473	-0.350922
0.760000	5.883908	1.897735	-0.013011	0.459932	-0.506600	-0.334926
0.780000	5.523063	1.742884	0.132377	0.467215	-0.515239	-0.319212
0.800000	5.119999	1.580769	0.282427	0.474928	-0.524260	-0.303987
0.820000	4.681082	1.410494	0.434469	0.482901	-0.533535	-0.289460
0.840000	4.212680	1.231164	0.585838	0.490967	-0.542934	-0.275841
0.860000	3.721158	1.041882	0.733864	0.498958	-0.552328	-0.263338
0.880000	3.212883	0.841754	0.875882	0.506703	-0.561588	-0.252159
0.900000	2.694222	0.629882	1.009222	0.514035	-0.570585	-0.242514
0.920000	2.171541	0.405372	1.131217	0.520786	-0.579191	-0.234611
0.940000	1.651207	0.167327	1.239200	0.526786	-0.587275	-0.228659
0.960000	1.139585	-0.085147	1.330502	0.531867	-0.594709	-0.224866
0.980000	0.643044	-0.352948	1.402457	0.535861	-0.601363	-0.223442
1.000000	0.167948	-0.636970	1.452397	0.538599	-0.607109	-0.224596
1.020000	-0.279634	-0.937948	1.477837	0.539923	-0.611825	-0.228519
1.040000	-0.698139	-1.254198	1.479045	0.539846	-0.615491	-0.235165
1.060000	-1.089480	-1.582165	1.458419	0.538508	-0.618169	-0.244301
1.080000	-1.455662	-1.918245	1.418409	0.536055	-0.619922	-0.255692
1.100000	-1.798690	-2.258836	1.361466	0.532632	-0.620814	-0.269100
1.120000	-2.120567	-2.600334	1.290042	0.528384	-0.620908	-0.284288
1.140000	-2.423299	-2.939137	1.206588	0.523457	-0.620267	-0.301018
1.160000	-2.708890	-3.271641	1.113555	0.517995	-0.618955	-0.319055
1.180000	-2.979344	-3.594243	1.013394	0.512144	-0.617034	-0.338161
1.200000	-3.236665	-3.903341	0.908557	0.506048	-0.614569	-0.358099
1.220000	-3.482859	-4.195330	0.801495	0.499854	-0.611623	-0.378633
1.240000	-3.719929	-4.466608	0.694659	0.493705	-0.608259	-0.399524
1.260000	-3.949880	-4.713572	0.590500	0.487748	-0.604539	-0.420537
1.280000	-4.174716	-4.932619	0.491470	0.482128	-0.600529	-0.441435
1.300000	-4.396443	-5.120146	0.400019	0.476989	-0.596290	-0.461980
1.320000	-4.617063	-5.272549	0.318600	0.472476	-0.591887	-0.481935
1.340000	-4.837707	-5.386782	0.249022	0.468715	-0.587390	-0.501106
1.360000	-5.055115	-5.462593	0.189893	0.465724	-0.582907	-0.519504
1.380000	-5.264657	-5.500599	0.138813	0.463490	-0.578556	-0.537210
1.400000	-5.461705	-5.501420	0.093387	0.462000	-0.574459	-0.554299
1.420000	-5.641626	-5.465675	0.051216	0.461240	-0.570733	-0.570852
1.440000	-5.799791	-5.393984	0.009904	0.461197	-0.567498	-0.586946
1.460000	-5.931570	-5.286964	-0.032947	0.461858	-0.564874	-0.602659
1.480000	-6.032332	-5.145237	-0.079735	0.463209	-0.562980	-0.618070
1.500000	-6.097447	-4.969420	-0.132856	0.465237	-0.561935	-0.633256
1.520000	-6.122285	-4.760133	-0.194709	0.467929	-0.561858	-0.648296
1.540000	-6.102216	-4.517995	-0.267690	0.471271	-0.562869	-0.663269
1.560000	-6.032609	-4.243625	-0.354196	0.475250	-0.565088	-0.678252
1.580000	-5.908833	-3.937643	-0.456626	0.479853	-0.568633	-0.693324
1.600000	-5.726259	-3.600667	-0.577377	0.485066	-0.573624	-0.708562
1.620000	-5.480257	-3.233317	-0.718845	0.490876	-0.580180	-0.724046
1.640000	-5.166235	-2.836227	-0.883409	0.497269	-0.588420	-0.739853
1.660000	-4.784300	-2.411847	-1.071139	0.504226	-0.598345	-0.755987
1.680000	-4.343639	-1.966137	-1.277643	0.511718	-0.609733	-0.772315
1.700000	-3.854475	-1.505457	-1.498018	0.519712	-0.622332	-0.788686
1.720000	-3.327032	-1.036167	-1.727363	0.528176	-0.635895	-0.804949
1.740000	-2.771534	-0.564629	-1.960776	0.537080	-0.650172	-0.820955
1.760000	-2.198206	-0.097202	-2.193355	0.546391	-0.664914	-0.836551
1.780000	-1.617270	0.359754	-2.420199	0.556077	-0.679872	-0.851589
1.800000	-1.038951	0.799876	-2.636406	0.566107	-0.694795	-0.865917
1.820000	-0.473472	1.216806	-2.837073	0.576450	-0.709435	-0.879384
1.840000	0.068941	1.604182	-3.017299	0.587073	-0.723543	-0.891841
1.860000	0.578067	1.955645	-3.172182	0.597946	-0.736870	-0.903137
1.880000	1.043680	2.264833	-3.296820	0.609036	-0.749165	-0.913121
1.900000	1.455557	2.525387	-3.386312	0.620311	-0.760180	-0.921643
1.920000	1.803474	2.730945	-3.435756	0.631741	-0.769666	-0.928552
1.940000	2.077208	2.875148	-3.440249	0.643292	-0.777373	-0.933698
1.960000	2.267119	2.952040	-3.395212	0.654932	-0.783066	-0.936940
1.980000	2.373141	2.962292	-3.301329	0.666571	-0.786742	-0.938307
2.000000	2.403008	2.911978	-3.163571	0.678082	-0.788588	-0.937964
2.020000	2.364680	2.807325	-2.987036	0.689333	-0.788797	-0.936081
2.040000	2.266119	2.654563	-2.776821	0.700192	-0.787560	-0.932827
2.060000	2.115284	2.459921	-2.538023	0.710530	-0.785069	-0.928372
2.080000	1.920137	2.229628	-2.275741	0.720215	-0.781518	-0.922885
2.100000	1.688639	1.969914	-1.995070	0.729116	-0.777096	-0.916536
2.120000	1.428750	1.687007	-1.701110	0.737103	-0.771998	-0.909495
2.140000	1.148431	1.387137	-1.398956	0.744045	-0.766415	-0.901930
2.160000	0.855644	1.076534	-1.093706	0.749810	-0.760539	-0.894012
2.180000	0.558348	0.761425	-0.790458	0.754269	-0.754563	-0.885909
2.200000	0.264505	0.448041	-0.494310	0.757289	-0.748678	-0.877792
2.220000	-0.017924	0.142611	-0.210357	0.758741	-0.743077	-0.869830
2.240000	-0.280979	-0.148637	0.056302	0.758492	-0.737951	-0.862192
2.260000	-0.516698	-0.419472	0.300570	0.756414	-0.733494	-0.855048
2.280000	-0.717180	-0.663699	0.517386	0.752375	-0.729895	-0.848566
2.300000	-0.878271	-0.877228	0.704055	0.746378	-0.727228	-0.842826
2.320000	-1.001769	-1.059314	0.861637	0.738627	-0.725384	-0.837766
2.340000	-1.090003	-1.209511	0.991527	0.729347	-0.724236	-0.833311
2.360000	-1.145301	-1.327371	1.095118	0.718760	-0.723657	-0.829389
2.380000	-1.169991	-1.412448	1.173805	0.707092	-0.723521	-0.825924
2.400000	-1.166401	-1.464293	1.228982	0.694566	-0.723701	-0.822844
2.420000	-1.136861	-1.482461	1.262042	0.681405	-0.724071	-0.820073
2.440000	-1.083697	-1.466504	1.274380	0.667834	-0.724504	-0.817539
2.460000	-1.009239	-1.415975	1.267390	0.654076	-0.724874	-0.815166
2.480000	-0.915814	-1.330427	1.242467	0.640355	-0.725054	-0.812881
2.500000	-0.805751	-1.209414	1.201003	0.626896	-0.724918	-0.810610
2.520000	-0.681378	-1.052487	1.144394	0.613921	-0.724338	-0.808279
2.540000	-0.545023	-0.859200	1.074034	0.601655	-0.723190	-0.805813
2.560000	-0.399014	-0.629106	0.991316	0.590322	-0.721345	-0.803140
2.580000	-0.245680	-0.361758	0.897634	0.580144	-0.718678	-0.800184
2.600000	-0.087296	-0.057003	0.794442	0.571332	-0.715073	-0.796876
2.620000	0.074521	0.281699	0.683910	0.563908	-0.710558	-0.793192
2.640000	0.238592	0.648450	0.568692	0.557766	-0.705255	-0.789137
