0.000000	2.431089	4.146761	0.832280	0.518813	-0.814624	-0.641723
0.020000	2.544486	4.344470	0.732814	0.505935	-0.804791	-0.626143
0.040000	2.618686	4.510087	0.644724	0.493032	-0.792835	-0.610265
0.060000	2.651096	4.640882	0.570095	0.480210	-0.778763	-0.594134
0.080000	2.646482	4.737920	0.507863	0.467592	-0.762920	-0.577753
0.100000	2.610803	4.802882	0.456456	0.455304	-0.745706	-0.561116
0.120000	2.550018	4.837449	0.414300	0.443472	-0.727522	-0.544217
0.140000	2.470086	4.843301	0.379823	0.432223	-0.708769	-0.527051
0.160000	2.376967	4.822119	0.351450	0.421682	-0.689848	-0.509612
0.180000	2.276620	4.775583	0.327609	0.411976	-0.671160	-0.491894
0.200000	2.175004	4.705375	0.306727	0.403231	-0.653105	-0.473892
0.220000	2.078078	4.613175	0.287230	0.395573	-0.636083	-0.455600
0.240000	1.991801	4.500663	0.267545	0.389127	-0.620497	-0.437012
0.260000	1.922133	4.369520	0.246099	0.384021	-0.606746	-0.418123
0.280000	1.875033	4.221428	0.221319	0.380380	-0.595231	-0.398927
0.300000	1.856459	4.058065	0.191632	0.378330	-0.586352	-0.379418
0.320000	1.872372	3.881114	0.155464	0.377998	-0.580512	-0.359590
0.340000	1.928731	3.692255	0.111243	0.379510	-0.578110	-0.339439
0.360000	2.031219	3.493151	0.057455	0.382984	-0.579532	-0.318962
0.380000	2.178204	3.285009	-0.005794	0.388355	-0.584751	-0.298262
0.400000	2.360122	3.068540	-0.076649	0.395357	-0.593297	-0.277557
0.420000	2.567015	2.844430	-0.153165	0.403714	-0.604676	-0.257068
0.440000	2.788926	2.613367	-0.233398	0.413150	-0.618394	-0.237019
0.460000	3.015896	2.376037	-0.315404	0.423388	-0.633957	-0.217632
0.480000	3.237966	2.133127	-0.397240	0.434152	-0.650871	-0.199129
0.500000	3.445178	1.885323	-0.476961	0.445167	-0.668644	-0.181732
0.520000	3.627574	1.633312	-0.552624	0.456156	-0.686781	-0.165665
0.540000	3.775196	1.377780	-0.622285	0.466843	-0.704788	-0.151150
0.560000	3.878085	1.119415	-0.683999	0.476951	-0.722173	-0.138409
0.580000	3.926282	0.858902	-0.735823	0.486206	-0.738441	-0.127665
0.600000	3.909831	0.596929	-0.775813	0.494330	-0.753098	-0.119141
0.620000	3.818771	0.334182	-0.802025	0.501048	-0.765651	-0.113058
0.640000	3.643145	0.071347	-0.812514	0.506083	-0.775607	-0.109640
0.660000	3.372995	-0.190888	-0.805338	0.509159	-0.782471	-0.109109
0.680000	3.000256	-0.451784	-0.778902	0.510046	-0.785824	-0.111645
0.700000	2.531041	-0.710201	-0.734243	0.508846	-0.785804	-0.117115
0.720000	1.977895	-0.964816	-0.673585	0.505816	-0.782802	-0.125244
0.740000	1.353391	-1.214309	-0.599162	0.501213	-0.777208	-0.135755
0.760000	0.670105	-1.457356	-0.513205	0.495295	-0.769414	-0.148372
0.780000	-0.059388	-1.692635	-0.417948	0.488316	-0.759811	-0.162818
0.800000	-0.822513	-1.918824	-0.315621	0.480535	-0.748792	-0.178817
0.820000	-1.606697	-2.134600	-0.208457	0.472209	-0.736747	-0.196093
0.840000	-2.399362	-2.338641	-0.098689	0.463594	-0.724068	-0.214368
0.860000	-3.187936	-2.529625	0.011452	0.454946	-0.711147	-0.233368
0.880000	-3.959842	-2.706230	0.119732	0.446524	-0.698374	-0.252815
0.900000	-4.702506	-2.867132	0.223921	0.438583	-0.686142	-0.272434
0.920000	-5.403354	-3.011010	0.321785	0.431381	-0.674842	-0.291947
0.940000	-6.049809	-3.136542	0.411093	0.425175	-0.664865	-0.311078
0.960000	-6.629298	-3.242404	0.489612	0.420220	-0.656603	-0.329551
0.980000	-7.129245	-3.327275	0.555110	0.416775	-0.650447	-0.347090
1.000000	-7.537589	-3.389894	0.605436	0.415085	-0.646771	-0.363430
1.020000	-7.852035	-3.430167	0.639974	0.415179	-0.645625	-0.378530
1.040000	-8.079040	-3.449047	0.659486	0.416897	-0.646761	-0.392549
1.060000	-8.225374	-3.447526	0.664782	0.420067	-0.649926	-0.405653
1.080000	-8.297806	-3.426593	0.656672	0.424521	-0.654865	-0.418009
1.100000	-8.303102	-3.387238	0.635968	0.430090	-0.661321	-0.429783
1.120000	-8.248033	-3.330453	0.603479	0.436604	-0.669040	-0.441142
1.140000	-8.139367	-3.257226	0.560016	0.443894	-0.677767	-0.452252
1.160000	-7.983871	-3.168550	0.506389	0.451790	-0.687247	-0.463279
1.180000	-7.788314	-3.065413	0.443408	0.460123	-0.697224	-0.474389
1.200000	-7.559466	-2.948807	0.371884	0.468725	-0.707443	-0.485750
1.220000	-7.304094	-2.819721	0.292627	0.477424	-0.717649	-0.497526
1.240000	-7.028966	-2.679146	0.206448	0.486053	-0.727587	-0.509886
1.260000	-6.740852	-2.528072	0.114157	0.494442	-0.737002	-0.522994
1.280000	-6.446520	-2.367491	0.016563	0.502421	-0.745638	-0.537018
1.300000	-6.152737	-2.198391	-0.085521	0.509821	-0.753241	-0.552124
1.320000	-5.865336	-2.021812	-0.191284	0.516499	-0.759594	-0.568435
1.340000	-5.584557	-1.839090	-0.299897	0.522466	-0.764715	-0.585821
1.360000	-5.308583	-1.651667	-0.410525	0.527789	-0.768709	-0.604060
1.380000	-5.035590	-1.460985	-0.522333	0.532538	-0.771679	-0.622928
1.400000	-4.763757	-1.268489	-0.634488	0.536780	-0.773730	-0.642201
1.420000	-4.491263	-1.075621	-0.746154	0.540583	-0.774966	-0.661655
1.440000	-4.216284	-0.883823	-0.856498	0.544016	-0.775491	-0.681068
1.460000	-3.936999	-0.694541	-0.964684	0.547146	-0.775409	-0.700215
1.480000	-3.651585	-0.509215	-1.069878	0.550043	-0.774824	-0.718873
1.500000	-3.358221	-0.329291	-1.171245	0.552773	-0.773842	-0.736818
1.520000	-3.055085	-0.156209	-1.267952	0.555406	-0.772565	-0.753828
1.540000	-2.740354	0.008586	-1.359163	0.558009	-0.771098	-0.769677
1.560000	-2.412206	0.163651	-1.444044	0.560650	-0.769546	-0.784144
1.580000	-2.068820	0.307543	-1.521760	0.563398	-0.768012	-0.797003
1.600000	-1.708373	0.438819	-1.591477	0.566321	-0.766601	-0.808033
1.620000	-1.329052	0.556039	-1.652361	0.569487	-0.765417	-0.817009
1.640000	-0.931206	0.658202	-1.703694	0.572935	-0.764535	-0.823821
1.660000	-0.520071	0.745308	-1.745021	0.576641	-0.763968	-0.828614
1.680000	-0.101556	0.817493	-1.775921	0.580569	-0.763720	-0.831567
1.700000	0.318431	0.874896	-1.795976	0.584687	-0.763794	-0.832861
1.720000	0.733981	0.917651	-1.804766	0.588959	-0.764193	-0.832674
1.740000	1.139187	0.945898	-1.801871	0.593353	-0.764921	-0.831186
1.760000	1.528138	0.959771	-1.786873	0.597833	-0.765981	-0.828578
1.780000	1.894928	0.959408	-1.759352	0.602366	-0.767377	-0.825028
1.800000	2.233646	0.944946	-1.718888	0.606917	-0.769113	-0.820716
1.820000	2.538386	0.916522	-1.665062	0.611453	-0.771192	-0.815821
1.840000	2.803237	0.874273	-1.597455	0.615940	-0.773617	-0.810524
1.860000	3.022292	0.818335	-1.515646	0.620342	-0.776391	-0.805004
1.880000	3.189642	0.748846	-1.419218	0.624628	-0.779520	-0.799441
1.900000	3.299379	0.665941	-1.307750	0.628761	-0.783005	-0.794014
1.920000	3.345593	0.569759	-1.180822	0.632708	-0.786850	-0.788902
1.940000	3.322705	0.460493	-1.038100	0.636436	-0.791057	-0.784281
1.960000	3.231961	0.339544	-0.880988	0.639907	-0.795575	-0.780204
1.980000	3.081061	0.209452	-0.712539	0.643084	-0.800308	-0.776616
2.000000	2.877960	0.072801	-0.535868	0.645927	-0.805156	-0.773456
2.020000	2.630612	-0.067825	-0.354092	0.648398	-0.810019	-0.770662
2.040000	2.346970	-0.209840	-0.170327	0.650459	-0.814798	-0.768173
2.060000	2.034989	-0.350662	0.012310	0.652071	-0.819393	-0.765929
2.080000	1.702621	-0.487704	0.190704	0.653196	-0.823706	-0.763868
2.100000	1.357822	-0.618384	0.361738	0.653795	-0.827636	-0.761930
2.120000	1.008544	-0.740116	0.522297	0.653830	-0.831084	-0.760053
2.140000	0.662743	-0.850316	0.669262	0.653262	-0.833951	-0.758176
2.160000	0.328371	-0.946400	0.799519	0.652053	-0.836138	-0.756238
2.180000	0.013383	-1.025783	0.909951	0.650164	-0.837544	-0.754179
2.200000	-0.274268	-1.085881	0.997442	0.647557	-0.838071	-0.751937
2.220000	-0.526627	-1.124109	1.058876	0.644193	-0.837619	-0.749451
2.240000	-0.735742	-1.137883	1.091136	0.640034	-0.836089	-0.746661
2.260000	-0.893657	-1.124619	1.091106	0.635041	-0.833381	-0.743504
2.280000	-0.993205	-1.082048	1.056095	0.629185	-0.829410	-0.739926
2.300000	-1.035713	-1.011321	0.988002	0.622536	-0.824250	-0.735920
2.320000	-1.027699	-0.915675	0.891529	0.615227	-0.818069	-0.731511
2.340000	-0.975752	-0.798379	0.771422	0.607389	-0.811040	-0.726727
2.360000	-0.886464	-0.662699	0.632423	0.599155	-0.803333	-0.721593
2.380000	-0.766425	-0.511904	0.479276	0.590658	-0.795119	-0.716136
2.400000	-0.622226	-0.349261	0.316725	0.582029	-0.786569	-0.710380
2.420000	-0.460459	-0.178038	0.149512	0.573401	-0.777853	-0.704353
2.440000	-0.287714	-0.001504	-0.017617	0.564907	-0.769144	-0.698081
2.460000	-0.110581	0.177074	-0.179921	0.556678	-0.760611	-0.691589
2.480000	0.064347	0.354429	-0.332654	0.548848	-0.752426	-0.684904
