0.000000	0.420730	0.054985	1.537298	0.380445	-1.020605	-0.567665
0.020000	0.795505	0.251996	1.393361	0.372358	-0.992651	-0.552138
0.040000	1.222758	0.467741	1.236648	0.363587	-0.963241	-0.535997
0.060000	1.694573	0.698152	1.072036	0.354204	-0.932614	-0.519302
0.080000	2.203038	0.939157	0.904401	0.344282	-0.901009	-0.502112
0.100000	2.740237	1.186688	0.738618	0.333891	-0.868663	-0.484485
0.120000	3.298258	1.436673	0.579563	0.323104	-0.835814	-0.466481
0.140000	3.869186	1.685042	0.432112	0.311991	-0.802701	-0.448159
0.160000	4.445107	1.927726	0.301141	0.300625	-0.769561	-0.429578
0.180000	5.018109	2.160653	0.191526	0.289077	-0.736632	-0.410795
0.200000	5.580275	2.379755	0.108142	0.277420	-0.704154	-0.391872
0.220000	6.123703	2.581014	0.055713	0.265724	-0.672361	-0.372866
0.240000	6.640715	2.761837	0.034953	0.254089	-0.641469	-0.353857
0.260000	7.123885	2.921165	0.042255	0.242638	-0.611661	-0.334946
0.280000	7.565795	3.058011	0.073801	0.231497	-0.583124	-0.316235
0.300000	7.959030	3.171392	0.125771	0.220790	-0.556043	-0.297825
0.320000	8.296175	3.260323	0.194345	0.210644	-0.530602	-0.279817
0.340000	8.569812	3.323820	0.275705	0.201184	-0.506987	-0.262313
0.360000	8.772527	3.360896	0.366030	0.192536	-0.485381	-0.245414
0.380000	8.896903	3.370568	0.461502	0.184824	-0.465971	-0.229223
0.400000	8.935524	3.351851	0.558302	0.178175	-0.448941	-0.213840
0.420000	8.880975	3.303760	0.652609	0.172714	-0.434476	-0.199367
0.440000	8.725839	3.225311	0.740604	0.168567	-0.422762	-0.185906
0.460000	8.462700	3.115518	0.818468	0.165858	-0.413982	-0.173558
0.480000	8.084143	2.973397	0.882382	0.164713	-0.408322	-0.162425
0.500000	7.582751	2.797964	0.928526	0.165259	-0.405967	-0.152608
0.520000	6.951329	2.588281	0.953136	0.167617	-0.407097	-0.144208
0.540000	6.192386	2.345540	0.954884	0.171783	-0.411683	-0.137269
0.560000	5.321769	2.073853	0.935790	0.177580	-0.419406	-0.131758
0.580000	4.356297	1.777547	0.898117	0.184817	-0.429928	-0.127639
0.600000	3.312784	1.460948	0.844127	0.193303	-0.442910	-0.124873
0.620000	2.208048	1.128381	0.776083	0.202849	-0.458012	-0.123422
0.640000	1.058906	0.784173	0.696249	0.213264	-0.474896	-0.123249
0.660000	-0.117827	0.432648	0.606887	0.224356	-0.493223	-0.124316
0.680000	-1.305333	0.078134	0.510260	0.235937	-0.512655	-0.126586
0.700000	-2.486796	-0.275044	0.408631	0.247814	-0.532851	-0.130019
0.720000	-3.645400	-0.622560	0.304263	0.259799	-0.553474	-0.134580
0.740000	-4.764327	-0.960088	0.199419	0.271699	-0.574185	-0.140230
0.760000	-5.826763	-1.283303	0.096361	0.283325	-0.594644	-0.146930
0.780000	-6.815888	-1.587879	-0.002647	0.294487	-0.614512	-0.154644
0.800000	-7.714889	-1.869488	-0.095342	0.304993	-0.633452	-0.163334
0.820000	-8.506947	-2.123807	-0.179462	0.314654	-0.651123	-0.172962
0.840000	-9.175254	-2.346510	-0.252745	0.323278	-0.667187	-0.183490
0.860000	-9.708768	-2.534595	-0.313706	0.330738	-0.681423	-0.194885
0.880000	-10.112392	-2.688713	-0.363005	0.337077	-0.693932	-0.207133
0.900000	-10.393763	-2.810140	-0.401672	0.342367	-0.704872	-0.220219
0.920000	-10.560518	-2.900153	-0.430735	0.346682	-0.714401	-0.234129
0.940000	-10.620292	-2.960028	-0.451225	0.350094	-0.722675	-0.248850
0.960000	-10.580722	-2.991044	-0.464170	0.352677	-0.729852	-0.264368
0.980000	-10.449444	-2.994476	-0.470600	0.354501	-0.736090	-0.280670
1.000000	-10.234096	-2.971602	-0.471544	0.355642	-0.741546	-0.297741
1.020000	-9.942313	-2.923698	-0.468030	0.356171	-0.746377	-0.315569
1.040000	-9.581732	-2.852041	-0.461088	0.356161	-0.750742	-0.334139
1.060000	-9.159989	-2.757908	-0.451748	0.355684	-0.754797	-0.353439
1.080000	-8.684721	-2.642575	-0.441039	0.354815	-0.758700	-0.373453
1.100000	-8.163563	-2.507321	-0.429989	0.353624	-0.762608	-0.394170
1.120000	-7.604154	-2.353420	-0.419627	0.352186	-0.766679	-0.415574
1.140000	-7.014128	-2.182151	-0.410984	0.350573	-0.771070	-0.437653
1.160000	-6.401123	-1.994790	-0.405088	0.348858	-0.775939	-0.460392
1.180000	-5.772545	-1.792769	-0.402798	0.347118	-0.781441	-0.483767
1.200000	-5.134437	-1.578436	-0.403964	0.345457	-0.787721	-0.507684
1.220000	-4.492345	-1.354477	-0.408065	0.343990	-0.794920	-0.532024
1.240000	-3.851813	-1.123575	-0.414581	0.342831	-0.803178	-0.556669
1.260000	-3.218386	-0.888416	-0.422992	0.342095	-0.812635	-0.581498
1.280000	-2.597608	-0.651685	-0.432776	0.341895	-0.823434	-0.606394
1.300000	-1.995022	-0.416066	-0.443413	0.342346	-0.835713	-0.631238
1.320000	-1.416175	-0.184246	-0.454382	0.343562	-0.849614	-0.655911
1.340000	-0.866608	0.041091	-0.465164	0.345658	-0.865277	-0.680294
1.360000	-0.351868	0.257260	-0.475236	0.348748	-0.882843	-0.704268
1.380000	0.122501	0.461577	-0.484080	0.352945	-0.902453	-0.727715
1.400000	0.550957	0.651355	-0.491173	0.358365	-0.924246	-0.750515
1.420000	0.927953	0.823910	-0.495996	0.365122	-0.948365	-0.772550
1.440000	1.247946	0.976558	-0.498027	0.373330	-0.974949	-0.793701
1.460000	1.505391	1.106612	-0.496747	0.383103	-1.004140	-0.813849
1.480000	1.694744	1.211389	-0.491634	0.394556	-1.036076	-0.832875
1.500000	1.810986	1.288435	-0.482197	0.407785	-1.070868	-0.850661
1.520000	1.856449	1.338552	-0.468351	0.422628	-1.108164	-0.867084
1.540000	1.838877	1.364938	-0.450309	0.438735	-1.147276	-0.882020
1.560000	1.766142	1.370848	-0.428291	0.455753	-1.187508	-0.895346
1.580000	1.646117	1.359535	-0.402519	0.473326	-1.228165	-0.906938
1.600000	1.486672	1.334255	-0.373213	0.491100	-1.268551	-0.916671
1.620000	1.295679	1.298260	-0.340593	0.508720	-1.307970	-0.924422
1.640000	1.081010	1.254806	-0.304880	0.525832	-1.345726	-0.930067
1.660000	0.850535	1.207146	-0.266296	0.542082	-1.381123	-0.933482
1.680000	0.612128	1.158534	-0.225059	0.557115	-1.413466	-0.934542
1.700000	0.373658	1.112225	-0.181392	0.570576	-1.442059	-0.933125
1.720000	0.142998	1.071473	-0.135514	0.582110	-1.466206	-0.929105
1.740000	-0.071980	1.039532	-0.087646	0.591365	-1.485210	-0.922360
1.760000	-0.263406	1.019656	-0.038009	0.597984	-1.498377	-0.912765
1.780000	-0.423407	1.015100	0.013176	0.601613	-1.505011	-0.900195
1.800000	-0.544113	1.029116	0.065690	0.601898	-1.504415	-0.884529
1.820000	-0.619012	1.064158	0.119222	0.598583	-1.496095	-0.865712
1.840000	-0.648042	1.118868	0.173044	0.591881	-1.480507	-0.844038
1.860000	-0.633054	1.190764	0.226301	0.582143	-1.458391	-0.819899
1.880000	-0.575899	1.277360	0.278140	0.569722	-1.430484	-0.793687
1.900000	-0.478426	1.376173	0.327707	0.554967	-1.397527	-0.765797
1.920000	-0.342485	1.484720	0.374147	0.538232	-1.360258	-0.736621
1.940000	-0.169927	1.600516	0.416608	0.519868	-1.319416	-0.706552
1.960000	0.037397	1.721077	0.454236	0.500225	-1.275739	-0.675983
1.980000	0.277639	1.843920	0.486175	0.479657	-1.229967	-0.645306
2.000000	0.548947	1.966560	0.511573	0.458514	-1.182838	-0.614916
2.020000	0.849471	2.086514	0.529576	0.437148	-1.135092	-0.585206
2.040000	1.177361	2.201297	0.539330	0.415911	-1.087467	-0.556567
2.060000	1.530766	2.308426	0.539981	0.395153	-1.040703	-0.529393
2.080000	1.907838	2.405416	0.530674	0.375228	-0.995537	-0.504077
2.100000	2.306724	2.489784	0.510557	0.356485	-0.952709	-0.481013
