0.000000	0.163858	6.855383	-5.462975	0.400279	-0.870494	-0.116893
0.020000	0.166865	7.684244	-5.623388	0.408299	-0.870864	-0.134206
0.040000	0.198572	8.395537	-5.764882	0.415221	-0.872057	-0.150723
0.060000	0.260878	8.977824	-5.885534	0.420938	-0.874089	-0.166333
0.080000	0.355683	9.419667	-5.983421	0.425342	-0.876974	-0.180925
0.100000	0.484884	9.709628	-6.056622	0.428326	-0.880726	-0.194386
0.120000	0.650379	9.836271	-6.103213	0.429782	-0.885360	-0.206606
0.140000	0.854069	9.788156	-6.121272	0.429602	-0.890890	-0.217474
0.160000	1.097850	9.553847	-6.108877	0.427679	-0.897330	-0.226877
0.180000	1.383622	9.121906	-6.064105	0.423906	-0.904696	-0.234704
0.200000	1.712513	8.484196	-5.985489	0.418205	-0.912985	-0.240865
0.220000	2.080553	7.654449	-5.874582	0.410696	-0.922088	-0.245411
0.240000	2.481700	6.655290	-5.734164	0.401580	-0.931851	-0.248450
0.260000	2.909904	5.509371	-5.567018	0.391058	-0.942121	-0.250091
0.280000	3.359115	4.239342	-5.375928	0.379332	-0.952744	-0.250441
0.300000	3.823284	2.867854	-5.163678	0.366603	-0.963568	-0.249608
0.320000	4.296363	1.417557	-4.933051	0.353072	-0.974438	-0.247702
0.340000	4.772300	-0.088896	-4.686832	0.338941	-0.985200	-0.244830
0.360000	5.245048	-1.628856	-4.427802	0.324409	-0.995703	-0.241101
0.380000	5.708557	-3.179672	-4.158747	0.309680	-1.005791	-0.236623
0.400000	6.156778	-4.718692	-3.882450	0.294953	-1.015312	-0.231503
0.420000	6.583661	-6.223266	-3.601695	0.280431	-1.024111	-0.225852
0.440000	6.983156	-7.670742	-3.319265	0.266314	-1.032037	-0.219775
0.460000	7.349216	-9.038471	-3.037943	0.252803	-1.038934	-0.213383
0.480000	7.675789	-10.303801	-2.760514	0.240100	-1.044651	-0.206783
0.500000	7.956828	-11.444081	-2.489761	0.228407	-1.049032	-0.200084
0.520000	8.186282	-12.436660	-2.228468	0.217923	-1.051925	-0.193393
0.540000	8.358103	-13.258888	-1.979418	0.208851	-1.053176	-0.186820
0.560000	8.466240	-13.888114	-1.745395	0.201392	-1.052632	-0.180472
0.580000	8.504646	-14.301686	-1.529182	0.195746	-1.050139	-0.174457
0.600000	8.467269	-14.476955	-1.333564	0.192116	-1.045543	-0.168884
0.620000	8.348062	-14.391268	-1.161324	0.190702	-1.038692	-0.163862
0.640000	8.140974	-14.021975	-1.015245	0.191706	-1.029432	-0.159498
0.660000	7.839957	-13.346426	-0.898112	0.195328	-1.017609	-0.155900
0.680000	7.439320	-12.343139	-0.812615	0.201761	-1.003077	-0.153174
0.700000	6.943765	-11.024475	-0.758782	0.210926	-0.985909	-0.151336
0.720000	6.369727	-9.441007	-0.733633	0.222442	-0.966421	-0.150298
0.740000	5.734269	-7.645351	-0.734025	0.235909	-0.944944	-0.149970
0.760000	5.054455	-5.690128	-0.756817	0.250927	-0.921809	-0.150259
0.780000	4.347349	-3.627954	-0.798866	0.267099	-0.897346	-0.151074
0.800000	3.630014	-1.511450	-0.857032	0.284024	-0.871886	-0.152323
0.820000	2.919513	0.606767	-0.928172	0.301304	-0.845760	-0.153915
0.840000	2.232910	2.674078	-1.009144	0.318541	-0.819297	-0.155757
0.860000	1.587269	4.637865	-1.096807	0.335334	-0.792830	-0.157759
0.880000	0.999653	6.445509	-1.188019	0.351285	-0.766688	-0.159828
0.900000	0.487125	8.044391	-1.279637	0.365995	-0.741203	-0.161872
0.920000	0.066749	9.381893	-1.368520	0.379065	-0.716704	-0.163801
0.940000	-0.244411	10.405396	-1.451526	0.390096	-0.693522	-0.165522
