0.000000	-0.244411	10.405396	-1.451526	0.390096	-0.693522	-0.165522
0.020000	-0.429293	11.062283	-1.525514	0.398688	-0.671988	-0.166944
0.040000	-0.470832	11.299933	-1.587341	0.404444	-0.652433	-0.167975
0.060000	-0.352019	11.065894	-1.633874	0.406964	-0.635186	-0.168524
0.080000	-0.067485	10.342777	-1.663755	0.406058	-0.620418	-0.168527
0.100000	0.362141	9.191526	-1.679594	0.401997	-0.607946	-0.167990
0.120000	0.912706	7.683702	-1.684536	0.395112	-0.597538	-0.166924
0.140000	1.560056	5.890865	-1.681731	0.385738	-0.588960	-0.165341
0.160000	2.280038	3.884574	-1.674323	0.374208	-0.581982	-0.163253
0.180000	3.048498	1.736389	-1.665460	0.360856	-0.576370	-0.160674
0.200000	3.841285	-0.482130	-1.658288	0.346013	-0.571894	-0.157615
0.220000	4.634245	-2.699423	-1.655956	0.330014	-0.568321	-0.154088
0.240000	5.403224	-4.843930	-1.661608	0.313192	-0.565418	-0.150107
0.260000	6.124069	-6.844092	-1.678393	0.295880	-0.562954	-0.145683
0.280000	6.772628	-8.628348	-1.709457	0.278411	-0.560697	-0.140828
0.300000	7.324747	-10.125139	-1.757946	0.261118	-0.558414	-0.135556
0.320000	7.756272	-11.262905	-1.827009	0.244335	-0.555873	-0.129877
0.340000	8.043052	-11.970086	-1.919791	0.228395	-0.552843	-0.123805
0.360000	8.163266	-12.182121	-2.039025	0.213613	-0.549111	-0.117355
0.380000	8.120315	-11.910060	-2.182972	0.200111	-0.544672	-0.110576
0.400000	7.933004	-11.211148	-2.347157	0.187890	-0.539649	-0.103535
0.420000	7.620360	-10.143290	-2.527070	0.176952	-0.534169	-0.096303
0.440000	7.201408	-8.764389	-2.718197	0.167297	-0.528354	-0.088948
0.460000	6.695177	-7.132350	-2.916027	0.158926	-0.522332	-0.081540
0.480000	6.120691	-5.305078	-3.116048	0.151840	-0.516226	-0.074147
0.500000	5.496978	-3.340478	-3.313748	0.146040	-0.510162	-0.066839
0.520000	4.843064	-1.296454	-3.504614	0.141526	-0.504264	-0.059684
0.540000	4.177974	0.769089	-3.684134	0.138300	-0.498658	-0.052751
0.560000	3.520736	2.798248	-3.847796	0.136361	-0.493470	-0.046111
0.580000	2.890376	4.733116	-3.991089	0.135712	-0.488823	-0.039831
0.600000	2.305920	6.515790	-4.109500	0.136352	-0.484843	-0.033981
0.620000	1.786395	8.088365	-4.198516	0.138283	-0.481654	-0.028629
0.640000	1.350827	9.392937	-4.253627	0.141505	-0.479383	-0.023846
0.660000	1.018242	10.371600	-4.270319	0.146019	-0.478154	-0.019700
0.680000	0.807667	10.966451	-4.244081	0.151826	-0.478091	-0.016260
0.700000	0.738129	11.119584	-4.170400	0.158926	-0.479321	-0.013594
0.720000	0.826391	10.780296	-4.045417	0.167312	-0.481952	-0.011766
0.740000	1.065165	9.974447	-3.872210	0.176875	-0.485917	-0.010764
0.760000	1.432650	8.774098	-3.658042	0.187450	-0.491046	-0.010533
0.780000	1.906842	7.251950	-3.410236	0.198867	-0.497166	-0.011016
0.800000	2.465739	5.480704	-3.136113	0.210961	-0.504104	-0.012158
0.820000	3.087337	3.533060	-2.842995	0.223562	-0.511689	-0.013901
0.840000	3.749634	1.481718	-2.538204	0.236503	-0.519747	-0.016191
0.860000	4.430628	-0.600620	-2.229061	0.249616	-0.528107	-0.018971
0.880000	5.108314	-2.641254	-1.922889	0.262735	-0.536594	-0.022185
0.900000	5.760691	-4.567485	-1.627010	0.275690	-0.545037	-0.025777
0.920000	6.365754	-6.306610	-1.348745	0.288314	-0.553264	-0.029690
0.940000	6.901503	-7.785930	-1.095416	0.300440	-0.561101	-0.033869
0.960000	7.345933	-8.932744	-0.874345	0.311900	-0.568377	-0.038258
0.980000	7.677042	-9.674352	-0.692854	0.322526	-0.574918	-0.042800
1.000000	7.872827	-9.938053	-0.558264	0.332150	-0.580552	-0.047440
1.020000	7.912782	-9.656400	-0.477376	0.340614	-0.585113	-0.052123
1.040000	7.798929	-8.840964	-0.449143	0.347886	-0.588528	-0.056845
1.060000	7.550689	-7.564365	-0.466455	0.354035	-0.590795	-0.061631
1.080000	7.187937	-5.900804	-0.522045	0.359132	-0.591917	-0.066513
