0.000000	4.054161	-8.164631	-2.208751	0.526583	-1.528571	0.020761
0.020000	4.182228	-8.962165	-1.961648	0.523385	-1.529014	0.039193
0.040000	4.267046	-9.527629	-1.757854	0.519434	-1.525849	0.054800
0.060000	4.305422	-9.816766	-1.609294	0.514844	-1.518525	0.067003
0.080000	4.294165	-9.785317	-1.527895	0.509731	-1.506493	0.075222
0.100000	4.230799	-9.395343	-1.524168	0.504203	-1.489292	0.078949
0.120000	4.119439	-8.666788	-1.595663	0.498313	-1.467267	0.078340
0.140000	3.967734	-7.650675	-1.732975	0.492086	-1.441200	0.073906
0.160000	3.783366	-6.398328	-1.926630	0.485545	-1.411876	0.066159
0.180000	3.574020	-4.961068	-2.167156	0.478713	-1.380081	0.055615
0.200000	3.347379	-3.390217	-2.445078	0.471614	-1.346600	0.042787
0.220000	3.111126	-1.737097	-2.750924	0.464271	-1.312218	0.028189
0.240000	2.872944	-0.053030	-3.075220	0.456708	-1.277719	0.012335
0.260000	2.640517	1.610662	-3.408494	0.448948	-1.243891	-0.004260
0.280000	2.421527	3.202658	-3.741272	0.441014	-1.211517	-0.021083
0.300000	2.223659	4.671634	-4.064080	0.432931	-1.181382	-0.037619
0.320000	2.054596	5.966270	-4.367447	0.424720	-1.154274	-0.053356
0.340000	1.922020	7.035243	-4.641898	0.416407	-1.130975	-0.067778
0.360000	1.833616	7.827231	-4.877960	0.408014	-1.112272	-0.080371
0.380000	1.797066	8.290912	-5.066160	0.399564	-1.098950	-0.090622
0.400000	1.820053	8.374969	-5.197026	0.391082	-1.091795	-0.098017
0.420000	1.907107	8.049563	-5.264366	0.382604	-1.091239	-0.102217
0.440000	2.052251	7.356413	-5.272920	0.374212	-1.096545	-0.103469
0.460000	2.247325	6.352120	-5.229700	0.365999	-1.106732	-0.102139
0.480000	2.484166	5.093286	-5.141720	0.358056	-1.120819	-0.098596
0.500000	2.754615	3.636512	-5.015992	0.350476	-1.137825	-0.093208
0.520000	3.050510	2.038400	-4.859529	0.343348	-1.156768	-0.086342
0.540000	3.363689	0.355552	-4.679345	0.336767	-1.176668	-0.078367
0.560000	3.685992	-1.355432	-4.482451	0.330823	-1.196543	-0.069649
0.580000	4.009258	-3.037950	-4.275862	0.325608	-1.215412	-0.060557
0.600000	4.325325	-4.635400	-4.066590	0.321214	-1.232294	-0.051458
0.620000	4.626032	-6.091181	-3.861648	0.317733	-1.246207	-0.042721
0.640000	4.903218	-7.348691	-3.668049	0.315256	-1.256172	-0.034712
0.660000	5.148723	-8.351328	-3.492806	0.313876	-1.261206	-0.027801
0.680000	5.354384	-9.042492	-3.342931	0.313684	-1.260328	-0.022353
0.700000	5.512042	-9.365581	-3.225438	0.314772	-1.252558	-0.018738
0.720000	5.613534	-9.263994	-3.147340	0.317232	-1.236913	-0.017323
0.740000	5.652159	-8.692262	-3.114427	0.321117	-1.212602	-0.018416
0.760000	5.631759	-7.685320	-3.123656	0.326211	-1.180191	-0.021900
0.780000	5.560803	-6.313413	-3.168109	0.332175	-1.140845	-0.027466
0.800000	5.447781	-4.646934	-3.240848	0.338673	-1.095730	-0.034809
0.820000	5.301183	-2.756280	-3.334938	0.345365	-1.046014	-0.043621
0.840000	5.129501	-0.711845	-3.443440	0.351914	-0.992863	-0.053594
0.860000	4.941223	1.415975	-3.559420	0.357983	-0.937444	-0.064422
0.880000	4.744840	3.556784	-3.675940	0.363233	-0.880924	-0.075797
0.900000	4.548841	5.640188	-3.786064	0.367327	-0.824470	-0.087412
0.920000	4.361718	7.595792	-3.882855	0.369927	-0.769248	-0.098960
0.940000	4.191960	9.353199	-3.959377	0.370694	-0.716427	-0.110133
0.960000	4.048057	10.842014	-4.008693	0.369292	-0.667172	-0.120624
