0.000000	-3.392130	1.328892	0.741424	0.365546	-0.776397	-0.104226
0.020000	-3.122907	0.000954	0.925092	0.362487	-0.771386	-0.109325
0.040000	-2.838169	-1.332260	1.117348	0.358044	-0.765076	-0.114965
0.060000	-2.549411	-2.633571	1.311109	0.352315	-0.757830	-0.121044
0.080000	-2.268129	-3.865797	1.499294	0.345400	-0.750007	-0.127458
0.100000	-2.005820	-4.991759	1.674820	0.337397	-0.741969	-0.134103
0.120000	-1.773981	-5.974276	1.830604	0.328405	-0.734079	-0.140876
0.140000	-1.584108	-6.776170	1.959566	0.318524	-0.726696	-0.147674
0.160000	-1.447697	-7.360259	2.054622	0.307853	-0.720182	-0.154393
0.180000	-1.376246	-7.689364	2.108691	0.296490	-0.714898	-0.160930
0.200000	-1.381250	-7.726304	2.114691	0.284534	-0.711207	-0.167181
0.220000	-1.470300	-7.446743	2.068096	0.272093	-0.709374	-0.173058
0.240000	-1.634932	-6.879129	1.974895	0.259307	-0.709280	-0.178527
0.260000	-1.862561	-6.065470	1.843776	0.246323	-0.710707	-0.183571
0.280000	-2.140598	-5.047775	1.683426	0.233289	-0.713436	-0.188172
0.300000	-2.456456	-3.868051	1.502534	0.220354	-0.717247	-0.192313
0.320000	-2.797548	-2.568307	1.309787	0.207667	-0.721923	-0.195975
0.340000	-3.151287	-1.190551	1.113874	0.195374	-0.727244	-0.199141
0.360000	-3.505086	0.223210	0.923483	0.183626	-0.732992	-0.201794
0.380000	-3.846358	1.630966	0.747300	0.172568	-0.738947	-0.203914
0.400000	-4.162516	2.990709	0.594016	0.162351	-0.744892	-0.205486
0.420000	-4.440972	4.260432	0.472316	0.153122	-0.750606	-0.206491
0.440000	-4.669139	5.398127	0.390890	0.145028	-0.755872	-0.206910
0.460000	-4.834431	6.361784	0.358425	0.138220	-0.760470	-0.206728
0.480000	-4.924259	7.109397	0.383610	0.132843	-0.764182	-0.205925
0.500000	-4.926037	7.598956	0.475132	0.129048	-0.766790	-0.204484
0.520000	-4.827326	7.788893	0.641567	0.126980	-0.768075	-0.202388
0.540000	-4.625659	7.667200	0.883946	0.126685	-0.767976	-0.199655
0.560000	-4.334696	7.269688	1.191093	0.128042	-0.766679	-0.196363
0.580000	-3.969567	6.636521	1.550723	0.130916	-0.764391	-0.192592
0.600000	-3.545404	5.807865	1.950550	0.135174	-0.761321	-0.188425
0.620000	-3.077336	4.823882	2.378286	0.140679	-0.757677	-0.183944
0.640000	-2.580494	3.724739	2.821646	0.147297	-0.753668	-0.179230
0.660000	-2.070006	2.550599	3.268344	0.154894	-0.749502	-0.174366
0.680000	-1.561005	1.341627	3.706093	0.163334	-0.745387	-0.169432
0.700000	-1.068619	0.137988	4.122607	0.172482	-0.741531	-0.164512
0.720000	-0.607980	-1.020154	4.505600	0.182204	-0.738143	-0.159686
0.740000	-0.194216	-2.092634	4.842786	0.192365	-0.735432	-0.155038
0.760000	0.157541	-3.039288	5.121879	0.202830	-0.733605	-0.150647
0.780000	0.432161	-3.819952	5.330591	0.213464	-0.732871	-0.146598
0.800000	0.614514	-4.394460	5.456638	0.224132	-0.733438	-0.142970
0.820000	0.689471	-4.722648	5.487732	0.234699	-0.735515	-0.139847
0.840000	0.641902	-4.764355	5.411589	0.245031	-0.739310	-0.137309
0.860000	0.463158	-4.496726	5.221767	0.255002	-0.744911	-0.135406
0.880000	0.166030	-3.954161	4.931157	0.264514	-0.752010	-0.134079
0.900000	-0.232264	-3.182891	4.556644	0.273478	-0.760220	-0.133244
