0.000000	-2.365860	-1.689378	0.614851	0.371971	-0.618561	0.348897
0.020000	-2.294340	-2.130502	0.471695	0.343093	-0.894896	0.336152
0.040000	-2.291176	-2.665112	0.393338	0.321907	-1.148521	0.317703
0.060000	-2.367085	-3.305868	0.391804	0.309450	-1.372806	0.293026
0.080000	-2.532785	-4.065432	0.479114	0.306758	-1.561122	0.261594
0.100000	-2.798813	-4.956164	0.667104	0.314849	-1.706906	0.222896
0.120000	-3.163708	-5.970421	0.955135	0.333694	-1.807990	0.177309
0.140000	-3.606725	-7.068405	1.322525	0.361570	-1.869269	0.126644
0.160000	-4.105377	-8.207415	1.746777	0.396603	-1.896277	0.072838
0.180000	-4.637176	-9.344749	2.205397	0.436918	-1.894548	0.017829
0.200000	-5.179636	-10.437707	2.675891	0.480641	-1.869615	-0.036444
0.220000	-5.710270	-11.443586	3.135763	0.525898	-1.827011	-0.088043
0.240000	-6.206590	-12.319686	3.562518	0.570814	-1.772271	-0.135029
0.260000	-6.646110	-13.023304	3.933661	0.613515	-1.710928	-0.175465
0.280000	-7.006342	-13.511739	4.226698	0.652127	-1.648515	-0.207412
0.300000	-7.264799	-13.742290	4.419134	0.684774	-1.590567	-0.228932
0.320000	-7.398994	-13.672256	4.488473	0.709583	-1.542616	-0.238085
0.340000	-7.386441	-13.258934	4.412220	0.724679	-1.510197	-0.232935
0.360000	-7.204651	-12.459623	4.167882	0.728188	-1.498843	-0.211543
0.380000	-6.831138	-11.231622	3.732963	0.718236	-1.514087	-0.171971
0.400000	-6.243415	-9.532230	3.084967	0.692947	-1.561464	-0.112279
0.420000	-5.419005	-7.318761	2.201409	0.650449	-1.646504	-0.030531
0.440000	-4.377740	-4.621921	1.095198	0.591772	-1.763790	0.071792
0.460000	-3.278513	-1.713622	-0.104414	0.527495	-1.871923	0.181972
0.480000	-2.308590	1.084984	-1.244429	0.470142	-1.922163	0.284998
0.500000	-1.599345	3.540541	-2.214926	0.428560	-1.881404	0.370110
0.520000	-1.143802	5.637009	-3.012609	0.402484	-1.755222	0.437067
0.540000	-0.913952	7.391388	-3.650395	0.390262	-1.555081	0.487228
0.560000	-0.881784	8.820681	-4.141199	0.390244	-1.292441	0.521953
0.580000	-1.019289	9.941889	-4.497939	0.400779	-0.978764	0.542602
0.600000	-1.298458	10.772013	-4.733530	0.420216	-0.625511	0.550534
0.620000	-1.691279	11.328056	-4.860888	0.446904	-0.244143	0.547107
0.640000	-2.169744	11.627018	-4.892930	0.479194	0.153878	0.533683
0.660000	-2.705842	11.685902	-4.842572	0.515433	0.557091	0.511620
0.680000	-3.271563	11.521709	-4.722731	0.553972	0.954034	0.482277
0.700000	-3.838898	11.151441	-4.546322	0.593159	1.333247	0.447014
0.720000	-4.379837	10.592098	-4.326262	0.631344	1.683268	0.407191
0.740000	-4.866369	9.860683	-4.075467	0.666877	1.992635	0.364166
