0.000000	-0.580739	-0.567595	1.364048	0.318388	-0.866115	0.353667
0.020000	-0.421583	-0.271221	1.469138	0.319528	-0.906673	0.362525
0.040000	-0.247856	0.074066	1.573107	0.320126	-0.947472	0.372601
0.060000	-0.071261	0.456750	1.672808	0.320629	-0.988405	0.383813
0.080000	0.096502	0.865312	1.765094	0.321486	-1.029365	0.396083
0.100000	0.243735	1.288236	1.846817	0.323142	-1.070245	0.409328
0.120000	0.358735	1.714003	1.914832	0.326046	-1.110939	0.423470
0.140000	0.429802	2.131097	1.965990	0.330645	-1.151339	0.438429
0.160000	0.445237	2.527999	1.997144	0.337386	-1.191340	0.454123
0.180000	0.393339	2.893193	2.005148	0.346716	-1.230833	0.470474
0.200000	0.262408	3.215160	1.986853	0.359082	-1.269713	0.487400
0.220000	0.040743	3.482384	1.939114	0.374931	-1.307872	0.504822
0.240000	-0.283356	3.683346	1.858782	0.394712	-1.345204	0.522659
0.260000	-0.721590	3.806530	1.742711	0.418870	-1.381601	0.540832
0.280000	-1.285658	3.840418	1.587754	0.447854	-1.416958	0.559260
0.300000	-1.981485	3.776329	1.391950	0.481902	-1.451130	0.577832
0.320000	-2.788695	3.618498	1.158744	0.520299	-1.483802	0.596294
0.340000	-3.679433	3.374833	0.893121	0.562063	-1.514613	0.614352
0.360000	-4.625842	3.053243	0.600061	0.606209	-1.543199	0.631713
0.380000	-5.600066	2.661637	0.284548	0.651754	-1.569197	0.648081
0.400000	-6.574250	2.207924	-0.048434	0.697712	-1.592246	0.663164
0.420000	-7.520536	1.700012	-0.393904	0.743101	-1.611982	0.676667
0.440000	-8.411068	1.145809	-0.746879	0.786936	-1.628042	0.688296
0.460000	-9.217991	0.553225	-1.102376	0.828234	-1.640065	0.697757
0.480000	-9.913448	-0.069832	-1.455412	0.866010	-1.647687	0.704756
0.500000	-10.469583	-0.715453	-1.801004	0.899280	-1.650545	0.709000
0.520000	-10.858540	-1.375730	-2.134169	0.927060	-1.648278	0.710193
0.540000	-11.052463	-2.042754	-2.449926	0.948366	-1.640522	0.708042
0.560000	-11.023494	-2.708616	-2.743290	0.962215	-1.626915	0.702253
0.580000	-10.743779	-3.365408	-3.009280	0.967622	-1.607093	0.692532
0.600000	-10.185461	-4.005221	-3.242912	0.963604	-1.580695	0.678585
0.620000	-9.324723	-4.620201	-3.439609	0.949299	-1.547420	0.660162
0.640000	-8.179034	-5.203059	-3.598936	0.925113	-1.507605	0.637471
0.660000	-6.790021	-5.746836	-3.722882	0.892191	-1.461958	0.610988
0.680000	-5.199617	-6.244577	-3.813467	0.851685	-1.411193	0.581190
0.700000	-3.449756	-6.689326	-3.872711	0.804750	-1.356025	0.548556
0.720000	-1.582371	-7.074129	-3.902634	0.752541	-1.297167	0.513565
0.740000	0.360604	-7.392030	-3.905256	0.696210	-1.235333	0.476694
0.760000	2.337237	-7.636074	-3.882596	0.636912	-1.171237	0.438422
0.780000	4.305595	-7.799307	-3.836675	0.575801	-1.105593	0.399228
0.800000	6.223743	-7.874772	-3.769512	0.514031	-1.039114	0.359590
0.820000	8.049750	-7.855515	-3.683126	0.452756	-0.972515	0.319986
0.840000	9.741680	-7.734580	-3.579539	0.393129	-0.906509	0.280895
0.860000	11.257602	-7.505014	-3.460770	0.336305	-0.841810	0.242795
0.880000	12.555582	-7.159859	-3.328838	0.283438	-0.779133	0.206164
