0.000000	-5.515485	-2.277688	0.681497	0.566406	-1.095481	0.284933
0.020000	-3.908801	-2.437851	0.637101	0.501965	-1.012838	0.220054
0.040000	-2.339236	-2.551569	0.588676	0.438439	-0.930896	0.157972
0.060000	-0.837122	-2.616915	0.535641	0.377055	-0.850808	0.099856
0.080000	0.567209	-2.631960	0.477413	0.319039	-0.773729	0.046872
0.100000	1.843429	-2.594777	0.413412	0.265617	-0.700815	0.000190
0.120000	2.961204	-2.503439	0.343053	0.218018	-0.633221	-0.039022
0.140000	3.890204	-2.356018	0.265756	0.177466	-0.572100	-0.069597
0.160000	4.602351	-2.150999	0.181061	0.145102	-0.518532	-0.090465
0.180000	5.097782	-1.892055	0.090051	0.120961	-0.472630	-0.101803
0.200000	5.395860	-1.586386	-0.005139	0.104333	-0.433851	-0.104637
0.220000	5.516316	-1.241263	-0.102357	0.094489	-0.401642	-0.100010
0.240000	5.478880	-0.863957	-0.199446	0.090702	-0.375447	-0.088962
0.260000	5.303284	-0.461737	-0.294255	0.092245	-0.354711	-0.072535
0.280000	5.009258	-0.041873	-0.384628	0.098391	-0.338880	-0.051773
0.300000	4.616534	0.388364	-0.468411	0.108413	-0.327398	-0.027716
0.320000	4.144842	0.821704	-0.543451	0.121583	-0.319710	-0.001406
0.340000	3.613914	1.250878	-0.607593	0.137174	-0.315262	0.026114
0.360000	3.043480	1.668615	-0.658683	0.154459	-0.313499	0.053803
0.380000	2.453272	2.067644	-0.694568	0.172711	-0.313866	0.080619
0.400000	1.863021	2.440697	-0.713092	0.191202	-0.315807	0.105519
0.420000	1.292457	2.780502	-0.712103	0.209206	-0.318769	0.127462
0.440000	0.761311	3.079789	-0.689446	0.225995	-0.322196	0.145407
0.460000	0.288687	3.331517	-0.643107	0.240865	-0.325553	0.158355
0.480000	-0.117683	3.532777	-0.573622	0.253532	-0.328665	0.166137
0.500000	-0.459965	3.684254	-0.483744	0.264077	-0.331671	0.169297
0.520000	-0.740652	3.786755	-0.376299	0.272594	-0.334721	0.168406
0.540000	-0.962239	3.841088	-0.254114	0.279176	-0.337963	0.164033
0.560000	-1.127220	3.848058	-0.120015	0.283917	-0.341547	0.156749
0.580000	-1.238089	3.808472	0.023169	0.286911	-0.345622	0.147122
0.600000	-1.297341	3.723138	0.172614	0.288250	-0.350337	0.135723
0.620000	-1.307469	3.592862	0.325492	0.288028	-0.355842	0.123122
0.640000	-1.270969	3.418449	0.478975	0.286339	-0.362285	0.109888
0.660000	-1.190335	3.200708	0.630239	0.283276	-0.369816	0.096592
0.680000	-1.068060	2.940444	0.776455	0.278933	-0.378584	0.083802
0.700000	-0.906639	2.638465	0.914797	0.273404	-0.388739	0.072090
0.720000	-0.708567	2.295576	1.042439	0.266780	-0.400429	0.062024
0.740000	-0.476337	1.912585	1.156552	0.259157	-0.413803	0.054175
0.760000	-0.212444	1.490299	1.254312	0.250628	-0.429012	0.049112
0.780000	0.080617	1.029523	1.332891	0.241286	-0.446204	0.047405
