0.000000	-1.378847	3.341378	-0.182115	0.685470	-1.323695	0.740572
0.020000	-1.690717	3.065240	-0.334363	0.707263	-1.359521	0.771405
0.040000	-1.991272	2.761510	-0.491505	0.727083	-1.392657	0.799901
0.060000	-2.279391	2.441250	-0.652771	0.744602	-1.422384	0.825405
0.080000	-2.553951	2.115524	-0.817393	0.759490	-1.447980	0.847259
0.100000	-2.813831	1.795395	-0.984602	0.771421	-1.468728	0.864808
0.120000	-3.057909	1.491927	-1.153631	0.780065	-1.483905	0.877396
0.140000	-3.285063	1.216182	-1.323710	0.785094	-1.492793	0.884366
0.160000	-3.494171	0.979225	-1.494071	0.786181	-1.494672	0.885063
0.180000	-3.684111	0.792118	-1.663945	0.782996	-1.488820	0.878830
0.200000	-3.853762	0.665925	-1.832565	0.775213	-1.474519	0.865010
0.220000	-4.002001	0.611708	-1.999161	0.762502	-1.451048	0.842949
0.240000	-4.127866	0.637747	-2.162742	0.744649	-1.417915	0.812201
0.260000	-4.231240	0.737364	-2.321118	0.722060	-1.375846	0.773465
0.280000	-4.312294	0.898891	-2.471699	0.695341	-1.325977	0.727817
0.300000	-4.371197	1.110651	-2.611895	0.665103	-1.269443	0.676336
0.320000	-4.408118	1.360972	-2.739114	0.631956	-1.207378	0.620100
0.340000	-4.423227	1.638179	-2.850768	0.596508	-1.140919	0.560188
0.360000	-4.416692	1.930597	-2.944265	0.559368	-1.071199	0.497677
0.380000	-4.388684	2.226552	-3.017015	0.521146	-0.999354	0.433645
0.400000	-4.339372	2.514370	-3.066429	0.482452	-0.926520	0.369171
0.420000	-4.268924	2.782376	-3.089914	0.443894	-0.853831	0.305333
0.440000	-4.177511	3.018897	-3.084881	0.406082	-0.782422	0.243208
0.460000	-4.065302	3.212258	-3.048741	0.369626	-0.713429	0.183876
0.480000	-3.932466	3.350784	-2.978901	0.335134	-0.647987	0.128414
0.500000	-3.779173	3.422802	-2.872773	0.303215	-0.587230	0.077900
0.520000	-3.605591	3.416637	-2.727765	0.274480	-0.532295	0.033412
0.540000	-3.411895	3.320663	-2.541304	0.249536	-0.484311	-0.003974
0.560000	-3.198963	3.130541	-2.313406	0.228707	-0.443919	-0.033673
0.580000	-2.969120	2.856926	-2.049409	0.211742	-0.410738	-0.056103
0.600000	-2.724869	2.512318	-1.755311	0.198315	-0.384266	-0.071806
0.620000	-2.468715	2.109222	-1.437107	0.188100	-0.363998	-0.081326
0.640000	-2.203161	1.660137	-1.100794	0.180774	-0.349431	-0.085205
0.660000	-1.930711	1.177566	-0.752367	0.176010	-0.340060	-0.083985
0.680000	-1.653870	0.674011	-0.397822	0.173485	-0.335383	-0.078209
0.700000	-1.375139	0.161974	-0.043156	0.172872	-0.334895	-0.068420
0.720000	-1.097025	-0.346044	0.305636	0.173848	-0.338092	-0.055161
0.740000	-0.822029	-0.837541	0.642557	0.176087	-0.344471	-0.038973
0.760000	-0.552657	-1.300014	0.961612	0.179264	-0.353528	-0.020400
0.780000	-0.291411	-1.720963	1.256804	0.183054	-0.364759	0.000015
