0.000000	-1.154664	-9.331649	-4.108038	0.575314	-1.392266	0.635456
0.020000	-1.327033	-10.161538	-4.123045	0.565862	-1.366499	0.644268
0.040000	-1.483784	-10.850908	-4.138063	0.556355	-1.339217	0.650590
0.060000	-1.619939	-11.377113	-4.156115	0.546938	-1.310576	0.653936
0.080000	-1.730520	-11.717504	-4.180225	0.537754	-1.280736	0.653825
0.100000	-1.810552	-11.849435	-4.213415	0.528948	-1.249856	0.649771
0.120000	-1.855058	-11.750257	-4.258709	0.520664	-1.218092	0.641292
0.140000	-1.859184	-11.398171	-4.319007	0.513041	-1.185603	0.627919
0.160000	-1.821817	-10.796806	-4.393579	0.506088	-1.152529	0.609653
0.180000	-1.746139	-9.979014	-4.477518	0.499660	-1.118992	0.587033
0.200000	-1.635569	-8.979261	-4.565686	0.493606	-1.085111	0.560628
0.220000	-1.493525	-7.832011	-4.652947	0.487773	-1.051005	0.531006
0.240000	-1.323428	-6.571729	-4.734164	0.482009	-1.016796	0.498735
0.260000	-1.128697	-5.232880	-4.804198	0.476162	-0.982602	0.464384
0.280000	-0.912749	-3.849929	-4.857915	0.470081	-0.948543	0.428523
0.300000	-0.679005	-2.457341	-4.890175	0.463613	-0.914739	0.391719
0.320000	-0.430883	-1.089581	-4.895843	0.456606	-0.881310	0.354540
0.340000	-0.171802	0.218887	-4.869780	0.448908	-0.848375	0.317556
0.360000	0.094817	1.433597	-4.806851	0.440367	-0.816055	0.281336
0.380000	0.365558	2.520085	-4.701917	0.430831	-0.784469	0.246447
0.400000	0.636999	3.443885	-4.549842	0.420147	-0.753737	0.213458
0.420000	0.905723	4.170533	-4.345489	0.408165	-0.723979	0.182938
0.440000	1.168331	4.666017	-4.083822	0.394733	-0.695314	0.155451
0.460000	1.422532	4.919863	-3.765081	0.379854	-0.667814	0.131280
0.480000	1.667658	4.956157	-3.397253	0.363748	-0.641486	0.110302
0.500000	1.903171	4.801740	-2.988943	0.346653	-0.616331	0.092361
0.520000	2.128531	4.483456	-2.548754	0.328808	-0.592349	0.077300
0.540000	2.343202	4.028146	-2.085291	0.310450	-0.569540	0.064962
0.560000	2.546644	3.462653	-1.607160	0.291818	-0.547906	0.055191
0.580000	2.738319	2.813819	-1.122963	0.273150	-0.527446	0.047831
0.600000	2.917689	2.108486	-0.641305	0.254684	-0.508163	0.042725
0.620000	3.084216	1.373496	-0.170791	0.236659	-0.490055	0.039717
0.640000	3.237362	0.635692	0.279974	0.219312	-0.473124	0.038650
0.660000	3.376587	-0.078083	0.702387	0.202883	-0.457371	0.039367
0.680000	3.501354	-0.740989	1.087843	0.187609	-0.442795	0.041712
0.700000	3.611125	-1.326182	1.427737	0.173729	-0.429399	0.045529
0.720000	3.705360	-1.806820	1.713465	0.161480	-0.417181	0.050661
0.740000	3.783522	-2.156060	1.936424	0.151102	-0.406144	0.056952
0.760000	3.845073	-2.347070	2.088010	0.142831	-0.396287	0.064245
