0.000000	-3.218313	-1.543480	1.585838	0.133205	-0.179840	0.013940
0.020000	-3.310678	-1.796643	1.887814	0.135314	-0.178634	0.018511
0.040000	-3.379912	-1.968136	2.155783	0.138046	-0.180359	0.025424
0.060000	-3.427168	-2.055546	2.387316	0.141429	-0.185005	0.034647
0.080000	-3.453488	-2.067613	2.583317	0.145416	-0.192324	0.045894
0.100000	-3.459910	-2.013668	2.744869	0.149961	-0.202057	0.058866
0.120000	-3.447470	-1.903043	2.873054	0.155015	-0.213944	0.073263
0.140000	-3.417204	-1.745070	2.968954	0.160528	-0.227726	0.088786
0.160000	-3.370148	-1.549081	3.033651	0.166453	-0.243142	0.105134
0.180000	-3.307338	-1.324406	3.068227	0.172742	-0.259933	0.122008
0.200000	-3.229812	-1.080378	3.073764	0.179346	-0.277840	0.139109
0.220000	-3.138606	-0.826328	3.051345	0.186215	-0.296603	0.156136
0.240000	-3.034756	-0.571589	3.002051	0.193303	-0.315962	0.172791
0.260000	-2.919298	-0.325491	2.926964	0.200561	-0.335657	0.188772
0.280000	-2.793269	-0.097366	2.827167	0.207940	-0.355428	0.203782
0.300000	-2.657705	0.103454	2.703742	0.215392	-0.375017	0.217519
0.320000	-2.513643	0.267637	2.557771	0.222867	-0.394163	0.229685
0.340000	-2.362119	0.385852	2.390335	0.230319	-0.412607	0.239980
0.360000	-2.204153	0.450160	2.202722	0.237698	-0.430132	0.248153
0.380000	-2.040645	0.463517	1.997827	0.244954	-0.446855	0.254340
0.400000	-1.872435	0.434014	1.779301	0.252033	-0.463051	0.258861
0.420000	-1.700362	0.369769	1.550800	0.258885	-0.478996	0.262034
0.440000	-1.525269	0.278902	1.315978	0.265457	-0.494966	0.264179
0.460000	-1.347994	0.169530	1.078492	0.271697	-0.511238	0.265615
0.480000	-1.169379	0.049773	0.841996	0.277553	-0.528087	0.266661
0.500000	-0.990264	-0.072249	0.610148	0.282974	-0.545788	0.267637
0.520000	-0.811488	-0.188419	0.386601	0.287907	-0.564619	0.268862
0.540000	-0.633894	-0.290616	0.175012	0.292300	-0.584854	0.270656
0.560000	-0.458320	-0.370723	-0.020963	0.296101	-0.606771	0.273338
0.580000	-0.285607	-0.420619	-0.197670	0.299258	-0.630644	0.277227
0.600000	-0.116596	-0.432186	-0.351453	0.301719	-0.656749	0.282642
0.620000	0.047873	-0.397306	-0.478655	0.303432	-0.685364	0.289903
0.640000	0.206959	-0.307858	-0.575622	0.304346	-0.716763	0.299330
0.660000	0.359822	-0.155728	-0.638700	0.304407	-0.751222	0.311241
0.680000	0.504806	0.063027	-0.666064	0.303645	-0.788882	0.325836
0.700000	0.637894	0.340272	-0.661189	0.302316	-0.829491	0.342964
0.720000	0.754646	0.665699	-0.628502	0.300720	-0.872725	0.362414
0.740000	0.850621	1.028998	-0.572429	0.299157	-0.918261	0.383973
0.760000	0.921380	1.419860	-0.497400	0.297926	-0.965778	0.407430
