0.000000	-10.074080	-7.412733	-7.990085	0.454744	-1.301780	0.738446
0.020000	-9.408223	-8.146424	-8.132075	0.421511	-1.254772	0.692096
0.040000	-8.500500	-8.787410	-8.096035	0.390469	-1.206764	0.641112
0.060000	-7.383339	-9.336202	-7.900436	0.361592	-1.157961	0.586239
0.080000	-6.089196	-9.793319	-7.563773	0.334852	-1.108570	0.528223
0.100000	-4.650527	-10.159281	-7.104541	0.310222	-1.058794	0.467808
0.120000	-3.099791	-10.434606	-6.541235	0.287674	-1.008840	0.405741
0.140000	-1.469444	-10.619816	-5.892350	0.267181	-0.958912	0.342765
0.160000	0.208057	-10.715427	-5.176380	0.248715	-0.909215	0.279628
0.180000	1.900256	-10.721962	-4.411821	0.232249	-0.859954	0.217073
0.200000	3.574695	-10.639938	-3.617167	0.217757	-0.811335	0.155847
0.220000	5.198917	-10.469875	-2.810914	0.205209	-0.763562	0.096694
0.240000	6.740466	-10.212293	-2.011556	0.194579	-0.716842	0.040360
0.260000	8.166884	-9.867710	-1.237588	0.185839	-0.671378	-0.012410
0.280000	9.445715	-9.436648	-0.507505	0.178962	-0.627376	-0.060871
0.300000	10.544501	-8.919624	0.160198	0.173921	-0.585041	-0.104277
0.320000	11.430786	-8.317158	0.747027	0.170687	-0.544578	-0.141883
0.340000	12.072114	-7.629770	1.234485	0.169235	-0.506192	-0.172944
0.360000	12.436876	-6.858187	1.604516	0.169532	-0.470085	-0.196734
0.380000	12.520196	-6.009664	1.852821	0.171463	-0.436339	-0.213165
0.400000	12.348656	-5.099139	1.991289	0.174810	-0.404895	-0.222896
0.420000	11.950640	-4.141989	2.032741	0.179346	-0.375688	-0.226629
0.440000	11.354533	-3.153594	1.989995	0.184848	-0.348651	-0.225066
0.460000	10.588719	-2.149330	1.875870	0.191092	-0.323718	-0.218909
0.480000	9.681583	-1.144577	1.703186	0.197852	-0.300822	-0.208861
0.500000	8.661508	-0.154712	1.484761	0.204905	-0.279899	-0.195623
0.520000	7.556880	0.804886	1.233415	0.212025	-0.260880	-0.179897
0.540000	6.396083	1.718840	0.961966	0.218988	-0.243701	-0.162386
0.560000	5.207501	2.571771	0.683234	0.225569	-0.228294	-0.143792
0.580000	4.019519	3.348300	0.410038	0.231545	-0.214595	-0.124817
0.600000	2.860522	4.033051	0.155197	0.236690	-0.202536	-0.106163
0.620000	1.758893	4.610644	-0.068471	0.240779	-0.192051	-0.088533
0.640000	0.743017	5.065702	-0.248145	0.243589	-0.183075	-0.072627
0.660000	-0.158969	5.383041	-0.371137	0.244898	-0.175542	-0.059142
0.680000	-0.932660	5.558225	-0.431918	0.244648	-0.169452	-0.048381
0.700000	-1.584306	5.602983	-0.435733	0.243027	-0.164906	-0.040056
0.720000	-2.121859	5.530381	-0.388714	0.240245	-0.162011	-0.033831
0.740000	-2.553272	5.353482	-0.296993	0.236511	-0.160873	-0.029373
0.760000	-2.886496	5.085350	-0.166704	0.232034	-0.161602	-0.026345
0.780000	-3.129486	4.739049	-0.003980	0.227022	-0.164303	-0.024411
0.800000	-3.290193	4.327644	0.185048	0.221686	-0.169086	-0.023236
0.820000	-3.376571	3.864198	0.394246	0.216234	-0.176056	-0.022485
0.840000	-3.396571	3.361776	0.617482	0.210875	-0.185323	-0.021823
0.860000	-3.358148	2.833442	0.848622	0.205818	-0.196992	-0.020913
0.880000	-3.269252	2.292259	1.081535	0.201273	-0.211173	-0.019420
0.900000	-3.137838	1.751292	1.310087	0.197448	-0.227972	-0.017009
0.920000	-2.971858	1.223605	1.528146	0.194552	-0.247496	-0.013344
0.940000	-2.779264	0.722262	1.729578	0.192795	-0.269854	-0.008091
0.960000	-2.568010	0.260327	1.908252	0.192386	-0.295153	-0.000912
0.980000	-2.346046	-0.149137	2.058035	0.193533	-0.323500	0.008526
1.000000	-2.119430	-0.496534	2.174557	0.196383	-0.354898	0.020438
1.020000	-1.888428	-0.782839	2.258820	0.200889	-0.389030	0.034664
1.040000	-1.652209	-1.011044	2.312850	0.206970	-0.425516	0.050972
1.060000	-1.409940	-1.184138	2.338673	0.214541	-0.463979	0.069132
1.080000	-1.160788	-1.305111	2.338315	0.223522	-0.504040	0.088913
1.100000	-0.903920	-1.376953	2.313802	0.233828	-0.545321	0.110085
1.120000	-0.638505	-1.402653	2.267158	0.245377	-0.587443	0.132417
1.140000	-0.363708	-1.385201	2.200411	0.258087	-0.630028	0.155678
1.160000	-0.078698	-1.327587	2.115586	0.271875	-0.672698	0.179637
