0.000000	-3.511026	-4.455666	1.518684	0.354468	-0.514154	0.066373
0.020000	-3.392954	-4.676158	1.511509	0.358747	-0.546375	0.071685
0.040000	-3.239598	-4.749263	1.523122	0.361543	-0.579548	0.076695
0.060000	-3.053501	-4.684795	1.551319	0.363114	-0.613557	0.081542
0.080000	-2.838035	-4.497991	1.593014	0.363786	-0.648287	0.086397
0.100000	-2.596571	-4.204090	1.645119	0.363880	-0.683623	0.091434
0.120000	-2.332482	-3.818331	1.704548	0.363719	-0.719450	0.096825
0.140000	-2.049138	-3.355953	1.768214	0.363628	-0.755651	0.102743
0.160000	-1.749912	-2.832194	1.833030	0.363929	-0.792113	0.109359
0.180000	-1.438175	-2.262294	1.895909	0.364945	-0.828719	0.116847
0.200000	-1.117298	-1.661491	1.953765	0.366999	-0.865355	0.125379
0.220000	-0.790654	-1.045024	2.003510	0.370415	-0.901904	0.135127
0.240000	-0.461613	-0.428132	2.042057	0.375516	-0.938253	0.146264
0.260000	-0.133547	0.173947	2.066320	0.382625	-0.974285	0.158962
0.280000	0.190171	0.745974	2.073213	0.392065	-1.009886	0.173394
0.300000	0.506171	1.272710	2.059647	0.404159	-1.044939	0.189733
0.320000	0.811082	1.738915	2.022536	0.419231	-1.079330	0.208150
0.340000	1.101547	2.129501	1.958839	0.437598	-1.112944	0.228815
0.360000	1.375081	2.436990	1.867814	0.459284	-1.145669	0.251748
0.380000	1.630463	2.665010	1.752082	0.483887	-1.177397	0.276748
0.400000	1.866573	2.818073	1.614527	0.510970	-1.208022	0.303596
0.420000	2.082291	2.900687	1.458034	0.540098	-1.237436	0.332076
0.440000	2.276497	2.917362	1.285488	0.570834	-1.265532	0.361969
0.460000	2.448070	2.872607	1.099773	0.602741	-1.292205	0.393058
0.480000	2.595890	2.770932	0.903775	0.635382	-1.317346	0.425124
0.500000	2.718838	2.616846	0.700378	0.668322	-1.340849	0.457950
0.520000	2.815793	2.414859	0.492467	0.701125	-1.362607	0.491318
0.540000	2.885635	2.169480	0.282928	0.733353	-1.382514	0.525010
0.560000	2.927244	1.885219	0.074644	0.764570	-1.400461	0.558808
0.580000	2.939500	1.566584	-0.129498	0.794340	-1.416343	0.592495
0.600000	2.921282	1.218086	-0.326615	0.822226	-1.430053	0.625852
0.620000	2.871470	0.844234	-0.513822	0.847793	-1.441483	0.658662
0.640000	2.788945	0.449538	-0.688233	0.870603	-1.450526	0.690706
0.660000	2.672881	0.038659	-0.847211	0.890244	-1.457077	0.721759
0.680000	2.525704	-0.382061	-0.990832	0.906568	-1.461027	0.751496
0.700000	2.351844	-0.805241	-1.120851	0.919588	-1.462270	0.779533
0.720000	2.155764	-1.223486	-1.239046	0.929320	-1.460699	0.805485
0.740000	1.941926	-1.629400	-1.347197	0.935781	-1.456206	0.828967
0.760000	1.714791	-2.015588	-1.447082	0.938987	-1.448686	0.849595
0.780000	1.478823	-2.374654	-1.540482	0.938954	-1.438032	0.866982
0.800000	1.238481	-2.699204	-1.629175	0.935700	-1.424135	0.880745
