0.000000	-0.316642	-0.346034	0.883837	0.286525	-0.696189	0.230493
0.020000	-0.492089	-0.230687	0.957373	0.291279	-0.739807	0.232872
0.040000	-0.675496	-0.081375	1.027793	0.296663	-0.784352	0.235695
0.060000	-0.868660	0.100561	1.094291	0.302993	-0.829563	0.239071
0.080000	-1.073375	0.313783	1.156059	0.310586	-0.875181	0.243105
0.100000	-1.291437	0.556950	1.212291	0.319759	-0.920946	0.247907
0.120000	-1.524642	0.828725	1.262180	0.330827	-0.966597	0.253585
0.140000	-1.774786	1.127766	1.304921	0.344109	-1.011875	0.260245
0.160000	-2.043664	1.452735	1.339707	0.359921	-1.056519	0.267997
0.180000	-2.333071	1.802293	1.365730	0.378579	-1.100270	0.276947
0.200000	-2.644803	2.175100	1.382184	0.400400	-1.142868	0.287203
0.220000	-2.980657	2.569816	1.388264	0.425701	-1.184052	0.298874
0.240000	-3.342426	2.985103	1.383161	0.454799	-1.223563	0.312068
0.260000	-3.731779	3.419539	1.366079	0.488000	-1.261141	0.326887
0.280000	-4.144770	3.868164	1.336611	0.525125	-1.296545	0.343245
0.300000	-4.569791	4.321180	1.294886	0.565339	-1.329556	0.360797
0.320000	-4.994680	4.768442	1.241069	0.607758	-1.359960	0.379180
0.340000	-5.407275	5.199803	1.175328	0.651496	-1.387541	0.398028
0.360000	-5.795415	5.605120	1.097828	0.695670	-1.412083	0.416978
0.380000	-6.146938	5.974244	1.008737	0.739395	-1.433371	0.435666
0.400000	-6.449685	6.297032	0.908220	0.781787	-1.451189	0.453728
0.420000	-6.691492	6.563338	0.796444	0.821963	-1.465322	0.470799
0.440000	-6.860199	6.763016	0.673576	0.859037	-1.475554	0.486516
0.460000	-6.943644	6.885920	0.539783	0.892125	-1.481669	0.500515
0.480000	-6.929666	6.921905	0.395230	0.920344	-1.483453	0.512431
0.500000	-6.806103	6.860825	0.240084	0.942809	-1.480689	0.521900
0.520000	-6.560795	6.692535	0.074512	0.958635	-1.473163	0.528558
0.540000	-6.181580	6.406889	-0.101319	0.966938	-1.460657	0.532042
0.560000	-5.656296	5.993741	-0.287245	0.966835	-1.442958	0.531988
0.580000	-4.974996	5.444826	-0.482945	0.957552	-1.419888	0.528072
0.600000	-4.150002	4.770792	-0.686588	0.939440	-1.391670	0.520398
0.620000	-3.206507	3.993216	-0.895459	0.913496	-1.358753	0.509315
0.640000	-2.169864	3.133812	-1.106836	0.880728	-1.321594	0.495172
0.660000	-1.065423	2.214292	-1.317997	0.842143	-1.280644	0.478320
0.680000	0.081464	1.256368	-1.526219	0.798746	-1.236359	0.459111
0.700000	1.245446	0.281753	-1.728780	0.751545	-1.189192	0.437896
0.720000	2.401173	-0.687841	-1.922955	0.701545	-1.139597	0.415024
