0.000000	8.497034	-4.716132	2.566308	0.136968	-0.450524	-0.156922
0.020000	8.713223	-3.940593	2.607283	0.117592	-0.394535	-0.204801
0.040000	8.790953	-3.108886	2.574705	0.105254	-0.346993	-0.238902
0.060000	8.740401	-2.234236	2.476974	0.099337	-0.307434	-0.260264
0.080000	8.573236	-1.330430	2.323676	0.099129	-0.275296	-0.270106
0.100000	8.301128	-0.411254	2.124393	0.103916	-0.250018	-0.269649
0.120000	7.935745	0.509507	1.888711	0.112988	-0.231037	-0.260111
0.140000	7.488755	1.418065	1.626213	0.125630	-0.217792	-0.242712
0.160000	6.971828	2.300634	1.346485	0.141133	-0.209720	-0.218672
0.180000	6.396632	3.143429	1.059109	0.158782	-0.206259	-0.189211
0.200000	5.774835	3.932664	0.773670	0.177866	-0.206848	-0.155547
0.220000	5.118107	4.654551	0.499753	0.197673	-0.210924	-0.118901
0.240000	4.438116	5.295306	0.246942	0.217490	-0.217926	-0.080491
0.260000	3.746531	5.841141	0.024820	0.236605	-0.227291	-0.041538
0.280000	3.055021	6.278272	-0.157027	0.254306	-0.238457	-0.003261
0.300000	2.375254	6.592910	-0.289016	0.269880	-0.250863	0.033120
0.320000	1.718899	6.771271	-0.361563	0.282616	-0.263946	0.066387
0.340000	1.097625	6.799569	-0.365083	0.291800	-0.277145	0.095318
0.360000	0.520792	6.670300	-0.293573	0.296946	-0.290034	0.119017
0.380000	-0.010405	6.398199	-0.153708	0.298361	-0.302674	0.137720
0.400000	-0.496579	6.002922	0.045037	0.296528	-0.315233	0.151918
0.420000	-0.938345	5.504121	0.293183	0.291930	-0.327879	0.162099
0.440000	-1.336313	4.921452	0.581253	0.285052	-0.340779	0.168752
0.460000	-1.691098	4.274569	0.899771	0.276376	-0.354101	0.172368
0.480000	-2.003313	3.583126	1.239259	0.266385	-0.368013	0.173436
0.500000	-2.273569	2.866776	1.590239	0.255564	-0.382684	0.172444
0.520000	-2.502482	2.145176	1.943235	0.244395	-0.398280	0.169882
0.540000	-2.690662	1.437977	2.288770	0.233362	-0.414970	0.166240
0.560000	-2.838723	0.764836	2.617365	0.222948	-0.432921	0.162006
0.580000	-2.947279	0.145405	2.919544	0.213637	-0.452301	0.157671
0.600000	-3.016942	-0.400660	3.185831	0.205912	-0.473279	0.153722
0.620000	-3.048325	-0.853705	3.406746	0.200256	-0.496021	0.150651
0.640000	-3.042041	-1.194076	3.572814	0.197153	-0.520696	0.148946
0.660000	-2.998703	-1.402120	3.674557	0.197085	-0.547472	0.149096
0.680000	-2.918947	-1.461112	3.703831	0.200478	-0.576479	0.151538
0.700000	-2.803597	-1.376925	3.662769	0.207295	-0.607564	0.156312
0.720000	-2.653558	-1.165941	3.558284	0.217287	-0.640441	0.163267
