0.000000	-2.786123	-1.637203	1.614858	0.272457	-0.286439	0.076533
0.020000	-2.876735	-2.319462	1.780103	0.271013	-0.296133	0.080792
0.040000	-2.893166	-2.938416	1.912156	0.269189	-0.309503	0.085309
0.060000	-2.829574	-3.474669	2.005721	0.267096	-0.326885	0.090133
0.080000	-2.680119	-3.908829	2.055499	0.264843	-0.348615	0.095311
0.100000	-2.439889	-4.223215	2.056912	0.262550	-0.374981	0.100889
0.120000	-2.113462	-4.417671	2.012728	0.260404	-0.405782	0.106908
0.140000	-1.710968	-4.502297	1.930017	0.258637	-0.440532	0.113406
0.160000	-1.242607	-4.487322	1.815900	0.257480	-0.478743	0.120420
0.180000	-0.718580	-4.382972	1.677502	0.257163	-0.519925	0.127987
0.200000	-0.149087	-4.199478	1.521944	0.257919	-0.563588	0.136143
0.220000	0.455671	-3.947068	1.356350	0.259979	-0.609243	0.144926
0.240000	1.085493	-3.635970	1.187843	0.263573	-0.656400	0.154373
0.260000	1.730180	-3.276413	1.023546	0.268934	-0.704571	0.164521
0.280000	2.379531	-2.878626	0.870580	0.276293	-0.753264	0.175408
0.300000	3.023344	-2.452837	0.736071	0.285880	-0.801992	0.187070
0.320000	3.651421	-2.009274	0.627139	0.297927	-0.850264	0.199544
0.340000	4.253560	-1.558167	0.550909	0.312666	-0.897591	0.212869
0.360000	4.819561	-1.109743	0.514502	0.330328	-0.943484	0.227079
0.380000	5.339235	-0.674222	0.525025	0.351142	-0.987454	0.242214
0.400000	5.805231	-0.259514	0.585269	0.375166	-1.029147	0.258295
0.420000	6.216697	0.131758	0.688144	0.402052	-1.068527	0.275310
0.440000	6.573692	0.497713	0.825181	0.431400	-1.105597	0.293246
0.460000	6.876271	0.836467	0.987911	0.462806	-1.140361	0.312084
0.480000	7.124490	1.146136	1.167865	0.495869	-1.172826	0.331811
0.500000	7.318407	1.424836	1.356576	0.530188	-1.202995	0.352410
0.520000	7.458077	1.670685	1.545574	0.565360	-1.230873	0.373865
0.540000	7.543556	1.881799	1.726390	0.600984	-1.256466	0.396162
0.560000	7.574903	2.056294	1.890555	0.636657	-1.279777	0.419282
0.580000	7.552172	2.192288	2.029601	0.671978	-1.300812	0.443213
0.600000	7.475420	2.287896	2.135059	0.706545	-1.319575	0.467936
0.620000	7.344704	2.341236	2.198461	0.739955	-1.336072	0.493438
0.640000	7.160080	2.350424	2.211336	0.771808	-1.350306	0.519701
0.660000	6.921605	2.313576	2.165218	0.801700	-1.362283	0.546711
0.680000	6.629335	2.228809	2.051636	0.829231	-1.372007	0.574451
0.700000	6.283327	2.094240	1.862123	0.853999	-1.379484	0.602906
0.720000	5.884618	1.909267	1.590742	0.875659	-1.384721	0.632001
0.740000	5.439003	1.679492	1.243823	0.894150	-1.387743	0.661378
0.760000	4.953713	1.412393	0.831400	0.909497	-1.388581	0.690592
0.780000	4.435977	1.115449	0.363511	0.921722	-1.387265	0.719200
0.800000	3.893028	0.796138	-0.149808	0.930851	-1.383825	0.746755
0.820000	3.332096	0.461937	-0.698521	0.936906	-1.378292	0.772815
