0.000000	5.011216	-4.901472	-2.542867	0.714780	-1.502604	0.801234
0.020000	5.688914	-5.211537	-2.567136	0.702887	-1.458286	0.773421
0.040000	6.330017	-5.469468	-2.579229	0.688145	-1.410189	0.742911
0.060000	6.919748	-5.668359	-2.578930	0.670401	-1.358340	0.709788
0.080000	7.443326	-5.801303	-2.566023	0.649499	-1.302767	0.674135
0.100000	7.885975	-5.861394	-2.540292	0.625282	-1.243498	0.636036
0.120000	8.232915	-5.841727	-2.501521	0.597597	-1.180559	0.595576
0.140000	8.469368	-5.735394	-2.449494	0.566286	-1.113980	0.552838
0.160000	8.583485	-5.537600	-2.384081	0.531289	-1.043873	0.507950
0.180000	8.579922	-5.255442	-2.305634	0.493061	-0.970835	0.461288
0.200000	8.469112	-4.900180	-2.214674	0.452244	-0.895633	0.413314
0.220000	8.261495	-4.483076	-2.111721	0.409477	-0.819033	0.364491
0.240000	7.967511	-4.015396	-1.997297	0.365402	-0.741802	0.315281
0.260000	7.597599	-3.508401	-1.871922	0.320657	-0.664706	0.266146
0.280000	7.162198	-2.973357	-1.736118	0.275885	-0.588511	0.217549
0.300000	6.671747	-2.421526	-1.590406	0.231723	-0.513985	0.169953
0.320000	6.136687	-1.864172	-1.435307	0.188814	-0.441893	0.123819
0.340000	5.567456	-1.312559	-1.271341	0.147797	-0.373002	0.079611
0.360000	4.974494	-0.777950	-1.099030	0.109313	-0.308078	0.037791
0.380000	4.368241	-0.271609	-0.918894	0.074002	-0.247888	-0.001179
0.400000	3.759135	0.195200	-0.731455	0.042504	-0.193199	-0.036837
0.420000	3.157616	0.611214	-0.537234	0.015459	-0.144777	-0.068719
0.440000	2.574124	0.965169	-0.336752	-0.006492	-0.103388	-0.096364
0.460000	2.019098	1.245801	-0.130529	-0.022709	-0.069798	-0.119308
0.480000	1.502466	1.442618	0.080849	-0.032606	-0.044715	-0.137125
0.500000	1.027403	1.555293	0.295958	-0.036301	-0.028040	-0.149837
0.520000	0.592316	1.590679	0.512779	-0.034415	-0.019112	-0.157790
0.540000	0.195515	1.555779	0.729281	-0.027575	-0.017256	-0.161335
0.560000	-0.164695	1.457597	0.943434	-0.016412	-0.021797	-0.160821
0.580000	-0.490005	1.303136	1.153206	-0.001555	-0.032061	-0.156601
0.600000	-0.782108	1.099400	1.356568	0.016367	-0.047373	-0.149025
0.620000	-1.042697	0.853393	1.551487	0.036726	-0.067059	-0.138443
0.640000	-1.273464	0.572118	1.735933	0.058890	-0.090443	-0.125208
0.660000	-1.476102	0.262578	1.907876	0.082232	-0.116852	-0.109668
0.680000	-1.652304	-0.068222	2.065284	0.106122	-0.145610	-0.092177
0.700000	-1.803761	-0.413279	2.206126	0.129930	-0.176044	-0.073084
0.720000	-1.932166	-0.765589	2.328373	0.153028	-0.207478	-0.052740
