0.000000	1.412462	5.706448	-0.023292	0.453959	-1.207148	0.494117
0.020000	1.132161	6.004190	0.026631	0.462390	-1.231993	0.503380
0.040000	0.818118	6.248027	0.066548	0.470673	-1.256589	0.513744
0.060000	0.466647	6.429767	0.091109	0.478774	-1.280936	0.525395
0.080000	0.074065	6.541219	0.094959	0.486660	-1.305034	0.538522
0.100000	-0.363313	6.574190	0.072748	0.494299	-1.328881	0.553310
0.120000	-0.849173	6.520490	0.019122	0.501658	-1.352478	0.569946
0.140000	-1.387197	6.371927	-0.071271	0.508703	-1.375824	0.588616
0.160000	-1.981071	6.120310	-0.203783	0.515402	-1.398919	0.609508
0.180000	-2.634480	5.757447	-0.383767	0.521722	-1.421762	0.632808
0.200000	-3.350516	5.275824	-0.616165	0.527626	-1.444339	0.658674
0.220000	-4.121571	4.680200	-0.898460	0.533009	-1.466378	0.686763
0.240000	-4.930723	3.986013	-1.221651	0.537707	-1.487386	0.716294
0.260000	-5.760739	3.209059	-1.576521	0.541552	-1.506859	0.746469
0.280000	-6.594387	2.365130	-1.953851	0.544378	-1.524297	0.776492
0.300000	-7.414432	1.470022	-2.344422	0.546018	-1.539198	0.805568
0.320000	-8.203643	0.539530	-2.739017	0.546306	-1.551058	0.832900
0.340000	-8.944787	-0.410553	-3.128416	0.545074	-1.559378	0.857691
0.360000	-9.620630	-1.364431	-3.503402	0.542157	-1.563654	0.879147
0.380000	-10.213941	-2.306310	-3.854757	0.537388	-1.563385	0.896469
0.400000	-10.707486	-3.220395	-4.173262	0.530600	-1.558069	0.908862
0.420000	-11.084033	-4.090892	-4.449698	0.521625	-1.547204	0.915530
0.440000	-11.326348	-4.902007	-4.674848	0.510299	-1.530287	0.915677
0.460000	-11.417199	-5.637945	-4.839494	0.496453	-1.506819	0.908506
0.480000	-11.339353	-6.282911	-4.934416	0.479922	-1.476295	0.893220
0.500000	-11.075578	-6.821110	-4.950397	0.460538	-1.438215	0.869025
0.520000	-10.613556	-7.239410	-4.880369	0.438208	-1.392245	0.835353
0.540000	-9.969265	-7.539980	-4.729638	0.413264	-1.339022	0.792968
0.560000	-9.168777	-7.730458	-4.507926	0.386187	-1.279528	0.743105
0.580000	-8.238181	-7.818486	-4.224962	0.357458	-1.214746	0.687000
0.600000	-7.203562	-7.811706	-3.890473	0.327561	-1.145660	0.625891
0.620000	-6.091008	-7.717761	-3.514188	0.296976	-1.073252	0.561014
0.640000	-4.926605	-7.544294	-3.105836	0.266186	-0.998505	0.493605
0.660000	-3.736440	-7.298947	-2.675144	0.235674	-0.922404	0.424901
0.680000	-2.546600	-6.989363	-2.231840	0.205920	-0.845929	0.356139
0.700000	-1.383171	-6.623184	-1.785653	0.177407	-0.770066	0.288554
0.720000	-0.272242	-6.208053	-1.346310	0.150617	-0.695797	0.223384
0.740000	0.760103	-5.751613	-0.923541	0.126033	-0.624104	0.161866
0.760000	1.687775	-5.261506	-0.527072	0.104135	-0.555972	0.105235
