0.000000	1.642012	2.100513	-2.070017	-0.471464	-0.840332	-0.182254
0.020000	1.603724	2.163162	-2.110322	-0.468251	-0.849741	-0.181516
0.040000	1.548948	2.216168	-2.137088	-0.464593	-0.859659	-0.180441
0.060000	1.479071	2.259944	-2.151106	-0.460523	-0.870032	-0.179055
0.080000	1.395479	2.294908	-2.153162	-0.456073	-0.880806	-0.177383
0.100000	1.299561	2.321474	-2.144046	-0.451276	-0.891926	-0.175451
0.120000	1.192701	2.340057	-2.124545	-0.446165	-0.903340	-0.173286
0.140000	1.076289	2.351075	-2.095447	-0.440772	-0.914992	-0.170912
0.160000	0.951710	2.354942	-2.057541	-0.435130	-0.926829	-0.168357
0.180000	0.820352	2.352073	-2.011614	-0.429273	-0.938797	-0.165645
0.200000	0.683602	2.342885	-1.958455	-0.423231	-0.950843	-0.162802
0.220000	0.542846	2.327793	-1.898853	-0.417039	-0.962911	-0.159856
0.240000	0.399472	2.307212	-1.833594	-0.410728	-0.974949	-0.156830
0.260000	0.254867	2.281559	-1.763468	-0.404332	-0.986902	-0.153752
0.280000	0.110418	2.251248	-1.689262	-0.397883	-0.998717	-0.150646
0.300000	-0.032489	2.216695	-1.611765	-0.391414	-1.010339	-0.147540
0.320000	-0.172466	2.178316	-1.531765	-0.384957	-1.021715	-0.144459
0.340000	-0.308126	2.136526	-1.450050	-0.378545	-1.032790	-0.141428
0.360000	-0.438083	2.091741	-1.367407	-0.372211	-1.043511	-0.138473
0.380000	-0.560949	2.044376	-1.284626	-0.365988	-1.053823	-0.135621
0.400000	-0.675337	1.994848	-1.202495	-0.359907	-1.063673	-0.132897
0.420000	-0.779860	1.943571	-1.121801	-0.354003	-1.073007	-0.130328
0.440000	-0.873204	1.890949	-1.043299	-0.348306	-1.081774	-0.127937
0.460000	-0.955054	1.837202	-0.967272	-0.342827	-1.089958	-0.125732
0.480000	-1.025830	1.782423	-0.893658	-0.337566	-1.097570	-0.123711
0.500000	-1.085967	1.726697	-0.822389	-0.332520	-1.104623	-0.121867
0.520000	-1.135902	1.670113	-0.753394	-0.327687	-1.111128	-0.120198
0.540000	-1.176070	1.612756	-0.686605	-0.323064	-1.117097	-0.118698
0.560000	-1.206907	1.554715	-0.621951	-0.318649	-1.122542	-0.117362
0.580000	-1.228849	1.496077	-0.559364	-0.314439	-1.127475	-0.116188
0.600000	-1.242331	1.436928	-0.498774	-0.310433	-1.131908	-0.115169
0.620000	-1.247791	1.377356	-0.440111	-0.306629	-1.135853	-0.114302
0.640000	-1.245663	1.317448	-0.383307	-0.303023	-1.139320	-0.113582
0.660000	-1.236384	1.257292	-0.328291	-0.299613	-1.142323	-0.113005
0.680000	-1.220389	1.196974	-0.274994	-0.296398	-1.144874	-0.112566
0.700000	-1.198114	1.136582	-0.223347	-0.293375	-1.146983	-0.112262
0.720000	-1.169996	1.076203	-0.173281	-0.290541	-1.148663	-0.112086
