0.000000	1.307101	3.515473	-3.755613	-0.327417	-0.761977	-0.184422
0.020000	1.390124	3.744015	-3.808056	-0.314112	-0.756621	-0.184600
0.040000	1.425960	3.857417	-3.783538	-0.299556	-0.753870	-0.184322
0.060000	1.415698	3.858200	-3.684785	-0.283975	-0.753698	-0.183590
0.080000	1.364000	3.756803	-3.519468	-0.267686	-0.755927	-0.182424
0.100000	1.275567	3.563747	-3.295306	-0.251012	-0.760378	-0.180843
0.120000	1.155098	3.289552	-3.020019	-0.234271	-0.766871	-0.178868
0.140000	1.007292	2.944738	-2.701325	-0.217785	-0.775227	-0.176519
0.160000	0.836849	2.539824	-2.346945	-0.201872	-0.785265	-0.173814
0.180000	0.648468	2.085330	-1.964597	-0.186853	-0.796806	-0.170775
0.200000	0.446848	1.591776	-1.562002	-0.173049	-0.809671	-0.167421
0.220000	0.236689	1.069682	-1.146878	-0.160779	-0.823679	-0.163773
0.240000	0.022691	0.529567	-0.726945	-0.150364	-0.838652	-0.159849
0.260000	-0.190448	-0.018048	-0.309923	-0.142124	-0.854409	-0.155671
0.280000	-0.398028	-0.562643	0.096469	-0.136378	-0.870770	-0.151257
0.300000	-0.595349	-1.093700	0.484513	-0.133447	-0.887557	-0.146628
0.320000	-0.777711	-1.600698	0.846487	-0.133651	-0.904589	-0.141804
0.340000	-0.940417	-2.073117	1.174673	-0.137311	-0.921688	-0.136804
0.360000	-1.078766	-2.500437	1.461351	-0.144746	-0.938672	-0.131649
0.380000	-1.188914	-2.873620	1.699876	-0.156178	-0.955378	-0.126365
0.400000	-1.271707	-3.191742	1.889480	-0.171283	-0.971724	-0.121006
0.420000	-1.329589	-3.456644	2.031402	-0.189556	-0.987655	-0.115642
0.440000	-1.365004	-3.670172	2.126882	-0.210489	-1.003119	-0.110338
0.460000	-1.380397	-3.834170	2.177159	-0.233575	-1.018061	-0.105161
0.480000	-1.378214	-3.950481	2.183474	-0.258305	-1.032428	-0.100179
0.500000	-1.360899	-4.020950	2.147065	-0.284174	-1.046165	-0.095458
0.520000	-1.330897	-4.047423	2.069172	-0.310673	-1.059220	-0.091066
0.540000	-1.290654	-4.031742	1.951036	-0.337296	-1.071538	-0.087069
0.560000	-1.242613	-3.975753	1.793896	-0.363535	-1.083066	-0.083534
0.580000	-1.189221	-3.881300	1.598992	-0.388882	-1.093750	-0.080529
0.600000	-1.132922	-3.750228	1.367563	-0.412831	-1.103535	-0.078119
0.620000	-1.076161	-3.584380	1.100849	-0.434874	-1.112370	-0.076373
0.640000	-1.021382	-3.385600	0.800091	-0.454504	-1.120198	-0.075357
0.660000	-0.971032	-3.155735	0.466526	-0.471213	-1.126968	-0.075139
0.680000	-0.927347	-2.896916	0.101938	-0.484553	-1.132627	-0.075771
0.700000	-0.891054	-2.613394	-0.287923	-0.494496	-1.137138	-0.077215
0.720000	-0.862202	-2.310361	-0.695540	-0.501207	-1.140473	-0.079387
0.740000	-0.840839	-1.993013	-1.113388	-0.504848	-1.142602	-0.082208
0.760000	-0.827014	-1.666546	-1.533942	-0.505583	-1.143494	-0.085593
0.780000	-0.820774	-1.336155	-1.949678	-0.503576	-1.143121	-0.089462
0.800000	-0.822168	-1.007039	-2.353070	-0.498991	-1.141453	-0.093732
0.820000	-0.831243	-0.684391	-2.736594	-0.491990	-1.138461	-0.098321
0.840000	-0.848047	-0.373409	-3.092724	-0.482738	-1.134114	-0.103146
0.860000	-0.872628	-0.079288	-3.413936	-0.471398	-1.128383	-0.108127
0.880000	-0.905034	0.192774	-3.692706	-0.458133	-1.121239	-0.113181
0.900000	-0.945313	0.437583	-3.921507	-0.443108	-1.112652	-0.118225
0.920000	-0.993513	0.649942	-4.092816	-0.426485	-1.102593	-0.123179
0.940000	-1.049682	0.824656	-4.199107	-0.408429	-1.091032	-0.127959
0.960000	-1.113867	0.956526	-4.232855	-0.389102	-1.077939	-0.132483
0.980000	-1.186118	1.040359	-4.186536	-0.368670	-1.063284	-0.136671
1.000000	-1.266391	1.071249	-4.053142	-0.347299	-1.047050	-0.140441
1.020000	-1.352982	1.049674	-3.835225	-0.325261	-1.029422	-0.143756
1.040000	-1.442726	0.980856	-3.543753	-0.302911	-1.010766	-0.146618
1.060000	-1.532406	0.870175	-3.189983	-0.280611	-0.991453	-0.149027
1.080000	-1.618804	0.723013	-2.785170	-0.258720	-0.971856	-0.150984
1.100000	-1.698704	0.544752	-2.340572	-0.237599	-0.952346	-0.152492
1.120000	-1.768889	0.340775	-1.867444	-0.217609	-0.933296	-0.153551
1.140000	-1.826142	0.116461	-1.377042	-0.199109	-0.915076	-0.154163
1.160000	-1.867246	-0.122806	-0.880624	-0.182460	-0.898059	-0.154330
1.180000	-1.888986	-0.371645	-0.389445	-0.168023	-0.882616	-0.154054
1.200000	-1.888143	-0.624674	0.085239	-0.156157	-0.869120	-0.153334
1.220000	-1.861501	-0.876512	0.532171	-0.147223	-0.857943	-0.152174
1.240000	-1.805843	-1.121777	0.940095	-0.141581	-0.849455	-0.150574
1.260000	-1.717953	-1.355086	1.297754	-0.139592	-0.844030	-0.148536
1.280000	-1.594613	-1.571059	1.593893	-0.141615	-0.842038	-0.146061
1.300000	-1.432736	-1.764390	1.817526	-0.147997	-0.843839	-0.143152
1.320000	-1.232920	-1.931958	1.965425	-0.158652	-0.849435	-0.139844
1.340000	-0.999896	-2.073096	2.043065	-0.173010	-0.858423	-0.136208
1.360000	-0.738619	-2.187264	2.056385	-0.190476	-0.870382	-0.132317
1.380000	-0.454041	-2.273924	2.011321	-0.210456	-0.884890	-0.128243
1.400000	-0.151114	-2.332539	1.913812	-0.232355	-0.901523	-0.124059
1.420000	0.165208	-2.362568	1.769795	-0.255578	-0.919860	-0.119839
1.440000	0.489974	-2.363475	1.585209	-0.279530	-0.939478	-0.115654
1.460000	0.818230	-2.334721	1.365990	-0.303616	-0.959955	-0.111579
1.480000	1.145023	-2.275767	1.118076	-0.327242	-0.980868	-0.107686
1.500000	1.465402	-2.186075	0.847405	-0.349813	-1.001795	-0.104048
1.520000	1.774412	-2.065106	0.559915	-0.370733	-1.022313	-0.100737
1.540000	2.067102	-1.912323	0.261543	-0.389408	-1.042001	-0.097827
1.560000	2.338519	-1.727186	-0.041772	-0.405244	-1.060435	-0.095390
1.580000	2.583710	-1.509158	-0.344094	-0.417645	-1.077194	-0.093500
1.600000	2.797722	-1.257700	-0.639484	-0.426016	-1.091854	-0.092229
