0.000000	-1.062651	-0.762713	0.147163	0.046020	-0.767255	-0.387989
0.020000	-1.175190	-0.585800	0.185879	0.043710	-0.761648	-0.394799
0.040000	-1.274153	-0.396643	0.227156	0.041585	-0.758165	-0.400245
0.060000	-1.358859	-0.196428	0.271108	0.039674	-0.756890	-0.404215
0.080000	-1.429404	0.011545	0.316988	0.037966	-0.757833	-0.406931
0.100000	-1.485953	0.223784	0.363976	0.036447	-0.760999	-0.408647
0.120000	-1.528673	0.436796	0.411246	0.035102	-0.766391	-0.409616
0.140000	-1.557730	0.647087	0.457978	0.033915	-0.774012	-0.410089
0.160000	-1.573291	0.851164	0.503348	0.032872	-0.783867	-0.410320
0.180000	-1.575522	1.045536	0.546533	0.031958	-0.795958	-0.410561
0.200000	-1.564589	1.226709	0.586711	0.031157	-0.810290	-0.411066
0.220000	-1.540658	1.391190	0.623059	0.030456	-0.826865	-0.412087
0.240000	-1.503896	1.535486	0.654753	0.029839	-0.845689	-0.413877
0.260000	-1.454470	1.656104	0.680972	0.029292	-0.866763	-0.416688
0.280000	-1.392545	1.749553	0.700892	0.028799	-0.890092	-0.420774
0.300000	-1.318287	1.812338	0.713691	0.028345	-0.915680	-0.426387
0.320000	-1.231864	1.840966	0.718546	0.027916	-0.943530	-0.433781
0.340000	-1.133441	1.831946	0.714634	0.027497	-0.973645	-0.443207
0.360000	-1.023185	1.781784	0.701132	0.027072	-1.006030	-0.454918
0.380000	-0.902009	1.689024	0.677684	0.026634	-1.040551	-0.469023
0.400000	-0.773304	1.558940	0.645476	0.026194	-1.076625	-0.485149
0.420000	-0.640966	1.398201	0.606012	0.025767	-1.113574	-0.502827
0.440000	-0.508897	1.213473	0.560797	0.025371	-1.150721	-0.521585
0.460000	-0.380994	1.011422	0.511336	0.025021	-1.187388	-0.540952
0.480000	-0.261158	0.798715	0.459132	0.024734	-1.222899	-0.560458
0.500000	-0.153288	0.582020	0.405691	0.024525	-1.256576	-0.579632
0.520000	-0.061282	0.368003	0.352517	0.024410	-1.287743	-0.598003
0.540000	0.010959	0.163331	0.301115	0.024406	-1.315721	-0.615101
0.560000	0.059537	-0.025329	0.252988	0.024529	-1.339833	-0.630454
0.580000	0.080552	-0.191311	0.209643	0.024794	-1.359403	-0.643593
0.600000	0.070106	-0.327947	0.172582	0.025218	-1.373753	-0.654046
0.620000	0.024298	-0.428572	0.143311	0.025817	-1.382205	-0.661343
0.640000	-0.060770	-0.486517	0.123335	0.026607	-1.384084	-0.665012
0.660000	-0.188998	-0.495116	0.114157	0.027604	-1.378710	-0.664584
0.680000	-0.364167	-0.447847	0.117248	0.028823	-1.365425	-0.659598
0.700000	-0.585179	-0.344114	0.132685	0.030252	-1.344286	-0.650033
0.720000	-0.844432	-0.191231	0.158681	0.031841	-1.316306	-0.636455
0.740000	-1.133871	0.002940	0.193320	0.033538	-1.282565	-0.619471
0.760000	-1.445439	0.230536	0.234689	0.035289	-1.244143	-0.599686
0.780000	-1.771083	0.483693	0.280872	0.037042	-1.202120	-0.577706
0.800000	-2.102747	0.754551	0.329953	0.038746	-1.157577	-0.554139
0.820000	-2.432374	1.035245	0.380018	0.040346	-1.111592	-0.529591
0.840000	-2.751912	1.317912	0.429152	0.041791	-1.065247	-0.504667
0.860000	-3.053303	1.594692	0.475439	0.043028	-1.019621	-0.479974
0.880000	-3.328492	1.857720	0.516965	0.044005	-0.975795	-0.456118
0.900000	-3.569426	2.099134	0.551815	0.044669	-0.934847	-0.433706
0.920000	-3.768047	2.311071	0.578073	0.044967	-0.897859	-0.413344
0.940000	-3.916302	2.485669	0.593824	0.044847	-0.865910	-0.395637
0.960000	-4.006134	2.615064	0.597153	0.044256	-0.840080	-0.381193
0.980000	-4.029488	2.691395	0.586146	0.043143	-0.821449	-0.370618
1.000000	-3.979327	2.707619	0.559104	0.041462	-0.810981	-0.364450
1.020000	-3.858524	2.664696	0.516447	0.039254	-0.808504	-0.362573
1.040000	-3.675547	2.568098	0.459790	0.036605	-0.813208	-0.364500
1.060000	-3.438926	2.423349	0.390762	0.033603	-0.824273	-0.369738
1.080000	-3.157188	2.235974	0.310991	0.030336	-0.840882	-0.377796
1.100000	-2.838866	2.011495	0.222105	0.026890	-0.862215	-0.388184
1.120000	-2.492487	1.755436	0.125732	0.023354	-0.887454	-0.400410
1.140000	-2.126582	1.473321	0.023501	0.019814	-0.915781	-0.413982
1.160000	-1.749680	1.170674	-0.082961	0.016358	-0.946376	-0.428410
1.180000	-1.370311	0.853019	-0.192025	0.013073	-0.978422	-0.443201
1.200000	-0.997004	0.525879	-0.302062	0.010047	-1.011099	-0.457864
1.220000	-0.638290	0.194778	-0.411445	0.007368	-1.043590	-0.471908
1.240000	-0.302697	-0.134761	-0.518545	0.005122	-1.075076	-0.484842
1.260000	0.001244	-0.457213	-0.621734	0.003397	-1.104738	-0.496174
1.280000	0.265004	-0.767055	-0.719384	0.002281	-1.131757	-0.505413
1.300000	0.480054	-1.058764	-0.809866	0.001861	-1.155315	-0.512068
1.320000	0.638093	-1.326916	-0.891583	0.002221	-1.174612	-0.515659
1.340000	0.737148	-1.568897	-0.963759	0.003368	-1.189329	-0.516081
1.360000	0.782226	-1.785181	-1.026531	0.005222	-1.199682	-0.513630
1.380000	0.778691	-1.976405	-1.080079	0.007699	-1.205916	-0.508628
1.400000	0.731908	-2.143205	-1.124586	0.010714	-1.208272	-0.501396
1.420000	0.647241	-2.286218	-1.160233	0.014183	-1.206996	-0.492252
1.440000	0.530055	-2.406077	-1.187201	0.018021	-1.202329	-0.481518
1.460000	0.385716	-2.503421	-1.205674	0.022145	-1.194516	-0.469514
1.480000	0.219587	-2.578884	-1.215832	0.026470	-1.183800	-0.456559
1.500000	0.037033	-2.633102	-1.217858	0.030911	-1.170423	-0.442975
1.520000	-0.156580	-2.666712	-1.211932	0.035384	-1.154631	-0.429081
1.540000	-0.355889	-2.680349	-1.198237	0.039806	-1.136665	-0.415198
1.560000	-0.555528	-2.674649	-1.176955	0.044090	-1.116769	-0.401646
1.580000	-0.750133	-2.650248	-1.148267	0.048154	-1.095187	-0.388745
1.600000	-0.934339	-2.607782	-1.112355	0.051913	-1.072162	-0.376816
1.620000	-1.102781	-2.547886	-1.069401	0.055282	-1.047937	-0.366178
1.640000	-1.250107	-2.471199	-1.019587	0.058178	-1.022757	-0.357152
1.660000	-1.373130	-2.378612	-0.963300	0.060545	-0.996877	-0.349920
1.680000	-1.473388	-2.271573	-0.901368	0.062393	-0.970587	-0.344368
1.700000	-1.553040	-2.151604	-0.834680	0.063739	-0.944179	-0.340342
1.720000	-1.614246	-2.020225	-0.764122	0.064602	-0.917945	-0.337690
1.740000	-1.659163	-1.878957	-0.690583	0.064998	-0.892177	-0.336256
1.760000	-1.689951	-1.729322	-0.614948	0.064946	-0.867168	-0.335889
1.780000	-1.708769	-1.572840	-0.538106	0.064463	-0.843210	-0.336435
1.800000	-1.717776	-1.411032	-0.460944	0.063567	-0.820596	-0.337739
1.820000	-1.719130	-1.245420	-0.384349	0.062275	-0.799616	-0.339649
1.840000	-1.714991	-1.077525	-0.309209	0.060606	-0.780565	-0.342010
1.860000	-1.707517	-0.908867	-0.236411	0.058576	-0.763734	-0.344671
1.880000	-1.698867	-0.740967	-0.166843	0.056205	-0.749415	-0.347476
1.900000	-1.691201	-0.575348	-0.101391	0.053508	-0.737900	-0.350273
1.920000	-1.686676	-0.413529	-0.040943	0.050505	-0.729483	-0.352908
1.940000	-1.687452	-0.257031	0.013613	0.047212	-0.724455	-0.355228
1.960000	-1.694946	-0.107165	0.061602	0.043660	-0.722994	-0.357135
