0.000000	-0.505199	0.405046	0.096399	0.089497	-0.880866	-0.357407
0.020000	-0.498233	0.454497	0.058408	0.087824	-0.894380	-0.362280
0.040000	-0.502951	0.501410	0.024099	0.086079	-0.908135	-0.367302
0.060000	-0.519129	0.545743	-0.005078	0.084290	-0.921857	-0.372449
0.080000	-0.546546	0.587450	-0.027673	0.082486	-0.935273	-0.377695
0.100000	-0.584980	0.626489	-0.042235	0.080694	-0.948111	-0.383018
0.120000	-0.634209	0.662816	-0.047314	0.078943	-0.960096	-0.388392
0.140000	-0.694011	0.696386	-0.041459	0.077260	-0.970955	-0.393794
0.160000	-0.764145	0.727161	-0.023241	0.075673	-0.980419	-0.399201
0.180000	-0.843188	0.755337	0.007517	0.074213	-0.988406	-0.404584
0.200000	-0.927825	0.781491	0.048980	0.072910	-0.995141	-0.409914
0.220000	-1.014572	0.806235	0.099135	0.071795	-1.000873	-0.415161
0.240000	-1.099943	0.830179	0.155969	0.070900	-1.005854	-0.420293
0.260000	-1.180455	0.853936	0.217469	0.070256	-1.010334	-0.425279
0.280000	-1.252622	0.878116	0.281622	0.069895	-1.014564	-0.430090
0.300000	-1.312961	0.903330	0.346414	0.069848	-1.018793	-0.434694
0.320000	-1.357987	0.930189	0.409831	0.070146	-1.023274	-0.439060
0.340000	-1.384216	0.959306	0.469862	0.070821	-1.028256	-0.443159
0.360000	-1.388162	0.991290	0.524492	0.071903	-1.033989	-0.446959
0.380000	-1.366343	1.026753	0.571709	0.073426	-1.040726	-0.450429
0.400000	-1.315272	1.066306	0.609498	0.075418	-1.048716	-0.453539
0.420000	-1.231466	1.110561	0.635847	0.077913	-1.058209	-0.456259
0.440000	-1.111441	1.160128	0.648743	0.080942	-1.069457	-0.458557
0.460000	-0.951711	1.215618	0.646173	0.084535	-1.082710	-0.460402
0.480000	-0.749224	1.277576	0.626336	0.088717	-1.098183	-0.461764
0.500000	-0.506288	1.345701	0.590100	0.093425	-1.115653	-0.462607
0.520000	-0.228842	1.419122	0.540133	0.098537	-1.134596	-0.462890
0.540000	0.077108	1.496957	0.479137	0.103928	-1.154488	-0.462574
0.560000	0.405555	1.578325	0.409817	0.109476	-1.174799	-0.461619
0.580000	0.750492	1.662343	0.334875	0.115056	-1.195003	-0.459986
0.600000	1.105912	1.748131	0.257015	0.120546	-1.214573	-0.457634
0.620000	1.465808	1.834807	0.178940	0.125821	-1.232981	-0.454524
0.640000	1.824174	1.921488	0.103353	0.130757	-1.249701	-0.450617
0.660000	2.175001	2.007294	0.032957	0.135232	-1.264204	-0.445872
0.680000	2.512285	2.091342	-0.029544	0.139122	-1.275965	-0.440249
0.700000	2.830016	2.172751	-0.081448	0.142303	-1.284455	-0.433710
0.720000	3.122190	2.250639	-0.120051	0.144651	-1.289147	-0.426213
0.740000	3.382798	2.324124	-0.142650	0.146043	-1.289515	-0.417720
0.760000	3.605835	2.392325	-0.146542	0.146355	-1.285030	-0.408191
0.780000	3.785292	2.454360	-0.129023	0.145464	-1.275166	-0.397586
0.800000	3.915256	2.509348	-0.087462	0.143249	-1.259410	-0.385867
0.820000	3.993548	2.556467	-0.022042	0.139710	-1.237794	-0.373112
0.840000	4.022908	2.594971	0.063337	0.135006	-1.211075	-0.359544
0.860000	4.006413	2.624116	0.164521	0.129307	-1.180057	-0.345399
0.880000	3.947141	2.643163	0.277357	0.122784	-1.145546	-0.330912
0.900000	3.848168	2.651368	0.397693	0.115606	-1.108344	-0.316317
0.920000	3.712572	2.647990	0.521374	0.107943	-1.069258	-0.301850
0.940000	3.543429	2.632288	0.644249	0.099965	-1.029093	-0.287745
0.960000	3.343816	2.603519	0.762164	0.091842	-0.988652	-0.274238
0.980000	3.116810	2.560943	0.870966	0.083744	-0.948740	-0.261564
1.000000	2.865489	2.503816	0.966502	0.075841	-0.910163	-0.249956
1.020000	2.592930	2.431399	1.044618	0.068303	-0.873724	-0.239651
1.040000	2.302209	2.342948	1.101162	0.061301	-0.840230	-0.230884
1.060000	1.996403	2.237722	1.131981	0.055003	-0.810483	-0.223888
1.080000	1.678590	2.114980	1.132922	0.049579	-0.785290	-0.218900
1.100000	1.351847	1.973979	1.099831	0.045201	-0.765454	-0.216154
1.120000	1.019273	1.814239	1.029121	0.042021	-0.751696	-0.215852
1.140000	0.684195	1.637775	0.922643	0.040037	-0.743928	-0.217871
1.160000	0.350065	1.447995	0.785275	0.039157	-0.741609	-0.221910
1.180000	0.020334	1.248322	0.621929	0.039291	-0.744195	-0.227666
1.200000	-0.301545	1.042179	0.437515	0.040347	-0.751140	-0.234834
1.220000	-0.612117	0.832987	0.236946	0.042234	-0.761901	-0.243110
1.240000	-0.907932	0.624171	0.025132	0.044860	-0.775932	-0.252192
1.260000	-1.185537	0.419153	-0.193015	0.048133	-0.792689	-0.261774
1.280000	-1.441478	0.221355	-0.412583	0.051963	-0.811627	-0.271555
1.300000	-1.672302	0.034201	-0.628662	0.056258	-0.832201	-0.281229
1.320000	-1.874558	-0.138887	-0.836340	0.060926	-0.853867	-0.290493
1.340000	-2.044792	-0.294486	-1.030705	0.065876	-0.876080	-0.299043
1.360000	-2.179552	-0.429174	-1.206847	0.071017	-0.898294	-0.306576
1.380000	-2.275386	-0.539527	-1.359853	0.076257	-0.919967	-0.312788
1.400000	-2.328839	-0.622123	-1.484813	0.081505	-0.940552	-0.317374
1.420000	-2.336460	-0.673539	-1.576814	0.086669	-0.959504	-0.320033
1.440000	-2.294966	-0.690486	-1.631097	0.091660	-0.976291	-0.320469
1.460000	-2.205655	-0.673285	-1.646960	0.096429	-0.990657	-0.318680
1.480000	-2.074820	-0.626193	-1.628128	0.100973	-1.002653	-0.314974
1.500000	-1.909006	-0.553662	-1.578546	0.105291	-1.012345	-0.309680
1.520000	-1.714755	-0.460148	-1.502162	0.109383	-1.019800	-0.303122
1.540000	-1.498612	-0.350104	-1.402923	0.113247	-1.025083	-0.295628
1.560000	-1.267121	-0.227985	-1.284776	0.116884	-1.028262	-0.287523
1.580000	-1.026826	-0.098244	-1.151668	0.120291	-1.029402	-0.279134
1.600000	-0.784272	0.034664	-1.007546	0.123469	-1.028569	-0.270786
1.620000	-0.546002	0.166285	-0.856357	0.126417	-1.025830	-0.262807
1.640000	-0.318560	0.292165	-0.702047	0.129134	-1.021251	-0.255522
1.660000	-0.108491	0.407850	-0.548565	0.131619	-1.014898	-0.249257
1.680000	0.077662	0.508885	-0.399857	0.133871	-1.006837	-0.244340
1.700000	0.233354	0.590817	-0.259869	0.135890	-0.997135	-0.241096
1.720000	0.352041	0.649191	-0.132549	0.137674	-0.985857	-0.239851
1.740000	0.427279	0.679621	-0.021797	0.139224	-0.973073	-0.240926
1.760000	0.457184	0.680807	0.070620	0.140537	-0.958937	-0.244392
1.780000	0.446209	0.655738	0.145906	0.141612	-0.943728	-0.249972
1.800000	0.399277	0.607722	0.205480	0.142446	-0.927732	-0.257363
1.820000	0.321311	0.540067	0.250764	0.143036	-0.911237	-0.266261
1.840000	0.217234	0.456081	0.283180	0.143381	-0.894528	-0.276364
1.860000	0.091970	0.359070	0.304147	0.143478	-0.877894	-0.287370
1.880000	-0.049560	0.252343	0.315087	0.143324	-0.861620	-0.298975
1.900000	-0.202432	0.139207	0.317422	0.142918	-0.845994	-0.310876
1.920000	-0.361723	0.022969	0.312572	0.142257	-0.831302	-0.322770
1.940000	-0.522510	-0.093062	0.301958	0.141339	-0.817831	-0.334356
1.960000	-0.679871	-0.205580	0.287002	0.140162	-0.805868	-0.345329
1.980000	-0.828882	-0.311277	0.269124	0.138722	-0.795701	-0.355386
2.000000	-0.964621	-0.406844	0.249746	0.137018	-0.787615	-0.364226
2.020000	-1.082165	-0.488976	0.230289	0.135048	-0.781897	-0.371545
2.040000	-1.176590	-0.554363	0.212174	0.132809	-0.778835	-0.377041
2.060000	-1.242977	-0.599701	0.196821	0.130299	-0.778715	-0.380410
2.080000	-1.278249	-0.622945	0.185278	0.127525	-0.781689	-0.381481
2.100000	-1.284497	-0.625590	0.177548	0.124522	-0.787536	-0.380453
2.120000	-1.264712	-0.609745	0.173451	0.121327	-0.795966	-0.377588
2.140000	-1.221882	-0.577517	0.172810	0.117981	-0.806692	-0.373148
2.160000	-1.158996	-0.531016	0.175444	0.114523	-0.819425	-0.367395
2.180000	-1.079046	-0.472351	0.181174	0.110990	-0.833878	-0.360591
2.200000	-0.985019	-0.403629	0.189823	0.107422	-0.849762	-0.352999
2.220000	-0.879905	-0.326960	0.201210	0.103859	-0.866790	-0.344881
2.240000	-0.766695	-0.244453	0.215158	0.100338	-0.884673	-0.336499
2.260000	-0.648376	-0.158215	0.231486	0.096899	-0.903123	-0.328116
2.280000	-0.527940	-0.070356	0.250016	0.093581	-0.921852	-0.319992
2.300000	-0.408375	0.017015	0.270569	0.090423	-0.940572	-0.312392
2.320000	-0.292670	0.101791	0.292966	0.087463	-0.958995	-0.305576
2.340000	-0.183816	0.181861	0.317027	0.084741	-0.976833	-0.299807
2.360000	-0.084802	0.255119	0.342575	0.082295	-0.993798	-0.295348
2.380000	0.001384	0.319454	0.369430	0.080164	-1.009602	-0.292459
2.400000	0.071767	0.372772	0.397411	0.078388	-1.023958	-0.291403
2.420000	0.124776	0.414066	0.426230	0.076983	-1.036731	-0.292285
2.440000	0.161314	0.444253	0.455407	0.075926	-1.048055	-0.294937
2.460000	0.182533	0.464446	0.484442	0.075192	-1.058088	-0.299164
2.480000	0.189586	0.475757	0.512835	0.074755	-1.066991	-0.304773
2.500000	0.183626	0.479299	0.540086	0.074588	-1.074924	-0.311569
2.520000	0.165805	0.476184	0.565696	0.074666	-1.082045	-0.319356
2.540000	0.137277	0.467524	0.589165	0.074963	-1.088515	-0.327941
2.560000	0.099194	0.454433	0.609992	0.075453	-1.094494	-0.337128
2.580000	0.052709	0.438021	0.627680	0.076109	-1.100141	-0.346722
2.600000	-0.001024	0.419402	0.641727	0.076906	-1.105615	-0.356530
2.620000	-0.060854	0.399688	0.651633	0.077818	-1.111077	-0.366356
2.640000	-0.125627	0.379992	0.656900	0.078818	-1.116687	-0.376005
2.660000	-0.194190	0.361426	0.657028	0.079881	-1.122603	-0.385283
2.680000	-0.265391	0.345102	0.651515	0.080981	-1.128986	-0.393996
2.700000	-0.338076	0.332132	0.639864	0.082092	-1.135995	-0.401948
2.720000	-0.411098	0.323574	0.621621	0.083187	-1.143774	-0.408954
2.740000	-0.483389	0.319688	0.597002	0.084239	-1.152228	-0.414957
2.760000	-0.553937	0.320140	0.566722	0.085220	-1.161086	-0.419995
2.780000	-0.621732	0.324582	0.531508	0.086101	-1.170074	-0.424110
2.800000	-0.685765	0.332668	0.492085	0.086853	-1.178914	-0.427343
2.820000	-0.745027	0.344050	0.449182	0.087448	-1.187333	-0.429735
2.840000	-0.798507	0.358379	0.403524	0.087856	-1.195054	-0.431327
2.860000	-0.845197	0.375310	0.355839	0.088051	-1.201804	-0.432161
2.880000	-0.884087	0.394493	0.306852	0.088002	-1.207305	-0.432277
