0.000000	-5.555436	-1.682209	-0.587026	-0.045373	-0.707414	-0.363731
0.020000	-5.876317	-1.998717	-0.686551	-0.055760	-0.686271	-0.366132
0.040000	-6.139807	-2.288764	-0.770396	-0.065269	-0.668745	-0.369545
0.060000	-6.336073	-2.545392	-0.834297	-0.073716	-0.655528	-0.374191
0.080000	-6.455279	-2.761642	-0.873992	-0.080917	-0.647315	-0.380291
0.100000	-6.487595	-2.930558	-0.885218	-0.086688	-0.644800	-0.388064
0.120000	-6.427240	-3.047640	-0.865633	-0.090918	-0.648415	-0.397638
0.140000	-6.280492	-3.115691	-0.818610	-0.093715	-0.657821	-0.408862
0.160000	-6.055854	-3.138868	-0.748578	-0.095224	-0.672536	-0.421536
0.180000	-5.761833	-3.121327	-0.659966	-0.095593	-0.692079	-0.435457
0.200000	-5.406934	-3.067224	-0.557204	-0.094970	-0.715966	-0.450424
0.220000	-4.999662	-2.980715	-0.444721	-0.093500	-0.743717	-0.466235
0.240000	-4.548522	-2.865955	-0.326945	-0.091331	-0.774848	-0.482689
0.260000	-4.062020	-2.727101	-0.208307	-0.088609	-0.808878	-0.499585
0.280000	-3.548661	-2.568309	-0.093235	-0.085483	-0.845324	-0.516720
0.300000	-3.016951	-2.393735	0.013842	-0.082098	-0.883704	-0.533893
0.320000	-2.475394	-2.207535	0.108493	-0.078602	-0.923537	-0.550902
0.340000	-1.932497	-2.013864	0.186291	-0.075141	-0.964340	-0.567547
0.360000	-1.396764	-1.816879	0.242805	-0.071864	-1.005631	-0.583625
0.380000	-0.876701	-1.620736	0.273607	-0.068915	-1.046928	-0.598934
0.400000	-0.380813	-1.429591	0.274267	-0.066444	-1.087748	-0.613274
0.420000	0.082394	-1.247599	0.240357	-0.064596	-1.127610	-0.626443
0.440000	0.504445	-1.078899	0.167481	-0.063517	-1.166032	-0.638239
0.460000	0.879897	-0.925666	0.054925	-0.063268	-1.202558	-0.648521
0.480000	1.208963	-0.786425	-0.091178	-0.063745	-1.236783	-0.657260
0.500000	1.492472	-0.659302	-0.263944	-0.064827	-1.268308	-0.664436
0.520000	1.731251	-0.542424	-0.456492	-0.066396	-1.296731	-0.670033
0.540000	1.926129	-0.433917	-0.661939	-0.068330	-1.321653	-0.674032
0.560000	2.077936	-0.331906	-0.873404	-0.070509	-1.342674	-0.676414
0.580000	2.187499	-0.234519	-1.084003	-0.072812	-1.359394	-0.677162
0.600000	2.255647	-0.139881	-1.286855	-0.075121	-1.371413	-0.676258
0.620000	2.283208	-0.046118	-1.475077	-0.077313	-1.378330	-0.673684
0.640000	2.271012	0.048643	-1.641787	-0.079270	-1.379746	-0.669421
0.660000	2.219887	0.146277	-1.780103	-0.080870	-1.375260	-0.663452
0.680000	2.130661	0.248656	-1.883142	-0.081993	-1.364473	-0.655758
0.700000	2.004162	0.357656	-1.944023	-0.082520	-1.346985	-0.646321
0.720000	1.841221	0.475149	-1.955862	-0.082329	-1.322395	-0.635124
0.740000	1.642668	0.603006	-1.911791	-0.081301	-1.290305	-0.622148
0.760000	1.410750	0.741841	-1.808788	-0.079374	-1.250734	-0.607474
0.780000	1.151115	0.889237	-1.653115	-0.076629	-1.204713	-0.591417
0.800000	0.869913	1.042333	-1.452407	-0.073166	-1.153421	-0.574327
0.820000	0.573298	1.198264	-1.214299	-0.069086	-1.098038	-0.556556
0.840000	0.267420	1.354168	-0.946423	-0.064491	-1.039741	-0.538453
0.860000	-0.041568	1.507181	-0.656415	-0.059481	-0.979712	-0.520369
0.880000	-0.347516	1.654442	-0.351909	-0.054158	-0.919128	-0.502655
0.900000	-0.644271	1.793086	-0.040539	-0.048622	-0.859169	-0.485661
0.920000	-0.925683	1.920250	0.270061	-0.042975	-0.801015	-0.469738
0.940000	-1.185598	2.033072	0.572257	-0.037317	-0.745844	-0.455235
0.960000	-1.417866	2.128688	0.858414	-0.031750	-0.694836	-0.442504
0.980000	-1.616335	2.204236	1.120898	-0.026375	-0.649170	-0.431896
1.000000	-1.774854	2.256852	1.352075	-0.021292	-0.610025	-0.423759
1.020000	-1.887270	2.283673	1.544310	-0.016603	-0.578580	-0.418446
1.040000	-1.947432	2.281836	1.689970	-0.012408	-0.556015	-0.416306
1.060000	-1.949189	2.248478	1.781420	-0.008809	-0.543510	-0.417689
1.080000	-1.888098	2.181533	1.812841	-0.005883	-0.541938	-0.422831
1.100000	-1.768464	2.083005	1.787691	-0.003585	-0.550622	-0.431366
1.120000	-1.597380	1.956200	1.712388	-0.001830	-0.568387	-0.442741
1.140000	-1.381938	1.804422	1.593354	-0.000535	-0.594058	-0.456401
1.160000	-1.129234	1.630976	1.437006	0.000385	-0.626461	-0.471792
1.180000	-0.846361	1.439169	1.249766	0.001013	-0.664422	-0.488359
1.200000	-0.540413	1.232303	1.038052	0.001435	-0.706766	-0.505548
1.220000	-0.218484	1.013685	0.808285	0.001733	-0.752317	-0.522804
1.240000	0.112331	0.786620	0.566884	0.001993	-0.799902	-0.539574
1.260000	0.444940	0.554412	0.320269	0.002298	-0.848346	-0.555303
1.280000	0.772247	0.320366	0.074859	0.002732	-0.896475	-0.569436
1.300000	1.087159	0.087789	-0.162925	0.003380	-0.943113	-0.581419
1.320000	1.382582	-0.140017	-0.386664	0.004325	-0.987087	-0.590697
1.340000	1.651422	-0.359744	-0.589939	0.005652	-1.027221	-0.596717
1.360000	1.886585	-0.568089	-0.766329	0.007445	-1.062341	-0.598924
1.380000	2.081854	-0.762085	-0.910249	0.009774	-1.091418	-0.596859
1.400000	2.236988	-0.941070	-1.021791	0.012606	-1.114424	-0.590718
1.420000	2.354238	-1.105344	-1.103419	0.015871	-1.131745	-0.580969
1.440000	2.435867	-1.255212	-1.157605	0.019494	-1.143768	-0.568082
1.460000	2.484134	-1.390977	-1.186820	0.023404	-1.150882	-0.552526
1.480000	2.501300	-1.512942	-1.193535	0.027527	-1.153475	-0.534769
1.500000	2.489627	-1.621413	-1.180222	0.031791	-1.151935	-0.515282
1.520000	2.451374	-1.716691	-1.149351	0.036122	-1.146650	-0.494533
1.540000	2.388802	-1.799081	-1.103395	0.040449	-1.138007	-0.472992
1.560000	2.304173	-1.868886	-1.044825	0.044698	-1.126396	-0.451128
1.580000	2.199747	-1.926411	-0.976111	0.048796	-1.112203	-0.429410
1.600000	2.077785	-1.971959	-0.899726	0.052672	-1.095818	-0.408308
1.620000	1.940547	-2.005833	-0.818141	0.056251	-1.077628	-0.388291
1.640000	1.790295	-2.028338	-0.733827	0.059461	-1.058021	-0.369827
1.660000	1.629288	-2.039776	-0.649255	0.062229	-1.037385	-0.353387
1.680000	1.459787	-2.040452	-0.566897	0.064483	-1.016109	-0.339439
1.700000	1.284055	-2.030670	-0.489224	0.066150	-0.994580	-0.328454
1.720000	1.104173	-2.010660	-0.418201	0.067178	-0.973144	-0.320771
1.740000	0.921499	-1.980359	-0.353712	0.067600	-0.951979	-0.316206
1.760000	0.737202	-1.939625	-0.295108	0.067475	-0.931217	-0.314438
1.780000	0.552452	-1.888317	-0.241738	0.066857	-0.910989	-0.315147
1.800000	0.368419	-1.826296	-0.192951	0.065804	-0.891428	-0.318013
1.820000	0.186271	-1.753419	-0.148097	0.064371	-0.872667	-0.322715
1.840000	0.007180	-1.669546	-0.106527	0.062615	-0.854838	-0.328933
1.860000	-0.167687	-1.574536	-0.067589	0.060593	-0.838074	-0.336346
1.880000	-0.337158	-1.468248	-0.030634	0.058361	-0.822506	-0.344635
1.900000	-0.500064	-1.350542	0.004989	0.055975	-0.808268	-0.353478
1.920000	-0.655236	-1.221276	0.039930	0.053491	-0.795491	-0.362555
1.940000	-0.801505	-1.080309	0.074839	0.050966	-0.784309	-0.371546
1.960000	-0.937699	-0.927502	0.110367	0.048457	-0.774852	-0.380131
