0.000000	-2.099461	-0.914407	-0.248677	0.107882	-0.818345	-0.315215
0.020000	-1.848101	-0.780272	-0.361671	0.115783	-0.817160	-0.313659
0.040000	-1.578946	-0.638229	-0.473906	0.123726	-0.817322	-0.312195
0.060000	-1.296988	-0.489663	-0.583147	0.131523	-0.818991	-0.310915
0.080000	-1.007220	-0.335960	-0.687158	0.138988	-0.822326	-0.309912
0.100000	-0.714633	-0.178504	-0.783701	0.145930	-0.827487	-0.309279
0.120000	-0.424221	-0.018681	-0.870542	0.152164	-0.834634	-0.309109
0.140000	-0.140975	0.142124	-0.945445	0.157501	-0.843926	-0.309494
0.160000	0.130111	0.302526	-1.006172	0.161753	-0.855523	-0.310527
0.180000	0.384045	0.461140	-1.050490	0.164733	-0.869584	-0.312300
0.200000	0.615836	0.616580	-1.076160	0.166252	-0.886270	-0.314907
0.220000	0.821452	0.767515	-1.081664	0.166179	-0.905627	-0.318400
0.240000	1.000845	0.912838	-1.068447	0.164619	-0.927241	-0.322670
0.260000	1.154994	1.051499	-1.038718	0.161738	-0.950578	-0.327564
0.280000	1.284880	1.182449	-0.994690	0.157701	-0.975103	-0.332930
0.300000	1.391483	1.304638	-0.938572	0.152674	-1.000280	-0.338616
0.320000	1.475784	1.417016	-0.872578	0.146821	-1.025576	-0.344469
0.340000	1.538764	1.518535	-0.798916	0.140309	-1.050456	-0.350338
0.360000	1.581402	1.608143	-0.719799	0.133304	-1.074385	-0.356070
0.380000	1.604679	1.684792	-0.637437	0.125969	-1.096828	-0.361513
0.400000	1.609575	1.747432	-0.554042	0.118472	-1.117251	-0.366515
0.420000	1.597071	1.795014	-0.471824	0.110977	-1.135120	-0.370922
0.440000	1.568147	1.826487	-0.392996	0.103651	-1.149898	-0.374584
0.460000	1.523783	1.840803	-0.319766	0.096658	-1.161053	-0.377348
0.480000	1.464961	1.836911	-0.254348	0.090163	-1.168049	-0.379062
0.500000	1.392659	1.813762	-0.198952	0.084334	-1.170352	-0.379573
0.520000	1.307865	1.770324	-0.155770	0.079333	-1.167433	-0.378731
0.540000	1.211906	1.706739	-0.125777	0.075236	-1.159189	-0.376501
0.560000	1.106670	1.625060	-0.107958	0.071972	-1.146213	-0.373037
0.580000	0.994097	1.527517	-0.101117	0.069457	-1.129158	-0.368510
0.600000	0.876127	1.416338	-0.104059	0.067608	-1.108679	-0.363092
0.620000	0.754697	1.293752	-0.115589	0.066341	-1.085430	-0.356954
0.640000	0.631748	1.161989	-0.134509	0.065572	-1.060067	-0.350266
0.660000	0.509218	1.023277	-0.159625	0.065217	-1.033243	-0.343200
0.680000	0.389048	0.879846	-0.189741	0.065192	-1.005614	-0.335928
0.700000	0.273175	0.733925	-0.223661	0.065415	-0.977834	-0.328620
0.720000	0.163540	0.587742	-0.260188	0.065800	-0.950557	-0.321448
0.740000	0.062081	0.443526	-0.298129	0.066264	-0.924439	-0.314583
0.760000	-0.029262	0.303507	-0.336285	0.066724	-0.900134	-0.308195
0.780000	-0.108550	0.169914	-0.373463	0.067095	-0.878296	-0.302457
0.800000	-0.173843	0.044976	-0.408465	0.067294	-0.859580	-0.297539
0.820000	-0.223204	-0.069079	-0.440097	0.067237	-0.844641	-0.293613
0.840000	-0.254873	-0.170168	-0.467230	0.066847	-0.834086	-0.290836
0.860000	-0.269413	-0.258073	-0.489597	0.066133	-0.827939	-0.289196
0.880000	-0.268981	-0.333863	-0.507526	0.065162	-0.825814	-0.288562
0.900000	-0.255769	-0.398634	-0.521357	0.064002	-0.827320	-0.288802
0.920000	-0.231968	-0.453480	-0.531427	0.062724	-0.832066	-0.289782
0.940000	-0.199769	-0.499495	-0.538078	0.061395	-0.839660	-0.291370
0.960000	-0.161361	-0.537775	-0.541647	0.060084	-0.849710	-0.293434
0.980000	-0.118936	-0.569414	-0.542474	0.058861	-0.861825	-0.295839
1.000000	-0.074685	-0.595506	-0.540899	0.057793	-0.875613	-0.298455
1.020000	-0.030799	-0.617146	-0.537260	0.056950	-0.890682	-0.301147
1.040000	0.010533	-0.635429	-0.531897	0.056401	-0.906641	-0.303783
1.060000	0.047119	-0.651449	-0.525149	0.056214	-0.923098	-0.306231
1.080000	0.076767	-0.666302	-0.517355	0.056458	-0.939661	-0.308357
1.100000	0.097289	-0.681081	-0.508854	0.057202	-0.955939	-0.310030
1.120000	0.106492	-0.696881	-0.499987	0.058515	-0.971540	-0.311115
1.140000	0.102186	-0.714798	-0.491091	0.060465	-0.986073	-0.311481
1.160000	0.082181	-0.735925	-0.482506	0.063122	-0.999146	-0.310994
1.180000	0.044654	-0.761208	-0.474519	0.066536	-1.010403	-0.309547
1.200000	-0.009550	-0.790513	-0.467025	0.070638	-1.019756	-0.307210
1.220000	-0.078415	-0.823234	-0.459754	0.075302	-1.027231	-0.304134
1.240000	-0.159921	-0.858760	-0.452433	0.080404	-1.032854	-0.300467
1.260000	-0.252049	-0.896483	-0.444787	0.085817	-1.036653	-0.296359
1.280000	-0.352777	-0.935794	-0.436545	0.091418	-1.038656	-0.291962
1.300000	-0.460085	-0.976082	-0.427432	0.097080	-1.038889	-0.287423
1.320000	-0.571953	-1.016740	-0.417176	0.102679	-1.037379	-0.282893
1.340000	-0.686361	-1.057157	-0.405505	0.108090	-1.034154	-0.278522
1.360000	-0.801288	-1.096725	-0.392144	0.113188	-1.029241	-0.274460
1.380000	-0.914714	-1.134834	-0.376820	0.117848	-1.022666	-0.270857
1.400000	-1.024619	-1.170875	-0.359262	0.121944	-1.014458	-0.267861
1.420000	-1.128982	-1.204238	-0.339194	0.125351	-1.004642	-0.265624
1.440000	-1.225783	-1.234315	-0.316346	0.127945	-0.993247	-0.264294
1.460000	-1.313002	-1.260496	-0.290443	0.129600	-0.980299	-0.264023
1.480000	-1.388761	-1.282200	-0.261267	0.130206	-0.965845	-0.264942
1.500000	-1.452585	-1.299117	-0.229143	0.129795	-0.950125	-0.267024
1.520000	-1.504795	-1.311091	-0.194703	0.128483	-0.933486	-0.270149
1.540000	-1.545720	-1.317969	-0.158582	0.126385	-0.916279	-0.274197
1.560000	-1.575690	-1.319597	-0.121416	0.123616	-0.898853	-0.279046
1.580000	-1.595035	-1.315822	-0.083840	0.120291	-0.881558	-0.284575
1.600000	-1.604086	-1.306490	-0.046490	0.116527	-0.864744	-0.290664
1.620000	-1.603171	-1.291447	-0.010001	0.112437	-0.848760	-0.297192
1.640000	-1.592620	-1.270541	0.024991	0.108139	-0.833957	-0.304038
1.660000	-1.572765	-1.243616	0.057850	0.103747	-0.820684	-0.311081
1.680000	-1.543933	-1.210520	0.087942	0.099376	-0.809290	-0.318200
1.700000	-1.506455	-1.171099	0.114630	0.095143	-0.800126	-0.325274
1.720000	-1.460661	-1.125200	0.137280	0.091162	-0.793540	-0.332183
1.740000	-1.406881	-1.072668	0.155255	0.087548	-0.789884	-0.338806
1.760000	-1.345444	-1.013350	0.167920	0.084418	-0.789507	-0.345021
1.780000	-1.276681	-0.947093	0.174640	0.081887	-0.792758	-0.350708
1.800000	-1.200936	-0.873770	0.174795	0.080068	-0.799975	-0.355749
1.820000	-1.118966	-0.793998	0.168235	0.079002	-0.811168	-0.360110
1.840000	-1.031989	-0.709222	0.155325	0.078654	-0.825983	-0.363848
