0.000000	0.738058	-0.142284	-0.197694	0.072825	-0.824880	-0.282695
0.020000	1.096458	-0.045553	-0.224644	0.071989	-0.823977	-0.287786
0.040000	1.435176	0.054850	-0.251794	0.071031	-0.826156	-0.293322
0.060000	1.746281	0.157599	-0.278871	0.069931	-0.831771	-0.299332
0.080000	2.021845	0.261366	-0.305599	0.068671	-0.841176	-0.305850
0.100000	2.254068	0.364823	-0.331708	0.067231	-0.854713	-0.312905
0.120000	2.439475	0.466559	-0.357035	0.065619	-0.872330	-0.320451
0.140000	2.579805	0.565066	-0.381550	0.063869	-0.893493	-0.328355
0.160000	2.677107	0.658831	-0.405229	0.062019	-0.917645	-0.336475
0.180000	2.733427	0.746341	-0.428048	0.060106	-0.944225	-0.344671
0.200000	2.750815	0.826082	-0.449984	0.058168	-0.972674	-0.352803
0.220000	2.731319	0.896540	-0.471013	0.056243	-1.002432	-0.360731
0.240000	2.676986	0.956203	-0.491112	0.054366	-1.032940	-0.368313
0.260000	2.589866	1.003557	-0.510258	0.052577	-1.063639	-0.375410
0.280000	2.472006	1.037087	-0.528426	0.050912	-1.093968	-0.381882
0.300000	2.325455	1.055282	-0.545594	0.049409	-1.123369	-0.387587
0.320000	2.152261	1.056627	-0.561737	0.048105	-1.151282	-0.392386
0.340000	1.954472	1.039609	-0.576833	0.047038	-1.177146	-0.396139
0.360000	1.734136	1.002714	-0.590858	0.046245	-1.200404	-0.398704
0.380000	1.493301	0.944430	-0.603789	0.045763	-1.220494	-0.399941
0.400000	1.234017	0.863242	-0.615601	0.045629	-1.236859	-0.399710
0.420000	0.958510	0.757999	-0.626275	0.045877	-1.248995	-0.397894
0.440000	0.670546	0.630647	-0.635822	0.046489	-1.256901	-0.394571
0.460000	0.374673	0.484706	-0.644269	0.047425	-1.260827	-0.389917
0.480000	0.075443	0.323708	-0.651642	0.048645	-1.261024	-0.384110
0.500000	-0.222592	0.151182	-0.657969	0.050108	-1.257746	-0.377329
0.520000	-0.514878	-0.029338	-0.663275	0.051774	-1.251243	-0.369752
0.540000	-0.796863	-0.214322	-0.667587	0.053601	-1.241768	-0.361556
0.560000	-1.063995	-0.400239	-0.670933	0.055550	-1.229573	-0.352919
0.580000	-1.311719	-0.583556	-0.673339	0.057580	-1.214910	-0.344019
0.600000	-1.535484	-0.760742	-0.674831	0.059650	-1.198032	-0.335035
0.620000	-1.730737	-0.928266	-0.675437	0.061720	-1.179190	-0.326144
0.640000	-1.892925	-1.082596	-0.675183	0.063750	-1.158637	-0.317524
0.660000	-2.017495	-1.220202	-0.674096	0.065698	-1.136625	-0.309353
0.680000	-2.099895	-1.337550	-0.672203	0.067524	-1.113405	-0.301809
0.700000	-2.135572	-1.431111	-0.669530	0.069188	-1.089230	-0.295070
0.720000	-2.119972	-1.497353	-0.666104	0.070649	-1.064352	-0.289314
0.740000	-2.048772	-1.532858	-0.661952	0.071868	-1.039024	-0.284712
0.760000	-1.922862	-1.536853	-0.657099	0.072845	-1.013504	-0.281290
0.780000	-1.748335	-1.511195	-0.651569	0.073619	-0.988058	-0.278925
0.800000	-1.531506	-1.457854	-0.645386	0.074229	-0.962950	-0.277490
0.820000	-1.278691	-1.378803	-0.638572	0.074716	-0.938448	-0.276857
0.840000	-0.996209	-1.276011	-0.631153	0.075119	-0.914817	-0.276898
0.860000	-0.690374	-1.151451	-0.623151	0.075480	-0.892322	-0.277485
0.880000	-0.367503	-1.007094	-0.614591	0.075837	-0.871229	-0.278490
0.900000	-0.033914	-0.844911	-0.605496	0.076232	-0.851803	-0.279786
0.920000	0.304079	-0.666873	-0.595890	0.076703	-0.834311	-0.281244
0.940000	0.640158	-0.474952	-0.585797	0.077292	-0.819018	-0.282737
0.960000	0.968007	-0.271118	-0.575240	0.078038	-0.806189	-0.284137
0.980000	1.281309	-0.057344	-0.564244	0.078982	-0.796091	-0.285316
1.000000	1.573748	0.164401	-0.552831	0.080163	-0.788989	-0.286145
1.020000	1.839008	0.392144	-0.541025	0.081622	-0.785148	-0.286498
1.040000	2.070772	0.623914	-0.528851	0.083399	-0.784835	-0.286247
1.060000	2.263451	0.857712	-0.516309	0.085524	-0.788250	-0.285281
1.080000	2.416380	1.091346	-0.503238	0.087966	-0.795167	-0.283622
1.100000	2.530935	1.322545	-0.489412	0.090666	-0.805177	-0.281342
1.120000	2.608500	1.549038	-0.474605	0.093567	-0.817874	-0.278514
1.140000	2.650457	1.768552	-0.458590	0.096611	-0.832849	-0.275211
1.160000	2.658188	1.978818	-0.441142	0.099739	-0.849696	-0.271506
1.180000	2.633077	2.177563	-0.422032	0.102893	-0.868006	-0.267473
1.200000	2.576507	2.362516	-0.401036	0.106016	-0.887372	-0.263185
1.220000	2.489860	2.531405	-0.377927	0.109049	-0.907386	-0.258714
1.240000	2.374519	2.681960	-0.352478	0.111934	-0.927641	-0.254134
1.260000	2.231867	2.811908	-0.324462	0.114613	-0.947730	-0.249519
1.280000	2.063288	2.918979	-0.293654	0.117028	-0.967244	-0.244940
1.300000	1.870162	3.000901	-0.259827	0.119121	-0.985777	-0.240471
1.320000	1.653875	3.055402	-0.222754	0.120834	-1.002920	-0.236186
1.340000	1.415808	3.080211	-0.182209	0.122109	-1.018266	-0.232157
1.360000	1.157345	3.073060	-0.137966	0.122888	-1.031408	-0.228458
1.380000	0.880449	3.032952	-0.090036	0.123144	-1.042070	-0.225147
1.400000	0.588551	2.962119	-0.039029	0.122926	-1.050312	-0.222248
1.420000	0.285310	2.863298	0.014351	0.122300	-1.056247	-0.219777
1.440000	-0.025612	2.739226	0.069399	0.121326	-1.059985	-0.217753
1.460000	-0.340556	2.592640	0.125411	0.120069	-1.061640	-0.216192
1.480000	-0.655862	2.426277	0.181683	0.118592	-1.061323	-0.215112
1.500000	-0.967869	2.242875	0.237510	0.116957	-1.059145	-0.214530
1.520000	-1.272917	2.045171	0.292187	0.115228	-1.055221	-0.214464
1.540000	-1.567346	1.835902	0.345011	0.113467	-1.049660	-0.214932
1.560000	-1.847496	1.617805	0.395276	0.111737	-1.042575	-0.215949
1.580000	-2.109705	1.393616	0.442280	0.110102	-1.034079	-0.217535
1.600000	-2.350315	1.166075	0.485316	0.108624	-1.024283	-0.219706
1.620000	-2.565664	0.937916	0.523681	0.107367	-1.013300	-0.222479
1.640000	-2.752093	0.711879	0.556671	0.106394	-1.001241	-0.225872
1.660000	-2.905941	0.490699	0.583581	0.105767	-0.988218	-0.229903
1.680000	-3.023548	0.277114	0.603707	0.105550	-0.974343	-0.234588
1.700000	-3.101254	0.073862	0.616344	0.105805	-0.959729	-0.239946
1.720000	-3.135844	-0.116490	0.620859	0.106586	-0.944501	-0.245984
1.740000	-3.128125	-0.292888	0.617270	0.107859	-0.928912	-0.252634
1.760000	-3.081036	-0.455084	0.605934	0.109543	-0.913282	-0.259785
1.780000	-2.997536	-0.602839	0.587216	0.111557	-0.897930	-0.267328
1.800000	-2.880584	-0.735910	0.561477	0.113820	-0.883178	-0.275151
1.820000	-2.733138	-0.854057	0.529080	0.116252	-0.869344	-0.283144
1.840000	-2.558158	-0.957041	0.490388	0.118770	-0.856749	-0.291195
1.860000	-2.358602	-1.044619	0.445764	0.121295	-0.845714	-0.299195
1.880000	-2.137430	-1.116551	0.395570	0.123745	-0.836559	-0.307033
