0.000000	-4.935760	1.246647	2.034313	0.041886	-0.852970	-0.298795
0.020000	-4.870154	1.338052	2.058769	0.037142	-0.848171	-0.305536
0.040000	-4.731595	1.393444	2.045676	0.032316	-0.844969	-0.314173
0.060000	-4.518692	1.410556	1.993564	0.027440	-0.843496	-0.324736
0.080000	-4.239188	1.392156	1.906056	0.022570	-0.843758	-0.337015
0.100000	-3.901765	1.341528	1.787300	0.017767	-0.845746	-0.350773
0.120000	-3.515103	1.261957	1.641445	0.013090	-0.849453	-0.365776
0.140000	-3.087881	1.156727	1.472636	0.008599	-0.854872	-0.381789
0.160000	-2.628781	1.029123	1.285022	0.004354	-0.861996	-0.398575
0.180000	-2.146482	0.882428	1.082751	0.000415	-0.870816	-0.415899
0.200000	-1.649665	0.719929	0.869970	-0.003157	-0.881327	-0.433527
0.220000	-1.147010	0.544909	0.650826	-0.006303	-0.893520	-0.451223
0.240000	-0.647198	0.360652	0.429468	-0.008963	-0.907388	-0.468750
0.260000	-0.158909	0.170444	0.210042	-0.011077	-0.922923	-0.485875
0.280000	0.309177	-0.022431	-0.003304	-0.012585	-0.940119	-0.502361
0.300000	0.748380	-0.214689	-0.206422	-0.013426	-0.958967	-0.517974
0.320000	1.150018	-0.403045	-0.395165	-0.013542	-0.979461	-0.532477
0.340000	1.505412	-0.584215	-0.565385	-0.012872	-1.001593	-0.545636
0.360000	1.805881	-0.754913	-0.712935	-0.011356	-1.025355	-0.557215
0.380000	2.042745	-0.911857	-0.833666	-0.008934	-1.050741	-0.566979
0.400000	2.209053	-1.052149	-0.924176	-0.005569	-1.077677	-0.574729
0.420000	2.308151	-1.175211	-0.985488	-0.001356	-1.105707	-0.580485
0.440000	2.347186	-1.281319	-1.020261	0.003558	-1.134231	-0.584348
0.460000	2.333310	-1.370750	-1.031154	0.009028	-1.162647	-0.586419
0.480000	2.273675	-1.443781	-1.020830	0.014908	-1.190355	-0.586799
0.500000	2.175433	-1.500689	-0.991949	0.021053	-1.216756	-0.585589
0.520000	2.045735	-1.541751	-0.947170	0.027316	-1.241249	-0.582891
0.540000	1.891735	-1.567244	-0.889156	0.033553	-1.263233	-0.578803
0.560000	1.720584	-1.577445	-0.820566	0.039616	-1.282108	-0.573429
0.580000	1.539434	-1.572632	-0.744061	0.045362	-1.297275	-0.566869
0.600000	1.355437	-1.553081	-0.662302	0.050643	-1.308131	-0.559223
0.620000	1.175746	-1.519069	-0.577950	0.055315	-1.314078	-0.550594
0.640000	1.007511	-1.470873	-0.493665	0.059232	-1.314515	-0.541080
0.660000	0.857887	-1.408771	-0.412108	0.062247	-1.308842	-0.530785
0.680000	0.734023	-1.333040	-0.335939	0.064215	-1.296458	-0.519808
0.700000	0.643073	-1.243956	-0.267820	0.064992	-1.276762	-0.508251
0.720000	0.591724	-1.141854	-0.210275	0.064441	-1.249225	-0.496215
0.740000	0.580086	-1.027874	-0.163902	0.062584	-1.214294	-0.483803
0.760000	0.603401	-0.903756	-0.127873	0.059561	-1.173142	-0.471124
0.780000	0.656791	-0.771252	-0.101327	0.055511	-1.126961	-0.458284
0.800000	0.735383	-0.632115	-0.083402	0.050574	-1.076942	-0.445389
0.820000	0.834301	-0.488098	-0.073236	0.044892	-1.024275	-0.432547
0.840000	0.948670	-0.340953	-0.069967	0.038604	-0.970152	-0.419865
0.860000	1.073614	-0.192435	-0.072735	0.031853	-0.915763	-0.407448
0.880000	1.204259	-0.044294	-0.080677	0.024777	-0.862298	-0.395405
0.900000	1.335730	0.101715	-0.092931	0.017518	-0.810950	-0.383842
0.920000	1.463150	0.243841	-0.108636	0.010216	-0.762909	-0.372866
0.940000	1.581645	0.380329	-0.126930	0.003011	-0.719365	-0.362584
0.960000	1.686340	0.509428	-0.146951	-0.003954	-0.681510	-0.353102
0.980000	1.772359	0.629384	-0.167838	-0.010541	-0.650535	-0.344527
1.000000	1.834828	0.738445	-0.188728	-0.016609	-0.627630	-0.336967
1.020000	1.869056	0.834924	-0.208782	-0.022020	-0.613935	-0.330524
1.040000	1.874221	0.918521	-0.227595	-0.026708	-0.609541	-0.325204
1.060000	1.853154	0.990242	-0.245172	-0.030676	-0.613542	-0.320923
1.080000	1.808830	1.051148	-0.261538	-0.033926	-0.624996	-0.317595
1.100000	1.744225	1.102297	-0.276717	-0.036464	-0.642958	-0.315132
1.120000	1.662313	1.144750	-0.290731	-0.038293	-0.666486	-0.313448
1.140000	1.566069	1.179564	-0.303603	-0.039417	-0.694637	-0.312454
1.160000	1.458469	1.207801	-0.315358	-0.039841	-0.726466	-0.312063
1.180000	1.342488	1.230519	-0.326018	-0.039569	-0.761031	-0.312189
1.200000	1.221100	1.248776	-0.335607	-0.038604	-0.797388	-0.312744
1.220000	1.097281	1.263634	-0.344148	-0.036951	-0.834593	-0.313641
1.240000	0.974006	1.276151	-0.351664	-0.034615	-0.871705	-0.314793
1.260000	0.854250	1.287386	-0.358179	-0.031598	-0.907778	-0.316112
1.280000	0.740987	1.298398	-0.363716	-0.027906	-0.941870	-0.317512
1.300000	0.637194	1.310248	-0.368298	-0.023542	-0.973038	-0.318905
1.320000	0.545844	1.323994	-0.371949	-0.018511	-1.000338	-0.320204
1.340000	0.469898	1.340689	-0.374692	-0.012816	-1.022830	-0.321321
1.360000	0.410723	1.360674	-0.376579	-0.006497	-1.040037	-0.322200
1.380000	0.366737	1.382973	-0.377710	0.000347	-1.052327	-0.322835
1.400000	0.336041	1.406468	-0.378192	0.007607	-1.060164	-0.323228
1.420000	0.316736	1.430041	-0.378133	0.015178	-1.064010	-0.323380
1.440000	0.306921	1.452575	-0.377639	0.022950	-1.064327	-0.323292
1.460000	0.304696	1.472950	-0.376817	0.030818	-1.061578	-0.322965
1.480000	0.308162	1.490050	-0.375775	0.038673	-1.056226	-0.322401
1.500000	0.315418	1.502755	-0.374617	0.046408	-1.048732	-0.321601
1.520000	0.324565	1.509947	-0.373453	0.053916	-1.039559	-0.320566
1.540000	0.333702	1.510510	-0.372388	0.061090	-1.029170	-0.319297
1.560000	0.340931	1.503323	-0.371530	0.067822	-1.018027	-0.317796
1.580000	0.344350	1.487270	-0.370985	0.074004	-1.006592	-0.316063
1.600000	0.342060	1.461233	-0.370860	0.079531	-0.995329	-0.314101
1.620000	0.332162	1.424092	-0.371262	0.084293	-0.984699	-0.311910
1.640000	0.312755	1.374730	-0.372298	0.088184	-0.975165	-0.309492
1.660000	0.281939	1.312030	-0.374075	0.091097	-0.967189	-0.306847
1.680000	0.238254	1.235405	-0.376668	0.092959	-0.961115	-0.303986
1.700000	0.181931	1.146317	-0.380028	0.093833	-0.956826	-0.300948
1.720000	0.113605	1.046716	-0.384079	0.093814	-0.954098	-0.297783
1.740000	0.033911	0.938556	-0.388742	0.092997	-0.952702	-0.294537
1.760000	-0.056516	0.823788	-0.393940	0.091478	-0.952415	-0.291260
1.780000	-0.157039	0.704363	-0.399596	0.089351	-0.953009	-0.287999
1.800000	-0.267024	0.582234	-0.405632	0.086711	-0.954259	-0.284802
1.820000	-0.385834	0.459352	-0.411971	0.083654	-0.955939	-0.281718
1.840000	-0.512836	0.337669	-0.418534	0.080275	-0.957823	-0.278795
1.860000	-0.647392	0.219137	-0.425246	0.076668	-0.959685	-0.276081
1.880000	-0.788868	0.105708	-0.432027	0.072930	-0.961299	-0.273623
1.900000	-0.936629	-0.000666	-0.438800	0.069154	-0.962439	-0.271471
1.920000	-1.090038	-0.098035	-0.445489	0.065437	-0.962880	-0.269672
1.940000	-1.248461	-0.184445	-0.452015	0.061873	-0.962394	-0.268274
1.960000	-1.411262	-0.257945	-0.458302	0.058557	-0.960757	-0.267325
1.980000	-1.577805	-0.316583	-0.464270	0.055584	-0.957742	-0.266875
2.000000	-1.747304	-0.358652	-0.469828	0.053044	-0.953163	-0.266965
2.020000	-1.917697	-0.384498	-0.474748	0.050966	-0.947160	-0.267598
2.040000	-2.086285	-0.395499	-0.478737	0.049355	-0.940039	-0.268758
2.060000	-2.250360	-0.393042	-0.481502	0.048212	-0.932107	-0.270426
2.080000	-2.407218	-0.378512	-0.482746	0.047541	-0.923671	-0.272585
2.100000	-2.554154	-0.353293	-0.482178	0.047344	-0.915037	-0.275216
2.120000	-2.688461	-0.318773	-0.479503	0.047623	-0.906514	-0.278302
2.140000	-2.807435	-0.276336	-0.474426	0.048382	-0.898407	-0.281826
2.160000	-2.908370	-0.227369	-0.466655	0.049623	-0.891023	-0.285769
