0.000000	-3.143906	1.338181	0.728039	0.091297	-0.834530	-0.374475
0.020000	-2.842454	1.517722	0.704467	0.095697	-0.810944	-0.393519
0.040000	-2.513827	1.700886	0.676770	0.100073	-0.788354	-0.412536
0.060000	-2.164755	1.883085	0.644552	0.104287	-0.767367	-0.431211
0.080000	-1.801968	2.059729	0.607414	0.108204	-0.748587	-0.449228
0.100000	-1.432196	2.226231	0.564961	0.111684	-0.732618	-0.466274
0.120000	-1.062170	2.378000	0.516794	0.114590	-0.720067	-0.482032
0.140000	-0.698620	2.510450	0.462516	0.116784	-0.711536	-0.496189
0.160000	-0.348276	2.618990	0.401730	0.118129	-0.707632	-0.508428
0.180000	-0.017640	2.699246	0.334086	0.118496	-0.708925	-0.518452
0.200000	0.290521	2.750322	0.260018	0.117908	-0.715403	-0.526211
0.220000	0.576482	2.774157	0.180599	0.116510	-0.726587	-0.531866
0.240000	0.840607	2.772776	0.096921	0.114452	-0.741980	-0.535579
0.260000	1.083261	2.748202	0.010074	0.111881	-0.761088	-0.537517
0.280000	1.304807	2.702457	-0.078850	0.108947	-0.783415	-0.537842
0.300000	1.505610	2.637566	-0.168759	0.105800	-0.808467	-0.536719
0.320000	1.686034	2.555551	-0.258562	0.102587	-0.835748	-0.534313
0.340000	1.846443	2.458435	-0.347168	0.099458	-0.864764	-0.530789
0.360000	1.987201	2.348242	-0.433486	0.096563	-0.895018	-0.526309
0.380000	2.108672	2.226995	-0.516424	0.094049	-0.926015	-0.521040
0.400000	2.211221	2.096718	-0.594891	0.092066	-0.957262	-0.515145
0.420000	2.295212	1.959432	-0.667795	0.090763	-0.988262	-0.508788
0.440000	2.361009	1.817163	-0.734046	0.090289	-1.018520	-0.502135
0.460000	2.408975	1.671932	-0.792551	0.090793	-1.047541	-0.495349
0.480000	2.439476	1.525764	-0.842220	0.092423	-1.074831	-0.488594
0.500000	2.452879	1.380670	-0.881970	0.095327	-1.099896	-0.482035
0.520000	2.449814	1.237991	-0.911333	0.099520	-1.122416	-0.475757
0.540000	2.431324	1.097997	-0.930815	0.104806	-1.142346	-0.469727
0.560000	2.398490	0.960864	-0.941006	0.110970	-1.159664	-0.463899
0.580000	2.352392	0.826768	-0.942499	0.117798	-1.174348	-0.458229
0.600000	2.294110	0.695885	-0.935884	0.125076	-1.186377	-0.452672
0.620000	2.224726	0.568391	-0.921755	0.132591	-1.195728	-0.447181
0.640000	2.145319	0.444460	-0.900701	0.140127	-1.202380	-0.441713
0.660000	2.056970	0.324270	-0.873315	0.147470	-1.206311	-0.436223
0.680000	1.960760	0.207996	-0.840189	0.154407	-1.207500	-0.430664
0.700000	1.857768	0.095813	-0.801914	0.160722	-1.205925	-0.424993
0.720000	1.749076	-0.012103	-0.759082	0.166203	-1.201564	-0.419165
0.740000	1.635764	-0.115575	-0.712285	0.170634	-1.194396	-0.413133
0.760000	1.518912	-0.214428	-0.662113	0.173801	-1.184398	-0.406853
0.780000	1.399601	-0.308487	-0.609159	0.175491	-1.171550	-0.400281
0.800000	1.278912	-0.397575	-0.554015	0.175488	-1.155829	-0.393370
0.820000	1.157913	-0.481525	-0.497278	0.173600	-1.137235	-0.386082
0.840000	1.037552	-0.560284	-0.439643	0.169892	-1.116043	-0.378437
0.860000	0.918690	-0.633870	-0.381863	0.164604	-1.092709	-0.370500
0.880000	0.802185	-0.702306	-0.324695	0.157978	-1.067693	-0.362334
0.900000	0.688899	-0.765613	-0.268893	0.150258	-1.041456	-0.354004
0.920000	0.579692	-0.823812	-0.215215	0.141687	-1.014457	-0.345574
0.940000	0.475422	-0.876925	-0.164416	0.132506	-0.987158	-0.337108
0.960000	0.376950	-0.924974	-0.117252	0.122960	-0.960018	-0.328670
0.980000	0.285136	-0.967981	-0.074478	0.113291	-0.933498	-0.320326
1.000000	0.200840	-1.005966	-0.036852	0.103742	-0.908058	-0.312138
1.020000	0.124922	-1.038951	-0.005128	0.094555	-0.884158	-0.304171
1.040000	0.058240	-1.066959	0.019937	0.085974	-0.862259	-0.296490
1.060000	0.001657	-1.090010	0.037588	0.078242	-0.842820	-0.289158
1.080000	-0.043970	-1.108126	0.047068	0.071601	-0.826303	-0.282240
1.100000	-0.077779	-1.121328	0.047622	0.066294	-0.813168	-0.275800
1.120000	-0.098911	-1.129639	0.038493	0.062564	-0.803874	-0.269902
1.140000	-0.106846	-1.133066	0.019278	0.060589	-0.798748	-0.264599
1.160000	-0.102521	-1.131561	-0.008926	0.060266	-0.797547	-0.259886
1.180000	-0.087262	-1.125060	-0.044618	0.061417	-0.799873	-0.255748
1.200000	-0.062396	-1.113498	-0.086297	0.063864	-0.805327	-0.252168
1.220000	-0.029249	-1.096812	-0.132461	0.067429	-0.813513	-0.249128
1.240000	0.010854	-1.074938	-0.181612	0.071936	-0.824033	-0.246612
1.260000	0.056584	-1.047812	-0.232246	0.077205	-0.836490	-0.244602
1.280000	0.106617	-1.015369	-0.282864	0.083060	-0.850486	-0.243082
1.300000	0.159625	-0.977546	-0.331965	0.089322	-0.865624	-0.242035
1.320000	0.214283	-0.934279	-0.378048	0.095815	-0.881506	-0.241443
1.340000	0.269264	-0.885504	-0.419612	0.102359	-0.897735	-0.241290
1.360000	0.323241	-0.831157	-0.455157	0.108778	-0.913913	-0.241560
1.380000	0.374888	-0.771174	-0.483181	0.114893	-0.929643	-0.242234
1.400000	0.422880	-0.705490	-0.502183	0.120528	-0.944527	-0.243296
1.420000	0.465889	-0.634043	-0.510664	0.125503	-0.958167	-0.244729
1.440000	0.502589	-0.556767	-0.507121	0.129642	-0.970168	-0.246516
1.460000	0.531754	-0.473721	-0.490264	0.132783	-0.980166	-0.248639
1.480000	0.553104	-0.386115	-0.460794	0.134927	-0.988148	-0.251069
1.500000	0.566888	-0.295800	-0.420516	0.136161	-0.994292	-0.253773
1.520000	0.573358	-0.204633	-0.371246	0.136576	-0.998776	-0.256717
1.540000	0.572765	-0.114472	-0.314803	0.136261	-1.001779	-0.259865
1.560000	0.565364	-0.027174	-0.253001	0.135306	-1.003483	-0.263184
1.580000	0.551406	0.055403	-0.187659	0.133799	-1.004065	-0.266640
1.600000	0.531143	0.131404	-0.120593	0.131832	-1.003706	-0.270199
1.620000	0.504829	0.198969	-0.053620	0.129493	-1.002585	-0.273825
1.640000	0.472716	0.256242	0.011444	0.126871	-1.000881	-0.277486
1.660000	0.435057	0.301366	0.072781	0.124058	-0.998773	-0.281146
1.680000	0.392103	0.332483	0.128575	0.121141	-0.996442	-0.284772
1.700000	0.344108	0.347735	0.177008	0.118211	-0.994067	-0.288329
1.720000	0.291325	0.345267	0.216265	0.115358	-0.991826	-0.291784
1.740000	0.234005	0.323219	0.244529	0.112670	-0.989900	-0.295102
1.760000	0.172401	0.279736	0.259981	0.110238	-0.988468	-0.298248
1.780000	0.106498	0.214069	0.261648	0.108125	-0.987651	-0.301192
1.800000	0.035356	0.129292	0.251452	0.106310	-0.987367	-0.303913
1.820000	-0.042161	0.029299	0.231940	0.104751	-0.987489	-0.306392
1.840000	-0.127191	-0.082013	0.205657	0.103407	-0.987893	-0.308610
1.860000	-0.220873	-0.200748	0.175152	0.102237	-0.988454	-0.310549
1.880000	-0.324343	-0.323012	0.142969	0.101199	-0.989045	-0.312191
1.900000	-0.438740	-0.444908	0.111656	0.100253	-0.989541	-0.313516
1.920000	-0.565200	-0.562540	0.083759	0.099357	-0.989816	-0.314507
1.940000	-0.704862	-0.672014	0.061825	0.098471	-0.989746	-0.315143
1.960000	-0.858863	-0.769433	0.048401	0.097552	-0.989204	-0.315408
1.980000	-1.028341	-0.850901	0.046032	0.096561	-0.988065	-0.315281
2.000000	-1.214434	-0.912524	0.057266	0.095455	-0.986204	-0.314746
2.020000	-1.418278	-0.950405	0.084648	0.094194	-0.983495	-0.313782
2.040000	-1.641012	-0.960649	0.130726	0.092736	-0.979812	-0.312371
2.060000	-1.883773	-0.939361	0.198047	0.091040	-0.975030	-0.310496
2.080000	-2.147631	-0.882723	0.289094	0.089066	-0.969026	-0.308138
2.100000	-2.430565	-0.790529	0.403589	0.086795	-0.961808	-0.305354
2.120000	-2.726290	-0.667551	0.537434	0.084241	-0.953566	-0.302304
2.140000	-3.028204	-0.518932	0.686249	0.081419	-0.944500	-0.299155
2.160000	-3.329709	-0.349812	0.845654	0.078345	-0.934813	-0.296072
2.180000	-3.624202	-0.165330	1.011271	0.075034	-0.924706	-0.293222
2.200000	-3.905085	0.029371	1.178720	0.071502	-0.914382	-0.290772
2.220000	-4.165757	0.229153	1.343622	0.067765	-0.904041	-0.288887
2.240000	-4.399619	0.428873	1.501598	0.063837	-0.893887	-0.287736
2.260000	-4.600070	0.623393	1.648268	0.059734	-0.884121	-0.287484
2.280000	-4.760509	0.807570	1.779254	0.055472	-0.874944	-0.288297
2.300000	-4.874337	0.976265	1.890177	0.051066	-0.866559	-0.290342
2.320000	-4.934954	1.124338	1.976656	0.046532	-0.859167	-0.293786
2.340000	-4.935760	1.246647	2.034313	0.041886	-0.852970	-0.298795
