0.000000	-1.418700	0.641652	1.137814	-0.316906	-0.940615	-0.380227
0.020000	-1.439991	0.515742	1.120966	-0.330862	-0.946326	-0.381286
0.040000	-1.412946	0.413423	1.084607	-0.342152	-0.953505	-0.381114
0.060000	-1.333408	0.337925	1.027720	-0.350497	-0.962246	-0.379728
0.080000	-1.207919	0.288565	0.953122	-0.356085	-0.972388	-0.377315
0.100000	-1.045804	0.263646	0.864630	-0.359224	-0.983701	-0.374109
0.120000	-0.856389	0.261468	0.766058	-0.360223	-0.995955	-0.370344
0.140000	-0.649001	0.280332	0.661223	-0.359389	-1.008921	-0.366254
0.160000	-0.432965	0.318539	0.553942	-0.357030	-1.022370	-0.362072
0.180000	-0.217606	0.374391	0.448030	-0.353454	-1.036071	-0.358033
0.200000	-0.012252	0.446188	0.347303	-0.348970	-1.049795	-0.354370
0.220000	0.173773	0.532232	0.255577	-0.343885	-1.063313	-0.351316
0.240000	0.331142	0.630823	0.176668	-0.338508	-1.076395	-0.349107
0.260000	0.450530	0.740262	0.114392	-0.333147	-1.088812	-0.347976
0.280000	0.522611	0.858851	0.072566	-0.328110	-1.100335	-0.348156
0.300000	0.538058	0.984891	0.055005	-0.323704	-1.110733	-0.349881
0.320000	0.487545	1.116682	0.065525	-0.320239	-1.119777	-0.353385
0.340000	0.361748	1.252526	0.107943	-0.318021	-1.127237	-0.358903
0.360000	0.154050	1.390609	0.184963	-0.317301	-1.132926	-0.366601
0.380000	-0.127211	1.528488	0.293164	-0.318008	-1.136879	-0.376282
0.400000	-0.468565	1.663501	0.427020	-0.319959	-1.139211	-0.387626
0.420000	-0.856537	1.792988	0.581005	-0.322972	-1.140035	-0.400311
0.440000	-1.277653	1.914288	0.749591	-0.326865	-1.139466	-0.414013
0.460000	-1.718438	2.024740	0.927252	-0.331457	-1.137617	-0.428412
0.480000	-2.165419	2.121683	1.108461	-0.336564	-1.134603	-0.443186
0.500000	-2.605120	2.202457	1.287690	-0.342006	-1.130537	-0.458012
0.520000	-3.024068	2.264400	1.459414	-0.347600	-1.125533	-0.472569
0.540000	-3.408788	2.304853	1.618105	-0.353164	-1.119706	-0.486535
0.560000	-3.745805	2.321154	1.758236	-0.358516	-1.113169	-0.499588
0.580000	-4.021646	2.310641	1.874281	-0.363474	-1.106037	-0.511406
0.600000	-4.222836	2.270656	1.960712	-0.367855	-1.098423	-0.521667
0.620000	-4.335900	2.198536	2.012002	-0.371479	-1.090442	-0.530049
0.640000	-4.347364	2.091621	2.022625	-0.374163	-1.082207	-0.536230
0.660000	-4.243754	1.947250	1.987054	-0.375724	-1.073832	-0.539889
0.680000	-4.012815	1.763174	1.900235	-0.375992	-1.065426	-0.540729
0.700000	-3.657968	1.542441	1.763191	-0.374938	-1.057016	-0.538790
0.720000	-3.193506	1.291771	1.581162	-0.372629	-1.048574	-0.534343
0.740000	-2.633943	1.017960	1.359472	-0.369137	-1.040071	-0.527662
0.760000	-1.993790	0.727801	1.103446	-0.364532	-1.031480	-0.519025
0.780000	-1.287560	0.428091	0.818407	-0.358885	-1.022771	-0.508707
0.800000	-0.529766	0.125623	0.509681	-0.352267	-1.013915	-0.496984
0.820000	0.265080	-0.172808	0.182591	-0.344748	-1.004884	-0.484131
0.840000	1.082466	-0.460406	-0.157539	-0.336398	-0.995649	-0.470424
0.860000	1.907878	-0.730378	-0.505384	-0.327289	-0.986181	-0.456140
0.880000	2.726805	-0.975928	-0.855619	-0.317491	-0.976452	-0.441553
0.900000	3.524734	-1.190261	-1.202922	-0.307075	-0.966433	-0.426940
0.920000	4.287152	-1.366584	-1.541966	-0.296111	-0.956095	-0.412577
0.940000	4.999548	-1.498100	-1.867429	-0.284669	-0.945409	-0.398738
0.960000	5.647407	-1.578016	-2.173986	-0.272822	-0.934348	-0.385701
0.980000	6.216714	-1.599914	-2.456446	-0.260638	-0.922886	-0.373730
1.000000	6.702684	-1.564423	-2.712102	-0.248170	-0.911098	-0.362890
1.020000	7.108713	-1.478413	-2.940451	-0.235458	-0.899142	-0.353072
1.040000	7.438478	-1.348969	-3.141063	-0.222541	-0.887181	-0.344156
1.060000	7.695658	-1.183177	-3.313510	-0.209456	-0.875377	-0.336027
1.080000	7.883929	-0.988122	-3.457362	-0.196242	-0.863892	-0.328567
1.100000	8.006971	-0.770889	-3.572192	-0.182937	-0.852889	-0.321659
1.120000	8.068461	-0.538564	-3.657571	-0.169581	-0.842528	-0.315186
1.140000	8.072076	-0.298233	-3.713070	-0.156211	-0.832973	-0.309031
1.160000	8.021496	-0.056980	-3.738259	-0.142866	-0.824385	-0.303076
1.180000	7.920397	0.178108	-3.732712	-0.129585	-0.816927	-0.297204
1.200000	7.772458	0.399947	-3.695998	-0.116405	-0.810761	-0.291298
1.220000	7.581357	0.601450	-3.627689	-0.103365	-0.806048	-0.285241
1.240000	7.350771	0.775533	-3.527357	-0.090505	-0.802952	-0.278916
1.260000	7.084379	0.915110	-3.394572	-0.077861	-0.801633	-0.272205
1.280000	6.785857	1.013095	-3.228906	-0.065474	-0.802255	-0.264992
1.300000	6.458884	1.062459	-3.029953	-0.053380	-0.804977	-0.257160
1.320000	6.107040	1.060685	-2.799082	-0.041636	-0.809833	-0.248665
1.340000	5.733741	1.013071	-2.540742	-0.030321	-0.816632	-0.239587
1.360000	5.342386	0.925688	-2.259684	-0.019520	-0.825162	-0.230020
1.380000	4.936373	0.804608	-1.960663	-0.009318	-0.835212	-0.220056
1.400000	4.519104	0.655906	-1.648431	0.000202	-0.846569	-0.209788
1.420000	4.093975	0.485652	-1.327740	0.008956	-0.859023	-0.199309
1.440000	3.664388	0.299920	-1.003345	0.016859	-0.872361	-0.188713
1.460000	3.233740	0.104782	-0.679997	0.023828	-0.886372	-0.178092
1.480000	2.805431	-0.093689	-0.362450	0.029778	-0.900843	-0.167538
1.500000	2.382861	-0.289422	-0.055457	0.034625	-0.915563	-0.157146
1.520000	1.969428	-0.476342	0.236230	0.038286	-0.930320	-0.147008
1.540000	1.568532	-0.648379	0.507857	0.040676	-0.944903	-0.137217
1.560000	1.183571	-0.799459	0.754672	0.041710	-0.959099	-0.127865
1.580000	0.817946	-0.923509	0.971922	0.041306	-0.972696	-0.119046
1.600000	0.474790	-1.015182	1.155410	0.039397	-0.985497	-0.110845
1.620000	0.155150	-1.074841	1.305332	0.036060	-0.997410	-0.103282
1.640000	-0.140915	-1.105553	1.423963	0.031443	-1.008391	-0.096345
1.660000	-0.413354	-1.110404	1.513591	0.025690	-1.018401	-0.090025
1.680000	-0.662116	-1.092478	1.576504	0.018949	-1.027396	-0.084310
1.700000	-0.887147	-1.054860	1.614991	0.011365	-1.035337	-0.079190
1.720000	-1.088396	-1.000635	1.631339	0.003086	-1.042181	-0.074653
1.740000	-1.265812	-0.932888	1.627837	-0.005744	-1.047887	-0.070690
1.760000	-1.419342	-0.854703	1.606773	-0.014977	-1.052412	-0.067289
1.780000	-1.548934	-0.769166	1.570434	-0.024467	-1.055717	-0.064439
1.800000	-1.654537	-0.679361	1.521109	-0.034069	-1.057759	-0.062131
1.820000	-1.736099	-0.588374	1.461085	-0.043635	-1.058496	-0.060352
1.840000	-1.793567	-0.499288	1.392652	-0.053019	-1.057888	-0.059092
1.860000	-1.826890	-0.415189	1.318096	-0.062076	-1.055892	-0.058341
1.880000	-1.836016	-0.339161	1.239707	-0.070658	-1.052467	-0.058087
1.900000	-1.820893	-0.274290	1.159771	-0.078620	-1.047572	-0.058321
1.920000	-1.781469	-0.223659	1.080578	-0.085815	-1.041164	-0.059030
1.940000	-1.718237	-0.189702	1.004210	-0.092126	-1.033236	-0.060204
1.960000	-1.634263	-0.171773	0.931786	-0.097566	-1.023936	-0.061827
1.980000	-1.533364	-0.168323	0.864141	-0.102192	-1.013455	-0.063884
2.000000	-1.419362	-0.177802	0.802109	-0.106057	-1.001987	-0.066359
2.020000	-1.296076	-0.198660	0.746525	-0.109215	-0.989726	-0.069235
2.040000	-1.167326	-0.229349	0.698225	-0.111722	-0.976864	-0.072496
2.060000	-1.036932	-0.268318	0.658042	-0.113630	-0.963595	-0.076127
2.080000	-0.908714	-0.314018	0.626811	-0.114995	-0.950112	-0.080111
2.100000	-0.786491	-0.364900	0.605368	-0.115871	-0.936607	-0.084433
2.120000	-0.674084	-0.419413	0.594546	-0.116313	-0.923275	-0.089077
2.140000	-0.575313	-0.476008	0.595181	-0.116374	-0.910308	-0.094025
2.160000	-0.493996	-0.533136	0.608108	-0.116109	-0.897900	-0.099263
2.180000	-0.433955	-0.589246	0.634160	-0.115573	-0.886243	-0.104775
2.200000	-0.399009	-0.642790	0.674173	-0.114819	-0.875530	-0.110544
2.220000	-0.392978	-0.692218	0.728982	-0.113903	-0.865956	-0.116554
2.240000	-0.419682	-0.735979	0.799421	-0.112878	-0.857712	-0.122790
2.260000	-0.482464	-0.772652	0.886127	-0.111801	-0.850977	-0.129237
2.280000	-0.579604	-0.802159	0.987631	-0.110747	-0.845748	-0.135905
2.300000	-0.706326	-0.825235	1.101194	-0.109802	-0.841918	-0.142818
2.320000	-0.857812	-0.842626	1.224058	-0.109055	-0.839379	-0.150000
2.340000	-1.029242	-0.855080	1.353467	-0.108590	-0.838021	-0.157474
2.360000	-1.215799	-0.863341	1.486663	-0.108496	-0.837735	-0.165264
2.380000	-1.412664	-0.868158	1.620890	-0.108859	-0.838412	-0.173394
2.400000	-1.615018	-0.870275	1.753390	-0.109767	-0.839944	-0.181888
2.420000	-1.818043	-0.870440	1.881407	-0.111306	-0.842221	-0.190770
2.440000	-2.016921	-0.869399	2.002184	-0.113562	-0.845134	-0.200063
2.460000	-2.206832	-0.867898	2.112963	-0.116624	-0.848574	-0.209792
2.480000	-2.382959	-0.866684	2.210987	-0.120577	-0.852432	-0.219980
2.500000	-2.540483	-0.866502	2.293500	-0.125510	-0.856600	-0.230651
2.520000	-2.674585	-0.868100	2.357745	-0.131508	-0.860967	-0.241829
2.540000	-2.780448	-0.872224	2.400963	-0.138658	-0.865426	-0.253537
2.560000	-2.853252	-0.879620	2.420399	-0.147048	-0.869866	-0.265800
2.580000	-2.888296	-0.891008	2.413370	-0.156760	-0.874181	-0.278639
2.600000	-2.884577	-0.906306	2.379516	-0.167724	-0.878304	-0.291975
2.620000	-2.845439	-0.924483	2.321216	-0.179692	-0.882219	-0.305615
2.640000	-2.774478	-0.944453	2.241002	-0.192406	-0.885913	-0.319358
2.660000	-2.675289	-0.965133	2.141410	-0.205608	-0.889370	-0.333006
