0.000000	-4.060276	0.355864	2.145581	-0.265311	-0.912575	-0.096104
0.020000	-3.850588	0.412145	1.994363	-0.277376	-0.926332	-0.100315
0.040000	-3.629537	0.466023	1.828275	-0.288835	-0.939451	-0.104773
0.060000	-3.399638	0.516259	1.647708	-0.299556	-0.951693	-0.109571
0.080000	-3.163405	0.561615	1.453053	-0.309406	-0.962823	-0.114805
0.100000	-2.923352	0.600850	1.244701	-0.318251	-0.972604	-0.120571
0.120000	-2.681882	0.632815	1.023258	-0.325972	-0.980824	-0.126951
0.140000	-2.440319	0.657204	0.791427	-0.332598	-0.987533	-0.133925
0.160000	-2.199378	0.674193	0.553090	-0.338237	-0.992926	-0.141416
0.180000	-1.959767	0.683962	0.312145	-0.343001	-0.997198	-0.149341
0.200000	-1.722193	0.686693	0.072489	-0.347001	-1.000547	-0.157623
0.220000	-1.487364	0.682565	-0.161982	-0.350347	-1.003167	-0.166180
0.240000	-1.255988	0.671759	-0.387370	-0.353150	-1.005257	-0.174934
0.260000	-1.028772	0.654455	-0.599778	-0.355521	-1.007011	-0.183804
0.280000	-0.806425	0.630835	-0.795310	-0.357571	-1.008627	-0.192710
0.300000	-0.589654	0.601078	-0.970068	-0.359410	-1.010301	-0.201573
0.320000	-0.379167	0.565365	-1.120156	-0.361150	-1.012229	-0.210313
0.340000	-0.175672	0.523876	-1.241676	-0.362901	-1.014607	-0.218850
0.360000	0.020124	0.476792	-1.330731	-0.364773	-1.017632	-0.227104
0.380000	0.207513	0.424293	-1.383425	-0.366879	-1.021500	-0.234996
0.400000	0.385786	0.366561	-1.395860	-0.369328	-1.026408	-0.242444
0.420000	0.554231	0.303825	-1.364519	-0.372223	-1.032536	-0.249373
0.440000	0.712058	0.236998	-1.291058	-0.375557	-1.039868	-0.255729
0.460000	0.858425	0.167487	-1.180873	-0.379242	-1.048239	-0.261479
0.480000	0.992484	0.096710	-1.039447	-0.383189	-1.057483	-0.266591
0.500000	1.113392	0.026084	-0.872262	-0.387309	-1.067433	-0.271031
0.520000	1.220304	-0.042972	-0.684797	-0.391512	-1.077924	-0.274768
0.540000	1.312373	-0.109042	-0.482536	-0.395710	-1.088789	-0.277767
0.560000	1.388756	-0.170707	-0.270959	-0.399814	-1.099862	-0.279996
0.580000	1.448606	-0.226550	-0.055547	-0.403733	-1.110976	-0.281422
0.600000	1.491080	-0.275154	0.158217	-0.407379	-1.121965	-0.282012
0.620000	1.515331	-0.315099	0.364853	-0.410663	-1.132662	-0.281734
0.640000	1.520515	-0.344970	0.558880	-0.413496	-1.142901	-0.280555
0.660000	1.505787	-0.363348	0.734815	-0.415788	-1.152516	-0.278441
0.680000	1.470301	-0.368815	0.887177	-0.417449	-1.161340	-0.275361
0.700000	1.413213	-0.359954	1.010485	-0.418392	-1.169206	-0.271280
0.720000	1.333676	-0.335347	1.099258	-0.418527	-1.175950	-0.266166
0.740000	1.230847	-0.293577	1.148015	-0.417764	-1.181403	-0.259987
0.760000	1.104239	-0.233637	1.152124	-0.416026	-1.185413	-0.252724
0.780000	0.956117	-0.157673	1.113473	-0.413322	-1.187918	-0.244465
0.800000	0.790013	-0.069284	1.036959	-0.409701	-1.188904	-0.235348
0.820000	0.609471	0.027919	0.927495	-0.405211	-1.188354	-0.225514
0.840000	0.418030	0.130329	0.789997	-0.399903	-1.186252	-0.215101
0.860000	0.219232	0.234336	0.629377	-0.393827	-1.182582	-0.204247
0.880000	0.016618	0.336331	0.450550	-0.387030	-1.177328	-0.193093
0.900000	-0.186270	0.432707	0.258428	-0.379562	-1.170475	-0.181775
0.920000	-0.385892	0.519853	0.057927	-0.371474	-1.162005	-0.170434
0.940000	-0.578706	0.594162	-0.146040	-0.362814	-1.151904	-0.159209
0.960000	-0.761171	0.652024	-0.348560	-0.353631	-1.140156	-0.148237
0.980000	-0.929745	0.689830	-0.544718	-0.343975	-1.126743	-0.137659
1.000000	-1.080888	0.703973	-0.729601	-0.333895	-1.111651	-0.127613
1.020000	-1.211059	0.690843	-0.898295	-0.323441	-1.094863	-0.118238
1.040000	-1.316715	0.646831	-1.045885	-0.312661	-1.076364	-0.109672
1.060000	-1.394317	0.568328	-1.167459	-0.301606	-1.056138	-0.102056
1.080000	-1.440471	0.451969	-1.258307	-0.290324	-1.034177	-0.095519
1.100000	-1.454702	0.299135	-1.317725	-0.278864	-1.010661	-0.090044
1.120000	-1.439197	0.115543	-1.348666	-0.267274	-0.985939	-0.085475
1.140000	-1.396239	-0.092934	-1.354216	-0.255601	-0.960365	-0.081652
1.160000	-1.328112	-0.320420	-1.337460	-0.243894	-0.934293	-0.078414
1.180000	-1.237100	-0.561041	-1.301484	-0.232199	-0.908078	-0.075603
1.200000	-1.125487	-0.808923	-1.249375	-0.220566	-0.882075	-0.073057
1.220000	-0.995556	-1.058190	-1.184219	-0.209041	-0.856639	-0.070616
1.240000	-0.849592	-1.302970	-1.109101	-0.197672	-0.832123	-0.068120
1.260000	-0.689877	-1.537386	-1.027108	-0.186508	-0.808882	-0.065408
1.280000	-0.518696	-1.755565	-0.941325	-0.175595	-0.787272	-0.062322
1.300000	-0.338332	-1.951632	-0.854839	-0.164982	-0.767646	-0.058699
1.320000	-0.151070	-2.119712	-0.770735	-0.154717	-0.750360	-0.054381
1.340000	0.040807	-2.253932	-0.692099	-0.144847	-0.735767	-0.049207
1.360000	0.235015	-2.348416	-0.622018	-0.135419	-0.724222	-0.043016
1.380000	0.429285	-2.397437	-0.563515	-0.126482	-0.716071	-0.035654
1.400000	0.621774	-2.399779	-0.517727	-0.118067	-0.711379	-0.027103
1.420000	0.811137	-2.359469	-0.483590	-0.110186	-0.709884	-0.017507
1.440000	0.996058	-2.280832	-0.459920	-0.102852	-0.711306	-0.007019
1.460000	1.175219	-2.168191	-0.445532	-0.096077	-0.715367	0.004205
1.480000	1.347305	-2.025870	-0.439239	-0.089872	-0.721785	0.016015
1.500000	1.510998	-1.858193	-0.439856	-0.084250	-0.730282	0.028255
1.520000	1.664981	-1.669483	-0.446199	-0.079223	-0.740578	0.040772
1.540000	1.807937	-1.464064	-0.457081	-0.074802	-0.752392	0.053413
1.560000	1.938551	-1.246260	-0.471316	-0.071000	-0.765446	0.066025
1.580000	2.055504	-1.020394	-0.487721	-0.067829	-0.779459	0.078454
1.600000	2.157480	-0.790791	-0.505108	-0.065300	-0.794153	0.090547
1.620000	2.243163	-0.561773	-0.522294	-0.063426	-0.809246	0.102150
1.640000	2.311235	-0.337665	-0.538092	-0.062219	-0.824460	0.113109
1.660000	2.360380	-0.122790	-0.551316	-0.061690	-0.839514	0.123272
1.680000	2.389280	0.078528	-0.560782	-0.061852	-0.854129	0.132485
1.700000	2.396623	0.261971	-0.565306	-0.062717	-0.868026	0.140595
1.720000	2.381792	0.424571	-0.564127	-0.064274	-0.881012	0.147519
1.740000	2.345786	0.566477	-0.557464	-0.066464	-0.893091	0.153335
1.760000	2.289828	0.688274	-0.545671	-0.069218	-0.904297	0.158144
1.780000	2.215141	0.790550	-0.529104	-0.072469	-0.914663	0.162049
1.800000	2.122951	0.873888	-0.508116	-0.076151	-0.924223	0.165150
1.820000	2.014480	0.938876	-0.483062	-0.080195	-0.933010	0.167550
1.840000	1.890952	0.986100	-0.454299	-0.084534	-0.941056	0.169348
1.860000	1.753592	1.016145	-0.422180	-0.089100	-0.948396	0.170646
1.880000	1.603624	1.029597	-0.387061	-0.093827	-0.955063	0.171547
1.900000	1.442270	1.027042	-0.349295	-0.098646	-0.961089	0.172151
1.920000	1.270755	1.009067	-0.309239	-0.103490	-0.966508	0.172559
1.940000	1.090303	0.976257	-0.267247	-0.108292	-0.971354	0.172873
1.960000	0.902137	0.929198	-0.223674	-0.112985	-0.975659	0.173195
1.980000	0.707482	0.868476	-0.178874	-0.117500	-0.979457	0.173625
2.000000	0.507561	0.794677	-0.133203	-0.121770	-0.982781	0.174265
2.020000	0.303599	0.708387	-0.087016	-0.125729	-0.985665	0.175217
2.040000	0.096756	0.610528	-0.040517	-0.129316	-0.988128	0.176540
2.060000	-0.112107	0.503661	0.006816	-0.132509	-0.990125	0.178097
2.080000	-0.322223	0.390843	0.055728	-0.135298	-0.991592	0.179687
2.100000	-0.532824	0.275134	0.106965	-0.137674	-0.992463	0.181112
2.120000	-0.743144	0.159593	0.161272	-0.139625	-0.992675	0.182172
2.140000	-0.952415	0.047278	0.219393	-0.141142	-0.992163	0.182667
2.160000	-1.159869	-0.058752	0.282074	-0.142214	-0.990861	0.182399
2.180000	-1.364738	-0.155437	0.350059	-0.142831	-0.988705	0.181168
2.200000	-1.566256	-0.239720	0.424095	-0.142984	-0.985630	0.178775
2.220000	-1.763655	-0.308542	0.504925	-0.142661	-0.981572	0.175019
2.240000	-1.956167	-0.358843	0.593295	-0.141852	-0.976466	0.169703
2.260000	-2.143025	-0.387565	0.689949	-0.140547	-0.970247	0.162626
2.280000	-2.323461	-0.391649	0.795634	-0.138737	-0.962851	0.153590
2.300000	-2.496709	-0.368036	0.911094	-0.136410	-0.954212	0.142395
2.320000	-2.662000	-0.313668	1.037074	-0.133557	-0.944266	0.128841
2.340000	-2.818568	-0.225508	1.174308	-0.130168	-0.932949	0.112730
2.360000	-2.965770	-0.102999	1.322365	-0.126282	-0.920307	0.094046
2.380000	-3.103193	0.049738	1.478614	-0.122035	-0.906590	0.073108
2.400000	-3.230451	0.228068	1.640181	-0.117571	-0.892073	0.050273
2.420000	-3.347156	0.427354	1.804193	-0.113036	-0.877028	0.025901
2.440000	-3.452922	0.642957	1.967774	-0.108573	-0.861729	0.000350
2.460000	-3.547362	0.870242	2.128051	-0.104328	-0.846451	-0.026024
2.480000	-3.630090	1.104570	2.282149	-0.100446	-0.831466	-0.052862
2.500000	-3.700718	1.341306	2.427195	-0.097071	-0.817049	-0.079805
2.520000	-3.758860	1.575811	2.560314	-0.094349	-0.803472	-0.106496
2.540000	-3.804129	1.803449	2.678632	-0.092423	-0.791010	-0.132577
2.560000	-3.836138	2.019583	2.779275	-0.091440	-0.779937	-0.157690
2.580000	-3.854501	2.219576	2.859369	-0.091544	-0.770526	-0.181476
2.600000	-3.858830	2.398790	2.916039	-0.092880	-0.763050	-0.203578
2.620000	-3.848740	2.552589	2.946412	-0.095592	-0.757783	-0.223638
2.640000	-3.823842	2.676335	2.947613	-0.099826	-0.755000	-0.241298
2.660000	-3.783784	2.765624	2.916990	-0.105715	-0.754955	-0.256219
2.680000	-3.728725	2.819719	2.855378	-0.113216	-0.757639	-0.268374
2.700000	-3.659233	2.840801	2.766389	-0.122146	-0.762825	-0.277981
2.720000	-3.575889	2.831129	2.653711	-0.132316	-0.770282	-0.285265
2.740000	-3.479272	2.792966	2.521033	-0.143540	-0.779779	-0.290452
2.760000	-3.369962	2.728572	2.372043	-0.155629	-0.791083	-0.293768
2.780000	-3.248540	2.640210	2.210430	-0.168397	-0.803965	-0.295437
2.800000	-3.115585	2.530141	2.039882	-0.181656	-0.818192	-0.295687
2.820000	-2.971677	2.400625	1.864088	-0.195217	-0.833534	-0.294741
2.840000	-2.817397	2.253924	1.686736	-0.208894	-0.849758	-0.292826
2.860000	-2.653324	2.092299	1.511515	-0.222499	-0.866634	-0.290167
2.880000	-2.480038	1.918012	1.342114	-0.235845	-0.883930	-0.286990
