0.000000	-1.100354	0.283364	-0.168330	-0.064212	-0.929477	0.221637
0.020000	-1.105190	0.279352	-0.160893	-0.064330	-0.929960	0.220482
0.040000	-1.107165	0.273598	-0.151748	-0.064511	-0.930402	0.219489
0.060000	-1.106392	0.265905	-0.140957	-0.064776	-0.930774	0.218696
0.080000	-1.102981	0.256074	-0.128578	-0.065147	-0.931050	0.218140
0.100000	-1.097044	0.243906	-0.114674	-0.065645	-0.931204	0.217858
0.120000	-1.088692	0.229205	-0.099305	-0.066291	-0.931209	0.217886
0.140000	-1.078028	0.211783	-0.082538	-0.067103	-0.931039	0.218261
0.160000	-1.065014	0.191678	-0.064566	-0.068080	-0.930698	0.218968
0.180000	-1.049479	0.169136	-0.045699	-0.069197	-0.930214	0.219955
0.200000	-1.031247	0.144411	-0.026250	-0.070426	-0.929619	0.221163
0.220000	-1.010143	0.117758	-0.006535	-0.071744	-0.928942	0.222537
0.240000	-0.985991	0.089431	0.013134	-0.073123	-0.928214	0.224020
0.260000	-0.958615	0.059682	0.032443	-0.074539	-0.927466	0.225556
0.280000	-0.927839	0.028767	0.051076	-0.075966	-0.926727	0.227087
0.300000	-0.893487	-0.003062	0.068721	-0.077377	-0.926028	0.228557
0.320000	-0.855385	-0.035549	0.085063	-0.078747	-0.925399	0.229910
0.340000	-0.813356	-0.068441	0.099788	-0.080051	-0.924871	0.231089
0.360000	-0.767224	-0.101485	0.112582	-0.081263	-0.924475	0.232038
0.380000	-0.716814	-0.134425	0.123132	-0.082357	-0.924240	0.232700
0.400000	-0.661949	-0.167009	0.131123	-0.083307	-0.924196	0.233018
0.420000	-0.602455	-0.198981	0.136241	-0.084088	-0.924375	0.232935
0.440000	-0.538155	-0.230089	0.138172	-0.084673	-0.924806	0.232396
0.460000	-0.468880	-0.260078	0.136605	-0.085038	-0.925520	0.231344
0.480000	-0.394957	-0.288680	0.131476	-0.085174	-0.926523	0.229768
0.500000	-0.317617	-0.315600	0.123169	-0.085102	-0.927775	0.227739
0.520000	-0.238184	-0.340540	0.112114	-0.084847	-0.929233	0.225334
0.540000	-0.157983	-0.363204	0.098744	-0.084435	-0.930855	0.222634
0.560000	-0.078338	-0.383293	0.083487	-0.083889	-0.932596	0.219717
0.580000	-0.000575	-0.400512	0.066775	-0.083235	-0.934415	0.216661
0.600000	0.073982	-0.414561	0.049038	-0.082497	-0.936267	0.213547
0.620000	0.144009	-0.425145	0.030708	-0.081701	-0.938109	0.210451
0.640000	0.208181	-0.431966	0.012214	-0.080871	-0.939898	0.207454
0.660000	0.265173	-0.434725	-0.006011	-0.080032	-0.941591	0.204634
0.680000	0.313661	-0.433127	-0.023539	-0.079210	-0.943144	0.202071
0.700000	0.352320	-0.426874	-0.039937	-0.078428	-0.944515	0.199842
0.720000	0.379825	-0.415668	-0.054775	-0.077712	-0.945660	0.198027
0.740000	0.394852	-0.399212	-0.067623	-0.077086	-0.946536	0.196704
0.760000	0.396080	-0.377210	-0.078050	-0.076576	-0.947100	0.195953
0.780000	0.382963	-0.349651	-0.085842	-0.076196	-0.947327	0.195812
0.800000	0.356777	-0.317187	-0.091285	-0.075935	-0.947241	0.196224
0.820000	0.319055	-0.280568	-0.094738	-0.075780	-0.946870	0.197120
0.840000	0.271330	-0.240543	-0.096559	-0.075717	-0.946242	0.198430
0.860000	0.215136	-0.197860	-0.097106	-0.075733	-0.945386	0.200085
0.880000	0.152004	-0.153267	-0.096737	-0.075815	-0.944331	0.202015
0.900000	0.083470	-0.107514	-0.095812	-0.075947	-0.943106	0.204150
0.920000	0.011065	-0.061348	-0.094687	-0.076117	-0.941738	0.206422
0.940000	-0.063676	-0.015519	-0.093723	-0.076312	-0.940257	0.208760
0.960000	-0.139221	0.029225	-0.093276	-0.076517	-0.938691	0.211095
0.980000	-0.214037	0.072135	-0.093705	-0.076719	-0.937070	0.213357
1.000000	-0.286589	0.112462	-0.095370	-0.076904	-0.935420	0.215476
1.020000	-0.355346	0.149459	-0.098627	-0.077059	-0.933772	0.217384
1.040000	-0.418773	0.182375	-0.103835	-0.077170	-0.932154	0.219010
1.060000	-0.475338	0.210464	-0.111353	-0.077223	-0.930594	0.220285
1.080000	-0.523507	0.232975	-0.121539	-0.077205	-0.929121	0.221139
1.100000	-0.561763	0.249173	-0.134745	-0.077102	-0.927764	0.221503
1.120000	-0.589404	0.258918	-0.151023	-0.076911	-0.926543	0.221362
1.140000	-0.606946	0.262964	-0.169974	-0.076642	-0.925469	0.220773
1.160000	-0.615000	0.262137	-0.191163	-0.076308	-0.924551	0.219802
1.180000	-0.614180	0.257263	-0.214155	-0.075921	-0.923799	0.218515
1.200000	-0.605099	0.249168	-0.238517	-0.075492	-0.923221	0.216976
1.220000	-0.588369	0.238677	-0.263812	-0.075034	-0.922827	0.215253
1.240000	-0.564603	0.226616	-0.289607	-0.074558	-0.922626	0.213409
1.260000	-0.534415	0.213811	-0.315466	-0.074077	-0.922628	0.211511
1.280000	-0.498416	0.201087	-0.340956	-0.073603	-0.922841	0.209624
1.300000	-0.457220	0.189271	-0.365640	-0.073147	-0.923275	0.207813
1.320000	-0.411440	0.179187	-0.389085	-0.072723	-0.923940	0.206144
1.340000	-0.361688	0.171663	-0.410856	-0.072341	-0.924843	0.204682
1.360000	-0.308578	0.167522	-0.430518	-0.072014	-0.925996	0.203494
1.380000	-0.252721	0.167592	-0.447636	-0.071754	-0.927407	0.202643
1.400000	-0.194732	0.172698	-0.461776	-0.071573	-0.929085	0.202196
1.420000	-0.135245	0.183556	-0.472533	-0.071482	-0.931036	0.202212
1.440000	-0.075160	0.199650	-0.479843	-0.071480	-0.933235	0.202687
1.460000	-0.015539	0.219688	-0.483856	-0.071560	-0.935635	0.203573
1.480000	0.042553	0.242365	-0.484727	-0.071714	-0.938189	0.204826
1.500000	0.098049	0.266376	-0.482609	-0.071933	-0.940850	0.206396
1.520000	0.149884	0.290418	-0.477655	-0.072210	-0.943571	0.208239
1.540000	0.196993	0.313186	-0.470019	-0.072537	-0.946305	0.210308
1.560000	0.238310	0.333375	-0.459855	-0.072906	-0.949005	0.212555
1.580000	0.272769	0.349681	-0.447317	-0.073309	-0.951625	0.214934
1.600000	0.299305	0.360800	-0.432558	-0.073737	-0.954116	0.217398
1.620000	0.316852	0.365427	-0.415733	-0.074184	-0.956434	0.219901
1.640000	0.324345	0.362258	-0.396993	-0.074641	-0.958529	0.222396
1.660000	0.320717	0.349988	-0.376495	-0.075101	-0.960357	0.224836
1.680000	0.304905	0.327313	-0.354390	-0.075554	-0.961868	0.227175
1.700000	0.275841	0.292929	-0.330833	-0.075994	-0.963018	0.229365
1.720000	0.232558	0.245632	-0.305980	-0.076413	-0.963760	0.231363
1.740000	0.175650	0.185833	-0.280038	-0.076802	-0.964095	0.233156
1.760000	0.106970	0.115244	-0.253250	-0.077156	-0.964055	0.234758
1.780000	0.028409	0.035617	-0.225864	-0.077466	-0.963675	0.236183
1.800000	-0.058147	-0.051301	-0.198126	-0.077726	-0.962988	0.237446
1.820000	-0.150807	-0.143759	-0.170282	-0.077930	-0.962029	0.238561
1.840000	-0.247682	-0.240009	-0.142578	-0.078069	-0.960832	0.239544
1.860000	-0.346885	-0.338300	-0.115260	-0.078138	-0.959431	0.240408
1.880000	-0.446524	-0.436883	-0.088574	-0.078128	-0.957861	0.241169
1.900000	-0.544713	-0.534009	-0.062767	-0.078033	-0.956156	0.241840
1.920000	-0.639561	-0.627927	-0.038085	-0.077847	-0.954349	0.242437
1.940000	-0.729180	-0.716890	-0.014774	-0.077561	-0.952476	0.242974
1.960000	-0.811680	-0.799146	0.006919	-0.077169	-0.950570	0.243465
1.980000	-0.885173	-0.872947	0.026749	-0.076664	-0.948666	0.243926
2.000000	-0.947770	-0.936543	0.044470	-0.076039	-0.946797	0.244371
2.020000	-0.997581	-0.988184	0.059834	-0.075287	-0.944999	0.244814
2.040000	-1.032738	-1.026138	0.072599	-0.074401	-0.943304	0.245269
2.060000	-1.052553	-1.049688	0.082671	-0.073382	-0.941732	0.245745
2.080000	-1.058201	-1.059716	0.090194	-0.072247	-0.940280	0.246236
2.100000	-1.051016	-1.057242	0.095332	-0.071012	-0.938940	0.246738
2.120000	-1.032334	-1.043286	0.098249	-0.069693	-0.937707	0.247245
2.140000	-1.003490	-1.018868	0.099111	-0.068308	-0.936575	0.247751
2.160000	-0.965819	-0.985008	0.098080	-0.066871	-0.935537	0.248252
2.180000	-0.920657	-0.942728	0.095321	-0.065402	-0.934587	0.248742
2.200000	-0.869338	-0.893046	0.090999	-0.063915	-0.933720	0.249216
2.220000	-0.813199	-0.836983	0.085278	-0.062427	-0.932928	0.249668
2.240000	-0.753573	-0.775561	0.078323	-0.060956	-0.932207	0.250094
2.260000	-0.691798	-0.709798	0.070296	-0.059517	-0.931549	0.250487
2.280000	-0.629207	-0.640715	0.061363	-0.058128	-0.930949	0.250843
2.300000	-0.567136	-0.569332	0.051688	-0.056804	-0.930400	0.251157
2.320000	-0.506920	-0.496670	0.041436	-0.055563	-0.929897	0.251422
2.340000	-0.449895	-0.423749	0.030769	-0.054421	-0.929433	0.251634
2.360000	-0.397396	-0.351589	0.019854	-0.053395	-0.929002	0.251787
2.380000	-0.350758	-0.281210	0.008854	-0.052500	-0.928598	0.251876
2.400000	-0.311316	-0.213633	-0.002067	-0.051755	-0.928215	0.251896
2.420000	-0.280406	-0.149878	-0.012745	-0.051175	-0.927846	0.251842
2.440000	-0.259363	-0.090965	-0.023014	-0.050778	-0.927486	0.251707
2.460000	-0.249106	-0.037669	-0.032729	-0.050572	-0.927131	0.251490
2.480000	-0.248945	0.010191	-0.041812	-0.050542	-0.926788	0.251196
2.500000	-0.257801	0.053022	-0.050199	-0.050664	-0.926465	0.250834
2.520000	-0.274595	0.091234	-0.057830	-0.050916	-0.926172	0.250413
2.540000	-0.298248	0.125235	-0.064643	-0.051274	-0.925917	0.249942
2.560000	-0.327682	0.155434	-0.070575	-0.051717	-0.925710	0.249429
2.580000	-0.361816	0.182240	-0.075566	-0.052221	-0.925559	0.248882
2.600000	-0.399574	0.206063	-0.079552	-0.052762	-0.925473	0.248311
2.620000	-0.439874	0.227310	-0.082473	-0.053320	-0.925462	0.247724
2.640000	-0.481639	0.246392	-0.084266	-0.053870	-0.925535	0.247129
2.660000	-0.523790	0.263716	-0.084870	-0.054389	-0.925700	0.246536
