0.000000	-2.353737	1.002496	0.365778	-0.090552	-0.902106	0.108850
0.020000	-2.388826	1.130565	0.373599	-0.089084	-0.889692	0.097261
0.040000	-2.419438	1.252399	0.381893	-0.086855	-0.876829	0.085116
0.060000	-2.447775	1.365638	0.392119	-0.084033	-0.863785	0.072584
0.080000	-2.476041	1.467927	0.405740	-0.080786	-0.850829	0.059833
0.100000	-2.506437	1.556906	0.424217	-0.077283	-0.838229	0.047032
0.120000	-2.541165	1.630219	0.449011	-0.073691	-0.826255	0.034348
0.140000	-2.582429	1.685507	0.481584	-0.070178	-0.815175	0.021950
0.160000	-2.632431	1.720413	0.523398	-0.066913	-0.805258	0.010007
0.180000	-2.693373	1.732579	0.575915	-0.064063	-0.796773	-0.001314
0.200000	-2.767458	1.719647	0.640594	-0.061798	-0.789987	-0.011844
0.220000	-2.856888	1.679260	0.718899	-0.060284	-0.785172	-0.021415
0.240000	-2.963866	1.609060	0.812291	-0.059690	-0.782593	-0.029858
0.260000	-3.090493	1.506789	0.922157	-0.060180	-0.782514	-0.037011
0.280000	-3.235972	1.373055	1.047768	-0.061799	-0.784962	-0.042860
0.300000	-3.396230	1.211708	1.185999	-0.064458	-0.789707	-0.047564
0.320000	-3.567018	1.026770	1.333600	-0.068061	-0.796503	-0.051290
0.340000	-3.744088	0.822261	1.487318	-0.072510	-0.805103	-0.054203
0.360000	-3.923192	0.602205	1.643901	-0.077711	-0.815262	-0.056471
0.380000	-4.100082	0.370622	1.800100	-0.083565	-0.826735	-0.058261
0.400000	-4.270508	0.131535	1.952660	-0.089978	-0.839275	-0.059740
0.420000	-4.430224	-0.111035	2.098332	-0.096853	-0.852637	-0.061073
0.440000	-4.574979	-0.353065	2.233864	-0.104092	-0.866575	-0.062429
0.460000	-4.700527	-0.590534	2.356003	-0.111601	-0.880843	-0.063973
0.480000	-4.802619	-0.819421	2.461499	-0.119283	-0.895196	-0.065873
0.500000	-4.877005	-1.035702	2.547099	-0.127040	-0.909388	-0.068295
0.520000	-4.919439	-1.235357	2.609553	-0.134777	-0.923173	-0.071406
0.540000	-4.925672	-1.414364	2.645608	-0.142398	-0.936305	-0.075373
0.560000	-4.891455	-1.568700	2.652013	-0.149806	-0.948539	-0.080362
0.580000	-4.812552	-1.694353	2.625526	-0.156905	-0.959630	-0.086541
0.600000	-4.687341	-1.789240	2.564904	-0.163619	-0.969442	-0.093990
0.620000	-4.520037	-1.855590	2.473373	-0.169921	-0.978085	-0.102603
0.640000	-4.315647	-1.896216	2.354763	-0.175788	-0.985706	-0.112249
0.660000	-4.079177	-1.913930	2.212904	-0.181200	-0.992447	-0.122793
0.680000	-3.815634	-1.911546	2.051627	-0.186133	-0.998453	-0.134105
0.700000	-3.530024	-1.891876	1.874763	-0.190566	-1.003868	-0.146052
0.720000	-3.227354	-1.857734	1.686142	-0.194477	-1.008836	-0.158501
0.740000	-2.912630	-1.811931	1.489594	-0.197844	-1.013502	-0.171321
0.760000	-2.590860	-1.757282	1.288951	-0.200646	-1.018010	-0.184378
0.780000	-2.267049	-1.696599	1.088042	-0.202861	-1.022504	-0.197541
0.800000	-1.946204	-1.632695	0.890698	-0.204467	-1.027128	-0.210678
0.820000	-1.633332	-1.568382	0.700749	-0.205441	-1.032027	-0.223655
0.840000	-1.333439	-1.506474	0.522027	-0.205763	-1.037344	-0.236341
0.860000	-1.051532	-1.449784	0.358361	-0.205410	-1.043225	-0.248603
0.880000	-0.792617	-1.401125	0.213583	-0.204360	-1.049812	-0.260310
0.900000	-0.561527	-1.363184	0.091391	-0.202597	-1.057246	-0.271329
0.920000	-0.359532	-1.336109	-0.007182	-0.200201	-1.065545	-0.281564
0.940000	-0.184576	-1.317675	-0.083597	-0.197343	-1.074621	-0.290944
0.960000	-0.034474	-1.305563	-0.139411	-0.194200	-1.084381	-0.299403
0.980000	0.092956	-1.297457	-0.176181	-0.190945	-1.094729	-0.306873
1.000000	0.199899	-1.291039	-0.195462	-0.187755	-1.105572	-0.313286
1.020000	0.288538	-1.283992	-0.198811	-0.184804	-1.116817	-0.318575
1.040000	0.361058	-1.273998	-0.187785	-0.182268	-1.128370	-0.322673
1.060000	0.419643	-1.258742	-0.163940	-0.180322	-1.140137	-0.325512
1.080000	0.466475	-1.235904	-0.128832	-0.179142	-1.152024	-0.327024
1.100000	0.503740	-1.203168	-0.084017	-0.178902	-1.163937	-0.327142
1.120000	0.533620	-1.158217	-0.031054	-0.179778	-1.175783	-0.325798
1.140000	0.558300	-1.098733	0.028504	-0.181944	-1.187467	-0.322926
1.160000	0.579963	-1.022399	0.093098	-0.185577	-1.198897	-0.318457
1.180000	0.600794	-0.926899	0.161172	-0.190851	-1.209978	-0.312324
1.200000	0.622976	-0.809913	0.231171	-0.197942	-1.220616	-0.304460
1.220000	0.648684	-0.669149	0.301537	-0.207022	-1.230717	-0.294797
1.240000	0.679191	-0.504521	0.370677	-0.218080	-1.240158	-0.283370
1.260000	0.714121	-0.319985	0.436933	-0.230761	-1.248759	-0.270394
1.280000	0.752923	-0.119928	0.498639	-0.244676	-1.256335	-0.256105
1.300000	0.795045	0.091262	0.554130	-0.259435	-1.262702	-0.240738
1.320000	0.839936	0.309199	0.601740	-0.274648	-1.267674	-0.224529
1.340000	0.887045	0.529496	0.639803	-0.289925	-1.271067	-0.207714
1.360000	0.935819	0.747765	0.666653	-0.304876	-1.272696	-0.190527
1.380000	0.985708	0.959619	0.680626	-0.319113	-1.272376	-0.173205
1.400000	1.036160	1.160672	0.680055	-0.332244	-1.269923	-0.155982
1.420000	1.086624	1.346536	0.663275	-0.343880	-1.265150	-0.139095
1.440000	1.136548	1.512825	0.628620	-0.353631	-1.257875	-0.122778
1.460000	1.185381	1.655152	0.574425	-0.361107	-1.247911	-0.107268
1.480000	1.232571	1.769128	0.499023	-0.365919	-1.235074	-0.092800
1.500000	1.277567	1.850368	0.400750	-0.367677	-1.219179	-0.079608
1.520000	1.319817	1.894485	0.277939	-0.365991	-1.200041	-0.067930
1.540000	1.358785	1.897396	0.129143	-0.360501	-1.177500	-0.057984
1.560000	1.394164	1.859623	-0.043819	-0.351294	-1.151771	-0.049772
1.580000	1.425823	1.785241	-0.236603	-0.338807	-1.123356	-0.043121
1.600000	1.453635	1.678417	-0.444797	-0.323481	-1.092767	-0.037855
1.620000	1.477473	1.543319	-0.663992	-0.305762	-1.060515	-0.033799
1.640000	1.497212	1.384114	-0.889778	-0.286091	-1.027109	-0.030775
1.660000	1.512725	1.204969	-1.117745	-0.264914	-0.993062	-0.028609
1.680000	1.523885	1.010053	-1.343481	-0.242672	-0.958884	-0.027124
1.700000	1.530566	0.803532	-1.562578	-0.219810	-0.925086	-0.026144
1.720000	1.532642	0.589573	-1.770625	-0.196771	-0.892178	-0.025492
1.740000	1.529986	0.372345	-1.963211	-0.173999	-0.860672	-0.024994
1.760000	1.522472	0.156015	-2.135927	-0.151938	-0.831078	-0.024473
1.780000	1.509973	-0.055250	-2.284362	-0.131030	-0.803907	-0.023753
1.800000	1.492364	-0.257282	-2.404107	-0.111719	-0.779670	-0.022657
1.820000	1.469517	-0.445915	-2.490751	-0.094449	-0.758878	-0.021010
1.840000	1.441306	-0.616980	-2.539883	-0.079663	-0.742041	-0.018636
1.860000	1.407608	-0.766342	-2.547157	-0.067800	-0.729665	-0.015361
1.880000	1.368488	-0.891643	-2.511682	-0.059034	-0.721907	-0.011100
1.900000	1.324294	-0.993197	-2.437769	-0.053143	-0.718403	-0.005909
1.920000	1.275398	-1.071539	-2.330159	-0.049869	-0.718746	0.000148
1.940000	1.222170	-1.127205	-2.193591	-0.048957	-0.722529	0.007006
1.960000	1.164982	-1.160729	-2.032806	-0.050151	-0.729346	0.014598
1.980000	1.104204	-1.172646	-1.852543	-0.053194	-0.738790	0.022861
2.000000	1.040209	-1.163491	-1.657543	-0.057831	-0.750453	0.031728
2.020000	0.973367	-1.133799	-1.452545	-0.063805	-0.763928	0.041135
2.040000	0.904050	-1.084104	-1.242291	-0.070861	-0.778810	0.051017
2.060000	0.832629	-1.014943	-1.031519	-0.078741	-0.794690	0.061307
2.080000	0.759475	-0.926850	-0.824970	-0.087191	-0.811163	0.071941
2.100000	0.684959	-0.820359	-0.627385	-0.095953	-0.827821	0.082854
2.120000	0.609452	-0.696006	-0.443503	-0.104773	-0.844256	0.093980
2.140000	0.533326	-0.554326	-0.278064	-0.113393	-0.860063	0.105255
2.160000	0.456952	-0.395853	-0.135808	-0.121558	-0.874835	0.116612
2.180000	0.380702	-0.221123	-0.021476	-0.129011	-0.888164	0.127987
2.200000	0.304939	-0.030765	0.060383	-0.135502	-0.899656	0.139313
2.220000	0.229891	0.172531	0.109392	-0.140894	-0.909191	0.150488
2.240000	0.155649	0.384067	0.129239	-0.145162	-0.916914	0.161377
2.260000	0.082299	0.599059	0.123779	-0.148286	-0.922983	0.171843
2.280000	0.009926	0.812728	0.096869	-0.150246	-0.927556	0.181750
2.300000	-0.061382	1.020291	0.052363	-0.151022	-0.930789	0.190961
2.320000	-0.131540	1.216967	-0.005882	-0.150592	-0.932839	0.199340
2.340000	-0.200462	1.397973	-0.074011	-0.148938	-0.933864	0.206748
2.360000	-0.268063	1.558529	-0.148168	-0.146037	-0.934021	0.213051
2.380000	-0.334256	1.693853	-0.224497	-0.141871	-0.933468	0.218110
2.400000	-0.398955	1.799162	-0.299142	-0.136419	-0.932361	0.221790
2.420000	-0.462074	1.869676	-0.368248	-0.129661	-0.930857	0.223954
2.440000	-0.523527	1.900613	-0.427959	-0.121576	-0.929115	0.224465
2.460000	-0.583229	1.887190	-0.474419	-0.112144	-0.927290	0.223186
2.480000	-0.641093	1.824627	-0.503773	-0.101344	-0.925541	0.219980
2.500000	-0.697182	1.710066	-0.513068	-0.089209	-0.923988	0.214773
2.520000	-0.752155	1.548400	-0.502987	-0.075975	-0.922603	0.207734
2.540000	-0.806823	1.346471	-0.475131	-0.061935	-0.921325	0.199095
2.560000	-0.861996	1.111121	-0.431100	-0.047379	-0.920088	0.189091
2.580000	-0.918483	0.849195	-0.372491	-0.032597	-0.918829	0.177952
2.600000	-0.977095	0.567534	-0.300906	-0.017879	-0.917483	0.165911
2.620000	-1.038642	0.272981	-0.217943	-0.003518	-0.915989	0.153201
2.640000	-1.103934	-0.027621	-0.125202	0.010198	-0.914280	0.140054
2.660000	-1.173782	-0.327428	-0.024283	0.022976	-0.912294	0.126703
2.680000	-1.248994	-0.619599	0.083216	0.034527	-0.909968	0.113380
2.700000	-1.330382	-0.897291	0.195694	0.044560	-0.907236	0.100317
2.720000	-1.418756	-1.153660	0.311552	0.052784	-0.904036	0.087748
2.740000	-1.514925	-1.381864	0.429190	0.058909	-0.900303	0.075904
2.760000	-1.619699	-1.575060	0.547010	0.062643	-0.895974	0.065017
2.780000	-1.733889	-1.726406	0.663411	0.063697	-0.890984	0.055321
2.800000	-1.858287	-1.829124	0.776801	0.061782	-0.885273	0.047046
2.820000	-1.992461	-1.880662	0.886033	0.056832	-0.878860	0.040267
2.840000	-2.134044	-1.885178	0.990670	0.049127	-0.871903	0.034819
2.860000	-2.280495	-1.847423	1.090335	0.038979	-0.864567	0.030514
2.880000	-2.429272	-1.772152	1.184654	0.026699	-0.857021	0.027163
2.900000	-2.577836	-1.664117	1.273250	0.012600	-0.849432	0.024578
2.920000	-2.723645	-1.528072	1.355749	-0.003006	-0.841967	0.022571
2.940000	-2.864158	-1.368770	1.431775	-0.019809	-0.834795	0.020953
2.960000	-2.996835	-1.190964	1.500953	-0.037496	-0.828081	0.019537
2.980000	-3.119134	-0.999408	1.562907	-0.055755	-0.821994	0.018134
3.000000	-3.228516	-0.798854	1.617262	-0.074275	-0.816701	0.016556
3.020000	-3.322438	-0.594055	1.663643	-0.092744	-0.812370	0.014615
3.040000	-3.398361	-0.389766	1.701674	-0.110849	-0.809168	0.012122
3.060000	-3.453743	-0.190738	1.730980	-0.128280	-0.807261	0.008890
3.080000	-3.486044	-0.001726	1.751185	-0.144724	-0.806819	0.004730
3.100000	-3.492722	0.172518	1.761914	-0.159869	-0.808008	-0.000546
3.120000	-3.471437	0.327514	1.762830	-0.173424	-0.810979	-0.007110
3.140000	-3.422304	0.462160	1.754073	-0.185327	-0.815691	-0.014936
3.160000	-3.347093	0.577628	1.736101	-0.195678	-0.821969	-0.023868
3.180000	-3.247606	0.675131	1.709380	-0.204575	-0.829638	-0.033744
3.200000	-3.125642	0.755882	1.674376	-0.212121	-0.838523	-0.044403
3.220000	-2.983004	0.821094	1.631553	-0.218415	-0.848447	-0.055685
