0.000000	-4.119137	2.568478	-0.161924	0.080214	-1.504034	0.400996
0.020000	-3.810593	2.733055	-0.143142	0.078828	-1.493798	0.401412
0.040000	-3.517348	2.846311	-0.120163	0.076762	-1.484462	0.400299
0.060000	-3.246126	2.901361	-0.093770	0.073997	-1.475937	0.397438
0.080000	-3.003648	2.891319	-0.064746	0.070514	-1.468135	0.392606
0.100000	-2.796637	2.809300	-0.033873	0.066294	-1.460967	0.385584
0.120000	-2.631669	2.648688	-0.001942	0.061320	-1.454343	0.376156
0.140000	-2.510076	2.412457	0.030029	0.055596	-1.448149	0.364356
0.160000	-2.426642	2.115563	0.060734	0.049155	-1.442240	0.350522
0.180000	-2.375739	1.773713	0.088849	0.042033	-1.436469	0.335012
0.200000	-2.351741	1.402619	0.113051	0.034266	-1.430688	0.318183
0.220000	-2.349019	1.017987	0.132015	0.025889	-1.424751	0.300394
0.240000	-2.361945	0.635528	0.144417	0.016937	-1.418509	0.282003
0.260000	-2.384891	0.270949	0.148934	0.007446	-1.411817	0.263368
0.280000	-2.412231	-0.060039	0.144241	-0.002550	-1.404527	0.244847
0.300000	-2.438336	-0.341728	0.129015	-0.013013	-1.396491	0.226798
0.320000	-2.457578	-0.558409	0.101932	-0.023910	-1.387562	0.209579
0.340000	-2.464329	-0.694373	0.061668	-0.035204	-1.377594	0.193548
0.360000	-2.452963	-0.733911	0.006899	-0.046861	-1.366439	0.179063
0.380000	-2.417851	-0.661314	-0.063699	-0.058845	-1.353950	0.166482
0.400000	-2.353365	-0.460873	-0.151450	-0.071120	-1.339979	0.156163
0.420000	-2.253955	-0.117122	-0.257646	-0.083650	-1.324383	0.148459
0.440000	-2.119124	0.369638	-0.381588	-0.096337	-1.307175	0.143460
0.460000	-1.956450	0.973909	-0.519389	-0.108988	-1.288626	0.140824
0.480000	-1.774234	1.667934	-0.666875	-0.121398	-1.269028	0.140174
0.500000	-1.580775	2.423959	-0.819875	-0.133364	-1.248674	0.141134
0.520000	-1.384376	3.214227	-0.974216	-0.144682	-1.227856	0.143326
0.540000	-1.193338	4.010983	-1.125725	-0.155149	-1.206868	0.146373
0.560000	-1.015960	4.786471	-1.270232	-0.164560	-1.186002	0.149897
