0.000000	8.790534	6.281665	-4.903633	0.261435	-1.035168	0.079348
0.020000	8.857523	6.905988	-5.089346	0.267742	-0.956090	0.108386
0.040000	8.774926	7.295620	-5.143561	0.271592	-0.841344	0.140708
0.060000	8.545298	7.452374	-5.069073	0.272941	-0.692989	0.175965
0.080000	8.182093	7.399804	-4.879763	0.271862	-0.516206	0.213515
0.100000	7.698941	7.161820	-4.589692	0.268428	-0.316229	0.252713
0.120000	7.109471	6.762327	-4.212921	0.262713	-0.098290	0.292913
0.140000	6.427312	6.225233	-3.763510	0.254791	0.132378	0.333470
0.160000	5.666094	5.574445	-3.255519	0.244736	0.370542	0.373736
0.180000	4.839446	4.833870	-2.703009	0.232622	0.610971	0.413067
0.200000	3.960998	4.027416	-2.120040	0.218523	0.848431	0.450816
0.220000	3.044378	3.178990	-1.520674	0.202513	1.077690	0.486338
0.240000	2.103216	2.312498	-0.918969	0.184666	1.293515	0.518987
0.260000	1.151142	1.451848	-0.328988	0.165056	1.490674	0.548117
0.280000	0.201784	0.620948	0.235210	0.143756	1.663933	0.573082
0.300000	-0.731227	-0.156296	0.759564	0.120842	1.808061	0.593236
0.320000	-1.634263	-0.855977	1.230014	0.096387	1.917825	0.607934
0.340000	-2.493695	-1.454186	1.632499	0.070464	1.987992	0.616529
0.360000	-3.295891	-1.927018	1.952958	0.043148	2.013329	0.618376
0.380000	-4.027267	-2.250678	2.177402	0.014515	1.988634	0.612833
0.400000	-4.679028	-2.414191	2.299881	-0.015224	1.912195	0.599806
0.420000	-5.251537	-2.431060	2.329793	-0.045588	1.788959	0.580238
0.440000	-5.746185	-2.317543	2.278264	-0.076071	1.624621	0.555194
0.460000	-6.164362	-2.089895	2.156419	-0.106166	1.424879	0.525734
0.480000	-6.507461	-1.764374	1.975385	-0.135363	1.195428	0.492922
0.500000	-6.776872	-1.357236	1.746286	-0.163156	0.941967	0.457821
0.520000	-6.973986	-0.884738	1.480249	-0.189038	0.670190	0.421492
0.540000	-7.100196	-0.363137	1.188398	-0.212499	0.385796	0.384998
0.560000	-7.156892	0.191311	0.881860	-0.233033	0.094479	0.349402
0.580000	-7.145466	0.762349	0.571761	-0.250132	-0.198062	0.315766
