0.000000	-0.716245	1.286469	-0.475249	-0.074959	-1.186516	0.080262
0.020000	-1.110277	2.665900	-1.059011	-0.082720	-1.278460	0.093952
0.040000	-1.461654	3.981936	-1.611153	-0.088353	-1.366527	0.109291
0.060000	-1.757554	5.198686	-2.117448	-0.091606	-1.449474	0.126389
0.080000	-1.985152	6.280263	-2.563670	-0.092226	-1.526059	0.145357
0.100000	-2.131626	7.190776	-2.935592	-0.089960	-1.595038	0.166306
0.120000	-2.184151	7.894337	-3.218987	-0.084556	-1.655170	0.189347
0.140000	-2.132524	8.360882	-3.402005	-0.075832	-1.705409	0.214531
0.160000	-1.982812	8.596539	-3.487565	-0.064049	-1.745950	0.241531
0.180000	-1.747327	8.621321	-3.484249	-0.049636	-1.777460	0.269877
0.200000	-1.438391	8.455268	-3.400652	-0.033023	-1.800609	0.299098
0.220000	-1.068328	8.118422	-3.245370	-0.014642	-1.816064	0.328723
0.240000	-0.649462	7.630823	-3.026997	0.005078	-1.824494	0.358282
0.260000	-0.194116	7.012511	-2.754128	0.025706	-1.826570	0.387303
0.280000	0.285387	6.283528	-2.435357	0.046812	-1.822958	0.415316
0.300000	0.776723	5.463914	-2.079280	0.067966	-1.814329	0.441850
0.320000	1.267570	4.573709	-1.694492	0.088738	-1.801351	0.466434
0.340000	1.745602	3.632955	-1.289586	0.108697	-1.784692	0.488598
0.360000	2.198498	2.661693	-0.873159	0.127412	-1.765021	0.507870
0.380000	2.613934	1.679962	-0.453804	0.144455	-1.743009	0.523780
0.400000	2.979586	0.707803	-0.040117	0.159393	-1.719322	0.535857
0.420000	3.283130	-0.234742	0.359308	0.171798	-1.694630	0.543630
0.440000	3.512245	-1.127633	0.735875	0.181238	-1.669601	0.546628
0.460000	3.655382	-1.951484	1.081284	0.187310	-1.644874	0.544417
0.480000	3.712568	-2.696660	1.391604	0.189999	-1.620609	0.537100
0.500000	3.692721	-3.361018	1.666263	0.189589	-1.596603	0.525193
0.520000	3.604985	-3.942605	1.904777	0.186373	-1.572645	0.509223
0.540000	3.458503	-4.439467	2.106657	0.180644	-1.548523	0.489717
0.560000	3.262419	-4.849654	2.271419	0.172693	-1.524023	0.467201
0.580000	3.025877	-5.171213	2.398577	0.162812	-1.498935	0.442203
0.600000	2.758021	-5.402190	2.487643	0.151295	-1.473045	0.415249
0.620000	2.467995	-5.540634	2.538132	0.138433	-1.446142	0.386866
0.640000	2.164944	-5.584592	2.549559	0.124518	-1.418012	0.357581
0.660000	1.858010	-5.532111	2.521437	0.109843	-1.388445	0.327921
0.680000	1.556338	-5.381240	2.453279	0.094700	-1.357228	0.298412
0.700000	1.269073	-5.130024	2.344600	0.079382	-1.324149	0.269582
