0.000000	-1.326477	-0.981718	-0.616775	-0.224543	-1.861308	0.464017
0.020000	-1.519880	-0.398116	-0.735237	-0.213025	-1.861482	0.437931
0.040000	-1.676520	0.158055	-0.839701	-0.200573	-1.862455	0.413943
0.060000	-1.791379	0.666097	-0.920891	-0.187537	-1.864331	0.392774
0.080000	-1.859439	1.105307	-0.969533	-0.174265	-1.867217	0.375146
0.100000	-1.875683	1.454985	-0.976352	-0.161104	-1.871218	0.361779
0.120000	-1.835787	1.696291	-0.932988	-0.148382	-1.876417	0.353315
0.140000	-1.742154	1.828383	-0.839924	-0.136227	-1.882675	0.349624
0.160000	-1.600955	1.860506	-0.702601	-0.124655	-1.889729	0.350144
0.180000	-1.418403	1.802021	-0.526516	-0.113679	-1.897315	0.354307
0.200000	-1.200709	1.662286	-0.317165	-0.103313	-1.905166	0.361546
0.220000	-0.954089	1.450660	-0.080045	-0.093572	-1.913020	0.371294
0.240000	-0.684753	1.176502	0.179348	-0.084469	-1.920612	0.382984
0.260000	-0.398916	0.849171	0.455518	-0.076019	-1.927676	0.396048
0.280000	-0.102789	0.478026	0.742968	-0.068236	-1.933948	0.409919
0.300000	0.197413	0.072426	1.036202	-0.061133	-1.939165	0.424030
0.320000	0.495478	-0.358271	1.329724	-0.054726	-1.943060	0.437814
0.340000	0.785194	-0.804706	1.618037	-0.049028	-1.945370	0.450703
0.360000	1.060347	-1.257519	1.895645	-0.044053	-1.945829	0.462131
0.380000	1.314725	-1.707352	2.157052	-0.039815	-1.944175	0.471529
0.400000	1.542114	-2.144845	2.396760	-0.036328	-1.940140	0.478332
0.420000	1.736302	-2.560641	2.609275	-0.033608	-1.933462	0.481971
0.440000	1.891227	-2.945482	2.789218	-0.031665	-1.923883	0.481895
0.460000	2.004951	-3.292905	2.934470	-0.030487	-1.911347	0.477991
0.480000	2.080056	-3.599508	3.046482	-0.030028	-1.896019	0.470621
0.500000	2.119356	-3.862046	3.126884	-0.030243	-1.878074	0.460176
0.520000	2.125662	-4.077272	3.177310	-0.031085	-1.857688	0.447044
0.540000	2.101787	-4.241941	3.199392	-0.032509	-1.835036	0.431615
0.560000	2.050545	-4.352807	3.194762	-0.034468	-1.810296	0.414275
0.580000	1.974748	-4.406625	3.165052	-0.036917	-1.783642	0.395416
