0.000000	0.866718	6.600691	-2.007304	0.030872	-0.039028	-0.031706
0.020000	1.046662	5.726395	-1.610784	0.030539	-0.006643	-0.028528
0.040000	1.211816	4.693561	-1.160497	0.030219	0.022032	-0.025183
0.060000	1.362926	3.537945	-0.672364	0.029837	0.045787	-0.021680
0.080000	1.500737	2.295306	-0.162307	0.029320	0.063415	-0.018027
0.100000	1.625995	1.001403	0.353753	0.028594	0.073708	-0.014234
0.120000	1.739446	-0.308008	0.859895	0.027586	0.075459	-0.010309
0.140000	1.841836	-1.597167	1.340198	0.026222	0.067459	-0.006261
0.160000	1.933910	-2.830317	1.778741	0.024427	0.048502	-0.002099
0.180000	2.016415	-3.971700	2.159602	0.022130	0.017378	0.002168
0.200000	2.090095	-4.985557	2.466860	0.019255	-0.027120	0.006531
0.220000	2.155697	-5.836131	2.684593	0.015729	-0.086199	0.010983
0.240000	2.213967	-6.487664	2.796881	0.011478	-0.161067	0.015513
0.260000	2.265649	-6.904397	2.787802	0.006430	-0.252933	0.020113
0.280000	2.311424	-7.056496	2.644452	0.000537	-0.362525	0.024785
0.300000	2.351500	-6.956601	2.375545	-0.006047	-0.487135	0.029610
0.320000	2.385880	-6.635883	1.999235	-0.013081	-0.622558	0.034703
0.340000	2.414563	-6.125594	1.533714	-0.020325	-0.764580	0.040179
0.360000	2.437551	-5.456984	0.997171	-0.027538	-0.908989	0.046154
0.380000	2.454846	-4.661304	0.407800	-0.034478	-1.051572	0.052743
0.400000	2.466448	-3.769803	-0.216208	-0.040906	-1.188116	0.060061
0.420000	2.472359	-2.813732	-0.856662	-0.046581	-1.314409	0.068224
0.440000	2.472579	-1.824342	-1.495371	-0.051261	-1.426238	0.077346
0.460000	2.467111	-0.832883	-2.114142	-0.054706	-1.519391	0.087543
0.480000	2.455954	0.129395	-2.694785	-0.056675	-1.589654	0.098930
0.500000	2.439111	1.031241	-3.219107	-0.056928	-1.632815	0.111622
0.520000	2.416582	1.841405	-3.668918	-0.055224	-1.644661	0.125735
0.540000	2.388368	2.528637	-4.026025	-0.051322	-1.620980	0.141384
