0.000000	2.662544	10.294487	-3.994076	-0.020772	-0.110312	0.137704
0.020000	2.746409	9.622456	-3.746109	-0.030546	-0.146384	0.143647
0.040000	2.768940	8.642721	-3.389143	-0.039812	-0.189805	0.148400
0.060000	2.737044	7.402347	-2.940444	-0.048460	-0.239817	0.152141
0.080000	2.657630	5.948397	-2.417275	-0.056375	-0.295660	0.155048
0.100000	2.537607	4.327936	-1.836903	-0.063446	-0.356577	0.157300
0.120000	2.383882	2.588028	-1.216592	-0.069559	-0.421806	0.159074
0.140000	2.203366	0.775738	-0.573608	-0.074603	-0.490591	0.160549
0.160000	2.002966	-1.061871	0.074785	-0.078463	-0.562171	0.161903
0.180000	1.789590	-2.877733	0.711322	-0.081028	-0.635788	0.163314
0.200000	1.570147	-4.624786	1.318737	-0.082185	-0.710683	0.164961
0.220000	1.351546	-6.255964	1.879766	-0.081821	-0.786096	0.167021
0.240000	1.140695	-7.724204	2.377144	-0.079823	-0.861269	0.169673
0.260000	0.944503	-8.982440	2.793605	-0.076079	-0.935442	0.173095
0.280000	0.769878	-9.983610	3.111884	-0.070475	-1.007857	0.177466
0.300000	0.623728	-10.680648	3.314717	-0.062900	-1.077755	0.182962
0.320000	0.511681	-11.035807	3.388389	-0.053288	-1.144468	0.189724
0.340000	0.432391	-11.062047	3.338513	-0.041835	-1.207821	0.197669
0.360000	0.382151	-10.789495	3.177244	-0.028822	-1.267809	0.206642
0.380000	0.357250	-10.248294	2.916743	-0.014535	-1.324426	0.216490
0.400000	0.353981	-9.468585	2.569171	0.000745	-1.377665	0.227056
0.420000	0.368635	-8.480510	2.146689	0.016734	-1.427522	0.238185
0.440000	0.397501	-7.314211	1.661458	0.033149	-1.473989	0.249724
0.460000	0.436871	-5.999828	1.125639	0.049707	-1.517060	0.261517
0.480000	0.483036	-4.567504	0.551392	0.066124	-1.556731	0.273408
0.500000	0.532287	-3.047381	-0.049122	0.082118	-1.592994	0.285243
0.520000	0.580915	-1.469600	-0.663741	0.097405	-1.625843	0.296867
0.540000	0.625210	0.135698	-1.280306	0.111702	-1.655274	0.308126
0.560000	0.661464	1.738370	-1.886654	0.124726	-1.681278	0.318863
0.580000	0.685967	3.308275	-2.470625	0.136193	-1.703852	0.328924
0.600000	0.695010	4.815272	-3.020059	0.145822	-1.722988	0.338154
0.620000	0.685301	6.232025	-3.523979	0.153361	-1.738692	0.346414
