0.000000	-3.785242	1.978806	-0.432217	-0.632107	-1.628210	0.102936
0.020000	-3.584193	1.879858	-0.427580	-0.629900	-1.610012	0.091269
0.040000	-3.341779	1.759660	-0.421371	-0.630131	-1.585153	0.080379
0.060000	-3.065471	1.620498	-0.413534	-0.632574	-1.554492	0.070297
0.080000	-2.765109	1.465250	-0.403986	-0.636878	-1.519205	0.061017
0.100000	-2.450536	1.296790	-0.392646	-0.642689	-1.480466	0.052531
0.120000	-2.131594	1.117994	-0.379432	-0.649657	-1.439450	0.044831
0.140000	-1.818125	0.931737	-0.364264	-0.657427	-1.397333	0.037911
0.160000	-1.519969	0.740896	-0.347059	-0.665648	-1.355290	0.031763
0.180000	-1.246970	0.548346	-0.327737	-0.673967	-1.314495	0.026380
0.200000	-1.008968	0.356963	-0.306216	-0.682032	-1.276124	0.021755
0.220000	-0.815805	0.169621	-0.282414	-0.689489	-1.241351	0.017880
0.240000	-0.677324	-0.010802	-0.256251	-0.695987	-1.211353	0.014748
0.260000	-0.603366	-0.181433	-0.227645	-0.701174	-1.187304	0.012351
0.280000	-0.603773	-0.339394	-0.196514	-0.704695	-1.170378	0.010683
0.300000	-0.688386	-0.481810	-0.162777	-0.706200	-1.161752	0.009737
0.320000	-0.867048	-0.605806	-0.126353	-0.705336	-1.162600	0.009504
0.340000	-1.146826	-0.708992	-0.087250	-0.701832	-1.173811	0.009975
0.360000	-1.519266	-0.791694	-0.045971	-0.695877	-1.194676	0.011124
0.380000	-1.970516	-0.855183	-0.003194	-0.687822	-1.223926	0.012921
0.400000	-2.486722	-0.900730	0.040402	-0.678017	-1.260294	0.015334
0.420000	-3.054026	-0.929608	0.084141	-0.666810	-1.302514	0.018333
0.440000	-3.658572	-0.943088	0.127344	-0.654552	-1.349317	0.021888
0.460000	-4.286505	-0.942441	0.169334	-0.641592	-1.399436	0.025966
0.480000	-4.923969	-0.928940	0.209433	-0.628280	-1.451604	0.030538
0.500000	-5.557107	-0.903856	0.246964	-0.614966	-1.504553	0.035572
0.520000	-6.172063	-0.868462	0.281249	-0.601999	-1.557017	0.041038
0.540000	-6.754982	-0.824028	0.311610	-0.589729	-1.607726	0.046905
0.560000	-7.292006	-0.771826	0.337369	-0.578506	-1.655415	0.053142
0.580000	-7.769281	-0.713129	0.357850	-0.568679	-1.698816	0.059719
0.600000	-8.172949	-0.649208	0.372373	-0.560598	-1.736661	0.066603
0.620000	-8.489156	-0.581335	0.380262	-0.554613	-1.767683	0.073765
0.640000	-8.704044	-0.510781	0.380839	-0.551074	-1.790614	0.081174
0.660000	-8.803758	-0.438818	0.373426	-0.550330	-1.804188	0.088799
0.680000	-8.779334	-0.366504	0.357577	-0.552580	-1.807601	0.096588
0.700000	-8.638432	-0.294167	0.333634	-0.557506	-1.801631	0.104423
0.720000	-8.392241	-0.221982	0.302106	-0.564684	-1.787392	0.112168
0.740000	-8.051952	-0.150122	0.263503	-0.573686	-1.765997	0.119690
0.760000	-7.628753	-0.078761	0.218332	-0.584089	-1.738559	0.126854
0.780000	-7.133834	-0.008073	0.167104	-0.595465	-1.706191	0.133526
0.800000	-6.578386	0.061767	0.110327	-0.607390	-1.670007	0.139571
0.820000	-5.973598	0.130585	0.048511	-0.619437	-1.631120	0.144856
0.840000	-5.330659	0.198208	-0.017836	-0.631180	-1.590643	0.149245
0.860000	-4.660760	0.264461	-0.088204	-0.642194	-1.549689	0.152605
0.880000	-3.975089	0.329171	-0.162085	-0.652053	-1.509372	0.154801
0.900000	-3.284837	0.392163	-0.238970	-0.660331	-1.470804	0.155699
0.920000	-2.601193	0.453263	-0.318348	-0.666602	-1.435100	0.155164
0.940000	-1.935347	0.512298	-0.399712	-0.670441	-1.403372	0.153063
0.960000	-1.298489	0.569093	-0.482552	-0.671422	-1.376734	0.149261
