0.000000	-1.499636	-1.612406	-1.301050	-0.659697	-1.452621	0.146303
0.020000	-1.586428	-1.448990	-1.441785	-0.654501	-1.458238	0.144004
0.040000	-1.699426	-1.278530	-1.575868	-0.647969	-1.464180	0.141071
0.060000	-1.834942	-1.104517	-1.701125	-0.640365	-1.470151	0.137735
0.080000	-1.989291	-0.930443	-1.815382	-0.631952	-1.475854	0.134229
0.100000	-2.158785	-0.759797	-1.916466	-0.622993	-1.480994	0.130785
0.120000	-2.339738	-0.596071	-2.002203	-0.613752	-1.485273	0.127634
0.140000	-2.528462	-0.442756	-2.070419	-0.604492	-1.488396	0.125009
0.160000	-2.721272	-0.303343	-2.118941	-0.595476	-1.490065	0.123142
0.180000	-2.914481	-0.181323	-2.145595	-0.586968	-1.489985	0.122265
0.200000	-3.104401	-0.080188	-2.148207	-0.579230	-1.487860	0.122609
0.220000	-3.287347	-0.003427	-2.124604	-0.572527	-1.483392	0.124407
0.240000	-3.459631	0.045468	-2.072611	-0.567120	-1.476285	0.127891
0.260000	-3.617665	0.063522	-1.990535	-0.563246	-1.466295	0.133257
0.280000	-3.758779	0.052569	-1.881134	-0.560869	-1.453656	0.140358
0.300000	-3.880801	0.017054	-1.749593	-0.559811	-1.438864	0.148864
0.320000	-3.981563	-0.038551	-1.601117	-0.559889	-1.422416	0.158443
0.340000	-4.058900	-0.109772	-1.440913	-0.560921	-1.404810	0.168762
0.360000	-4.110643	-0.192139	-1.274188	-0.562728	-1.386544	0.179490
0.380000	-4.134626	-0.281179	-1.106147	-0.565127	-1.368117	0.190292
0.400000	-4.128682	-0.372420	-0.941999	-0.567937	-1.350025	0.200838
0.420000	-4.090644	-0.461390	-0.786949	-0.570976	-1.332766	0.210793
0.440000	-4.018346	-0.543616	-0.646204	-0.574064	-1.316839	0.219827
0.460000	-3.909619	-0.614627	-0.524970	-0.577018	-1.302742	0.227606
0.480000	-3.762297	-0.669950	-0.428455	-0.579657	-1.290972	0.233798
0.500000	-3.574214	-0.705113	-0.361864	-0.581801	-1.282027	0.238071
0.520000	-3.343201	-0.715645	-0.330405	-0.583267	-1.276405	0.240092
0.540000	-3.067093	-0.697072	-0.339284	-0.583874	-1.274604	0.239528
0.560000	-2.743723	-0.644923	-0.393707	-0.583441	-1.277122	0.236047
0.580000	-2.373604	-0.556995	-0.496388	-0.581862	-1.284241	0.229473
0.600000	-1.966304	-0.438743	-0.641632	-0.579289	-1.295512	0.220159
0.620000	-1.533296	-0.297237	-0.821966	-0.575927	-1.310334	0.208568
0.640000	-1.086054	-0.139546	-1.029919	-0.571982	-1.328105	0.195163
0.660000	-0.636053	0.027259	-1.258022	-0.567659	-1.348224	0.180409
0.680000	-0.194768	0.196108	-1.498803	-0.563164	-1.370088	0.164769
0.700000	0.226329	0.359933	-1.744791	-0.558702	-1.393097	0.148707
0.720000	0.615762	0.511662	-1.988515	-0.554479	-1.416648	0.132686
0.740000	0.962057	0.644226	-2.222505	-0.550700	-1.440140	0.117170
0.760000	1.253741	0.750556	-2.439290	-0.547570	-1.462971	0.102623
0.780000	1.479338	0.823580	-2.631399	-0.545296	-1.484539	0.089508
0.800000	1.627374	0.856230	-2.791361	-0.544082	-1.504243	0.078289
0.820000	1.686376	0.841436	-2.911704	-0.544134	-1.521481	0.069430
0.840000	1.644869	0.772127	-2.984960	-0.545657	-1.535651	0.063394
0.860000	1.491378	0.641234	-3.003655	-0.548858	-1.546152	0.060646
0.880000	1.214728	0.441867	-2.960472	-0.553936	-1.552390	0.061638
0.900000	0.816521	0.174855	-2.854624	-0.560857	-1.554155	0.066415
0.920000	0.315720	-0.148490	-2.694194	-0.569269	-1.551752	0.074461
0.940000	-0.267477	-0.516104	-2.487899	-0.578800	-1.545524	0.085221
0.960000	-0.912869	-0.915928	-2.244455	-0.589074	-1.535816	0.098140
0.980000	-1.600258	-1.335900	-1.972579	-0.599718	-1.522970	0.112664
1.000000	-2.309444	-1.763960	-1.680986	-0.610358	-1.507329	0.128237
1.020000	-3.020227	-2.188045	-1.378395	-0.620619	-1.489237	0.144305
