0.000000	-0.318108	0.315235	-0.593092	-0.396429	-0.851492	0.144617
0.020000	-0.300894	0.319734	-0.614867	-0.396299	-0.852410	0.144030
0.040000	-0.284427	0.326214	-0.637962	-0.396278	-0.853303	0.143497
0.060000	-0.268466	0.334459	-0.662058	-0.396344	-0.854174	0.143015
0.080000	-0.252768	0.344257	-0.686838	-0.396472	-0.855026	0.142583
0.100000	-0.237090	0.355395	-0.711987	-0.396637	-0.855858	0.142198
0.120000	-0.221191	0.367659	-0.737186	-0.396817	-0.856674	0.141859
0.140000	-0.204829	0.380836	-0.762119	-0.396987	-0.857474	0.141562
0.160000	-0.187760	0.394713	-0.786468	-0.397123	-0.858261	0.141307
0.180000	-0.169743	0.409076	-0.809918	-0.397201	-0.859036	0.141091
0.200000	-0.150535	0.423711	-0.832151	-0.397197	-0.859802	0.140912
0.220000	-0.129894	0.438407	-0.852850	-0.397088	-0.860558	0.140768
0.240000	-0.107578	0.452948	-0.871698	-0.396849	-0.861308	0.140657
0.260000	-0.083373	0.467138	-0.888387	-0.396457	-0.862054	0.140576
0.280000	-0.057429	0.480973	-0.902723	-0.395907	-0.862803	0.140520
0.300000	-0.030142	0.494582	-0.914590	-0.395201	-0.863566	0.140480
0.320000	-0.001913	0.508095	-0.923872	-0.394344	-0.864357	0.140449
0.340000	0.026856	0.521645	-0.930453	-0.393340	-0.865187	0.140419
0.360000	0.055764	0.535363	-0.934218	-0.392193	-0.866068	0.140381
0.380000	0.084410	0.549380	-0.935053	-0.390907	-0.867010	0.140328
0.400000	0.112393	0.563827	-0.932842	-0.389488	-0.868028	0.140251
0.420000	0.139312	0.578837	-0.927469	-0.387937	-0.869131	0.140143
0.440000	0.164765	0.594539	-0.918820	-0.386261	-0.870333	0.139996
0.460000	0.188351	0.611066	-0.906778	-0.384463	-0.871644	0.139801
0.480000	0.209668	0.628549	-0.891229	-0.382547	-0.873078	0.139550
0.500000	0.228317	0.647119	-0.872058	-0.380517	-0.874644	0.139236
0.520000	0.243895	0.666907	-0.849149	-0.378378	-0.876357	0.138851
0.540000	0.256001	0.688046	-0.822386	-0.376133	-0.878226	0.138386
0.560000	0.264234	0.710665	-0.791655	-0.373788	-0.880265	0.137833
0.580000	0.268201	0.734890	-0.756848	-0.371345	-0.882485	0.137185
0.600000	0.267817	0.760530	-0.718176	-0.368816	-0.884878	0.136447
0.620000	0.263406	0.786982	-0.676272	-0.366221	-0.887414	0.135641
0.640000	0.255322	0.813612	-0.631798	-0.363579	-0.890060	0.134790
0.660000	0.243918	0.839787	-0.585415	-0.360910	-0.892785	0.133917
0.680000	0.229547	0.864874	-0.537785	-0.358233	-0.895555	0.133046
0.700000	0.212562	0.888241	-0.489571	-0.355570	-0.898338	0.132200
0.720000	0.193317	0.909254	-0.441434	-0.352940	-0.901102	0.131403
0.740000	0.172164	0.927281	-0.394037	-0.350362	-0.903814	0.130676
0.760000	0.149457	0.941689	-0.348040	-0.347857	-0.906441	0.130045
0.780000	0.125548	0.951844	-0.304107	-0.345444	-0.908951	0.129531
0.800000	0.100791	0.957114	-0.262898	-0.343143	-0.911312	0.129159
0.820000	0.075540	0.956866	-0.225076	-0.340975	-0.913491	0.128951
0.840000	0.050146	0.950467	-0.191303	-0.338960	-0.915456	0.128931
0.860000	0.024964	0.937283	-0.162240	-0.337116	-0.917174	0.129122
0.880000	0.000344	0.916688	-0.138544	-0.335464	-0.918612	0.129547
0.900000	-0.023480	0.888464	-0.120407	-0.334014	-0.919758	0.130201
0.920000	-0.046477	0.853087	-0.107234	-0.332757	-0.920628	0.131028
0.940000	-0.068636	0.811105	-0.098353	-0.331682	-0.921243	0.131972
0.960000	-0.089946	0.763063	-0.093093	-0.330781	-0.921622	0.132972
0.980000	-0.110395	0.709507	-0.090781	-0.330043	-0.921787	0.133970
1.000000	-0.129972	0.650981	-0.090748	-0.329459	-0.921757	0.134907
1.020000	-0.148665	0.588033	-0.092321	-0.329018	-0.921554	0.135725
1.040000	-0.166462	0.521208	-0.094828	-0.328710	-0.921197	0.136365
1.060000	-0.183354	0.451050	-0.097599	-0.328525	-0.920706	0.136769
1.080000	-0.199327	0.378107	-0.099961	-0.328454	-0.920102	0.136876
1.100000	-0.214371	0.302924	-0.101243	-0.328487	-0.919406	0.136630
1.120000	-0.228474	0.226046	-0.100774	-0.328613	-0.918637	0.135970
1.140000	-0.241625	0.148019	-0.097882	-0.328822	-0.917816	0.134839
