0.000000	1.316306	-4.846800	-0.103514	-0.307139	-0.521735	-0.115555
0.020000	1.960929	-3.761878	-0.411752	-0.320180	-0.532592	-0.104787
0.040000	2.598737	-2.632317	-0.728216	-0.332912	-0.544799	-0.093221
0.060000	3.211650	-1.487506	-1.044345	-0.345095	-0.558385	-0.081017
0.080000	3.781590	-0.356834	-1.351576	-0.356493	-0.573379	-0.068332
0.100000	4.290476	0.730310	-1.641347	-0.366865	-0.589811	-0.055325
0.120000	4.720231	1.744536	-1.905097	-0.375974	-0.607711	-0.042156
0.140000	5.052774	2.656456	-2.134262	-0.383582	-0.627108	-0.028983
0.160000	5.270027	3.436679	-2.320280	-0.389449	-0.648032	-0.015964
0.180000	5.356755	4.059442	-2.455694	-0.393372	-0.670486	-0.003251
0.200000	5.318560	4.525544	-2.541132	-0.395393	-0.694274	0.009064
0.220000	5.170316	4.847600	-2.580822	-0.395665	-0.719111	0.020915
0.240000	4.926936	5.038280	-2.579006	-0.394341	-0.744714	0.032236
0.260000	4.603336	5.110254	-2.539928	-0.391573	-0.770797	0.042961
0.280000	4.214429	5.076189	-2.467831	-0.387516	-0.797076	0.053024
0.300000	3.775132	4.948755	-2.366959	-0.382322	-0.823266	0.062358
0.320000	3.300358	4.740622	-2.241554	-0.376145	-0.849084	0.070898
0.340000	2.805021	4.464458	-2.095860	-0.369138	-0.874244	0.078577
0.360000	2.304038	4.132934	-1.934120	-0.361454	-0.898463	0.085329
0.380000	1.812321	3.758716	-1.760578	-0.353245	-0.921455	0.091089
0.400000	1.344787	3.354476	-1.579477	-0.344666	-0.942936	0.095789
0.420000	0.916348	2.932883	-1.395059	-0.335870	-0.962621	0.099365
0.440000	0.541921	2.506604	-1.211569	-0.327009	-0.980227	0.101750
0.460000	0.236420	2.088310	-1.033249	-0.318237	-0.995468	0.102877
0.480000	0.014750	1.690665	-0.864342	-0.309707	-1.008060	0.102681
0.500000	-0.114464	1.322973	-0.707891	-0.301556	-1.017843	0.101150
0.520000	-0.159737	0.985373	-0.563673	-0.293870	-1.024992	0.098418
0.540000	-0.132477	0.676453	-0.430914	-0.286733	-1.029740	0.094644
0.560000	-0.044096	0.394803	-0.308839	-0.280225	-1.032319	0.089987
0.580000	0.093996	0.139010	-0.196673	-0.274426	-1.032963	0.084608
0.600000	0.270388	-0.092336	-0.093641	-0.269419	-1.031905	0.078664
0.620000	0.473670	-0.300647	0.001032	-0.265283	-1.029376	0.072317
0.640000	0.692433	-0.487334	0.088121	-0.262100	-1.025611	0.065724
0.660000	0.915264	-0.653808	0.168400	-0.259950	-1.020841	0.059045
0.680000	1.130755	-0.801481	0.242645	-0.258916	-1.015299	0.052439
0.700000	1.327493	-0.931763	0.311630	-0.259077	-1.009219	0.046066
0.720000	1.494071	-1.046067	0.376131	-0.260515	-1.002833	0.040085
0.740000	1.619075	-1.145803	0.436922	-0.263311	-0.996374	0.034655
0.760000	1.691097	-1.232383	0.494778	-0.267546	-0.990075	0.029936
0.780000	1.698726	-1.307218	0.550474	-0.273301	-0.984168	0.026087
0.800000	1.630896	-1.371705	0.604765	-0.280652	-0.978881	0.023262
0.820000	1.486357	-1.426837	0.657815	-0.289555	-0.974288	0.021492
0.840000	1.274884	-1.473152	0.709128	-0.299832	-0.970293	0.020664
0.860000	1.006832	-1.511164	0.758173	-0.311295	-0.966790	0.020661
0.880000	0.692560	-1.541388	0.804418	-0.323758	-0.963672	0.021364
0.900000	0.342424	-1.564337	0.847333	-0.337033	-0.960834	0.022654
0.920000	-0.033219	-1.580527	0.886386	-0.350935	-0.958170	0.024413
0.940000	-0.424011	-1.590471	0.921046	-0.365277	-0.955573	0.026522
0.960000	-0.819595	-1.594684	0.950781	-0.379872	-0.952937	0.028861
0.980000	-1.209614	-1.593680	0.975060	-0.394533	-0.950158	0.031314
1.000000	-1.583712	-1.587973	0.993353	-0.409073	-0.947127	0.033760
1.020000	-1.931530	-1.578078	1.005126	-0.423307	-0.943740	0.036082
1.040000	-2.242712	-1.564509	1.009851	-0.437047	-0.939891	0.038160
1.060000	-2.506900	-1.547780	1.006994	-0.450106	-0.935473	0.039877
1.080000	-2.713738	-1.528406	0.996025	-0.462298	-0.930381	0.041113
1.100000	-2.852868	-1.506901	0.976412	-0.473436	-0.924508	0.041749
1.120000	-2.913959	-1.483776	0.947626	-0.483334	-0.917749	0.041668
1.140000	-2.892093	-1.459096	0.909520	-0.491875	-0.910071	0.040819
1.160000	-2.794365	-1.431927	0.862795	-0.499095	-0.901604	0.039299
