0.000000	-4.592581	-4.202457	2.140839	-0.371733	-1.306086	-0.018027
0.020000	-4.351766	-4.195560	2.119766	-0.370987	-1.290831	-0.010624
0.040000	-3.995025	-4.094076	2.029736	-0.372619	-1.273439	-0.001052
0.060000	-3.540437	-3.909551	1.880363	-0.376268	-1.254341	0.010346
0.080000	-3.006078	-3.653531	1.681260	-0.381568	-1.233968	0.023230
0.100000	-2.410026	-3.337560	1.442041	-0.388156	-1.212753	0.037259
0.120000	-1.770357	-2.973185	1.172319	-0.395669	-1.191126	0.052093
0.140000	-1.105151	-2.571950	0.881707	-0.403743	-1.169519	0.067390
0.160000	-0.432482	-2.145400	0.579821	-0.412014	-1.148365	0.082809
0.180000	0.229570	-1.705082	0.276272	-0.420119	-1.128094	0.098010
0.200000	0.862930	-1.262540	-0.019325	-0.427694	-1.109139	0.112651
0.220000	1.449518	-0.829320	-0.297356	-0.434375	-1.091930	0.126391
0.240000	1.971260	-0.416968	-0.548209	-0.439799	-1.076899	0.138891
0.260000	2.410076	-0.037027	-0.762269	-0.443603	-1.064479	0.149808
0.280000	2.747890	0.298955	-0.929923	-0.445422	-1.055100	0.158802
0.300000	2.966760	0.579507	-1.041627	-0.444897	-1.049191	0.165535
0.320000	3.059905	0.799185	-1.093513	-0.441920	-1.046893	0.169866
0.340000	3.039846	0.962968	-1.091536	-0.436824	-1.047854	0.172001
0.360000	2.921027	1.076875	-1.042628	-0.429987	-1.051669	0.172177
0.380000	2.717889	1.146922	-0.953721	-0.421785	-1.057937	0.170634
0.400000	2.444874	1.179128	-0.831745	-0.412595	-1.066255	0.167610
0.420000	2.116424	1.179509	-0.683632	-0.402793	-1.076220	0.163344
0.440000	1.746981	1.154084	-0.516314	-0.392756	-1.087429	0.158075
0.460000	1.350987	1.108870	-0.336721	-0.382861	-1.099480	0.152040
0.480000	0.942885	1.049883	-0.151785	-0.373485	-1.111969	0.145480
0.500000	0.537115	0.983142	0.031562	-0.365003	-1.124495	0.138632
0.520000	0.148121	0.914664	0.206389	-0.357794	-1.136654	0.131734
0.540000	-0.209657	0.850466	0.365765	-0.352233	-1.148043	0.125027
0.560000	-0.521775	0.796566	0.502758	-0.348697	-1.158260	0.118748
0.580000	-0.773792	0.758982	0.610438	-0.347563	-1.166902	0.113136
0.600000	-0.951266	0.743730	0.681872	-0.349208	-1.173567	0.108429
0.620000	-1.039755	0.756828	0.710129	-0.354008	-1.177851	0.104867
0.640000	-1.030007	0.802033	0.690811	-0.362179	-1.179495	0.102610
0.660000	-0.931258	0.875042	0.628545	-0.373362	-1.178754	0.101538
0.680000	-0.756866	0.969760	0.529969	-0.387071	-1.175994	0.101469
0.700000	-0.520186	1.080090	0.401720	-0.402820	-1.171583	0.102224
0.720000	-0.234573	1.199937	0.250435	-0.420122	-1.165889	0.103620
0.740000	0.086615	1.323203	0.082752	-0.438490	-1.159279	0.105476
0.760000	0.430025	1.443794	-0.094693	-0.457439	-1.152120	0.107610
0.780000	0.782299	1.555613	-0.275261	-0.476482	-1.144781	0.109842
0.800000	1.130082	1.652563	-0.452316	-0.495132	-1.137629	0.111989
0.820000	1.460018	1.728550	-0.619220	-0.512903	-1.131031	0.113871
0.840000	1.758751	1.777476	-0.769337	-0.529309	-1.125354	0.115305
0.860000	2.012926	1.793246	-0.896027	-0.543863	-1.120967	0.116112
0.880000	2.209186	1.769764	-0.992655	-0.556079	-1.118237	0.116109
0.900000	2.334176	1.700933	-1.052583	-0.565471	-1.117531	0.115115
0.920000	2.374539	1.580657	-1.069173	-0.571551	-1.119217	0.112948
0.940000	2.320580	1.404974	-1.037640	-0.573964	-1.123561	0.109479
0.960000	2.179836	1.179964	-0.961917	-0.572968	-1.130348	0.104819
