0.000000	-3.006150	-2.582184	2.590187	-0.399074	-0.856445	0.042116
0.020000	-3.156007	-2.353370	2.568067	-0.407876	-0.846172	0.039205
0.040000	-3.243797	-2.040117	2.492644	-0.415806	-0.835587	0.036197
0.060000	-3.260596	-1.635874	2.359151	-0.422680	-0.824726	0.033080
0.080000	-3.198741	-1.135762	2.163766	-0.428329	-0.813624	0.029844
0.100000	-3.062242	-0.550348	1.911392	-0.432706	-0.802331	0.026466
0.120000	-2.861410	0.101459	1.611647	-0.435831	-0.790901	0.022918
0.140000	-2.606620	0.800666	1.274196	-0.437722	-0.779390	0.019172
0.160000	-2.308244	1.528283	0.908702	-0.438402	-0.767854	0.015201
0.180000	-1.976657	2.265318	0.524830	-0.437888	-0.756347	0.010977
0.200000	-1.622232	2.992778	0.132243	-0.436202	-0.744926	0.006471
0.220000	-1.255343	3.691673	-0.259394	-0.433363	-0.733646	0.001655
0.240000	-0.886363	4.343011	-0.640418	-0.429391	-0.722562	-0.003498
0.260000	-0.525667	4.927799	-1.001165	-0.424306	-0.711730	-0.009016
0.280000	-0.183629	5.427047	-1.331970	-0.418128	-0.701205	-0.014927
0.300000	0.129379	5.821763	-1.623170	-0.410876	-0.691042	-0.021260
0.320000	0.402982	6.092956	-1.865100	-0.402572	-0.681298	-0.028041
0.340000	0.626807	6.221632	-2.048097	-0.393234	-0.672027	-0.035300
0.360000	0.790479	6.188802	-2.162496	-0.382883	-0.663285	-0.043064
0.380000	0.883626	5.975474	-2.198634	-0.371539	-0.655127	-0.051360
0.400000	0.896258	5.563558	-2.147243	-0.359224	-0.647607	-0.060215
0.420000	0.828198	4.958020	-2.009174	-0.346060	-0.640711	-0.069574
0.440000	0.689648	4.188206	-1.795982	-0.332265	-0.634357	-0.079304
0.460000	0.491310	3.284636	-1.519733	-0.318065	-0.628458	-0.089265
0.480000	0.243883	2.277827	-1.192496	-0.303685	-0.622930	-0.099319
0.500000	-0.041930	1.198297	-0.826338	-0.289350	-0.617687	-0.109327
0.520000	-0.355431	0.076566	-0.433328	-0.275286	-0.612642	-0.119149
0.540000	-0.685917	-1.056848	-0.025533	-0.261716	-0.607709	-0.128648
0.560000	-1.022688	-2.171427	0.384979	-0.248867	-0.602804	-0.137684
0.580000	-1.355043	-3.236652	0.786139	-0.236964	-0.597839	-0.146118
0.600000	-1.672282	-4.222005	1.165881	-0.226231	-0.592730	-0.153812
0.620000	-1.963704	-5.096968	1.512136	-0.216894	-0.587390	-0.160627
0.640000	-2.218608	-5.831022	1.812836	-0.209177	-0.581734	-0.166424
0.660000	-2.426294	-6.393649	2.055914	-0.203307	-0.575676	-0.171065
0.680000	-2.576060	-6.754330	2.229302	-0.199508	-0.569130	-0.174410
0.700000	-2.657206	-6.882547	2.320931	-0.198004	-0.562009	-0.176320
0.720000	-2.660818	-6.753320	2.320837	-0.198976	-0.554252	-0.176686
0.740000	-2.590972	-6.381952	2.234340	-0.202260	-0.545951	-0.175605
0.760000	-2.457487	-5.801551	2.073521	-0.207545	-0.537274	-0.173268
0.780000	-2.270209	-5.045302	1.850489	-0.214518	-0.528386	-0.169864
0.800000	-2.038980	-4.146391	1.577352	-0.222868	-0.519453	-0.165585
0.820000	-1.773645	-3.138002	1.266219	-0.232280	-0.510642	-0.160620
0.840000	-1.484049	-2.053322	0.929200	-0.242444	-0.502118	-0.155160
0.860000	-1.180035	-0.925537	0.578403	-0.253045	-0.494048	-0.149395
0.880000	-0.871448	0.212168	0.225938	-0.263772	-0.486597	-0.143515
0.900000	-0.568132	1.326608	-0.116087	-0.274312	-0.479931	-0.137712
