0.000000	-1.026197	-0.778281	0.047502	-0.452949	-0.842007	0.093058
0.020000	-0.993585	-0.761713	0.041948	-0.455261	-0.842696	0.094258
0.040000	-0.956093	-0.736548	0.035220	-0.457633	-0.843422	0.095831
0.060000	-0.913794	-0.703626	0.026845	-0.460032	-0.844151	0.097737
0.080000	-0.866762	-0.663790	0.016347	-0.462420	-0.844846	0.099936
0.100000	-0.815071	-0.617880	0.003252	-0.464762	-0.845471	0.102387
0.120000	-0.758795	-0.566736	-0.012914	-0.467023	-0.845990	0.105049
0.140000	-0.698007	-0.511200	-0.032626	-0.469168	-0.846368	0.107884
0.160000	-0.632782	-0.452113	-0.056359	-0.471160	-0.846567	0.110849
0.180000	-0.563194	-0.390316	-0.084586	-0.472965	-0.846552	0.113906
0.200000	-0.489317	-0.326650	-0.117783	-0.474547	-0.846288	0.117012
0.220000	-0.411225	-0.261956	-0.156424	-0.475871	-0.845737	0.120130
0.240000	-0.328991	-0.197075	-0.200983	-0.476900	-0.844865	0.123217
0.260000	-0.242689	-0.132848	-0.251935	-0.477600	-0.843635	0.126233
0.280000	-0.152420	-0.070040	-0.309725	-0.477936	-0.842015	0.129140
0.300000	-0.058681	-0.008243	-0.374342	-0.477894	-0.840042	0.131914
0.320000	0.037714	0.053882	-0.445411	-0.477479	-0.837808	0.134548
0.340000	0.135943	0.117697	-0.522551	-0.476692	-0.835405	0.137032
0.360000	0.235183	0.184566	-0.605377	-0.475538	-0.832926	0.139357
0.380000	0.334613	0.255853	-0.693506	-0.474019	-0.830464	0.141515
0.400000	0.433409	0.332921	-0.786556	-0.472139	-0.828112	0.143497
0.420000	0.530750	0.417134	-0.884142	-0.469902	-0.825961	0.145294
0.440000	0.625814	0.509855	-0.985883	-0.467310	-0.824106	0.146899
0.460000	0.717778	0.612448	-1.091394	-0.464367	-0.822638	0.148302
0.480000	0.805819	0.726276	-1.200292	-0.461076	-0.821650	0.149494
0.500000	0.889116	0.852702	-1.312195	-0.457441	-0.821235	0.150467
0.520000	0.966847	0.993091	-1.426719	-0.453465	-0.821486	0.151212
0.540000	1.038188	1.148805	-1.543480	-0.449152	-0.822495	0.151720
0.560000	1.102318	1.321209	-1.662096	-0.444504	-0.824355	0.151984
0.580000	1.158415	1.511665	-1.782184	-0.439525	-0.827159	0.151994
0.600000	1.205661	1.721493	-1.903347	-0.434218	-0.830998	0.151741
0.620000	1.243586	1.949417	-2.024444	-0.428589	-0.835869	0.151217
0.640000	1.272249	2.190161	-2.143183	-0.422645	-0.841621	0.150415
0.660000	1.291753	2.438109	-2.257177	-0.416395	-0.848094	0.149325
0.680000	1.302204	2.687643	-2.364035	-0.409846	-0.855126	0.147942
0.700000	1.303706	2.933147	-2.461368	-0.403008	-0.862555	0.146255
0.720000	1.296365	3.169004	-2.546789	-0.395888	-0.870218	0.144259
0.740000	1.280283	3.389598	-2.617906	-0.388495	-0.877956	0.141944
0.760000	1.255567	3.589310	-2.672332	-0.380836	-0.885605	0.139303
0.780000	1.222320	3.762526	-2.707678	-0.372920	-0.893004	0.136328
0.800000	1.180647	3.903627	-2.721554	-0.364755	-0.899991	0.133011
0.820000	1.130653	4.006997	-2.711571	-0.356349	-0.906406	0.129344
0.840000	1.072442	4.067019	-2.675341	-0.347710	-0.912085	0.125320
0.860000	1.006119	4.078076	-2.610473	-0.338848	-0.916867	0.120929
0.880000	0.931788	4.034552	-2.514580	-0.329769	-0.920591	0.116166
0.900000	0.849557	3.930860	-2.385289	-0.320482	-0.923095	0.111021
0.920000	0.759846	3.765268	-2.222506	-0.311048	-0.924309	0.105522
0.940000	0.663701	3.543687	-2.030645	-0.301627	-0.924344	0.099763
0.960000	0.562238	3.272930	-1.814654	-0.292393	-0.923331	0.093848
