0.000000	-4.016823	-0.307004	-1.683495	-0.510543	-1.506801	0.251629
0.020000	-4.178080	-0.712277	-1.625202	-0.519975	-1.486285	0.260830
0.040000	-4.323034	-1.115293	-1.566535	-0.529478	-1.463267	0.268508
0.060000	-4.445009	-1.504515	-1.510655	-0.538600	-1.438055	0.274433
0.080000	-4.537330	-1.868405	-1.460722	-0.546888	-1.410959	0.278378
0.100000	-4.593324	-2.195424	-1.419894	-0.553891	-1.382289	0.280114
0.120000	-4.606314	-2.474035	-1.391333	-0.559156	-1.352353	0.279413
0.140000	-4.569628	-2.692701	-1.378198	-0.562231	-1.321462	0.276045
0.160000	-4.476589	-2.839883	-1.383649	-0.562666	-1.289926	0.269784
0.180000	-4.320524	-2.904043	-1.410846	-0.560006	-1.258052	0.260400
0.200000	-4.094757	-2.873644	-1.462949	-0.553802	-1.226151	0.247664
0.220000	-3.795048	-2.740853	-1.542096	-0.543747	-1.194507	0.231459
0.240000	-3.428160	-2.514595	-1.645814	-0.530200	-1.163287	0.212155
0.260000	-3.003965	-2.208524	-1.770324	-0.513709	-1.132626	0.190265
0.280000	-2.532335	-1.836299	-1.911846	-0.494819	-1.102660	0.166301
0.300000	-2.023144	-1.411575	-2.066604	-0.474079	-1.073523	0.140775
0.320000	-1.486262	-0.948010	-2.230817	-0.452033	-1.045350	0.114198
0.340000	-0.931563	-0.459260	-2.400709	-0.429230	-1.018276	0.087083
0.360000	-0.368918	0.041018	-2.572499	-0.406215	-0.992436	0.059940
0.380000	0.191800	0.539168	-2.742410	-0.383536	-0.967965	0.033282
0.400000	0.740719	1.021533	-2.906664	-0.361738	-0.944999	0.007621
0.420000	1.267967	1.474455	-3.061481	-0.341370	-0.923671	-0.016531
0.440000	1.763671	1.884280	-3.203083	-0.322977	-0.904117	-0.038663
0.460000	2.217960	2.237349	-3.327691	-0.307106	-0.886472	-0.058263
0.480000	2.620960	2.520006	-3.431528	-0.294304	-0.870871	-0.074819
0.500000	2.962799	2.718594	-3.510815	-0.285117	-0.857449	-0.087820
0.520000	3.233607	2.819457	-3.561772	-0.280093	-0.846341	-0.096752
0.540000	3.423515	2.808947	-3.580625	-0.279777	-0.837681	-0.101106
0.560000	3.527033	2.680536	-3.565685	-0.284453	-0.831611	-0.100598
0.580000	3.550767	2.447372	-3.521038	-0.293676	-0.828285	-0.095583
0.600000	3.503397	2.125980	-3.451757	-0.306876	-0.827861	-0.086520
0.620000	3.393602	1.732883	-3.362916	-0.323485	-0.830497	-0.073873
0.640000	3.230063	1.284604	-3.259591	-0.342933	-0.836350	-0.058102
0.660000	3.021459	0.797667	-3.146854	-0.364650	-0.845579	-0.039669
0.680000	2.776470	0.288594	-3.029780	-0.388067	-0.858340	-0.019036
0.700000	2.503775	-0.226090	-2.913443	-0.412615	-0.874793	0.003335
0.720000	2.212055	-0.729863	-2.802917	-0.437724	-0.895094	0.026984
0.740000	1.909990	-1.206200	-2.703278	-0.462825	-0.919401	0.051448
0.760000	1.606258	-1.638579	-2.619597	-0.487349	-0.947873	0.076266
0.780000	1.309541	-2.010476	-2.556951	-0.510726	-0.980666	0.100977
0.800000	1.028516	-2.305368	-2.520413	-0.532386	-1.017939	0.125118
0.820000	0.771866	-2.506732	-2.515057	-0.551761	-1.059848	0.148228
0.840000	0.548268	-2.598043	-2.545957	-0.568281	-1.106553	0.169846
0.860000	0.366181	-2.563302	-2.618006	-0.581392	-1.158193	0.189519
0.880000	0.227551	-2.401791	-2.730742	-0.590986	-1.214371	0.207041
0.900000	0.126929	-2.130155	-2.877631	-0.597462	-1.274084	0.222493
0.920000	0.058469	-1.765976	-3.051806	-0.601247	-1.336295	0.235969
0.940000	0.016320	-1.326837	-3.246404	-0.602768	-1.399967	0.247563
0.960000	-0.005364	-0.830321	-3.454558	-0.602451	-1.464064	0.257369
0.980000	-0.012432	-0.294010	-3.669405	-0.600723	-1.527548	0.265482
1.000000	-0.010733	0.264513	-3.884078	-0.598010	-1.589384	0.271996
1.020000	-0.006114	0.827665	-4.091713	-0.594740	-1.648535	0.277004
1.040000	-0.004423	1.377863	-4.285444	-0.591339	-1.703963	0.280602
1.060000	-0.011509	1.897525	-4.458407	-0.588233	-1.754631	0.282884
1.080000	-0.033221	2.369068	-4.603737	-0.585850	-1.799505	0.283943
1.100000	-0.075405	2.774909	-4.714568	-0.584616	-1.837545	0.283875
1.120000	-0.143911	3.097466	-4.784035	-0.584957	-1.867717	0.282773
1.140000	-0.244586	3.319155	-4.805274	-0.587300	-1.888983	0.280732
1.160000	-0.383279	3.422394	-4.771419	-0.592073	-1.900306	0.277846
1.180000	-0.564755	3.392291	-4.676737	-0.599628	-1.900828	0.274205
1.200000	-0.785173	3.235323	-4.524481	-0.609742	-1.891117	0.269868
