0.000000	1.435344	0.495274	0.203885	-0.335377	-0.388843	-0.185948
0.020000	0.818967	-0.690894	0.456752	-0.337333	-0.395763	-0.195188
0.040000	0.219116	-1.816567	0.699792	-0.339089	-0.403260	-0.203566
0.060000	-0.348483	-2.846768	0.924659	-0.340756	-0.411274	-0.210742
0.080000	-0.868103	-3.746520	1.123009	-0.342443	-0.419744	-0.216375
0.100000	-1.324020	-4.480846	1.286497	-0.344259	-0.428607	-0.220126
0.120000	-1.700506	-5.014769	1.406779	-0.346315	-0.437803	-0.221653
0.140000	-1.981835	-5.313311	1.475508	-0.348718	-0.447272	-0.220618
0.160000	-2.155072	-5.348214	1.485941	-0.351555	-0.456951	-0.216748
0.180000	-2.225009	-5.133877	1.441487	-0.354751	-0.466776	-0.210212
0.200000	-2.203367	-4.701383	1.349528	-0.358171	-0.476682	-0.201349
0.220000	-2.101886	-4.081853	1.217456	-0.361678	-0.486604	-0.190500
0.240000	-1.932304	-3.306411	1.052663	-0.365136	-0.496477	-0.178004
0.260000	-1.706362	-2.406177	0.862540	-0.368409	-0.506236	-0.164203
0.280000	-1.435797	-1.412274	0.654479	-0.371362	-0.515814	-0.149437
0.300000	-1.132348	-0.355825	0.435872	-0.373858	-0.525148	-0.134045
0.320000	-0.807756	0.732050	0.214109	-0.375761	-0.534172	-0.118367
0.340000	-0.473759	1.820227	-0.003417	-0.376935	-0.542820	-0.102745
0.360000	-0.142095	2.877586	-0.209316	-0.377245	-0.551028	-0.087518
0.380000	0.175496	3.873002	-0.396194	-0.376554	-0.558730	-0.073027
0.400000	0.467274	4.775356	-0.556661	-0.374726	-0.565861	-0.059611
0.420000	0.721502	5.553524	-0.683326	-0.371626	-0.572356	-0.047611
0.440000	0.926440	6.176385	-0.768796	-0.367116	-0.578149	-0.037368
0.460000	1.070348	6.612816	-0.805680	-0.361062	-0.583176	-0.029221
0.480000	1.141489	6.831695	-0.786586	-0.353328	-0.587371	-0.023510
0.500000	1.128442	6.802782	-0.704345	-0.343782	-0.590671	-0.020568
0.520000	1.030095	6.524229	-0.558933	-0.332495	-0.593053	-0.020434
0.540000	0.857609	6.028006	-0.358836	-0.319772	-0.594546	-0.022807
0.560000	0.622862	5.348055	-0.113038	-0.305931	-0.595181	-0.027362
0.580000	0.337734	4.518323	0.169477	-0.291293	-0.594990	-0.033776
0.600000	0.014102	3.572753	0.479726	-0.276177	-0.594004	-0.041726
0.620000	-0.336154	2.545290	0.808725	-0.260902	-0.592254	-0.050887
0.640000	-0.701158	1.469878	1.147490	-0.245787	-0.589771	-0.060936
0.660000	-1.069029	0.380462	1.487038	-0.231152	-0.586588	-0.071550
0.680000	-1.427890	-0.689014	1.818384	-0.217316	-0.582734	-0.082405
0.700000	-1.765861	-1.704606	2.132544	-0.204599	-0.578242	-0.093177
0.720000	-2.071065	-2.632368	2.420536	-0.193319	-0.573142	-0.103543
0.740000	-2.331624	-3.438357	2.673375	-0.183796	-0.567467	-0.113179
0.760000	-2.535657	-4.088628	2.882078	-0.176350	-0.561247	-0.121762
0.780000	-2.671288	-4.549237	3.037661	-0.171299	-0.554514	-0.128969
0.800000	-2.726783	-4.786639	3.131248	-0.168959	-0.547299	-0.134478
0.820000	-2.698743	-4.790180	3.160141	-0.169398	-0.539690	-0.138149
0.840000	-2.596449	-4.584043	3.131047	-0.172307	-0.531852	-0.140116
0.860000	-2.430251	-4.195333	3.051461	-0.177347	-0.523961	-0.140536
0.880000	-2.210494	-3.651157	2.928877	-0.184178	-0.516191	-0.139566
0.900000	-1.947527	-2.978622	2.770790	-0.192461	-0.508717	-0.137362
0.920000	-1.651696	-2.204833	2.584696	-0.201855	-0.501711	-0.134081
0.940000	-1.333349	-1.356897	2.378089	-0.212021	-0.495350	-0.129880
0.960000	-1.002832	-0.461920	2.158464	-0.222619	-0.489806	-0.124915
0.980000	-0.670494	0.452991	1.933316	-0.233309	-0.485255	-0.119344
