0.000000	-1.637810	-5.825176	0.276744	-0.180522	-0.620565	-0.073867
0.020000	-1.869160	-6.877221	0.606732	-0.176186	-0.630392	-0.064933
0.040000	-2.058010	-7.758132	0.898564	-0.172669	-0.638975	-0.055768
0.060000	-2.191531	-8.427051	1.142207	-0.169971	-0.645937	-0.046506
0.080000	-2.256895	-8.843120	1.327631	-0.168094	-0.650898	-0.037283
0.100000	-2.241271	-8.965480	1.444806	-0.167037	-0.653480	-0.028234
0.120000	-2.135150	-8.764237	1.486175	-0.166783	-0.653391	-0.019489
0.140000	-1.945548	-8.264050	1.456492	-0.167233	-0.650764	-0.011157
0.160000	-1.684606	-7.506515	1.364333	-0.168260	-0.645866	-0.003337
0.180000	-1.364470	-6.533233	1.218274	-0.169738	-0.638963	0.003869
0.200000	-0.997283	-5.385803	1.026893	-0.171542	-0.630320	0.010363
0.220000	-0.595192	-4.105828	0.798767	-0.173544	-0.620204	0.016042
0.240000	-0.170339	-2.734906	0.542471	-0.175620	-0.608880	0.020807
0.260000	0.265129	-1.314640	0.266583	-0.177643	-0.596615	0.024557
0.280000	0.699068	0.113370	-0.020321	-0.179486	-0.583676	0.027192
0.300000	1.119335	1.507524	-0.309663	-0.181024	-0.570327	0.028611
0.320000	1.513783	2.826220	-0.592867	-0.182131	-0.556835	0.028714
0.340000	1.870269	4.027859	-0.861357	-0.182681	-0.543466	0.027400
0.360000	2.176647	5.070840	-1.106554	-0.182548	-0.530486	0.024569
0.380000	2.420774	5.913561	-1.319883	-0.181605	-0.518161	0.020121
0.400000	2.590504	6.514423	-1.492767	-0.179726	-0.506758	0.013954
0.420000	2.673693	6.831825	-1.616628	-0.176786	-0.496542	0.005970
0.440000	2.658200	6.824177	-1.682893	-0.172659	-0.487779	-0.003934
0.460000	2.537755	6.469715	-1.686658	-0.167294	-0.480647	-0.015754
0.480000	2.323902	5.806804	-1.634159	-0.160872	-0.475050	-0.029178
0.500000	2.031547	4.885168	-1.533735	-0.153618	-0.470846	-0.043836
0.520000	1.675599	3.754530	-1.393724	-0.145757	-0.467888	-0.059355
0.540000	1.270964	2.464614	-1.222465	-0.137513	-0.466032	-0.075365
0.560000	0.832550	1.065144	-1.028299	-0.129110	-0.465134	-0.091495
0.580000	0.375264	-0.394155	-0.819563	-0.120774	-0.465048	-0.107372
0.600000	-0.085985	-1.863561	-0.604596	-0.112728	-0.465630	-0.122627
0.620000	-0.536292	-3.293349	-0.391738	-0.105198	-0.466734	-0.136887
0.640000	-0.960749	-4.633796	-0.189328	-0.098407	-0.468217	-0.149783
0.660000	-1.344448	-5.835177	-0.005704	-0.092580	-0.469932	-0.160941
0.680000	-1.672481	-6.847769	0.150795	-0.087943	-0.471737	-0.169992
0.700000	-1.929942	-7.621848	0.271828	-0.084718	-0.473485	-0.176563
0.720000	-2.101923	-8.107690	0.349059	-0.083132	-0.475032	-0.180285
0.740000	-2.174394	-8.258513	0.374627	-0.083393	-0.476238	-0.180810
0.760000	-2.147533	-8.075160	0.348445	-0.085482	-0.477048	-0.178194
0.780000	-2.033026	-7.597055	0.276724	-0.089189	-0.477474	-0.172821
0.800000	-1.842894	-6.864737	0.165854	-0.094299	-0.477530	-0.165081
0.820000	-1.589154	-5.918742	0.022227	-0.100600	-0.477232	-0.155367
0.840000	-1.283826	-4.799607	-0.147767	-0.107877	-0.476594	-0.144069
0.860000	-0.938929	-3.547870	-0.337735	-0.115915	-0.475629	-0.131581
0.880000	-0.566482	-2.204068	-0.541288	-0.124501	-0.474353	-0.118293
0.900000	-0.178503	-0.808737	-0.752035	-0.133420	-0.472779	-0.104597
0.920000	0.212989	0.597584	-0.963583	-0.142459	-0.470923	-0.090885
0.940000	0.595973	1.974359	-1.169542	-0.151403	-0.468799	-0.077549
0.960000	0.958433	3.281051	-1.363521	-0.160039	-0.466421	-0.064981
0.980000	1.288348	4.477123	-1.539129	-0.168151	-0.463804	-0.053571
1.000000	1.573700	5.522037	-1.689975	-0.175526	-0.460963	-0.043712
