0.000000	-2.293196	-4.474479	-0.087538	-0.317180	-0.787383	-0.040871
0.020000	-2.558935	-5.514447	0.107567	-0.322553	-0.763122	-0.046275
0.040000	-2.767317	-6.371627	0.286467	-0.326713	-0.738800	-0.051175
0.060000	-2.906941	-7.006745	0.444081	-0.329367	-0.714703	-0.055430
0.080000	-2.966407	-7.380525	0.575327	-0.330221	-0.691117	-0.058901
0.100000	-2.934419	-7.454045	0.675164	-0.328984	-0.668328	-0.061449
0.120000	-2.807739	-7.215988	0.741614	-0.325546	-0.646537	-0.063022
0.140000	-2.596813	-6.701911	0.777901	-0.320100	-0.625803	-0.063713
0.160000	-2.313416	-5.951922	0.787753	-0.312870	-0.606171	-0.063628
0.180000	-1.969322	-5.006133	0.774899	-0.304082	-0.587688	-0.062875
0.200000	-1.576307	-3.904650	0.743068	-0.293957	-0.570397	-0.061561
0.220000	-1.146144	-2.687585	0.695989	-0.282721	-0.554345	-0.059794
0.240000	-0.690609	-1.395046	0.637391	-0.270598	-0.539577	-0.057681
0.260000	-0.221476	-0.067143	0.571002	-0.257811	-0.526138	-0.055328
0.280000	0.249479	1.256015	0.500551	-0.244584	-0.514073	-0.052844
0.300000	0.710483	2.534320	0.429767	-0.231142	-0.503428	-0.050335
0.320000	1.149760	3.727661	0.362380	-0.217709	-0.494248	-0.047909
0.340000	1.555535	4.795929	0.302116	-0.204508	-0.486578	-0.045672
0.360000	1.916034	5.699015	0.252707	-0.191763	-0.480464	-0.043732
0.380000	2.219483	6.396810	0.217880	-0.179699	-0.475951	-0.042197
0.400000	2.454105	6.849205	0.201363	-0.168539	-0.473083	-0.041173
0.420000	2.608128	7.016091	0.206887	-0.158508	-0.471908	-0.040768
0.440000	2.673945	6.872698	0.236609	-0.149774	-0.472406	-0.041058
0.460000	2.658513	6.447818	0.287205	-0.142309	-0.474340	-0.042011
0.480000	2.571964	5.781931	0.354154	-0.136044	-0.477423	-0.043571
0.500000	2.424430	4.915514	0.432935	-0.130911	-0.481371	-0.045684
0.520000	2.226042	3.889045	0.519027	-0.126838	-0.485897	-0.048293
0.540000	1.986934	2.743003	0.607910	-0.123758	-0.490716	-0.051344
0.560000	1.717237	1.517865	0.695063	-0.121601	-0.495540	-0.054780
0.580000	1.427084	0.254111	0.775965	-0.120297	-0.500085	-0.058546
0.600000	1.126607	-1.007782	0.846095	-0.119777	-0.504065	-0.062587
0.620000	0.825938	-2.227336	0.900932	-0.119972	-0.507193	-0.066848
0.640000	0.535208	-3.364071	0.935956	-0.120812	-0.509184	-0.071272
0.660000	0.264552	-4.377511	0.946646	-0.122227	-0.509752	-0.075805
0.680000	0.024099	-5.227177	0.928481	-0.124149	-0.508611	-0.080390
0.700000	-0.176016	-5.872591	0.876939	-0.126508	-0.505475	-0.084973
0.720000	-0.325663	-6.273273	0.787501	-0.129234	-0.500058	-0.089498
0.740000	-0.414871	-6.389429	0.655747	-0.132259	-0.492080	-0.093909
0.760000	-0.441143	-6.212744	0.481936	-0.135526	-0.481532	-0.098161
0.780000	-0.412439	-5.778951	0.272874	-0.138997	-0.468782	-0.102222
0.800000	-0.337501	-5.127066	0.035853	-0.142636	-0.454229	-0.106059
0.820000	-0.225066	-4.296103	-0.221834	-0.146406	-0.438270	-0.109642
0.840000	-0.083874	-3.325079	-0.492892	-0.150270	-0.421301	-0.112939
0.860000	0.077334	-2.253008	-0.770030	-0.154191	-0.403721	-0.115919
0.880000	0.249820	-1.118906	-1.045954	-0.158134	-0.385927	-0.118549
0.900000	0.424844	0.038212	-1.313371	-0.162061	-0.368316	-0.120799
0.920000	0.593666	1.179331	-1.564988	-0.165935	-0.351285	-0.122637
0.940000	0.747546	2.265434	-1.793511	-0.169720	-0.335233	-0.124031
0.960000	0.877745	3.257507	-1.991648	-0.173380	-0.320556	-0.124950
0.980000	0.975524	4.116534	-2.152105	-0.176877	-0.307651	-0.125363
