0.000000	0.467751	2.148267	-0.662712	0.139528	-0.968997	-0.037096
0.020000	0.593176	2.238735	-0.629910	0.145630	-0.971527	-0.037695
0.040000	0.703915	2.303926	-0.589369	0.151147	-0.973158	-0.038956
0.060000	0.796886	2.339194	-0.540563	0.156137	-0.973753	-0.040798
0.080000	0.869004	2.339893	-0.482966	0.160661	-0.973173	-0.043141
0.100000	0.917188	2.301379	-0.416052	0.164779	-0.971278	-0.045906
0.120000	0.938353	2.219005	-0.339295	0.168551	-0.967931	-0.049012
0.140000	0.929804	2.088741	-0.252311	0.172030	-0.963012	-0.052380
0.160000	0.893055	1.913262	-0.156252	0.175200	-0.956618	-0.055929
0.180000	0.832211	1.699362	-0.053212	0.177998	-0.948979	-0.059582
0.200000	0.751414	1.453896	0.054698	0.180363	-0.940326	-0.063257
0.220000	0.654804	1.183719	0.165370	0.182233	-0.930892	-0.066877
0.240000	0.546525	0.895685	0.276694	0.183547	-0.920907	-0.070361
0.260000	0.430716	0.596650	0.386560	0.184243	-0.910604	-0.073630
0.280000	0.311521	0.293467	0.492859	0.184258	-0.900215	-0.076605
0.300000	0.193081	-0.007008	0.593483	0.183532	-0.889970	-0.079207
0.320000	0.079538	-0.297920	0.686321	0.182003	-0.880102	-0.081355
0.340000	-0.024968	-0.572416	0.769264	0.179608	-0.870842	-0.082972
0.360000	-0.116293	-0.823640	0.840203	0.176286	-0.862422	-0.083976
0.380000	-0.190297	-1.044737	0.897029	0.171976	-0.855074	-0.084290
0.400000	-0.242837	-1.228853	0.937631	0.166615	-0.849030	-0.083833
0.420000	-0.269773	-1.369133	0.959902	0.160142	-0.844520	-0.082527
0.440000	-0.266961	-1.458722	0.961730	0.152494	-0.841777	-0.080291
0.460000	-0.232103	-1.493086	0.941550	0.143651	-0.840968	-0.077092
0.480000	-0.170017	-1.476661	0.899888	0.133745	-0.842015	-0.073066
0.500000	-0.087241	-1.416049	0.837778	0.122947	-0.844780	-0.068394
0.520000	0.009683	-1.317854	0.756254	0.111426	-0.849125	-0.063254
0.540000	0.114218	-1.188678	0.656350	0.099353	-0.854910	-0.057826
0.560000	0.219824	-1.035124	0.539099	0.086898	-0.861999	-0.052289
0.580000	0.319962	-0.863797	0.405535	0.074232	-0.870252	-0.046822
0.600000	0.408093	-0.681297	0.256692	0.061525	-0.879532	-0.041605
0.620000	0.477677	-0.494230	0.093603	0.048947	-0.889700	-0.036818
0.640000	0.522175	-0.309197	-0.082697	0.036668	-0.900618	-0.032638
0.660000	0.535048	-0.132803	-0.271175	0.024859	-0.912148	-0.029247
0.680000	0.509757	0.028352	-0.470797	0.013689	-0.924151	-0.026822
0.700000	0.439763	0.167662	-0.680530	0.003330	-0.936490	-0.025544
0.720000	0.318525	0.278525	-0.899340	-0.006049	-0.949025	-0.025592
0.740000	0.139506	0.354339	-1.126192	-0.014277	-0.961620	-0.027145
0.760000	-0.101757	0.389930	-1.359755	-0.021208	-0.974141	-0.030330
0.780000	-0.399103	0.387448	-1.597163	-0.026816	-0.986488	-0.035005
0.800000	-0.742983	0.351376	-1.835066	-0.031114	-0.998572	-0.040942
0.820000	-1.123847	0.286197	-2.070111	-0.034117	-1.010301	-0.047915
0.840000	-1.532142	0.196395	-2.298944	-0.035838	-1.021586	-0.055696
0.860000	-1.958320	0.086454	-2.518215	-0.036289	-1.032335	-0.064057
0.880000	-2.392829	-0.039142	-2.724571	-0.035484	-1.042460	-0.072772
0.900000	-2.826119	-0.175909	-2.914659	-0.033437	-1.051868	-0.081612
0.920000	-3.248640	-0.319364	-3.085128	-0.030160	-1.060471	-0.090350
0.940000	-3.650840	-0.465022	-3.232624	-0.025668	-1.068178	-0.098758
0.960000	-4.023169	-0.608400	-3.353796	-0.019973	-1.074899	-0.106610
0.980000	-4.356077	-0.745014	-3.445291	-0.013089	-1.080542	-0.113678
1.000000	-4.640013	-0.870380	-3.503757	-0.005029	-1.085018	-0.119734
1.020000	-4.865427	-0.980015	-3.525842	0.004193	-1.088237	-0.124551
1.040000	-5.022767	-1.069434	-3.508194	0.014564	-1.090109	-0.127901
1.060000	-5.102484	-1.134153	-3.447459	0.026071	-1.090542	-0.129558
1.080000	-5.095028	-1.169690	-3.340287	0.038700	-1.089447	-0.129293
