0.000000	-1.941833	3.796873	-1.880045	0.240841	-1.135572	-0.011441
0.020000	-1.813690	3.816200	-1.655625	0.248300	-1.131939	-0.016537
0.040000	-1.666566	3.768273	-1.418542	0.253771	-1.126346	-0.021368
0.060000	-1.500792	3.650462	-1.170881	0.257096	-1.118770	-0.025864
0.080000	-1.319655	3.469374	-0.915870	0.258343	-1.109435	-0.030094
0.100000	-1.126942	3.233163	-0.656928	0.257619	-1.098608	-0.034145
0.120000	-0.926438	2.949982	-0.397475	0.255031	-1.086556	-0.038107
0.140000	-0.721929	2.627985	-0.140931	0.250687	-1.073546	-0.042071
0.160000	-0.517199	2.275329	0.109285	0.244692	-1.059845	-0.046125
0.180000	-0.316036	1.900165	0.349754	0.237154	-1.045719	-0.050359
0.200000	-0.122223	1.510650	0.577055	0.228180	-1.031435	-0.054862
0.220000	0.060453	1.114936	0.787770	0.217877	-1.017260	-0.059723
0.240000	0.228207	0.721179	0.978478	0.206351	-1.003461	-0.065033
0.260000	0.377253	0.337533	1.145760	0.193711	-0.990304	-0.070881
0.280000	0.503806	-0.027849	1.286197	0.180062	-0.978056	-0.077355
0.300000	0.604081	-0.366811	1.396369	0.165512	-0.966985	-0.084546
0.320000	0.674291	-0.671200	1.472856	0.150168	-0.957356	-0.092543
0.340000	0.710652	-0.932861	1.512240	0.134136	-0.949437	-0.101435
0.360000	0.710849	-1.145830	1.512487	0.117536	-0.943414	-0.111250
0.380000	0.677807	-1.311952	1.476511	0.100526	-0.939190	-0.121797
0.400000	0.615619	-1.434809	1.408327	0.083276	-0.936604	-0.132835
0.420000	0.528377	-1.517981	1.311948	0.065955	-0.935494	-0.144123
0.440000	0.420176	-1.565052	1.191388	0.048732	-0.935699	-0.155421
0.460000	0.295106	-1.579603	1.050663	0.031775	-0.937058	-0.166489
0.480000	0.157261	-1.565217	0.893786	0.015254	-0.939409	-0.177086
0.500000	0.010734	-1.525474	0.724770	-0.000664	-0.942593	-0.186972
0.520000	-0.140383	-1.463958	0.547632	-0.015808	-0.946446	-0.195905
0.540000	-0.291997	-1.384251	0.366384	-0.030010	-0.950809	-0.203646
0.560000	-0.440015	-1.289933	0.185041	-0.043101	-0.955519	-0.209954
0.580000	-0.580345	-1.184588	0.007617	-0.054912	-0.960417	-0.214589
0.600000	-0.708894	-1.071798	-0.161874	-0.065274	-0.965340	-0.217309
0.620000	-0.821569	-0.955143	-0.319417	-0.074018	-0.970127	-0.217875
0.640000	-0.914277	-0.838207	-0.460998	-0.080976	-0.974617	-0.216046
0.660000	-0.982926	-0.724571	-0.582604	-0.085979	-0.978650	-0.211582
0.680000	-1.023423	-0.617817	-0.680219	-0.088857	-0.982063	-0.204241
0.700000	-1.031984	-0.521345	-0.750118	-0.089458	-0.984704	-0.193815
0.720000	-1.009020	-0.436068	-0.792492	-0.087842	-0.986527	-0.180528
0.740000	-0.957985	-0.361096	-0.810373	-0.084227	-0.987567	-0.164912
0.760000	-0.882396	-0.295504	-0.806853	-0.078834	-0.987857	-0.147511
0.780000	-0.785771	-0.238362	-0.785023	-0.071881	-0.987435	-0.128865
0.800000	-0.671630	-0.188744	-0.747978	-0.063589	-0.986334	-0.109517
0.820000	-0.543491	-0.145722	-0.698808	-0.054179	-0.984590	-0.090009
0.840000	-0.404873	-0.108368	-0.640608	-0.043871	-0.982239	-0.070881
0.860000	-0.259294	-0.075755	-0.576470	-0.032885	-0.979315	-0.052676
0.880000	-0.110273	-0.046955	-0.509486	-0.021441	-0.975854	-0.035935
0.900000	0.038671	-0.021040	-0.442749	-0.009759	-0.971892	-0.021200
0.920000	0.184020	0.002918	-0.379352	0.001940	-0.967462	-0.009013
0.940000	0.322256	0.025845	-0.322387	0.013436	-0.962601	0.000085
0.960000	0.449859	0.048670	-0.274947	0.024509	-0.957344	0.005551
0.980000	0.563312	0.072320	-0.240124	0.034939	-0.951726	0.006845
1.000000	0.659225	0.097694	-0.220874	0.044513	-0.945783	0.003452
1.020000	0.736830	0.125108	-0.217401	0.053157	-0.939562	-0.004576
1.040000	0.797771	0.154338	-0.227369	0.060926	-0.933119	-0.016669
1.060000	0.843786	0.185144	-0.248349	0.067882	-0.926512	-0.032237
1.080000	0.876611	0.217281	-0.277908	0.074086	-0.919800	-0.050687
1.100000	0.897983	0.250509	-0.313617	0.079597	-0.913038	-0.071431
1.120000	0.909639	0.284584	-0.353045	0.084476	-0.906285	-0.093876
1.140000	0.913315	0.319264	-0.393762	0.088784	-0.899599	-0.117433
1.160000	0.910748	0.354306	-0.433336	0.092581	-0.893036	-0.141510
1.180000	0.903675	0.389468	-0.469337	0.095929	-0.886653	-0.165518
1.200000	0.893832	0.424508	-0.499334	0.098887	-0.880510	-0.188865
1.220000	0.882956	0.459183	-0.520897	0.101517	-0.874662	-0.210960
1.240000	0.872783	0.493250	-0.531595	0.103878	-0.869168	-0.231213
