0.000000	-2.229225	1.069088	-0.326666	0.126331	-1.174222	0.046445
0.020000	-2.299853	1.183169	-0.253975	0.140756	-1.195369	0.056233
0.040000	-2.338416	1.277176	-0.181202	0.154303	-1.213884	0.064319
0.060000	-2.339755	1.346875	-0.109439	0.166629	-1.229165	0.070442
0.080000	-2.298716	1.388028	-0.039775	0.177390	-1.240608	0.074342
0.100000	-2.210141	1.396401	0.026699	0.186245	-1.247610	0.075759
0.120000	-2.068954	1.367812	0.088898	0.192851	-1.249573	0.074436
0.140000	-1.874988	1.301432	0.146121	0.197061	-1.246328	0.070324
0.160000	-1.635678	1.201627	0.198264	0.199023	-1.238365	0.063701
0.180000	-1.359112	1.073206	0.245272	0.198910	-1.226229	0.054870
0.200000	-1.053380	0.920980	0.287089	0.196896	-1.210466	0.044135
0.220000	-0.726571	0.749761	0.323663	0.193153	-1.191623	0.031800
0.240000	-0.386775	0.564361	0.354937	0.187855	-1.170247	0.018169
0.260000	-0.042081	0.369588	0.380857	0.181175	-1.146882	0.003546
0.280000	0.299422	0.170256	0.401370	0.173287	-1.122076	-0.011764
0.300000	0.629645	-0.028826	0.416420	0.164364	-1.096374	-0.027459
0.320000	0.940499	-0.222846	0.425953	0.154580	-1.070323	-0.043234
0.340000	1.223893	-0.406993	0.429914	0.144108	-1.044469	-0.058784
0.360000	1.471740	-0.576456	0.428249	0.133121	-1.019359	-0.073807
0.380000	1.675949	-0.726424	0.420903	0.121792	-0.995538	-0.087998
0.400000	1.828432	-0.852087	0.407822	0.110296	-0.973552	-0.101053
0.420000	1.921099	-0.948633	0.388951	0.098804	-0.953949	-0.112668
0.440000	1.945862	-1.011251	0.364236	0.087492	-0.937273	-0.122539
0.460000	1.898161	-1.036942	0.333795	0.076506	-0.923902	-0.130455
0.480000	1.784579	-1.028415	0.298289	0.065918	-0.913678	-0.136500
0.500000	1.613886	-0.989508	0.258489	0.055781	-0.906338	-0.140814
0.520000	1.394858	-0.924055	0.215162	0.046151	-0.901618	-0.143538
0.540000	1.136268	-0.835893	0.169080	0.037081	-0.899256	-0.144814
0.560000	0.846888	-0.728858	0.121010	0.028627	-0.898989	-0.144782
0.580000	0.535493	-0.606785	0.071722	0.020843	-0.900552	-0.143584
0.600000	0.210856	-0.473511	0.021986	0.013783	-0.903683	-0.141360
0.620000	-0.118249	-0.332871	-0.027430	0.007502	-0.908120	-0.138251
0.640000	-0.443049	-0.188701	-0.075756	0.002054	-0.913598	-0.134398
0.660000	-0.754771	-0.044836	-0.122222	-0.002505	-0.919855	-0.129943
0.680000	-1.044641	0.094886	-0.166060	-0.006122	-0.926627	-0.125026
0.700000	-1.303886	0.226631	-0.206501	-0.008741	-0.933652	-0.119789
0.720000	-1.523731	0.346562	-0.242774	-0.010309	-0.940665	-0.114371
0.740000	-1.695405	0.450844	-0.274111	-0.010770	-0.947405	-0.108915
0.760000	-1.810291	0.535715	-0.299759	-0.010072	-0.953612	-0.103560
0.780000	-1.865747	0.600220	-0.319563	-0.008221	-0.959158	-0.098396
0.800000	-1.866768	0.646990	-0.334135	-0.005298	-0.964091	-0.093451
0.820000	-1.818847	0.678891	-0.344137	-0.001390	-0.968466	-0.088748
0.840000	-1.727477	0.698789	-0.350231	0.003416	-0.972339	-0.084311
0.860000	-1.598150	0.709551	-0.353079	0.009035	-0.975767	-0.080162
0.880000	-1.436360	0.714042	-0.353343	0.015380	-0.978806	-0.076326
0.900000	-1.247601	0.715128	-0.351685	0.022364	-0.981513	-0.072826
0.920000	-1.037365	0.715676	-0.348767	0.029901	-0.983943	-0.069685
0.940000	-0.811145	0.718552	-0.345251	0.037905	-0.986154	-0.066927
0.960000	-0.574434	0.726621	-0.341800	0.046288	-0.988200	-0.064574
0.980000	-0.332727	0.742749	-0.339074	0.054965	-0.990140	-0.062650
1.000000	-0.091515	0.769803	-0.337736	0.063849	-0.992029	-0.061179
1.020000	0.143709	0.810649	-0.338448	0.072853	-0.993923	-0.060184
1.040000	0.367450	0.868152	-0.341872	0.081892	-0.995879	-0.059689
1.060000	0.574216	0.945179	-0.348669	0.090877	-0.997953	-0.059716
1.080000	0.758953	1.044159	-0.359404	0.099728	-1.000194	-0.060283
1.100000	0.920659	1.163492	-0.373722	0.108390	-1.002586	-0.061355
1.120000	1.060518	1.299398	-0.390775	0.116826	-1.005074	-0.062868
1.140000	1.179741	1.448079	-0.409711	0.125000	-1.007606	-0.064757
1.160000	1.279533	1.605734	-0.429677	0.132877	-1.010129	-0.066957
1.180000	1.361104	1.768564	-0.449819	0.140418	-1.012589	-0.069404
