0.000000	-1.870403	0.567236	-0.959113	0.055557	-0.914887	-0.022726
0.020000	-1.707715	0.738716	-0.911208	0.063286	-0.908585	-0.016635
0.040000	-1.522655	0.847314	-0.863763	0.069969	-0.905991	-0.013241
0.060000	-1.319954	0.898970	-0.816603	0.075706	-0.906693	-0.012267
0.080000	-1.104342	0.899624	-0.769551	0.080596	-0.910281	-0.013434
0.100000	-0.880552	0.855218	-0.722432	0.084738	-0.916340	-0.016466
0.120000	-0.653313	0.771693	-0.675069	0.088234	-0.924460	-0.021083
0.140000	-0.427359	0.654990	-0.627286	0.091182	-0.934228	-0.027009
0.160000	-0.207420	0.511051	-0.578908	0.093683	-0.945233	-0.033965
0.180000	0.001772	0.345816	-0.529757	0.095835	-0.957061	-0.041674
0.200000	0.195486	0.165228	-0.479658	0.097740	-0.969300	-0.049859
0.220000	0.368991	-0.024773	-0.428434	0.099496	-0.981539	-0.058240
0.240000	0.517555	-0.218246	-0.375910	0.101204	-0.993366	-0.066540
0.260000	0.636447	-0.409248	-0.321910	0.102963	-1.004368	-0.074483
0.280000	0.720935	-0.591840	-0.266257	0.104873	-1.014133	-0.081789
0.300000	0.766288	-0.760079	-0.208774	0.107034	-1.022248	-0.088181
0.320000	0.767775	-0.908025	-0.149287	0.109546	-1.028303	-0.093381
0.340000	0.720664	-1.029736	-0.087619	0.112508	-1.031884	-0.097112
0.360000	0.622672	-1.120997	-0.023737	0.115981	-1.032741	-0.099181
0.380000	0.479611	-1.183300	0.041917	0.119893	-1.031153	-0.099683
0.400000	0.298966	-1.219317	0.108801	0.124147	-1.027512	-0.098770
0.420000	0.088221	-1.231720	0.176377	0.128646	-1.022207	-0.096594
0.440000	-0.145139	-1.223181	0.244103	0.133291	-1.015629	-0.093308
0.460000	-0.393630	-1.196370	0.311439	0.137984	-1.008169	-0.089065
0.480000	-0.649768	-1.153960	0.377845	0.142628	-1.000216	-0.084016
0.500000	-0.906067	-1.098622	0.442780	0.147125	-0.992162	-0.078314
0.520000	-1.155043	-1.033029	0.505705	0.151377	-0.984396	-0.072112
0.540000	-1.389212	-0.959850	0.566079	0.155286	-0.977310	-0.065563
0.560000	-1.601088	-0.881759	0.623361	0.158755	-0.971293	-0.058818
0.580000	-1.783188	-0.801427	0.677011	0.161685	-0.966735	-0.052030
0.600000	-1.928028	-0.721526	0.726489	0.163979	-0.964028	-0.045351
0.620000	-2.028121	-0.644726	0.771255	0.165538	-0.963562	-0.038935
0.640000	-2.075984	-0.573700	0.810768	0.166266	-0.965727	-0.032933
0.660000	-2.064282	-0.511079	0.844494	0.166066	-0.970905	-0.027497
0.680000	-1.991810	-0.457787	0.872147	0.164917	-0.979136	-0.022707
0.700000	-1.865549	-0.412476	0.893769	0.162896	-0.990008	-0.018550
0.720000	-1.693044	-0.373640	0.909428	0.160089	-1.003072	-0.015009
0.740000	-1.481843	-0.339772	0.919191	0.156581	-1.017884	-0.012064
0.760000	-1.239492	-0.309366	0.923125	0.152456	-1.033997	-0.009697
0.780000	-0.973539	-0.280916	0.921295	0.147800	-1.050964	-0.007889
0.800000	-0.691529	-0.252915	0.913770	0.142698	-1.068341	-0.006620
0.820000	-0.401010	-0.223856	0.900615	0.137235	-1.085680	-0.005873
0.840000	-0.109528	-0.192234	0.881898	0.131496	-1.102535	-0.005629
0.860000	0.175369	-0.156542	0.857685	0.125565	-1.118460	-0.005868
0.880000	0.446134	-0.115273	0.828043	0.119528	-1.133010	-0.006572
0.900000	0.695222	-0.066921	0.793038	0.113470	-1.145738	-0.007722
0.920000	0.915084	-0.009980	0.752738	0.107476	-1.156197	-0.009300
0.940000	1.098175	0.057057	0.707210	0.101630	-1.163942	-0.011286
0.960000	1.236947	0.135696	0.656519	0.096019	-1.168527	-0.013662
0.980000	1.324659	0.227236	0.600759	0.090722	-1.169554	-0.016408
1.000000	1.362417	0.330953	0.540270	0.085779	-1.167109	-0.019484
1.020000	1.355756	0.444981	0.475535	0.081208	-1.161549	-0.022842
1.040000	1.310259	0.567441	0.407035	0.077026	-1.153233	-0.026432
1.060000	1.231511	0.696455	0.335255	0.073249	-1.142522	-0.030206
1.080000	1.125095	0.830143	0.260677	0.069894	-1.129775	-0.034115
1.100000	0.996596	0.966628	0.183784	0.066978	-1.115352	-0.038109
1.120000	0.851597	1.104030	0.105060	0.064517	-1.099613	-0.042141
1.140000	0.695682	1.240472	0.024987	0.062528	-1.082919	-0.046159
1.160000	0.534436	1.374073	-0.055951	0.061029	-1.065628	-0.050117
1.180000	0.373442	1.502957	-0.137270	0.060036	-1.048100	-0.053964
1.200000	0.218285	1.625243	-0.218489	0.059565	-1.030697	-0.057653
1.220000	0.074548	1.739054	-0.299124	0.059633	-1.013777	-0.061132
1.240000	-0.052186	1.842511	-0.378692	0.060258	-0.997700	-0.064355
