0.000000	-1.022379	2.853397	-0.509797	0.201509	-1.101776	-0.049140
0.020000	-1.075671	2.735552	-0.468472	0.205362	-1.112627	-0.053268
0.040000	-1.119713	2.588420	-0.428096	0.207986	-1.120475	-0.057733
0.060000	-1.152732	2.411783	-0.389228	0.209230	-1.124761	-0.062511
0.080000	-1.173308	2.206177	-0.352296	0.208997	-1.125099	-0.067566
0.100000	-1.181432	1.975124	-0.317197	0.207412	-1.121803	-0.072798
0.120000	-1.177445	1.722889	-0.283697	0.204657	-1.115361	-0.078094
0.140000	-1.161689	1.453737	-0.251559	0.200910	-1.106264	-0.083341
0.160000	-1.134506	1.171932	-0.220550	0.196352	-1.094998	-0.088424
0.180000	-1.096238	0.881739	-0.190434	0.191164	-1.082052	-0.093232
0.200000	-1.047226	0.587423	-0.160976	0.185525	-1.067916	-0.097650
0.220000	-0.987811	0.293248	-0.131942	0.179616	-1.053077	-0.101564
0.240000	-0.918336	0.003479	-0.103095	0.173617	-1.038024	-0.104862
0.260000	-0.839142	-0.277619	-0.074202	0.167708	-1.023245	-0.107429
0.280000	-0.750571	-0.545782	-0.045028	0.162069	-1.009229	-0.109153
0.300000	-0.652964	-0.796745	-0.015336	0.156881	-0.996464	-0.109920
0.320000	-0.546663	-1.026244	0.015107	0.152323	-0.985440	-0.109616
0.340000	-0.432009	-1.230013	0.046536	0.148576	-0.976643	-0.108128
0.360000	-0.309345	-1.403788	0.079188	0.145821	-0.970564	-0.105342
0.380000	-0.179011	-1.543304	0.113295	0.144236	-0.967690	-0.101146
0.400000	-0.041471	-1.644804	0.149005	0.143976	-0.968442	-0.095449
0.420000	0.101753	-1.708974	0.185684	0.144963	-0.972651	-0.088378
0.440000	0.248588	-1.738798	0.222294	0.146998	-0.979840	-0.080171
0.460000	0.396959	-1.737279	0.257795	0.149883	-0.989531	-0.071065
0.480000	0.544789	-1.707420	0.291147	0.153417	-1.001246	-0.061298
0.500000	0.690003	-1.652225	0.321308	0.157401	-1.014507	-0.051109
0.520000	0.830523	-1.574696	0.347238	0.161636	-1.028835	-0.040736
0.540000	0.964275	-1.477837	0.367897	0.165924	-1.043751	-0.030416
0.560000	1.089181	-1.364651	0.382244	0.170064	-1.058778	-0.020388
0.580000	1.203165	-1.238141	0.389239	0.173856	-1.073437	-0.010889
0.600000	1.304152	-1.101312	0.387840	0.177103	-1.087250	-0.002159
0.620000	1.390065	-0.957165	0.377008	0.179605	-1.099738	0.005565
0.640000	1.458828	-0.808704	0.355702	0.181162	-1.110423	0.012045
0.660000	1.508365	-0.658932	0.322881	0.181574	-1.118827	0.017043
0.680000	1.536600	-0.510853	0.277504	0.180644	-1.124471	0.020320
0.700000	1.541455	-0.367469	0.218532	0.178171	-1.126877	0.021639
0.720000	1.520967	-0.231701	0.144991	0.173965	-1.125586	0.020771
0.740000	1.475780	-0.104472	0.057526	0.168056	-1.120594	0.017725
0.760000	1.409191	0.015313	-0.041581	0.160697	-1.112360	0.012751
0.780000	1.324615	0.128841	-0.149974	0.152151	-1.101361	0.006107
0.800000	1.225466	0.237300	-0.265296	0.142679	-1.088078	-0.001947
0.820000	1.115159	0.341877	-0.385192	0.132545	-1.072988	-0.011150
0.840000	0.997109	0.443760	-0.507306	0.122011	-1.056570	-0.021244
0.860000	0.874729	0.544134	-0.629282	0.111340	-1.039304	-0.031969
0.880000	0.751436	0.644188	-0.748763	0.100795	-1.021667	-0.043066
0.900000	0.630642	0.745109	-0.863394	0.090637	-1.004140	-0.054273
0.920000	0.515764	0.848083	-0.970818	0.081130	-0.987200	-0.065333
0.940000	0.410214	0.954299	-1.068680	0.072536	-0.971326	-0.075984
0.960000	0.317410	1.064942	-1.154623	0.065119	-0.956998	-0.085969
0.980000	0.240763	1.181201	-1.226292	0.059139	-0.944693	-0.095026
1.000000	0.183690	1.304262	-1.281330	0.054861	-0.934892	-0.102897
1.020000	0.149531	1.435265	-1.317421	0.052542	-0.928063	-0.109326
1.040000	0.138740	1.573521	-1.333778	0.052261	-0.924359	-0.114209
1.060000	0.148042	1.715974	-1.331595	0.053866	-0.923514	-0.117643
1.080000	0.173910	1.859410	-1.312197	0.057189	-0.925240	-0.119737
