0.000000	0.235165	1.719223	-0.812903	0.098057	-0.966575	-0.109956
0.020000	0.275626	1.819299	-0.834586	0.101822	-0.963996	-0.108941
0.040000	0.319330	1.903034	-0.845975	0.105703	-0.962145	-0.107734
0.060000	0.364954	1.969802	-0.847887	0.109614	-0.960906	-0.106474
0.080000	0.411179	2.018976	-0.841142	0.113467	-0.960168	-0.105302
0.100000	0.456681	2.049926	-0.826557	0.117177	-0.959816	-0.104358
0.120000	0.500138	2.062026	-0.804950	0.120658	-0.959738	-0.103783
0.140000	0.540230	2.054648	-0.777140	0.123822	-0.959819	-0.103716
0.160000	0.575635	2.027165	-0.743943	0.126584	-0.959946	-0.104299
0.180000	0.605030	1.978948	-0.706179	0.128857	-0.960007	-0.105672
0.200000	0.627094	1.909370	-0.664666	0.130554	-0.959887	-0.107974
0.220000	0.640504	1.817804	-0.620221	0.131590	-0.959474	-0.111347
0.240000	0.643941	1.703622	-0.573663	0.131879	-0.958654	-0.115930
0.260000	0.636081	1.566195	-0.525810	0.131332	-0.957313	-0.121865
0.280000	0.615603	1.404898	-0.477479	0.129866	-0.955339	-0.129291
0.300000	0.581185	1.219101	-0.429489	0.127392	-0.952618	-0.138349
0.320000	0.531677	1.008390	-0.382637	0.123833	-0.949047	-0.149159
0.340000	0.468173	0.775135	-0.337435	0.119225	-0.944668	-0.161583
0.360000	0.393342	0.523657	-0.294198	0.113682	-0.939623	-0.175303
0.380000	0.309885	0.258319	-0.253238	0.107320	-0.934056	-0.189994
0.400000	0.220505	-0.016513	-0.214864	0.100256	-0.928111	-0.205334
0.420000	0.127903	-0.296479	-0.179387	0.092605	-0.921932	-0.221000
0.440000	0.034780	-0.577213	-0.147118	0.084484	-0.915663	-0.236668
0.460000	-0.056160	-0.854353	-0.118368	0.076008	-0.909449	-0.252015
0.480000	-0.142218	-1.123536	-0.093446	0.067295	-0.903433	-0.266718
0.500000	-0.220691	-1.380398	-0.072664	0.058460	-0.897760	-0.280454
0.520000	-0.288877	-1.620576	-0.056333	0.049620	-0.892574	-0.292899
0.540000	-0.344074	-1.839706	-0.044762	0.040890	-0.888019	-0.303731
0.560000	-0.383582	-2.033426	-0.038262	0.032387	-0.884238	-0.312626
0.580000	-0.404697	-2.197372	-0.037145	0.024227	-0.881377	-0.319261
0.600000	-0.404719	-2.327180	-0.041720	0.016526	-0.879579	-0.323314
0.620000	-0.381119	-2.418681	-0.052269	0.009398	-0.878984	-0.324475
0.640000	-0.334647	-2.471365	-0.068521	0.002910	-0.879631	-0.322722
0.660000	-0.268998	-2.488010	-0.089707	-0.002913	-0.881473	-0.318289
0.680000	-0.187968	-2.471508	-0.115042	-0.008046	-0.884460	-0.311420
0.700000	-0.095355	-2.424750	-0.143741	-0.012467	-0.888540	-0.302356
0.720000	0.005045	-2.350628	-0.175018	-0.016150	-0.893664	-0.291341
0.740000	0.109433	-2.252035	-0.208088	-0.019073	-0.899779	-0.278618
0.760000	0.214012	-2.131863	-0.242166	-0.021211	-0.906836	-0.264429
0.780000	0.314986	-1.993004	-0.276467	-0.022541	-0.914784	-0.249017
0.800000	0.408557	-1.838350	-0.310204	-0.023038	-0.923572	-0.232625
0.820000	0.490928	-1.670793	-0.342592	-0.022680	-0.933149	-0.215496
0.840000	0.558302	-1.493225	-0.372847	-0.021441	-0.943464	-0.197873
0.860000	0.606882	-1.308539	-0.400182	-0.019299	-0.954467	-0.179998
0.880000	0.632869	-1.119626	-0.423813	-0.016229	-0.966107	-0.162115
0.900000	0.632468	-0.929378	-0.442954	-0.012207	-0.978333	-0.144466
0.920000	0.601880	-0.740688	-0.456820	-0.007210	-0.991095	-0.127294
0.940000	0.537310	-0.556448	-0.464625	-0.001214	-1.004342	-0.110842
0.960000	0.435540	-0.379386	-0.465662	0.005796	-1.018013	-0.095340
0.980000	0.299212	-0.210578	-0.460015	0.013739	-1.031959	-0.080888
1.000000	0.134349	-0.050148	-0.448221	0.022480	-1.045976	-0.067512
1.020000	-0.052984	0.101794	-0.430825	0.031884	-1.059860	-0.055235
1.040000	-0.256722	0.245137	-0.408373	0.041814	-1.073408	-0.044082
1.060000	-0.470799	0.379770	-0.381407	0.052135	-1.086415	-0.034078
1.080000	-0.689150	0.505582	-0.350473	0.062710	-1.098678	-0.025247
1.100000	-0.905710	0.622461	-0.316115	0.073404	-1.109993	-0.017612
1.120000	-1.114414	0.730297	-0.278877	0.084082	-1.120157	-0.011200
1.140000	-1.309196	0.828979	-0.239305	0.094606	-1.128964	-0.006033
1.160000	-1.483992	0.918396	-0.197941	0.104843	-1.136212	-0.002137
1.180000	-1.632736	0.998437	-0.155332	0.114654	-1.141696	0.000465
1.200000	-1.749362	1.068991	-0.112021	0.123906	-1.145213	0.001748
