0.000000	-0.285166	1.846861	-2.963000	0.096734	-0.965459	-0.115638
0.020000	-0.266629	2.006790	-2.641112	0.108707	-0.972996	-0.118575
0.040000	-0.276635	2.131109	-2.274423	0.122108	-0.982988	-0.121075
0.060000	-0.310421	2.221806	-1.872759	0.136581	-0.994940	-0.123127
0.080000	-0.363222	2.280869	-1.445949	0.151770	-1.008360	-0.124721
0.100000	-0.430275	2.310289	-1.003819	0.167320	-1.022752	-0.125847
0.120000	-0.506816	2.312052	-0.556195	0.182874	-1.037622	-0.126495
0.140000	-0.588083	2.288149	-0.112906	0.198076	-1.052477	-0.126656
0.160000	-0.669310	2.240566	0.316222	0.212570	-1.066822	-0.126320
0.180000	-0.745735	2.171295	0.721362	0.226001	-1.080163	-0.125476
0.200000	-0.812593	2.082322	1.092687	0.238011	-1.092006	-0.124115
0.220000	-0.865122	1.975636	1.420369	0.248246	-1.101857	-0.122227
0.240000	-0.898557	1.853227	1.694582	0.256349	-1.109222	-0.119802
0.260000	-0.908137	1.717082	1.905502	0.261965	-1.113606	-0.116830
0.280000	-0.890953	1.568936	2.047050	0.264866	-1.114706	-0.113324
0.300000	-0.849425	1.409788	2.123917	0.265202	-1.112762	-0.109361
0.320000	-0.786930	1.240510	2.142717	0.263185	-1.108111	-0.105033
0.340000	-0.706839	1.061971	2.110067	0.259030	-1.101094	-0.100429
0.360000	-0.612527	0.875040	2.032582	0.252950	-1.092046	-0.095638
0.380000	-0.507367	0.680589	1.916878	0.245161	-1.081307	-0.090751
0.400000	-0.394735	0.479487	1.769568	0.235875	-1.069214	-0.085857
0.420000	-0.278003	0.272603	1.597270	0.225308	-1.056105	-0.081046
0.440000	-0.160545	0.060809	1.406599	0.213672	-1.042319	-0.076409
0.460000	-0.045736	-0.155027	1.204169	0.201183	-1.028194	-0.072035
0.480000	0.063050	-0.374034	0.996596	0.188054	-1.014067	-0.068014
0.500000	0.162441	-0.595343	0.790496	0.174499	-1.000278	-0.064435
0.520000	0.249061	-0.818082	0.592484	0.160732	-0.987163	-0.061390
0.540000	0.319538	-1.041383	0.409176	0.146968	-0.975061	-0.058966
0.560000	0.370496	-1.264375	0.247186	0.133420	-0.964310	-0.057256
0.580000	0.398648	-1.486157	0.112994	0.120300	-0.955241	-0.056345
0.600000	0.403361	-1.704827	0.008761	0.107732	-0.947955	-0.056250
0.620000	0.387135	-1.917306	-0.068426	0.095738	-0.942286	-0.056899
0.640000	0.352648	-2.120449	-0.121776	0.084336	-0.938049	-0.058217
0.660000	0.302578	-2.311110	-0.154494	0.073541	-0.935062	-0.060130
0.680000	0.239601	-2.486142	-0.169787	0.063371	-0.933142	-0.062561
0.700000	0.166397	-2.642400	-0.170861	0.053841	-0.932106	-0.065435
0.720000	0.085643	-2.776738	-0.160923	0.044968	-0.931770	-0.068678
0.740000	0.000017	-2.886010	-0.143178	0.036768	-0.931951	-0.072213
0.760000	-0.087803	-2.967070	-0.120835	0.029259	-0.932467	-0.075966
0.780000	-0.175140	-3.016773	-0.097099	0.022456	-0.933134	-0.079861
0.800000	-0.259315	-3.031972	-0.075176	0.016377	-0.933769	-0.083823
0.820000	-0.337651	-3.009521	-0.058273	0.011037	-0.934189	-0.087776
0.840000	-0.407469	-2.946274	-0.049597	0.006453	-0.934211	-0.091646
0.860000	-0.466092	-2.839086	-0.052355	0.002642	-0.933652	-0.095356
0.880000	-0.510842	-2.684811	-0.069751	-0.000381	-0.932328	-0.098832
0.900000	-0.539377	-2.481015	-0.104611	-0.002601	-0.930081	-0.102005
0.920000	-0.552143	-2.231180	-0.156574	-0.004045	-0.926953	-0.104864
0.940000	-0.550966	-1.941717	-0.223708	-0.004755	-0.923082	-0.107426
0.960000	-0.537683	-1.619059	-0.304067	-0.004772	-0.918611	-0.109709
0.980000	-0.514131	-1.269638	-0.395704	-0.004139	-0.913680	-0.111729
1.000000	-0.482146	-0.899886	-0.496676	-0.002899	-0.908431	-0.113504
1.020000	-0.443565	-0.516235	-0.605035	-0.001094	-0.903005	-0.115051
1.040000	-0.400224	-0.125118	-0.718837	0.001234	-0.897543	-0.116388
1.060000	-0.353959	0.267032	-0.836136	0.004042	-0.892185	-0.117533
1.080000	-0.306608	0.653785	-0.954987	0.007287	-0.887073	-0.118501
1.100000	-0.260007	1.028706	-1.073445	0.010928	-0.882348	-0.119311
1.120000	-0.215992	1.385365	-1.189562	0.014922	-0.878152	-0.119979
1.140000	-0.176400	1.717328	-1.301396	0.019226	-0.874624	-0.120524
1.160000	-0.143068	2.018164	-1.406999	0.023798	-0.871907	-0.120963
1.180000	-0.117832	2.281440	-1.504426	0.028596	-0.870141	-0.121312
1.200000	-0.102529	2.500723	-1.591732	0.033577	-0.869468	-0.121589
1.220000	-0.098995	2.669583	-1.666971	0.038698	-0.870028	-0.121812
1.240000	-0.108597	2.783074	-1.728404	0.043921	-0.871920	-0.121995
1.260000	-0.130385	2.843613	-1.775312	0.049221	-0.875035	-0.122135
