0.000000	-0.187671	-0.554020	1.244085	0.043903	-1.034909	-0.131195
0.020000	-0.233451	-0.584282	1.119956	0.037232	-1.052172	-0.129101
0.040000	-0.289594	-0.608067	0.980105	0.030266	-1.069269	-0.126848
0.060000	-0.352236	-0.624623	0.827350	0.023091	-1.085700	-0.124455
0.080000	-0.417511	-0.633199	0.664511	0.015790	-1.100966	-0.121944
0.100000	-0.481557	-0.633042	0.494404	0.008451	-1.114568	-0.119336
0.120000	-0.540509	-0.623402	0.319850	0.001159	-1.126006	-0.116650
0.140000	-0.590504	-0.603526	0.143665	-0.006000	-1.134781	-0.113910
0.160000	-0.627677	-0.572663	-0.031331	-0.012942	-1.140395	-0.111134
0.180000	-0.648164	-0.530062	-0.202321	-0.019581	-1.142347	-0.108344
0.200000	-0.648942	-0.475298	-0.366748	-0.025831	-1.140271	-0.105565
0.220000	-0.631117	-0.409559	-0.523343	-0.031613	-1.134451	-0.102837
0.240000	-0.597056	-0.334525	-0.671232	-0.036846	-1.125372	-0.100208
0.260000	-0.549129	-0.251877	-0.809542	-0.041452	-1.113518	-0.097724
0.280000	-0.489706	-0.163294	-0.937396	-0.045350	-1.099373	-0.095432
0.300000	-0.421156	-0.070458	-1.053922	-0.048462	-1.083421	-0.093379
0.320000	-0.345848	0.024952	-1.158244	-0.050708	-1.066146	-0.091611
0.340000	-0.266152	0.121254	-1.249489	-0.052008	-1.048033	-0.090174
0.360000	-0.184436	0.216769	-1.326782	-0.052284	-1.029565	-0.089116
0.380000	-0.103071	0.309816	-1.389249	-0.051456	-1.011226	-0.088484
0.400000	-0.024425	0.398715	-1.436016	-0.049444	-0.993501	-0.088323
0.420000	0.049132	0.481784	-1.466207	-0.046169	-0.976874	-0.088681
0.440000	0.115231	0.557345	-1.478950	-0.041551	-0.961828	-0.089604
0.460000	0.171503	0.623716	-1.473369	-0.035512	-0.948849	-0.091139
0.480000	0.215577	0.679216	-1.448591	-0.027971	-0.938420	-0.093332
0.500000	0.245414	0.722393	-1.404045	-0.018881	-0.930951	-0.096215
0.520000	0.261117	0.753268	-1.341156	-0.008402	-0.926369	-0.099715
0.540000	0.263650	0.772457	-1.262147	0.003223	-0.924406	-0.103718
0.560000	0.253979	0.780579	-1.169243	0.015751	-0.924793	-0.108110
0.580000	0.233073	0.778250	-1.064669	0.028940	-0.927264	-0.112776
0.600000	0.201897	0.766088	-0.950652	0.042545	-0.931549	-0.117603
0.620000	0.161418	0.744710	-0.829416	0.056323	-0.937381	-0.122477
0.640000	0.112602	0.714735	-0.703187	0.070032	-0.944490	-0.127283
0.660000	0.056418	0.676779	-0.574191	0.083428	-0.952610	-0.131908
0.680000	-0.006169	0.631460	-0.444652	0.096268	-0.961472	-0.136237
0.700000	-0.074192	0.579396	-0.316797	0.108309	-0.970808	-0.140156
0.720000	-0.146685	0.521204	-0.192850	0.119307	-0.980349	-0.143551
0.740000	-0.222679	0.457502	-0.075038	0.129020	-0.989828	-0.146308
0.760000	-0.301210	0.388906	0.034415	0.137204	-0.998976	-0.148313
0.780000	-0.381309	0.316035	0.133283	0.143616	-1.007526	-0.149452
0.800000	-0.462011	0.239507	0.219341	0.148012	-1.015208	-0.149611
0.820000	-0.542348	0.159937	0.290362	0.150151	-1.021755	-0.148675
0.840000	-0.621223	0.077951	0.344701	0.149866	-1.026959	-0.146574
0.860000	-0.697025	-0.005805	0.382997	0.147300	-1.030847	-0.143406
0.880000	-0.768014	-0.090679	0.406452	0.142674	-1.033504	-0.139312
0.900000	-0.832452	-0.176019	0.416268	0.136205	-1.035016	-0.134433
0.920000	-0.888599	-0.261171	0.413647	0.128113	-1.035469	-0.128910
0.940000	-0.934716	-0.345483	0.399792	0.118618	-1.034949	-0.122882
0.960000	-0.969065	-0.428303	0.375905	0.107938	-1.033541	-0.116492
0.980000	-0.989906	-0.508979	0.343188	0.096292	-1.031331	-0.109880
1.000000	-0.995501	-0.586857	0.302843	0.083900	-1.028404	-0.103185
1.020000	-0.984111	-0.661286	0.256073	0.070980	-1.024846	-0.096550
1.040000	-0.953997	-0.731612	0.204080	0.057752	-1.020742	-0.090114
1.060000	-0.903419	-0.797183	0.148067	0.044435	-1.016180	-0.084019
1.080000	-0.830639	-0.857348	0.089235	0.031248	-1.011243	-0.078406
1.100000	-0.733918	-0.911452	0.028787	0.018411	-1.006017	-0.073414
1.120000	-0.611516	-0.958845	-0.032075	0.006141	-1.000589	-0.069184
1.140000	-0.461696	-0.998873	-0.092148	-0.005341	-0.995044	-0.065858
1.160000	-0.283285	-1.030930	-0.150308	-0.015834	-0.989467	-0.063559
