0.000000	-3.105240	2.238581	-0.108881	-0.297057	-0.705958	-0.508135
0.020000	-2.894432	2.153065	-0.139838	-0.303925	-0.710707	-0.521834
0.040000	-2.676029	2.060250	-0.174023	-0.309878	-0.715858	-0.535528
0.060000	-2.449941	1.959821	-0.210989	-0.314697	-0.721311	-0.549178
0.080000	-2.216076	1.851461	-0.250286	-0.318166	-0.726965	-0.562742
0.100000	-1.974345	1.734853	-0.291468	-0.320067	-0.732721	-0.576182
0.120000	-1.724751	1.609799	-0.334072	-0.320208	-0.738492	-0.589456
0.140000	-1.468385	1.477453	-0.377500	-0.318689	-0.744330	-0.602530
0.160000	-1.207025	1.339832	-0.421064	-0.315798	-0.750382	-0.615369
0.180000	-0.942463	1.198965	-0.464074	-0.311823	-0.756793	-0.627939
0.200000	-0.676490	1.056882	-0.505843	-0.307055	-0.763708	-0.640206
0.220000	-0.410898	0.915614	-0.545680	-0.301782	-0.771274	-0.652136
0.240000	-0.147478	0.777191	-0.582897	-0.296295	-0.779636	-0.663695
0.260000	0.111980	0.643641	-0.616804	-0.290884	-0.788940	-0.674850
0.280000	0.365684	0.516997	-0.646712	-0.285837	-0.799333	-0.685566
0.300000	0.611842	0.399287	-0.671933	-0.281445	-0.810959	-0.695810
0.320000	0.848664	0.292542	-0.691777	-0.277997	-0.823966	-0.705547
0.340000	1.074358	0.198791	-0.705555	-0.275783	-0.838499	-0.714744
0.360000	1.287133	0.120065	-0.712578	-0.275093	-0.854703	-0.723366
0.380000	1.485197	0.058394	-0.712156	-0.276216	-0.872725	-0.731380
0.400000	1.666761	0.015807	-0.703602	-0.279441	-0.892710	-0.738752
0.420000	1.830032	-0.005664	-0.686224	-0.285059	-0.914805	-0.745447
0.440000	1.973255	-0.004063	-0.659364	-0.293350	-0.939147	-0.751432
0.460000	2.095941	0.020071	-0.623337	-0.304290	-0.965601	-0.756680
0.480000	2.199176	0.063090	-0.579680	-0.317476	-0.993694	-0.761170
0.500000	2.284141	0.121154	-0.530000	-0.332480	-1.022928	-0.764881
0.520000	2.352018	0.190423	-0.475909	-0.348876	-1.052810	-0.767795
0.540000	2.403990	0.267057	-0.419016	-0.366237	-1.082842	-0.769891
0.560000	2.441238	0.347215	-0.360932	-0.384135	-1.112530	-0.771149
0.580000	2.464946	0.427057	-0.303265	-0.402144	-1.141378	-0.771550
0.600000	2.476294	0.502742	-0.247626	-0.419836	-1.168891	-0.771074
0.620000	2.476467	0.570432	-0.195626	-0.436784	-1.194572	-0.769700
0.640000	2.466645	0.626285	-0.148872	-0.452562	-1.217926	-0.767410
0.660000	2.448011	0.666461	-0.108977	-0.466743	-1.238458	-0.764182
0.680000	2.421748	0.687120	-0.077549	-0.478899	-1.255672	-0.759998
0.700000	2.389037	0.684422	-0.056198	-0.488603	-1.269072	-0.754837
0.720000	2.351061	0.654527	-0.046535	-0.495429	-1.278163	-0.748680
0.740000	2.309002	0.593594	-0.050169	-0.498949	-1.282450	-0.741506
0.760000	2.263981	0.498402	-0.068467	-0.498790	-1.281502	-0.733305
0.780000	2.216586	0.371233	-0.100645	-0.495052	-1.275476	-0.724138
0.800000	2.167121	0.217251	-0.144788	-0.488083	-1.264837	-0.714108
0.820000	2.115889	0.041645	-0.198972	-0.478235	-1.250051	-0.703317
0.840000	2.063193	-0.150395	-0.261273	-0.465857	-1.231584	-0.691867
0.860000	2.009336	-0.353681	-0.329769	-0.451301	-1.209904	-0.679860
0.880000	1.954621	-0.563022	-0.402534	-0.434918	-1.185476	-0.667398
0.900000	1.899350	-0.773231	-0.477645	-0.417057	-1.158768	-0.654584
0.920000	1.843826	-0.979116	-0.553179	-0.398071	-1.130246	-0.641519
0.940000	1.788353	-1.175490	-0.627212	-0.378309	-1.100376	-0.628306
0.960000	1.733232	-1.357162	-0.697819	-0.358122	-1.069626	-0.615046
0.980000	1.678768	-1.518944	-0.763077	-0.337861	-1.038462	-0.601843
1.000000	1.625262	-1.655646	-0.821063	-0.317878	-1.007351	-0.588797
1.020000	1.573018	-1.762079	-0.869853	-0.298521	-0.976759	-0.576012
1.040000	1.522339	-1.833054	-0.907522	-0.280143	-0.947153	-0.563588
1.060000	1.473526	-1.863380	-0.932147	-0.263094	-0.918999	-0.551629
1.080000	1.426884	-1.847870	-0.941805	-0.247724	-0.892764	-0.540237
1.100000	1.382715	-1.781409	-0.934594	-0.234382	-0.868912	-0.529512
1.120000	1.341328	-1.663584	-0.910094	-0.223229	-0.847674	-0.519493
1.140000	1.303040	-1.501354	-0.870198	-0.214134	-0.828926	-0.510120
1.160000	1.268168	-1.302321	-0.817004	-0.206940	-0.812509	-0.501324
1.180000	1.237032	-1.074091	-0.752611	-0.201492	-0.798264	-0.493036
1.200000	1.209950	-0.824267	-0.679116	-0.197634	-0.786034	-0.485187
1.220000	1.187239	-0.560453	-0.598616	-0.195209	-0.775661	-0.477710
1.240000	1.169217	-0.290252	-0.513210	-0.194060	-0.766987	-0.470534
1.260000	1.156203	-0.021268	-0.424995	-0.194032	-0.759853	-0.463591
1.280000	1.148515	0.238894	-0.336068	-0.194968	-0.754101	-0.456813
1.300000	1.146472	0.482632	-0.248528	-0.196712	-0.749574	-0.450131
1.320000	1.150390	0.702341	-0.164473	-0.199108	-0.746113	-0.443475
1.340000	1.160588	0.890417	-0.085999	-0.201999	-0.743560	-0.436778
1.360000	1.177385	1.039257	-0.015206	-0.205229	-0.741758	-0.429970
1.380000	1.201083	1.141386	0.045843	-0.208643	-0.740549	-0.422983
1.400000	1.231382	1.194466	0.096344	-0.212145	-0.739848	-0.415790
1.420000	1.267191	1.202880	0.137154	-0.215713	-0.739660	-0.408412
1.440000	1.307366	1.171469	0.169239	-0.219331	-0.739996	-0.400876
1.460000	1.350763	1.105074	0.193567	-0.222984	-0.740868	-0.393207
1.480000	1.396237	1.008535	0.211105	-0.226655	-0.742288	-0.385432
1.500000	1.442644	0.886693	0.222820	-0.230328	-0.744267	-0.377577
1.520000	1.488840	0.744387	0.229680	-0.233987	-0.746817	-0.369668
1.540000	1.533682	0.586458	0.232651	-0.237617	-0.749948	-0.361731
1.560000	1.576024	0.417746	0.232702	-0.241201	-0.753673	-0.353792
1.580000	1.614722	0.243092	0.230798	-0.244724	-0.758003	-0.345877
1.600000	1.648633	0.067336	0.227908	-0.248168	-0.762950	-0.338012
1.620000	1.676612	-0.104681	0.224999	-0.251520	-0.768526	-0.330224
1.640000	1.697514	-0.268120	0.223038	-0.254761	-0.774741	-0.322538
1.660000	1.710197	-0.418140	0.222991	-0.257877	-0.781607	-0.314980
1.680000	1.713515	-0.549900	0.225827	-0.260851	-0.789136	-0.307577
1.700000	1.706324	-0.658561	0.232513	-0.263668	-0.797339	-0.300354
1.720000	1.687480	-0.739281	0.244016	-0.266311	-0.806229	-0.293338
1.740000	1.656238	-0.788426	0.261047	-0.268772	-0.815791	-0.286547
1.760000	1.613542	-0.807446	0.283240	-0.271073	-0.825912	-0.279962
1.780000	1.560781	-0.799137	0.309943	-0.273246	-0.836449	-0.273558
1.800000	1.499342	-0.766295	0.340504	-0.275319	-0.847260	-0.267308
1.820000	1.430615	-0.711713	0.374273	-0.277326	-0.858204	-0.261186
1.840000	1.355989	-0.638188	0.410597	-0.279295	-0.869138	-0.255165
1.860000	1.276851	-0.548513	0.448825	-0.281259	-0.879920	-0.249219
1.880000	1.194591	-0.445484	0.488305	-0.283247	-0.890409	-0.243320
1.900000	1.110598	-0.331896	0.528386	-0.285290	-0.900462	-0.237443
1.920000	1.026260	-0.210545	0.568415	-0.287419	-0.909938	-0.231561
1.940000	0.942966	-0.084224	0.607742	-0.289665	-0.918694	-0.225648
1.960000	0.862104	0.044271	0.645715	-0.292058	-0.926588	-0.219677
1.980000	0.785064	0.172144	0.681682	-0.294630	-0.933479	-0.213621
2.000000	0.713233	0.296602	0.714991	-0.297410	-0.939224	-0.207454
2.020000	0.648001	0.414848	0.744991	-0.300430	-0.943682	-0.201150
2.040000	0.590527	0.524405	0.771092	-0.303711	-0.946743	-0.194693
2.060000	0.540682	0.624563	0.793044	-0.307225	-0.948478	-0.188134
2.080000	0.497893	0.715226	0.810718	-0.310926	-0.949023	-0.181546
2.100000	0.461585	0.796302	0.823985	-0.314770	-0.948511	-0.175003
2.120000	0.431182	0.867697	0.832714	-0.318710	-0.947078	-0.168577
2.140000	0.406110	0.929316	0.836776	-0.322700	-0.944859	-0.162342
2.160000	0.385793	0.981067	0.836042	-0.326695	-0.941987	-0.156371
2.180000	0.369657	1.022854	0.830381	-0.330649	-0.938597	-0.150737
2.200000	0.357126	1.054585	0.819665	-0.334517	-0.934825	-0.145513
2.220000	0.347626	1.076165	0.803763	-0.338253	-0.930805	-0.140772
2.240000	0.340581	1.087501	0.782545	-0.341812	-0.926671	-0.136588
2.260000	0.335417	1.088498	0.755883	-0.345147	-0.922559	-0.133034
2.280000	0.331559	1.079064	0.723646	-0.348213	-0.918603	-0.130182
2.300000	0.328431	1.059103	0.685704	-0.350965	-0.914937	-0.128106
2.320000	0.325458	1.028524	0.641929	-0.353356	-0.911696	-0.126880
2.340000	0.322067	0.987230	0.592190	-0.355342	-0.909016	-0.126576
2.360000	0.317615	0.935240	0.536414	-0.356880	-0.907018	-0.127258
2.380000	0.310603	0.874009	0.475255	-0.357971	-0.905671	-0.128878
2.400000	0.298931	0.806007	0.409880	-0.358649	-0.904833	-0.131306
2.420000	0.280481	0.733723	0.341466	-0.358947	-0.904361	-0.134410
2.440000	0.253142	0.659646	0.271190	-0.358899	-0.904112	-0.138060
2.460000	0.214796	0.586266	0.200230	-0.358537	-0.903941	-0.142123
2.480000	0.163331	0.516073	0.129761	-0.357896	-0.903707	-0.146470
2.500000	0.096631	0.451556	0.060962	-0.357008	-0.903264	-0.150969
2.520000	0.012581	0.395204	-0.004990	-0.355908	-0.902471	-0.155489
2.540000	-0.090933	0.349507	-0.066919	-0.354628	-0.901183	-0.159898
2.560000	-0.216025	0.316954	-0.123647	-0.353203	-0.899256	-0.164065
2.580000	-0.364810	0.300035	-0.173997	-0.351664	-0.896549	-0.167860
2.600000	-0.539404	0.301239	-0.216793	-0.350047	-0.892916	-0.171151
2.620000	-0.741920	0.323056	-0.250856	-0.348384	-0.888215	-0.173806
2.640000	-0.974473	0.367976	-0.275010	-0.346709	-0.882303	-0.175696
2.660000	-1.238990	0.438355	-0.288154	-0.345053	-0.875043	-0.176696
2.680000	-1.533810	0.534052	-0.290646	-0.343398	-0.866468	-0.176847
2.700000	-1.854060	0.652679	-0.284146	-0.341681	-0.856754	-0.176331
2.720000	-2.194753	0.791773	-0.270365	-0.339840	-0.846083	-0.175338
2.740000	-2.550900	0.948868	-0.251010	-0.337812	-0.834640	-0.174057
2.760000	-2.917515	1.121499	-0.227791	-0.335533	-0.822607	-0.172677
2.780000	-3.289609	1.307201	-0.202416	-0.332939	-0.810167	-0.171387
2.800000	-3.662195	1.503509	-0.176594	-0.329969	-0.797503	-0.170375
2.820000	-4.030286	1.707958	-0.152034	-0.326558	-0.784797	-0.169831
2.840000	-4.388894	1.918083	-0.130444	-0.322642	-0.772233	-0.169944
2.860000	-4.733031	2.131419	-0.113534	-0.318160	-0.759994	-0.170903
2.880000	-5.057710	2.345501	-0.103011	-0.313047	-0.748263	-0.172896
2.900000	-5.357944	2.557864	-0.100585	-0.307240	-0.737222	-0.176114
2.920000	-5.628744	2.766043	-0.107964	-0.300676	-0.727054	-0.180743
2.940000	-5.865124	2.967573	-0.126857	-0.293292	-0.717943	-0.186975
2.960000	-6.062095	3.159989	-0.158973	-0.285024	-0.710071	-0.194997
2.980000	-6.214703	3.340831	-0.206003	-0.275811	-0.703621	-0.204998
3.000000	-6.320725	3.508080	-0.268141	-0.265701	-0.698711	-0.217051
3.020000	-6.382730	3.660490	-0.342961	-0.254937	-0.695350	-0.231037
3.040000	-6.403766	3.796891	-0.427772	-0.243782	-0.693535	-0.246812
3.060000	-6.386886	3.916114	-0.519882	-0.232497	-0.693263	-0.264235
3.080000	-6.335140	4.016991	-0.616601	-0.221346	-0.694531	-0.283164
3.100000	-6.251577	4.098353	-0.715236	-0.210591	-0.697338	-0.303458
3.120000	-6.139248	4.159030	-0.813098	-0.200495	-0.701679	-0.324974
3.140000	-6.001205	4.197854	-0.907494	-0.191319	-0.707552	-0.347570
3.160000	-5.840496	4.213656	-0.995734	-0.183326	-0.714954	-0.371106
3.180000	-5.660174	4.205267	-1.075126	-0.176779	-0.723883	-0.395438
