0.000000	-5.660174	4.205267	-1.075126	-0.176779	-0.723883	-0.395438
0.020000	-5.463288	4.171519	-1.142979	-0.171941	-0.734335	-0.420425
0.040000	-5.252888	4.111241	-1.196602	-0.169073	-0.746308	-0.445926
0.060000	-5.032026	4.023266	-1.233304	-0.168438	-0.759800	-0.471798
0.080000	-4.803751	3.906424	-1.250393	-0.170299	-0.774806	-0.497900
0.100000	-4.571114	3.759547	-1.245179	-0.174917	-0.791324	-0.524090
0.120000	-4.337032	3.581681	-1.215182	-0.182531	-0.809342	-0.550225
0.140000	-4.102524	3.374929	-1.160911	-0.193021	-0.828685	-0.576139
0.160000	-3.867205	3.143656	-1.085093	-0.206002	-0.849068	-0.601653
0.180000	-3.630655	2.892279	-0.990504	-0.221083	-0.870197	-0.626587
0.200000	-3.392456	2.625217	-0.879924	-0.237875	-0.891783	-0.650760
0.220000	-3.152190	2.346889	-0.756130	-0.255988	-0.913534	-0.673991
0.240000	-2.909436	2.061713	-0.621899	-0.275030	-0.935159	-0.696100
0.260000	-2.663778	1.774107	-0.480010	-0.294611	-0.956367	-0.716907
0.280000	-2.414795	1.488490	-0.333239	-0.314341	-0.976866	-0.736230
0.300000	-2.162069	1.209280	-0.184366	-0.333830	-0.996366	-0.753890
0.320000	-1.905182	0.940896	-0.036167	-0.352686	-1.014575	-0.769705
0.340000	-1.643714	0.687755	0.108580	-0.370520	-1.031202	-0.783496
0.360000	-1.377247	0.454277	0.247096	-0.386942	-1.045957	-0.795082
0.380000	-1.105362	0.244879	0.376604	-0.401560	-1.058548	-0.804281
0.400000	-0.827640	0.063980	0.494327	-0.413985	-1.068683	-0.810915
0.420000	-0.543662	-0.084002	0.597486	-0.423825	-1.076072	-0.814802
0.440000	-0.253702	-0.195724	0.683748	-0.430779	-1.080497	-0.815823
0.460000	0.038669	-0.272984	0.752901	-0.434958	-1.082089	-0.814152
0.480000	0.328894	-0.319114	0.805366	-0.436600	-1.081082	-0.810051
0.500000	0.612415	-0.337444	0.841562	-0.435942	-1.077711	-0.803782
0.520000	0.884675	-0.331305	0.861910	-0.433221	-1.072212	-0.795605
0.540000	1.141117	-0.304027	0.866832	-0.428674	-1.064818	-0.785783
0.560000	1.377184	-0.258942	0.856746	-0.422539	-1.055766	-0.774577
0.580000	1.588319	-0.199380	0.832075	-0.415053	-1.045290	-0.762249
0.600000	1.769965	-0.128672	0.793239	-0.406452	-1.033625	-0.749060
0.620000	1.917565	-0.050150	0.740658	-0.396974	-1.021005	-0.735272
0.640000	2.026561	0.032857	0.674752	-0.386857	-1.007667	-0.721146
0.660000	2.092397	0.117017	0.595943	-0.376336	-0.993844	-0.706944
0.680000	2.110516	0.199000	0.504650	-0.365650	-0.979771	-0.692928
0.700000	2.076359	0.275473	0.401295	-0.355035	-0.965684	-0.679359
0.720000	1.985371	0.343108	0.286298	-0.344729	-0.951818	-0.666499
0.740000	1.832994	0.398573	0.160080	-0.334969	-0.938407	-0.654608
0.760000	1.614674	0.438537	0.023060	-0.325992	-0.925686	-0.643950
0.780000	1.329153	0.460741	-0.123966	-0.317969	-0.913829	-0.634703
0.800000	0.984782	0.466039	-0.279119	-0.310884	-0.902836	-0.626809
0.820000	0.591652	0.455852	-0.440322	-0.304684	-0.892672	-0.620168
0.840000	0.159855	0.431599	-0.605498	-0.299318	-0.883304	-0.614678
0.860000	-0.300519	0.394699	-0.772569	-0.294734	-0.874699	-0.610238
0.880000	-0.779378	0.346573	-0.939459	-0.290879	-0.866822	-0.606746
0.900000	-1.266630	0.288641	-1.104091	-0.287702	-0.859641	-0.604102
0.920000	-1.752185	0.222322	-1.264388	-0.285150	-0.853122	-0.602204
0.940000	-2.225951	0.149037	-1.418273	-0.283173	-0.847231	-0.600951
0.960000	-2.677836	0.070204	-1.563668	-0.281717	-0.841934	-0.600241
0.980000	-3.097750	-0.012755	-1.698497	-0.280732	-0.837199	-0.599974
1.000000	-3.475601	-0.098423	-1.820682	-0.280165	-0.832992	-0.600048
1.020000	-3.801298	-0.185377	-1.928148	-0.279963	-0.829279	-0.600362
1.040000	-4.064749	-0.272199	-2.018816	-0.280077	-0.826027	-0.600815
1.060000	-4.255864	-0.357469	-2.090610	-0.280452	-0.823202	-0.601306
1.080000	-4.364788	-0.439795	-2.141493	-0.281038	-0.820770	-0.601734
1.100000	-4.389317	-0.518675	-2.170755	-0.281785	-0.818695	-0.602036
1.120000	-4.336359	-0.594668	-2.179261	-0.282648	-0.816936	-0.602192
1.140000	-4.213353	-0.668394	-2.167968	-0.283580	-0.815451	-0.602184
1.160000	-4.027739	-0.740474	-2.137836	-0.284535	-0.814200	-0.601994
1.180000	-3.786956	-0.811530	-2.089821	-0.285468	-0.813141	-0.601606
1.200000	-3.498444	-0.882181	-2.024881	-0.286333	-0.812234	-0.601000
1.220000	-3.169643	-0.953049	-1.943976	-0.287084	-0.811436	-0.600161
1.240000	-2.807992	-1.024755	-1.848061	-0.287674	-0.810707	-0.599069
1.260000	-2.420931	-1.097919	-1.738096	-0.288059	-0.810007	-0.597708
1.280000	-2.015898	-1.173162	-1.615038	-0.288191	-0.809293	-0.596060
1.300000	-1.600335	-1.251105	-1.479845	-0.288027	-0.808524	-0.594106
1.320000	-1.181680	-1.332369	-1.333475	-0.287518	-0.807660	-0.591831
1.340000	-0.767373	-1.417574	-1.176886	-0.286620	-0.806660	-0.589215
1.360000	-0.364853	-1.507341	-1.011036	-0.285287	-0.805481	-0.586242
1.380000	0.018440	-1.602291	-0.836882	-0.283472	-0.804084	-0.582894
1.400000	0.375676	-1.702847	-0.655498	-0.281138	-0.802434	-0.579151
1.420000	0.705163	-1.807758	-0.468923	-0.278317	-0.800563	-0.574985
1.440000	1.007787	-1.914936	-0.279683	-0.275073	-0.798532	-0.570360
1.460000	1.284451	-2.022287	-0.090307	-0.271472	-0.796405	-0.565240
1.480000	1.536061	-2.127716	0.096676	-0.267579	-0.794244	-0.559590
1.500000	1.763519	-2.229128	0.278738	-0.263462	-0.792114	-0.553376
1.520000	1.967732	-2.324428	0.453349	-0.259184	-0.790075	-0.546562
1.540000	2.149602	-2.411523	0.617981	-0.254813	-0.788192	-0.539113
1.560000	2.310034	-2.488317	0.770104	-0.250413	-0.786527	-0.530993
1.580000	2.449932	-2.552716	0.907190	-0.246050	-0.785143	-0.522167
1.600000	2.570201	-2.602625	1.026709	-0.241790	-0.784103	-0.512601
1.620000	2.671745	-2.635949	1.126134	-0.237699	-0.783470	-0.502258
1.640000	2.755468	-2.650595	1.202934	-0.233842	-0.783307	-0.491103
1.660000	2.822275	-2.644467	1.254581	-0.230285	-0.783677	-0.479102
1.680000	2.873068	-2.615470	1.278545	-0.227094	-0.784643	-0.466220
1.700000	2.908754	-2.561510	1.272299	-0.224334	-0.786267	-0.452419
1.720000	2.930236	-2.480493	1.233313	-0.222071	-0.788612	-0.437667
1.740000	2.938407	-2.371092	1.160038	-0.220357	-0.791724	-0.421962
1.760000	2.934102	-2.235833	1.055833	-0.219173	-0.795554	-0.405479
1.780000	2.918139	-2.078445	0.925593	-0.218476	-0.800029	-0.388449
1.800000	2.891335	-1.902657	0.774212	-0.218225	-0.805071	-0.371101
1.820000	2.854509	-1.712198	0.606584	-0.218380	-0.810606	-0.353666
1.840000	2.808476	-1.510798	0.427604	-0.218898	-0.816558	-0.336373
1.860000	2.754055	-1.302186	0.242167	-0.219738	-0.822851	-0.319452
1.880000	2.692064	-1.090092	0.055166	-0.220859	-0.829410	-0.303133
1.900000	2.623319	-0.878246	-0.128503	-0.222219	-0.836159	-0.287647
1.920000	2.548639	-0.670375	-0.303945	-0.223776	-0.843022	-0.273223
1.940000	2.468840	-0.470211	-0.466268	-0.225490	-0.849925	-0.260091
1.960000	2.384741	-0.281483	-0.610575	-0.227319	-0.856791	-0.248481
1.980000	2.297159	-0.107919	-0.731973	-0.229221	-0.863545	-0.238623
2.000000	2.206910	0.046751	-0.825567	-0.231155	-0.870112	-0.230747
2.020000	2.114814	0.178797	-0.886462	-0.233079	-0.876415	-0.225083
2.040000	2.021646	0.284896	-0.910667	-0.234962	-0.882388	-0.221807
2.060000	1.927915	0.364436	-0.900210	-0.236831	-0.888023	-0.220736
2.080000	1.834020	0.417915	-0.859584	-0.238741	-0.893337	-0.221542
2.100000	1.740357	0.445834	-0.793291	-0.240744	-0.898346	-0.223894
2.120000	1.647326	0.448693	-0.705829	-0.242895	-0.903065	-0.227461
2.140000	1.555322	0.426994	-0.601701	-0.245247	-0.907512	-0.231915
2.160000	1.464745	0.381236	-0.485406	-0.247853	-0.911703	-0.236925
2.180000	1.375992	0.311921	-0.361444	-0.250767	-0.915653	-0.242161
2.200000	1.289461	0.219550	-0.234317	-0.254043	-0.919380	-0.247293
2.220000	1.205549	0.104624	-0.108524	-0.257735	-0.922900	-0.251992
2.240000	1.124655	-0.032357	0.011434	-0.261895	-0.926228	-0.255927
2.260000	1.047176	-0.190892	0.121056	-0.266578	-0.929382	-0.258768
2.280000	0.973510	-0.370480	0.215842	-0.271837	-0.932377	-0.260186
2.300000	0.904054	-0.570620	0.291292	-0.277725	-0.935230	-0.259850
2.320000	0.839207	-0.790811	0.342905	-0.284297	-0.937957	-0.257430
2.340000	0.779366	-1.030553	0.366181	-0.291606	-0.940575	-0.252598
2.360000	0.724792	-1.288902	0.356996	-0.299693	-0.943095	-0.245052
2.380000	0.673504	-1.557688	0.317395	-0.308408	-0.945442	-0.235002
2.400000	0.621695	-1.822851	0.254445	-0.317442	-0.947474	-0.223068
2.420000	0.565505	-2.070157	0.175363	-0.326483	-0.949046	-0.209883
2.440000	0.501074	-2.285376	0.087364	-0.335217	-0.950013	-0.196080
2.460000	0.424541	-2.454274	-0.002336	-0.343333	-0.950230	-0.182291
2.480000	0.332046	-2.562620	-0.086522	-0.350518	-0.949551	-0.169149
2.500000	0.219729	-2.596182	-0.157979	-0.356458	-0.947832	-0.157287
2.520000	0.083728	-2.540726	-0.209491	-0.360841	-0.944928	-0.147337
2.540000	-0.079815	-2.382022	-0.233842	-0.363355	-0.940693	-0.139933
2.560000	-0.274761	-2.105836	-0.223817	-0.363686	-0.934983	-0.135707
2.580000	-0.504589	-1.699123	-0.172646	-0.361544	-0.927670	-0.135257
2.600000	-0.765733	-1.170764	-0.081785	-0.357057	-0.918937	-0.138530
2.620000	-1.048419	-0.548947	0.040066	-0.350718	-0.909243	-0.144905
2.640000	-1.342665	0.137480	0.183959	-0.343034	-0.899056	-0.153737
2.660000	-1.638485	0.859670	0.340945	-0.334511	-0.888844	-0.164383
2.680000	-1.925897	1.588775	0.502077	-0.325656	-0.879076	-0.176201
2.700000	-2.194923	2.295969	0.658413	-0.316975	-0.870217	-0.188549
2.720000	-2.438400	2.960196	0.803420	-0.308839	-0.862605	-0.200948
2.740000	-2.656122	3.579630	0.936522	-0.301283	-0.856246	-0.213333
2.760000	-2.848942	4.155369	1.058049	-0.294293	-0.851097	-0.225700
2.780000	-3.017712	4.688512	1.168330	-0.287851	-0.847117	-0.238044
2.800000	-3.163285	5.180158	1.267696	-0.281944	-0.844261	-0.250360
2.820000	-3.286514	5.631404	1.356477	-0.276555	-0.842488	-0.262646
2.840000	-3.388251	6.043349	1.435003	-0.271670	-0.841756	-0.274896
2.860000	-3.469350	6.417091	1.503604	-0.267272	-0.842021	-0.287106
2.880000	-3.530663	6.753730	1.562610	-0.263346	-0.843240	-0.299273
2.900000	-3.573042	7.054363	1.612351	-0.259877	-0.845372	-0.311391
2.920000	-3.597340	7.320089	1.653157	-0.256849	-0.848374	-0.323457
