0.000000	1.716454	-0.448401	-0.391793	-0.449473	-1.256343	-0.480888
0.020000	1.676713	-0.429312	-0.448021	-0.448916	-1.255145	-0.473707
0.040000	1.599876	-0.405865	-0.493450	-0.447350	-1.251589	-0.466863
0.060000	1.490284	-0.378685	-0.528874	-0.444836	-1.245860	-0.460366
0.080000	1.352275	-0.348397	-0.555084	-0.441433	-1.238140	-0.454227
0.100000	1.190188	-0.315626	-0.572873	-0.437199	-1.228615	-0.448458
0.120000	1.008364	-0.280999	-0.583032	-0.432195	-1.217468	-0.443070
0.140000	0.811140	-0.245140	-0.586354	-0.426480	-1.204883	-0.438074
0.160000	0.602857	-0.208676	-0.583630	-0.420114	-1.191046	-0.433480
0.180000	0.387853	-0.172231	-0.575654	-0.413155	-1.176138	-0.429300
0.200000	0.170468	-0.136431	-0.563217	-0.405663	-1.160346	-0.425546
0.220000	-0.044958	-0.101902	-0.547111	-0.397698	-1.143852	-0.422227
0.240000	-0.254088	-0.069269	-0.528128	-0.389319	-1.126841	-0.419355
0.260000	-0.452581	-0.039158	-0.507061	-0.380586	-1.109497	-0.416942
0.280000	-0.636098	-0.012193	-0.484702	-0.371557	-1.092003	-0.414998
0.300000	-0.800300	0.010999	-0.461843	-0.362293	-1.074545	-0.413534
0.320000	-0.940848	0.029793	-0.439275	-0.352852	-1.057306	-0.412561
0.340000	-1.053403	0.043564	-0.417792	-0.343294	-1.040470	-0.412091
0.360000	-1.133625	0.051686	-0.398185	-0.333679	-1.024222	-0.412135
0.380000	-1.177323	0.053564	-0.381221	-0.324066	-1.008740	-0.412701
0.400000	-1.183736	0.049317	-0.367097	-0.314506	-0.994095	-0.413746
0.420000	-1.155543	0.039778	-0.355431	-0.305048	-0.980249	-0.415173
0.440000	-1.095571	0.025810	-0.345820	-0.295736	-0.967157	-0.416884
0.460000	-1.006650	0.008278	-0.337860	-0.286617	-0.954778	-0.418781
0.480000	-0.891607	-0.011954	-0.331145	-0.277738	-0.943066	-0.420765
0.500000	-0.753273	-0.034021	-0.325273	-0.269143	-0.931979	-0.422738
0.520000	-0.594475	-0.057059	-0.319837	-0.260879	-0.921473	-0.424601
0.540000	-0.418042	-0.080205	-0.314434	-0.252992	-0.911505	-0.426255
0.560000	-0.226802	-0.102594	-0.308660	-0.245529	-0.902031	-0.427603
0.580000	-0.023585	-0.123361	-0.302110	-0.238534	-0.893007	-0.428545
0.600000	0.188781	-0.141643	-0.294379	-0.232055	-0.884392	-0.428984
0.620000	0.407468	-0.156575	-0.285064	-0.226137	-0.876139	-0.428820
0.640000	0.629647	-0.167293	-0.273759	-0.220827	-0.868208	-0.427956
0.660000	0.852489	-0.172933	-0.260061	-0.216170	-0.860553	-0.426293
0.680000	1.073165	-0.172631	-0.243564	-0.212213	-0.853132	-0.423731
0.700000	1.288850	-0.165527	-0.223868	-0.209002	-0.845901	-0.420174
0.720000	1.497086	-0.151370	-0.200866	-0.206564	-0.838850	-0.415586
0.740000	1.696142	-0.131111	-0.175041	-0.204894	-0.832033	-0.410053
0.760000	1.884370	-0.105837	-0.146940	-0.203982	-0.825512	-0.403677
0.780000	2.060123	-0.076640	-0.117114	-0.203818	-0.819350	-0.396559
0.800000	2.221753	-0.044607	-0.086111	-0.204391	-0.813607	-0.388800
0.820000	2.367614	-0.010828	-0.054481	-0.205692	-0.808347	-0.380502
0.840000	2.496058	0.023607	-0.022772	-0.207711	-0.803630	-0.371765
0.860000	2.605438	0.057609	0.008467	-0.210437	-0.799519	-0.362691
0.880000	2.694106	0.090090	0.038685	-0.213861	-0.796075	-0.353381
0.900000	2.760416	0.119958	0.067334	-0.217973	-0.793362	-0.343936
0.920000	2.802720	0.146127	0.093865	-0.222762	-0.791439	-0.334458
0.940000	2.819371	0.167505	0.117729	-0.228218	-0.790370	-0.325048
0.960000	2.808722	0.183003	0.138376	-0.234332	-0.790217	-0.315807
0.980000	2.769125	0.191533	0.155257	-0.241093	-0.791040	-0.306836
1.000000	2.698933	0.192005	0.167824	-0.248491	-0.792903	-0.298237
1.020000	2.596499	0.183330	0.175527	-0.256516	-0.795866	-0.290110
1.040000	2.461108	0.164887	0.177964	-0.265134	-0.799961	-0.282533
1.060000	2.295878	0.137986	0.175342	-0.274203	-0.805089	-0.275484
1.080000	2.104910	0.104430	0.168023	-0.283557	-0.811116	-0.268915
1.100000	1.892306	0.066025	0.156369	-0.293029	-0.817909	-0.262779
1.120000	1.662168	0.024573	0.140742	-0.302453	-0.825338	-0.257027
1.140000	1.418598	-0.018119	0.121504	-0.311661	-0.833268	-0.251614
1.160000	1.165697	-0.060249	0.099017	-0.320487	-0.841567	-0.246490
1.180000	0.907567	-0.100012	0.073643	-0.328765	-0.850103	-0.241608
1.200000	0.648311	-0.135603	0.045745	-0.336326	-0.858744	-0.236921
1.220000	0.392029	-0.165219	0.015684	-0.343006	-0.867356	-0.232382
1.240000	0.142824	-0.187055	-0.016177	-0.348636	-0.875807	-0.227942
1.260000	-0.095203	-0.199306	-0.049476	-0.353050	-0.883964	-0.223554
1.280000	-0.317950	-0.200169	-0.083851	-0.356082	-0.891696	-0.219170
1.300000	-0.521314	-0.187839	-0.118941	-0.357564	-0.898869	-0.214744
1.320000	-0.701307	-0.160574	-0.154387	-0.357336	-0.905353	-0.210229
1.340000	-0.856789	-0.118192	-0.189956	-0.355408	-0.911080	-0.205642
1.360000	-0.989640	-0.062168	-0.225543	-0.351970	-0.916049	-0.201061
1.380000	-1.101883	0.005947	-0.261050	-0.347219	-0.920261	-0.196570
1.400000	-1.195542	0.084600	-0.296378	-0.341354	-0.923717	-0.192252
1.420000	-1.272639	0.172238	-0.331429	-0.334573	-0.926418	-0.188189
1.440000	-1.335200	0.267309	-0.366106	-0.327073	-0.928366	-0.184463
1.460000	-1.385246	0.368262	-0.400309	-0.319053	-0.929561	-0.181159
1.480000	-1.424802	0.473542	-0.433942	-0.310710	-0.930006	-0.178357
1.500000	-1.455892	0.581599	-0.466904	-0.302244	-0.929701	-0.176142
1.520000	-1.480538	0.690879	-0.499099	-0.293851	-0.928648	-0.174596
1.540000	-1.500764	0.799829	-0.530428	-0.285730	-0.926848	-0.173801
1.560000	-1.518594	0.906899	-0.560793	-0.278079	-0.924301	-0.173840
1.580000	-1.536052	1.010534	-0.590096	-0.271096	-0.921011	-0.174797
1.600000	-1.555160	1.109184	-0.618238	-0.264979	-0.916977	-0.176754
1.620000	-1.577942	1.201294	-0.645122	-0.259926	-0.912200	-0.179793
1.640000	-1.606423	1.285313	-0.670648	-0.256134	-0.906684	-0.183997
1.660000	-1.642476	1.359770	-0.694710	-0.253786	-0.900434	-0.189442
1.680000	-1.686097	1.424216	-0.717085	-0.252839	-0.893551	-0.196096
1.700000	-1.735993	1.478904	-0.737471	-0.253103	-0.886192	-0.203860
1.720000	-1.790846	1.524101	-0.755563	-0.254382	-0.878519	-0.212630
1.740000	-1.849340	1.560073	-0.771059	-0.256480	-0.870692	-0.222304
1.760000	-1.910155	1.587088	-0.783655	-0.259204	-0.862872	-0.232781
1.780000	-1.971974	1.605412	-0.793047	-0.262357	-0.855219	-0.243956
1.800000	-2.033479	1.615311	-0.798931	-0.265746	-0.847895	-0.255729
1.820000	-2.093353	1.617052	-0.801004	-0.269174	-0.841059	-0.267996
1.840000	-2.150277	1.610903	-0.798963	-0.272448	-0.834873	-0.280655
1.860000	-2.202935	1.597129	-0.792502	-0.275371	-0.829496	-0.293603
1.880000	-2.250007	1.575998	-0.781320	-0.277749	-0.825091	-0.306738
1.900000	-2.290176	1.547775	-0.765112	-0.279387	-0.821816	-0.319959
1.920000	-2.322125	1.512729	-0.743574	-0.280091	-0.819833	-0.333161
1.940000	-2.344536	1.471124	-0.716403	-0.279664	-0.819303	-0.346243
1.960000	-2.356152	1.423239	-0.683324	-0.277921	-0.820378	-0.359105
1.980000	-2.356848	1.369536	-0.644586	-0.274854	-0.823066	-0.371697
2.000000	-2.347487	1.310640	-0.600899	-0.270607	-0.827250	-0.384012
2.020000	-2.328969	1.247181	-0.552986	-0.265330	-0.832807	-0.396044
2.040000	-2.302189	1.179791	-0.501572	-0.259172	-0.839615	-0.407789
2.060000	-2.268045	1.109099	-0.447380	-0.252285	-0.847551	-0.419239
2.080000	-2.227434	1.035737	-0.391136	-0.244817	-0.856493	-0.430391
2.100000	-2.181254	0.960335	-0.333562	-0.236919	-0.866318	-0.441239
2.120000	-2.130403	0.883524	-0.275385	-0.228741	-0.876905	-0.451776
2.140000	-2.075777	0.805934	-0.217327	-0.220432	-0.888130	-0.461999
2.160000	-2.018274	0.728195	-0.160113	-0.212144	-0.899872	-0.471900
2.180000	-1.958792	0.650940	-0.104467	-0.204024	-0.912009	-0.481476
2.200000	-1.898227	0.574797	-0.051113	-0.196224	-0.924416	-0.490720
2.220000	-1.837477	0.500399	-0.000776	-0.188894	-0.936974	-0.499627
2.240000	-1.777440	0.428375	0.045820	-0.182184	-0.949558	-0.508191
2.260000	-1.719013	0.359355	0.087951	-0.176242	-0.962047	-0.516408
2.280000	-1.663088	0.293968	0.124897	-0.171220	-0.974319	-0.524271
2.300000	-1.610160	0.232572	0.156260	-0.167197	-0.986288	-0.531777
2.320000	-1.560045	0.175064	0.182195	-0.164141	-0.997932	-0.538924
2.340000	-1.512492	0.121297	0.202909	-0.162007	-1.009235	-0.545710
2.360000	-1.467250	0.071125	0.218611	-0.160750	-1.020180	-0.552135
2.380000	-1.424067	0.024401	0.229509	-0.160325	-1.030750	-0.558196
2.400000	-1.382694	-0.019023	0.235810	-0.160687	-1.040929	-0.563892
2.420000	-1.342879	-0.059292	0.237723	-0.161791	-1.050702	-0.569222
2.440000	-1.304371	-0.096555	0.235457	-0.163592	-1.060050	-0.574184
2.460000	-1.266919	-0.130957	0.229218	-0.166045	-1.068958	-0.578777
2.480000	-1.230274	-0.162646	0.219215	-0.169107	-1.077410	-0.583000
2.500000	-1.194183	-0.191769	0.205656	-0.172730	-1.085389	-0.586850
2.520000	-1.158395	-0.218472	0.188749	-0.176872	-1.092878	-0.590327
2.540000	-1.122661	-0.242903	0.168703	-0.181486	-1.099861	-0.593429
2.560000	-1.086728	-0.265208	0.145725	-0.186528	-1.106322	-0.596155
2.580000	-1.050347	-0.285535	0.120023	-0.191954	-1.112243	-0.598504
2.600000	-1.013265	-0.304029	0.091806	-0.197717	-1.117610	-0.600473
2.620000	-0.975233	-0.320839	0.061281	-0.203774	-1.122405	-0.602061
2.640000	-0.936000	-0.336111	0.028657	-0.210080	-1.126612	-0.603267
2.660000	-0.895314	-0.349991	-0.005859	-0.216588	-1.130214	-0.604090
2.680000	-0.852924	-0.362628	-0.042058	-0.223256	-1.133195	-0.604528
2.700000	-0.808580	-0.374167	-0.079732	-0.230037	-1.135538	-0.604579
