0.000000	2.835810	4.766025	5.328945	0.761378	-0.811458	-0.130632
0.020000	2.914243	4.558264	5.384694	0.727927	-0.779623	-0.118177
0.040000	2.839149	4.451345	5.349014	0.694231	-0.747320	-0.108121
0.060000	2.594287	4.465844	5.211134	0.660382	-0.714588	-0.101024
0.080000	2.183993	4.602730	4.971368	0.626547	-0.681541	-0.097040
0.100000	1.634500	4.842108	4.641819	0.592974	-0.648371	-0.095891
0.120000	0.973102	5.163070	4.235160	0.559914	-0.615272	-0.097277
0.140000	0.227093	5.544710	3.764068	0.527621	-0.582439	-0.100898
0.160000	-0.576231	5.966119	3.241217	0.496345	-0.550066	-0.106455
0.180000	-1.409577	6.406391	2.679282	0.466340	-0.518349	-0.113647
0.200000	-2.245649	6.844618	2.090938	0.437856	-0.487483	-0.122176
0.220000	-3.057154	7.259892	1.488859	0.411147	-0.457662	-0.131741
0.240000	-3.816796	7.631307	0.885721	0.386463	-0.429081	-0.142044
0.260000	-4.497281	7.937955	0.294199	0.364058	-0.401934	-0.152783
0.280000	-5.071316	8.158928	-0.273032	0.344183	-0.376418	-0.163660
0.300000	-5.511604	8.273319	-0.803298	0.327090	-0.352726	-0.174375
0.320000	-5.790852	8.260221	-1.283924	0.313032	-0.331053	-0.184627
0.340000	-5.881765	8.098727	-1.702235	0.302259	-0.311595	-0.194119
0.360000	-5.757576	7.768360	-2.045738	0.295019	-0.294542	-0.202552
0.380000	-5.414230	7.267208	-2.309827	0.291301	-0.279977	-0.209763
0.400000	-4.878507	6.618561	-2.500597	0.290742	-0.267829	-0.215770
0.420000	-4.179390	5.847510	-2.624909	0.292958	-0.258016	-0.220602
0.440000	-3.345860	4.979147	-2.689623	0.297562	-0.250457	-0.224289
0.460000	-2.406900	4.038561	-2.701601	0.304169	-0.245071	-0.226861
0.480000	-1.391492	3.050843	-2.667703	0.312394	-0.241776	-0.228348
0.500000	-0.328619	2.041085	-2.594789	0.321849	-0.240491	-0.228780
0.520000	0.752739	1.034376	-2.489720	0.332150	-0.241136	-0.228187
0.540000	1.823597	0.055807	-2.359357	0.342912	-0.243627	-0.226598
0.560000	2.854976	-0.869531	-2.210560	0.353747	-0.247885	-0.224044
0.580000	3.817891	-1.716547	-2.050189	0.364270	-0.253828	-0.220555
0.600000	4.683362	-2.460151	-1.885106	0.374096	-0.261374	-0.216160
0.620000	5.422405	-3.075252	-1.722171	0.382838	-0.270442	-0.210889
0.640000	6.006040	-3.536760	-1.568244	0.390112	-0.280951	-0.204772
0.660000	6.405283	-3.819584	-1.430186	0.395531	-0.292820	-0.197840
0.680000	6.591173	-3.898652	-1.314855	0.398709	-0.305968	-0.190121
0.700000	6.548195	-3.761098	-1.227143	0.399463	-0.320309	-0.181682
0.720000	6.297537	-3.427374	-1.166578	0.398157	-0.335755	-0.172684
0.740000	5.866585	-2.923559	-1.131782	0.395250	-0.352212	-0.163304
0.760000	5.282729	-2.275733	-1.121379	0.391199	-0.369590	-0.153721
0.780000	4.573356	-1.509978	-1.133990	0.386463	-0.387797	-0.144111
0.800000	3.765855	-0.652373	-1.168236	0.381498	-0.406740	-0.134653
0.820000	2.887615	0.271001	-1.222741	0.376763	-0.426328	-0.125525
0.840000	1.966023	1.234063	-1.296127	0.372716	-0.446470	-0.116903
0.860000	1.028469	2.210734	-1.387015	0.369815	-0.467073	-0.108967
0.880000	0.102339	3.174933	-1.494028	0.368517	-0.488046	-0.101893
0.900000	-0.784977	4.100580	-1.615787	0.369280	-0.509296	-0.095860
0.920000	-1.606090	4.961593	-1.750916	0.372563	-0.530733	-0.091044
0.940000	-2.333613	5.731894	-1.898036	0.378822	-0.552264	-0.087625
0.960000	-2.940158	6.385400	-2.055769	0.388517	-0.573798	-0.085779
0.980000	-3.398335	6.896033	-2.222738	0.402105	-0.595243	-0.085684
1.000000	-3.680757	7.237712	-2.397564	0.420043	-0.616506	-0.087518
1.020000	-3.765712	7.389242	-2.578543	0.442674	-0.637508	-0.091389
1.040000	-3.664611	7.357947	-2.762060	0.469664	-0.658234	-0.096996
1.060000	-3.400843	7.161460	-2.943810	0.500437	-0.678691	-0.103893
1.080000	-2.997812	6.817428	-3.119488	0.534414	-0.698888	-0.111631
1.100000	-2.478923	6.343498	-3.284788	0.571018	-0.718833	-0.119762
1.120000	-1.867582	5.757319	-3.435404	0.609670	-0.738535	-0.127838
1.140000	-1.187193	5.076537	-3.567030	0.649793	-0.758002	-0.135412
1.160000	-0.461163	4.318802	-3.675360	0.690810	-0.777242	-0.142035
1.180000	0.287106	3.501759	-3.756089	0.732141	-0.796264	-0.147261
1.200000	1.034206	2.643057	-3.804912	0.773211	-0.815076	-0.150640
1.220000	1.756734	1.760344	-3.817521	0.813440	-0.833687	-0.151726
1.240000	2.431284	0.871267	-3.789611	0.852251	-0.852105	-0.150069
1.260000	3.034451	-0.006527	-3.716877	0.889067	-0.870338	-0.145223
1.280000	3.542830	-0.855390	-3.595013	0.923309	-0.888395	-0.136740
1.300000	3.933016	-1.657673	-3.419713	0.954399	-0.906283	-0.124171
1.320000	4.184306	-2.397042	-3.187691	0.981831	-0.924014	-0.107168
1.340000	4.297146	-3.067423	-2.903642	1.005648	-0.941612	-0.086156
1.360000	4.281940	-3.667575	-2.576020	1.026152	-0.959109	-0.061925
1.380000	4.149151	-4.196288	-2.213299	1.043648	-0.976537	-0.035266
1.400000	3.909239	-4.652349	-1.823954	1.058442	-0.993927	-0.006972
1.420000	3.572669	-5.034547	-1.416462	1.070836	-1.011310	0.022165
1.440000	3.149902	-5.341669	-0.999298	1.081136	-1.028720	0.051353
1.460000	2.651400	-5.572505	-0.580936	1.089646	-1.046188	0.079801
