0.000000	-1.493451	-0.335584	-3.976735	0.840251	-1.013437	-0.040456
0.020000	-1.381952	-0.279774	-3.918900	0.900423	-1.090492	-0.027071
0.040000	-1.229764	-0.261847	-3.835262	0.961460	-1.167978	-0.013880
0.060000	-1.042948	-0.280167	-3.728316	1.022102	-1.244662	-0.001151
0.080000	-0.827563	-0.333095	-3.600560	1.081088	-1.319308	0.010850
0.100000	-0.589671	-0.418995	-3.454492	1.137158	-1.390685	0.021857
0.120000	-0.335332	-0.536228	-3.292609	1.189053	-1.457557	0.031602
0.140000	-0.070606	-0.683158	-3.117408	1.235510	-1.518692	0.039820
0.160000	0.198446	-0.858147	-2.931387	1.275272	-1.572855	0.046243
0.180000	0.465764	-1.059558	-2.737042	1.307077	-1.618812	0.050606
0.200000	0.725286	-1.285754	-2.536871	1.329664	-1.655330	0.052640
0.220000	0.971104	-1.534937	-2.333339	1.341846	-1.681239	0.052095
0.240000	1.199795	-1.802674	-2.128350	1.343617	-1.696434	0.048958
0.260000	1.409998	-2.082348	-1.923350	1.335948	-1.701687	0.043417
0.280000	1.600407	-2.367282	-1.719771	1.319839	-1.697798	0.035665
0.300000	1.769720	-2.650797	-1.519045	1.296292	-1.685567	0.025894
0.320000	1.916634	-2.926214	-1.322603	1.266306	-1.665791	0.014298
0.340000	2.039846	-3.186853	-1.131878	1.230883	-1.639271	0.001070
0.360000	2.138052	-3.426037	-0.948299	1.191022	-1.606806	-0.013598
0.380000	2.209949	-3.637086	-0.773301	1.147725	-1.569195	-0.029512
0.400000	2.254234	-3.813320	-0.608313	1.101992	-1.527236	-0.046479
0.420000	2.269604	-3.948063	-0.454769	1.054822	-1.481730	-0.064307
0.440000	2.254756	-4.034633	-0.314099	1.007218	-1.433476	-0.082802
0.460000	2.208387	-4.066353	-0.187736	0.960179	-1.383272	-0.101772
0.480000	2.129192	-4.036544	-0.077110	0.914706	-1.331917	-0.121022
0.500000	2.015870	-3.938527	0.016345	0.871799	-1.280212	-0.140362
0.520000	1.867117	-3.765622	0.091199	0.832459	-1.228955	-0.159596
0.540000	1.681630	-3.511151	0.146020	0.797686	-1.178946	-0.178533
0.560000	1.458112	-3.168450	0.179379	0.768481	-1.130982	-0.196980
0.580000	1.197858	-2.736456	0.191123	0.745426	-1.085636	-0.214774
0.600000	0.908659	-2.228151	0.184292	0.728063	-1.042906	-0.231835
0.620000	0.599305	-1.658685	0.162422	0.715773	-1.002706	-0.248094
0.640000	0.278591	-1.043206	0.129046	0.707938	-0.964945	-0.263479
0.660000	-0.044692	-0.396861	0.087700	0.703939	-0.929538	-0.277923
0.680000	-0.361752	0.265200	0.041916	0.703155	-0.896394	-0.291355
0.700000	-0.663797	0.927828	-0.004770	0.704969	-0.865428	-0.303706
0.720000	-0.942034	1.575877	-0.048825	0.708762	-0.836549	-0.314906
0.740000	-1.187672	2.194196	-0.086713	0.713913	-0.809670	-0.324886
0.760000	-1.391917	2.767637	-0.114901	0.719805	-0.784704	-0.333577
0.780000	-1.545979	3.281053	-0.129854	0.725819	-0.761561	-0.340908
0.800000	-1.641064	3.719294	-0.128038	0.731334	-0.740154	-0.346811
0.820000	-1.668380	4.067213	-0.105919	0.735733	-0.720395	-0.351215
0.840000	-1.619135	4.309659	-0.059963	0.738397	-0.702195	-0.354052
0.860000	-1.484539	4.431488	0.013365	0.738705	-0.685467	-0.355252
0.880000	-1.260100	4.423892	0.115964	0.736203	-0.670101	-0.354779
0.900000	-0.955465	4.298910	0.244357	0.730969	-0.655921	-0.352712
0.920000	-0.583179	4.072853	0.393967	0.723192	-0.642736	-0.349152
0.940000	-0.155789	3.762036	0.560215	0.713061	-0.630355	-0.344200
0.960000	0.314160	3.382770	0.738525	0.700764	-0.618586	-0.337957
0.980000	0.814121	2.951368	0.924317	0.686490	-0.607239	-0.330524
1.000000	1.331550	2.484144	1.113015	0.670429	-0.596123	-0.322003
1.020000	1.853899	1.997411	1.300039	0.652767	-0.585048	-0.312494
1.040000	2.368624	1.507480	1.480812	0.633696	-0.573821	-0.302099
1.060000	2.863178	1.030665	1.650757	0.613402	-0.562252	-0.290918
1.080000	3.325015	0.583280	1.805294	0.592076	-0.550151	-0.279054
1.100000	3.741590	0.181636	1.939846	0.569905	-0.537325	-0.266607
1.120000	4.100356	-0.157953	2.049835	0.547079	-0.523585	-0.253678
1.140000	4.388768	-0.419175	2.130684	0.523786	-0.508740	-0.240369
1.160000	4.594280	-0.585717	2.177813	0.500215	-0.492597	-0.226781
1.180000	4.704345	-0.641265	2.186646	0.476554	-0.474968	-0.213014
1.200000	4.706419	-0.569507	2.152603	0.452993	-0.455659	-0.199170
1.220000	4.589278	-0.355950	2.071589	0.429722	-0.434510	-0.185350
1.240000	4.358005	-0.008517	1.945428	0.406952	-0.411706	-0.171654
1.260000	4.028654	0.449779	1.779934	0.384907	-0.387669	-0.158181
1.280000	3.617485	0.995646	1.580994	0.363811	-0.362826	-0.145029
1.300000	3.140758	1.605791	1.354494	0.343890	-0.337601	-0.132299
1.320000	2.614732	2.256921	1.106322	0.325369	-0.312421	-0.120090
1.340000	2.055667	2.925742	0.842365	0.308471	-0.287713	-0.108499
