0.000000	7.078938	-4.810407	0.579958	0.378469	-0.232260	-0.165253
0.020000	6.879615	-4.706924	0.486706	0.381579	-0.234069	-0.146501
0.040000	6.573495	-4.457773	0.350321	0.382509	-0.235008	-0.128995
0.060000	6.176829	-4.086962	0.177331	0.381608	-0.235202	-0.112821
0.080000	5.705871	-3.618497	-0.025735	0.379223	-0.234781	-0.098068
0.100000	5.176870	-3.076386	-0.252348	0.375703	-0.233871	-0.084825
0.120000	4.606080	-2.484637	-0.495982	0.371395	-0.232600	-0.073178
0.140000	4.009752	-1.867256	-0.750107	0.366648	-0.231096	-0.063215
0.160000	3.404138	-1.248251	-1.008195	0.361810	-0.229485	-0.055026
0.180000	2.805489	-0.651629	-1.263718	0.357228	-0.227896	-0.048697
0.200000	2.230058	-0.101398	-1.510147	0.353251	-0.226457	-0.044317
0.220000	1.694096	0.378436	-1.740955	0.350226	-0.225293	-0.041973
0.240000	1.213854	0.763865	-1.949612	0.348502	-0.224534	-0.041753
0.260000	0.805585	1.030881	-2.129591	0.348427	-0.224306	-0.043745
0.280000	0.485519	1.155516	-2.274371	0.350348	-0.224738	-0.048038
0.300000	0.263075	1.125285	-2.380044	0.354477	-0.225932	-0.054608
0.320000	0.131361	0.955226	-2.448957	0.360701	-0.227937	-0.063169
0.340000	0.081089	0.664417	-2.484373	0.368858	-0.230791	-0.073396
0.360000	0.102972	0.271936	-2.489558	0.378787	-0.234536	-0.084965
0.380000	0.187721	-0.203142	-2.467777	0.390327	-0.239209	-0.097551
0.400000	0.326050	-0.741738	-2.422293	0.403317	-0.244850	-0.110829
0.420000	0.508670	-1.324775	-2.356372	0.417596	-0.251499	-0.124475
0.440000	0.726294	-1.933177	-2.273278	0.433001	-0.259194	-0.138163
0.460000	0.969635	-2.547866	-2.176276	0.449373	-0.267977	-0.151568
0.480000	1.229405	-3.149765	-2.068630	0.466550	-0.277885	-0.164367
0.500000	1.496316	-3.719798	-1.953605	0.484370	-0.288958	-0.176234
0.520000	1.761081	-4.238886	-1.834466	0.502672	-0.301236	-0.186844
0.540000	2.014413	-4.687952	-1.714477	0.521296	-0.314758	-0.195872
0.560000	2.247023	-5.047920	-1.596903	0.540079	-0.329563	-0.202995
0.580000	2.449624	-5.299713	-1.485009	0.558861	-0.345692	-0.207886
0.600000	2.612929	-5.424253	-1.382059	0.577481	-0.363182	-0.210221
0.620000	2.727732	-5.402712	-1.291297	0.595779	-0.382075	-0.209680
0.640000	2.789523	-5.230536	-1.214756	0.613763	-0.402444	-0.206173
0.660000	2.800936	-4.924890	-1.152631	0.631685	-0.424415	-0.199964
0.680000	2.765206	-4.504763	-1.104959	0.649823	-0.448120	-0.191345
0.700000	2.685569	-3.989144	-1.071780	0.668452	-0.473687	-0.180608
0.720000	2.565259	-3.397022	-1.053133	0.687848	-0.501248	-0.168047
0.740000	2.407510	-2.747387	-1.049056	0.708286	-0.530934	-0.153954
0.760000	2.215558	-2.059226	-1.059589	0.730043	-0.562873	-0.138623
0.780000	1.992637	-1.351530	-1.084770	0.753394	-0.597197	-0.122345
0.800000	1.741981	-0.643288	-1.124637	0.778615	-0.634036	-0.105413
0.820000	1.466826	0.046513	-1.179231	0.805982	-0.673521	-0.088121
0.840000	1.170407	0.698882	-1.248589	0.835771	-0.715782	-0.070761
0.860000	0.855958	1.294831	-1.332751	0.868257	-0.760949	-0.053625
0.880000	0.526713	1.815370	-1.431755	0.903716	-0.809153	-0.037007
0.900000	0.185908	2.241512	-1.545640	0.942425	-0.860524	-0.021199
0.920000	-0.163218	2.554342	-1.674435	0.984655	-0.915190	-0.006493
0.940000	-0.516945	2.744380	-1.816805	1.030311	-0.972997	0.006916
0.960000	-0.870602	2.820614	-1.968749	1.078577	-1.033236	0.019026
0.980000	-1.219412	2.794172	-2.125961	1.128550	-1.095137	0.029854
1.000000	-1.558596	2.676180	-2.284129	1.179331	-1.157925	0.039420
1.020000	-1.883376	2.477769	-2.438946	1.230019	-1.220830	0.047742
1.040000	-2.188974	2.210065	-2.586102	1.279712	-1.283080	0.054839
1.060000	-2.470610	1.884197	-2.721289	1.327510	-1.343901	0.060729
1.080000	-2.723507	1.511293	-2.840196	1.372513	-1.402523	0.065431
1.100000	-2.942886	1.102481	-2.938516	1.413819	-1.458173	0.068964
1.120000	-3.123970	0.668890	-3.011939	1.450527	-1.510078	0.071347
1.140000	-3.261978	0.221646	-3.056156	1.481737	-1.557467	0.072598
1.160000	-3.352134	-0.228120	-3.066858	1.506548	-1.599569	0.072736
1.180000	-3.389658	-0.669282	-3.039737	1.524059	-1.635609	0.071780
