0.000000	-1.045330	7.353147	-2.851026	1.653451	-1.496803	0.438797
0.020000	-1.693998	7.177310	-2.471886	1.650138	-1.536865	0.409113
0.040000	-2.341712	6.891110	-2.059362	1.642257	-1.575527	0.374066
0.060000	-2.977372	6.504707	-1.622165	1.630269	-1.612495	0.334866
0.080000	-3.589877	6.028255	-1.169007	1.614637	-1.647477	0.292720
0.100000	-4.168126	5.471913	-0.708603	1.595822	-1.680181	0.248839
0.120000	-4.701017	4.845837	-0.249663	1.574286	-1.710313	0.204431
0.140000	-5.177451	4.160185	0.199099	1.550491	-1.737580	0.160705
0.160000	-5.586326	3.425112	0.628970	1.524899	-1.761691	0.118872
0.180000	-5.916542	2.650777	1.031239	1.497971	-1.782352	0.080139
0.200000	-6.156997	1.847336	1.397193	1.470170	-1.799271	0.045716
0.220000	-6.296591	1.024945	1.718119	1.441958	-1.812155	0.016812
0.240000	-6.324223	0.193763	1.985305	1.413796	-1.820711	-0.005363
0.260000	-6.232106	-0.636074	2.191782	1.386093	-1.824698	-0.019858
0.280000	-6.030117	-1.454524	2.339884	1.358977	-1.824152	-0.027095
0.300000	-5.733998	-2.251580	2.435031	1.332483	-1.819202	-0.027951
0.320000	-5.359492	-3.017236	2.482643	1.306643	-1.809973	-0.023303
0.340000	-4.922345	-3.741484	2.488143	1.281492	-1.796596	-0.014028
0.360000	-4.438302	-4.414317	2.456953	1.257064	-1.779196	-0.001004
0.380000	-3.923106	-5.025728	2.394493	1.233394	-1.757902	0.014891
0.400000	-3.392503	-5.565710	2.306186	1.210514	-1.732842	0.032781
0.420000	-2.862237	-6.024255	2.197454	1.188459	-1.704142	0.051788
0.440000	-2.348053	-6.391357	2.073718	1.167263	-1.671932	0.071034
0.460000	-1.865695	-6.657008	1.940400	1.146960	-1.636338	0.089642
0.480000	-1.430909	-6.811201	1.802921	1.127583	-1.597489	0.106734
0.500000	-1.059439	-6.843928	1.666703	1.109168	-1.555512	0.121434
0.520000	-0.767029	-6.745184	1.537168	1.091748	-1.510534	0.132864
0.540000	-0.569424	-6.504959	1.419738	1.075356	-1.462684	0.140146
0.560000	-0.482369	-6.113249	1.319834	1.060028	-1.412090	0.142403
0.580000	-0.519987	-5.561635	1.242557	1.045784	-1.358896	0.138828
0.600000	-0.676429	-4.861312	1.189053	1.032498	-1.303471	0.129487
0.620000	-0.932399	-4.036669	1.157806	1.019944	-1.246331	0.115031
0.640000	-1.268356	-3.112342	1.147249	1.007891	-1.187998	0.096122
0.660000	-1.664754	-2.112965	1.155819	0.996112	-1.128989	0.073423
0.680000	-2.102051	-1.063175	1.181949	0.984378	-1.069826	0.047598
0.700000	-2.560701	0.012393	1.224074	0.972459	-1.011028	0.019307
0.720000	-3.021162	1.089103	1.280627	0.960128	-0.953116	-0.010785
0.740000	-3.463890	2.142320	1.350044	0.947155	-0.896608	-0.042017
0.760000	-3.869341	3.147409	1.430760	0.933312	-0.842024	-0.073725
0.780000	-4.217970	4.079733	1.521207	0.918369	-0.789886	-0.105247
0.800000	-4.490235	4.914658	1.619822	0.902098	-0.740711	-0.135921
0.820000	-4.666591	5.627548	1.725038	0.884270	-0.695021	-0.165084
0.840000	-4.727495	6.193767	1.835290	0.864657	-0.653336	-0.192073
0.860000	-4.653402	6.588679	1.949012	0.843029	-0.616174	-0.216226
0.880000	-4.425964	6.789038	2.064626	0.819174	-0.584028	-0.236905
0.900000	-4.048077	6.796269	2.180336	0.793165	-0.556899	-0.253914
0.920000	-3.540906	6.633020	2.294155	0.765320	-0.534364	-0.267436
0.940000	-2.926210	6.322628	2.404092	0.735966	-0.515988	-0.277669
0.960000	-2.225751	5.888429	2.508153	0.705430	-0.501333	-0.284809
0.980000	-1.461288	5.353761	2.604348	0.674037	-0.489963	-0.289052
1.000000	-0.654582	4.741961	2.690685	0.642116	-0.481444	-0.290594
1.020000	0.172607	4.076367	2.765170	0.609991	-0.475337	-0.289632
1.040000	0.998519	3.380315	2.825813	0.577991	-0.471208	-0.286363
1.060000	1.801394	2.677143	2.870621	0.546441	-0.468619	-0.280982
1.080000	2.559470	1.990189	2.897602	0.515668	-0.467135	-0.273686
1.100000	3.250989	1.342789	2.904765	0.485999	-0.466320	-0.264672
1.120000	3.854190	0.758281	2.890117	0.457760	-0.465737	-0.254135
1.140000	4.347312	0.260002	2.851666	0.431278	-0.464949	-0.242272
1.160000	4.708595	-0.128711	2.787420	0.406879	-0.463522	-0.229280
1.180000	4.916279	-0.384520	2.695387	0.384891	-0.461019	-0.215355
1.200000	4.948605	-0.484089	2.573576	0.365639	-0.457003	-0.200693
1.220000	4.786835	-0.407186	2.420415	0.349418	-0.451081	-0.185491
1.240000	4.441042	-0.163165	2.238339	0.336216	-0.443269	-0.169942
1.260000	3.937248	0.222238	2.032005	0.325853	-0.433806	-0.154241
1.280000	3.301645	0.723111	1.806091	0.318143	-0.422936	-0.138581
1.300000	2.560425	1.313544	1.565276	0.312905	-0.410903	-0.123154
1.320000	1.739782	1.967627	1.314238	0.309955	-0.397950	-0.108155
1.340000	0.865907	2.659449	1.057657	0.309110	-0.384320	-0.093777
1.360000	-0.035008	3.363100	0.800211	0.310186	-0.370256	-0.080213
1.380000	-0.936770	4.052669	0.546579	0.313001	-0.356002	-0.067657
1.400000	-1.813186	4.702245	0.301439	0.317370	-0.341801	-0.056302
1.420000	-2.638065	5.285918	0.069471	0.323111	-0.327896	-0.046341
1.440000	-3.385215	5.777777	-0.144646	0.330041	-0.314530	-0.037969
1.460000	-4.028443	6.151912	-0.336235	0.337975	-0.301948	-0.031377
1.480000	-4.541556	6.382413	-0.500616	0.346732	-0.290392	-0.026761
1.500000	-4.898363	6.443368	-0.633110	0.356127	-0.280105	-0.024312
1.520000	-5.072672	6.308868	-0.729039	0.365978	-0.271330	-0.024225
1.540000	-5.047650	5.963337	-0.785441	0.376116	-0.264267	-0.026596
1.560000	-4.838708	5.426800	-0.805270	0.386422	-0.258958	-0.031194
1.580000	-4.468195	4.726942	-0.792754	0.396792	-0.255414	-0.037714
1.600000	-3.958458	3.891449	-0.752118	0.407116	-0.253645	-0.045853
1.620000	-3.331848	2.948006	-0.687589	0.417289	-0.253660	-0.055306
1.640000	-2.610712	1.924299	-0.603395	0.427204	-0.255471	-0.065771
1.660000	-1.817400	0.848015	-0.503763	0.436754	-0.259086	-0.076942
