0.000000	0.024219	-8.464128	-0.553756	0.878916	-0.966850	0.037035
0.020000	0.109184	-9.714712	-0.720879	0.928620	-1.026044	0.072267
0.040000	0.154412	-10.957810	-0.902650	0.979455	-1.088153	0.109063
0.060000	0.159666	-12.169812	-1.094108	1.030740	-1.152126	0.146610
0.080000	0.124706	-13.327111	-1.290293	1.081798	-1.216907	0.184096
0.100000	0.049295	-14.406098	-1.486244	1.131948	-1.281444	0.220707
0.120000	-0.066808	-15.383164	-1.677000	1.180511	-1.344684	0.255633
0.140000	-0.223840	-16.234701	-1.857599	1.226809	-1.405572	0.288061
0.160000	-0.422041	-16.937099	-2.023081	1.270161	-1.463056	0.317178
0.180000	-0.661648	-17.466751	-2.168485	1.309888	-1.516082	0.342171
0.200000	-0.942902	-17.800047	-2.288850	1.345312	-1.563596	0.362229
0.220000	-1.266039	-17.913380	-2.379215	1.375752	-1.604546	0.376540
0.240000	-1.631301	-17.783140	-2.434619	1.400530	-1.637876	0.384290
0.260000	-2.038904	-17.385817	-2.450115	1.418968	-1.662539	0.384670
0.280000	-2.485735	-16.714582	-2.423091	1.430713	-1.678008	0.377371
0.300000	-2.961597	-15.798037	-2.355894	1.436100	-1.684880	0.363143
0.320000	-3.455390	-14.669310	-2.251504	1.435551	-1.683890	0.342873
0.340000	-3.956012	-13.361528	-2.112904	1.429490	-1.675777	0.317446
0.360000	-4.452362	-11.907819	-1.943072	1.418338	-1.661278	0.287749
0.380000	-4.933340	-10.341311	-1.744991	1.402520	-1.641130	0.254669
0.400000	-5.387845	-8.695132	-1.521641	1.382457	-1.616070	0.219091
0.420000	-5.804776	-7.002409	-1.276003	1.358574	-1.586836	0.181902
0.440000	-6.173031	-5.296271	-1.011058	1.331291	-1.554165	0.143987
0.460000	-6.481511	-3.609845	-0.729786	1.301033	-1.518794	0.106235
0.480000	-6.719113	-1.976258	-0.435169	1.268222	-1.481461	0.069530
0.500000	-6.874738	-0.428640	-0.130187	1.233281	-1.442904	0.034758
0.520000	-6.937285	0.999883	0.182178	1.196632	-1.403858	0.002807
0.540000	-6.895651	2.276183	0.498947	1.158699	-1.365062	-0.025437
0.560000	-6.738738	3.367131	0.817138	1.119904	-1.327253	-0.049089
0.580000	-6.456208	4.241045	1.133780	1.080664	-1.291142	-0.067302
0.600000	-6.052147	4.893461	1.446081	1.041259	-1.256966	-0.079975
0.620000	-5.543489	5.344169	1.751406	1.001853	-1.224535	-0.087673
0.640000	-4.947619	5.613809	2.047130	0.962603	-1.193645	-0.090985
0.660000	-4.281920	5.723021	2.330624	0.923669	-1.164091	-0.090499
0.680000	-3.563776	5.692444	2.599262	0.885207	-1.135670	-0.086804
0.700000	-2.810573	5.542717	2.850414	0.847378	-1.108176	-0.080486
0.720000	-2.039692	5.294480	3.081455	0.810338	-1.081406	-0.072135
0.740000	-1.268520	4.968372	3.289757	0.774247	-1.055156	-0.062339
0.760000	-0.514439	4.585033	3.472692	0.739262	-1.029221	-0.051686
0.780000	0.205167	4.165101	3.627632	0.705542	-1.003398	-0.040764
0.800000	0.872912	3.729217	3.751951	0.673246	-0.977481	-0.030162
0.820000	1.471414	3.298020	3.843021	0.642531	-0.951266	-0.020467
0.840000	1.983287	2.892149	3.898214	0.613556	-0.924550	-0.012269
0.860000	2.391149	2.532244	3.914903	0.586479	-0.897129	-0.006155
0.880000	2.677615	2.238943	3.890460	0.561458	-0.868797	-0.002713
0.900000	2.825300	2.032887	3.822258	0.538653	-0.839351	-0.002532
0.920000	2.819138	1.932631	3.708153	0.518201	-0.808615	-0.006137
0.940000	2.667178	1.935924	3.550817	0.500054	-0.776699	-0.013424
0.960000	2.390753	2.028563	3.355694	0.484052	-0.743875	-0.023931
0.980000	2.011354	2.196203	3.128259	0.470035	-0.710420	-0.037188
1.000000	1.550473	2.424497	2.873986	0.457842	-0.676609	-0.052727
1.020000	1.029601	2.699099	2.598352	0.447315	-0.642718	-0.070079
1.040000	0.470229	3.005664	2.306831	0.438291	-0.609020	-0.088777
1.060000	-0.106152	3.329845	2.004899	0.430612	-0.575793	-0.108351
1.080000	-0.678050	3.657297	1.698032	0.424116	-0.543311	-0.128333
1.100000	-1.223974	3.973673	1.391703	0.418644	-0.511849	-0.148255
1.120000	-1.722432	4.264628	1.091390	0.414036	-0.481684	-0.167648
1.140000	-2.151934	4.515815	0.802567	0.410131	-0.453090	-0.186044
1.160000	-2.490987	4.712888	0.530709	0.406769	-0.426343	-0.202974
1.180000	-2.718101	4.841502	0.281292	0.403790	-0.401718	-0.217971
1.200000	-2.811785	4.887311	0.059791	0.401033	-0.379490	-0.230565
1.220000	-2.750547	4.835968	-0.128319	0.398339	-0.359936	-0.240288
1.240000	-2.521173	4.678582	-0.279191	0.395585	-0.343251	-0.246806
1.260000	-2.140148	4.425830	-0.394824	0.392785	-0.329348	-0.250268
1.280000	-1.630614	4.092777	-0.478524	0.389983	-0.318078	-0.250932
1.300000	-1.015711	3.694485	-0.533602	0.387223	-0.309291	-0.249054
1.320000	-0.318583	3.246021	-0.563364	0.384551	-0.302835	-0.244891
1.340000	0.437631	2.762447	-0.571118	0.382009	-0.298562	-0.238700
1.360000	1.229787	2.258827	-0.560173	0.379643	-0.296320	-0.230739
1.380000	2.034744	1.750226	-0.533837	0.377497	-0.295960	-0.221264
1.400000	2.829361	1.251708	-0.495419	0.375615	-0.297331	-0.210533
1.420000	3.590495	0.778337	-0.448225	0.374041	-0.300284	-0.198802
1.440000	4.295005	0.345177	-0.395564	0.372820	-0.304667	-0.186329
1.460000	4.919750	-0.032708	-0.340745	0.371996	-0.310331	-0.173371
1.480000	5.441587	-0.340254	-0.287075	0.371612	-0.317126	-0.160185
1.500000	5.837374	-0.562396	-0.237862	0.371715	-0.324902	-0.147027
1.520000	6.083971	-0.684071	-0.196415	0.372347	-0.333508	-0.134156
1.540000	6.158588	-0.690479	-0.166010	0.373553	-0.342794	-0.121825
1.560000	6.055728	-0.579784	-0.148346	0.375358	-0.352638	-0.110212
