0.000000	0.522510	0.571677	3.690112	0.690081	-1.046865	0.091751
0.020000	0.158038	1.038801	3.421838	0.645601	-0.994289	0.080338
0.040000	-0.375725	1.606190	3.119098	0.605585	-0.943101	0.065785
0.060000	-1.047370	2.251888	2.788652	0.569786	-0.893385	0.048509
0.080000	-1.825492	2.953938	2.437257	0.537957	-0.845224	0.028930
0.100000	-2.678684	3.690386	2.071671	0.509852	-0.798701	0.007464
0.120000	-3.575539	4.439275	1.698653	0.485224	-0.753901	-0.015468
0.140000	-4.484652	5.178650	1.324961	0.463828	-0.710906	-0.039450
0.160000	-5.374615	5.886553	0.957352	0.445417	-0.669800	-0.064061
0.180000	-6.214022	6.541030	0.602586	0.429744	-0.630667	-0.088885
0.200000	-6.971466	7.120124	0.267419	0.416563	-0.593590	-0.113503
0.220000	-7.615540	7.601880	-0.041389	0.405628	-0.558652	-0.137496
0.240000	-8.114839	7.964342	-0.317081	0.396691	-0.525937	-0.160447
0.260000	-8.437956	8.185552	-0.552898	0.389508	-0.495529	-0.181936
0.280000	-8.553483	8.243557	-0.742083	0.383830	-0.467510	-0.201545
0.300000	-8.430015	8.116399	-0.877876	0.379412	-0.441965	-0.218856
0.320000	-8.038527	7.783883	-0.954012	0.376013	-0.418969	-0.233471
0.340000	-7.386146	7.252525	-0.971661	0.373483	-0.398480	-0.245292
0.360000	-6.508100	6.549604	-0.937780	0.371741	-0.380368	-0.254456
0.380000	-5.440356	5.702945	-0.859477	0.370707	-0.364497	-0.261108
0.400000	-4.218880	4.740374	-0.743860	0.370303	-0.350732	-0.265391
0.420000	-2.879637	3.689714	-0.598038	0.370449	-0.338940	-0.267448
0.440000	-1.458595	2.578791	-0.429118	0.371067	-0.328986	-0.267423
0.460000	0.008281	1.435429	-0.244208	0.372077	-0.320735	-0.265459
0.480000	1.485025	0.287453	-0.050417	0.373401	-0.314053	-0.261700
0.500000	2.935669	-0.837312	0.145148	0.374960	-0.308806	-0.256289
0.520000	4.324249	-1.911041	0.335379	0.376673	-0.304858	-0.249370
0.540000	5.614797	-2.905910	0.513167	0.378464	-0.302075	-0.241087
0.560000	6.771349	-3.794093	0.671404	0.380251	-0.300324	-0.231582
0.580000	7.757936	-4.547766	0.802983	0.381957	-0.299468	-0.221000
0.600000	8.538594	-5.139104	0.900795	0.383503	-0.299375	-0.209483
0.620000	9.077356	-5.540283	0.957733	0.384808	-0.299909	-0.197176
0.640000	9.338721	-5.723855	0.966781	0.385796	-0.300937	-0.184222
0.660000	9.313395	-5.683643	0.926165	0.386455	-0.302410	-0.170793
0.680000	9.031728	-5.445650	0.842042	0.386872	-0.304402	-0.157105
0.700000	8.527373	-5.038557	0.721227	0.387142	-0.307000	-0.143376
0.720000	7.833980	-4.491044	0.570536	0.387363	-0.310289	-0.129824
0.740000	6.985200	-3.831792	0.396784	0.387630	-0.314355	-0.116668
0.760000	6.014685	-3.089482	0.206786	0.388039	-0.319284	-0.104125
0.780000	4.956086	-2.292794	0.007360	0.388687	-0.325162	-0.092415
0.800000	3.843055	-1.470409	-0.194681	0.389668	-0.332075	-0.081756
0.820000	2.709242	-0.651008	-0.392519	0.391079	-0.340108	-0.072366
0.840000	1.588299	0.136729	-0.579340	0.393016	-0.349347	-0.064464
0.860000	0.513877	0.864121	-0.748328	0.395575	-0.359878	-0.058267
0.880000	-0.480373	1.502486	-0.892667	0.398852	-0.371788	-0.053995
0.900000	-1.360799	2.023146	-1.005542	0.402943	-0.385161	-0.051866
0.920000	-2.093751	2.397418	-1.080136	0.407944	-0.400084	-0.052098
0.940000	-2.645712	2.596750	-1.109671	0.413951	-0.416641	-0.054909
0.960000	-2.999623	2.608208	-1.091736	0.420982	-0.434795	-0.060362
0.980000	-3.170437	2.449236	-1.032423	0.428913	-0.454275	-0.068224
1.000000	-3.176788	2.140772	-0.938801	0.437600	-0.474777	-0.078228
1.020000	-3.037314	1.703757	-0.817939	0.446899	-0.496003	-0.090106
1.040000	-2.770650	1.159131	-0.676907	0.456668	-0.517652	-0.103591
1.060000	-2.395433	0.527834	-0.522774	0.466764	-0.539423	-0.118414
1.080000	-1.930298	-0.169196	-0.362611	0.477042	-0.561016	-0.134309
1.100000	-1.393883	-0.911017	-0.203485	0.487361	-0.582129	-0.151009
1.120000	-0.804822	-1.676689	-0.052466	0.497577	-0.602464	-0.168244
1.140000	-0.181752	-2.445274	0.083375	0.507547	-0.621718	-0.185748
1.160000	0.456691	-3.195831	0.196970	0.517127	-0.639591	-0.203254
1.180000	1.091870	-3.907420	0.281249	0.526174	-0.655784	-0.220493
1.200000	1.705150	-4.559101	0.329143	0.534547	-0.669994	-0.237199
1.220000	2.277894	-5.129935	0.333583	0.542100	-0.681923	-0.253103
1.240000	2.791467	-5.598982	0.287498	0.548691	-0.691269	-0.267938
1.260000	3.227231	-5.945302	0.183820	0.554177	-0.697732	-0.281436
1.280000	3.571005	-6.153450	0.018089	0.558491	-0.701169	-0.293372
1.300000	3.826665	-6.230272	-0.203576	0.561872	-0.702085	-0.303684
1.320000	4.002664	-6.188260	-0.472371	0.564639	-0.701146	-0.312354
1.340000	4.107455	-6.039907	-0.779496	0.567111	-0.699018	-0.319365
1.360000	4.149491	-5.797704	-1.116148	0.569605	-0.696368	-0.324699
