0.000000	1.439664	-4.352424	-2.483053	0.903597	-0.898423	-0.175869
0.020000	1.641446	-3.721412	-2.700908	0.912877	-0.916620	-0.161320
0.040000	1.820765	-3.058225	-2.915680	0.922203	-0.935398	-0.145926
0.060000	1.974241	-2.379791	-3.123582	0.931856	-0.955025	-0.130059
0.080000	2.098491	-1.703035	-3.320823	0.942119	-0.975770	-0.114086
0.100000	2.190135	-1.044886	-3.503615	0.953276	-0.997902	-0.098378
0.120000	2.245789	-0.422271	-3.668168	0.965608	-1.021690	-0.083305
0.140000	2.262074	0.147884	-3.810692	0.979400	-1.047402	-0.069236
0.160000	2.235606	0.648650	-3.927400	0.994933	-1.075308	-0.056540
0.180000	2.163006	1.063102	-4.014501	1.012491	-1.105676	-0.045589
0.200000	2.040890	1.374310	-4.068205	1.032355	-1.138775	-0.036751
0.220000	1.865878	1.565349	-4.084725	1.054810	-1.174875	-0.030396
0.240000	1.636194	1.622661	-4.061084	1.080048	-1.214136	-0.026816
0.260000	1.359498	1.552485	-3.999091	1.107734	-1.256094	-0.025852
0.280000	1.046885	1.368267	-3.902297	1.137343	-1.300056	-0.027179
0.300000	0.709456	1.083466	-3.774253	1.168348	-1.345327	-0.030471
0.320000	0.358310	0.711539	-3.618512	1.200224	-1.391212	-0.035402
0.340000	0.004549	0.265942	-3.438627	1.232442	-1.437020	-0.041649
0.360000	-0.340728	-0.239865	-3.238150	1.264478	-1.482054	-0.048884
0.380000	-0.666420	-0.792427	-3.020634	1.295804	-1.525621	-0.056785
0.400000	-0.961427	-1.378286	-2.789632	1.325895	-1.567028	-0.065024
0.420000	-1.214648	-1.983985	-2.548695	1.354223	-1.605580	-0.073276
0.440000	-1.414985	-2.596065	-2.301376	1.380262	-1.640583	-0.081217
0.460000	-1.551335	-3.201070	-2.051229	1.403487	-1.671344	-0.088522
0.480000	-1.612599	-3.785543	-1.801805	1.423370	-1.697167	-0.094864
0.500000	-1.587677	-4.336025	-1.556656	1.439385	-1.717360	-0.099919
0.520000	-1.465468	-4.839061	-1.319337	1.451006	-1.731228	-0.103362
0.540000	-1.234912	-5.281210	-1.093393	1.457707	-1.738079	-0.104867
0.560000	-0.893389	-5.653133	-0.881288	1.459209	-1.737551	-0.104296
0.580000	-0.457137	-5.954640	-0.683064	1.455779	-1.730021	-0.101924
0.600000	0.055053	-6.186782	-0.498433	1.447760	-1.715964	-0.098079
0.620000	0.624386	-6.350610	-0.327108	1.435494	-1.695859	-0.093093
0.640000	1.232071	-6.447174	-0.168804	1.419323	-1.670182	-0.087295
0.660000	1.859314	-6.477525	-0.023232	1.399589	-1.639410	-0.081015
0.680000	2.487323	-6.442715	0.109895	1.376636	-1.604019	-0.074585
0.700000	3.097306	-6.343794	0.230862	1.350804	-1.564487	-0.068334
0.720000	3.670469	-6.181813	0.339958	1.322437	-1.521289	-0.062592
0.740000	4.188020	-5.957823	0.437468	1.291876	-1.474903	-0.057689
0.760000	4.631166	-5.672874	0.523681	1.259464	-1.425806	-0.053956
0.780000	4.981115	-5.328019	0.598882	1.225542	-1.374474	-0.051723
0.800000	5.219074	-4.924307	0.663359	1.190454	-1.321384	-0.051320
0.820000	5.326250	-4.462789	0.717399	1.154542	-1.267013	-0.053077
0.840000	5.283850	-3.944517	0.761289	1.118147	-1.211838	-0.057325
0.860000	5.074128	-3.370801	0.795321	1.081605	-1.156328	-0.064377
0.880000	4.700678	-2.748255	0.819907	1.045094	-1.100811	-0.074209
0.900000	4.187033	-2.088449	0.835569	1.008648	-1.045480	-0.086482
0.920000	3.557487	-1.403142	0.842834	0.972293	-0.990524	-0.100847
0.940000	2.836338	-0.704094	0.842227	0.936059	-0.936132	-0.116952
0.960000	2.047881	-0.003062	0.834277	0.899973	-0.882493	-0.134447
0.980000	1.216412	0.688193	0.819508	0.864062	-0.829795	-0.152980
1.000000	0.366228	1.357913	0.798448	0.828354	-0.778227	-0.172201
1.020000	-0.478377	1.994339	0.771623	0.792878	-0.727979	-0.191759
1.040000	-1.293104	2.585710	0.739560	0.757660	-0.679238	-0.211304
1.060000	-2.053660	3.120269	0.702784	0.722728	-0.632193	-0.230485
1.080000	-2.735747	3.586256	0.661824	0.688111	-0.587034	-0.248950
1.100000	-3.315069	3.971912	0.617204	0.653836	-0.543949	-0.266349
1.120000	-3.767331	4.265477	0.569452	0.619930	-0.503127	-0.282332
1.140000	-4.068237	4.455193	0.519094	0.586422	-0.464756	-0.296548
1.160000	-4.193490	4.529301	0.466657	0.553339	-0.429025	-0.308645
1.180000	-4.118970	4.476140	0.412664	0.520709	-0.396123	-0.318275
1.200000	-3.837828	4.293784	0.357425	0.488611	-0.366141	-0.325257
1.220000	-3.374790	3.998100	0.300855	0.457214	-0.339002	-0.329717
1.240000	-2.757950	3.606855	0.242825	0.426695	-0.314606	-0.331816
1.260000	-2.015401	3.137814	0.183209	0.397235	-0.292855	-0.331711
1.280000	-1.175236	2.608742	0.121880	0.369012	-0.273653	-0.329563
1.300000	-0.265550	2.037405	0.058709	0.342205	-0.256899	-0.325530
1.320000	0.685565	1.441570	-0.006430	0.316992	-0.242497	-0.319773
1.340000	1.650015	0.839001	-0.073665	0.293553	-0.230348	-0.312450
1.360000	2.599707	0.247464	-0.143122	0.272065	-0.220354	-0.303720
1.380000	3.506546	-0.315275	-0.214930	0.252709	-0.212417	-0.293744
1.400000	4.342440	-0.831450	-0.289216	0.235663	-0.206439	-0.282680
1.420000	5.079294	-1.283296	-0.366107	0.221105	-0.202322	-0.270688
1.440000	5.689016	-1.653048	-0.445730	0.209215	-0.199969	-0.257927
1.460000	6.143512	-1.922938	-0.528213	0.200171	-0.199279	-0.244556
