0.000000	5.529506	-3.120086	0.170221	0.470027	-0.394361	-0.133255
0.020000	5.138474	-3.054421	0.287240	0.470670	-0.412155	-0.126763
0.040000	4.639636	-2.865769	0.388086	0.469207	-0.429570	-0.120477
0.060000	4.053654	-2.570839	0.471698	0.466077	-0.446668	-0.114465
0.080000	3.401188	-2.186339	0.537019	0.461718	-0.463510	-0.108796
0.100000	2.702899	-1.728977	0.582987	0.456568	-0.480157	-0.103539
0.120000	1.979449	-1.215462	0.608545	0.451065	-0.496670	-0.098761
0.140000	1.251499	-0.662503	0.612633	0.445647	-0.513110	-0.094531
0.160000	0.539709	-0.086807	0.594190	0.440753	-0.529539	-0.090918
0.180000	-0.135258	0.494916	0.552159	0.436819	-0.546017	-0.087990
0.200000	-0.752741	1.065959	0.485480	0.434285	-0.562605	-0.085815
0.220000	-1.292081	1.609613	0.393092	0.433588	-0.579364	-0.084462
0.240000	-1.732614	2.109169	0.273938	0.435166	-0.596356	-0.084000
0.260000	-2.053681	2.547920	0.126957	0.439458	-0.613642	-0.084496
0.280000	-2.234620	2.909156	-0.048909	0.446901	-0.631282	-0.086020
0.300000	-2.255020	3.176298	-0.254676	0.457930	-0.649337	-0.088637
0.320000	-2.109778	3.340601	-0.488632	0.472697	-0.667846	-0.092281
0.340000	-1.817656	3.405543	-0.744813	0.490923	-0.686810	-0.096679
0.360000	-1.399488	3.375660	-1.016886	0.512289	-0.706229	-0.101540
0.380000	-0.876110	3.255487	-1.298520	0.536474	-0.726103	-0.106572
0.400000	-0.268353	3.049562	-1.583383	0.563161	-0.746431	-0.111483
0.420000	0.402947	2.762420	-1.865141	0.592031	-0.767212	-0.115984
0.440000	1.116956	2.398598	-2.137463	0.622764	-0.788446	-0.119782
0.460000	1.852841	1.962632	-2.394016	0.655042	-0.810132	-0.122586
0.480000	2.589768	1.459059	-2.628468	0.688546	-0.832270	-0.124106
0.500000	3.306902	0.892415	-2.834486	0.722957	-0.854858	-0.124048
0.520000	3.983410	0.267236	-3.005739	0.757955	-0.877898	-0.122124
0.540000	4.598458	-0.411941	-3.135894	0.793224	-0.901387	-0.118040
0.560000	5.131211	-1.140581	-3.218618	0.828442	-0.925325	-0.111507
0.580000	5.560837	-1.914146	-3.247580	0.863292	-0.949712	-0.102232
0.600000	5.866500	-2.728101	-3.216447	0.897454	-0.974548	-0.089924
0.620000	6.028942	-3.577431	-3.119567	0.930622	-0.999822	-0.074335
0.640000	6.047835	-4.451376	-2.959462	0.962638	-1.025418	-0.055721
0.660000	5.935364	-5.335382	-2.744056	0.993441	-1.051151	-0.034672
0.680000	5.703933	-6.214825	-2.481372	1.022975	-1.076832	-0.011787
0.700000	5.365950	-7.075081	-2.179429	1.051180	-1.102273	0.012339
0.720000	4.933821	-7.901527	-1.846248	1.077998	-1.127287	0.037107
0.740000	4.419951	-8.679540	-1.489850	1.103372	-1.151686	0.061922
0.760000	3.836749	-9.394496	-1.118256	1.127242	-1.175281	0.086185
0.780000	3.196618	-10.031772	-0.739486	1.149551	-1.197886	0.109301
0.800000	2.511967	-10.576744	-0.361562	1.170241	-1.219312	0.130671
0.820000	1.795201	-11.014790	0.007495	1.189252	-1.239371	0.149699
0.840000	1.058726	-11.331285	0.359666	1.206528	-1.257876	0.165789
0.860000	0.314949	-11.511606	0.686929	1.222010	-1.274638	0.178342
0.880000	-0.423725	-11.541131	0.981263	1.235640	-1.289471	0.186763
0.900000	-1.144887	-11.405235	1.234648	1.247359	-1.302185	0.190453
0.920000	-1.836134	-11.089295	1.439062	1.257109	-1.312594	0.188816
0.940000	-2.485168	-10.579120	1.586660	1.264834	-1.320513	0.181270
0.960000	-3.083896	-9.876999	1.676247	1.270514	-1.325876	0.167790
0.980000	-3.629635	-9.006419	1.715181	1.274183	-1.328772	0.149070
1.000000	-4.120054	-7.992264	1.711389	1.275874	-1.329299	0.125849
1.020000	-4.552825	-6.859418	1.672795	1.275624	-1.327556	0.098868
1.040000	-4.925619	-5.632766	1.607322	1.273467	-1.323641	0.068868
1.060000	-5.236107	-4.337192	1.522895	1.269440	-1.317654	0.036590
1.080000	-5.481961	-2.997579	1.427439	1.263576	-1.309692	0.002773
1.100000	-5.660850	-1.638813	1.328877	1.255911	-1.299854	-0.031841
1.120000	-5.770447	-0.285777	1.235135	1.246482	-1.288239	-0.066513
1.140000	-5.808422	1.036644	1.154135	1.235321	-1.274946	-0.100501
1.160000	-5.772447	2.303566	1.093804	1.222466	-1.260072	-0.133066
1.180000	-5.660192	3.490105	1.062065	1.207951	-1.243716	-0.163466
1.200000	-5.469329	4.571377	1.066842	1.191812	-1.225977	-0.190962
1.220000	-5.197528	5.522498	1.116060	1.174083	-1.206954	-0.214813
1.240000	-4.842462	6.318582	1.217644	1.154800	-1.186745	-0.234278
1.260000	-4.401811	6.934772	1.379506	1.133999	-1.165449	-0.248617
1.280000	-3.878119	7.357812	1.604760	1.111727	-1.143148	-0.257422
1.300000	-3.286442	7.604303	1.884168	1.088067	-1.119887	-0.261134
1.320000	-2.643817	7.695582	2.206530	1.063108	-1.095704	-0.260329
1.340000	-1.967286	7.652987	2.560648	1.036937	-1.070637	-0.255583
1.360000	-1.273887	7.497855	2.935324	1.009642	-1.044722	-0.247473
1.380000	-0.580659	7.251525	3.319358	0.981311	-1.017999	-0.236574
1.400000	0.095357	6.935335	3.701552	0.952032	-0.990504	-0.223464
1.420000	0.737122	6.570621	4.070707	0.921893	-0.962276	-0.208719
1.440000	1.327598	6.178721	4.415624	0.890982	-0.933353	-0.192914
1.460000	1.849744	5.780974	4.725106	0.859388	-0.903771	-0.176627
1.480000	2.286521	5.398718	4.987952	0.827197	-0.873570	-0.160433
1.500000	2.620889	5.053288	5.192965	0.794498	-0.842786	-0.144910
1.520000	2.835810	4.766025	5.328945	0.761378	-0.811458	-0.130632
