0.000000	-3.389658	-0.669282	-3.039737	1.524059	-1.635609	0.071780
0.020000	-3.369772	-1.090712	-2.970482	1.533369	-1.664817	0.069748
0.040000	-3.287699	-1.481280	-2.854786	1.533578	-1.686421	0.066659
0.060000	-3.138658	-1.829860	-2.688338	1.523785	-1.699648	0.062532
0.080000	-2.920528	-2.127230	-2.468830	1.503423	-1.703954	0.057392
0.100000	-2.642020	-2.371959	-2.202113	1.473300	-1.699731	0.051298
0.120000	-2.314615	-2.564601	-1.896121	1.434567	-1.687608	0.044312
0.140000	-1.949792	-2.705711	-1.558789	1.388381	-1.668212	0.036502
0.160000	-1.559028	-2.795845	-1.198050	1.335896	-1.642173	0.027930
0.180000	-1.153803	-2.835557	-0.821840	1.278265	-1.610120	0.018663
0.200000	-0.745597	-2.825402	-0.438091	1.216644	-1.572681	0.008764
0.220000	-0.345887	-2.765936	-0.054739	1.152187	-1.530485	-0.001701
0.240000	0.033847	-2.657713	0.320283	1.086048	-1.484161	-0.012668
0.260000	0.382126	-2.501288	0.679040	1.019382	-1.434337	-0.024072
0.280000	0.687472	-2.297216	1.013597	0.953342	-1.381644	-0.035849
0.300000	0.938405	-2.046052	1.316022	0.889085	-1.326708	-0.047932
0.320000	1.123447	-1.748352	1.578379	0.827763	-1.270160	-0.060258
0.340000	1.231119	-1.404669	1.792735	0.770531	-1.212627	-0.072763
0.360000	1.249941	-1.015560	1.951154	0.718545	-1.154739	-0.085380
0.380000	1.168586	-0.581632	2.045782	0.672948	-1.097122	-0.098045
0.400000	0.985775	-0.107016	2.073993	0.634267	-1.040229	-0.110698
0.420000	0.716377	0.398494	2.041564	0.602033	-0.984238	-0.123283
0.440000	0.376720	0.924593	1.955033	0.575688	-0.929299	-0.135744
0.460000	-0.016868	1.460976	1.820937	0.554672	-0.875565	-0.148028
0.480000	-0.448057	1.997339	1.645814	0.538427	-0.823187	-0.160079
0.500000	-0.900519	2.523375	1.436201	0.526394	-0.772316	-0.171843
0.520000	-1.357926	3.028780	1.198637	0.518014	-0.723105	-0.183264
0.540000	-1.803949	3.503248	0.939657	0.512729	-0.675704	-0.194287
0.560000	-2.222260	3.936475	0.665801	0.509979	-0.630266	-0.204859
0.580000	-2.596531	4.318156	0.383604	0.509207	-0.586942	-0.214923
0.600000	-2.910432	4.637985	0.099606	0.509852	-0.545884	-0.224426
0.620000	-3.147636	4.885657	-0.179658	0.511357	-0.507243	-0.233311
0.640000	-3.291813	5.050868	-0.447649	0.513163	-0.471170	-0.241526
0.660000	-3.326636	5.123311	-0.697829	0.514711	-0.437818	-0.249013
0.680000	-3.235776	5.092683	-0.923662	0.515442	-0.407339	-0.255720
0.700000	-3.002906	4.948679	-1.118610	0.514797	-0.379882	-0.261590
0.720000	-2.619467	4.686372	-1.277909	0.512373	-0.355549	-0.266579
0.740000	-2.102428	4.318508	-1.402618	0.508277	-0.334266	-0.270673
0.760000	-1.473994	3.861459	-1.494990	0.502719	-0.315925	-0.273867
0.780000	-0.756373	3.331595	-1.557281	0.495912	-0.300418	-0.276155
0.800000	0.028230	2.745290	-1.591745	0.488067	-0.287636	-0.277529
0.820000	0.857609	2.118913	-1.600637	0.479394	-0.277473	-0.277984
0.840000	1.709557	1.468837	-1.586209	0.470105	-0.269819	-0.277513
0.860000	2.561868	0.811432	-1.550718	0.460412	-0.264567	-0.276111
0.880000	3.392336	0.163071	-1.496417	0.450526	-0.261608	-0.273770
0.900000	4.178755	-0.459876	-1.425560	0.440658	-0.260835	-0.270484
0.920000	4.898919	-1.041036	-1.340403	0.431019	-0.262139	-0.266247
0.940000	5.530621	-1.564039	-1.243198	0.421821	-0.265412	-0.261053
0.960000	6.051655	-2.012513	-1.136201	0.413275	-0.270547	-0.254896
0.980000	6.439816	-2.370087	-1.021667	0.405592	-0.277435	-0.247769
1.000000	6.672896	-2.620389	-0.901848	0.398985	-0.285968	-0.239666
1.020000	6.728690	-2.747048	-0.779000	0.393663	-0.296038	-0.230580
1.040000	6.589283	-2.736645	-0.655411	0.389797	-0.307524	-0.220536
1.060000	6.267297	-2.596783	-0.533612	0.387266	-0.320224	-0.209772
1.080000	5.788596	-2.344177	-0.416240	0.385819	-0.333897	-0.198622
1.100000	5.179098	-1.995578	-0.305932	0.385208	-0.348302	-0.187418
1.120000	4.464719	-1.567740	-0.205323	0.385184	-0.363199	-0.176492
1.140000	3.671378	-1.077415	-0.117052	0.385495	-0.378346	-0.166179
1.160000	2.824990	-0.541353	-0.043754	0.385894	-0.393504	-0.156810
1.180000	1.951474	0.023691	0.011934	0.386131	-0.408432	-0.148718
1.200000	1.076746	0.600966	0.047374	0.385955	-0.422890	-0.142237
1.220000	0.226725	1.173721	0.059929	0.385118	-0.436636	-0.137700
1.240000	-0.572674	1.725202	0.046964	0.383370	-0.449431	-0.135438
1.260000	-1.295533	2.238657	0.005841	0.380461	-0.461033	-0.135786
