0.000000	5.688768	3.442094	-3.782218	0.409857	-0.276086	-0.259943
0.020000	5.941360	2.975931	-3.822924	0.422409	-0.283990	-0.250692
0.040000	6.105954	2.567175	-3.843471	0.431744	-0.291173	-0.241914
0.060000	6.168321	2.230862	-3.842368	0.437369	-0.297318	-0.233816
0.080000	6.114231	1.982031	-3.818124	0.438793	-0.302106	-0.226603
0.100000	5.931915	1.833549	-3.769549	0.435607	-0.305262	-0.220462
0.120000	5.629557	1.780680	-3.697871	0.428082	-0.306850	-0.215419
0.140000	5.225041	1.810131	-3.605500	0.416821	-0.307102	-0.211422
0.160000	4.736315	1.908553	-3.494848	0.402428	-0.306251	-0.208418
0.180000	4.181328	2.062598	-3.368332	0.385508	-0.304527	-0.206355
0.200000	3.578026	2.258915	-3.228367	0.366666	-0.302164	-0.205180
0.220000	2.944358	2.484157	-3.077368	0.346507	-0.299393	-0.204840
0.240000	2.298272	2.724975	-2.917749	0.325634	-0.296446	-0.205283
0.260000	1.657716	2.968018	-2.751927	0.304653	-0.293557	-0.206457
0.280000	1.040637	3.199939	-2.582315	0.284169	-0.290956	-0.208309
0.300000	0.464985	3.407388	-2.411329	0.264785	-0.288876	-0.210785
0.320000	-0.051294	3.577016	-2.241384	0.247106	-0.287549	-0.213835
0.340000	-0.490252	3.695475	-2.074896	0.231738	-0.287208	-0.217404
0.360000	-0.833940	3.749414	-1.914278	0.219284	-0.288084	-0.221442
0.380000	-1.064411	3.725487	-1.761947	0.210350	-0.290409	-0.225894
0.400000	-1.163721	3.610346	-1.620317	0.205540	-0.294416	-0.230709
0.420000	-1.121766	3.396795	-1.491331	0.205248	-0.300267	-0.235822
0.440000	-0.951893	3.096029	-1.375522	0.209243	-0.307910	-0.241139
0.460000	-0.671822	2.722675	-1.273158	0.217177	-0.317256	-0.246559
0.480000	-0.299270	2.291355	-1.184511	0.228699	-0.328216	-0.251978
0.500000	0.148043	1.816695	-1.109848	0.243462	-0.340700	-0.257296
0.520000	0.652400	1.313318	-1.049440	0.261116	-0.354617	-0.262411
0.540000	1.196081	0.795851	-1.003555	0.281314	-0.369880	-0.267222
0.560000	1.761369	0.278916	-0.972464	0.303705	-0.386397	-0.271626
0.580000	2.330544	-0.222862	-0.956436	0.327941	-0.404079	-0.275523
0.600000	2.885888	-0.694858	-0.955739	0.353674	-0.422837	-0.278811
0.620000	3.409682	-1.122447	-0.970644	0.380554	-0.442581	-0.281387
0.640000	3.884209	-1.491006	-1.001421	0.408234	-0.463220	-0.283151
0.660000	4.291749	-1.785910	-1.048337	0.436363	-0.484667	-0.284001
0.680000	4.614584	-1.992534	-1.111664	0.464593	-0.506830	-0.283835
0.700000	4.834996	-2.096254	-1.191670	0.492576	-0.529620	-0.282552
0.720000	4.935265	-2.082446	-1.288624	0.519962	-0.552948	-0.280049
0.740000	4.901147	-1.939559	-1.402433	0.546453	-0.576726	-0.276253
0.760000	4.740759	-1.675838	-1.530662	0.572076	-0.600881	-0.271254
0.780000	4.471081	-1.307370	-1.669946	0.596984	-0.625344	-0.265213
0.800000	4.109113	-0.850265	-1.816920	0.621333	-0.650047	-0.258288
0.820000	3.671857	-0.320627	-1.968220	0.645278	-0.674923	-0.250638
0.840000	3.176312	0.265434	-2.120479	0.668974	-0.699904	-0.242424
0.860000	2.639480	0.891812	-2.270331	0.692574	-0.724921	-0.233804
0.880000	2.078362	1.542399	-2.414413	0.716236	-0.749908	-0.224938
0.900000	1.509959	2.201088	-2.549357	0.740113	-0.774794	-0.215985
0.920000	0.951272	2.851771	-2.671798	0.764360	-0.799514	-0.207103
0.940000	0.419301	3.478341	-2.778372	0.789132	-0.823999	-0.198453
0.960000	-0.068953	4.064691	-2.865712	0.814585	-0.848180	-0.190194
0.980000	-0.496488	4.594713	-2.930453	0.840872	-0.871990	-0.182485
1.000000	-0.846303	5.052299	-2.969229	0.868150	-0.895361	-0.175485
1.020000	-1.101399	5.421343	-2.978676	0.896573	-0.918225	-0.169354
1.040000	-1.244800	5.685758	-2.955433	0.926295	-0.940514	-0.164250
1.060000	-1.268280	5.836293	-2.898152	0.957350	-0.962187	-0.160220
1.080000	-1.184847	5.880291	-2.810368	0.989478	-0.983263	-0.157037
1.100000	-1.010670	5.827565	-2.696340	1.022375	-1.003774	-0.154433
1.120000	-0.761916	5.687926	-2.560329	1.055737	-1.023749	-0.152141
1.140000	-0.454755	5.471188	-2.406595	1.089259	-1.043219	-0.149892
1.160000	-0.105355	5.187164	-2.239398	1.122638	-1.062215	-0.147419
1.180000	0.270116	4.845665	-2.063000	1.155569	-1.080766	-0.144455
1.200000	0.655489	4.456505	-1.881660	1.187750	-1.098904	-0.140732
1.220000	1.034595	4.029496	-1.699638	1.218874	-1.116658	-0.135982
1.240000	1.391267	3.574450	-1.521196	1.248639	-1.134058	-0.129937
1.260000	1.709335	3.101181	-1.350593	1.276741	-1.151135	-0.122330
1.280000	1.972631	2.619501	-1.192090	1.302875	-1.167920	-0.112894
1.300000	2.164986	2.139223	-1.049947	1.326737	-1.184442	-0.101359
1.320000	2.270233	1.670158	-0.928424	1.348024	-1.200733	-0.087459
1.340000	2.272203	1.222121	-0.831782	1.366431	-1.216821	-0.070927
1.360000	2.155388	0.804712	-0.764123	1.381667	-1.232736	-0.051510
1.380000	1.919750	0.422625	-0.725838	1.393731	-1.248455	-0.029341
1.400000	1.580858	0.075595	-0.713574	1.402916	-1.263903	-0.004941
1.420000	1.154967	-0.236859	-0.723816	1.409526	-1.279003	0.021155
1.440000	0.658334	-0.515219	-0.753046	1.413869	-1.293680	0.048410
1.460000	0.107217	-0.759967	-0.797746	1.416249	-1.307857	0.076288
1.480000	-0.482128	-0.971585	-0.854400	1.416973	-1.321456	0.104250
1.500000	-1.093444	-1.150555	-0.919490	1.416345	-1.334403	0.131762
1.520000	-1.710474	-1.297359	-0.989500	1.414672	-1.346619	0.158285
1.540000	-2.316962	-1.412478	-1.060912	1.412258	-1.358029	0.183284
1.560000	-2.896650	-1.496395	-1.130209	1.409411	-1.368556	0.206222
