0.000000	-1.587836	3.104674	2.564971	0.667335	-0.680887	-0.230915
0.020000	-0.842055	2.454566	2.644873	0.641024	-0.654154	-0.227797
0.040000	-0.147232	1.847683	2.691947	0.614495	-0.627472	-0.223443
0.060000	0.480278	1.306973	2.702352	0.587867	-0.600913	-0.217937
0.080000	1.024119	0.855383	2.672247	0.561257	-0.574546	-0.211364
0.100000	1.467935	0.515862	2.597789	0.534784	-0.548443	-0.203806
0.120000	1.795371	0.311357	2.475137	0.508567	-0.522673	-0.195348
0.140000	1.993790	0.259694	2.301647	0.482731	-0.497311	-0.186081
0.160000	2.071516	0.349844	2.081419	0.457446	-0.472441	-0.176135
0.180000	2.044211	0.560678	1.820914	0.432896	-0.448154	-0.165655
0.200000	1.927543	0.871056	1.526597	0.409263	-0.424539	-0.154787
0.220000	1.737180	1.259839	1.204931	0.386734	-0.401686	-0.143675
0.240000	1.488789	1.705888	0.862382	0.365491	-0.379686	-0.132465
0.260000	1.198039	2.188061	0.505412	0.345719	-0.358628	-0.121301
0.280000	0.880598	2.685222	0.140485	0.327602	-0.338603	-0.110328
0.300000	0.552135	3.176228	-0.225933	0.311323	-0.319700	-0.099691
0.320000	0.228317	3.639942	-0.587380	0.297067	-0.302009	-0.089536
0.340000	-0.075187	4.055223	-0.937391	0.285018	-0.285620	-0.080007
0.360000	-0.342709	4.400932	-1.269501	0.275359	-0.270624	-0.071249
0.380000	-0.558582	4.655929	-1.577249	0.268276	-0.257110	-0.063407
0.400000	-0.707136	4.799075	-1.854168	0.263951	-0.245168	-0.056626
0.420000	-0.772704	4.809230	-2.093795	0.262570	-0.234889	-0.051051
0.440000	-0.739665	4.665324	-2.289682	0.264314	-0.226361	-0.046827
0.460000	-0.601091	4.358860	-2.438297	0.269200	-0.219643	-0.044016
0.480000	-0.368742	3.908376	-2.542376	0.276880	-0.214724	-0.042504
0.500000	-0.056802	3.335920	-2.605469	0.286963	-0.211583	-0.042155
0.520000	0.320544	2.663536	-2.631124	0.299053	-0.210200	-0.042832
0.540000	0.749112	1.913270	-2.622893	0.312759	-0.210556	-0.044398
0.560000	1.214717	1.107169	-2.584324	0.327688	-0.212631	-0.046718
0.580000	1.703175	0.267278	-2.518967	0.343445	-0.216403	-0.049653
0.600000	2.200302	-0.584358	-2.430372	0.359638	-0.221853	-0.053068
0.620000	2.691913	-1.425691	-2.322089	0.375874	-0.228962	-0.056825
0.640000	3.163823	-2.234677	-2.197666	0.391760	-0.237709	-0.060789
0.660000	3.601849	-2.989269	-2.060653	0.406903	-0.248073	-0.064823
0.680000	3.991805	-3.667422	-1.914601	0.420908	-0.260035	-0.068789
0.700000	4.319508	-4.247090	-1.763059	0.433384	-0.273575	-0.072552
0.720000	4.570773	-4.706226	-1.609576	0.443937	-0.288673	-0.075975
0.740000	4.731415	-5.022786	-1.457702	0.452174	-0.305308	-0.078920
0.760000	4.787961	-5.175780	-1.310931	0.457723	-0.323459	-0.081257
0.780000	4.740595	-5.164525	-1.171700	0.460641	-0.343079	-0.082933
0.800000	4.601814	-5.006649	-1.041491	0.461367	-0.364094	-0.083972
0.820000	4.384556	-4.720433	-0.921752	0.460354	-0.386433	-0.084399
0.840000	4.101759	-4.324159	-0.813930	0.458055	-0.410022	-0.084239
0.860000	3.766363	-3.836110	-0.719474	0.454925	-0.434788	-0.083519
0.880000	3.391304	-3.274566	-0.639832	0.451415	-0.460658	-0.082263
0.900000	2.989521	-2.657811	-0.576451	0.447981	-0.487561	-0.080497
0.920000	2.573954	-2.004127	-0.530779	0.445074	-0.515421	-0.078247
0.940000	2.157538	-1.331794	-0.504264	0.443149	-0.544168	-0.075537
0.960000	1.753214	-0.659096	-0.498355	0.442659	-0.573728	-0.072393
0.980000	1.373919	-0.004313	-0.514499	0.444057	-0.604027	-0.068841
1.000000	1.032592	0.614271	-0.554144	0.447796	-0.634994	-0.064906
1.020000	0.742171	1.178375	-0.618737	0.454330	-0.666555	-0.060614
1.040000	0.515593	1.669716	-0.709728	0.464113	-0.698637	-0.055990
1.060000	0.365798	2.070014	-0.828563	0.477597	-0.731168	-0.051059
1.080000	0.305628	2.361087	-0.976665	0.495232	-0.764074	-0.045847
1.100000	0.339663	2.533590	-1.153146	0.517106	-0.797279	-0.040392
1.120000	0.457919	2.593744	-1.353052	0.542674	-0.830701	-0.034752
1.140000	0.648931	2.549357	-1.571015	0.571324	-0.864256	-0.028989
1.160000	0.901233	2.408234	-1.801667	0.602444	-0.897860	-0.023164
1.180000	1.203360	2.178181	-2.039639	0.635423	-0.931431	-0.017338
1.200000	1.543847	1.867005	-2.279565	0.669651	-0.964884	-0.011572
1.220000	1.911228	1.482512	-2.516075	0.704517	-0.998138	-0.005927
1.240000	2.294038	1.032508	-2.743802	0.739408	-1.031108	-0.000465
1.260000	2.680811	0.524801	-2.957377	0.773713	-1.063710	0.004755
1.280000	3.060082	-0.032805	-3.151433	0.806823	-1.095863	0.009670
1.300000	3.420385	-0.632503	-3.320600	0.838125	-1.127482	0.014219
1.320000	3.750255	-1.266486	-3.459512	0.867008	-1.158484	0.018341
1.340000	4.038228	-1.926948	-3.562800	0.892861	-1.188785	0.021976
