0.000000	4.731826	3.628532	-3.270425	0.775635	-0.748456	-0.238837
0.020000	4.945472	4.617535	-3.316311	0.780710	-0.770278	-0.235070
0.040000	5.162307	5.580438	-3.344155	0.784537	-0.797653	-0.231201
0.060000	5.386084	6.495896	-3.352548	0.787169	-0.831329	-0.227336
0.080000	5.620558	7.342564	-3.340081	0.788659	-0.872057	-0.223583
0.100000	5.869482	8.099098	-3.305344	0.789061	-0.920585	-0.220050
0.120000	6.136609	8.744153	-3.246928	0.788428	-0.977662	-0.216843
0.140000	6.425227	9.257174	-3.163533	0.786820	-1.043933	-0.214062
0.160000	6.730566	9.631275	-3.055754	0.784447	-1.118258	-0.211672
0.180000	7.041053	9.871108	-2.925790	0.781637	-1.197986	-0.209520
0.200000	7.344901	9.981690	-2.775887	0.778725	-1.280416	-0.207454
0.220000	7.630322	9.968037	-2.608293	0.776044	-1.362852	-0.205319
0.240000	7.885528	9.835165	-2.425254	0.773930	-1.442595	-0.202960
0.260000	8.098732	9.588091	-2.229018	0.772716	-1.516945	-0.200223
0.280000	8.258146	9.231831	-2.021833	0.772736	-1.583205	-0.196955
0.300000	8.351983	8.771401	-1.805946	0.774325	-1.638676	-0.193000
0.320000	8.368455	8.211818	-1.583603	0.777816	-1.680659	-0.188204
0.340000	8.295775	7.558097	-1.357053	0.783544	-1.706456	-0.182414
0.360000	8.122155	6.815256	-1.128542	0.791842	-1.713368	-0.175474
0.380000	7.835809	5.988310	-0.900318	0.803046	-1.698697	-0.167231
0.400000	7.424947	5.082276	-0.674628	0.817488	-1.659745	-0.157531
0.420000	6.877783	4.102170	-0.453720	0.835503	-1.593812	-0.146218
0.440000	6.182530	3.053008	-0.239840	0.857426	-1.498200	-0.133140
0.460000	5.327399	1.939807	-0.035236	0.883589	-1.370211	-0.118141
0.480000	4.300627	0.767590	0.157846	0.914328	-1.207151	-0.101067
0.500000	3.100721	-0.455460	0.337873	0.949698	-1.008616	-0.081930
0.520000	1.752630	-1.713025	0.505149	0.989045	-0.780086	-0.061163
0.540000	0.285495	-2.987500	0.660266	1.031601	-0.527981	-0.039267
0.560000	-1.271544	-4.261277	0.803818	1.076600	-0.258717	-0.016744
0.580000	-2.889343	-5.516749	0.936398	1.123273	0.021290	0.005904
0.600000	-4.538763	-6.736311	1.058599	1.170853	0.305621	0.028178
0.620000	-6.190661	-7.902354	1.171015	1.218572	0.587861	0.049575
0.640000	-7.815896	-8.997272	1.274239	1.265663	0.861591	0.069594
0.660000	-9.385327	-10.003459	1.368865	1.311358	1.120395	0.087734
0.680000	-10.869811	-10.903307	1.455486	1.354890	1.357856	0.103494
0.700000	-12.240209	-11.679211	1.534695	1.395491	1.567557	0.116373
0.720000	-13.467378	-12.313562	1.607085	1.432394	1.743080	0.125869
0.740000	-14.522176	-12.788755	1.673251	1.464830	1.878009	0.131481
0.760000	-15.375462	-13.087182	1.733786	1.492033	1.965927	0.132707
0.780000	-15.998097	-13.191238	1.789282	1.513235	2.000416	0.129048
0.800000	-16.370568	-13.091134	1.840145	1.527884	1.977506	0.120210
0.820000	-16.505866	-12.803469	1.886148	1.536157	1.901482	0.106613
0.840000	-16.423836	-12.350410	1.926928	1.538382	1.778372	0.088823
0.860000	-16.144321	-11.754119	1.962123	1.534889	1.614200	0.067407
0.880000	-15.687168	-11.036760	1.991372	1.526009	1.414994	0.042932
0.900000	-15.072220	-10.220499	2.014313	1.512069	1.186780	0.015965
0.920000	-14.319321	-9.327499	2.030584	1.493402	0.935584	-0.012927
0.940000	-13.448316	-8.379924	2.039823	1.470334	0.667432	-0.043176
0.960000	-12.479050	-7.399939	2.041667	1.443198	0.388352	-0.074216
0.980000	-11.431366	-6.409708	2.035756	1.412321	0.104369	-0.105480
1.000000	-10.325110	-5.431395	2.021728	1.378034	-0.178490	-0.136400
1.020000	-9.180125	-4.487164	1.999220	1.340666	-0.454198	-0.166410
1.040000	-8.016257	-3.599180	1.967871	1.300546	-0.716731	-0.194942
1.060000	-6.853350	-2.789606	1.927318	1.258005	-0.960060	-0.221430
1.080000	-5.711247	-2.080608	1.877201	1.213372	-1.178160	-0.245306
