0.000000	-2.711882	3.667418	-0.058793	0.413557	-0.454836	-0.151392
0.020000	-2.686557	2.920867	-0.093582	0.432032	-0.445793	-0.164396
0.040000	-2.616956	2.145433	-0.131993	0.451895	-0.438764	-0.177922
0.060000	-2.509655	1.363000	-0.172969	0.473019	-0.434508	-0.191717
0.080000	-2.371229	0.595453	-0.215449	0.495276	-0.433782	-0.205530
0.100000	-2.208251	-0.135324	-0.258374	0.518538	-0.437344	-0.219109
0.120000	-2.027296	-0.807445	-0.300685	0.542676	-0.445951	-0.232201
0.140000	-1.834939	-1.399025	-0.341323	0.567565	-0.460360	-0.244555
0.160000	-1.637755	-1.888179	-0.379227	0.593075	-0.481330	-0.255918
0.180000	-1.442319	-2.253023	-0.413339	0.619079	-0.509618	-0.266039
0.200000	-1.255180	-2.471802	-0.442608	0.645449	-0.545975	-0.274665
0.220000	-1.080535	-2.535409	-0.466774	0.672070	-0.590521	-0.281635
0.240000	-0.918306	-2.457710	-0.487014	0.698851	-0.642231	-0.286942
0.260000	-0.767962	-2.255001	-0.504659	0.725702	-0.699959	-0.290601
0.280000	-0.628972	-1.943580	-0.521038	0.752533	-0.762558	-0.292624
0.300000	-0.500805	-1.539744	-0.537483	0.779256	-0.828881	-0.293024
0.320000	-0.382929	-1.059789	-0.555323	0.805780	-0.897783	-0.291813
0.340000	-0.274815	-0.520014	-0.575887	0.832017	-0.968116	-0.289005
0.360000	-0.175931	0.063286	-0.600507	0.857878	-1.038735	-0.284612
0.380000	-0.085746	0.673812	-0.630513	0.883272	-1.108492	-0.278647
0.400000	-0.003729	1.295269	-0.667233	0.908110	-1.176241	-0.271122
0.420000	0.070651	1.911358	-0.712000	0.932303	-1.240836	-0.262051
0.440000	0.137925	2.505783	-0.766141	0.955762	-1.301130	-0.251446
0.460000	0.198624	3.062247	-0.830989	0.978398	-1.355978	-0.239319
0.480000	0.253278	3.564453	-0.907872	1.000120	-1.404231	-0.225685
0.500000	0.302419	3.996104	-0.998121	1.020839	-1.444744	-0.210555
0.520000	0.346450	4.341570	-1.102865	1.040470	-1.476445	-0.193951
0.540000	0.383870	4.595187	-1.220242	1.058978	-1.499361	-0.176028
0.560000	0.411713	4.758941	-1.346092	1.076367	-1.514368	-0.157045
0.580000	0.426978	4.835017	-1.476196	1.092641	-1.522361	-0.137262
0.600000	0.426663	4.825595	-1.606335	1.107808	-1.524237	-0.116939
0.620000	0.407765	4.732860	-1.732289	1.121871	-1.520891	-0.096337
0.640000	0.367284	4.558993	-1.849841	1.134836	-1.513220	-0.075716
0.660000	0.302217	4.306177	-1.954772	1.146708	-1.502120	-0.055338
0.680000	0.209562	3.976596	-2.042862	1.157493	-1.488487	-0.035461
0.700000	0.086318	3.572431	-2.109892	1.167196	-1.473217	-0.016348
0.720000	-0.070519	3.095866	-2.151644	1.175822	-1.457206	0.001743
0.740000	-0.263949	2.549083	-2.163899	1.183376	-1.441350	0.018549
0.760000	-0.496974	1.934265	-2.142438	1.189865	-1.426546	0.033811
0.780000	-0.772598	1.253595	-2.083041	1.195292	-1.413689	0.047268
0.800000	-1.093820	0.509256	-1.981491	1.199664	-1.403676	0.058659
0.820000	-1.463645	-0.296571	-1.833569	1.202985	-1.397403	0.067725
0.840000	-1.884992	-1.161588	-1.635138	1.205262	-1.395754	0.074208
0.860000	-2.356391	-2.077322	-1.386618	1.206534	-1.399032	0.078035
0.880000	-2.869807	-3.026068	-1.095234	1.206889	-1.406667	0.079411
0.900000	-3.416667	-3.989362	-0.768770	1.206420	-1.418015	0.078561
0.920000	-3.988399	-4.948742	-0.415008	1.205221	-1.432435	0.075713
0.940000	-4.576430	-5.885746	-0.041732	1.203384	-1.449285	0.071092
0.960000	-5.172186	-6.781913	0.343276	1.201002	-1.467923	0.064925
0.980000	-5.767097	-7.618778	0.732232	1.198168	-1.487706	0.057439
1.000000	-6.352588	-8.377881	1.117354	1.194975	-1.507992	0.048859
1.020000	-6.920087	-9.040758	1.490858	1.191515	-1.528140	0.039413
1.040000	-7.461022	-9.588948	1.844963	1.187882	-1.547506	0.029326
1.060000	-7.966819	-10.003988	2.171883	1.184169	-1.565450	0.018825
1.080000	-8.428907	-10.267417	2.463838	1.180468	-1.581329	0.008136
1.100000	-8.838712	-10.360771	2.713043	1.176873	-1.594500	-0.002514
1.120000	-9.187662	-10.265588	2.911716	1.173475	-1.604322	-0.012899
1.140000	-9.467184	-9.963407	3.052074	1.170369	-1.610152	-0.022793
1.160000	-9.669337	-9.438156	3.127122	1.167632	-1.611398	-0.031980
1.180000	-9.793338	-8.700904	3.138817	1.165163	-1.608021	-0.040380
1.200000	-9.842940	-7.779909	3.094784	1.162751	-1.600334	-0.047998
1.220000	-9.821969	-6.703705	3.002739	1.160184	-1.588655	-0.054837
1.240000	-9.734251	-5.500823	2.870398	1.157247	-1.573304	-0.060904
1.260000	-9.583609	-4.199796	2.705477	1.153727	-1.554598	-0.066203
1.280000	-9.373870	-2.829156	2.515691	1.149412	-1.532857	-0.070740
1.300000	-9.108860	-1.417437	2.308757	1.144087	-1.508400	-0.074520
1.320000	-8.792402	0.006830	2.092390	1.137539	-1.481544	-0.077547
1.340000	-8.428323	1.415111	1.874306	1.129556	-1.452609	-0.079828
1.360000	-8.020448	2.778876	1.662221	1.119923	-1.421913	-0.081368
1.380000	-7.572602	4.069590	1.463850	1.108427	-1.389775	-0.082171
1.400000	-7.088610	5.258722	1.286911	1.094855	-1.356513	-0.082243
1.420000	-6.572299	6.317739	1.139117	1.078994	-1.322447	-0.081590
1.440000	-6.027492	7.218108	1.028186	1.060631	-1.287894	-0.080215
1.460000	-5.458015	7.931298	0.961832	1.039551	-1.253174	-0.078125
1.480000	-4.868246	8.436826	0.945406	1.015624	-1.218548	-0.075345
1.500000	-4.264767	8.746416	0.974792	0.989045	-1.184048	-0.071983
1.520000	-3.654713	8.879842	1.043507	0.960094	-1.149650	-0.068168
1.540000	-3.045220	8.856878	1.145069	0.929048	-1.115329	-0.064027
1.560000	-2.443421	8.697298	1.272997	0.896186	-1.081062	-0.059689
