0.000000	2.443213	0.831399	-2.380535	1.229103	-1.028434	0.174883
0.020000	1.140978	0.642680	-1.616860	1.281436	-0.856312	0.196788
0.040000	-0.302058	0.344382	-0.764607	1.337692	-0.656415	0.216365
0.060000	-1.855658	-0.046133	0.160266	1.396644	-0.434207	0.233633
0.080000	-3.489584	-0.511506	1.141802	1.457062	-0.195152	0.248610
0.100000	-5.173600	-1.034375	2.164043	1.517720	0.055288	0.261317
0.120000	-6.877468	-1.597380	3.211032	1.577389	0.311648	0.271771
0.140000	-8.570950	-2.183161	4.266811	1.634840	0.568465	0.279993
0.160000	-10.223811	-2.774356	5.315423	1.688848	0.820275	0.286000
0.180000	-11.805812	-3.353606	6.340910	1.738182	1.061614	0.289812
0.200000	-13.286716	-3.903549	7.327315	1.781615	1.287018	0.291447
0.220000	-14.636286	-4.406826	8.258680	1.817920	1.491025	0.290926
0.240000	-15.824285	-4.846074	9.119048	1.845868	1.668170	0.288266
0.260000	-16.820476	-5.203935	9.892461	1.864231	1.812989	0.283487
0.280000	-17.594621	-5.463047	10.562961	1.871781	1.920020	0.276608
0.300000	-18.116483	-5.606049	11.114592	1.867290	1.983798	0.267647
0.320000	-18.355940	-5.615639	11.531443	1.849536	1.998880	0.256624
0.340000	-18.300941	-5.483625	11.805218	1.818087	1.963166	0.243602
0.360000	-17.977102	-5.220801	11.943478	1.774162	1.881516	0.228735
0.380000	-17.414742	-4.840336	11.955770	1.719188	1.759661	0.212186
0.400000	-16.644183	-4.355397	11.851639	1.654589	1.603333	0.194121
0.420000	-15.695746	-3.779153	11.640631	1.581792	1.418262	0.174704
0.440000	-14.599752	-3.124769	11.332290	1.502221	1.210180	0.154101
0.460000	-13.386522	-2.405416	10.936163	1.417303	0.984818	0.132476
0.480000	-12.086375	-1.634259	10.461795	1.328463	0.747906	0.109994
0.500000	-10.729635	-0.824468	9.918731	1.237126	0.505175	0.086819
0.520000	-9.346621	0.010791	9.316518	1.144719	0.262358	0.063117
0.540000	-7.967654	0.858349	8.664700	1.052666	0.025184	0.039052
0.560000	-6.623056	1.705040	7.972823	0.962394	-0.200614	0.014789
0.580000	-5.343146	2.537694	7.250432	0.875328	-0.409307	-0.009507
0.600000	-4.158247	3.343144	6.507073	0.792893	-0.595162	-0.033671
0.620000	-3.098680	4.108224	5.752292	0.716515	-0.752449	-0.057539
0.640000	-2.193523	4.820066	4.995494	0.647566	-0.875683	-0.080947
0.660000	-1.449156	5.471339	4.243536	0.586429	-0.963888	-0.103766
0.680000	-0.852082	6.059556	3.501045	0.532621	-1.020034	-0.125893
0.700000	-0.388135	6.582391	2.772569	0.485633	-1.047224	-0.147229
0.720000	-0.043146	7.037520	2.062659	0.444952	-1.048563	-0.167672
0.740000	0.197051	7.422619	1.375864	0.410067	-1.027152	-0.187122
0.760000	0.346622	7.735362	0.716734	0.380468	-0.986096	-0.205478
0.780000	0.419735	7.973426	0.089820	0.355642	-0.928499	-0.222639
0.800000	0.430557	8.134485	-0.500329	0.335080	-0.857463	-0.238505
0.820000	0.393254	8.216216	-1.049162	0.318269	-0.776093	-0.252975
0.840000	0.321994	8.216293	-1.552131	0.304699	-0.687491	-0.265949
0.860000	0.230944	8.132392	-2.004685	0.293858	-0.594761	-0.277326
0.880000	0.134271	7.962188	-2.402273	0.285236	-0.501006	-0.287005
0.900000	0.046142	7.703357	-2.740347	0.278320	-0.409331	-0.294885
0.920000	-0.019277	7.353575	-3.014357	0.272600	-0.322838	-0.300867
0.940000	-0.047818	6.910516	-3.219751	0.267565	-0.244631	-0.304849
0.960000	-0.025413	6.371942	-3.352033	0.262706	-0.177796	-0.306731
0.980000	0.054185	5.742336	-3.410816	0.257718	-0.123966	-0.306525
1.000000	0.183858	5.037674	-3.402740	0.252641	-0.082297	-0.304423
1.020000	0.355182	4.275055	-3.335133	0.247552	-0.051705	-0.300641
1.040000	0.559731	3.471578	-3.215321	0.242525	-0.031101	-0.295390
1.060000	0.789079	2.644343	-3.050631	0.237635	-0.019400	-0.288884
1.080000	1.034803	1.810448	-2.848392	0.232958	-0.015515	-0.281336
1.100000	1.288476	0.986993	-2.615930	0.228568	-0.018361	-0.272960
1.120000	1.541674	0.191078	-2.360573	0.224542	-0.026849	-0.263969
1.140000	1.785972	-0.560200	-2.089648	0.220955	-0.039895	-0.254576
1.160000	2.012943	-1.249739	-1.810481	0.217881	-0.056412	-0.244993
1.180000	2.214163	-1.860442	-1.530402	0.215396	-0.075313	-0.235435
1.200000	2.381208	-2.375208	-1.256736	0.213575	-0.095512	-0.226115
1.220000	2.505651	-2.776939	-0.996811	0.212494	-0.115923	-0.217245
1.240000	2.579067	-3.048535	-0.757955	0.212227	-0.135458	-0.209039
1.260000	2.593056	-3.172948	-0.547479	0.212849	-0.153035	-0.201710
1.280000	2.544115	-3.143274	-0.369794	0.214414	-0.167962	-0.195384
1.300000	2.439546	-2.974988	-0.222900	0.216922	-0.180421	-0.189995
1.320000	2.288093	-2.686552	-0.103946	0.220368	-0.190707	-0.185451
1.340000	2.098500	-2.296430	-0.010078	0.224747	-0.199117	-0.181661
1.360000	1.879512	-1.823083	0.061556	0.230054	-0.205948	-0.178535
1.380000	1.639873	-1.284976	0.113810	0.236283	-0.211495	-0.175980
1.400000	1.388327	-0.700569	0.149536	0.243429	-0.216056	-0.173905
1.420000	1.133618	-0.088327	0.171588	0.251487	-0.219927	-0.172220
1.440000	0.884491	0.533288	0.182818	0.260452	-0.223404	-0.170832
1.460000	0.649690	1.145813	0.186080	0.270318	-0.226784	-0.169651
1.480000	0.437959	1.730786	0.184226	0.281080	-0.230363	-0.168586
1.500000	0.258043	2.269744	0.180108	0.292734	-0.234438	-0.167544
1.520000	0.118686	2.744224	0.176581	0.305272	-0.239306	-0.166434
1.540000	0.028632	3.135763	0.176497	0.318692	-0.245261	-0.165166
