0.000000	-0.170591	3.421950	-1.851632	0.336024	-0.252717	-0.111566
0.020000	-0.943353	3.846760	-1.974188	0.344884	-0.245554	-0.102948
0.040000	-1.622952	4.188808	-2.052837	0.354368	-0.239850	-0.095141
0.060000	-2.183490	4.430147	-2.080986	0.364259	-0.235781	-0.088248
0.080000	-2.600355	4.553846	-2.052534	0.374343	-0.233511	-0.082368
0.100000	-2.869142	4.558914	-1.969156	0.384486	-0.233028	-0.077536
0.120000	-3.001528	4.457046	-1.838716	0.394621	-0.234174	-0.073733
0.140000	-3.009639	4.260291	-1.669251	0.404680	-0.236789	-0.070942
0.160000	-2.905597	3.980695	-1.468798	0.414596	-0.240714	-0.069142
0.180000	-2.701527	3.630308	-1.245392	0.424302	-0.245787	-0.068313
0.200000	-2.409554	3.221175	-1.007069	0.433731	-0.251850	-0.068438
0.220000	-2.041800	2.765345	-0.761867	0.442816	-0.258740	-0.069495
0.240000	-1.610390	2.274866	-0.517820	0.451490	-0.266299	-0.071467
0.260000	-1.127448	1.761785	-0.282966	0.459687	-0.274365	-0.074333
0.280000	-0.605098	1.238150	-0.065341	0.467338	-0.282779	-0.078074
0.300000	-0.055463	0.716008	0.127020	0.474378	-0.291381	-0.082672
0.320000	0.509331	0.207408	0.286080	0.480740	-0.300009	-0.088106
0.340000	1.077161	-0.275604	0.403802	0.486355	-0.308504	-0.094357
0.360000	1.635903	-0.720980	0.472151	0.491157	-0.316706	-0.101406
0.380000	2.173434	-1.116672	0.483090	0.495080	-0.324454	-0.109234
0.400000	2.677628	-1.450632	0.428584	0.498056	-0.331588	-0.117821
0.420000	3.136374	-1.710828	0.300611	0.500019	-0.337949	-0.127147
0.440000	3.541018	-1.889969	0.096155	0.501057	-0.343562	-0.137110
0.460000	3.891256	-1.992203	-0.175735	0.501630	-0.348907	-0.147401
0.480000	4.188017	-2.023368	-0.504229	0.502255	-0.354528	-0.157684
0.500000	4.432228	-1.989300	-0.878493	0.503447	-0.360967	-0.167622
0.520000	4.624818	-1.895836	-1.287697	0.505722	-0.368771	-0.176877
0.540000	4.766715	-1.748815	-1.721008	0.509596	-0.378483	-0.185113
0.560000	4.858848	-1.554073	-2.167594	0.515585	-0.390647	-0.191992
0.580000	4.902144	-1.317447	-2.616624	0.524205	-0.405807	-0.197178
0.600000	4.897532	-1.044775	-3.057266	0.535971	-0.424508	-0.200333
0.620000	4.845940	-0.741894	-3.478688	0.551399	-0.447294	-0.201120
0.640000	4.748298	-0.414642	-3.870059	0.571005	-0.474709	-0.199203
0.660000	4.605532	-0.068855	-4.220545	0.595306	-0.507297	-0.194244
0.680000	4.418571	0.289629	-4.519316	0.624816	-0.545603	-0.185906
0.700000	4.188344	0.654972	-4.755540	0.660052	-0.590171	-0.173852
0.720000	3.915779	1.021338	-4.918387	0.701529	-0.641545	-0.157746
0.740000	3.603009	1.383066	-5.000624	0.749403	-0.699912	-0.137442
0.760000	3.255970	1.735048	-5.006386	0.802688	-0.764337	-0.113402
0.780000	2.881346	2.072288	-4.942044	0.860178	-0.833662	-0.086207
0.800000	2.485818	2.389788	-4.813967	0.920664	-0.906729	-0.056440
0.820000	2.076073	2.682551	-4.628526	0.982937	-0.982380	-0.024681
0.840000	1.658792	2.945581	-4.392091	1.045789	-1.059458	0.008487
0.860000	1.240660	3.173880	-4.111034	1.108011	-1.136805	0.042485
0.880000	0.828361	3.362451	-3.791724	1.168397	-1.213263	0.076729
0.900000	0.428578	3.506296	-3.440532	1.225737	-1.287675	0.110640
0.920000	0.047994	3.600419	-3.063829	1.278822	-1.358882	0.143634
0.940000	-0.306706	3.639823	-2.667985	1.326446	-1.425728	0.175132
0.960000	-0.628840	3.619510	-2.259370	1.367399	-1.487054	0.204552
0.980000	-0.911722	3.534483	-1.844355	1.400473	-1.541703	0.231311
1.000000	-1.148671	3.379745	-1.429311	1.424461	-1.588518	0.254830
1.020000	-1.333001	3.150299	-1.020607	1.438152	-1.626339	0.274525
1.040000	-1.458030	2.841148	-0.624615	1.440340	-1.654010	0.289817
1.060000	-1.518555	2.449259	-0.247175	1.430053	-1.670563	0.300209
1.080000	-1.519474	1.984984	0.109491	1.407927	-1.676321	0.305785
1.100000	-1.469899	1.464264	0.444666	1.375271	-1.672148	0.306873
1.120000	-1.378954	0.903056	0.757642	1.333396	-1.658907	0.303803
1.140000	-1.255765	0.317316	1.047708	1.283613	-1.637464	0.296900
1.160000	-1.109457	-0.276996	1.314154	1.227234	-1.608683	0.286495
1.180000	-0.949156	-0.863925	1.556271	1.165568	-1.573430	0.272915
1.200000	-0.783987	-1.427511	1.773349	1.099928	-1.532568	0.256489
1.220000	-0.623075	-1.951798	1.964678	1.031624	-1.486963	0.237545
1.240000	-0.475546	-2.420827	2.129547	0.961967	-1.437479	0.216411
1.260000	-0.350526	-2.818642	2.267248	0.892268	-1.384981	0.193415
1.280000	-0.257139	-3.129285	2.377070	0.823838	-1.330334	0.168886
1.300000	-0.204511	-3.336798	2.458304	0.757988	-1.274402	0.143151
1.320000	-0.201767	-3.425224	2.510239	0.696029	-1.218050	0.116540
1.340000	-0.258033	-3.378605	2.532166	0.639272	-1.162143	0.089381
