0.000000	1.746769	2.841049	-0.779658	0.431761	-0.918220	0.001631
0.020000	1.520026	2.862878	-0.813423	0.435584	-0.913828	-0.003292
0.040000	1.280322	2.889343	-0.850847	0.439257	-0.909414	-0.008149
0.060000	1.030342	2.918020	-0.891219	0.442787	-0.905015	-0.012870
0.080000	0.772770	2.946482	-0.933830	0.446179	-0.900667	-0.017383
0.100000	0.510291	2.972302	-0.977967	0.449440	-0.896407	-0.021616
0.120000	0.245588	2.993054	-1.022922	0.452577	-0.892272	-0.025498
0.140000	-0.018653	3.006313	-1.067984	0.455596	-0.888298	-0.028958
0.160000	-0.279748	3.009652	-1.112441	0.458504	-0.884522	-0.031925
0.180000	-0.535012	3.000644	-1.155584	0.461307	-0.880981	-0.034326
0.200000	-0.781762	2.976864	-1.196702	0.464011	-0.877711	-0.036091
0.220000	-1.017313	2.935886	-1.235084	0.466623	-0.874749	-0.037149
0.240000	-1.238980	2.875283	-1.270020	0.469150	-0.872131	-0.037427
0.260000	-1.444078	2.792628	-1.300800	0.471597	-0.869895	-0.036855
0.280000	-1.629924	2.685497	-1.326713	0.473972	-0.868076	-0.035362
0.300000	-1.793838	2.551470	-1.347049	0.476281	-0.866712	-0.032875
0.320000	-1.934175	2.389901	-1.361365	0.478520	-0.865816	-0.029381
0.340000	-2.051619	2.204127	-1.369814	0.480665	-0.865350	-0.024996
0.360000	-2.147173	1.998028	-1.372628	0.482690	-0.865270	-0.019852
0.380000	-2.221837	1.775485	-1.370041	0.484568	-0.865532	-0.014081
0.400000	-2.276615	1.540377	-1.362288	0.486271	-0.866091	-0.007817
0.420000	-2.312507	1.296584	-1.349602	0.487772	-0.866903	-0.001191
0.440000	-2.330515	1.047988	-1.332217	0.489044	-0.867922	0.005664
0.460000	-2.331642	0.798467	-1.310366	0.490060	-0.869105	0.012615
0.480000	-2.316889	0.551903	-1.284284	0.490793	-0.870407	0.019529
0.500000	-2.287257	0.312176	-1.254204	0.491216	-0.871783	0.026275
0.520000	-2.243749	0.083165	-1.220360	0.491301	-0.873188	0.032719
0.540000	-2.187366	-0.131248	-1.182985	0.491023	-0.874580	0.038728
0.560000	-2.119110	-0.327184	-1.142315	0.490353	-0.875911	0.044171
0.580000	-2.039983	-0.500763	-1.098581	0.489264	-0.877140	0.048914
0.600000	-1.950986	-0.648104	-1.052018	0.487731	-0.878220	0.052826
0.620000	-1.853122	-0.765328	-1.002860	0.485724	-0.879107	0.055773
0.640000	-1.747458	-0.849611	-0.951340	0.483230	-0.879770	0.057656
0.660000	-1.635376	-0.903153	-0.897684	0.480288	-0.880245	0.058532
0.680000	-1.518349	-0.929636	-0.842119	0.476956	-0.880583	0.058505
0.700000	-1.397851	-0.932747	-0.784872	0.473290	-0.880839	0.057680
0.720000	-1.275356	-0.916170	-0.726167	0.469347	-0.881067	0.056160
0.740000	-1.152337	-0.883590	-0.666231	0.465185	-0.881320	0.054049
0.760000	-1.030270	-0.838690	-0.605289	0.460861	-0.881651	0.051451
0.780000	-0.910627	-0.785157	-0.543569	0.456430	-0.882114	0.048471
0.800000	-0.794883	-0.726675	-0.481295	0.451951	-0.882762	0.045211
0.820000	-0.684511	-0.666928	-0.418695	0.447480	-0.883650	0.041776
0.840000	-0.580986	-0.609602	-0.355992	0.443074	-0.884831	0.038270
0.860000	-0.485781	-0.558381	-0.293415	0.438791	-0.886358	0.034797
0.880000	-0.400369	-0.516949	-0.231188	0.434686	-0.888285	0.031461
0.900000	-0.326226	-0.488992	-0.169538	0.430818	-0.890665	0.028366
0.920000	-0.264825	-0.478195	-0.108691	0.427243	-0.893552	0.025615
0.940000	-0.217640	-0.488241	-0.048872	0.424017	-0.897000	0.023313
0.960000	-0.185981	-0.522443	0.009706	0.421194	-0.901053	0.021554
0.980000	-0.169414	-0.580107	0.066980	0.418766	-0.905667	0.020333
1.000000	-0.166441	-0.658109	0.122977	0.416694	-0.910743	0.019586
1.020000	-0.175552	-0.753292	0.177726	0.414938	-0.916178	0.019245
1.040000	-0.195236	-0.862499	0.231255	0.413455	-0.921874	0.019244
1.060000	-0.223982	-0.982570	0.283592	0.412206	-0.927729	0.019518
1.080000	-0.260279	-1.110349	0.334766	0.411149	-0.933644	0.020000
1.100000	-0.302616	-1.242677	0.384805	0.410245	-0.939517	0.020624
1.120000	-0.349482	-1.376396	0.433738	0.409451	-0.945248	0.021323
1.140000	-0.399365	-1.508349	0.481593	0.408728	-0.950737	0.022031
1.160000	-0.450756	-1.635378	0.528398	0.408034	-0.955884	0.022683
1.180000	-0.502142	-1.754325	0.574183	0.407328	-0.960587	0.023211
1.200000	-0.552013	-1.862032	0.618974	0.406571	-0.964746	0.023550
1.220000	-0.598858	-1.955341	0.662801	0.405721	-0.968261	0.023633
1.240000	-0.641165	-2.031095	0.705693	0.404737	-0.971032	0.023394
1.260000	-0.677425	-2.086134	0.747676	0.403579	-0.972957	0.022767
1.280000	-0.706138	-2.117378	0.788767	0.402206	-0.973939	0.021687
1.300000	-0.726209	-2.124141	0.828544	0.400611	-0.973966	0.020135
1.320000	-0.737021	-2.108578	0.866067	0.398823	-0.973127	0.018146
1.340000	-0.737985	-2.073007	0.900370	0.396874	-0.971515	0.015757
1.360000	-0.728509	-2.019747	0.930484	0.394794	-0.969225	0.013006
1.380000	-0.708005	-1.951117	0.955440	0.392617	-0.966352	0.009932
1.400000	-0.675883	-1.869436	0.974270	0.390372	-0.962989	0.006573
1.420000	-0.631551	-1.777021	0.986007	0.388093	-0.959233	0.002966
1.440000	-0.574422	-1.676192	0.989681	0.385810	-0.955176	-0.000851
1.460000	-0.503905	-1.569268	0.984325	0.383554	-0.950913	-0.004840
