0.000000	10.199460	-14.234243	1.440487	0.557957	0.814436	-0.305853
0.020000	11.329768	-13.438246	1.156981	0.490821	0.621792	-0.287030
0.040000	12.324235	-12.419671	0.832746	0.424814	0.430563	-0.273313
0.060000	13.155834	-11.169634	0.467030	0.360957	0.244125	-0.265298
0.080000	13.797538	-9.679253	0.059079	0.300270	0.065854	-0.263582
0.100000	14.226409	-7.944705	-0.390707	0.243708	-0.101127	-0.268611
0.120000	14.445660	-5.994515	-0.874559	0.191785	-0.255305	-0.279874
0.140000	14.468799	-3.869940	-1.381805	0.144845	-0.395801	-0.296482
0.160000	14.309360	-1.612270	-1.901766	0.103233	-0.521740	-0.317545
0.180000	13.980873	0.737206	-2.423764	0.067291	-0.632243	-0.342173
0.200000	13.496873	3.137199	-2.937120	0.037363	-0.726436	-0.369476
0.220000	12.870892	5.546419	-3.431157	0.013792	-0.803441	-0.398565
0.240000	12.116462	7.923576	-3.895195	-0.003078	-0.862382	-0.428550
0.260000	11.247116	10.227383	-4.318555	-0.012904	-0.902383	-0.458541
0.280000	10.276387	12.416549	-4.690561	-0.015342	-0.922565	-0.487647
0.300000	9.217807	14.449784	-5.000532	-0.010049	-0.922054	-0.514981
0.320000	8.084908	16.285801	-5.237790	0.003318	-0.899972	-0.539650
0.340000	6.891225	17.883310	-5.391658	0.025103	-0.855444	-0.560767
0.360000	5.650289	19.201020	-5.451456	0.055650	-0.787591	-0.577440
0.380000	4.375632	20.197644	-5.406506	0.095302	-0.695538	-0.588781
0.400000	3.080788	20.831891	-5.246129	0.144402	-0.578408	-0.593899
0.420000	1.779339	21.065310	-4.960686	0.203222	-0.435512	-0.591976
0.440000	0.485620	20.903310	-4.556587	0.270925	-0.269053	-0.583315
0.460000	-0.785437	20.385795	-4.052869	0.345802	-0.083507	-0.569094
0.480000	-2.018884	19.553598	-3.468906	0.426120	0.116586	-0.550518
0.500000	-3.199775	18.447555	-2.824075	0.510147	0.326687	-0.528790
0.520000	-4.313162	17.108500	-2.137751	0.596150	0.542257	-0.505115
0.540000	-5.344098	15.577266	-1.429311	0.682397	0.758758	-0.480696
0.560000	-6.277637	13.894689	-0.718131	0.767155	0.971650	-0.456737
0.580000	-7.098830	12.101604	-0.023586	0.848692	1.176395	-0.434442
0.600000	-7.792730	10.238843	0.634949	0.925275	1.368454	-0.415015
0.620000	-8.344391	8.347243	1.238096	0.995171	1.543287	-0.399661
0.640000	-8.738866	6.467637	1.766480	1.056648	1.696357	-0.389582
0.660000	-8.961206	4.640859	2.200726	1.107973	1.823124	-0.385982
0.680000	-8.996465	2.907745	2.521457	1.147414	1.919049	-0.390066
0.700000	-8.829697	1.309128	2.709297	1.173239	1.979593	-0.403038
0.720000	-8.445952	-0.114156	2.744871	1.183714	2.000218	-0.426101
0.740000	-7.836156	-1.327331	2.614303	1.177568	1.977595	-0.460070
0.760000	-7.021260	-2.326596	2.331856	1.155896	1.914589	-0.503767
0.780000	-6.031792	-3.118029	1.920761	1.120543	1.816041	-0.555378
0.800000	-4.898284	-3.707714	1.404258	1.073355	1.686790	-0.613090
0.820000	-3.651269	-4.101734	0.805584	1.016180	1.531679	-0.675089
0.840000	-2.321279	-4.306172	0.147976	0.950863	1.355546	-0.739562
0.860000	-0.938845	-4.327110	-0.545328	0.879251	1.163234	-0.804696
0.880000	0.465500	-4.170631	-1.251091	0.803192	0.959582	-0.868676
0.900000	1.861224	-3.842820	-1.946074	0.724531	0.749432	-0.929690
0.920000	3.217795	-3.349757	-2.607041	0.645115	0.537625	-0.985923
0.940000	4.504680	-2.697527	-3.210754	0.566791	0.329000	-1.035562
0.960000	5.691349	-1.892213	-3.733975	0.491405	0.128400	-1.076794
0.980000	6.747268	-0.939897	-4.153466	0.420803	-0.059337	-1.107805
1.000000	7.641905	0.153337	-4.445990	0.356833	-0.229368	-1.126781
1.020000	8.344729	1.381408	-4.588310	0.301342	-0.376853	-1.131909
1.040000	8.825207	2.738230	-4.557187	0.256174	-0.496951	-1.121375
1.060000	9.056075	4.216533	-4.331804	0.223020	-0.585232	-1.093555
1.080000	9.048371	5.795096	-3.919708	0.201710	-0.642073	-1.049032
1.100000	8.837993	7.443648	-3.346854	0.190870	-0.670973	-0.989825
1.120000	8.461261	9.131764	-2.639511	0.189107	-0.675484	-0.917976
1.140000	7.954495	10.829019	-1.823948	0.195026	-0.659156	-0.835529
1.160000	7.354016	12.504988	-0.926432	0.207233	-0.625540	-0.744525
1.180000	6.696142	14.129245	0.026768	0.224335	-0.578189	-0.647008
1.200000	6.017195	15.671366	1.009383	0.244936	-0.520653	-0.545019
1.220000	5.353493	17.100926	1.995146	0.267644	-0.456484	-0.440602
1.240000	4.741357	18.387500	2.957787	0.291064	-0.389233	-0.335799
1.260000	4.217106	19.500662	3.871040	0.313801	-0.322451	-0.232653
1.280000	3.817062	20.409988	4.708634	0.334462	-0.259690	-0.133206
1.300000	3.577542	21.085053	5.444302	0.351653	-0.204501	-0.039502
1.320000	3.534868	21.495431	6.051776	0.363979	-0.160436	0.046419
1.340000	3.725359	21.610698	6.504787	0.370047	-0.131045	0.122512
1.360000	4.185335	21.400429	6.777067	0.368462	-0.119880	0.186735
1.380000	4.937144	20.845187	6.850071	0.358272	-0.129565	0.237572
1.400000	5.945700	19.970705	6.736995	0.340344	-0.158908	0.275671
1.420000	7.161169	18.814314	6.459191	0.316009	-0.205740	0.302234
1.440000	8.533713	17.413349	6.038010	0.286600	-0.267890	0.318465
1.460000	10.013497	15.805143	5.494804	0.253449	-0.343189	0.325567
1.480000	11.550683	14.027029	4.850922	0.217889	-0.429465	0.324743
1.500000	13.095435	12.116340	4.127717	0.181253	-0.524549	0.317196
1.520000	14.597917	10.110410	3.346539	0.144872	-0.626271	0.304130
1.540000	16.008293	8.046572	2.528739	0.110079	-0.732460	0.286747
1.560000	17.276726	5.962160	1.695670	0.078207	-0.840945	0.266251
1.580000	18.353380	3.894506	0.868681	0.050588	-0.949557	0.243845
1.600000	19.188418	1.880945	0.069124	0.028555	-1.056126	0.220731
1.620000	19.732004	-0.041191	-0.681650	0.013439	-1.158481	0.198114
1.640000	19.934301	-1.834568	-1.362289	0.006574	-1.254452	0.177197
1.660000	19.745474	-3.461853	-1.951444	0.009292	-1.341868	0.159182
1.680000	19.116225	-4.885978	-2.427937	0.022911	-1.418576	0.145263
1.700000	18.033740	-6.087820	-2.782405	0.047760	-1.483482	0.136018
1.720000	16.544200	-7.077275	-3.024589	0.082570	-1.537213	0.131028
1.740000	14.699161	-7.866884	-3.165971	0.125929	-1.580550	0.129779
1.760000	12.550180	-8.469186	-3.218031	0.176421	-1.614275	0.131763
1.780000	10.148813	-8.896721	-3.192251	0.232634	-1.639170	0.136467
1.800000	7.546615	-9.162029	-3.100112	0.293152	-1.656018	0.143381
1.820000	4.795143	-9.277650	-2.953096	0.356562	-1.665599	0.151994
1.840000	1.945953	-9.256125	-2.762682	0.421450	-1.668696	0.161795
1.860000	-0.949399	-9.109993	-2.540354	0.486402	-1.666091	0.172272
1.880000	-3.839358	-8.851794	-2.297591	0.550003	-1.658565	0.182915
1.900000	-6.672366	-8.494068	-2.045874	0.610840	-1.646901	0.193213
1.920000	-9.396869	-8.049354	-1.796686	0.667499	-1.631881	0.202655
1.940000	-11.961309	-7.530194	-1.561508	0.718566	-1.614286	0.210730
1.960000	-14.314131	-6.949127	-1.351819	0.762627	-1.594899	0.216927
