0.000000	0.346507	0.155106	0.100555	0.577809	-0.832591	0.039944
0.020000	0.510483	-0.102305	0.245226	0.575070	-0.833864	0.041146
0.040000	0.657958	-0.335467	0.377635	0.572227	-0.835262	0.042142
0.060000	0.785472	-0.539869	0.495938	0.569307	-0.836768	0.042851
0.080000	0.889567	-0.711002	0.598293	0.566337	-0.838366	0.043194
0.100000	0.967134	-0.844796	0.683052	0.563345	-0.840039	0.043097
0.120000	1.018745	-0.941770	0.750604	0.560337	-0.841775	0.042580
0.140000	1.047158	-1.005182	0.802557	0.557313	-0.843564	0.041710
0.160000	1.055163	-1.038325	0.840532	0.554269	-0.845397	0.040559
0.180000	1.045552	-1.044493	0.866152	0.551204	-0.847263	0.039198
0.200000	1.021113	-1.026980	0.881038	0.548116	-0.849153	0.037698
0.220000	0.984637	-0.989079	0.886813	0.545001	-0.851056	0.036128
0.240000	0.938913	-0.934083	0.885099	0.541859	-0.852964	0.034561
0.260000	0.886731	-0.865286	0.877519	0.538687	-0.854866	0.033065
0.280000	0.830881	-0.785983	0.865694	0.535482	-0.856752	0.031713
0.300000	0.774154	-0.699466	0.851246	0.532243	-0.858613	0.030575
0.320000	0.719338	-0.609029	0.835799	0.528967	-0.860439	0.029721
0.340000	0.669224	-0.517965	0.820974	0.525653	-0.862220	0.029222
0.360000	0.626602	-0.429569	0.808393	0.522297	-0.863946	0.029149
0.380000	0.594262	-0.347134	0.799679	0.518898	-0.865607	0.029572
0.400000	0.574993	-0.273953	0.796453	0.515453	-0.867194	0.030563
0.420000	0.571585	-0.213320	0.800339	0.511961	-0.868696	0.032191
0.440000	0.586232	-0.168135	0.812699	0.508419	-0.870108	0.034510
0.460000	0.617496	-0.138903	0.833329	0.504824	-0.871443	0.037456
0.480000	0.662574	-0.125227	0.861432	0.501172	-0.872725	0.040926
0.500000	0.718660	-0.126711	0.896210	0.497460	-0.873977	0.044814
0.520000	0.782948	-0.142955	0.936867	0.493683	-0.875220	0.049016
0.540000	0.852632	-0.173563	0.982605	0.489838	-0.876477	0.053428
0.560000	0.924907	-0.218136	1.032626	0.485922	-0.877771	0.057944
0.580000	0.996966	-0.276278	1.086134	0.481931	-0.879125	0.062459
0.600000	1.066005	-0.347589	1.142330	0.477860	-0.880561	0.066870
0.620000	1.129217	-0.431673	1.200417	0.473708	-0.882101	0.071071
0.640000	1.183797	-0.528132	1.259599	0.469469	-0.883768	0.074958
0.660000	1.226939	-0.636567	1.319077	0.465141	-0.885586	0.078425
0.680000	1.255837	-0.756581	1.378055	0.460719	-0.887575	0.081368
0.700000	1.267685	-0.887777	1.435735	0.456200	-0.889760	0.083683
0.720000	1.259677	-1.029757	1.491319	0.451581	-0.892162	0.085265
0.740000	1.229015	-1.182117	1.544010	0.446857	-0.894804	0.086009
0.760000	1.174509	-1.343303	1.593024	0.442028	-0.897688	0.085866
0.780000	1.098683	-1.509096	1.637607	0.437101	-0.900772	0.084918
0.800000	1.004582	-1.674904	1.677007	0.432084	-0.904003	0.083263
0.820000	0.895253	-1.836136	1.710476	0.426984	-0.907334	0.081000
0.840000	0.773739	-1.988201	1.737262	0.421809	-0.910713	0.078227
0.860000	0.643088	-2.126506	1.756616	0.416567	-0.914090	0.075044
0.880000	0.506344	-2.246460	1.767787	0.411266	-0.917414	0.071550
0.900000	0.366553	-2.343472	1.770024	0.405912	-0.920637	0.067842
0.920000	0.226761	-2.412949	1.762579	0.400515	-0.923707	0.064020
0.940000	0.090014	-2.450301	1.744699	0.395082	-0.926575	0.060183
0.960000	-0.040644	-2.450935	1.715636	0.389620	-0.929190	0.056429
0.980000	-0.162167	-2.410261	1.674639	0.384137	-0.931502	0.052858
1.000000	-0.271509	-2.323685	1.620958	0.378641	-0.933461	0.049568
1.020000	-0.365624	-2.186617	1.553841	0.373140	-0.935017	0.046657
1.040000	-0.441469	-1.994467	1.472541	0.367641	-0.936119	0.044225
1.060000	-0.497104	-1.745418	1.376913	0.362156	-0.936745	0.042334
1.080000	-0.533931	-1.446005	1.268642	0.356710	-0.936953	0.040938
1.100000	-0.553975	-1.104330	1.149758	0.351330	-0.936816	0.039969
1.120000	-0.559262	-0.728496	1.022287	0.346042	-0.936409	0.039359
1.140000	-0.551817	-0.326607	0.888260	0.340874	-0.935805	0.039042
1.160000	-0.533666	0.093236	0.749702	0.335852	-0.935077	0.038951
1.180000	-0.506834	0.522930	0.608644	0.331004	-0.934300	0.039018
1.200000	-0.473348	0.954372	0.467112	0.326355	-0.933546	0.039175
1.220000	-0.435233	1.379460	0.327135	0.321934	-0.932891	0.039357
1.240000	-0.394515	1.790091	0.190742	0.317766	-0.932406	0.039495
1.260000	-0.353219	2.178163	0.059961	0.313879	-0.932167	0.039522
1.280000	-0.313372	2.535573	-0.063181	0.310300	-0.932246	0.039371
1.300000	-0.276998	2.854218	-0.176654	0.307055	-0.932718	0.038974
1.320000	-0.246124	3.125996	-0.278432	0.304171	-0.933656	0.038266
1.340000	-0.222776	3.342804	-0.366485	0.301675	-0.935134	0.037177
1.360000	-0.208978	3.496540	-0.438785	0.299595	-0.937225	0.035642
1.380000	-0.206747	3.579150	-0.493321	0.297957	-0.940003	0.033592
1.400000	-0.217049	3.587940	-0.529773	0.296780	-0.943474	0.031013
1.420000	-0.238871	3.530322	-0.551022	0.296069	-0.947521	0.027980
1.440000	-0.270978	3.414830	-0.560300	0.295829	-0.952011	0.024583
1.460000	-0.312137	3.249994	-0.560841	0.296064	-0.956813	0.020909
1.480000	-0.361116	3.044349	-0.555879	0.296777	-0.961795	0.017047
1.500000	-0.416680	2.806425	-0.548647	0.297973	-0.966825	0.013084
1.520000	-0.477596	2.544756	-0.542379	0.299654	-0.971772	0.009110
1.540000	-0.542630	2.267873	-0.540307	0.301826	-0.976503	0.005211
1.560000	-0.610550	1.984310	-0.545665	0.304491	-0.980886	0.001476
1.580000	-0.680122	1.702599	-0.561686	0.307654	-0.984791	-0.002006
1.600000	-0.750112	1.431272	-0.591604	0.311319	-0.988084	-0.005148
