0.000000	11.032658	-49.094639	7.526731	1.352384	-2.180872	-0.066211
0.020000	12.312321	-53.429647	8.393031	1.402609	-2.216746	-0.088219
0.040000	13.522388	-57.529324	9.235088	1.449933	-2.249559	-0.108367
0.060000	14.649482	-61.340927	10.041439	1.493605	-2.278289	-0.126731
0.080000	15.680223	-64.811711	10.800616	1.532873	-2.301916	-0.143383
0.100000	16.601234	-67.888932	11.501157	1.566984	-2.319418	-0.158399
0.120000	17.399136	-70.519845	12.131595	1.595185	-2.329774	-0.171852
0.140000	18.060552	-72.651706	12.680466	1.616725	-2.331963	-0.183818
0.160000	18.572103	-74.231771	13.136304	1.630851	-2.324965	-0.194369
0.180000	18.920411	-75.207295	13.487644	1.636811	-2.307759	-0.203581
0.200000	19.092099	-75.525534	13.723023	1.633852	-2.279322	-0.211528
0.220000	19.073787	-75.133744	13.830973	1.621222	-2.238634	-0.218284
0.240000	18.852098	-73.979180	13.800032	1.598168	-2.184675	-0.223923
0.260000	18.413653	-72.009099	13.618732	1.563939	-2.116423	-0.228520
0.280000	17.745075	-69.170754	13.275610	1.517782	-2.032857	-0.232149
0.300000	16.832985	-65.411404	12.759201	1.458945	-1.932956	-0.234884
0.320000	15.664006	-60.678302	12.058039	1.386675	-1.815699	-0.236800
0.340000	14.224759	-54.918704	11.160659	1.300220	-1.680064	-0.237970
0.360000	12.501865	-48.079867	10.055597	1.198828	-1.525032	-0.238470
0.380000	10.481948	-40.109046	8.731387	1.081746	-1.349580	-0.238373
0.400000	8.151628	-30.953496	7.176564	0.948221	-1.152689	-0.237754
0.420000	5.497528	-20.560474	5.379664	0.797503	-0.933336	-0.236686
0.440000	2.517548	-8.920809	3.337510	0.629454	-0.691297	-0.235257
0.460000	-0.684652	3.566096	1.124651	0.449722	-0.433813	-0.233664
0.480000	-3.947568	16.277358	-1.141852	0.267116	-0.172207	-0.232166
0.500000	-7.124476	28.647112	-3.355629	0.089639	0.083232	-0.230997
0.520000	-10.173440	40.513666	-5.486127	-0.080428	0.329562	-0.230218
0.540000	-13.096240	51.883960	-7.534432	-0.243186	0.566906	-0.229819
0.560000	-15.894803	62.765496	-9.501732	-0.398749	0.795399	-0.229788
0.580000	-18.571056	73.165778	-11.389215	-0.547228	1.015173	-0.230115
0.600000	-21.126926	83.092307	-13.198072	-0.688734	1.226361	-0.230787
0.620000	-23.564341	92.552587	-14.929490	-0.823379	1.429098	-0.231795
0.640000	-25.885227	101.554119	-16.584659	-0.951275	1.623515	-0.233126
0.660000	-28.091512	110.104405	-18.164768	-1.072534	1.809748	-0.234770
0.680000	-30.185122	118.210949	-19.671006	-1.187266	1.987929	-0.236716
0.700000	-32.167984	125.881252	-21.104562	-1.295584	2.158191	-0.238953
0.720000	-34.042025	133.122818	-22.466624	-1.397600	2.320668	-0.241469
0.740000	-35.809173	139.943147	-23.758382	-1.493425	2.475493	-0.244253
0.760000	-37.471354	146.349744	-24.981024	-1.583170	2.622800	-0.247295
0.780000	-39.030495	152.350110	-26.135741	-1.666948	2.762722	-0.250583
0.800000	-40.488524	157.951747	-27.223720	-1.744870	2.895393	-0.254106
0.820000	-41.847367	163.162159	-28.246150	-1.817047	3.020945	-0.257853
0.840000	-43.108951	167.988847	-29.204222	-1.883592	3.139512	-0.261812
0.860000	-44.275204	172.439313	-30.099122	-1.944616	3.251228	-0.265974
0.880000	-45.348052	176.521061	-30.932042	-2.000231	3.356225	-0.270326
0.900000	-46.329423	180.241593	-31.704169	-2.050548	3.454638	-0.274858
0.920000	-47.221243	183.608410	-32.416692	-2.095679	3.546599	-0.279558
0.940000	-48.025439	186.629016	-33.070801	-2.135736	3.632243	-0.284415
0.960000	-48.743938	189.310913	-33.667684	-2.170830	3.711701	-0.289419
0.980000	-49.378668	191.661603	-34.208531	-2.201073	3.785109	-0.294557
1.000000	-49.931556	193.688589	-34.694531	-2.226576	3.852598	-0.299820
1.020000	-50.404527	195.399373	-35.126871	-2.247452	3.914304	-0.305195
1.040000	-50.799510	196.801457	-35.506742	-2.263812	3.970357	-0.310673
1.060000	-51.118432	197.902344	-35.835333	-2.275767	4.020893	-0.316241
1.080000	-51.363218	198.709536	-36.113831	-2.283430	4.066045	-0.321888
1.100000	-51.535798	199.230536	-36.343427	-2.286912	4.105946	-0.327604
1.120000	-51.638096	199.472847	-36.525310	-2.286324	4.140729	-0.333377
1.140000	-51.672041	199.443969	-36.660667	-2.281779	4.170527	-0.339197
1.160000	-51.639560	199.151407	-36.750689	-2.273387	4.195475	-0.345052
1.180000	-51.542579	198.602661	-36.796564	-2.261262	4.215705	-0.350930
1.200000	-51.383025	197.805236	-36.799482	-2.245513	4.231351	-0.356822
1.220000	-51.162825	196.766632	-36.760630	-2.226253	4.242547	-0.362716
1.240000	-50.883907	195.494353	-36.681199	-2.203594	4.249424	-0.368600
1.260000	-50.548198	193.995901	-36.562376	-2.177647	4.252118	-0.374463
1.280000	-50.157624	192.278778	-36.405352	-2.148524	4.250761	-0.380296
1.300000	-49.714112	190.350487	-36.211315	-2.116336	4.245487	-0.386085
1.320000	-49.219590	188.218530	-35.981454	-2.081196	4.236429	-0.391821
1.340000	-48.675984	185.890410	-35.716958	-2.043215	4.223720	-0.397492
1.360000	-48.085222	183.373628	-35.419016	-2.002504	4.207494	-0.403087
1.380000	-47.449230	180.675688	-35.088817	-1.959175	4.187885	-0.408595
1.400000	-46.769936	177.804091	-34.727550	-1.913340	4.165024	-0.414005
1.420000	-46.049266	174.766341	-34.336404	-1.865111	4.139047	-0.419306
1.440000	-45.289147	171.569939	-33.916568	-1.814598	4.110086	-0.424486
1.460000	-44.491507	168.222388	-33.469231	-1.761915	4.078275	-0.429534
1.480000	-43.658272	164.731191	-32.995582	-1.707172	4.043747	-0.434441
1.500000	-42.791370	161.103849	-32.496809	-1.650481	4.006635	-0.439193
1.520000	-41.892728	157.347865	-31.974102	-1.591954	3.967073	-0.443781
1.540000	-40.964271	153.470742	-31.428651	-1.531703	3.925194	-0.448192
1.560000	-40.007929	149.479982	-30.861643	-1.469838	3.881132	-0.452417
1.580000	-39.025626	145.383087	-30.274267	-1.406473	3.835020	-0.456444
1.600000	-38.019292	141.187560	-29.667714	-1.341718	3.786991	-0.460261
1.620000	-36.990851	136.900903	-29.043171	-1.275684	3.737178	-0.463858
1.640000	-35.942233	132.530618	-28.401828	-1.208485	3.685716	-0.467223
1.660000	-34.875362	128.084209	-27.744873	-1.140231	3.632737	-0.470346
1.680000	-33.792168	123.569177	-27.073497	-1.071034	3.578375	-0.473216
1.700000	-32.694576	118.993024	-26.388887	-1.001006	3.522763	-0.475820
1.720000	-31.584513	114.363254	-25.692232	-0.930259	3.466034	-0.478149
1.740000	-30.463907	109.687369	-24.984722	-0.858903	3.408322	-0.480191
1.760000	-29.334684	104.972870	-24.267546	-0.787051	3.349761	-0.481934
1.780000	-28.198772	100.227261	-23.541892	-0.714815	3.290483	-0.483369
1.800000	-27.058097	95.458043	-22.808949	-0.642305	3.230623	-0.484483
1.820000	-25.914587	90.672720	-22.069908	-0.569635	3.170312	-0.485265
1.840000	-24.770168	85.878794	-21.325955	-0.496914	3.109686	-0.485705
1.860000	-23.626768	81.083766	-20.578281	-0.424256	3.048876	-0.485792
1.880000	-22.486314	76.295140	-19.828075	-0.351771	2.988018	-0.485514
1.900000	-21.350732	71.520417	-19.076525	-0.279572	2.927243	-0.484860
1.920000	-20.221950	66.767101	-18.324820	-0.207770	2.866685	-0.483818
1.940000	-19.101894	62.042694	-17.574150	-0.136476	2.806478	-0.482379
1.960000	-17.992491	57.354697	-16.825703	-0.065803	2.746755	-0.480531
1.980000	-16.895670	52.710614	-16.080668	0.004139	2.687649	-0.478263
2.000000	-15.813356	48.117947	-15.340235	0.073236	2.629294	-0.475563
2.020000	-14.747476	43.584198	-14.605591	0.141379	2.571823	-0.472420
2.040000	-13.699958	39.116869	-13.877928	0.208454	2.515370	-0.468824
