0.000000	-0.132720	-2.122356	0.738007	0.414944	-0.939010	0.013050
0.020000	-0.005920	-2.376575	0.849776	0.411054	-0.939500	0.010662
0.040000	0.117479	-2.628831	0.966091	0.406957	-0.939914	0.008334
0.060000	0.236776	-2.874797	1.083890	0.402659	-0.940281	0.006130
0.080000	0.351271	-3.110145	1.200110	0.398164	-0.940630	0.004116
0.100000	0.460263	-3.330548	1.311686	0.393481	-0.940993	0.002357
0.120000	0.563052	-3.531679	1.415557	0.388614	-0.941397	0.000918
0.140000	0.658937	-3.709208	1.508659	0.383570	-0.941872	-0.000136
0.160000	0.747219	-3.858809	1.587929	0.378355	-0.942449	-0.000740
0.180000	0.827197	-3.976154	1.650304	0.372975	-0.943156	-0.000828
0.200000	0.898170	-4.056915	1.692721	0.367437	-0.944023	-0.000335
0.220000	0.959440	-4.096779	1.712125	0.361747	-0.945079	0.000803
0.240000	1.010578	-4.093722	1.706935	0.355920	-0.946339	0.002610
0.260000	1.051712	-4.050491	1.678627	0.349995	-0.947784	0.005018
0.280000	1.083043	-3.970428	1.629065	0.344010	-0.949390	0.007951
0.300000	1.104773	-3.856877	1.560109	0.338006	-0.951135	0.011330
0.320000	1.117100	-3.713180	1.473622	0.332022	-0.952996	0.015078
0.340000	1.120225	-3.542681	1.371466	0.326098	-0.954949	0.019118
0.360000	1.114349	-3.348722	1.255501	0.320273	-0.956973	0.023373
0.380000	1.099671	-3.134646	1.127592	0.314588	-0.959044	0.027764
0.400000	1.076392	-2.903796	0.989598	0.309083	-0.961139	0.032215
0.420000	1.044713	-2.659515	0.843382	0.303796	-0.963236	0.036647
0.440000	1.004832	-2.405146	0.690805	0.298767	-0.965311	0.040984
0.460000	0.956951	-2.144031	0.533730	0.294037	-0.967342	0.045148
0.480000	0.901270	-1.879515	0.374018	0.289645	-0.969306	0.049061
0.500000	0.837989	-1.614939	0.213532	0.285631	-0.971179	0.052646
0.520000	0.767308	-1.353647	0.054132	0.282034	-0.972939	0.055826
0.540000	0.689428	-1.098981	-0.102319	0.278894	-0.974564	0.058522
0.560000	0.604665	-0.853698	-0.254267	0.276250	-0.976030	0.060680
0.580000	0.513849	-0.617997	-0.401503	0.274134	-0.977321	0.062336
0.600000	0.417948	-0.391376	-0.544185	0.272576	-0.978420	0.063553
0.620000	0.317931	-0.173333	-0.682472	0.271609	-0.979310	0.064395
0.640000	0.214766	0.036634	-0.816522	0.271262	-0.979975	0.064925
0.660000	0.109422	0.239027	-0.946493	0.271567	-0.980399	0.065205
0.680000	0.002868	0.434345	-1.072542	0.272553	-0.980564	0.065299
0.700000	-0.103929	0.623093	-1.194829	0.274254	-0.980454	0.065270
0.720000	-0.209999	0.805770	-1.313512	0.276698	-0.980053	0.065180
0.740000	-0.314374	0.982878	-1.428748	0.279917	-0.979344	0.065094
0.760000	-0.416086	1.154920	-1.540697	0.283941	-0.978310	0.065074
0.780000	-0.514165	1.322396	-1.649516	0.288803	-0.976936	0.065183
0.800000	-0.607644	1.485809	-1.755363	0.294532	-0.975203	0.065483
0.820000	-0.695554	1.645659	-1.858397	0.301159	-0.973097	0.066039
0.840000	-0.776926	1.802449	-1.958775	0.308715	-0.970600	0.066914
0.860000	-0.850791	1.956679	-2.056657	0.317231	-0.967696	0.068170
0.880000	-0.916297	2.108800	-2.152161	0.326730	-0.964372	0.069861
0.900000	-0.973713	2.258742	-2.245026	0.337143	-0.960647	0.071954
0.920000	-1.023941	2.406149	-2.334775	0.348355	-0.956558	0.074369
0.940000	-1.067892	2.550657	-2.420929	0.360250	-0.952145	0.077021
0.960000	-1.106476	2.691906	-2.503009	0.372710	-0.947445	0.079828
0.980000	-1.140603	2.829533	-2.580536	0.385618	-0.942496	0.082709
1.000000	-1.171182	2.963176	-2.653032	0.398857	-0.937337	0.085580
1.020000	-1.199125	3.092475	-2.720017	0.412311	-0.932005	0.088358
1.040000	-1.225340	3.217066	-2.781013	0.425863	-0.926539	0.090962
1.060000	-1.250738	3.336589	-2.835540	0.439395	-0.920976	0.093308
1.080000	-1.276229	3.450681	-2.883120	0.452792	-0.915355	0.095314
1.100000	-1.302723	3.558981	-2.923273	0.465935	-0.909715	0.096898
1.120000	-1.331130	3.661127	-2.955521	0.478708	-0.904092	0.097976
1.140000	-1.362360	3.756757	-2.979385	0.490995	-0.898525	0.098467
1.160000	-1.397323	3.845510	-2.994386	0.502677	-0.893053	0.098288
1.180000	-1.436929	3.927023	-3.000045	0.513640	-0.887713	0.097355
1.200000	-1.481570	4.000755	-2.995977	0.523791	-0.882537	0.095622
1.220000	-1.529813	4.065533	-2.982130	0.533136	-0.877541	0.093157
1.240000	-1.579825	4.120045	-2.958525	0.541699	-0.872732	0.090058
1.260000	-1.629774	4.162977	-2.925183	0.549506	-0.868121	0.086422
1.280000	-1.677827	4.193018	-2.882123	0.556580	-0.863716	0.082345
1.300000	-1.722151	4.208856	-2.829366	0.562947	-0.859527	0.077924
1.320000	-1.760913	4.209179	-2.766933	0.568631	-0.855564	0.073257
1.340000	-1.792282	4.192673	-2.694845	0.573658	-0.851835	0.068438
1.360000	-1.814424	4.158028	-2.613122	0.578053	-0.848350	0.063567
1.380000	-1.825506	4.103930	-2.521784	0.581839	-0.845119	0.058738
1.400000	-1.823696	4.029067	-2.420852	0.585042	-0.842151	0.054049
1.420000	-1.807160	3.932128	-2.310347	0.587687	-0.839454	0.049597
1.440000	-1.774067	3.811799	-2.190290	0.589798	-0.837039	0.045479
1.460000	-1.722584	3.666770	-2.060700	0.591400	-0.834916	0.041790
1.480000	-1.650877	3.495726	-1.921599	0.592519	-0.833092	0.038629
1.500000	-1.557114	3.297357	-1.773006	0.593179	-0.831578	0.036091
1.520000	-1.439897	3.070827	-1.615092	0.593405	-0.830380	0.034259
1.540000	-1.301141	2.818949	-1.449170	0.593223	-0.829491	0.033105
1.560000	-1.144299	2.546225	-1.277078	0.592662	-0.828893	0.032547
1.580000	-0.972828	2.257163	-1.100662	0.591749	-0.828569	0.032506
1.600000	-0.790189	1.956275	-0.921762	0.590511	-0.828503	0.032902
1.620000	-0.599839	1.648068	-0.742223	0.588976	-0.828678	0.033654
1.640000	-0.405237	1.337053	-0.563888	0.587171	-0.829078	0.034682
1.660000	-0.209843	1.027740	-0.388599	0.585125	-0.829686	0.035905
1.680000	-0.017115	0.724638	-0.218201	0.582864	-0.830485	0.037243
1.700000	0.169488	0.432257	-0.054535	0.580416	-0.831459	0.038617
1.720000	0.346507	0.155106	0.100555	0.577809	-0.832591	0.039944
