0.000000	-2.655068	17.997688	-5.155770	-0.162286	0.075025	-0.247727
0.020000	-1.839044	16.693290	-4.778725	-0.155241	0.066474	-0.253577
0.040000	-0.947541	15.220661	-4.335999	-0.146416	0.055799	-0.257578
0.060000	-0.001244	13.620919	-3.840142	-0.136110	0.043437	-0.259840
0.080000	0.979165	11.935183	-3.303708	-0.124623	0.029824	-0.260476
0.100000	1.973002	10.204570	-2.739248	-0.112255	0.015397	-0.259599
0.120000	2.959585	8.470199	-2.159317	-0.099306	0.000594	-0.257320
0.140000	3.918231	6.773188	-1.576465	-0.086076	-0.014147	-0.253753
0.160000	4.828255	5.154655	-1.003247	-0.072864	-0.028392	-0.249008
0.180000	5.668975	3.655719	-0.452213	-0.059970	-0.041701	-0.243198
0.200000	6.419709	2.317496	0.064082	-0.047695	-0.053638	-0.236436
0.220000	7.059772	1.181106	0.533087	-0.036338	-0.063766	-0.228833
0.240000	7.568481	0.287667	0.942248	-0.026198	-0.071648	-0.220503
0.260000	7.925362	-0.322113	1.279127	-0.017574	-0.076852	-0.211556
0.280000	8.122426	-0.632112	1.538042	-0.010613	-0.079190	-0.202099
0.300000	8.171037	-0.664316	1.723786	-0.005230	-0.078862	-0.192232
0.320000	8.084225	-0.443988	1.842056	-0.001320	-0.076100	-0.182052
0.340000	7.875017	0.003610	1.898547	0.001221	-0.071133	-0.171658
0.360000	7.556444	0.653214	1.898954	0.002499	-0.064193	-0.161146
0.380000	7.141534	1.479562	1.848972	0.002617	-0.055512	-0.150616
0.400000	6.643316	2.457388	1.754296	0.001680	-0.045320	-0.140165
0.420000	6.074820	3.561432	1.620623	-0.000206	-0.033849	-0.129891
0.440000	5.449073	4.766429	1.453647	-0.002937	-0.021330	-0.119892
0.460000	4.779107	6.047117	1.259064	-0.006408	-0.007994	-0.110266
0.480000	4.077948	7.378231	1.042568	-0.010515	0.005927	-0.101111
0.500000	3.358627	8.734510	0.809856	-0.015153	0.020204	-0.092525
0.520000	2.634172	10.090690	0.566623	-0.020217	0.034604	-0.084606
0.540000	1.917613	11.421508	0.318564	-0.025603	0.048896	-0.077451
0.560000	1.221978	12.701700	0.071373	-0.031205	0.062849	-0.071160
0.580000	0.560296	13.906004	-0.169252	-0.036919	0.076232	-0.065829
0.600000	-0.054403	15.009157	-0.397618	-0.042641	0.088814	-0.061557
0.620000	-0.609091	15.985894	-0.608028	-0.048265	0.100364	-0.058441
0.640000	-1.090738	16.810954	-0.794788	-0.053687	0.110649	-0.056581
0.660000	-1.486316	17.459072	-0.952201	-0.058802	0.119441	-0.056072
0.680000	-1.782795	17.904987	-1.074574	-0.063506	0.126506	-0.057015
0.700000	-1.967147	18.123434	-1.156210	-0.067694	0.131614	-0.059506
0.720000	-2.026342	18.089150	-1.191414	-0.071260	0.134534	-0.063643
0.740000	-1.947351	17.776873	-1.174491	-0.074101	0.135034	-0.069525
0.760000	-1.717146	17.161339	-1.099745	-0.076111	0.132884	-0.077249
0.780000	-1.325753	16.223234	-0.962668	-0.077195	0.127891	-0.086881
0.800000	-0.786415	14.988441	-0.767759	-0.077327	0.120159	-0.098240
0.820000	-0.123032	13.503598	-0.523659	-0.076510	0.109927	-0.111031
0.840000	0.640437	11.815448	-0.239027	-0.074752	0.097436	-0.124960
0.860000	1.480036	9.970736	0.077477	-0.072055	0.082925	-0.139730
0.880000	2.371806	8.016207	0.417193	-0.068426	0.066636	-0.155049
0.900000	3.291790	5.998606	0.771461	-0.063870	0.048808	-0.170619
0.920000	4.216032	3.964678	1.131620	-0.058392	0.029681	-0.186147
0.940000	5.120572	1.961167	1.489010	-0.051997	0.009495	-0.201338
0.960000	5.981455	0.034819	1.834972	-0.044690	-0.011508	-0.215896
0.980000	6.774722	-1.767623	2.160844	-0.036476	-0.033090	-0.229526
1.000000	7.476417	-3.399414	2.457967	-0.027361	-0.055009	-0.241934
1.020000	8.062581	-4.813807	2.717681	-0.017350	-0.077026	-0.252824
1.040000	8.509257	-5.964060	2.931326	-0.006447	-0.098900	-0.261902
1.060000	8.792488	-6.803426	3.090241	0.005342	-0.120391	-0.268872
1.080000	8.888316	-7.285162	3.185766	0.018012	-0.141259	-0.273440
1.100000	8.774104	-7.365115	3.209696	0.031551	-0.161267	-0.275326
1.120000	8.452836	-7.049477	3.162641	0.045815	-0.180250	-0.274565
1.140000	7.950737	-6.390099	3.053210	0.060538	-0.198108	-0.271474
1.160000	7.294870	-5.440487	2.890299	0.075453	-0.214740	-0.266382
1.180000	6.512303	-4.254146	2.682808	0.090290	-0.230050	-0.259615
1.200000	5.630102	-2.884583	2.439633	0.104779	-0.243938	-0.251503
1.220000	4.675331	-1.385302	2.169673	0.118653	-0.256306	-0.242374
1.240000	3.675056	0.190189	1.881825	0.131642	-0.267056	-0.232554
1.260000	2.656344	1.788387	1.584986	0.143476	-0.276088	-0.222373
1.280000	1.646260	3.355783	1.288056	0.153888	-0.283305	-0.212158
1.300000	0.671869	4.838874	0.999931	0.162609	-0.288607	-0.202237
1.320000	-0.239762	6.184153	0.729509	0.169368	-0.291896	-0.192938
1.340000	-1.061568	7.338115	0.485688	0.173897	-0.293075	-0.184590
1.360000	-1.766484	8.247254	0.277366	0.175928	-0.292043	-0.177520
1.380000	-2.327443	8.858063	0.113441	0.175191	-0.288703	-0.172056
1.400000	-2.717380	9.117038	0.002810	0.171417	-0.282956	-0.168526
1.420000	-2.914753	8.982094	-0.047290	0.164421	-0.274757	-0.167201
1.440000	-2.931392	8.480160	-0.039649	0.154517	-0.264387	-0.168008
1.460000	-2.791603	7.663956	0.019191	0.142211	-0.252247	-0.170746
1.480000	-2.519711	6.586246	0.122683	0.128005	-0.238739	-0.175211
1.500000	-2.140040	5.299794	0.264280	0.112403	-0.224266	-0.181203
1.520000	-1.676917	3.857364	0.437435	0.095908	-0.209229	-0.188519
1.540000	-1.154667	2.311721	0.635601	0.079026	-0.194030	-0.196958
1.560000	-0.597615	0.715628	0.852232	0.062259	-0.179071	-0.206316
1.580000	-0.030086	-0.878149	1.080779	0.046110	-0.164755	-0.216393
1.600000	0.523594	-2.416848	1.314697	0.031085	-0.151482	-0.226985
1.620000	1.039099	-3.847704	1.547437	0.017686	-0.139655	-0.237892
1.640000	1.492104	-5.117952	1.772453	0.006418	-0.129677	-0.248911
1.660000	1.858285	-6.174830	1.983198	-0.002216	-0.121948	-0.259840
1.680000	2.113314	-6.965571	2.173125	-0.007713	-0.116871	-0.270477
1.700000	2.232868	-7.437413	2.335687	-0.009568	-0.114848	-0.280620
1.720000	2.192677	-7.537715	2.464349	-0.007279	-0.116280	-0.290067
1.740000	1.982150	-7.243545	2.555564	-0.000643	-0.121330	-0.298688
1.760000	1.622030	-6.600051	2.612630	0.009854	-0.129617	-0.306516
1.780000	1.137433	-5.661873	2.639799	0.023631	-0.140684	-0.313606
1.800000	0.553476	-4.483655	2.641325	0.040108	-0.154074	-0.320013
1.820000	-0.104725	-3.120038	2.621461	0.058702	-0.169331	-0.325793
1.840000	-0.812056	-1.625664	2.584458	0.078834	-0.185997	-0.331002
1.860000	-1.543399	-0.055175	2.534571	0.099922	-0.203615	-0.335695
1.880000	-2.273639	1.536786	2.476051	0.121385	-0.221729	-0.339927
1.900000	-2.977661	3.095578	2.413152	0.142641	-0.239881	-0.343754
1.920000	-3.630347	4.566558	2.350126	0.163111	-0.257615	-0.347232
1.940000	-4.206583	5.895085	2.291226	0.182212	-0.274472	-0.350416
1.960000	-4.681253	7.026516	2.240705	0.199364	-0.289998	-0.353361
1.980000	-5.029240	7.906209	2.202816	0.213986	-0.303733	-0.356123
2.000000	-5.225428	8.479522	2.181812	0.225496	-0.315223	-0.358758
2.020000	-5.244702	8.691813	2.181945	0.233314	-0.324009	-0.361320
2.040000	-5.063214	8.491042	2.207259	0.236883	-0.329653	-0.363863
2.060000	-4.684070	7.880486	2.257351	0.236160	-0.332122	-0.366369
2.080000	-4.136159	6.916340	2.327568	0.231594	-0.331767	-0.368754
2.100000	-3.449406	5.656921	2.413082	0.223655	-0.328956	-0.370933
2.120000	-2.653736	4.160545	2.509069	0.212812	-0.324056	-0.372819
2.140000	-1.779073	2.485529	2.610702	0.199534	-0.317436	-0.374326
2.160000	-0.855340	0.690190	2.713155	0.184290	-0.309462	-0.375368
2.180000	0.087537	-1.167157	2.811604	0.167549	-0.300502	-0.375859
2.200000	1.019635	-3.028194	2.901222	0.149781	-0.290923	-0.375713
2.220000	1.911029	-4.834604	2.977183	0.131454	-0.281093	-0.374843
2.240000	2.731795	-6.528072	3.034662	0.113038	-0.271380	-0.373163
2.260000	3.452009	-8.050281	3.068832	0.095002	-0.262151	-0.370588
2.280000	4.041747	-9.342913	3.074870	0.077815	-0.253774	-0.367030
2.300000	4.471084	-10.347653	3.047947	0.061946	-0.246615	-0.362405
2.320000	4.710096	-11.006184	2.983239	0.047864	-0.241044	-0.356625
2.340000	4.728859	-11.260190	2.875920	0.036039	-0.237426	-0.349605
2.360000	4.503687	-11.063106	2.722321	0.026867	-0.236059	-0.341288
2.380000	4.051061	-10.444040	2.526216	0.020281	-0.236781	-0.331806
2.400000	3.403377	-9.462082	2.294330	0.016029	-0.239250	-0.321369
2.420000	2.593071	-8.176397	2.033396	0.013859	-0.243124	-0.310183
2.440000	1.652578	-6.646150	1.750144	0.013518	-0.248059	-0.298459
2.460000	0.614334	-4.930506	1.451307	0.014754	-0.253712	-0.286402
2.480000	-0.489225	-3.088631	1.143618	0.017316	-0.259741	-0.274223
2.500000	-1.625663	-1.179689	0.833808	0.020950	-0.265803	-0.262129
2.520000	-2.762545	0.737154	0.528608	0.025404	-0.271554	-0.250328
2.540000	-3.867435	2.602733	0.234752	0.030427	-0.276653	-0.239030
2.560000	-4.907896	4.357884	-0.041029	0.035766	-0.280755	-0.228441
2.580000	-5.851494	5.943440	-0.292003	0.041169	-0.283519	-0.218770
