0.000000	5.023660	-1.540890	2.359515	0.868109	-1.024754	-0.391660
0.020000	4.263365	-1.668890	2.347600	0.854900	-1.027878	-0.374342
0.040000	3.373167	-1.704469	2.291771	0.836573	-1.030329	-0.355040
0.060000	2.380564	-1.653453	2.197061	0.814573	-1.032522	-0.334707
0.080000	1.313055	-1.521669	2.068502	0.790341	-1.034869	-0.314298
0.100000	0.198136	-1.314942	1.911126	0.765322	-1.037785	-0.294770
0.120000	-0.936695	-1.039099	1.729966	0.740958	-1.041683	-0.277076
0.140000	-2.063939	-0.699966	1.530053	0.718692	-1.046976	-0.262172
0.160000	-3.156101	-0.303369	1.316420	0.699969	-1.054078	-0.251013
0.180000	-4.185681	0.144866	1.094098	0.686230	-1.063402	-0.244553
0.200000	-5.125183	0.638912	0.868121	0.678920	-1.075362	-0.243749
0.220000	-5.947108	1.172943	0.643519	0.679482	-1.090371	-0.249553
0.240000	-6.623960	1.741132	0.425327	0.689358	-1.108844	-0.262923
0.260000	-7.128240	2.337655	0.218574	0.709992	-1.131192	-0.284811
0.280000	-7.433560	2.956501	0.028191	0.742749	-1.157809	-0.316112
0.300000	-7.538383	3.587572	-0.143206	0.787229	-1.188600	-0.356315
0.320000	-7.465661	4.216740	-0.295280	0.841295	-1.222994	-0.403529
0.340000	-7.239380	4.829705	-0.427790	0.902738	-1.260398	-0.455803
0.360000	-6.883529	5.412167	-0.540494	0.969347	-1.300221	-0.511188
0.380000	-6.422094	5.949828	-0.633153	1.038911	-1.341870	-0.567733
0.400000	-5.879063	6.428388	-0.705525	1.109220	-1.384752	-0.623489
0.420000	-5.278424	6.833548	-0.757369	1.178065	-1.428277	-0.676505
0.440000	-4.644164	7.151008	-0.788445	1.243233	-1.471851	-0.724833
0.460000	-4.000270	7.366469	-0.798511	1.302516	-1.514883	-0.766520
0.480000	-3.370730	7.465631	-0.787326	1.353703	-1.556780	-0.799618
0.500000	-2.779532	7.434196	-0.754649	1.394582	-1.596951	-0.822177
0.520000	-2.250663	7.257864	-0.700240	1.422945	-1.634802	-0.832246
0.540000	-1.808110	6.922335	-0.623858	1.436581	-1.669743	-0.827876
0.560000	-1.475861	6.413311	-0.525261	1.433279	-1.701180	-0.807116
0.580000	-1.277903	5.716491	-0.404209	1.410829	-1.728521	-0.768017
0.600000	-1.233912	4.822245	-0.260929	1.367596	-1.751283	-0.709177
0.620000	-1.334790	3.752081	-0.098775	1.305790	-1.769695	-0.632855
0.640000	-1.559663	2.540254	0.077621	1.229189	-1.784284	-0.542809
0.660000	-1.887626	1.221055	0.263623	1.141581	-1.795573	-0.442800
0.680000	-2.297768	-0.171222	0.454594	1.046750	-1.804090	-0.336590
0.700000	-2.769183	-1.602286	0.645898	0.948481	-1.810359	-0.227940
0.720000	-3.280961	-3.037844	0.832899	0.850562	-1.814906	-0.120612
0.740000	-3.812197	-4.443604	1.010959	0.756775	-1.818256	-0.018368
0.760000	-4.343144	-5.787362	1.175741	0.670669	-1.820906	0.075271
0.780000	-4.865867	-7.058089	1.325908	0.593355	-1.823054	0.159222
0.800000	-5.379292	-8.257074	1.461874	0.524534	-1.824728	0.233821
0.820000	-5.882436	-9.385758	1.584076	0.463886	-1.825952	0.299422
0.840000	-6.374311	-10.445583	1.692948	0.411095	-1.826750	0.356377
0.860000	-6.853932	-11.437989	1.788927	0.365840	-1.827147	0.405041
0.880000	-7.320313	-12.364419	1.872447	0.327805	-1.827167	0.445766
0.900000	-7.772469	-13.226314	1.943945	0.296671	-1.826834	0.478906
0.920000	-8.209412	-14.025114	2.003855	0.272119	-1.826173	0.504815
0.940000	-8.630159	-14.762262	2.052613	0.253830	-1.825209	0.523845
0.960000	-9.033722	-15.439198	2.090655	0.241488	-1.823966	0.536351
0.980000	-9.419116	-16.057365	2.118416	0.234773	-1.822467	0.542684
1.000000	-9.785355	-16.618202	2.136332	0.233367	-1.820739	0.543200
1.020000	-10.131454	-17.123152	2.144838	0.236951	-1.818804	0.538251
1.040000	-10.456425	-17.573656	2.144369	0.245208	-1.816688	0.528191
1.060000	-10.759284	-17.971156	2.135361	0.257819	-1.814415	0.513372
1.080000	-11.039045	-18.317092	2.118251	0.274465	-1.812009	0.494149
1.100000	-11.294722	-18.612906	2.093472	0.294829	-1.809495	0.470875
1.120000	-11.525329	-18.860039	2.061460	0.318592	-1.806897	0.443903
1.140000	-11.729879	-19.059933	2.022652	0.345436	-1.804239	0.413586
1.160000	-11.907388	-19.214029	1.977483	0.375041	-1.801547	0.380278
1.180000	-12.056870	-19.323768	1.926387	0.407091	-1.798844	0.344332
1.200000	-12.177338	-19.390592	1.869801	0.441267	-1.796155	0.306103
1.220000	-12.267807	-19.415942	1.808160	0.477249	-1.793504	0.265942
1.240000	-12.327291	-19.401259	1.741900	0.514721	-1.790915	0.224203
1.260000	-12.354803	-19.347985	1.671455	0.553364	-1.788414	0.181240
1.280000	-12.349359	-19.257561	1.597262	0.592858	-1.786025	0.137406
1.300000	-12.309973	-19.131428	1.519756	0.632887	-1.783771	0.093055
1.320000	-12.235658	-18.971028	1.439373	0.673132	-1.781678	0.048540
1.340000	-12.125428	-18.777802	1.356548	0.713273	-1.779769	0.004214
1.360000	-11.978299	-18.553191	1.271716	0.752994	-1.778070	-0.039570
1.380000	-11.793283	-18.298637	1.185313	0.791975	-1.776605	-0.082457
1.400000	-11.569396	-18.015581	1.097775	0.829899	-1.775397	-0.124095
1.420000	-11.305651	-17.705464	1.009537	0.866446	-1.774472	-0.164130
1.440000	-11.001062	-17.369729	0.921034	0.901299	-1.773854	-0.202209
1.460000	-10.654644	-17.009815	0.832702	0.934140	-1.773567	-0.237979
1.480000	-10.265411	-16.627164	0.744976	0.964649	-1.773636	-0.271085
1.500000	-9.832377	-16.223218	0.658293	0.992509	-1.774085	-0.301176
1.520000	-9.354556	-15.799419	0.573087	1.017402	-1.774939	-0.327896
1.540000	-8.831551	-15.357289	0.489773	1.039053	-1.776216	-0.350942
1.560000	-8.267155	-14.898941	0.408613	1.057511	-1.777901	-0.370350
1.580000	-7.666980	-14.426741	0.329806	1.072962	-1.779960	-0.386307
1.600000	-7.036644	-13.943056	0.253548	1.085594	-1.782361	-0.398999
1.620000	-6.381763	-13.450255	0.180037	1.095593	-1.785072	-0.408613
1.640000	-5.707957	-12.950704	0.109470	1.103147	-1.788059	-0.415335
1.660000	-5.020842	-12.446770	0.042045	1.108443	-1.791291	-0.419352
1.680000	-4.326038	-11.940823	-0.022042	1.111668	-1.794734	-0.420850
1.700000	-3.629162	-11.435228	-0.082594	1.113009	-1.798357	-0.420016
1.720000	-2.935832	-10.932354	-0.139412	1.112655	-1.802126	-0.417037
1.740000	-2.251665	-10.434567	-0.192300	1.110791	-1.806009	-0.412100
1.760000	-1.582281	-9.944236	-0.241061	1.107605	-1.809973	-0.405390
1.780000	-0.933296	-9.463728	-0.285496	1.103284	-1.813986	-0.397094
1.800000	-0.310329	-8.995410	-0.325410	1.098015	-1.818015	-0.387400
1.820000	0.281002	-8.541649	-0.360605	1.091987	-1.822027	-0.376493
1.840000	0.835080	-8.104814	-0.390882	1.085385	-1.825991	-0.364560
1.860000	1.346286	-7.687272	-0.416047	1.078397	-1.829873	-0.351789
1.880000	1.809002	-7.291390	-0.435900	1.071210	-1.833640	-0.338364
1.900000	2.217611	-6.919535	-0.450245	1.064011	-1.837261	-0.324474
1.920000	2.566494	-6.574076	-0.458884	1.056989	-1.840703	-0.310304
1.940000	2.850034	-6.257380	-0.461621	1.050329	-1.843933	-0.296041
1.960000	3.062613	-5.971813	-0.458257	1.044219	-1.846918	-0.281872
1.980000	3.198612	-5.719744	-0.448596	1.038846	-1.849626	-0.267983
2.000000	3.252414	-5.503540	-0.432441	1.034397	-1.852024	-0.254561
2.020000	3.218401	-5.325569	-0.409594	1.031061	-1.854080	-0.241793
2.040000	3.090954	-5.188198	-0.379858	1.029023	-1.855761	-0.229865
2.060000	2.864457	-5.093794	-0.343036	1.028471	-1.857035	-0.218964
2.080000	2.533290	-5.044725	-0.298930	1.029592	-1.857869	-0.209275
2.100000	2.091986	-5.043315	-0.247350	1.032570	-1.858231	-0.200985
2.120000	1.542157	-5.089777	-0.188390	1.037451	-1.858142	-0.194178
2.140000	0.895449	-5.181342	-0.122554	1.044082	-1.857696	-0.188800
2.160000	0.164265	-5.315014	-0.050374	1.052296	-1.856991	-0.184785
2.180000	-0.638989	-5.487796	0.027617	1.061925	-1.856127	-0.182068
2.200000	-1.501910	-5.696692	0.110885	1.072802	-1.855203	-0.180585
2.220000	-2.412092	-5.938704	0.198898	1.084760	-1.854319	-0.180269
