0.000000	-0.226060	0.278205	-0.220623	0.175795	-0.833234	0.431875
0.020000	-0.228115	0.237109	-0.218692	0.177692	-0.833360	0.431641
0.040000	-0.232683	0.193875	-0.216899	0.179368	-0.833553	0.431259
0.060000	-0.240145	0.150337	-0.215378	0.180786	-0.833813	0.430725
0.080000	-0.250887	0.108328	-0.214261	0.181909	-0.834139	0.430032
0.100000	-0.265291	0.069683	-0.213680	0.182699	-0.834532	0.429176
0.120000	-0.283742	0.036234	-0.213768	0.183121	-0.834992	0.428153
0.140000	-0.306227	0.009323	-0.214592	0.183152	-0.835517	0.426962
0.160000	-0.331428	-0.011334	-0.215998	0.182826	-0.836095	0.425625
0.180000	-0.357754	-0.026360	-0.217789	0.182188	-0.836716	0.424168
0.200000	-0.383617	-0.036377	-0.219768	0.181283	-0.837368	0.422618
0.220000	-0.407427	-0.042004	-0.221737	0.180155	-0.838039	0.420998
0.240000	-0.427595	-0.043866	-0.223498	0.178849	-0.838717	0.419336
0.260000	-0.442532	-0.042582	-0.224854	0.177410	-0.839390	0.417657
0.280000	-0.450647	-0.038775	-0.225606	0.175881	-0.840046	0.415986
0.300000	-0.450351	-0.033066	-0.225559	0.174308	-0.840674	0.414349
0.320000	-0.440056	-0.026077	-0.224512	0.172736	-0.841262	0.412773
0.340000	-0.418171	-0.018429	-0.222270	0.171208	-0.841798	0.411282
0.360000	-0.383108	-0.010744	-0.218635	0.169770	-0.842271	0.409903
0.380000	-0.333277	-0.003644	-0.213408	0.168465	-0.842667	0.408660
0.400000	-0.267088	0.002250	-0.206393	0.167340	-0.842977	0.407581
0.420000	-0.182952	0.006316	-0.197391	0.166437	-0.843187	0.406690
0.440000	-0.079329	0.007943	-0.186210	0.165802	-0.843287	0.406013
0.460000	0.043306	0.006906	-0.172889	0.165444	-0.843274	0.405555
0.480000	0.181789	0.003502	-0.157770	0.165327	-0.843159	0.405297
0.500000	0.332766	-0.001938	-0.141219	0.165414	-0.842953	0.405217
0.520000	0.492888	-0.009082	-0.123601	0.165667	-0.842669	0.405292
0.540000	0.658802	-0.017598	-0.105280	0.166045	-0.842318	0.405502
0.560000	0.827157	-0.027154	-0.086622	0.166512	-0.841912	0.405824
0.580000	0.994601	-0.037419	-0.067991	0.167030	-0.841462	0.406237
0.600000	1.157782	-0.048061	-0.049753	0.167558	-0.840979	0.406718
0.620000	1.313350	-0.058748	-0.032272	0.168060	-0.840477	0.407246
0.640000	1.457952	-0.069149	-0.015914	0.168497	-0.839965	0.407800
0.660000	1.588236	-0.078931	-0.001043	0.168830	-0.839457	0.408357
0.680000	1.700852	-0.087764	0.011975	0.169022	-0.838962	0.408895
0.700000	1.792447	-0.095314	0.022777	0.169033	-0.838494	0.409393
0.720000	1.859670	-0.101251	0.030996	0.168826	-0.838064	0.409829
0.740000	1.899170	-0.105243	0.036267	0.168362	-0.837683	0.410181
0.760000	1.907597	-0.106958	0.038227	0.167603	-0.837363	0.410427
0.780000	1.883267	-0.106175	0.036687	0.166532	-0.837112	0.410555
0.800000	1.828946	-0.102969	0.031936	0.165197	-0.836929	0.410578
0.820000	1.748138	-0.097465	0.024340	0.163654	-0.836812	0.410513
0.840000	1.644345	-0.089785	0.014264	0.161957	-0.836757	0.410376
0.860000	1.521073	-0.080055	0.002075	0.160162	-0.836763	0.410185
0.880000	1.381823	-0.068397	-0.011861	0.158327	-0.836826	0.409957
0.900000	1.230100	-0.054937	-0.027178	0.156506	-0.836944	0.409709
0.920000	1.069406	-0.039797	-0.043509	0.154757	-0.837113	0.409458
0.940000	0.903246	-0.023103	-0.060489	0.153133	-0.837333	0.409220
0.960000	0.735123	-0.004977	-0.077752	0.151692	-0.837599	0.409014
0.980000	0.568539	0.014456	-0.094931	0.150490	-0.837909	0.408855
1.000000	0.407000	0.035072	-0.111660	0.149582	-0.838260	0.408761
1.020000	0.254007	0.056747	-0.127572	0.149024	-0.838651	0.408749
1.040000	0.113065	0.079358	-0.142303	0.148873	-0.839077	0.408836
1.060000	-0.012323	0.102780	-0.155486	0.149183	-0.839537	0.409039
1.080000	-0.118653	0.126889	-0.166754	0.150012	-0.840028	0.409375
1.100000	-0.203053	0.151540	-0.175810	0.151399	-0.840546	0.409856
1.120000	-0.266242	0.176463	-0.182756	0.153292	-0.841085	0.410475
1.140000	-0.310219	0.201343	-0.187831	0.155609	-0.841636	0.411215
1.160000	-0.336982	0.225866	-0.191275	0.158265	-0.842191	0.412058
1.180000	-0.348528	0.249719	-0.193330	0.161176	-0.842742	0.412989
1.200000	-0.346857	0.272586	-0.194236	0.164259	-0.843280	0.413989
1.220000	-0.333966	0.294154	-0.194233	0.167431	-0.843798	0.415044
1.240000	-0.311855	0.314109	-0.193563	0.170607	-0.844286	0.416136
1.260000	-0.282520	0.332136	-0.192466	0.173704	-0.844737	0.417247
1.280000	-0.247962	0.347921	-0.191183	0.176638	-0.845142	0.418363
1.300000	-0.210177	0.361151	-0.189954	0.179326	-0.845493	0.419465
1.320000	-0.171165	0.371510	-0.189020	0.181683	-0.845782	0.420538
1.340000	-0.132924	0.378685	-0.188621	0.183626	-0.846000	0.421564
1.360000	-0.097452	0.382361	-0.188999	0.185071	-0.846140	0.422527
1.380000	-0.066747	0.382225	-0.190393	0.185935	-0.846192	0.423410
1.400000	-0.042609	0.378021	-0.193008	0.186147	-0.846151	0.424197
1.420000	-0.025301	0.369958	-0.196762	0.185735	-0.846021	0.424879
1.440000	-0.014384	0.358453	-0.201444	0.184774	-0.845812	0.425451
1.460000	-0.009410	0.343927	-0.206841	0.183340	-0.845535	0.425907
1.480000	-0.009934	0.326800	-0.212739	0.181506	-0.845199	0.426240
1.500000	-0.015509	0.307493	-0.218927	0.179347	-0.844816	0.426445
1.520000	-0.025691	0.286425	-0.225190	0.176939	-0.844395	0.426515
1.540000	-0.040033	0.264017	-0.231317	0.174356	-0.843948	0.426446
1.560000	-0.058089	0.240689	-0.237095	0.171673	-0.843483	0.426231
1.580000	-0.079414	0.216862	-0.242310	0.168965	-0.843012	0.425864
