0.000000	-0.429951	0.143078	-0.288204	0.164298	-0.835523	0.412083
0.020000	-0.450718	0.156893	-0.303448	0.165929	-0.836031	0.411361
0.040000	-0.469470	0.170135	-0.317402	0.167616	-0.836497	0.410768
0.060000	-0.485809	0.182390	-0.329799	0.169325	-0.836917	0.410308
0.080000	-0.499336	0.193244	-0.340368	0.171025	-0.837290	0.409985
0.100000	-0.509653	0.202283	-0.348841	0.172683	-0.837612	0.409802
0.120000	-0.516360	0.209092	-0.354948	0.174266	-0.837883	0.409763
0.140000	-0.519061	0.213257	-0.358421	0.175743	-0.838098	0.409872
0.160000	-0.517428	0.214430	-0.359033	0.177083	-0.838257	0.410131
0.180000	-0.511689	0.212742	-0.356875	0.178277	-0.838357	0.410528
0.200000	-0.502313	0.208545	-0.352182	0.179323	-0.838399	0.411046
0.220000	-0.489774	0.202189	-0.345189	0.180220	-0.838381	0.411668
0.240000	-0.474546	0.194025	-0.336132	0.180967	-0.838304	0.412377
0.260000	-0.457101	0.184406	-0.325244	0.181563	-0.838167	0.413156
0.280000	-0.437911	0.173682	-0.312762	0.182007	-0.837970	0.413986
0.300000	-0.417451	0.162204	-0.298921	0.182298	-0.837711	0.414851
0.320000	-0.396193	0.150324	-0.283955	0.182434	-0.837390	0.415733
0.340000	-0.374610	0.138393	-0.268101	0.182414	-0.837008	0.416616
0.360000	-0.353175	0.126763	-0.251593	0.182238	-0.836563	0.417481
0.380000	-0.332361	0.115784	-0.234666	0.181904	-0.836054	0.418312
0.400000	-0.312642	0.105807	-0.217555	0.181410	-0.835482	0.419091
0.420000	-0.294489	0.097185	-0.200497	0.180757	-0.834846	0.419801
0.440000	-0.278377	0.090268	-0.183725	0.179943	-0.834145	0.420425
0.460000	-0.264778	0.085407	-0.167475	0.178966	-0.833379	0.420945
0.480000	-0.254142	0.082936	-0.151977	0.177827	-0.832547	0.421345
0.500000	-0.246488	0.082847	-0.137369	0.176537	-0.831661	0.421625
0.520000	-0.241451	0.084828	-0.123704	0.175120	-0.830740	0.421801
0.540000	-0.238650	0.088556	-0.111032	0.173601	-0.829804	0.421890
0.560000	-0.237707	0.093709	-0.099407	0.172002	-0.828874	0.421908
0.580000	-0.238242	0.099964	-0.088877	0.170350	-0.827968	0.421870
0.600000	-0.239876	0.106999	-0.079495	0.168667	-0.827107	0.421793
0.620000	-0.242230	0.114491	-0.071310	0.166978	-0.826311	0.421694
0.640000	-0.244924	0.122117	-0.064376	0.165306	-0.825601	0.421588
0.660000	-0.247580	0.129556	-0.058741	0.163676	-0.824995	0.421491
0.680000	-0.249818	0.136484	-0.054458	0.162112	-0.824515	0.421421
0.700000	-0.251258	0.142579	-0.051577	0.160639	-0.824180	0.421393
0.720000	-0.251523	0.147519	-0.050150	0.159279	-0.824011	0.421423
0.740000	-0.250231	0.150981	-0.050227	0.158057	-0.824026	0.421528
0.760000	-0.247005	0.152642	-0.051860	0.156998	-0.824247	0.421723
0.780000	-0.241474	0.152189	-0.055095	0.156124	-0.824693	0.422025
0.800000	-0.233581	0.149595	-0.059854	0.155444	-0.825360	0.422431
0.820000	-0.223618	0.145152	-0.065918	0.154946	-0.826222	0.422920
0.840000	-0.211896	0.139171	-0.073059	0.154619	-0.827249	0.423467
0.860000	-0.198726	0.131965	-0.081049	0.154451	-0.828412	0.424050
0.880000	-0.184420	0.123843	-0.089663	0.154430	-0.829682	0.424646
0.900000	-0.169289	0.115118	-0.098672	0.154545	-0.831031	0.425231
0.920000	-0.153646	0.106101	-0.107849	0.154783	-0.832429	0.425782
0.940000	-0.137801	0.097102	-0.116966	0.155133	-0.833847	0.426276
0.960000	-0.122065	0.088433	-0.125797	0.155583	-0.835256	0.426689
0.980000	-0.106751	0.080405	-0.134114	0.156122	-0.836627	0.426999
1.000000	-0.092169	0.073329	-0.141690	0.156738	-0.837932	0.427182
1.020000	-0.078632	0.067517	-0.148297	0.157418	-0.839141	0.427215
1.040000	-0.066450	0.063279	-0.153708	0.158151	-0.840225	0.427075
1.060000	-0.055935	0.060928	-0.157696	0.158926	-0.841155	0.426738
1.080000	-0.047398	0.060773	-0.160033	0.159731	-0.841903	0.426181
1.100000	-0.041123	0.063080	-0.160527	0.160553	-0.842442	0.425386
1.120000	-0.037162	0.067733	-0.159259	0.161385	-0.842778	0.424374
1.140000	-0.035460	0.074440	-0.156443	0.162217	-0.842929	0.423182
1.160000	-0.035961	0.082905	-0.152291	0.163042	-0.842914	0.421849
1.180000	-0.038608	0.092834	-0.147017	0.163852	-0.842751	0.420414
1.200000	-0.043345	0.103931	-0.140835	0.164638	-0.842461	0.418915
1.220000	-0.050115	0.115903	-0.133959	0.165393	-0.842060	0.417392
1.240000	-0.058863	0.128454	-0.126601	0.166109	-0.841568	0.415883
1.260000	-0.069531	0.141289	-0.118975	0.166777	-0.841005	0.414426
1.280000	-0.082064	0.154114	-0.111295	0.167389	-0.840388	0.413061
1.300000	-0.096405	0.166633	-0.103774	0.167937	-0.839736	0.411826
1.320000	-0.112498	0.178553	-0.096626	0.168414	-0.839069	0.410759
1.340000	-0.130286	0.189578	-0.090064	0.168810	-0.838404	0.409899
1.360000	-0.149713	0.199413	-0.084303	0.169119	-0.837762	0.409286
1.380000	-0.170723	0.207763	-0.079554	0.169331	-0.837159	0.408957
1.400000	-0.193260	0.214334	-0.076032	0.169440	-0.836617	0.408951
1.420000	-0.217212	0.218926	-0.073888	0.169440	-0.836147	0.409289
1.440000	-0.242308	0.221619	-0.073086	0.169343	-0.835748	0.409937
1.460000	-0.268249	0.222544	-0.073561	0.169160	-0.835417	0.410852
1.480000	-0.294733	0.221830	-0.075244	0.168902	-0.835149	0.411991
1.500000	-0.321462	0.219609	-0.078067	0.168584	-0.834939	0.413311
1.520000	-0.348135	0.216010	-0.081963	0.168215	-0.834784	0.414768
1.540000	-0.374450	0.211165	-0.086864	0.167810	-0.834678	0.416320
1.560000	-0.400110	0.205205	-0.092703	0.167379	-0.834618	0.417923
1.580000	-0.424813	0.198259	-0.099411	0.166934	-0.834600	0.419533
1.600000	-0.448258	0.190458	-0.106922	0.166489	-0.834619	0.421109
1.620000	-0.470147	0.181933	-0.115168	0.166055	-0.834670	0.422606
1.640000	-0.490178	0.172815	-0.124080	0.165644	-0.834751	0.423982
1.660000	-0.508052	0.163233	-0.133592	0.165269	-0.834855	0.425192
1.680000	-0.523468	0.153319	-0.143636	0.164941	-0.834980	0.426195
