0.000000	-0.576965	0.130677	-0.258837	0.158723	-0.824571	0.433018
0.020000	-0.584177	0.123524	-0.266738	0.158710	-0.824401	0.435194
0.040000	-0.587562	0.116415	-0.273302	0.158695	-0.824254	0.437225
0.060000	-0.586902	0.109348	-0.278285	0.158682	-0.824131	0.439079
0.080000	-0.582381	0.102335	-0.281689	0.158670	-0.824034	0.440744
0.100000	-0.574404	0.095394	-0.283653	0.158656	-0.823966	0.442225
0.120000	-0.563377	0.088543	-0.284317	0.158638	-0.823928	0.443522
0.140000	-0.549708	0.081802	-0.283821	0.158612	-0.823923	0.444639
0.160000	-0.533803	0.075190	-0.282304	0.158575	-0.823954	0.445580
0.180000	-0.516069	0.068723	-0.279906	0.158526	-0.824023	0.446345
0.200000	-0.496912	0.062422	-0.276767	0.158461	-0.824132	0.446939
0.220000	-0.476739	0.056305	-0.273027	0.158377	-0.824285	0.447364
0.240000	-0.455957	0.050390	-0.268826	0.158271	-0.824482	0.447623
0.260000	-0.434973	0.044696	-0.264302	0.158142	-0.824728	0.447718
0.280000	-0.414193	0.039242	-0.259597	0.157986	-0.825023	0.447653
0.300000	-0.394024	0.034046	-0.254850	0.157800	-0.825371	0.447429
0.320000	-0.374872	0.029126	-0.250201	0.157581	-0.825774	0.447050
0.340000	-0.357145	0.024502	-0.245789	0.157328	-0.826234	0.446519
0.360000	-0.341227	0.020192	-0.241745	0.157037	-0.826754	0.445838
0.380000	-0.327209	0.016229	-0.238060	0.156712	-0.827329	0.445017
0.400000	-0.314982	0.012651	-0.234635	0.156364	-0.827951	0.444069
0.420000	-0.304431	0.009499	-0.231365	0.155999	-0.828611	0.443006
0.440000	-0.295441	0.006812	-0.228149	0.155628	-0.829300	0.441843
0.460000	-0.287897	0.004629	-0.224881	0.155260	-0.830011	0.440591
0.480000	-0.281683	0.002992	-0.221460	0.154903	-0.830735	0.439265
0.500000	-0.276686	0.001939	-0.217782	0.154566	-0.831463	0.437877
0.520000	-0.272791	0.001509	-0.213744	0.154258	-0.832187	0.436441
0.540000	-0.269881	0.001744	-0.209242	0.153988	-0.832898	0.434969
0.560000	-0.267844	0.002682	-0.204173	0.153766	-0.833588	0.433476
0.580000	-0.266563	0.004364	-0.198435	0.153599	-0.834249	0.431973
0.600000	-0.265924	0.006828	-0.191924	0.153497	-0.834871	0.430474
0.620000	-0.265812	0.010116	-0.184536	0.153469	-0.835447	0.428992
0.640000	-0.266112	0.014265	-0.176169	0.153523	-0.835967	0.427541
0.660000	-0.266709	0.019317	-0.166719	0.153669	-0.836424	0.426134
0.680000	-0.267488	0.025310	-0.156086	0.153915	-0.836808	0.424783
0.700000	-0.268322	0.032219	-0.144305	0.154264	-0.837118	0.423501
0.720000	-0.269067	0.039937	-0.131592	0.154707	-0.837355	0.422302
0.740000	-0.269576	0.048348	-0.118178	0.155236	-0.837523	0.421197
0.760000	-0.269706	0.057339	-0.104293	0.155842	-0.837626	0.420198
0.780000	-0.269309	0.066796	-0.090167	0.156518	-0.837669	0.419319
0.800000	-0.268242	0.076602	-0.076030	0.157255	-0.837654	0.418572
0.820000	-0.266358	0.086646	-0.062111	0.158045	-0.837585	0.417969
0.840000	-0.263512	0.096811	-0.048642	0.158878	-0.837466	0.417522
0.860000	-0.259560	0.106984	-0.035852	0.159747	-0.837300	0.417244
0.880000	-0.254354	0.117050	-0.023971	0.160644	-0.837092	0.417148
0.900000	-0.247751	0.126895	-0.013230	0.161559	-0.836845	0.417245
0.920000	-0.239604	0.136404	-0.003857	0.162486	-0.836563	0.417549
0.940000	-0.229769	0.145463	0.003915	0.163414	-0.836249	0.418071
0.960000	-0.218099	0.153958	0.009859	0.164336	-0.835907	0.418825
0.980000	-0.204450	0.161775	0.013742	0.165244	-0.835541	0.419822
1.000000	-0.188676	0.168798	0.015336	0.166128	-0.835154	0.421075
1.020000	-0.170770	0.174949	0.014521	0.166981	-0.834752	0.422585
1.040000	-0.151098	0.180246	0.011476	0.167794	-0.834341	0.424322
1.060000	-0.130089	0.184722	0.006431	0.168555	-0.833929	0.426250
1.080000	-0.108174	0.188412	-0.000382	0.169257	-0.833524	0.428333
1.100000	-0.085781	0.191348	-0.008734	0.169889	-0.833133	0.430536
1.120000	-0.063342	0.193565	-0.018394	0.170442	-0.832764	0.432823
1.140000	-0.041284	0.195097	-0.029131	0.170907	-0.832426	0.435160
1.160000	-0.020039	0.195977	-0.040715	0.171274	-0.832125	0.437509
1.180000	-0.000036	0.196239	-0.052916	0.171533	-0.831869	0.439836
1.200000	0.018295	0.195918	-0.065504	0.171676	-0.831666	0.442105
1.220000	0.034525	0.195046	-0.078247	0.171691	-0.831523	0.444281
1.240000	0.048223	0.193658	-0.090915	0.171571	-0.831449	0.446327
1.260000	0.058961	0.191788	-0.103278	0.171306	-0.831451	0.448209
1.280000	0.066308	0.189468	-0.115105	0.170885	-0.831537	0.449891
1.300000	0.069835	0.186735	-0.126166	0.170300	-0.831714	0.451337
1.320000	0.069112	0.183620	-0.136231	0.169541	-0.831990	0.452511
1.340000	0.063793	0.180147	-0.145101	0.168603	-0.832370	0.453383
1.360000	0.054028	0.176284	-0.152768	0.167507	-0.832844	0.453951
1.380000	0.040143	0.171975	-0.159292	0.166283	-0.833398	0.454222
1.400000	0.022466	0.167164	-0.164732	0.164962	-0.834015	0.454203
1.420000	0.001323	0.161797	-0.169149	0.163574	-0.834681	0.453903
1.440000	-0.022957	0.155818	-0.172602	0.162149	-0.835380	0.453329
1.460000	-0.050048	0.149173	-0.175152	0.160719	-0.836098	0.452489
1.480000	-0.079623	0.141806	-0.176858	0.159313	-0.836818	0.451390
1.500000	-0.111353	0.133663	-0.177780	0.157961	-0.837526	0.450040
1.520000	-0.144913	0.124688	-0.177979	0.156695	-0.838206	0.448447
1.540000	-0.179974	0.114826	-0.177514	0.155544	-0.838843	0.446619
1.560000	-0.216210	0.104022	-0.176445	0.154539	-0.839421	0.444563
1.580000	-0.253293	0.092221	-0.174833	0.153711	-0.839927	0.442287
1.600000	-0.290896	0.079369	-0.172736	0.153089	-0.840343	0.439799
1.620000	-0.328691	0.065409	-0.170215	0.152704	-0.840656	0.437106
1.640000	-0.366352	0.050288	-0.167330	0.152587	-0.840849	0.434216
1.660000	-0.403533	0.034075	-0.164145	0.152752	-0.840917	0.431148
1.680000	-0.439849	0.017116	-0.160733	0.153178	-0.840872	0.427947
1.700000	-0.474912	-0.000206	-0.157168	0.153840	-0.840732	0.424659
1.720000	-0.508330	-0.017508	-0.153522	0.154712	-0.840511	0.421334
1.740000	-0.539714	-0.034408	-0.149872	0.155770	-0.840226	0.418017
1.760000	-0.568675	-0.050522	-0.146289	0.156987	-0.839894	0.414758
1.780000	-0.594822	-0.065468	-0.142849	0.158339	-0.839529	0.411604
1.800000	-0.617766	-0.078863	-0.139626	0.159800	-0.839148	0.408601
