0.000000	-0.514144	0.122873	-0.273404	0.159595	-0.823416	0.436366
0.020000	-0.515927	0.132829	-0.275831	0.160855	-0.823878	0.434041
0.040000	-0.515768	0.142136	-0.277804	0.162020	-0.824310	0.431952
0.060000	-0.513528	0.150618	-0.279402	0.163048	-0.824699	0.430172
0.080000	-0.509074	0.158098	-0.280704	0.163895	-0.825033	0.428775
0.100000	-0.502269	0.164397	-0.281787	0.164519	-0.825301	0.427834
0.120000	-0.492980	0.169341	-0.282729	0.164877	-0.825490	0.427421
0.140000	-0.481233	0.172852	-0.283561	0.164953	-0.825596	0.427562
0.160000	-0.467310	0.175018	-0.284233	0.164776	-0.825627	0.428197
0.180000	-0.451522	0.175940	-0.284691	0.164377	-0.825592	0.429261
0.200000	-0.434174	0.175720	-0.284880	0.163789	-0.825499	0.430691
0.220000	-0.415576	0.174458	-0.284742	0.163044	-0.825359	0.432420
0.240000	-0.396035	0.172257	-0.284224	0.162174	-0.825180	0.434384
0.260000	-0.375859	0.169218	-0.283270	0.161212	-0.824972	0.436517
0.280000	-0.355356	0.165443	-0.281824	0.160188	-0.824742	0.438756
0.300000	-0.334834	0.161032	-0.279831	0.159137	-0.824501	0.441034
0.320000	-0.314601	0.156089	-0.277235	0.158089	-0.824257	0.443286
0.340000	-0.294964	0.150713	-0.273981	0.157077	-0.824020	0.445448
0.360000	-0.276232	0.145007	-0.270014	0.156134	-0.823798	0.447455
0.380000	-0.258713	0.139072	-0.265277	0.155290	-0.823601	0.449242
0.400000	-0.242714	0.133009	-0.259716	0.154579	-0.823438	0.450743
0.420000	-0.228543	0.126921	-0.253275	0.154033	-0.823317	0.451894
0.440000	-0.216508	0.120908	-0.245899	0.153683	-0.823248	0.452629
0.460000	-0.206918	0.115072	-0.237532	0.153563	-0.823239	0.452884
0.480000	-0.200005	0.109517	-0.228145	0.153695	-0.823300	0.452609
0.500000	-0.195602	0.104356	-0.217849	0.154063	-0.823428	0.451832
0.520000	-0.193407	0.099707	-0.206803	0.154635	-0.823623	0.450612
0.540000	-0.193117	0.095686	-0.195165	0.155378	-0.823880	0.449006
0.560000	-0.194429	0.092412	-0.183095	0.156260	-0.824199	0.447069
0.580000	-0.197041	0.090001	-0.170751	0.157249	-0.824575	0.444859
0.600000	-0.200650	0.088570	-0.158291	0.158314	-0.825006	0.442432
0.620000	-0.204953	0.088238	-0.145875	0.159423	-0.825491	0.439847
0.640000	-0.209647	0.089120	-0.133661	0.160542	-0.826026	0.437159
0.660000	-0.214430	0.091335	-0.121808	0.161641	-0.826608	0.434425
0.680000	-0.219000	0.094999	-0.110474	0.162687	-0.827235	0.431703
0.700000	-0.223053	0.100230	-0.099819	0.163648	-0.827904	0.429049
0.720000	-0.226286	0.107145	-0.090000	0.164493	-0.828614	0.426521
0.740000	-0.228398	0.115861	-0.081178	0.165189	-0.829360	0.424174
0.760000	-0.229090	0.126492	-0.073507	0.165704	-0.830141	0.422066
0.780000	-0.228234	0.138979	-0.067043	0.166027	-0.830949	0.420222
0.800000	-0.225935	0.153031	-0.061702	0.166175	-0.831772	0.418632
0.820000	-0.222311	0.168342	-0.057391	0.166164	-0.832598	0.417280
0.840000	-0.217482	0.184607	-0.054018	0.166012	-0.833412	0.416152
0.860000	-0.211568	0.201519	-0.051491	0.165736	-0.834204	0.415232
0.880000	-0.204689	0.218773	-0.049717	0.165355	-0.834958	0.414505
0.900000	-0.196964	0.236061	-0.048604	0.164885	-0.835664	0.413957
0.920000	-0.188512	0.253079	-0.048058	0.164344	-0.836307	0.413573
0.940000	-0.179454	0.269519	-0.047988	0.163750	-0.836875	0.413338
0.960000	-0.169908	0.285076	-0.048300	0.163121	-0.837356	0.413236
0.980000	-0.159995	0.299444	-0.048902	0.162473	-0.837735	0.413254
1.000000	-0.149834	0.312317	-0.049703	0.161825	-0.838001	0.413376
1.020000	-0.139544	0.323388	-0.050608	0.161193	-0.838140	0.413587
1.040000	-0.129245	0.332351	-0.051526	0.160597	-0.838140	0.413873
1.060000	-0.119057	0.338901	-0.052363	0.160052	-0.837988	0.414218
1.080000	-0.109100	0.342731	-0.053029	0.159577	-0.837670	0.414608
1.100000	-0.099492	0.343535	-0.053429	0.159189	-0.837174	0.415027
1.120000	-0.090373	0.341106	-0.053502	0.158901	-0.836493	0.415466
1.140000	-0.081966	0.335669	-0.053317	0.158705	-0.835643	0.415930
1.160000	-0.074519	0.327566	-0.052981	0.158586	-0.834647	0.416431
1.180000	-0.068276	0.317136	-0.052598	0.158532	-0.833529	0.416980
1.200000	-0.063485	0.304723	-0.052274	0.158529	-0.832310	0.417588
1.220000	-0.060391	0.290666	-0.052115	0.158562	-0.831014	0.418268
1.240000	-0.059242	0.275308	-0.052227	0.158618	-0.829665	0.419030
1.260000	-0.060283	0.258990	-0.052715	0.158684	-0.828284	0.419886
1.280000	-0.063761	0.242052	-0.053684	0.158745	-0.826896	0.420846
1.300000	-0.069922	0.224838	-0.055241	0.158787	-0.825522	0.421924
1.320000	-0.079013	0.207687	-0.057490	0.158797	-0.824187	0.423129
1.340000	-0.091279	0.190940	-0.060537	0.158761	-0.822912	0.424473
1.360000	-0.106969	0.174941	-0.064489	0.158666	-0.821722	0.425968
1.380000	-0.126326	0.160029	-0.069450	0.158497	-0.820638	0.427625
1.400000	-0.149599	0.146546	-0.075525	0.158240	-0.819685	0.429455
1.420000	-0.176926	0.134781	-0.082791	0.157887	-0.818881	0.431464
1.440000	-0.207829	0.124716	-0.091141	0.157448	-0.818225	0.433616
1.460000	-0.241610	0.116224	-0.100406	0.156945	-0.817709	0.435866
1.480000	-0.277571	0.109179	-0.110418	0.156396	-0.817324	0.438164
1.500000	-0.315012	0.103455	-0.121006	0.155822	-0.817062	0.440465
1.520000	-0.353236	0.098926	-0.132003	0.155244	-0.816915	0.442721
1.540000	-0.391544	0.095463	-0.143239	0.154680	-0.816873	0.444884
1.560000	-0.429237	0.092943	-0.154545	0.154151	-0.816929	0.446907
1.580000	-0.465617	0.091236	-0.165751	0.153677	-0.817073	0.448742
1.600000	-0.499985	0.090218	-0.176689	0.153278	-0.817299	0.450342
1.620000	-0.531644	0.089762	-0.187190	0.152974	-0.817596	0.451659
1.640000	-0.559893	0.089740	-0.197083	0.152785	-0.817956	0.452647
