0.000000	-0.479043	-0.095627	-0.131253	0.180902	-0.844056	0.406161
0.020000	-0.470751	-0.089313	-0.134785	0.181058	-0.844356	0.404611
0.040000	-0.462165	-0.079664	-0.139404	0.181216	-0.844544	0.403322
0.060000	-0.453449	-0.066706	-0.145069	0.181371	-0.844618	0.402307
0.080000	-0.444607	-0.050741	-0.151573	0.181522	-0.844596	0.401542
0.100000	-0.435629	-0.032086	-0.158699	0.181664	-0.844495	0.401000
0.120000	-0.426508	-0.011058	-0.166228	0.181795	-0.844335	0.400652
0.140000	-0.417234	0.012023	-0.173943	0.181911	-0.844133	0.400472
0.160000	-0.407800	0.036840	-0.181627	0.182009	-0.843909	0.400432
0.180000	-0.398196	0.063074	-0.189061	0.182085	-0.843679	0.400505
0.200000	-0.388415	0.090408	-0.196029	0.182137	-0.843464	0.400663
0.220000	-0.378447	0.118524	-0.202311	0.182161	-0.843280	0.400880
0.240000	-0.368285	0.147104	-0.207691	0.182155	-0.843147	0.401127
0.260000	-0.357919	0.175828	-0.211951	0.182114	-0.843082	0.401378
0.280000	-0.347342	0.204381	-0.214873	0.182035	-0.843105	0.401604
0.300000	-0.336545	0.232442	-0.216239	0.181916	-0.843233	0.401779
0.320000	-0.325519	0.259695	-0.215832	0.181753	-0.843485	0.401875
0.340000	-0.314255	0.285821	-0.213434	0.181542	-0.843879	0.401865
0.360000	-0.302746	0.310502	-0.208827	0.181281	-0.844434	0.401721
0.380000	-0.290984	0.333428	-0.201810	0.180967	-0.845165	0.401418
0.400000	-0.278973	0.354425	-0.192453	0.180598	-0.846065	0.400961
0.420000	-0.266727	0.373433	-0.181054	0.180178	-0.847101	0.400380
0.440000	-0.254263	0.390395	-0.167917	0.179708	-0.848240	0.399706
0.460000	-0.241594	0.405253	-0.153348	0.179191	-0.849450	0.398970
0.480000	-0.228736	0.417952	-0.137651	0.178629	-0.850699	0.398203
0.500000	-0.215703	0.428434	-0.121130	0.178023	-0.851954	0.397436
0.520000	-0.202512	0.436642	-0.104091	0.177377	-0.853183	0.396700
0.540000	-0.189177	0.442520	-0.086839	0.176692	-0.854354	0.396027
0.560000	-0.175712	0.446010	-0.069677	0.175970	-0.855434	0.395447
0.580000	-0.162134	0.447056	-0.052910	0.175214	-0.856390	0.394992
0.600000	-0.148456	0.445600	-0.036844	0.174426	-0.857191	0.394692
0.620000	-0.134695	0.441586	-0.021783	0.173607	-0.857803	0.394579
0.640000	-0.120865	0.434958	-0.008031	0.172761	-0.858195	0.394683
0.660000	-0.106980	0.425657	0.004106	0.171889	-0.858334	0.395036
0.680000	-0.093057	0.413628	0.014324	0.170993	-0.858187	0.395669
0.700000	-0.079138	0.398852	0.022366	0.170077	-0.857732	0.396604
0.720000	-0.065420	0.381531	0.028238	0.169152	-0.856991	0.397816
0.740000	-0.052153	0.361938	0.032034	0.168231	-0.856006	0.399266
0.760000	-0.039586	0.340348	0.033849	0.167328	-0.854816	0.400913
0.780000	-0.027970	0.317034	0.033778	0.166455	-0.853462	0.402716
0.800000	-0.017553	0.292271	0.031915	0.165626	-0.851984	0.404636
0.820000	-0.008585	0.266334	0.028356	0.164854	-0.850423	0.406630
0.840000	-0.001316	0.239496	0.023195	0.164153	-0.848818	0.408660
0.860000	0.004005	0.212032	0.016528	0.163537	-0.847211	0.410685
0.880000	0.007128	0.184216	0.008448	0.163017	-0.845642	0.412663
0.900000	0.007803	0.156323	-0.000949	0.162608	-0.844150	0.414555
0.920000	0.005782	0.128626	-0.011568	0.162323	-0.842777	0.416321
0.940000	0.000813	0.101400	-0.023315	0.162176	-0.841562	0.417919
0.960000	-0.007351	0.074919	-0.036094	0.162179	-0.840546	0.419309
0.980000	-0.018962	0.049458	-0.049812	0.162346	-0.839769	0.420452
1.000000	-0.034266	0.025290	-0.064372	0.162690	-0.839271	0.421305
1.020000	-0.053304	0.002652	-0.079649	0.163217	-0.839070	0.421851
1.040000	-0.075677	-0.018298	-0.095450	0.163912	-0.839136	0.422109
1.060000	-0.100930	-0.037411	-0.111574	0.164763	-0.839432	0.422109
1.080000	-0.128610	-0.054539	-0.127823	0.165754	-0.839923	0.421878
1.100000	-0.158263	-0.069534	-0.143994	0.166870	-0.840572	0.421443
1.120000	-0.189434	-0.082248	-0.159888	0.168096	-0.841342	0.420832
1.140000	-0.221669	-0.092532	-0.175304	0.169418	-0.842199	0.420073
1.160000	-0.254515	-0.100237	-0.190042	0.170821	-0.843104	0.419192
1.180000	-0.287517	-0.105216	-0.203901	0.172290	-0.844023	0.418219
1.200000	-0.320222	-0.107321	-0.216681	0.173810	-0.844920	0.417179
1.220000	-0.352176	-0.106402	-0.228181	0.175366	-0.845757	0.416102
1.240000	-0.382923	-0.102311	-0.238201	0.176945	-0.846499	0.415014
1.260000	-0.412011	-0.094901	-0.246540	0.178530	-0.847109	0.413942
1.280000	-0.438985	-0.084023	-0.252999	0.180107	-0.847552	0.412916
1.300000	-0.463392	-0.069528	-0.257376	0.181661	-0.847792	0.411961
1.320000	-0.484777	-0.051269	-0.259471	0.183178	-0.847791	0.411107
1.340000	-0.502693	-0.029104	-0.259089	0.184643	-0.847514	0.410379
1.360000	-0.516971	-0.003216	-0.256242	0.186048	-0.846958	0.409791
1.380000	-0.527816	0.025780	-0.251218	0.187395	-0.846156	0.409334
1.400000	-0.535462	0.057238	-0.244327	0.188686	-0.845148	0.409000
1.420000	-0.540138	0.090514	-0.235877	0.189924	-0.843971	0.408779
1.440000	-0.542077	0.124961	-0.226178	0.191110	-0.842666	0.408663
