0.000000	-0.529910	0.148839	-0.148033	0.145308	-0.818067	0.422277
0.020000	-0.519343	0.156729	-0.152361	0.144794	-0.817534	0.420220
0.040000	-0.506201	0.165390	-0.157427	0.144199	-0.817025	0.418181
0.060000	-0.490751	0.174747	-0.163083	0.143551	-0.816545	0.416210
0.080000	-0.473261	0.184726	-0.169181	0.142878	-0.816095	0.414361
0.100000	-0.453997	0.195252	-0.175573	0.142207	-0.815679	0.412684
0.120000	-0.433227	0.206250	-0.182113	0.141567	-0.815298	0.411232
0.140000	-0.411219	0.217644	-0.188653	0.140986	-0.814956	0.410057
0.160000	-0.388239	0.229359	-0.195045	0.140491	-0.814655	0.409211
0.180000	-0.364555	0.241322	-0.201142	0.140110	-0.814397	0.408746
0.200000	-0.340433	0.253456	-0.206795	0.139871	-0.814185	0.408713
0.220000	-0.316132	0.265667	-0.211891	0.139790	-0.814021	0.409140
0.240000	-0.291881	0.277799	-0.216401	0.139852	-0.813906	0.409984
0.260000	-0.267909	0.289691	-0.220314	0.140033	-0.813840	0.411194
0.280000	-0.244440	0.301178	-0.223618	0.140313	-0.813824	0.412716
0.300000	-0.221701	0.312098	-0.226301	0.140669	-0.813859	0.414497
0.320000	-0.199918	0.322288	-0.228351	0.141080	-0.813943	0.416484
0.340000	-0.179318	0.331583	-0.229756	0.141525	-0.814079	0.418624
0.360000	-0.160128	0.339821	-0.230504	0.141981	-0.814266	0.420864
0.380000	-0.142572	0.346839	-0.230584	0.142426	-0.814505	0.423150
0.400000	-0.126879	0.352473	-0.229982	0.142839	-0.814797	0.425431
0.420000	-0.113273	0.356560	-0.228688	0.143199	-0.815141	0.427652
0.440000	-0.101982	0.358937	-0.226689	0.143482	-0.815538	0.429762
0.460000	-0.093231	0.359441	-0.223974	0.143669	-0.815989	0.431706
0.480000	-0.087248	0.357907	-0.220529	0.143736	-0.816494	0.433431
0.500000	-0.084258	0.354174	-0.216345	0.143662	-0.817054	0.434886
0.520000	-0.084475	0.348084	-0.211409	0.143427	-0.817668	0.436017
0.540000	-0.087775	0.339697	-0.205763	0.143027	-0.818334	0.436810
0.560000	-0.093648	0.329310	-0.199504	0.142482	-0.819044	0.437290
0.580000	-0.101563	0.317235	-0.192731	0.141812	-0.819790	0.437485
0.600000	-0.110991	0.303783	-0.185545	0.141038	-0.820565	0.437422
0.620000	-0.121401	0.289268	-0.178046	0.140181	-0.821360	0.437131
0.640000	-0.132263	0.273999	-0.170335	0.139259	-0.822168	0.436637
0.660000	-0.143048	0.258290	-0.162511	0.138294	-0.822981	0.435970
0.680000	-0.153224	0.242450	-0.154675	0.137307	-0.823791	0.435157
0.700000	-0.162262	0.226793	-0.146927	0.136316	-0.824591	0.434225
0.720000	-0.169632	0.211630	-0.139367	0.135343	-0.825373	0.433204
0.740000	-0.174803	0.197272	-0.132095	0.134409	-0.826129	0.432119
0.760000	-0.177246	0.184032	-0.125211	0.133532	-0.826852	0.431000
0.780000	-0.176430	0.172220	-0.118817	0.132735	-0.827533	0.429875
0.800000	-0.171825	0.162149	-0.113010	0.132036	-0.828165	0.428770
0.820000	-0.162900	0.154129	-0.107893	0.131457	-0.828739	0.427713
0.840000	-0.149221	0.148429	-0.103554	0.131015	-0.829250	0.426732
0.860000	-0.131096	0.144965	-0.099989	0.130710	-0.829695	0.425839
0.880000	-0.109186	0.143486	-0.097154	0.130531	-0.830076	0.425040
0.900000	-0.084155	0.143741	-0.095002	0.130469	-0.830392	0.424343
0.920000	-0.056666	0.145479	-0.093487	0.130513	-0.830646	0.423755
0.940000	-0.027383	0.148449	-0.092562	0.130655	-0.830837	0.423283
0.960000	0.003031	0.152400	-0.092183	0.130884	-0.830968	0.422933
0.980000	0.033913	0.157080	-0.092302	0.131190	-0.831038	0.422713
1.000000	0.064598	0.162240	-0.092873	0.131563	-0.831049	0.422628
1.020000	0.094423	0.167626	-0.093852	0.131994	-0.831002	0.422687
1.040000	0.122726	0.172989	-0.095190	0.132472	-0.830897	0.422896
1.060000	0.148842	0.178077	-0.096843	0.132988	-0.830736	0.423262
1.080000	0.172107	0.182639	-0.098765	0.133532	-0.830519	0.423792
1.100000	0.191859	0.186424	-0.100908	0.134094	-0.830247	0.424492
1.120000	0.207434	0.189181	-0.103228	0.134664	-0.829921	0.425370
1.140000	0.218169	0.190659	-0.105677	0.135232	-0.829543	0.426432
1.160000	0.223427	0.190617	-0.108212	0.135789	-0.829113	0.427685
1.180000	0.223148	0.189059	-0.110810	0.136330	-0.828638	0.429114
1.200000	0.217804	0.186209	-0.113471	0.136854	-0.828127	0.430688
1.220000	0.207892	0.182302	-0.116196	0.137362	-0.827593	0.432374
1.240000	0.193904	0.177573	-0.118987	0.137854	-0.827045	0.434139
1.260000	0.176336	0.172256	-0.121843	0.138330	-0.826495	0.435950
1.280000	0.155682	0.166586	-0.124767	0.138790	-0.825954	0.437774
1.300000	0.132437	0.160797	-0.127758	0.139235	-0.825432	0.439579
1.320000	0.107095	0.155125	-0.130817	0.139663	-0.824941	0.441332
1.340000	0.080151	0.149803	-0.133946	0.140076	-0.824491	0.443000
1.360000	0.052099	0.145067	-0.137145	0.140473	-0.824093	0.444550
1.380000	0.023433	0.141151	-0.140415	0.140855	-0.823758	0.445949
1.400000	-0.005351	0.138289	-0.143757	0.141221	-0.823497	0.447165
1.420000	-0.033760	0.136716	-0.147172	0.141571	-0.823321	0.448165
1.440000	-0.061299	0.136667	-0.150661	0.141907	-0.823241	0.448916
1.460000	-0.087480	0.138369	-0.154224	0.142227	-0.823267	0.449386
1.480000	-0.112045	0.141839	-0.157853	0.142533	-0.823401	0.449572
1.500000	-0.135010	0.146839	-0.161527	0.142827	-0.823632	0.449504
1.520000	-0.156407	0.153118	-0.165228	0.143114	-0.823950	0.449216
1.540000	-0.176265	0.160423	-0.168934	0.143394	-0.824344	0.448738
1.560000	-0.194616	0.168503	-0.172625	0.143671	-0.824804	0.448105
1.580000	-0.211492	0.177106	-0.176282	0.143948	-0.825318	0.447348
1.600000	-0.226923	0.185979	-0.179883	0.144227	-0.825877	0.446501
1.620000	-0.240941	0.194872	-0.183410	0.144511	-0.826469	0.445596
1.640000	-0.253577	0.203532	-0.186840	0.144803	-0.827084	0.444665
1.660000	-0.264862	0.211708	-0.190155	0.145106	-0.827712	0.443740
1.680000	-0.274827	0.219147	-0.193334	0.145421	-0.828341	0.442856
1.700000	-0.283503	0.225597	-0.196357	0.145753	-0.828960	0.442043
1.720000	-0.290922	0.230808	-0.199204	0.146104	-0.829561	0.441336
