0.000000	-0.346101	0.059008	-0.185935	0.145690	-0.859369	0.402467
0.020000	-0.361287	0.047989	-0.190704	0.145839	-0.862475	0.400798
0.040000	-0.374792	0.038187	-0.195010	0.145982	-0.865341	0.399112
0.060000	-0.386240	0.029815	-0.198772	0.146118	-0.867895	0.397434
0.080000	-0.395253	0.023088	-0.201910	0.146246	-0.870064	0.395792
0.100000	-0.401456	0.018219	-0.204343	0.146365	-0.871778	0.394211
0.120000	-0.404471	0.015421	-0.205991	0.146474	-0.872962	0.392718
0.140000	-0.404009	0.014859	-0.206797	0.146574	-0.873563	0.391336
0.160000	-0.400257	0.016430	-0.206834	0.146666	-0.873615	0.390069
0.180000	-0.393560	0.019943	-0.206216	0.146757	-0.873184	0.388916
0.200000	-0.384263	0.025206	-0.205060	0.146850	-0.872336	0.387876
0.220000	-0.372712	0.032028	-0.203481	0.146949	-0.871134	0.386946
0.240000	-0.359250	0.040217	-0.201594	0.147060	-0.869646	0.386126
0.260000	-0.344224	0.049583	-0.199516	0.147187	-0.867936	0.385414
0.280000	-0.327978	0.059933	-0.197361	0.147333	-0.866071	0.384808
0.300000	-0.310857	0.071076	-0.195246	0.147505	-0.864114	0.384306
0.320000	-0.293207	0.082821	-0.193285	0.147705	-0.862133	0.383907
0.340000	-0.275373	0.094977	-0.191595	0.147939	-0.860191	0.383611
0.360000	-0.257700	0.107351	-0.190290	0.148212	-0.858355	0.383414
0.380000	-0.240533	0.119753	-0.189487	0.148526	-0.856691	0.383315
0.400000	-0.224217	0.131991	-0.189300	0.148888	-0.855263	0.383314
0.420000	-0.209097	0.143874	-0.189846	0.149302	-0.854136	0.383408
0.440000	-0.195517	0.155210	-0.191239	0.149771	-0.853377	0.383596
0.460000	-0.183670	0.165834	-0.193512	0.150295	-0.853018	0.383876
0.480000	-0.173439	0.175636	-0.196525	0.150859	-0.853020	0.384242
0.500000	-0.164666	0.184512	-0.200119	0.151449	-0.853340	0.384690
0.520000	-0.157195	0.192358	-0.204133	0.152049	-0.853933	0.385216
0.540000	-0.150870	0.199069	-0.208408	0.152645	-0.854752	0.385815
0.560000	-0.145534	0.204542	-0.212784	0.153220	-0.855754	0.386482
0.580000	-0.141032	0.208672	-0.217102	0.153759	-0.856893	0.387213
0.600000	-0.137205	0.211356	-0.221200	0.154248	-0.858124	0.388002
0.620000	-0.133899	0.212489	-0.224919	0.154671	-0.859402	0.388846
0.640000	-0.130956	0.211968	-0.228100	0.155013	-0.860682	0.389739
0.660000	-0.128221	0.209688	-0.230583	0.155258	-0.861919	0.390677
0.680000	-0.125536	0.205545	-0.232206	0.155392	-0.863067	0.391654
0.700000	-0.122746	0.199435	-0.232812	0.155398	-0.864083	0.392668
0.720000	-0.119693	0.191255	-0.232239	0.155263	-0.864920	0.393711
0.740000	-0.116222	0.180900	-0.230328	0.154970	-0.865533	0.394781
0.760000	-0.112185	0.168280	-0.226928	0.154505	-0.865881	0.395872
0.780000	-0.107605	0.153562	-0.222035	0.153877	-0.865954	0.396970
0.800000	-0.102650	0.137130	-0.215778	0.153108	-0.865778	0.398057
0.820000	-0.097495	0.119378	-0.208288	0.152226	-0.865378	0.399111
0.840000	-0.092312	0.100701	-0.199697	0.151256	-0.864778	0.400114
0.860000	-0.087275	0.081490	-0.190135	0.150223	-0.864004	0.401045
0.880000	-0.082558	0.062141	-0.179735	0.149153	-0.863080	0.401883
0.900000	-0.078334	0.043046	-0.168627	0.148072	-0.862033	0.402609
0.920000	-0.074778	0.024600	-0.156944	0.147006	-0.860885	0.403203
0.940000	-0.072061	0.007194	-0.144817	0.145980	-0.859664	0.403645
0.960000	-0.070359	-0.008777	-0.132377	0.145020	-0.858393	0.403915
0.980000	-0.069844	-0.022919	-0.119756	0.144151	-0.857099	0.403993
1.000000	-0.070691	-0.034840	-0.107086	0.143399	-0.855805	0.403858
1.020000	-0.073072	-0.044145	-0.094497	0.142791	-0.854537	0.403491
1.040000	-0.077162	-0.050442	-0.082122	0.142351	-0.853320	0.402871
1.060000	-0.083133	-0.053336	-0.070092	0.142105	-0.852179	0.401980
1.080000	-0.091119	-0.052526	-0.058535	0.142072	-0.851136	0.400804
1.100000	-0.101013	-0.048228	-0.047563	0.142235	-0.850193	0.399379
1.120000	-0.112626	-0.040842	-0.037280	0.142561	-0.849345	0.397759
1.140000	-0.125768	-0.030771	-0.027794	0.143019	-0.848588	0.395996
1.160000	-0.140250	-0.018415	-0.019208	0.143578	-0.847918	0.394143
1.180000	-0.155882	-0.004176	-0.011628	0.144206	-0.847330	0.392252
1.200000	-0.172474	0.011545	-0.005159	0.144872	-0.846819	0.390377
1.220000	-0.189837	0.028347	0.000092	0.145543	-0.846381	0.388569
1.240000	-0.207780	0.045829	0.004022	0.146190	-0.846011	0.386881
1.260000	-0.226115	0.063590	0.006524	0.146779	-0.845706	0.385367
1.280000	-0.244652	0.081227	0.007493	0.147280	-0.845459	0.384078
1.300000	-0.263200	0.098341	0.006825	0.147661	-0.845268	0.383067
1.320000	-0.281571	0.114530	0.004412	0.147891	-0.845127	0.382388
1.340000	-0.299574	0.129392	0.000152	0.147938	-0.845031	0.382093
1.360000	-0.317020	0.142526	-0.006063	0.147771	-0.844977	0.382234
1.380000	-0.333735	0.153577	-0.014309	0.147362	-0.844960	0.382855
1.400000	-0.349662	0.162535	-0.024447	0.146726	-0.844977	0.383933
1.420000	-0.364800	0.169547	-0.036235	0.145891	-0.845027	0.385413
1.440000	-0.379146	0.174766	-0.049434	0.144888	-0.845106	0.387240
1.460000	-0.392701	0.178340	-0.063802	0.143747	-0.845214	0.389358
1.480000	-0.405461	0.180421	-0.079100	0.142499	-0.845348	0.391714
1.500000	-0.417425	0.181158	-0.095086	0.141175	-0.845506	0.394251
1.520000	-0.428593	0.180703	-0.111520	0.139803	-0.845687	0.396915
1.540000	-0.438961	0.179205	-0.128162	0.138416	-0.845887	0.399651
1.560000	-0.448530	0.176814	-0.144770	0.137042	-0.846106	0.402404
1.580000	-0.457297	0.173681	-0.161103	0.135713	-0.846341	0.405118
1.600000	-0.465261	0.169957	-0.176922	0.134459	-0.846590	0.407740
1.620000	-0.472421	0.165791	-0.191986	0.133309	-0.846852	0.410213
1.640000	-0.478774	0.161334	-0.206053	0.132295	-0.847124	0.412483
1.660000	-0.484320	0.156735	-0.218884	0.131447	-0.847403	0.414495
1.680000	-0.489056	0.152146	-0.230237	0.130795	-0.847690	0.416194
1.700000	-0.492986	0.147681	-0.239947	0.130358	-0.847980	0.417542
1.720000	-0.496125	0.143355	-0.248054	0.130124	-0.848270	0.418550
1.740000	-0.498490	0.139162	-0.254638	0.130075	-0.848558	0.419236
1.760000	-0.500099	0.135099	-0.259777	0.130192	-0.848840	0.419620
