0.000000	-0.341313	0.096607	-0.192364	0.156292	-0.828196	0.437950
0.020000	-0.337217	0.108535	-0.199372	0.157564	-0.830191	0.437822
0.040000	-0.334874	0.121074	-0.205211	0.158805	-0.832134	0.437521
0.060000	-0.334869	0.134140	-0.209686	0.160000	-0.833988	0.437034
0.080000	-0.337789	0.147647	-0.212603	0.161135	-0.835717	0.436351
0.100000	-0.344218	0.161512	-0.213767	0.162198	-0.837286	0.435462
0.120000	-0.354488	0.175619	-0.213076	0.163175	-0.838668	0.434363
0.140000	-0.368141	0.189767	-0.210716	0.164063	-0.839862	0.433082
0.160000	-0.384569	0.203735	-0.206928	0.164859	-0.840873	0.431650
0.180000	-0.403163	0.217304	-0.201952	0.165561	-0.841706	0.430098
0.200000	-0.423313	0.230253	-0.196030	0.166166	-0.842365	0.428458
0.220000	-0.444412	0.242363	-0.189402	0.166671	-0.842855	0.426762
0.240000	-0.465849	0.253413	-0.182309	0.167073	-0.843182	0.425040
0.260000	-0.487015	0.263184	-0.174992	0.167371	-0.843349	0.423326
0.280000	-0.507303	0.271455	-0.167692	0.167560	-0.843362	0.421649
0.300000	-0.526103	0.278007	-0.160650	0.167640	-0.843225	0.420043
0.320000	-0.542806	0.282620	-0.154106	0.167606	-0.842942	0.418537
0.340000	-0.556804	0.285073	-0.148301	0.167456	-0.842520	0.417165
0.360000	-0.567486	0.285148	-0.143477	0.167188	-0.841963	0.415957
0.380000	-0.574245	0.282623	-0.139874	0.166799	-0.841274	0.414945
0.400000	-0.576471	0.277279	-0.137733	0.166286	-0.840460	0.414160
0.420000	-0.573555	0.268896	-0.137294	0.165647	-0.839524	0.413635
0.440000	-0.565014	0.257339	-0.138749	0.164882	-0.838473	0.413395
0.460000	-0.551191	0.243040	-0.141953	0.164007	-0.837324	0.413434
0.480000	-0.532773	0.226667	-0.146622	0.163049	-0.836098	0.413730
0.500000	-0.510445	0.208883	-0.152474	0.162031	-0.834814	0.414263
0.520000	-0.484894	0.190355	-0.159226	0.160979	-0.833494	0.415011
0.540000	-0.456805	0.171749	-0.166596	0.159918	-0.832159	0.415954
0.560000	-0.426865	0.153732	-0.174301	0.158871	-0.830829	0.417070
0.580000	-0.395759	0.136968	-0.182057	0.157865	-0.829525	0.418338
0.600000	-0.364175	0.122124	-0.189582	0.156923	-0.828268	0.419738
0.620000	-0.332796	0.109866	-0.196593	0.156071	-0.827078	0.421249
0.640000	-0.302311	0.100859	-0.202807	0.155333	-0.825976	0.422849
0.660000	-0.273405	0.095770	-0.207942	0.154735	-0.824983	0.424517
0.680000	-0.246763	0.095265	-0.211714	0.154300	-0.824119	0.426233
0.700000	-0.223073	0.100010	-0.213841	0.154055	-0.823406	0.427975
0.720000	-0.203019	0.110669	-0.214041	0.154023	-0.822865	0.429722
0.740000	-0.187219	0.127795	-0.212062	0.154225	-0.822512	0.431454
0.760000	-0.175658	0.150889	-0.207964	0.154642	-0.822344	0.433153
0.780000	-0.167986	0.178901	-0.201963	0.155234	-0.822344	0.434805
0.800000	-0.163851	0.210773	-0.194280	0.155960	-0.822495	0.436393
0.820000	-0.162902	0.245450	-0.185134	0.156780	-0.822781	0.437902
0.840000	-0.164786	0.281874	-0.174745	0.157654	-0.823185	0.439317
0.860000	-0.169151	0.318989	-0.163334	0.158541	-0.823689	0.440622
0.880000	-0.175645	0.355738	-0.151119	0.159402	-0.824278	0.441802
0.900000	-0.183915	0.391065	-0.138321	0.160195	-0.824935	0.442841
0.920000	-0.193610	0.423912	-0.125160	0.160881	-0.825641	0.443724
0.940000	-0.204378	0.453225	-0.111856	0.161418	-0.826382	0.444435
0.960000	-0.215865	0.477945	-0.098628	0.161768	-0.827140	0.444959
0.980000	-0.227721	0.497016	-0.085696	0.161889	-0.827899	0.445281
1.000000	-0.239593	0.509381	-0.073281	0.161741	-0.828640	0.445385
1.020000	-0.251128	0.513985	-0.061601	0.161284	-0.829349	0.445255
1.040000	-0.261975	0.509770	-0.050877	0.160477	-0.830008	0.444877
1.060000	-0.271788	0.495724	-0.041326	0.159282	-0.830601	0.444235
1.080000	-0.280367	0.471942	-0.033080	0.157706	-0.831121	0.443339
1.100000	-0.287665	0.439666	-0.026186	0.155805	-0.831573	0.442221
1.120000	-0.293642	0.400192	-0.020687	0.153634	-0.831962	0.440916
1.140000	-0.298258	0.354817	-0.016626	0.151252	-0.832292	0.439458
1.160000	-0.301475	0.304836	-0.014046	0.148715	-0.832570	0.437881
1.180000	-0.303251	0.251548	-0.012989	0.146079	-0.832798	0.436220
1.200000	-0.303547	0.196246	-0.013498	0.143403	-0.832984	0.434509
1.220000	-0.302324	0.140229	-0.015616	0.140743	-0.833130	0.432781
1.240000	-0.299541	0.084792	-0.019385	0.138157	-0.833243	0.431072
1.260000	-0.295158	0.031231	-0.024848	0.135700	-0.833327	0.429414
1.280000	-0.289137	-0.019157	-0.032049	0.133431	-0.833387	0.427844
1.300000	-0.281437	-0.065076	-0.041029	0.131405	-0.833428	0.426394
1.320000	-0.272017	-0.105229	-0.051831	0.129682	-0.833455	0.425099
1.340000	-0.260840	-0.138321	-0.064499	0.128316	-0.833473	0.423994
1.360000	-0.247864	-0.163055	-0.079075	0.127366	-0.833486	0.423112
1.380000	-0.233050	-0.178139	-0.095600	0.126887	-0.833500	0.422488
1.400000	-0.216522	-0.183015	-0.113989	0.126906	-0.833517	0.422134
1.420000	-0.198728	-0.178620	-0.133894	0.127380	-0.833540	0.422022
1.440000	-0.180158	-0.166076	-0.154934	0.128262	-0.833567	0.422117
1.460000	-0.161304	-0.146501	-0.176729	0.129502	-0.833599	0.422385
1.480000	-0.142654	-0.121019	-0.198899	0.131050	-0.833637	0.422791
1.500000	-0.124699	-0.090749	-0.221064	0.132859	-0.833680	0.423301
1.520000	-0.107929	-0.056811	-0.242843	0.134880	-0.833729	0.423880
1.540000	-0.092833	-0.020328	-0.263857	0.137063	-0.833784	0.424494
1.560000	-0.079903	0.017581	-0.283726	0.139359	-0.833845	0.425108
1.580000	-0.069627	0.055795	-0.302069	0.141720	-0.833913	0.425688
1.600000	-0.062497	0.093193	-0.318506	0.144097	-0.833988	0.426200
