0.000000	-0.177900	0.112644	-0.194866	0.157521	-0.837122	0.417082
0.020000	-0.228627	0.098199	-0.199229	0.157106	-0.836620	0.416649
0.040000	-0.281713	0.081790	-0.201351	0.156615	-0.836240	0.416105
0.060000	-0.336259	0.063937	-0.201510	0.156070	-0.835976	0.415470
0.080000	-0.391370	0.045157	-0.199988	0.155491	-0.835822	0.414766
0.100000	-0.446147	0.025969	-0.197065	0.154903	-0.835775	0.414013
0.120000	-0.499694	0.006890	-0.193020	0.154325	-0.835830	0.413233
0.140000	-0.551114	-0.011560	-0.188135	0.153781	-0.835980	0.412446
0.160000	-0.599509	-0.028865	-0.182689	0.153291	-0.836222	0.411674
0.180000	-0.643983	-0.044506	-0.176962	0.152878	-0.836550	0.410937
0.200000	-0.683637	-0.057964	-0.171235	0.152564	-0.836959	0.410257
0.220000	-0.717576	-0.068721	-0.165788	0.152370	-0.837445	0.409655
0.240000	-0.744901	-0.076260	-0.160902	0.152319	-0.838003	0.409151
0.260000	-0.764716	-0.080062	-0.156856	0.152432	-0.838627	0.408767
0.280000	-0.776123	-0.079609	-0.153931	0.152731	-0.839312	0.408524
0.300000	-0.778231	-0.074387	-0.152405	0.153238	-0.840054	0.408442
0.320000	-0.770760	-0.064295	-0.152390	0.153958	-0.840845	0.408530
0.340000	-0.754523	-0.049980	-0.153701	0.154863	-0.841672	0.408775
0.360000	-0.730452	-0.032165	-0.156117	0.155926	-0.842520	0.409162
0.380000	-0.699480	-0.011573	-0.159421	0.157116	-0.843377	0.409673
0.400000	-0.662536	0.011070	-0.163394	0.158404	-0.844227	0.410295
0.420000	-0.620553	0.035042	-0.167818	0.159761	-0.845058	0.411011
0.440000	-0.574461	0.059618	-0.172473	0.161157	-0.845856	0.411805
0.460000	-0.525192	0.084074	-0.177143	0.162563	-0.846607	0.412663
0.480000	-0.473676	0.107687	-0.181607	0.163949	-0.847297	0.413567
0.500000	-0.420846	0.129732	-0.185647	0.165287	-0.847913	0.414503
0.520000	-0.367633	0.149486	-0.189045	0.166546	-0.848440	0.415455
0.540000	-0.314967	0.166225	-0.191583	0.167698	-0.848866	0.416408
0.560000	-0.263781	0.179224	-0.193041	0.168712	-0.849176	0.417344
0.580000	-0.215005	0.187760	-0.193202	0.169560	-0.849356	0.418250
0.600000	-0.169570	0.191109	-0.191846	0.170212	-0.849393	0.419109
0.620000	-0.128362	0.188606	-0.188773	0.170641	-0.849275	0.419906
0.640000	-0.091581	0.180472	-0.184028	0.170846	-0.849005	0.420636
0.660000	-0.058907	0.167601	-0.177847	0.170847	-0.848603	0.421299
0.680000	-0.030005	0.150904	-0.170472	0.170666	-0.848088	0.421898
0.700000	-0.004540	0.131292	-0.162143	0.170324	-0.847478	0.422433
0.720000	0.017821	0.109676	-0.153102	0.169842	-0.846791	0.422907
0.740000	0.037414	0.086969	-0.143588	0.169240	-0.846048	0.423320
0.760000	0.054573	0.064082	-0.133844	0.168539	-0.845265	0.423674
0.780000	0.069632	0.041925	-0.124109	0.167762	-0.844463	0.423971
0.800000	0.082925	0.021411	-0.114625	0.166928	-0.843660	0.424212
0.820000	0.094788	0.003450	-0.105632	0.166058	-0.842874	0.424399
0.840000	0.105553	-0.011046	-0.097372	0.165174	-0.842125	0.424532
0.860000	0.115556	-0.021166	-0.090085	0.164297	-0.841431	0.424614
0.880000	0.125132	-0.025998	-0.084012	0.163447	-0.840811	0.424647
0.900000	0.134614	-0.024631	-0.079394	0.162645	-0.840284	0.424630
0.920000	0.144337	-0.016154	-0.076471	0.161914	-0.839868	0.424567
0.940000	0.154549	0.000066	-0.075421	0.161269	-0.839578	0.424458
0.960000	0.165077	0.023288	-0.076097	0.160714	-0.839405	0.424306
0.980000	0.175613	0.052343	-0.078257	0.160248	-0.839335	0.424113
1.000000	0.185854	0.086067	-0.081656	0.159867	-0.839352	0.423883
1.020000	0.195492	0.123290	-0.086051	0.159570	-0.839442	0.423618
1.040000	0.204223	0.162848	-0.091199	0.159354	-0.839588	0.423319
1.060000	0.211741	0.203573	-0.096854	0.159217	-0.839777	0.422991
1.080000	0.217740	0.244298	-0.102774	0.159158	-0.839992	0.422634
1.100000	0.221916	0.283856	-0.108715	0.159174	-0.840220	0.422253
1.120000	0.223961	0.321081	-0.114433	0.159262	-0.840444	0.421850
1.140000	0.223572	0.354807	-0.119685	0.159422	-0.840650	0.421427
1.160000	0.220441	0.383865	-0.124226	0.159650	-0.840823	0.420986
1.180000	0.214265	0.407089	-0.127813	0.159945	-0.840947	0.420531
1.200000	0.204736	0.423313	-0.130202	0.160305	-0.841008	0.420064
1.220000	0.191550	0.431370	-0.131150	0.160726	-0.840990	0.419587
1.240000	0.174401	0.430093	-0.130412	0.161208	-0.840879	0.419103
1.260000	0.153023	0.418442	-0.127774	0.161748	-0.840660	0.418615
1.280000	0.127592	0.396812	-0.123341	0.162338	-0.840339	0.418121
1.300000	0.098564	0.366499	-0.117418	0.162968	-0.839929	0.417616
1.320000	0.066398	0.328814	-0.110316	0.163628	-0.839446	0.417098
1.340000	0.031554	0.285067	-0.102344	0.164308	-0.838905	0.416563
1.360000	-0.005508	0.236568	-0.093812	0.164998	-0.838322	0.416007
1.380000	-0.044329	0.184629	-0.085029	0.165687	-0.837711	0.415425
1.400000	-0.084450	0.130559	-0.076306	0.166365	-0.837089	0.414815
1.420000	-0.125409	0.075670	-0.067951	0.167021	-0.836469	0.414173
1.440000	-0.166749	0.021271	-0.060275	0.167647	-0.835868	0.413494
1.460000	-0.208008	-0.031325	-0.053588	0.168230	-0.835300	0.412775
1.480000	-0.248728	-0.080810	-0.048198	0.168762	-0.834781	0.412012
1.500000	-0.288449	-0.125872	-0.044416	0.169232	-0.834326	0.411201
1.520000	-0.326711	-0.165201	-0.042551	0.169629	-0.833950	0.410339
1.540000	-0.363055	-0.197487	-0.042913	0.169944	-0.833668	0.409421
1.560000	-0.397020	-0.221418	-0.045811	0.170166	-0.833496	0.408445
1.580000	-0.428212	-0.236025	-0.051449	0.170289	-0.833445	0.407410
1.600000	-0.456492	-0.241695	-0.059604	0.170320	-0.833516	0.406332
1.620000	-0.481783	-0.239150	-0.069948	0.170271	-0.833706	0.405230
1.640000	-0.504011	-0.229113	-0.082155	0.170152	-0.834010	0.404126
1.660000	-0.523100	-0.212307	-0.095895	0.169976	-0.834426	0.403039
1.680000	-0.538974	-0.189454	-0.110843	0.169754	-0.834950	0.401988
1.700000	-0.551558	-0.161278	-0.126670	0.169496	-0.835580	0.400993
