0.000000	-0.350150	0.345658	-0.292367	0.182754	-0.851496	0.412355
0.020000	-0.343419	0.312812	-0.296517	0.182308	-0.851548	0.411988
0.040000	-0.332458	0.275315	-0.298440	0.181726	-0.851544	0.411608
0.060000	-0.317980	0.234160	-0.298389	0.181030	-0.851492	0.411212
0.080000	-0.300700	0.190340	-0.296619	0.180242	-0.851400	0.410802
0.100000	-0.281332	0.144847	-0.293382	0.179384	-0.851274	0.410376
0.120000	-0.260591	0.098674	-0.288933	0.178479	-0.851123	0.409935
0.140000	-0.239190	0.052813	-0.283525	0.177547	-0.850954	0.409478
0.160000	-0.217845	0.008258	-0.277412	0.176613	-0.850774	0.409004
0.180000	-0.197268	-0.034000	-0.270847	0.175698	-0.850591	0.408513
0.200000	-0.178175	-0.072968	-0.264085	0.174823	-0.850413	0.408005
0.220000	-0.161280	-0.107653	-0.257378	0.174011	-0.850246	0.407479
0.240000	-0.147297	-0.137062	-0.250981	0.173285	-0.850099	0.406936
0.260000	-0.136940	-0.160204	-0.245148	0.172666	-0.849979	0.406373
0.280000	-0.130923	-0.176085	-0.240131	0.172177	-0.849894	0.405792
0.300000	-0.129960	-0.183713	-0.236184	0.171839	-0.849850	0.405192
0.320000	-0.134441	-0.182568	-0.233454	0.171667	-0.849854	0.404572
0.340000	-0.143876	-0.173389	-0.231799	0.171647	-0.849905	0.403933
0.360000	-0.157633	-0.157131	-0.231026	0.171764	-0.850002	0.403275
0.380000	-0.175079	-0.134745	-0.230947	0.172004	-0.850144	0.402599
0.400000	-0.195580	-0.107186	-0.231370	0.172349	-0.850329	0.401904
0.420000	-0.218502	-0.075404	-0.232105	0.172785	-0.850557	0.401192
0.440000	-0.243213	-0.040354	-0.232960	0.173295	-0.850826	0.400462
0.460000	-0.269078	-0.002988	-0.233746	0.173865	-0.851135	0.399715
0.480000	-0.295465	0.035741	-0.234272	0.174477	-0.851483	0.398952
0.500000	-0.321739	0.074881	-0.234347	0.175117	-0.851868	0.398172
0.520000	-0.347268	0.113478	-0.233780	0.175769	-0.852290	0.397376
0.540000	-0.371419	0.150580	-0.232382	0.176418	-0.852748	0.396565
0.560000	-0.393557	0.185234	-0.229961	0.177047	-0.853240	0.395739
0.580000	-0.413049	0.216488	-0.226326	0.177640	-0.853764	0.394897
0.600000	-0.429262	0.243388	-0.221287	0.178183	-0.854321	0.394042
0.620000	-0.441563	0.264983	-0.214654	0.178659	-0.854908	0.393172
0.640000	-0.449429	0.280501	-0.206288	0.179055	-0.855524	0.392289
0.660000	-0.452978	0.290230	-0.196351	0.179374	-0.856162	0.391400
0.680000	-0.452557	0.294832	-0.185112	0.179622	-0.856815	0.390512
0.700000	-0.448512	0.294970	-0.172841	0.179806	-0.857476	0.389633
0.720000	-0.441189	0.291307	-0.159807	0.179935	-0.858135	0.388771
0.740000	-0.430936	0.284507	-0.146279	0.180013	-0.858787	0.387935
0.760000	-0.418099	0.275232	-0.132527	0.180050	-0.859422	0.387131
0.780000	-0.403024	0.264145	-0.118821	0.180052	-0.860033	0.386369
0.800000	-0.386059	0.251910	-0.105429	0.180027	-0.860613	0.385656
0.820000	-0.367549	0.239190	-0.092621	0.179981	-0.861154	0.384999
0.840000	-0.347841	0.226648	-0.080667	0.179921	-0.861648	0.384408
0.860000	-0.327283	0.214947	-0.069836	0.179856	-0.862087	0.383890
0.880000	-0.306220	0.204749	-0.060396	0.179791	-0.862464	0.383453
0.900000	-0.284999	0.196719	-0.052619	0.179735	-0.862770	0.383104
0.920000	-0.263967	0.191519	-0.046772	0.179694	-0.862999	0.382853
0.940000	-0.243444	0.189732	-0.043088	0.179674	-0.863143	0.382705
0.960000	-0.223542	0.191318	-0.041502	0.179677	-0.863198	0.382661
0.980000	-0.204279	0.195949	-0.041815	0.179700	-0.863161	0.382716
1.000000	-0.185671	0.203296	-0.043824	0.179742	-0.863030	0.382866
1.020000	-0.167734	0.213029	-0.047328	0.179799	-0.862803	0.383108
1.040000	-0.150484	0.224817	-0.052126	0.179870	-0.862477	0.383436
1.060000	-0.133938	0.238331	-0.058016	0.179952	-0.862050	0.383849
1.080000	-0.118112	0.253241	-0.064798	0.180045	-0.861520	0.384340
1.100000	-0.103023	0.269217	-0.072269	0.180144	-0.860883	0.384906
1.120000	-0.088687	0.285930	-0.080229	0.180249	-0.860138	0.385544
1.140000	-0.075120	0.303049	-0.088475	0.180357	-0.859283	0.386249
1.160000	-0.062339	0.320245	-0.096807	0.180466	-0.858314	0.387017
1.180000	-0.050360	0.337187	-0.105023	0.180574	-0.857229	0.387844
1.200000	-0.039199	0.353547	-0.112922	0.180678	-0.856026	0.388727
1.220000	-0.028872	0.368993	-0.120303	0.180777	-0.854703	0.389660
1.240000	-0.019397	0.383197	-0.126963	0.180869	-0.853257	0.390640
1.260000	-0.010789	0.395835	-0.132709	0.180950	-0.851687	0.391664
1.280000	-0.003067	0.406710	-0.137486	0.181020	-0.850004	0.392722
1.300000	0.003751	0.415744	-0.141365	0.181073	-0.848236	0.393802
1.320000	0.009643	0.422862	-0.144423	0.181107	-0.846407	0.394894
1.340000	0.014591	0.427988	-0.146738	0.181119	-0.844545	0.395985
1.360000	0.018575	0.431048	-0.148386	0.181104	-0.842677	0.397063
1.380000	0.021574	0.431967	-0.149445	0.181060	-0.840827	0.398116
1.400000	0.023570	0.430670	-0.149991	0.180983	-0.839023	0.399132
1.420000	0.024543	0.427082	-0.150101	0.180870	-0.837291	0.400100
1.440000	0.024472	0.421128	-0.149852	0.180717	-0.835657	0.401007
1.460000	0.023339	0.412733	-0.149322	0.180522	-0.834148	0.401842
1.480000	0.021124	0.401823	-0.148587	0.180280	-0.832790	0.402592
1.500000	0.017806	0.388323	-0.147723	0.179988	-0.831609	0.403246
1.520000	0.013366	0.372157	-0.146809	0.179643	-0.830631	0.403792
1.540000	0.007785	0.353250	-0.145921	0.179242	-0.829884	0.404218
1.560000	0.001042	0.331528	-0.145136	0.178781	-0.829393	0.404511
1.580000	-0.006866	0.306976	-0.144525	0.178258	-0.829179	0.404663
1.600000	-0.015853	0.279938	-0.144124	0.177678	-0.829231	0.404682
1.620000	-0.025797	0.250900	-0.143957	0.177052	-0.829526	0.404582
1.640000	-0.036576	0.220344	-0.144046	0.176386	-0.830039	0.404378
1.660000	-0.048067	0.188756	-0.144415	0.175691	-0.830749	0.404083
1.680000	-0.060149	0.156617	-0.145085	0.174976	-0.831630	0.403714
1.700000	-0.072700	0.124413	-0.146081	0.174248	-0.832659	0.403283
1.720000	-0.085596	0.092628	-0.147425	0.173517	-0.833814	0.402805
1.740000	-0.098717	0.061744	-0.149141	0.172791	-0.835070	0.402295
1.760000	-0.111941	0.032246	-0.151250	0.172080	-0.836403	0.401767
1.780000	-0.125144	0.004618	-0.153776	0.171392	-0.837791	0.401236
1.800000	-0.138206	-0.020656	-0.156742	0.170736	-0.839210	0.400716
1.820000	-0.151003	-0.043093	-0.160171	0.170121	-0.840636	0.400221
1.840000	-0.163415	-0.062209	-0.164086	0.169556	-0.842046	0.399766
1.860000	-0.175319	-0.077519	-0.168510	0.169049	-0.843415	0.399366
1.880000	-0.186592	-0.088541	-0.173466	0.168610	-0.844722	0.399035
1.900000	-0.197120	-0.094826	-0.178971	0.168246	-0.845943	0.398785
