0.000000	-0.759011	0.407461	0.046421	0.282478	-0.967788	-0.009415
0.020000	-0.803577	0.366400	0.046805	0.281547	-0.968126	-0.010241
0.040000	-0.839329	0.324765	0.044319	0.280551	-0.968344	-0.010596
0.060000	-0.865989	0.282842	0.038951	0.279503	-0.968441	-0.010473
0.080000	-0.884229	0.240908	0.030921	0.278422	-0.968433	-0.009928
0.100000	-0.894774	0.199238	0.020465	0.277332	-0.968336	-0.009021
0.120000	-0.898348	0.158108	0.007817	0.276251	-0.968166	-0.007810
0.140000	-0.895677	0.117793	-0.006790	0.275203	-0.967941	-0.006354
0.160000	-0.887484	0.078569	-0.023121	0.274207	-0.967677	-0.004713
0.180000	-0.874494	0.040711	-0.040942	0.273285	-0.967389	-0.002944
0.200000	-0.857432	0.004495	-0.060018	0.272458	-0.967096	-0.001108
0.220000	-0.837023	-0.029804	-0.080116	0.271748	-0.966813	0.000737
0.240000	-0.813991	-0.061911	-0.101001	0.271175	-0.966558	0.002532
0.260000	-0.789061	-0.091548	-0.122439	0.270760	-0.966345	0.004218
0.280000	-0.762958	-0.118442	-0.144195	0.270525	-0.966193	0.005736
0.300000	-0.736405	-0.142317	-0.166036	0.270490	-0.966118	0.007028
0.320000	-0.710129	-0.162897	-0.187727	0.270678	-0.966136	0.008033
0.340000	-0.684852	-0.179906	-0.209034	0.271108	-0.966263	0.008694
0.360000	-0.661235	-0.193114	-0.229731	0.271798	-0.966514	0.008959
0.380000	-0.639402	-0.202640	-0.249659	0.272731	-0.966879	0.008838
0.400000	-0.619223	-0.208775	-0.268691	0.273872	-0.967336	0.008373
0.420000	-0.600569	-0.211809	-0.286701	0.275188	-0.967864	0.007602
0.440000	-0.583308	-0.212032	-0.303562	0.276644	-0.968444	0.006568
0.460000	-0.567308	-0.209736	-0.319147	0.278207	-0.969052	0.005309
0.480000	-0.552439	-0.205211	-0.333330	0.279842	-0.969669	0.003867
0.500000	-0.538570	-0.198748	-0.345984	0.281516	-0.970273	0.002282
0.520000	-0.525569	-0.190638	-0.356981	0.283194	-0.970843	0.000594
0.540000	-0.513306	-0.181170	-0.366197	0.284842	-0.971359	-0.001156
0.560000	-0.501649	-0.170637	-0.373503	0.286428	-0.971798	-0.002927
0.580000	-0.490467	-0.159328	-0.378773	0.287915	-0.972140	-0.004680
0.600000	-0.479629	-0.147534	-0.381881	0.289271	-0.972364	-0.006374
0.620000	-0.469005	-0.135547	-0.382699	0.290462	-0.972449	-0.007968
0.640000	-0.458463	-0.123656	-0.381102	0.291453	-0.972374	-0.009423
0.660000	-0.447871	-0.112152	-0.376963	0.292211	-0.972117	-0.010697
0.680000	-0.437104	-0.101319	-0.370165	0.292702	-0.971659	-0.011751
0.700000	-0.426117	-0.091270	-0.360827	0.292927	-0.971005	-0.012579
0.720000	-0.414945	-0.081963	-0.349288	0.292913	-0.970186	-0.013202
0.740000	-0.403629	-0.073348	-0.335895	0.292692	-0.969232	-0.013643
0.760000	-0.392205	-0.065375	-0.320995	0.292293	-0.968174	-0.013926
0.780000	-0.380714	-0.057994	-0.304935	0.291746	-0.967042	-0.014074
0.800000	-0.369193	-0.051157	-0.288062	0.291082	-0.965867	-0.014110
0.820000	-0.357680	-0.044812	-0.270725	0.290330	-0.964681	-0.014057
0.840000	-0.346216	-0.038911	-0.253269	0.289520	-0.963513	-0.013939
0.860000	-0.334838	-0.033404	-0.236042	0.288684	-0.962395	-0.013778
0.880000	-0.323585	-0.028240	-0.219392	0.287850	-0.961358	-0.013599
0.900000	-0.312495	-0.023372	-0.203666	0.287049	-0.960431	-0.013423
0.920000	-0.301607	-0.018748	-0.189211	0.286310	-0.959647	-0.013275
0.940000	-0.290961	-0.014319	-0.176374	0.285665	-0.959035	-0.013178
0.960000	-0.280593	-0.010035	-0.165502	0.285143	-0.958626	-0.013155
0.980000	-0.270543	-0.005847	-0.156936	0.284774	-0.958451	-0.013228
1.000000	-0.260808	-0.001678	-0.150781	0.284567	-0.958515	-0.013404
1.020000	-0.251343	0.002574	-0.146862	0.284506	-0.958790	-0.013667
1.040000	-0.242096	0.007016	-0.144986	0.284575	-0.959251	-0.014002
1.060000	-0.233018	0.011754	-0.144959	0.284758	-0.959870	-0.014394
1.080000	-0.224059	0.016893	-0.146588	0.285037	-0.960619	-0.014825
1.100000	-0.215169	0.022540	-0.149681	0.285396	-0.961472	-0.015281
1.120000	-0.206298	0.028801	-0.154045	0.285819	-0.962400	-0.015745
1.140000	-0.197396	0.035780	-0.159487	0.286288	-0.963376	-0.016202
1.160000	-0.188414	0.043585	-0.165813	0.286787	-0.964372	-0.016636
1.180000	-0.179301	0.052321	-0.172831	0.287300	-0.965363	-0.017030
1.200000	-0.170007	0.062094	-0.180348	0.287809	-0.966319	-0.017370
1.220000	-0.160483	0.073009	-0.188171	0.288299	-0.967213	-0.017639
1.240000	-0.150678	0.085173	-0.196107	0.288752	-0.968019	-0.017821
1.260000	-0.140543	0.098692	-0.203963	0.289152	-0.968709	-0.017901
1.280000	-0.130027	0.113672	-0.211545	0.289481	-0.969255	-0.017863
1.300000	-0.119081	0.130217	-0.218662	0.289725	-0.969629	-0.017690
1.320000	-0.107665	0.148421	-0.225126	0.289866	-0.969807	-0.017369
1.340000	-0.095904	0.168154	-0.230836	0.289905	-0.969785	-0.016901
1.360000	-0.084048	0.189116	-0.235761	0.289855	-0.969576	-0.016304
1.380000	-0.072353	0.211001	-0.239869	0.289730	-0.969196	-0.015594
1.400000	-0.061072	0.233503	-0.243131	0.289542	-0.968660	-0.014789
1.420000	-0.050461	0.256319	-0.245516	0.289304	-0.967982	-0.013905
1.440000	-0.040775	0.279142	-0.246993	0.289030	-0.967176	-0.012959
1.460000	-0.032267	0.301668	-0.247532	0.288733	-0.966258	-0.011967
1.480000	-0.025194	0.323590	-0.247103	0.288426	-0.965243	-0.010948
1.500000	-0.019809	0.344604	-0.245676	0.288123	-0.964145	-0.009918
1.520000	-0.016367	0.364404	-0.243219	0.287835	-0.962979	-0.008894
1.540000	-0.015123	0.382685	-0.239702	0.287578	-0.961760	-0.007892
1.560000	-0.016332	0.399142	-0.235096	0.287363	-0.960502	-0.006929
1.580000	-0.020248	0.413469	-0.229369	0.287204	-0.959220	-0.006024
1.600000	-0.027126	0.425362	-0.222491	0.287114	-0.957929	-0.005191
1.620000	-0.037222	0.434515	-0.214431	0.287106	-0.956644	-0.004449
1.640000	-0.050716	0.440695	-0.205190	0.287191	-0.955380	-0.003809
1.660000	-0.067426	0.444045	-0.194918	0.287363	-0.954149	-0.003259
1.680000	-0.087052	0.444822	-0.183814	0.287611	-0.952967	-0.002779
1.700000	-0.109294	0.443286	-0.172076	0.287926	-0.951846	-0.002349
1.720000	-0.133852	0.439696	-0.159905	0.288296	-0.950801	-0.001947
1.740000	-0.160427	0.434311	-0.147498	0.288713	-0.949845	-0.001555
1.760000	-0.188718	0.427389	-0.135056	0.289165	-0.948991	-0.001151
1.780000	-0.218425	0.419190	-0.122776	0.289642	-0.948255	-0.000716
1.800000	-0.249250	0.409972	-0.110858	0.290134	-0.947648	-0.000230
1.820000	-0.280891	0.399995	-0.099502	0.290630	-0.947186	0.000328
1.840000	-0.313050	0.389518	-0.088905	0.291121	-0.946881	0.000979
1.860000	-0.345425	0.378799	-0.079266	0.291595	-0.946748	0.001741
1.880000	-0.377718	0.368098	-0.070786	0.292043	-0.946800	0.002636
1.900000	-0.409629	0.357673	-0.063662	0.292454	-0.947051	0.003684
1.920000	-0.440857	0.347783	-0.058095	0.292818	-0.947514	0.004905
1.940000	-0.471104	0.338688	-0.054282	0.293125	-0.948204	0.006318
1.960000	-0.500083	0.330621	-0.052405	0.293365	-0.949131	0.007942
1.980000	-0.527684	0.323512	-0.052434	0.293538	-0.950282	0.009756
2.000000	-0.553908	0.317099	-0.054207	0.293649	-0.951625	0.011715
2.020000	-0.578759	0.311114	-0.057557	0.293705	-0.953128	0.013775
2.040000	-0.602239	0.305292	-0.062317	0.293712	-0.954759	0.015890
2.060000	-0.624352	0.299366	-0.068322	0.293676	-0.956488	0.018017
2.080000	-0.645100	0.293068	-0.075405	0.293602	-0.958283	0.020109
2.100000	-0.664487	0.286134	-0.083400	0.293497	-0.960111	0.022123
2.120000	-0.682515	0.278296	-0.092141	0.293366	-0.961941	0.024014
2.140000	-0.699188	0.269287	-0.101461	0.293216	-0.963742	0.025737
2.160000	-0.714509	0.258842	-0.111195	0.293052	-0.965482	0.027247
2.180000	-0.728481	0.246692	-0.121175	0.292880	-0.967130	0.028498
2.200000	-0.741106	0.232573	-0.131237	0.292707	-0.968653	0.029448
2.220000	-0.752389	0.216217	-0.141213	0.292538	-0.970021	0.030050
2.240000	-0.762332	0.197358	-0.150937	0.292380	-0.971201	0.030260
2.260000	-0.770938	0.175730	-0.160244	0.292237	-0.972162	0.030032
