0.000000	-0.189292	0.206487	-0.103451	0.266399	-0.970731	-0.006980
0.020000	-0.183834	0.196859	-0.108522	0.265267	-0.970487	-0.009256
0.040000	-0.180797	0.185097	-0.113641	0.264155	-0.970208	-0.011481
0.060000	-0.180525	0.171313	-0.118782	0.263074	-0.969905	-0.013629
0.080000	-0.183360	0.155619	-0.123920	0.262031	-0.969585	-0.015675
0.100000	-0.189644	0.138125	-0.129030	0.261037	-0.969257	-0.017592
0.120000	-0.199721	0.118944	-0.134084	0.260101	-0.968931	-0.019355
0.140000	-0.213932	0.098186	-0.139059	0.259232	-0.968614	-0.020936
0.160000	-0.232622	0.075963	-0.143927	0.258439	-0.968316	-0.022310
0.180000	-0.256131	0.052387	-0.148664	0.257731	-0.968046	-0.023451
0.200000	-0.284804	0.027569	-0.153243	0.257119	-0.967811	-0.024333
0.220000	-0.318982	0.001621	-0.157640	0.256610	-0.967622	-0.024929
0.240000	-0.358987	-0.025343	-0.161827	0.256215	-0.967486	-0.025214
0.260000	-0.404160	-0.053064	-0.165792	0.255941	-0.967410	-0.025188
0.280000	-0.452457	-0.081083	-0.169534	0.255793	-0.967398	-0.024885
0.300000	-0.501731	-0.108922	-0.173055	0.255775	-0.967453	-0.024343
0.320000	-0.549835	-0.136106	-0.176357	0.255891	-0.967577	-0.023599
0.340000	-0.594623	-0.162159	-0.179442	0.256147	-0.967774	-0.022692
0.360000	-0.633948	-0.186605	-0.182312	0.256547	-0.968047	-0.021657
0.380000	-0.665663	-0.208967	-0.184968	0.257096	-0.968400	-0.020533
0.400000	-0.687620	-0.228771	-0.187411	0.257798	-0.968834	-0.019357
0.420000	-0.697674	-0.245540	-0.189645	0.258658	-0.969353	-0.018167
0.440000	-0.693677	-0.258797	-0.191670	0.259680	-0.969961	-0.017001
0.460000	-0.673483	-0.268068	-0.193489	0.260870	-0.970661	-0.015895
0.480000	-0.634944	-0.272876	-0.195103	0.262231	-0.971455	-0.014887
0.500000	-0.575915	-0.272744	-0.196514	0.263769	-0.972346	-0.014015
0.520000	-0.494247	-0.267198	-0.197723	0.265487	-0.973339	-0.013316
0.540000	-0.387816	-0.255766	-0.198733	0.267391	-0.974435	-0.012827
0.560000	-0.256591	-0.238389	-0.199546	0.269474	-0.975628	-0.012568
0.580000	-0.104321	-0.215760	-0.200165	0.271710	-0.976892	-0.012522
0.600000	0.064849	-0.188648	-0.200596	0.274072	-0.978200	-0.012670
0.620000	0.246775	-0.157822	-0.200841	0.276531	-0.979525	-0.012995
0.640000	0.437310	-0.124052	-0.200905	0.279060	-0.980839	-0.013476
0.660000	0.632309	-0.088107	-0.200793	0.281631	-0.982116	-0.014095
0.680000	0.827627	-0.050757	-0.200506	0.284215	-0.983327	-0.014833
0.700000	1.019119	-0.012771	-0.200051	0.286786	-0.984446	-0.015671
0.720000	1.202639	0.025081	-0.199431	0.289314	-0.985446	-0.016590
0.740000	1.374041	0.062030	-0.198649	0.291773	-0.986298	-0.017571
0.760000	1.529181	0.097305	-0.197711	0.294134	-0.986976	-0.018595
0.780000	1.663913	0.130138	-0.196619	0.296369	-0.987453	-0.019644
0.800000	1.774092	0.159759	-0.195378	0.298451	-0.987701	-0.020698
0.820000	1.855572	0.185399	-0.193992	0.300351	-0.987693	-0.021738
0.840000	1.904208	0.206288	-0.192465	0.302043	-0.987401	-0.022746
0.860000	1.915854	0.221656	-0.190800	0.303497	-0.986799	-0.023703
0.880000	1.887896	0.230995	-0.189003	0.304694	-0.985871	-0.024592
0.900000	1.823430	0.234768	-0.187078	0.305642	-0.984649	-0.025412
0.920000	1.726891	0.233666	-0.185031	0.306355	-0.983174	-0.026164
0.940000	1.602711	0.228382	-0.182867	0.306849	-0.981489	-0.026847
0.960000	1.455325	0.219605	-0.180591	0.307139	-0.979634	-0.027463
0.980000	1.289165	0.208028	-0.178210	0.307239	-0.977653	-0.028011
1.000000	1.108664	0.194341	-0.175727	0.307165	-0.975586	-0.028494
1.020000	0.918255	0.179236	-0.173150	0.306930	-0.973476	-0.028910
1.040000	0.722373	0.163405	-0.170482	0.306551	-0.971365	-0.029261
1.060000	0.525449	0.147537	-0.167730	0.306042	-0.969295	-0.029548
1.080000	0.331918	0.132325	-0.164899	0.305418	-0.967306	-0.029771
1.100000	0.146212	0.118459	-0.161994	0.304694	-0.965442	-0.029930
1.120000	-0.027235	0.106632	-0.159021	0.303885	-0.963744	-0.030027
1.140000	-0.183990	0.097534	-0.155985	0.303005	-0.962254	-0.030061
1.160000	-0.319619	0.091856	-0.152891	0.302069	-0.961014	-0.030034
1.180000	-0.430548	0.090132	-0.149756	0.301093	-0.960057	-0.029945
1.200000	-0.517435	0.092115	-0.146643	0.300085	-0.959376	-0.029797
1.220000	-0.582246	0.097319	-0.143635	0.299055	-0.958948	-0.029591
1.240000	-0.626948	0.105257	-0.140810	0.298012	-0.958754	-0.029328
1.260000	-0.653508	0.115441	-0.138250	0.296965	-0.958772	-0.029009
1.280000	-0.663892	0.127385	-0.136035	0.295922	-0.958982	-0.028637
1.300000	-0.660065	0.140602	-0.134246	0.294893	-0.959361	-0.028212
1.320000	-0.643996	0.154606	-0.132963	0.293887	-0.959890	-0.027735
1.340000	-0.617649	0.168908	-0.132266	0.292913	-0.960547	-0.027209
1.360000	-0.582992	0.183022	-0.132236	0.291980	-0.961312	-0.026635
1.380000	-0.541991	0.196462	-0.132954	0.291096	-0.962163	-0.026013
1.400000	-0.496613	0.208739	-0.134500	0.290271	-0.963079	-0.025346
1.420000	-0.448823	0.219368	-0.136955	0.289514	-0.964040	-0.024635
1.440000	-0.400588	0.227862	-0.140399	0.288833	-0.965024	-0.023882
1.460000	-0.353875	0.233733	-0.144912	0.288238	-0.966011	-0.023087
1.480000	-0.310650	0.236494	-0.150575	0.287738	-0.966979	-0.022252
1.500000	-0.272750	0.235709	-0.157453	0.287341	-0.967908	-0.021379
1.520000	-0.240558	0.231503	-0.165434	0.287044	-0.968789	-0.020472
1.540000	-0.213540	0.224354	-0.174295	0.286839	-0.969617	-0.019537
1.560000	-0.191148	0.214746	-0.183810	0.286717	-0.970389	-0.018580
1.580000	-0.172836	0.203165	-0.193755	0.286670	-0.971100	-0.017607
1.600000	-0.158054	0.190093	-0.203905	0.286689	-0.971748	-0.016624
1.620000	-0.146256	0.176015	-0.214034	0.286765	-0.972328	-0.015637
1.640000	-0.136893	0.161417	-0.223919	0.286889	-0.972836	-0.014652
1.660000	-0.129418	0.146781	-0.233333	0.287052	-0.973269	-0.013675
1.680000	-0.123284	0.132592	-0.242052	0.287247	-0.973624	-0.012713
1.700000	-0.117941	0.119335	-0.249851	0.287464	-0.973895	-0.011770
1.720000	-0.112844	0.107494	-0.256505	0.287694	-0.974079	-0.010853
1.740000	-0.107443	0.097552	-0.261790	0.287929	-0.974174	-0.009969
1.760000	-0.101192	0.089995	-0.265479	0.288160	-0.974174	-0.009122
1.780000	-0.093542	0.085306	-0.267348	0.288378	-0.974076	-0.008319
1.800000	-0.083945	0.083971	-0.267173	0.288575	-0.973876	-0.007567
1.820000	-0.072008	0.086329	-0.264806	0.288742	-0.973574	-0.006867
1.840000	-0.057941	0.092155	-0.260416	0.288876	-0.973179	-0.006213
1.860000	-0.042108	0.101082	-0.254247	0.288973	-0.972705	-0.005594
1.880000	-0.024872	0.112743	-0.246544	0.289029	-0.972164	-0.004999
1.900000	-0.006595	0.126770	-0.237553	0.289042	-0.971569	-0.004418
1.920000	0.012359	0.142795	-0.227518	0.289009	-0.970933	-0.003840
1.940000	0.031629	0.160453	-0.216683	0.288924	-0.970269	-0.003254
1.960000	0.050850	0.179375	-0.205295	0.288786	-0.969590	-0.002651
1.980000	0.069661	0.199194	-0.193598	0.288591	-0.968908	-0.002019
2.000000	0.087699	0.219543	-0.181837	0.288335	-0.968237	-0.001347
2.020000	0.104600	0.240055	-0.170257	0.288016	-0.967590	-0.000627
2.040000	0.120001	0.260363	-0.159104	0.287629	-0.966979	0.000155
2.060000	0.133541	0.280099	-0.148621	0.287172	-0.966417	0.001007
2.080000	0.144856	0.298896	-0.139054	0.286640	-0.965918	0.001940
2.100000	0.153583	0.316386	-0.130648	0.286032	-0.965494	0.002965
2.120000	0.159359	0.332204	-0.123649	0.285343	-0.965157	0.004093
2.140000	0.161854	0.346006	-0.118268	0.284571	-0.964920	0.005331
2.160000	0.161016	0.357675	-0.114442	0.283728	-0.964772	0.006653
2.180000	0.156939	0.367209	-0.111961	0.282832	-0.964698	0.008022
2.200000	0.149716	0.374606	-0.110615	0.281902	-0.964678	0.009395
2.220000	0.139442	0.379866	-0.110194	0.280955	-0.964694	0.010732
2.240000	0.126212	0.382986	-0.110488	0.280010	-0.964728	0.011994
2.260000	0.110120	0.383966	-0.111286	0.279085	-0.964763	0.013140
2.280000	0.091260	0.382805	-0.112379	0.278198	-0.964779	0.014129
2.300000	0.069727	0.379500	-0.113556	0.277367	-0.964760	0.014922
2.320000	0.045616	0.374052	-0.114608	0.276612	-0.964686	0.015477
2.340000	0.019020	0.366458	-0.115324	0.275949	-0.964540	0.015755
2.360000	-0.009966	0.356717	-0.115494	0.275398	-0.964304	0.015716
2.380000	-0.041247	0.344829	-0.114907	0.274976	-0.963959	0.015318
2.400000	-0.074730	0.330791	-0.113354	0.274702	-0.963488	0.014522
2.420000	-0.110319	0.314603	-0.110625	0.274594	-0.962872	0.013287
2.440000	-0.147920	0.296263	-0.106510	0.274671	-0.962094	0.011573
2.460000	-0.187373	0.275991	-0.100890	0.274941	-0.961143	0.009364
2.480000	-0.228301	0.254716	-0.093948	0.275386	-0.960039	0.006723
2.500000	-0.270288	0.233507	-0.085922	0.275983	-0.958805	0.003729
2.520000	-0.312917	0.213433	-0.077053	0.276707	-0.957464	0.000459
2.540000	-0.355769	0.195563	-0.067581	0.277535	-0.956041	-0.003008
2.560000	-0.398427	0.180967	-0.057745	0.278441	-0.954560	-0.006594
2.580000	-0.440474	0.170714	-0.047786	0.279403	-0.953043	-0.010220
2.600000	-0.481492	0.165873	-0.037943	0.280395	-0.951516	-0.013807
2.620000	-0.521064	0.167514	-0.028456	0.281395	-0.950002	-0.017279
2.640000	-0.558772	0.176706	-0.019566	0.282378	-0.948525	-0.020555
2.660000	-0.594199	0.194517	-0.011512	0.283320	-0.947108	-0.023558
