0.000000	-0.555573	0.099017	-0.189501	0.300507	-0.961312	0.018645
0.020000	-0.571042	0.115023	-0.187458	0.301638	-0.960646	0.017024
0.040000	-0.587923	0.128678	-0.186893	0.302808	-0.960218	0.015297
0.060000	-0.605741	0.139983	-0.187632	0.303999	-0.960003	0.013486
0.080000	-0.624025	0.148936	-0.189501	0.305195	-0.959973	0.011613
0.100000	-0.642301	0.155538	-0.192327	0.306377	-0.960101	0.009701
0.120000	-0.660094	0.159790	-0.195936	0.307527	-0.960359	0.007772
0.140000	-0.676933	0.161690	-0.200155	0.308629	-0.960720	0.005850
0.160000	-0.692342	0.161239	-0.204809	0.309665	-0.961157	0.003957
0.180000	-0.705850	0.158437	-0.209725	0.310616	-0.961642	0.002114
0.200000	-0.716983	0.153284	-0.214729	0.311465	-0.962149	0.000346
0.220000	-0.725266	0.145780	-0.219648	0.312196	-0.962650	-0.001326
0.240000	-0.730227	0.135924	-0.224307	0.312789	-0.963118	-0.002879
0.260000	-0.731393	0.123716	-0.228534	0.313228	-0.963525	-0.004290
0.280000	-0.728289	0.109157	-0.232154	0.313494	-0.963844	-0.005538
0.300000	-0.720443	0.092247	-0.234994	0.313571	-0.964049	-0.006598
0.320000	-0.707382	0.072985	-0.236880	0.313440	-0.964111	-0.007450
0.340000	-0.688949	0.051493	-0.237707	0.313096	-0.964015	-0.008081
0.360000	-0.665761	0.028188	-0.237533	0.312561	-0.963775	-0.008507
0.380000	-0.638554	0.003534	-0.236444	0.311862	-0.963408	-0.008751
0.400000	-0.608062	-0.022008	-0.234524	0.311026	-0.962932	-0.008831
0.420000	-0.575020	-0.047974	-0.231858	0.310081	-0.962364	-0.008769
0.440000	-0.540164	-0.073901	-0.228532	0.309052	-0.961722	-0.008586
0.460000	-0.504227	-0.099329	-0.224628	0.307967	-0.961024	-0.008301
0.480000	-0.467945	-0.123792	-0.220233	0.306853	-0.960288	-0.007936
0.500000	-0.432053	-0.146830	-0.215431	0.305737	-0.959530	-0.007511
0.520000	-0.397286	-0.167979	-0.210306	0.304646	-0.958769	-0.007047
0.540000	-0.364378	-0.186777	-0.204944	0.303606	-0.958023	-0.006564
0.560000	-0.334064	-0.202761	-0.199429	0.302645	-0.957308	-0.006084
0.580000	-0.307080	-0.215468	-0.193846	0.301789	-0.956643	-0.005626
0.600000	-0.284160	-0.224436	-0.188280	0.301066	-0.956045	-0.005211
0.620000	-0.266038	-0.229202	-0.182815	0.300502	-0.955532	-0.004860
0.640000	-0.253195	-0.229469	-0.177526	0.300115	-0.955118	-0.004590
0.660000	-0.245290	-0.225473	-0.172453	0.299891	-0.954802	-0.004410
0.680000	-0.241817	-0.217555	-0.167631	0.299809	-0.954581	-0.004324
0.700000	-0.242269	-0.206059	-0.163094	0.299850	-0.954452	-0.004340
0.720000	-0.246140	-0.191327	-0.158877	0.299994	-0.954414	-0.004461
0.740000	-0.252925	-0.173702	-0.155014	0.300221	-0.954462	-0.004695
0.760000	-0.262116	-0.153526	-0.151538	0.300510	-0.954594	-0.005047
0.780000	-0.273209	-0.131142	-0.148484	0.300842	-0.954807	-0.005523
0.800000	-0.285696	-0.106892	-0.145887	0.301196	-0.955099	-0.006128
0.820000	-0.299071	-0.081119	-0.143781	0.301553	-0.955467	-0.006868
0.840000	-0.312830	-0.054166	-0.142199	0.301891	-0.955907	-0.007750
0.860000	-0.326465	-0.026374	-0.141177	0.302193	-0.956417	-0.008779
0.880000	-0.339470	0.001913	-0.140748	0.302436	-0.956994	-0.009960
0.900000	-0.351339	0.030353	-0.140947	0.302602	-0.957635	-0.011299
0.920000	-0.361566	0.058603	-0.141807	0.302670	-0.958338	-0.012803
0.940000	-0.369645	0.086321	-0.143364	0.302620	-0.959099	-0.014476
0.960000	-0.375071	0.113165	-0.145651	0.302432	-0.959916	-0.016326
0.980000	-0.377564	0.138865	-0.148667	0.302102	-0.960780	-0.018344
1.000000	-0.377290	0.163298	-0.152342	0.301655	-0.961670	-0.020499
1.020000	-0.374469	0.186359	-0.156598	0.301123	-0.962563	-0.022757
1.040000	-0.369322	0.207941	-0.161355	0.300535	-0.963438	-0.025082
1.060000	-0.362069	0.227939	-0.166536	0.299920	-0.964272	-0.027441
1.080000	-0.352931	0.246247	-0.172060	0.299310	-0.965043	-0.029798
1.100000	-0.342129	0.262758	-0.177851	0.298733	-0.965728	-0.032119
1.120000	-0.329881	0.277368	-0.183828	0.298221	-0.966306	-0.034369
1.140000	-0.316410	0.289969	-0.189914	0.297802	-0.966753	-0.036513
1.160000	-0.301935	0.300457	-0.196029	0.297508	-0.967049	-0.038517
1.180000	-0.286677	0.308726	-0.202096	0.297368	-0.967170	-0.040346
1.200000	-0.270857	0.314669	-0.208034	0.297412	-0.967093	-0.041965
1.220000	-0.254694	0.318181	-0.213767	0.297670	-0.966798	-0.043339
1.240000	-0.238409	0.319155	-0.219214	0.298172	-0.966262	-0.044435
1.260000	-0.222222	0.317487	-0.224297	0.298949	-0.965461	-0.045217
1.280000	-0.206355	0.313070	-0.228938	0.300029	-0.964375	-0.045650
1.300000	-0.191031	0.305875	-0.233049	0.301430	-0.962993	-0.045712
1.320000	-0.176497	0.296193	-0.236509	0.303110	-0.961355	-0.045423
1.340000	-0.163002	0.284401	-0.239185	0.305012	-0.959515	-0.044820
1.360000	-0.150798	0.270875	-0.240946	0.307078	-0.957529	-0.043935
1.380000	-0.140134	0.255991	-0.241661	0.309254	-0.955448	-0.042805
1.400000	-0.131261	0.240125	-0.241197	0.311481	-0.953328	-0.041463
1.420000	-0.124429	0.223653	-0.239424	0.313703	-0.951223	-0.039945
1.440000	-0.119888	0.206951	-0.236210	0.315863	-0.949186	-0.038283
1.460000	-0.117890	0.190396	-0.231422	0.317904	-0.947272	-0.036514
1.480000	-0.118684	0.174362	-0.224931	0.319770	-0.945534	-0.034672
1.500000	-0.122521	0.159227	-0.216603	0.321403	-0.944027	-0.032790
1.520000	-0.129650	0.145366	-0.206308	0.322747	-0.942804	-0.030905
1.540000	-0.140324	0.133155	-0.193914	0.323746	-0.941919	-0.029049
1.560000	-0.154791	0.122971	-0.179289	0.324342	-0.941427	-0.027259
1.580000	-0.173303	0.115190	-0.162303	0.324478	-0.941382	-0.025567
1.600000	-0.195963	0.110143	-0.142911	0.324113	-0.941823	-0.024005
1.620000	-0.222064	0.107918	-0.121571	0.323283	-0.942711	-0.022575
1.640000	-0.250617	0.108520	-0.098907	0.322055	-0.943981	-0.021270
1.660000	-0.280634	0.111950	-0.075547	0.320494	-0.945566	-0.020084
1.680000	-0.311127	0.118212	-0.052118	0.318665	-0.947400	-0.019010
1.700000	-0.341105	0.127309	-0.029247	0.316634	-0.949418	-0.018043
1.720000	-0.369582	0.139246	-0.007559	0.314466	-0.951553	-0.017175
1.740000	-0.395568	0.154024	0.012318	0.312227	-0.953739	-0.016401
1.760000	-0.418074	0.171648	0.029757	0.309982	-0.955910	-0.015713
1.780000	-0.436113	0.192119	0.044133	0.307796	-0.958000	-0.015105
1.800000	-0.448695	0.215443	0.054817	0.305736	-0.959943	-0.014571
1.820000	-0.454832	0.241622	0.061184	0.303866	-0.961672	-0.014104
1.840000	-0.453535	0.270659	0.062606	0.302252	-0.963123	-0.013698
1.860000	-0.443816	0.302557	0.058457	0.300959	-0.964229	-0.013347
1.880000	-0.424686	0.337320	0.048111	0.300054	-0.964923	-0.013043
1.900000	-0.395156	0.374951	0.030940	0.299600	-0.965140	-0.012781
1.920000	-0.354409	0.415326	0.006436	0.299658	-0.964820	-0.012555
1.940000	-0.303838	0.456673	-0.024365	0.300192	-0.963992	-0.012359
1.960000	-0.246382	0.496068	-0.059352	0.301105	-0.962744	-0.012193
1.980000	-0.185009	0.530567	-0.096394	0.302296	-0.961167	-0.012053
2.000000	-0.122689	0.557221	-0.133356	0.303667	-0.959351	-0.011939
2.020000	-0.062391	0.573087	-0.168107	0.305117	-0.957386	-0.011848
2.040000	-0.007084	0.575216	-0.198512	0.306547	-0.955362	-0.011777
2.060000	0.040263	0.560664	-0.222440	0.307858	-0.953370	-0.011726
2.080000	0.076680	0.526483	-0.237757	0.308949	-0.951501	-0.011690
2.100000	0.099198	0.469729	-0.242331	0.309721	-0.949843	-0.011670
2.120000	0.104848	0.387453	-0.234028	0.310075	-0.948488	-0.011661
2.140000	0.090661	0.276711	-0.210717	0.309910	-0.947525	-0.011663
2.160000	0.053667	0.134557	-0.170263	0.309127	-0.947046	-0.011673
2.180000	-0.009102	-0.041957	-0.110534	0.307627	-0.947139	-0.011689
2.200000	-0.100616	-0.255776	-0.029397	0.305310	-0.947897	-0.011709
2.220000	-0.223607	-0.509550	0.075113	0.302081	-0.949403	-0.011730
2.240000	-0.376339	-0.800341	0.201812	0.297947	-0.951649	-0.011744
2.260000	-0.553092	-1.120232	0.346706	0.293004	-0.954545	-0.011733
2.280000	-0.748008	-1.461133	0.505704	0.287351	-0.957994	-0.011683
2.300000	-0.955230	-1.814952	0.674715	0.281088	-0.961904	-0.011577
2.320000	-1.168900	-2.173598	0.849648	0.274313	-0.966179	-0.011398
2.340000	-1.383159	-2.528980	1.026412	0.267126	-0.970725	-0.011132
2.360000	-1.592149	-2.873009	1.200915	0.259626	-0.975448	-0.010763
2.380000	-1.790013	-3.197592	1.369066	0.251912	-0.980252	-0.010273
2.400000	-1.970893	-3.494638	1.526775	0.244084	-0.985043	-0.009647
2.420000	-2.128930	-3.756058	1.669949	0.236241	-0.989727	-0.008870
2.440000	-2.258266	-3.973759	1.794499	0.228481	-0.994210	-0.007924
2.460000	-2.353044	-4.139651	1.896332	0.220904	-0.998396	-0.006795
2.480000	-2.407406	-4.245643	1.971357	0.213610	-1.002191	-0.005466
2.500000	-2.415492	-4.283644	2.015484	0.206697	-1.005501	-0.003920
2.520000	-2.371447	-4.245563	2.024621	0.200264	-1.008231	-0.002143
2.540000	-2.269471	-4.123379	1.994708	0.194412	-1.010288	-0.000118
2.560000	-2.108883	-3.914868	1.924301	0.189214	-1.011606	0.002149
2.580000	-1.897895	-3.627898	1.816507	0.184706	-1.012178	0.004616
2.600000	-1.645613	-3.271350	1.674890	0.180918	-1.011997	0.007239
2.620000	-1.361145	-2.854103	1.503015	0.177881	-1.011059	0.009971
2.640000	-1.053597	-2.385036	1.304444	0.175625	-1.009359	0.012766
2.660000	-0.732073	-1.873029	1.082741	0.174181	-1.006893	0.015579
2.680000	-0.405681	-1.326962	0.841470	0.173579	-1.003656	0.018365
2.700000	-0.083526	-0.755715	0.584195	0.173849	-0.999644	0.021078
2.720000	0.225286	-0.168167	0.314480	0.175023	-0.994851	0.023671
2.740000	0.511647	0.426802	0.035888	0.177131	-0.989273	0.026101
2.760000	0.766453	1.020313	-0.248016	0.180203	-0.982905	0.028320
2.780000	0.980597	1.603485	-0.533670	0.184270	-0.975742	0.030283
2.800000	1.144973	2.167440	-0.817509	0.189362	-0.967781	0.031946
2.820000	1.250476	2.703297	-1.095970	0.195510	-0.959015	0.033261
2.840000	1.287998	3.202178	-1.365489	0.202744	-0.949441	0.034184
2.860000	1.249148	3.655528	-1.622593	0.211089	-0.939063	0.034672
2.880000	1.135556	4.059381	-1.865075	0.220490	-0.928029	0.034731
2.900000	0.956226	4.413142	-2.091662	0.230831	-0.916588	0.034403
2.920000	0.720336	4.716298	-2.301104	0.241995	-0.904992	0.033729
2.940000	0.437064	4.968334	-2.492149	0.253866	-0.893495	0.032752
