0.000000	-0.696292	-0.171032	-0.032813	0.301517	-0.954333	0.015760
0.020000	-0.764688	-0.151308	-0.033317	0.301934	-0.954694	0.014544
0.040000	-0.822128	-0.130067	-0.036395	0.302045	-0.954990	0.013204
0.060000	-0.866916	-0.107579	-0.042250	0.301811	-0.955210	0.011750
0.080000	-0.898921	-0.084205	-0.050762	0.301244	-0.955355	0.010194
0.100000	-0.919093	-0.060366	-0.061589	0.300386	-0.955441	0.008551
0.120000	-0.928402	-0.036485	-0.074383	0.299284	-0.955479	0.006834
0.140000	-0.927819	-0.012985	-0.088798	0.297981	-0.955483	0.005057
0.160000	-0.918314	0.009713	-0.104486	0.296521	-0.955468	0.003234
0.180000	-0.900857	0.031184	-0.121101	0.294951	-0.955446	0.001379
0.200000	-0.876419	0.051007	-0.138294	0.293313	-0.955430	-0.000495
0.220000	-0.845970	0.068758	-0.155720	0.291653	-0.955434	-0.002374
0.240000	-0.810482	0.084016	-0.173032	0.290014	-0.955471	-0.004244
0.260000	-0.770923	0.096357	-0.189882	0.288443	-0.955555	-0.006090
0.280000	-0.728265	0.105359	-0.205923	0.286983	-0.955698	-0.007900
0.300000	-0.683478	0.110599	-0.220808	0.285678	-0.955916	-0.009660
0.320000	-0.637532	0.111655	-0.234191	0.284574	-0.956219	-0.011355
0.340000	-0.591399	0.108103	-0.245723	0.283715	-0.956623	-0.012973
0.360000	-0.546047	0.099521	-0.255059	0.283146	-0.957141	-0.014498
0.380000	-0.502441	0.085498	-0.261858	0.282909	-0.957785	-0.015918
0.400000	-0.461222	0.066082	-0.266028	0.283016	-0.958558	-0.017227
0.420000	-0.422605	0.041937	-0.267817	0.283432	-0.959447	-0.018431
0.440000	-0.386772	0.013773	-0.267494	0.284118	-0.960439	-0.019534
0.460000	-0.353907	-0.017702	-0.265330	0.285036	-0.961520	-0.020544
0.480000	-0.324192	-0.051778	-0.261595	0.286148	-0.962677	-0.021467
0.500000	-0.297812	-0.087748	-0.256559	0.287417	-0.963896	-0.022308
0.520000	-0.274950	-0.124904	-0.250492	0.288803	-0.965164	-0.023074
0.540000	-0.255788	-0.162535	-0.243664	0.290270	-0.966467	-0.023770
0.560000	-0.240510	-0.199934	-0.236346	0.291779	-0.967791	-0.024403
0.580000	-0.229300	-0.236392	-0.228806	0.293291	-0.969124	-0.024979
0.600000	-0.222340	-0.271200	-0.221316	0.294769	-0.970451	-0.025503
0.620000	-0.219814	-0.303650	-0.214146	0.296175	-0.971759	-0.025982
0.640000	-0.221905	-0.333034	-0.207565	0.297470	-0.973035	-0.026422
0.660000	-0.228796	-0.358641	-0.201844	0.298617	-0.974265	-0.026829
0.680000	-0.240667	-0.379769	-0.197252	0.299578	-0.975436	-0.027209
0.700000	-0.257395	-0.396022	-0.193926	0.300335	-0.976537	-0.027568
0.720000	-0.278336	-0.407541	-0.191785	0.300905	-0.977565	-0.027914
0.740000	-0.302795	-0.414519	-0.190723	0.301310	-0.978516	-0.028252
0.760000	-0.330077	-0.417149	-0.190635	0.301569	-0.979387	-0.028590
0.780000	-0.359487	-0.415622	-0.191417	0.301704	-0.980176	-0.028935
0.800000	-0.390332	-0.410133	-0.192962	0.301735	-0.980877	-0.029293
0.820000	-0.421914	-0.400874	-0.195166	0.301683	-0.981489	-0.029672
0.840000	-0.453540	-0.388038	-0.197925	0.301569	-0.982008	-0.030079
0.860000	-0.484516	-0.371817	-0.201132	0.301414	-0.982431	-0.030519
0.880000	-0.514144	-0.352405	-0.204683	0.301237	-0.982754	-0.031001
0.900000	-0.541732	-0.329994	-0.208472	0.301061	-0.982974	-0.031530
0.920000	-0.566584	-0.304778	-0.212396	0.300905	-0.983088	-0.032114
0.940000	-0.588005	-0.276948	-0.216348	0.300791	-0.983092	-0.032760
0.960000	-0.605301	-0.246698	-0.220223	0.300738	-0.982983	-0.033475
0.980000	-0.617775	-0.214221	-0.223917	0.300769	-0.982758	-0.034265
1.000000	-0.624734	-0.179709	-0.227325	0.300903	-0.982414	-0.035137
1.020000	-0.625503	-0.143358	-0.230342	0.301160	-0.981948	-0.036098
1.040000	-0.619963	-0.105439	-0.232900	0.301544	-0.981362	-0.037139
1.060000	-0.608614	-0.066306	-0.234968	0.302034	-0.980670	-0.038237
1.080000	-0.591988	-0.026319	-0.236519	0.302612	-0.979882	-0.039366
1.100000	-0.570617	0.014165	-0.237525	0.303258	-0.979011	-0.040501
1.120000	-0.545032	0.054786	-0.237957	0.303954	-0.978068	-0.041617
1.140000	-0.515765	0.095185	-0.237787	0.304679	-0.977065	-0.042689
1.160000	-0.483349	0.135004	-0.236987	0.305415	-0.976015	-0.043692
1.180000	-0.448314	0.173884	-0.235529	0.306141	-0.974929	-0.044601
1.200000	-0.411193	0.211466	-0.233385	0.306839	-0.973818	-0.045391
1.220000	-0.372517	0.247391	-0.230527	0.307489	-0.972695	-0.046036
1.240000	-0.332819	0.281301	-0.226926	0.308073	-0.971571	-0.046512
1.260000	-0.292629	0.312836	-0.222555	0.308569	-0.970459	-0.046794
1.280000	-0.252480	0.341638	-0.217385	0.308960	-0.969371	-0.046856
1.300000	-0.212904	0.367349	-0.211389	0.309225	-0.968317	-0.046674
1.320000	-0.174433	0.389608	-0.204538	0.309346	-0.967310	-0.046222
1.340000	-0.137596	0.408059	-0.196804	0.309303	-0.966363	-0.045475
1.360000	-0.102786	0.422519	-0.188216	0.309088	-0.965482	-0.044427
1.380000	-0.070082	0.433191	-0.178923	0.308721	-0.964667	-0.043113
1.400000	-0.039524	0.440332	-0.169091	0.308222	-0.963918	-0.041571
1.420000	-0.011153	0.444194	-0.158889	0.307613	-0.963232	-0.039842
1.440000	0.014992	0.445033	-0.148480	0.306917	-0.962609	-0.037964
1.460000	0.038869	0.443103	-0.138033	0.306155	-0.962047	-0.035978
1.480000	0.060440	0.438660	-0.127713	0.305349	-0.961544	-0.033923
1.500000	0.079665	0.431956	-0.117687	0.304521	-0.961099	-0.031838
1.520000	0.096503	0.423248	-0.108121	0.303692	-0.960711	-0.029763
1.540000	0.110914	0.412790	-0.099181	0.302884	-0.960378	-0.027738
1.560000	0.122858	0.400836	-0.091034	0.302120	-0.960099	-0.025803
1.580000	0.132295	0.387642	-0.083847	0.301420	-0.959872	-0.023996
1.600000	0.139186	0.373461	-0.077785	0.300807	-0.959697	-0.022357
1.620000	0.143489	0.358548	-0.073014	0.300303	-0.959571	-0.020927
1.640000	0.145166	0.343158	-0.069703	0.299929	-0.959493	-0.019744
1.660000	0.144184	0.327545	-0.068008	0.299706	-0.959462	-0.018846
1.680000	0.140675	0.311932	-0.067935	0.299636	-0.959473	-0.018231
1.700000	0.134919	0.296522	-0.069350	0.299707	-0.959521	-0.017860
1.720000	0.127202	0.281512	-0.072112	0.299902	-0.959598	-0.017695
1.740000	0.117810	0.267103	-0.076080	0.300207	-0.959698	-0.017695
1.760000	0.107031	0.253492	-0.081115	0.300606	-0.959815	-0.017820
1.780000	0.095149	0.240879	-0.087075	0.301087	-0.959942	-0.018031
1.800000	0.082452	0.229463	-0.093821	0.301632	-0.960073	-0.018287
1.820000	0.069225	0.219444	-0.101211	0.302228	-0.960200	-0.018550
1.840000	0.055755	0.211019	-0.109107	0.302860	-0.960318	-0.018780
1.860000	0.042328	0.204389	-0.117367	0.303513	-0.960421	-0.018936
1.880000	0.029230	0.199753	-0.125851	0.304171	-0.960500	-0.018979
1.900000	0.016747	0.197309	-0.134418	0.304821	-0.960551	-0.018870
1.920000	0.005165	0.197256	-0.142929	0.305448	-0.960566	-0.018568
1.940000	-0.005228	0.199795	-0.151243	0.306036	-0.960539	-0.018033
1.960000	-0.014148	0.205123	-0.159219	0.306571	-0.960464	-0.017227
1.980000	-0.021365	0.213367	-0.166729	0.307039	-0.960335	-0.016118
2.000000	-0.027006	0.224210	-0.173717	0.307439	-0.960158	-0.014724
2.020000	-0.031332	0.237167	-0.180151	0.307773	-0.959941	-0.013085
2.040000	-0.034604	0.251751	-0.186004	0.308043	-0.959693	-0.011239
2.060000	-0.037083	0.267476	-0.191246	0.308250	-0.959423	-0.009225
2.080000	-0.039030	0.283857	-0.195846	0.308398	-0.959139	-0.007082
2.100000	-0.040705	0.300407	-0.199776	0.308487	-0.958850	-0.004847
2.120000	-0.042370	0.316641	-0.203005	0.308521	-0.958565	-0.002560
2.140000	-0.044286	0.332073	-0.205505	0.308501	-0.958293	-0.000259
2.160000	-0.046714	0.346216	-0.207246	0.308429	-0.958042	0.002017
2.180000	-0.049914	0.358584	-0.208198	0.308307	-0.957822	0.004229
2.200000	-0.054148	0.368693	-0.208332	0.308138	-0.957639	0.006339
2.220000	-0.059677	0.376055	-0.207618	0.307924	-0.957505	0.008309
2.240000	-0.066762	0.380185	-0.206026	0.307666	-0.957427	0.010099
2.260000	-0.075663	0.380597	-0.203528	0.307367	-0.957413	0.011672
2.280000	-0.086642	0.376805	-0.200093	0.307029	-0.957474	0.012988
2.300000	-0.099940	0.368357	-0.195695	0.306653	-0.957615	0.014011
2.320000	-0.115508	0.355295	-0.190361	0.306244	-0.957831	0.014740
2.340000	-0.133077	0.338035	-0.184156	0.305806	-0.958100	0.015201
2.360000	-0.152372	0.317006	-0.177145	0.305342	-0.958404	0.015421
2.380000	-0.173120	0.292633	-0.169394	0.304857	-0.958723	0.015426
2.400000	-0.195044	0.265342	-0.160970	0.304355	-0.959037	0.015241
2.420000	-0.217871	0.235562	-0.151938	0.303841	-0.959327	0.014895
2.440000	-0.241327	0.203717	-0.142365	0.303318	-0.959572	0.014412
2.460000	-0.265136	0.170235	-0.132317	0.302792	-0.959754	0.013820
2.480000	-0.289025	0.135542	-0.121860	0.302265	-0.959852	0.013145
2.500000	-0.312718	0.100065	-0.111059	0.301743	-0.959847	0.012413
2.520000	-0.335941	0.064231	-0.099981	0.301229	-0.959719	0.011651
2.540000	-0.358420	0.028466	-0.088692	0.300728	-0.959448	0.010885
2.560000	-0.379880	-0.006804	-0.077258	0.300245	-0.959015	0.010142
2.580000	-0.400047	-0.041151	-0.065744	0.299782	-0.958400	0.009447
