0.000000	-0.523908	-0.297604	-0.208528	0.294831	-0.965936	0.007123
0.020000	-0.526053	-0.291291	-0.206137	0.293409	-0.965875	0.005322
0.040000	-0.525435	-0.277456	-0.202593	0.291901	-0.965748	0.003439
0.060000	-0.522357	-0.256963	-0.198123	0.290340	-0.965567	0.001495
0.080000	-0.517120	-0.230675	-0.192954	0.288760	-0.965343	-0.000488
0.100000	-0.510026	-0.199456	-0.187311	0.287194	-0.965089	-0.002487
0.120000	-0.501377	-0.164171	-0.181421	0.285677	-0.964816	-0.004482
0.140000	-0.491475	-0.125682	-0.175510	0.284241	-0.964535	-0.006449
0.160000	-0.480621	-0.084853	-0.169805	0.282921	-0.964259	-0.008366
0.180000	-0.469117	-0.042548	-0.164531	0.281749	-0.963999	-0.010213
0.200000	-0.457266	0.000369	-0.159916	0.280761	-0.963766	-0.011966
0.220000	-0.445369	0.043035	-0.156185	0.279989	-0.963573	-0.013603
0.240000	-0.433727	0.084586	-0.153564	0.279467	-0.963431	-0.015103
0.260000	-0.422638	0.124169	-0.152275	0.279227	-0.963352	-0.016444
0.280000	-0.412260	0.161242	-0.152375	0.279273	-0.963338	-0.017617
0.300000	-0.402591	0.195624	-0.153730	0.279573	-0.963384	-0.018625
0.320000	-0.393619	0.227156	-0.156198	0.280094	-0.963482	-0.019475
0.340000	-0.385333	0.255677	-0.159635	0.280802	-0.963626	-0.020171
0.360000	-0.377721	0.281026	-0.163897	0.281664	-0.963809	-0.020718
0.380000	-0.370771	0.303043	-0.168843	0.282647	-0.964024	-0.021123
0.400000	-0.364472	0.321567	-0.174327	0.283716	-0.964264	-0.021390
0.420000	-0.358813	0.336439	-0.180207	0.284840	-0.964522	-0.021525
0.440000	-0.353782	0.347497	-0.186339	0.285984	-0.964792	-0.021532
0.460000	-0.349368	0.354581	-0.192581	0.287114	-0.965067	-0.021418
0.480000	-0.345559	0.357531	-0.198789	0.288199	-0.965339	-0.021187
0.500000	-0.342344	0.356186	-0.204819	0.289203	-0.965602	-0.020845
0.520000	-0.339711	0.350386	-0.210529	0.290094	-0.965849	-0.020397
0.540000	-0.337648	0.339970	-0.215774	0.290839	-0.966074	-0.019848
0.560000	-0.336145	0.324779	-0.220412	0.291403	-0.966269	-0.019203
0.580000	-0.335186	0.304711	-0.224315	0.291759	-0.966428	-0.018470
0.600000	-0.334730	0.280166	-0.227475	0.291911	-0.966555	-0.017664
0.620000	-0.334722	0.251781	-0.229944	0.291882	-0.966654	-0.016806
0.640000	-0.335108	0.220198	-0.231776	0.291695	-0.966733	-0.015918
0.660000	-0.335833	0.186057	-0.233023	0.291372	-0.966797	-0.015020
0.680000	-0.336843	0.149997	-0.233737	0.290936	-0.966854	-0.014134
0.700000	-0.338083	0.112660	-0.233971	0.290410	-0.966908	-0.013281
0.720000	-0.339498	0.074686	-0.233777	0.289816	-0.966967	-0.012481
0.740000	-0.341034	0.036715	-0.233209	0.289177	-0.967036	-0.011756
0.760000	-0.342637	-0.000612	-0.232319	0.288516	-0.967122	-0.011128
0.780000	-0.344251	-0.036655	-0.231158	0.287855	-0.967231	-0.010616
0.800000	-0.345822	-0.070773	-0.229781	0.287216	-0.967370	-0.010242
0.820000	-0.347295	-0.102326	-0.228239	0.286624	-0.967545	-0.010027
0.840000	-0.348617	-0.130675	-0.226585	0.286100	-0.967761	-0.009993
0.860000	-0.349732	-0.155177	-0.224872	0.285666	-0.968025	-0.010160
0.880000	-0.350585	-0.175193	-0.223152	0.285346	-0.968344	-0.010549
0.900000	-0.351123	-0.190082	-0.221478	0.285163	-0.968724	-0.011182
0.920000	-0.351301	-0.199324	-0.219892	0.285132	-0.969167	-0.012070
0.940000	-0.351129	-0.202976	-0.218392	0.285246	-0.969665	-0.013184
0.960000	-0.350633	-0.201269	-0.216960	0.285485	-0.970201	-0.014479
0.980000	-0.349837	-0.194437	-0.215580	0.285832	-0.970762	-0.015912
1.000000	-0.348767	-0.182712	-0.214232	0.286270	-0.971334	-0.017440
1.020000	-0.347450	-0.166325	-0.212901	0.286780	-0.971900	-0.019019
1.040000	-0.345909	-0.145509	-0.211569	0.287344	-0.972448	-0.020605
1.060000	-0.344172	-0.120496	-0.210218	0.287946	-0.972962	-0.022155
1.080000	-0.342262	-0.091519	-0.208832	0.288567	-0.973428	-0.023626
1.100000	-0.340206	-0.058810	-0.207393	0.289189	-0.973831	-0.024973
1.120000	-0.338029	-0.022600	-0.205883	0.289795	-0.974157	-0.026154
1.140000	-0.335757	0.016878	-0.204286	0.290367	-0.974392	-0.027125
1.160000	-0.333414	0.059391	-0.202583	0.290887	-0.974520	-0.027842
1.180000	-0.331027	0.104708	-0.200759	0.291338	-0.974527	-0.028262
1.200000	-0.328621	0.152596	-0.198794	0.291700	-0.974399	-0.028342
1.220000	-0.326227	0.202694	-0.196675	0.291961	-0.974123	-0.028046
1.240000	-0.323915	0.253815	-0.194397	0.292126	-0.973710	-0.027399
1.260000	-0.321769	0.304444	-0.191963	0.292209	-0.973175	-0.026448
1.280000	-0.319875	0.353064	-0.189375	0.292224	-0.972534	-0.025240
1.300000	-0.318317	0.398158	-0.186633	0.292187	-0.971804	-0.023824
1.320000	-0.317179	0.438211	-0.183739	0.292110	-0.971002	-0.022245
1.340000	-0.316547	0.471706	-0.180696	0.292008	-0.970144	-0.020552
1.360000	-0.316505	0.497128	-0.177505	0.291895	-0.969247	-0.018791
1.380000	-0.317138	0.512959	-0.174167	0.291786	-0.968327	-0.017010
1.400000	-0.318531	0.517684	-0.170685	0.291695	-0.967400	-0.015257
1.420000	-0.320768	0.509786	-0.167059	0.291636	-0.966483	-0.013578
1.440000	-0.323934	0.487750	-0.163293	0.291623	-0.965593	-0.012021
1.460000	-0.328115	0.450058	-0.159387	0.291670	-0.964745	-0.010633
1.480000	-0.333393	0.395195	-0.155343	0.291793	-0.963957	-0.009461
1.500000	-0.339855	0.321644	-0.151162	0.292004	-0.963246	-0.008553
1.520000	-0.347585	0.227889	-0.146848	0.292318	-0.962626	-0.007956
1.540000	-0.356656	0.112593	-0.142401	0.292749	-0.962114	-0.007715
1.560000	-0.366939	-0.022791	-0.137840	0.293291	-0.961710	-0.007818
1.580000	-0.378150	-0.174598	-0.133193	0.293926	-0.961399	-0.008216
1.600000	-0.390002	-0.339105	-0.128489	0.294636	-0.961167	-0.008856
1.620000	-0.402204	-0.512589	-0.123758	0.295400	-0.961002	-0.009684
1.640000	-0.414468	-0.691327	-0.119028	0.296201	-0.960887	-0.010649
1.660000	-0.426506	-0.871595	-0.114329	0.297018	-0.960811	-0.011698
1.680000	-0.438027	-1.049669	-0.109690	0.297834	-0.960759	-0.012779
1.700000	-0.448745	-1.221826	-0.105140	0.298629	-0.960716	-0.013838
1.720000	-0.458369	-1.384343	-0.100708	0.299385	-0.960670	-0.014823
1.740000	-0.466611	-1.533496	-0.096423	0.300081	-0.960605	-0.015681
1.760000	-0.473182	-1.665562	-0.092315	0.300700	-0.960509	-0.016361
1.780000	-0.477793	-1.776817	-0.088412	0.301222	-0.960366	-0.016810
1.800000	-0.480156	-1.863538	-0.084743	0.301628	-0.960164	-0.016974
1.820000	-0.479981	-1.922000	-0.081339	0.301900	-0.959889	-0.016801
1.840000	-0.476981	-1.948482	-0.078227	0.302018	-0.959525	-0.016239
1.860000	-0.470871	-1.939308	-0.075437	0.301963	-0.959061	-0.015236
1.880000	-0.461738	-1.893725	-0.072968	0.301733	-0.958496	-0.013783
1.900000	-0.450231	-1.815477	-0.070774	0.301347	-0.957855	-0.011937
1.920000	-0.437050	-1.708693	-0.068808	0.300827	-0.957165	-0.009761
1.940000	-0.422894	-1.577500	-0.067019	0.300195	-0.956451	-0.007317
1.960000	-0.408462	-1.426027	-0.065358	0.299473	-0.955741	-0.004668
1.980000	-0.394453	-1.258402	-0.063777	0.298684	-0.955059	-0.001877
2.000000	-0.381566	-1.078753	-0.062226	0.297848	-0.954433	0.000994
2.020000	-0.370501	-0.891209	-0.060657	0.296989	-0.953888	0.003882
2.040000	-0.361956	-0.699898	-0.059019	0.296127	-0.953450	0.006724
2.060000	-0.356630	-0.508949	-0.057265	0.295286	-0.953147	0.009458
2.080000	-0.355223	-0.322488	-0.055344	0.294486	-0.953004	0.012020
2.100000	-0.358433	-0.144646	-0.053208	0.293751	-0.953047	0.014349
2.120000	-0.366960	0.020451	-0.050808	0.293102	-0.953302	0.016381
2.140000	-0.381502	0.168673	-0.048095	0.292561	-0.953796	0.018053
2.160000	-0.402755	0.295906	-0.045020	0.292150	-0.954556	0.019305
2.180000	-0.430842	0.399612	-0.041585	0.291875	-0.955586	0.020103
2.200000	-0.464755	0.480389	-0.037899	0.291716	-0.956855	0.020480
2.220000	-0.503353	0.539201	-0.034078	0.291645	-0.958325	0.020474
2.240000	-0.545495	0.577016	-0.030241	0.291637	-0.959960	0.020124
2.260000	-0.590040	0.594796	-0.026506	0.291667	-0.961723	0.019467
2.280000	-0.635846	0.593510	-0.022993	0.291709	-0.963575	0.018544
2.300000	-0.681773	0.574120	-0.019818	0.291736	-0.965480	0.017391
2.320000	-0.726680	0.537594	-0.017102	0.291723	-0.967401	0.016048
