0.000000	-0.594843	0.062150	-0.115046	0.292077	-0.956488	0.006948
0.020000	-0.620452	0.057231	-0.122118	0.292593	-0.956066	0.005250
0.040000	-0.641378	0.051176	-0.128581	0.293018	-0.955720	0.003516
0.060000	-0.656859	0.043976	-0.134150	0.293325	-0.955456	0.001753
0.080000	-0.666134	0.035625	-0.138543	0.293488	-0.955281	-0.000031
0.100000	-0.668961	0.026152	-0.141618	0.293496	-0.955197	-0.001826
0.120000	-0.665993	0.015648	-0.143479	0.293367	-0.955197	-0.003618
0.140000	-0.657973	0.004211	-0.144253	0.293119	-0.955270	-0.005393
0.160000	-0.645643	-0.008059	-0.144067	0.292771	-0.955408	-0.007138
0.180000	-0.629746	-0.021064	-0.143050	0.292343	-0.955602	-0.008839
0.200000	-0.611025	-0.034707	-0.141329	0.291854	-0.955843	-0.010482
0.220000	-0.590224	-0.048888	-0.139032	0.291323	-0.956122	-0.012053
0.240000	-0.568084	-0.063510	-0.136287	0.290769	-0.956430	-0.013539
0.260000	-0.545349	-0.078474	-0.133221	0.290212	-0.956758	-0.014924
0.280000	-0.522762	-0.093681	-0.129962	0.289671	-0.957098	-0.016196
0.300000	-0.501065	-0.109034	-0.126638	0.289165	-0.957440	-0.017341
0.320000	-0.481001	-0.124433	-0.123377	0.288713	-0.957775	-0.018344
0.340000	-0.463313	-0.139782	-0.120305	0.288334	-0.958094	-0.019193
0.360000	-0.448744	-0.154980	-0.117551	0.288049	-0.958389	-0.019872
0.380000	-0.438038	-0.169930	-0.115243	0.287875	-0.958651	-0.020369
0.400000	-0.431882	-0.184526	-0.113504	0.287831	-0.958870	-0.020670
0.420000	-0.430214	-0.198561	-0.112391	0.287914	-0.959049	-0.020782
0.440000	-0.432419	-0.211752	-0.111914	0.288110	-0.959194	-0.020724
0.460000	-0.437866	-0.223815	-0.112081	0.288400	-0.959314	-0.020515
0.480000	-0.445927	-0.234465	-0.112901	0.288768	-0.959417	-0.020175
0.500000	-0.455972	-0.243418	-0.114382	0.289198	-0.959510	-0.019725
0.520000	-0.467372	-0.250390	-0.116534	0.289673	-0.959601	-0.019183
0.540000	-0.479498	-0.255096	-0.119363	0.290176	-0.959699	-0.018570
0.560000	-0.491720	-0.257252	-0.122879	0.290690	-0.959810	-0.017905
0.580000	-0.503410	-0.256573	-0.127091	0.291199	-0.959943	-0.017207
0.600000	-0.513938	-0.252776	-0.132005	0.291686	-0.960106	-0.016498
0.620000	-0.522675	-0.245575	-0.137633	0.292135	-0.960307	-0.015795
0.640000	-0.528992	-0.234687	-0.143980	0.292528	-0.960553	-0.015120
0.660000	-0.532259	-0.219828	-0.151057	0.292849	-0.960853	-0.014491
0.680000	-0.531847	-0.200712	-0.158871	0.293082	-0.961213	-0.013928
0.700000	-0.527127	-0.177056	-0.167431	0.293209	-0.961643	-0.013452
0.720000	-0.517631	-0.148714	-0.176719	0.293218	-0.962148	-0.013077
0.740000	-0.503652	-0.116203	-0.186588	0.293113	-0.962719	-0.012801
0.760000	-0.485710	-0.080235	-0.196857	0.292902	-0.963347	-0.012614
0.780000	-0.464325	-0.041521	-0.207341	0.292594	-0.964022	-0.012506
0.800000	-0.440017	-0.000775	-0.217857	0.292199	-0.964731	-0.012470
0.820000	-0.413306	0.041292	-0.228223	0.291726	-0.965466	-0.012495
0.840000	-0.384711	0.083969	-0.238254	0.291183	-0.966214	-0.012573
0.860000	-0.354753	0.126542	-0.247767	0.290580	-0.966966	-0.012694
0.880000	-0.323950	0.168300	-0.256580	0.289925	-0.967710	-0.012849
0.900000	-0.292824	0.208530	-0.264509	0.289228	-0.968436	-0.013030
0.920000	-0.261893	0.246522	-0.271371	0.288497	-0.969134	-0.013226
0.940000	-0.231678	0.281562	-0.276982	0.287742	-0.969793	-0.013429
0.960000	-0.202698	0.312938	-0.281159	0.286972	-0.970401	-0.013629
0.980000	-0.175474	0.339939	-0.283719	0.286195	-0.970949	-0.013818
1.000000	-0.150524	0.361852	-0.284479	0.285420	-0.971425	-0.013986
1.020000	-0.128369	0.377966	-0.283255	0.284657	-0.971820	-0.014125
1.040000	-0.109490	0.387644	-0.279889	0.283915	-0.972122	-0.014224
1.060000	-0.093940	0.391073	-0.274479	0.283203	-0.972333	-0.014281
1.080000	-0.081519	0.388934	-0.267279	0.282532	-0.972455	-0.014292
1.100000	-0.072020	0.381919	-0.258548	0.281912	-0.972496	-0.014257
1.120000	-0.065237	0.370718	-0.248542	0.281355	-0.972460	-0.014172
1.140000	-0.060965	0.356020	-0.237519	0.280869	-0.972351	-0.014037
1.160000	-0.058996	0.338517	-0.225737	0.280467	-0.972175	-0.013850
1.180000	-0.059125	0.318898	-0.213452	0.280157	-0.971938	-0.013608
1.200000	-0.061147	0.297854	-0.200921	0.279951	-0.971644	-0.013309
1.220000	-0.064855	0.276075	-0.188403	0.279859	-0.971298	-0.012953
1.240000	-0.070042	0.254252	-0.176155	0.279892	-0.970905	-0.012536
1.260000	-0.076504	0.233074	-0.164433	0.280059	-0.970471	-0.012057
1.280000	-0.084034	0.213231	-0.153495	0.280372	-0.970001	-0.011515
1.300000	-0.092427	0.195415	-0.143598	0.280841	-0.969499	-0.010907
1.320000	-0.101475	0.180315	-0.135001	0.281476	-0.968971	-0.010231
1.340000	-0.110973	0.168622	-0.127959	0.282287	-0.968422	-0.009486
1.360000	-0.120716	0.161026	-0.122730	0.283286	-0.967856	-0.008669
1.380000	-0.130474	0.158094	-0.119523	0.284478	-0.967281	-0.007781
1.400000	-0.139882	0.159631	-0.118243	0.285838	-0.966704	-0.006827
1.420000	-0.148520	0.165146	-0.118676	0.287331	-0.966136	-0.005816
1.440000	-0.155970	0.174151	-0.120612	0.288922	-0.965587	-0.004759
1.460000	-0.161811	0.186155	-0.123837	0.290576	-0.965067	-0.003664
1.480000	-0.165624	0.200670	-0.128140	0.292256	-0.964586	-0.002541
1.500000	-0.166991	0.217205	-0.133308	0.293927	-0.964156	-0.001398
1.520000	-0.165491	0.235271	-0.139129	0.295553	-0.963785	-0.000246
1.540000	-0.160705	0.254378	-0.145391	0.297100	-0.963485	0.000907
1.560000	-0.152215	0.274036	-0.151882	0.298532	-0.963265	0.002052
1.580000	-0.139600	0.293757	-0.158388	0.299812	-0.963136	0.003178
1.600000	-0.122441	0.313049	-0.164699	0.300906	-0.963108	0.004277
1.620000	-0.100320	0.331424	-0.170601	0.301778	-0.963191	0.005339
1.640000	-0.072815	0.348392	-0.175883	0.302393	-0.963395	0.006356
1.660000	-0.039510	0.363463	-0.180332	0.302714	-0.963731	0.007317
1.680000	0.000016	0.376148	-0.183737	0.302707	-0.964209	0.008214
1.700000	0.045730	0.386105	-0.185976	0.302359	-0.964828	0.009043
1.720000	0.096546	0.393339	-0.187142	0.301712	-0.965561	0.009813
1.740000	0.151229	0.397903	-0.187358	0.300815	-0.966378	0.010535
1.760000	0.208540	0.399852	-0.186749	0.299717	-0.967248	0.011220
1.780000	0.267242	0.399238	-0.185437	0.298467	-0.968140	0.011880
1.800000	0.326100	0.396117	-0.183545	0.297114	-0.969024	0.012524
1.820000	0.383874	0.390542	-0.181199	0.295709	-0.969870	0.013165
1.840000	0.439329	0.382568	-0.178520	0.294299	-0.970647	0.013814
1.860000	0.491227	0.372247	-0.175632	0.292935	-0.971324	0.014480
1.880000	0.538331	0.359634	-0.172659	0.291666	-0.971870	0.015177
1.900000	0.579404	0.344784	-0.169724	0.290541	-0.972256	0.015914
1.920000	0.613209	0.327749	-0.166950	0.289608	-0.972451	0.016702
1.940000	0.638508	0.308585	-0.164462	0.288918	-0.972424	0.017553
1.960000	0.654066	0.287344	-0.162382	0.288520	-0.972144	0.018478
1.980000	0.658644	0.264081	-0.160834	0.288462	-0.971581	0.019488
2.000000	0.651056	0.238857	-0.159937	0.288793	-0.970707	0.020593
2.020000	0.631257	0.211905	-0.159712	0.289510	-0.969531	0.021791
2.040000	0.600314	0.183620	-0.160083	0.290566	-0.968103	0.023065
2.060000	0.559342	0.154410	-0.160972	0.291909	-0.966472	0.024399
2.080000	0.509456	0.124677	-0.162298	0.293490	-0.964689	0.025778
2.100000	0.451772	0.094827	-0.163983	0.295259	-0.962805	0.027185
2.120000	0.387403	0.065264	-0.165947	0.297164	-0.960869	0.028603
2.140000	0.317466	0.036393	-0.168111	0.299155	-0.958932	0.030016
2.160000	0.243075	0.008619	-0.170396	0.301182	-0.957045	0.031408
2.180000	0.165346	-0.017653	-0.172722	0.303195	-0.955257	0.032762
2.200000	0.085393	-0.042020	-0.175010	0.305143	-0.953619	0.034063
2.220000	0.004331	-0.064075	-0.177181	0.306976	-0.952182	0.035294
2.240000	-0.076725	-0.083415	-0.179155	0.308643	-0.950995	0.036438
2.260000	-0.156659	-0.099634	-0.180852	0.310094	-0.950110	0.037480
2.280000	-0.234357	-0.112329	-0.182195	0.311279	-0.949575	0.038403
2.300000	-0.308704	-0.121094	-0.183103	0.312146	-0.949443	0.039190
2.320000	-0.378680	-0.125604	-0.183511	0.312654	-0.949753	0.039829
2.340000	-0.443911	-0.126066	-0.183444	0.312810	-0.950486	0.040317
2.360000	-0.504277	-0.122899	-0.182966	0.312643	-0.951599	0.040661
2.380000	-0.559665	-0.116525	-0.182139	0.312180	-0.953046	0.040865
2.400000	-0.609957	-0.107366	-0.181025	0.311451	-0.954785	0.040936
2.420000	-0.655039	-0.095842	-0.179688	0.310483	-0.956769	0.040878
2.440000	-0.694795	-0.082377	-0.178190	0.309306	-0.958956	0.040697
2.460000	-0.729108	-0.067390	-0.176595	0.307946	-0.961300	0.040398
2.480000	-0.757863	-0.051303	-0.174965	0.306434	-0.963758	0.039986
