0.000000	-0.630501	0.303521	-0.036350	0.295461	-0.968377	0.002960
0.020000	-0.650082	0.303805	-0.039920	0.295786	-0.968549	0.001250
0.040000	-0.668412	0.301494	-0.044482	0.296129	-0.968671	-0.000600
0.060000	-0.685293	0.296278	-0.049911	0.296485	-0.968735	-0.002575
0.080000	-0.700528	0.287846	-0.056083	0.296847	-0.968729	-0.004661
0.100000	-0.713919	0.275887	-0.062875	0.297211	-0.968645	-0.006842
0.120000	-0.725268	0.260089	-0.070161	0.297569	-0.968473	-0.009105
0.140000	-0.734378	0.240141	-0.077817	0.297917	-0.968202	-0.011435
0.160000	-0.741128	0.215979	-0.085741	0.298248	-0.967833	-0.013816
0.180000	-0.745571	0.188096	-0.093873	0.298560	-0.967383	-0.016230
0.200000	-0.747784	0.157065	-0.102161	0.298849	-0.966877	-0.018657
0.220000	-0.747845	0.123457	-0.110554	0.299112	-0.966337	-0.021080
0.240000	-0.745829	0.087846	-0.118999	0.299346	-0.965784	-0.023479
0.260000	-0.741816	0.050802	-0.127446	0.299548	-0.965241	-0.025835
0.280000	-0.735882	0.012899	-0.135841	0.299715	-0.964731	-0.028129
0.300000	-0.728104	-0.025291	-0.144133	0.299843	-0.964276	-0.030343
0.320000	-0.718559	-0.063197	-0.152270	0.299930	-0.963898	-0.032457
0.340000	-0.707326	-0.100245	-0.160201	0.299972	-0.963620	-0.034453
0.360000	-0.694481	-0.135864	-0.167872	0.299966	-0.963465	-0.036312
0.380000	-0.680101	-0.169481	-0.175234	0.299908	-0.963454	-0.038014
0.400000	-0.664264	-0.200525	-0.182232	0.299797	-0.963610	-0.039541
0.420000	-0.647046	-0.228422	-0.188816	0.299628	-0.963956	-0.040875
0.440000	-0.628533	-0.252633	-0.194935	0.299399	-0.964511	-0.041997
0.460000	-0.608887	-0.272975	-0.200539	0.299116	-0.965264	-0.042907
0.480000	-0.588318	-0.289486	-0.205585	0.298792	-0.966186	-0.043617
0.500000	-0.567038	-0.302211	-0.210026	0.298437	-0.967245	-0.044137
0.520000	-0.545261	-0.311193	-0.213817	0.298063	-0.968412	-0.044477
0.540000	-0.523196	-0.316475	-0.216913	0.297681	-0.969656	-0.044648
0.560000	-0.501057	-0.318101	-0.219269	0.297304	-0.970947	-0.044662
0.580000	-0.479054	-0.316113	-0.220839	0.296943	-0.972254	-0.044529
0.600000	-0.457401	-0.310556	-0.221578	0.296610	-0.973547	-0.044259
0.620000	-0.436309	-0.301472	-0.221440	0.296315	-0.974796	-0.043864
0.640000	-0.415990	-0.288905	-0.220381	0.296072	-0.975970	-0.043354
0.660000	-0.396655	-0.272899	-0.218355	0.295890	-0.977040	-0.042740
0.680000	-0.378517	-0.253496	-0.215316	0.295783	-0.977974	-0.042033
0.700000	-0.361788	-0.230740	-0.211220	0.295762	-0.978742	-0.041243
0.720000	-0.346678	-0.204674	-0.206020	0.295838	-0.979314	-0.040381
0.740000	-0.333402	-0.175342	-0.199672	0.296022	-0.979659	-0.039459
0.760000	-0.322169	-0.142787	-0.192131	0.296327	-0.979748	-0.038486
0.780000	-0.313146	-0.107105	-0.183376	0.296762	-0.979555	-0.037474
0.800000	-0.306198	-0.068733	-0.173559	0.297316	-0.979095	-0.036435
0.820000	-0.301072	-0.028244	-0.162895	0.297975	-0.978397	-0.035383
0.840000	-0.297514	0.013789	-0.151602	0.298722	-0.977489	-0.034329
0.860000	-0.295270	0.056795	-0.139897	0.299540	-0.976402	-0.033288
0.880000	-0.294087	0.100201	-0.127996	0.300414	-0.975163	-0.032272
0.900000	-0.293711	0.143433	-0.116117	0.301328	-0.973803	-0.031294
0.920000	-0.293888	0.185919	-0.104476	0.302264	-0.972349	-0.030366
0.940000	-0.294364	0.227088	-0.093291	0.303208	-0.970832	-0.029503
0.960000	-0.294887	0.266366	-0.082778	0.304142	-0.969281	-0.028717
0.980000	-0.295203	0.303180	-0.073154	0.305051	-0.967723	-0.028020
1.000000	-0.295057	0.336958	-0.064637	0.305919	-0.966190	-0.027427
1.020000	-0.294196	0.367128	-0.057443	0.306729	-0.964709	-0.026949
1.040000	-0.292366	0.393116	-0.051789	0.307465	-0.963310	-0.026600
1.060000	-0.289315	0.414351	-0.047892	0.308111	-0.962022	-0.026393
1.080000	-0.284787	0.430260	-0.045969	0.308651	-0.960873	-0.026341
1.100000	-0.278545	0.440308	-0.046222	0.309069	-0.959893	-0.026455
1.120000	-0.270579	0.444557	-0.048618	0.309364	-0.959083	-0.026732
1.140000	-0.261063	0.443541	-0.052939	0.309545	-0.958430	-0.027154
1.160000	-0.250175	0.437807	-0.058960	0.309621	-0.957917	-0.027703
1.180000	-0.238094	0.427902	-0.066459	0.309601	-0.957529	-0.028361
1.200000	-0.224997	0.414373	-0.075212	0.309494	-0.957251	-0.029112
1.220000	-0.211063	0.397766	-0.084995	0.309310	-0.957066	-0.029937
1.240000	-0.196471	0.378628	-0.095585	0.309058	-0.956959	-0.030818
1.260000	-0.181399	0.357506	-0.106757	0.308747	-0.956915	-0.031739
1.280000	-0.166024	0.334946	-0.118289	0.308387	-0.956917	-0.032680
1.300000	-0.150526	0.311496	-0.129956	0.307986	-0.956950	-0.033626
1.320000	-0.135083	0.287702	-0.141536	0.307554	-0.956999	-0.034557
1.340000	-0.119872	0.264112	-0.152804	0.307101	-0.957048	-0.035456
1.360000	-0.105074	0.241271	-0.163537	0.306635	-0.957081	-0.036306
1.380000	-0.090864	0.219726	-0.173511	0.306166	-0.957083	-0.037089
1.400000	-0.077423	0.200025	-0.182503	0.305702	-0.957038	-0.037788
1.420000	-0.064915	0.182645	-0.190331	0.305253	-0.956933	-0.038386
1.440000	-0.053433	0.167707	-0.197029	0.304822	-0.956772	-0.038887
1.460000	-0.043051	0.155218	-0.202697	0.304409	-0.956563	-0.039295
1.480000	-0.033841	0.145185	-0.207440	0.304018	-0.956315	-0.039618
1.500000	-0.025873	0.137615	-0.211360	0.303648	-0.956036	-0.039860
1.520000	-0.019222	0.132513	-0.214559	0.303303	-0.955735	-0.040029
1.540000	-0.013957	0.129889	-0.217139	0.302982	-0.955420	-0.040130
1.560000	-0.010152	0.129747	-0.219203	0.302689	-0.955100	-0.040169
1.580000	-0.007879	0.132095	-0.220854	0.302425	-0.954783	-0.040154
1.600000	-0.007209	0.136940	-0.222193	0.302191	-0.954477	-0.040088
1.620000	-0.008215	0.144288	-0.223324	0.301989	-0.954192	-0.039980
1.640000	-0.010968	0.154147	-0.224349	0.301820	-0.953935	-0.039835
1.660000	-0.015541	0.166522	-0.225370	0.301687	-0.953715	-0.039658
1.680000	-0.022006	0.181422	-0.226490	0.301590	-0.953540	-0.039457
1.700000	-0.030434	0.198852	-0.227811	0.301532	-0.953419	-0.039238
1.720000	-0.040896	0.218818	-0.229435	0.301513	-0.953361	-0.039005
1.740000	-0.053256	0.241134	-0.231412	0.301532	-0.953368	-0.038760
1.760000	-0.066963	0.265235	-0.233687	0.301577	-0.953431	-0.038491
1.780000	-0.081421	0.290511	-0.236192	0.301638	-0.953541	-0.038182
1.800000	-0.096033	0.316353	-0.238860	0.301703	-0.953688	-0.037822
1.820000	-0.110201	0.342151	-0.241624	0.301760	-0.953861	-0.037395
1.840000	-0.123328	0.367296	-0.244416	0.301799	-0.954052	-0.036889
1.860000	-0.134816	0.391177	-0.247170	0.301807	-0.954250	-0.036290
1.880000	-0.144068	0.413185	-0.249817	0.301772	-0.954445	-0.035583
1.900000	-0.150487	0.432710	-0.252292	0.301685	-0.954627	-0.034756
1.920000	-0.153476	0.449143	-0.254525	0.301532	-0.954787	-0.033795
1.940000	-0.152437	0.461873	-0.256451	0.301303	-0.954914	-0.032685
1.960000	-0.146774	0.470292	-0.258001	0.300986	-0.954999	-0.031414
1.980000	-0.135887	0.473790	-0.259109	0.300569	-0.955032	-0.029967
2.000000	-0.119182	0.471757	-0.259707	0.300042	-0.955003	-0.028331
2.020000	-0.096059	0.463582	-0.259728	0.299393	-0.954902	-0.026493
2.040000	-0.065983	0.448700	-0.259106	0.298610	-0.954720	-0.024439
2.060000	-0.029443	0.427253	-0.257811	0.297705	-0.954459	-0.022181
2.080000	0.012210	0.399983	-0.255841	0.296702	-0.954131	-0.019749
2.100000	0.057605	0.367646	-0.253194	0.295626	-0.953748	-0.017174
2.120000	0.105364	0.331002	-0.249869	0.294506	-0.953321	-0.014485
2.140000	0.154115	0.290806	-0.245864	0.293366	-0.952864	-0.011715
2.160000	0.202481	0.247817	-0.241178	0.292233	-0.952387	-0.008894
2.180000	0.249090	0.202794	-0.235811	0.291132	-0.951904	-0.006052
2.200000	0.292566	0.156493	-0.229760	0.290090	-0.951426	-0.003220
2.220000	0.331534	0.109673	-0.223023	0.289134	-0.950965	-0.000429
2.240000	0.364621	0.063091	-0.215601	0.288288	-0.950533	0.002290
2.260000	0.390451	0.017505	-0.207492	0.287580	-0.950142	0.004907
2.280000	0.407650	-0.026327	-0.198693	0.287035	-0.949805	0.007391
2.300000	0.414844	-0.067647	-0.189205	0.286680	-0.949533	0.009711
2.320000	0.410657	-0.105697	-0.179024	0.286540	-0.949338	0.011837
2.340000	0.393715	-0.139721	-0.168151	0.286642	-0.949233	0.013737
2.360000	0.362661	-0.168964	-0.156586	0.287012	-0.949229	0.015382
2.380000	0.317280	-0.193042	-0.144409	0.287650	-0.949330	0.016755
2.400000	0.259219	-0.212163	-0.131838	0.288520	-0.949524	0.017865
2.420000	0.190297	-0.226593	-0.119100	0.289580	-0.949799	0.018722
2.440000	0.112333	-0.236595	-0.106424	0.290788	-0.950144	0.019338
2.460000	0.027143	-0.242435	-0.094039	0.292104	-0.950545	0.019723
2.480000	-0.063454	-0.244377	-0.082172	0.293485	-0.950991	0.019888
2.500000	-0.157639	-0.242684	-0.071053	0.294890	-0.951470	0.019842
2.520000	-0.253594	-0.237623	-0.060909	0.296279	-0.951968	0.019598
2.540000	-0.349502	-0.229456	-0.051968	0.297609	-0.952474	0.019165
2.560000	-0.443544	-0.218449	-0.044460	0.298839	-0.952976	0.018554
2.580000	-0.533902	-0.204867	-0.038613	0.299928	-0.953461	0.017776
2.600000	-0.618757	-0.188973	-0.034654	0.300835	-0.953918	0.016841
2.620000	-0.696292	-0.171032	-0.032813	0.301517	-0.954333	0.015760
