0.000000	-0.589749	0.324888	0.148355	0.256339	-0.974948	0.010534
0.020000	-0.611014	0.334616	0.146259	0.256088	-0.974814	0.008680
0.040000	-0.623272	0.341145	0.141999	0.255622	-0.974591	0.006684
0.060000	-0.625525	0.343803	0.135429	0.254914	-0.974270	0.004546
0.080000	-0.617504	0.342226	0.126515	0.253956	-0.973851	0.002281
0.100000	-0.600304	0.336624	0.115433	0.252781	-0.973346	-0.000082
0.120000	-0.575167	0.327268	0.102378	0.251425	-0.972771	-0.002510
0.140000	-0.543335	0.314430	0.087548	0.249925	-0.972139	-0.004970
0.160000	-0.506049	0.298383	0.071139	0.248317	-0.971466	-0.007429
0.180000	-0.464552	0.279399	0.053348	0.246637	-0.970766	-0.009854
0.200000	-0.420086	0.257749	0.034373	0.244922	-0.970054	-0.012212
0.220000	-0.373894	0.233706	0.014409	0.243209	-0.969344	-0.014471
0.240000	-0.327217	0.207543	-0.006346	0.241534	-0.968650	-0.016598
0.260000	-0.281298	0.179530	-0.027696	0.239934	-0.967988	-0.018560
0.280000	-0.237378	0.149940	-0.049443	0.238444	-0.967372	-0.020323
0.300000	-0.196700	0.119045	-0.071392	0.237102	-0.966817	-0.021856
0.320000	-0.160506	0.087117	-0.093344	0.235944	-0.966337	-0.023126
0.340000	-0.130038	0.054429	-0.115103	0.235007	-0.965946	-0.024098
0.360000	-0.106539	0.021252	-0.136473	0.234326	-0.965660	-0.024742
0.380000	-0.091181	-0.012134	-0.157263	0.233937	-0.965491	-0.025026
0.400000	-0.084081	-0.045348	-0.177373	0.233843	-0.965442	-0.024961
0.420000	-0.084523	-0.077923	-0.196776	0.234022	-0.965500	-0.024588
0.440000	-0.091766	-0.109394	-0.215449	0.234454	-0.965657	-0.023951
0.460000	-0.105073	-0.139292	-0.233365	0.235115	-0.965901	-0.023092
0.480000	-0.123705	-0.167150	-0.250501	0.235984	-0.966222	-0.022054
0.500000	-0.146922	-0.192502	-0.266830	0.237040	-0.966610	-0.020880
0.520000	-0.173986	-0.214881	-0.282330	0.238260	-0.967054	-0.019613
0.540000	-0.204157	-0.233819	-0.296974	0.239622	-0.967545	-0.018295
0.560000	-0.236698	-0.248849	-0.310737	0.241106	-0.968071	-0.016970
0.580000	-0.270868	-0.259504	-0.323596	0.242689	-0.968622	-0.015680
0.600000	-0.305930	-0.265317	-0.335524	0.244348	-0.969188	-0.014468
0.620000	-0.341144	-0.265821	-0.346498	0.246064	-0.969759	-0.013377
0.640000	-0.375772	-0.260548	-0.356492	0.247812	-0.970324	-0.012449
0.660000	-0.409074	-0.249033	-0.365482	0.249573	-0.970872	-0.011728
0.680000	-0.440311	-0.230806	-0.373442	0.251323	-0.971394	-0.011257
0.700000	-0.468843	-0.205586	-0.380354	0.253043	-0.971880	-0.011068
0.720000	-0.494525	-0.174024	-0.386231	0.254724	-0.972324	-0.011151
0.740000	-0.517373	-0.137073	-0.391097	0.256357	-0.972722	-0.011478
0.760000	-0.537402	-0.095685	-0.394972	0.257937	-0.973071	-0.012024
0.780000	-0.554628	-0.050812	-0.397882	0.259457	-0.973364	-0.012762
0.800000	-0.569065	-0.003406	-0.399849	0.260910	-0.973600	-0.013665
0.820000	-0.580730	0.045581	-0.400895	0.262289	-0.973772	-0.014707
0.840000	-0.589637	0.095196	-0.401045	0.263587	-0.973878	-0.015861
0.860000	-0.595802	0.144488	-0.400320	0.264798	-0.973913	-0.017101
0.880000	-0.599240	0.192505	-0.398744	0.265915	-0.973872	-0.018400
0.900000	-0.599966	0.238294	-0.396339	0.266930	-0.973752	-0.019732
0.920000	-0.597996	0.280903	-0.393130	0.267838	-0.973549	-0.021071
0.940000	-0.593345	0.319380	-0.389138	0.268632	-0.973257	-0.022389
0.960000	-0.586029	0.352773	-0.384387	0.269304	-0.972874	-0.023661
0.980000	-0.576063	0.380130	-0.378900	0.269848	-0.972394	-0.024860
1.000000	-0.563462	0.400499	-0.372699	0.270257	-0.971814	-0.025959
1.020000	-0.548241	0.412928	-0.365808	0.270525	-0.971130	-0.026932
1.040000	-0.530489	0.416881	-0.358260	0.270648	-0.970341	-0.027760
1.060000	-0.510524	0.413117	-0.350117	0.270641	-0.969463	-0.028447
1.080000	-0.488706	0.402649	-0.341448	0.270518	-0.968514	-0.029004
1.100000	-0.465396	0.386487	-0.332322	0.270295	-0.967511	-0.029438
1.120000	-0.440956	0.365644	-0.322808	0.269986	-0.966472	-0.029760
1.140000	-0.415748	0.341130	-0.312974	0.269609	-0.965415	-0.029979
1.160000	-0.390131	0.313957	-0.302891	0.269177	-0.964357	-0.030103
1.180000	-0.364468	0.285136	-0.292625	0.268706	-0.963317	-0.030142
1.200000	-0.339120	0.255679	-0.282246	0.268213	-0.962312	-0.030106
1.220000	-0.314448	0.226597	-0.271824	0.267711	-0.961359	-0.030002
1.240000	-0.290813	0.198902	-0.261426	0.267218	-0.960478	-0.029842
1.260000	-0.268577	0.173606	-0.251122	0.266747	-0.959684	-0.029633
1.280000	-0.248101	0.151718	-0.240980	0.266315	-0.958997	-0.029386
1.300000	-0.229745	0.134252	-0.231070	0.265936	-0.958433	-0.029109
1.320000	-0.213872	0.122218	-0.221459	0.265627	-0.958011	-0.028811
1.340000	-0.200757	0.116335	-0.212211	0.265401	-0.957743	-0.028500
1.360000	-0.190325	0.116116	-0.203361	0.265260	-0.957621	-0.028174
1.380000	-0.182413	0.120764	-0.194938	0.265205	-0.957633	-0.027828
1.400000	-0.176856	0.129483	-0.186970	0.265237	-0.957763	-0.027458
1.420000	-0.173490	0.141477	-0.179486	0.265356	-0.957999	-0.027059
1.440000	-0.172150	0.155949	-0.172515	0.265564	-0.958328	-0.026628
1.460000	-0.172671	0.172103	-0.166086	0.265860	-0.958735	-0.026160
1.480000	-0.174889	0.189141	-0.160227	0.266246	-0.959208	-0.025650
1.500000	-0.178640	0.206269	-0.154968	0.266723	-0.959734	-0.025094
1.520000	-0.183759	0.222689	-0.150336	0.267290	-0.960298	-0.024489
1.540000	-0.190083	0.237605	-0.146360	0.267948	-0.960887	-0.023829
1.560000	-0.197445	0.250221	-0.143070	0.268699	-0.961488	-0.023111
1.580000	-0.205683	0.259739	-0.140494	0.269543	-0.962087	-0.022329
1.600000	-0.214631	0.265365	-0.138661	0.270480	-0.962671	-0.021480
1.620000	-0.224125	0.266301	-0.137599	0.271511	-0.963227	-0.020559
1.640000	-0.234001	0.261750	-0.137337	0.272637	-0.963741	-0.019562
1.660000	-0.244089	0.251027	-0.137901	0.273858	-0.964200	-0.018487
1.680000	-0.254179	0.234447	-0.139290	0.275160	-0.964604	-0.017345
1.700000	-0.264039	0.212859	-0.141487	0.276527	-0.964955	-0.016158
1.720000	-0.273435	0.187117	-0.144477	0.277939	-0.965259	-0.014946
1.740000	-0.282134	0.158075	-0.148243	0.279379	-0.965518	-0.013729
1.760000	-0.289903	0.126589	-0.152770	0.280829	-0.965736	-0.012528
1.780000	-0.296509	0.093512	-0.158041	0.282269	-0.965919	-0.011364
1.800000	-0.301719	0.059698	-0.164040	0.283683	-0.966069	-0.010258
1.820000	-0.305300	0.026003	-0.170751	0.285051	-0.966190	-0.009229
1.840000	-0.307020	-0.006720	-0.178158	0.286356	-0.966287	-0.008300
1.860000	-0.306644	-0.037615	-0.186245	0.287579	-0.966364	-0.007489
1.880000	-0.303940	-0.065830	-0.194996	0.288702	-0.966423	-0.006818
1.900000	-0.298675	-0.090509	-0.204395	0.289707	-0.966470	-0.006308
1.920000	-0.290617	-0.110798	-0.214426	0.290576	-0.966508	-0.005979
1.940000	-0.279531	-0.125843	-0.225072	0.291290	-0.966541	-0.005852
1.960000	-0.265219	-0.134855	-0.236310	0.291833	-0.966573	-0.005945
1.980000	-0.247916	-0.137878	-0.248009	0.292207	-0.966605	-0.006244
2.000000	-0.228152	-0.135528	-0.259968	0.292425	-0.966636	-0.006715
2.020000	-0.206465	-0.128430	-0.271984	0.292503	-0.966665	-0.007322
2.040000	-0.183392	-0.117210	-0.283854	0.292456	-0.966692	-0.008031
2.060000	-0.159470	-0.102495	-0.295375	0.292297	-0.966716	-0.008806
2.080000	-0.135235	-0.084910	-0.306343	0.292042	-0.966735	-0.009611
2.100000	-0.111225	-0.065082	-0.316555	0.291706	-0.966749	-0.010412
2.120000	-0.087977	-0.043635	-0.325809	0.291304	-0.966758	-0.011173
2.140000	-0.066028	-0.021198	-0.333902	0.290849	-0.966760	-0.011859
2.160000	-0.045914	0.001606	-0.340629	0.290357	-0.966755	-0.012435
2.180000	-0.028173	0.024149	-0.345788	0.289842	-0.966742	-0.012865
2.200000	-0.013341	0.045806	-0.349177	0.289320	-0.966720	-0.013115
2.220000	-0.001956	0.065950	-0.350591	0.288804	-0.966688	-0.013148
2.240000	0.005445	0.083956	-0.349828	0.288310	-0.966645	-0.012931
2.260000	0.008326	0.099198	-0.346685	0.287853	-0.966591	-0.012426
2.280000	0.006160	0.111059	-0.340963	0.287446	-0.966526	-0.011601
2.300000	-0.001115	0.119346	-0.332668	0.287095	-0.966449	-0.010452
2.320000	-0.012943	0.124425	-0.322078	0.286794	-0.966365	-0.009019
2.340000	-0.028727	0.126703	-0.309488	0.286534	-0.966278	-0.007345
2.360000	-0.047869	0.126586	-0.295196	0.286308	-0.966193	-0.005471
2.380000	-0.069770	0.124480	-0.279498	0.286107	-0.966112	-0.003442
2.400000	-0.093831	0.120792	-0.262690	0.285924	-0.966041	-0.001299
2.420000	-0.119456	0.115928	-0.245068	0.285752	-0.965983	0.000914
2.440000	-0.146046	0.110294	-0.226928	0.285582	-0.965943	0.003156
2.460000	-0.173002	0.104297	-0.208568	0.285407	-0.965924	0.005384
2.480000	-0.199727	0.098343	-0.190283	0.285219	-0.965931	0.007554
2.500000	-0.225622	0.092838	-0.172370	0.285010	-0.965967	0.009625
2.520000	-0.250089	0.088188	-0.155125	0.284772	-0.966037	0.011554
2.540000	-0.272530	0.084801	-0.138844	0.284497	-0.966144	0.013297
2.560000	-0.292347	0.083081	-0.123825	0.284178	-0.966293	0.014813
2.580000	-0.308942	0.083435	-0.110362	0.283807	-0.966489	0.016059
2.600000	-0.321772	0.086225	-0.098728	0.283377	-0.966733	0.016996
2.620000	-0.330828	0.091366	-0.088949	0.282886	-0.967022	0.017619
2.640000	-0.336408	0.098523	-0.080915	0.282337	-0.967348	0.017944
2.660000	-0.338810	0.107359	-0.074514	0.281732	-0.967703	0.017986
2.680000	-0.338331	0.117536	-0.069632	0.281074	-0.968079	0.017762
2.700000	-0.335273	0.128716	-0.066159	0.280364	-0.968466	0.017285
2.720000	-0.329932	0.140562	-0.063982	0.279605	-0.968857	0.016573
2.740000	-0.322608	0.152736	-0.062987	0.278800	-0.969244	0.015640
2.760000	-0.313600	0.164901	-0.063064	0.277950	-0.969618	0.014502
2.780000	-0.303207	0.176719	-0.064100	0.277058	-0.969972	0.013174
2.800000	-0.291727	0.187853	-0.065983	0.276126	-0.970296	0.011673
2.820000	-0.279459	0.197964	-0.068600	0.275156	-0.970583	0.010014
2.840000	-0.266702	0.206716	-0.071839	0.274152	-0.970824	0.008211
2.860000	-0.253754	0.213770	-0.075587	0.273114	-0.971012	0.006282
2.880000	-0.240916	0.218788	-0.079733	0.272045	-0.971137	0.004241
2.900000	-0.228484	0.221435	-0.084165	0.270948	-0.971192	0.002103
2.920000	-0.216767	0.221456	-0.088786	0.269827	-0.971172	-0.000113
2.940000	-0.206101	0.218897	-0.093557	0.268688	-0.971082	-0.002383
2.960000	-0.196828	0.213870	-0.098455	0.267543	-0.970932	-0.004681
2.980000	-0.189292	0.206487	-0.103451	0.266399	-0.970731	-0.006980
