0.000000	-0.757863	-0.051303	-0.174965	0.306434	-0.963758	0.039986
0.020000	-0.780945	-0.034539	-0.173362	0.304797	-0.966285	0.039467
0.040000	-0.798237	-0.017517	-0.171851	0.303063	-0.968838	0.038846
0.060000	-0.809624	-0.000660	-0.170493	0.301262	-0.971371	0.038128
0.080000	-0.814989	0.015611	-0.169351	0.299420	-0.973840	0.037319
0.100000	-0.814218	0.030875	-0.168488	0.297568	-0.976202	0.036424
0.120000	-0.807194	0.044709	-0.167968	0.295733	-0.978412	0.035449
0.140000	-0.793802	0.056693	-0.167852	0.293943	-0.980426	0.034398
0.160000	-0.773960	0.066427	-0.168200	0.292227	-0.982200	0.033276
0.180000	-0.748158	0.073851	-0.169001	0.290599	-0.983718	0.032078
0.200000	-0.717342	0.079185	-0.170191	0.289066	-0.984981	0.030789
0.220000	-0.682475	0.082653	-0.171705	0.287633	-0.985994	0.029397
0.240000	-0.644518	0.084482	-0.173474	0.286306	-0.986758	0.027885
0.260000	-0.604433	0.084899	-0.175433	0.285090	-0.987277	0.026241
0.280000	-0.563182	0.084130	-0.177515	0.283990	-0.987554	0.024450
0.300000	-0.521725	0.082400	-0.179654	0.283013	-0.987592	0.022498
0.320000	-0.481025	0.079937	-0.181784	0.282163	-0.987395	0.020371
0.340000	-0.442044	0.076965	-0.183838	0.281446	-0.986964	0.018055
0.360000	-0.405742	0.073712	-0.185749	0.280867	-0.986304	0.015535
0.380000	-0.373081	0.070403	-0.187452	0.280433	-0.985418	0.012797
0.400000	-0.345023	0.067265	-0.188880	0.280148	-0.984308	0.009828
0.420000	-0.322530	0.064523	-0.189966	0.280019	-0.982977	0.006612
0.440000	-0.306563	0.062405	-0.190644	0.280049	-0.981429	0.003136
0.460000	-0.298084	0.061136	-0.190847	0.280246	-0.979667	-0.000614
0.480000	-0.297817	0.060895	-0.190523	0.280612	-0.977698	-0.004643
0.500000	-0.305237	0.061619	-0.189684	0.281131	-0.975552	-0.008906
0.520000	-0.319405	0.063161	-0.188366	0.281783	-0.973267	-0.013343
0.540000	-0.339382	0.065375	-0.186606	0.282547	-0.970881	-0.017893
0.560000	-0.364228	0.068114	-0.184440	0.283404	-0.968432	-0.022494
0.580000	-0.393004	0.071235	-0.181902	0.284333	-0.965957	-0.027085
0.600000	-0.424771	0.074589	-0.179030	0.285313	-0.963495	-0.031606
0.620000	-0.458590	0.078032	-0.175859	0.286325	-0.961083	-0.035995
0.640000	-0.493522	0.081417	-0.172425	0.287346	-0.958758	-0.040191
0.660000	-0.528628	0.084599	-0.168764	0.288358	-0.956560	-0.044134
0.680000	-0.562969	0.087431	-0.164912	0.289340	-0.954525	-0.047761
0.700000	-0.595605	0.089767	-0.160905	0.290271	-0.952691	-0.051014
0.720000	-0.625597	0.091463	-0.156778	0.291130	-0.951096	-0.053829
0.740000	-0.652007	0.092371	-0.152568	0.291898	-0.949778	-0.056147
0.760000	-0.673895	0.092345	-0.148311	0.292554	-0.948775	-0.057906
0.780000	-0.690324	0.091242	-0.144042	0.293078	-0.948124	-0.059046
0.800000	-0.700767	0.089036	-0.139805	0.293460	-0.947840	-0.059541
0.820000	-0.705527	0.085949	-0.135656	0.293711	-0.947891	-0.059442
0.840000	-0.705006	0.082234	-0.131654	0.293845	-0.948239	-0.058805
0.860000	-0.699607	0.078141	-0.127859	0.293878	-0.948848	-0.057691
0.880000	-0.689733	0.073923	-0.124327	0.293823	-0.949679	-0.056155
0.900000	-0.675788	0.069831	-0.121119	0.293695	-0.950695	-0.054257
0.920000	-0.658174	0.066118	-0.118293	0.293508	-0.951858	-0.052055
0.940000	-0.637295	0.063034	-0.115907	0.293275	-0.953131	-0.049606
0.960000	-0.613553	0.060832	-0.114020	0.293012	-0.954476	-0.046970
0.980000	-0.587351	0.059762	-0.112692	0.292733	-0.955856	-0.044203
1.000000	-0.559093	0.060078	-0.111980	0.292451	-0.957234	-0.041364
1.020000	-0.529181	0.062030	-0.111943	0.292182	-0.958570	-0.038512
1.040000	-0.498019	0.065871	-0.112640	0.291939	-0.959829	-0.035703
1.060000	-0.466009	0.071852	-0.114130	0.291737	-0.960972	-0.032997
1.080000	-0.433554	0.080225	-0.116471	0.291589	-0.961962	-0.030452
1.100000	-0.401058	0.091241	-0.119722	0.291512	-0.962762	-0.028124
1.120000	-0.368919	0.105147	-0.123939	0.291517	-0.963334	-0.026073
1.140000	-0.337360	0.121980	-0.129091	0.291608	-0.963666	-0.024324
1.160000	-0.306374	0.141508	-0.135030	0.291774	-0.963779	-0.022861
1.180000	-0.275940	0.163477	-0.141602	0.292001	-0.963695	-0.021666
1.200000	-0.246036	0.187636	-0.148651	0.292278	-0.963437	-0.020723
1.220000	-0.216640	0.213732	-0.156022	0.292591	-0.963026	-0.020012
1.240000	-0.187731	0.241514	-0.163561	0.292928	-0.962486	-0.019517
1.260000	-0.159287	0.270730	-0.171113	0.293276	-0.961839	-0.019219
1.280000	-0.131287	0.301127	-0.178523	0.293622	-0.961107	-0.019100
1.300000	-0.103708	0.332453	-0.185636	0.293954	-0.960313	-0.019143
1.320000	-0.076530	0.364457	-0.192297	0.294260	-0.959479	-0.019329
1.340000	-0.049729	0.396886	-0.198352	0.294526	-0.958628	-0.019641
1.360000	-0.023286	0.429488	-0.203645	0.294740	-0.957782	-0.020061
1.380000	0.002822	0.462011	-0.208021	0.294890	-0.956963	-0.020572
1.400000	0.028616	0.494204	-0.211326	0.294962	-0.956194	-0.021154
1.420000	0.054119	0.525813	-0.213405	0.294944	-0.955498	-0.021791
1.440000	0.079336	0.556589	-0.214122	0.294825	-0.954894	-0.022464
1.460000	0.104122	0.586295	-0.213520	0.294606	-0.954383	-0.023153
1.480000	0.128253	0.614704	-0.211741	0.294294	-0.953955	-0.023837
1.500000	0.151502	0.641589	-0.208931	0.293899	-0.953597	-0.024494
1.520000	0.173640	0.666720	-0.205230	0.293428	-0.953300	-0.025104
1.540000	0.194442	0.689872	-0.200784	0.292889	-0.953053	-0.025644
1.560000	0.213680	0.710815	-0.195735	0.292290	-0.952844	-0.026094
1.580000	0.231127	0.729323	-0.190226	0.291640	-0.952663	-0.026432
1.600000	0.246557	0.745167	-0.184402	0.290946	-0.952498	-0.026637
1.620000	0.259742	0.758120	-0.178406	0.290217	-0.952339	-0.026687
1.640000	0.270456	0.767954	-0.172380	0.289461	-0.952175	-0.026561
1.660000	0.278471	0.774441	-0.166469	0.288685	-0.951995	-0.026239
1.680000	0.283561	0.777354	-0.160816	0.287899	-0.951789	-0.025697
1.700000	0.285499	0.776465	-0.155563	0.287110	-0.951544	-0.024916
1.720000	0.284057	0.771546	-0.150855	0.286326	-0.951251	-0.023874
1.740000	0.279009	0.762370	-0.146836	0.285555	-0.950898	-0.022550
1.760000	0.270140	0.748722	-0.143643	0.284806	-0.950475	-0.020922
1.780000	0.257525	0.730745	-0.141298	0.284088	-0.949983	-0.018999
1.800000	0.241561	0.708966	-0.139699	0.283412	-0.949437	-0.016815
1.820000	0.222656	0.683930	-0.138735	0.282790	-0.948852	-0.014408
1.840000	0.201219	0.656183	-0.138295	0.282232	-0.948241	-0.011814
1.860000	0.177661	0.626271	-0.138270	0.281750	-0.947621	-0.009072
1.880000	0.152391	0.594740	-0.138549	0.281355	-0.947006	-0.006218
1.900000	0.125819	0.562135	-0.139023	0.281059	-0.946411	-0.003289
1.920000	0.098353	0.529003	-0.139580	0.280871	-0.945850	-0.000322
1.940000	0.070405	0.495888	-0.140111	0.280804	-0.945339	0.002645
1.960000	0.042382	0.463337	-0.140506	0.280870	-0.944893	0.005575
1.980000	0.014695	0.431896	-0.140655	0.281078	-0.944525	0.008432
2.000000	-0.012246	0.402110	-0.140447	0.281440	-0.944252	0.011178
2.020000	-0.038033	0.374525	-0.139773	0.281967	-0.944088	0.013776
2.040000	-0.062255	0.349686	-0.138521	0.282672	-0.944048	0.016189
2.060000	-0.084509	0.328132	-0.136585	0.283563	-0.944146	0.018380
2.080000	-0.104664	0.310028	-0.133949	0.284633	-0.944387	0.020335
2.100000	-0.122963	0.295030	-0.130726	0.285842	-0.944761	0.022070
2.120000	-0.139675	0.282757	-0.127040	0.287153	-0.945257	0.023603
2.140000	-0.155070	0.272827	-0.123013	0.288525	-0.945863	0.024954
2.160000	-0.169420	0.264860	-0.118768	0.289919	-0.946569	0.026140
2.180000	-0.182992	0.258474	-0.114427	0.291295	-0.947365	0.027181
2.200000	-0.196058	0.253288	-0.110113	0.292615	-0.948238	0.028094
2.220000	-0.208887	0.248921	-0.105949	0.293838	-0.949178	0.028898
2.240000	-0.221749	0.244992	-0.102057	0.294925	-0.950174	0.029612
2.260000	-0.234914	0.241119	-0.098561	0.295837	-0.951215	0.030254
2.280000	-0.248652	0.236921	-0.095582	0.296533	-0.952290	0.030842
2.300000	-0.263234	0.232018	-0.093244	0.296976	-0.953388	0.031396
2.320000	-0.278928	0.226027	-0.091669	0.297125	-0.954498	0.031933
2.340000	-0.296005	0.218568	-0.090979	0.296941	-0.955609	0.032472
2.360000	-0.314734	0.209260	-0.091299	0.296384	-0.956710	0.033032
2.380000	-0.335347	0.197756	-0.092734	0.295420	-0.957791	0.033628
2.400000	-0.357668	0.184070	-0.095248	0.294075	-0.958844	0.034257
2.420000	-0.381286	0.168423	-0.098715	0.292407	-0.959867	0.034902
2.440000	-0.405791	0.151041	-0.103011	0.290474	-0.960853	0.035546
2.460000	-0.430767	0.132147	-0.108008	0.288336	-0.961801	0.036172
2.480000	-0.455803	0.111965	-0.113583	0.286052	-0.962704	0.036763
2.500000	-0.480486	0.090722	-0.119609	0.283680	-0.963560	0.037304
