0.000000	-0.303136	0.192445	-0.173272	-0.325393	-0.874883	0.180666
0.020000	-0.304811	0.190741	-0.169030	-0.325484	-0.875165	0.178329
0.040000	-0.307109	0.192418	-0.164824	-0.325152	-0.875488	0.176058
0.060000	-0.309925	0.197378	-0.160623	-0.324421	-0.875850	0.173877
0.080000	-0.313025	0.205238	-0.156371	-0.323353	-0.876243	0.171814
0.100000	-0.316176	0.215613	-0.152007	-0.322009	-0.876662	0.169894
0.120000	-0.319143	0.228116	-0.147473	-0.320449	-0.877099	0.168145
0.140000	-0.321692	0.242363	-0.142710	-0.318734	-0.877547	0.166592
0.160000	-0.323590	0.257966	-0.137660	-0.316926	-0.878001	0.165264
0.180000	-0.324602	0.274541	-0.132263	-0.315086	-0.878454	0.164186
0.200000	-0.324493	0.291702	-0.126462	-0.313274	-0.878898	0.163385
0.220000	-0.323031	0.309063	-0.120196	-0.311552	-0.879328	0.162888
0.240000	-0.319980	0.326239	-0.113408	-0.309980	-0.879736	0.162722
0.260000	-0.315107	0.342844	-0.106039	-0.308620	-0.880117	0.162912
0.280000	-0.308178	0.358492	-0.098029	-0.307532	-0.880463	0.163487
0.300000	-0.298958	0.372798	-0.089320	-0.306778	-0.880768	0.164472
0.320000	-0.287213	0.385375	-0.079854	-0.306418	-0.881026	0.165895
0.340000	-0.272743	0.395857	-0.069583	-0.306508	-0.881229	0.167778
0.360000	-0.255757	0.404105	-0.058609	-0.307036	-0.881376	0.170097
0.380000	-0.236740	0.410138	-0.047133	-0.307944	-0.881468	0.172795
0.400000	-0.216185	0.413974	-0.035361	-0.309171	-0.881506	0.175816
0.420000	-0.194583	0.415635	-0.023495	-0.310660	-0.881490	0.179102
0.440000	-0.172428	0.415140	-0.011739	-0.312350	-0.881422	0.182597
0.460000	-0.150210	0.412510	-0.000297	-0.314183	-0.881302	0.186243
0.480000	-0.128421	0.407764	0.010626	-0.316100	-0.881131	0.189985
0.500000	-0.107554	0.400923	0.020828	-0.318040	-0.880910	0.193764
0.520000	-0.088099	0.392007	0.030103	-0.319946	-0.880640	0.197524
0.540000	-0.070550	0.381036	0.038250	-0.321758	-0.880322	0.201207
0.560000	-0.055398	0.368030	0.045063	-0.323416	-0.879956	0.204758
0.580000	-0.043135	0.353010	0.050338	-0.324862	-0.879544	0.208119
0.600000	-0.034252	0.335996	0.053873	-0.326036	-0.879086	0.211232
0.620000	-0.029242	0.317007	0.055463	-0.326880	-0.878584	0.214042
0.640000	-0.028596	0.296064	0.054904	-0.327333	-0.878037	0.216490
0.660000	-0.032797	0.273192	0.051997	-0.327338	-0.877448	0.218522
0.680000	-0.041897	0.248616	0.046711	-0.326884	-0.876819	0.220119
0.700000	-0.055389	0.222823	0.039241	-0.326024	-0.876158	0.221314
0.720000	-0.072726	0.196319	0.029794	-0.324813	-0.875472	0.222143
0.740000	-0.093361	0.169609	0.018581	-0.323307	-0.874769	0.222641
0.760000	-0.116747	0.143200	0.005810	-0.321562	-0.874055	0.222846
0.780000	-0.142338	0.117596	-0.008311	-0.319635	-0.873339	0.222792
0.800000	-0.169586	0.093303	-0.023572	-0.317582	-0.872627	0.222516
0.820000	-0.197946	0.070826	-0.039765	-0.315458	-0.871927	0.222054
0.840000	-0.226869	0.050672	-0.056681	-0.313320	-0.871246	0.221442
0.860000	-0.255810	0.033346	-0.074111	-0.311223	-0.870591	0.220716
0.880000	-0.284221	0.019353	-0.091846	-0.309225	-0.869971	0.219912
0.900000	-0.311556	0.009199	-0.109677	-0.307381	-0.869391	0.219066
0.920000	-0.337268	0.003389	-0.127396	-0.305747	-0.868860	0.218213
0.940000	-0.360811	0.002429	-0.144793	-0.304379	-0.868385	0.217391
0.960000	-0.381636	0.006825	-0.161660	-0.303333	-0.867974	0.216634
0.980000	-0.399199	0.017082	-0.177788	-0.302665	-0.867632	0.215980
1.000000	-0.413173	0.033375	-0.193021	-0.302409	-0.867366	0.215448
1.020000	-0.423816	0.055013	-0.207341	-0.302536	-0.867172	0.215018
1.040000	-0.431483	0.081161	-0.220756	-0.303007	-0.867045	0.214665
1.060000	-0.436525	0.110987	-0.233269	-0.303785	-0.866981	0.214362
1.080000	-0.439297	0.143657	-0.244888	-0.304831	-0.866975	0.214081
1.100000	-0.440152	0.178337	-0.255617	-0.306106	-0.867024	0.213797
1.120000	-0.439443	0.214192	-0.265463	-0.307573	-0.867122	0.213483
1.140000	-0.437522	0.250390	-0.274430	-0.309193	-0.867265	0.213112
1.160000	-0.434745	0.286097	-0.282526	-0.310928	-0.867449	0.212659
1.180000	-0.431463	0.320480	-0.289755	-0.312740	-0.867669	0.212096
1.200000	-0.428031	0.352703	-0.296123	-0.314590	-0.867921	0.211397
1.220000	-0.424801	0.381934	-0.301636	-0.316440	-0.868200	0.210535
1.240000	-0.422126	0.407340	-0.306299	-0.318252	-0.868502	0.209484
1.260000	-0.420361	0.428085	-0.310119	-0.319987	-0.868822	0.208218
1.280000	-0.419857	0.443337	-0.313100	-0.321607	-0.869157	0.206709
1.300000	-0.420867	0.452531	-0.315252	-0.323080	-0.869501	0.204946
1.320000	-0.423285	0.456030	-0.316592	-0.324392	-0.869855	0.202960
1.340000	-0.426930	0.454403	-0.317140	-0.325532	-0.870216	0.200797
1.360000	-0.431620	0.448215	-0.316916	-0.326493	-0.870584	0.198499
1.380000	-0.437175	0.438033	-0.315940	-0.327264	-0.870957	0.196110
1.400000	-0.443411	0.424424	-0.314231	-0.327836	-0.871336	0.193674
1.420000	-0.450147	0.407954	-0.311810	-0.328198	-0.871718	0.191235
1.440000	-0.457203	0.389190	-0.308697	-0.328343	-0.872103	0.188836
1.460000	-0.464396	0.368699	-0.304910	-0.328260	-0.872490	0.186520
1.480000	-0.471545	0.347047	-0.300472	-0.327940	-0.872878	0.184332
1.500000	-0.478468	0.324801	-0.295400	-0.327373	-0.873266	0.182315
