0.000000	1.359426	0.051897	-0.111072	-0.375013	-0.860502	0.152181
0.020000	1.197696	0.060812	-0.101630	-0.374911	-0.858863	0.156715
0.040000	1.026149	0.070574	-0.092409	-0.374919	-0.857240	0.161458
0.060000	0.848362	0.081062	-0.083492	-0.375037	-0.855648	0.166314
0.080000	0.667913	0.092155	-0.074964	-0.375266	-0.854100	0.171185
0.100000	0.488380	0.103733	-0.066909	-0.375606	-0.852612	0.175975
0.120000	0.313339	0.115675	-0.059412	-0.376059	-0.851199	0.180588
0.140000	0.146368	0.127861	-0.052556	-0.376624	-0.849876	0.184925
0.160000	-0.008955	0.140172	-0.046426	-0.377303	-0.848657	0.188892
0.180000	-0.149052	0.152485	-0.041106	-0.378095	-0.847558	0.192389
0.200000	-0.270387	0.164681	-0.036679	-0.379002	-0.846592	0.195323
0.220000	-0.371363	0.176630	-0.033161	-0.380014	-0.845764	0.197652
0.240000	-0.453187	0.188188	-0.030471	-0.381109	-0.845063	0.199413
0.260000	-0.517283	0.199210	-0.028522	-0.382265	-0.844476	0.200649
0.280000	-0.565076	0.209552	-0.027224	-0.383458	-0.843991	0.201405
0.300000	-0.597991	0.219069	-0.026491	-0.384666	-0.843594	0.201723
0.320000	-0.617452	0.227616	-0.026234	-0.385864	-0.843274	0.201647
0.340000	-0.624883	0.235049	-0.026365	-0.387031	-0.843018	0.201221
0.360000	-0.621709	0.241222	-0.026796	-0.388143	-0.842814	0.200488
0.380000	-0.609355	0.245992	-0.027438	-0.389178	-0.842648	0.199492
0.400000	-0.589245	0.249213	-0.028205	-0.390111	-0.842509	0.198275
0.420000	-0.562803	0.250741	-0.029008	-0.390921	-0.842383	0.196883
0.440000	-0.531454	0.250431	-0.029758	-0.391584	-0.842259	0.195357
0.460000	-0.496623	0.248138	-0.030368	-0.392076	-0.842123	0.193742
0.480000	-0.459733	0.243718	-0.030750	-0.392376	-0.841964	0.192081
0.500000	-0.422210	0.237026	-0.030815	-0.392460	-0.841768	0.190418
0.520000	-0.385478	0.227917	-0.030476	-0.392305	-0.841524	0.188795
0.540000	-0.350663	0.216389	-0.029699	-0.391901	-0.841224	0.187247
0.560000	-0.318030	0.202851	-0.028608	-0.391275	-0.840875	0.185779
0.580000	-0.287683	0.187786	-0.027355	-0.390460	-0.840491	0.184390
0.600000	-0.259728	0.171678	-0.026094	-0.389491	-0.840081	0.183081
0.620000	-0.234272	0.155013	-0.024977	-0.388401	-0.839656	0.181849
0.640000	-0.211419	0.138273	-0.024156	-0.387225	-0.839229	0.180697
0.660000	-0.191276	0.121943	-0.023785	-0.385995	-0.838810	0.179623
0.680000	-0.173949	0.106507	-0.024017	-0.384747	-0.838410	0.178626
0.700000	-0.159544	0.092449	-0.025003	-0.383513	-0.838040	0.177707
0.720000	-0.148166	0.080252	-0.026896	-0.382327	-0.837712	0.176866
0.740000	-0.139920	0.070401	-0.029850	-0.381224	-0.837436	0.176102
0.760000	-0.134914	0.063381	-0.034017	-0.380237	-0.837225	0.175414
0.780000	-0.133253	0.059674	-0.039550	-0.379400	-0.837088	0.174803
0.800000	-0.135042	0.059765	-0.046601	-0.378747	-0.837038	0.174269
0.820000	-0.140388	0.064138	-0.055324	-0.378311	-0.837084	0.173810
0.840000	-0.149386	0.073260	-0.065864	-0.378126	-0.837239	0.173427
0.860000	-0.161807	0.087063	-0.078190	-0.378193	-0.837499	0.173121
0.880000	-0.177038	0.104838	-0.092052	-0.378478	-0.837844	0.172893
0.900000	-0.194441	0.125843	-0.107189	-0.378941	-0.838255	0.172744
0.920000	-0.213378	0.149331	-0.123340	-0.379547	-0.838711	0.172677
0.940000	-0.233213	0.174558	-0.140245	-0.380257	-0.839192	0.172694
0.960000	-0.253308	0.200780	-0.157641	-0.381035	-0.839678	0.172795
0.980000	-0.273026	0.227252	-0.175269	-0.381842	-0.840148	0.172983
1.000000	-0.291730	0.253229	-0.192866	-0.382641	-0.840582	0.173260
1.020000	-0.308782	0.277966	-0.210173	-0.383396	-0.840960	0.173627
1.040000	-0.323546	0.300719	-0.226927	-0.384067	-0.841261	0.174086
1.060000	-0.335385	0.320743	-0.242868	-0.384619	-0.841466	0.174639
1.080000	-0.343660	0.337294	-0.257735	-0.385012	-0.841554	0.175288
1.100000	-0.347735	0.349626	-0.271267	-0.385211	-0.841504	0.176033
1.120000	-0.346973	0.356995	-0.283202	-0.385177	-0.841297	0.176878
1.140000	-0.340746	0.358667	-0.293282	-0.384874	-0.840913	0.177823
1.160000	-0.328971	0.354448	-0.301387	-0.384294	-0.840350	0.178859
1.180000	-0.312398	0.344977	-0.307605	-0.383470	-0.839636	0.179958
1.200000	-0.291843	0.330958	-0.312043	-0.382444	-0.838802	0.181092
1.220000	-0.268124	0.313097	-0.314809	-0.381253	-0.837878	0.182232
1.240000	-0.242060	0.292099	-0.316009	-0.379937	-0.836894	0.183350
1.260000	-0.214468	0.268670	-0.315751	-0.378534	-0.835880	0.184416
1.280000	-0.186166	0.243516	-0.314140	-0.377084	-0.834867	0.185402
1.300000	-0.157971	0.217343	-0.311285	-0.375626	-0.833885	0.186279
1.320000	-0.130702	0.190856	-0.307291	-0.374198	-0.832964	0.187019
1.340000	-0.105176	0.164760	-0.302267	-0.372841	-0.832134	0.187593
1.360000	-0.082210	0.139761	-0.296318	-0.371592	-0.831426	0.187973
1.380000	-0.062624	0.116565	-0.289552	-0.370490	-0.830870	0.188128
1.400000	-0.047233	0.095878	-0.282075	-0.369576	-0.830496	0.188032
