0.000000	-0.388923	0.436223	-0.105723	-0.356290	-0.884133	0.222281
0.020000	-0.364780	0.433326	-0.107674	-0.356814	-0.885662	0.221944
0.040000	-0.339439	0.429474	-0.108646	-0.357204	-0.886980	0.221407
0.060000	-0.313456	0.424530	-0.108371	-0.357441	-0.888050	0.220661
0.080000	-0.287389	0.418356	-0.106577	-0.357508	-0.888834	0.219698
0.100000	-0.261795	0.410815	-0.102997	-0.357387	-0.889294	0.218510
0.120000	-0.237227	0.401772	-0.097361	-0.357060	-0.889394	0.217089
0.140000	-0.214136	0.391184	-0.089594	-0.356526	-0.889124	0.215441
0.160000	-0.192787	0.379169	-0.079950	-0.355815	-0.888518	0.213597
0.180000	-0.173426	0.365863	-0.068714	-0.354961	-0.887615	0.211594
0.200000	-0.156300	0.351400	-0.056174	-0.353995	-0.886456	0.209465
0.220000	-0.141656	0.335916	-0.042616	-0.352952	-0.885079	0.207245
0.240000	-0.129741	0.319545	-0.028325	-0.351863	-0.883525	0.204969
0.260000	-0.120801	0.302421	-0.013590	-0.350762	-0.881833	0.202671
0.280000	-0.115084	0.284681	0.001304	-0.349682	-0.880042	0.200386
0.300000	-0.112835	0.266459	0.016069	-0.348655	-0.878192	0.198149
0.320000	-0.114302	0.247889	0.030421	-0.347714	-0.876322	0.195995
0.340000	-0.119732	0.229106	0.044072	-0.346892	-0.874472	0.193957
0.360000	-0.129371	0.210246	0.056735	-0.346222	-0.872681	0.192071
0.380000	-0.143466	0.191444	0.068125	-0.345737	-0.870989	0.190372
0.400000	-0.162264	0.172833	0.077954	-0.345470	-0.869436	0.188893
0.420000	-0.186012	0.154549	0.085936	-0.345453	-0.868061	0.187670
0.440000	-0.214956	0.136728	0.091786	-0.345719	-0.866903	0.186737
0.460000	-0.249100	0.119477	0.095309	-0.346289	-0.865991	0.186119
0.480000	-0.287582	0.102817	0.096652	-0.347136	-0.865310	0.185799
0.500000	-0.329347	0.086746	0.096034	-0.348224	-0.864837	0.185755
0.520000	-0.373341	0.071263	0.093675	-0.349517	-0.864548	0.185964
0.540000	-0.418508	0.056367	0.089794	-0.350978	-0.864422	0.186401
0.560000	-0.463794	0.042056	0.084612	-0.352572	-0.864434	0.187043
0.580000	-0.508143	0.028330	0.078347	-0.354262	-0.864561	0.187866
0.600000	-0.550501	0.015186	0.071219	-0.356011	-0.864780	0.188847
0.620000	-0.589813	0.002625	0.063448	-0.357784	-0.865067	0.189963
0.640000	-0.625024	-0.009356	0.055255	-0.359545	-0.865400	0.191190
0.660000	-0.655078	-0.020757	0.046857	-0.361256	-0.865756	0.192504
0.680000	-0.678922	-0.031580	0.038476	-0.362882	-0.866110	0.193883
0.700000	-0.695501	-0.041825	0.030330	-0.364387	-0.866440	0.195301
0.720000	-0.703758	-0.051495	0.022640	-0.365734	-0.866723	0.196736
0.740000	-0.702640	-0.060590	0.015625	-0.366887	-0.866934	0.198165
0.760000	-0.691418	-0.069096	0.009457	-0.367816	-0.867056	0.199567
0.780000	-0.670894	-0.076925	0.004080	-0.368522	-0.867091	0.200935
0.800000	-0.642323	-0.083968	-0.000627	-0.369014	-0.867044	0.202269
0.820000	-0.606960	-0.090114	-0.004787	-0.369301	-0.866925	0.203568
0.840000	-0.566060	-0.095254	-0.008521	-0.369393	-0.866741	0.204828
0.860000	-0.520877	-0.099280	-0.011951	-0.369298	-0.866499	0.206050
0.880000	-0.472666	-0.102080	-0.015199	-0.369027	-0.866208	0.207232
0.900000	-0.422682	-0.103547	-0.018387	-0.368589	-0.865874	0.208371
0.920000	-0.372179	-0.103569	-0.021637	-0.367993	-0.865505	0.209467
0.940000	-0.322413	-0.102038	-0.025071	-0.367247	-0.865110	0.210518
0.960000	-0.274637	-0.098845	-0.028810	-0.366363	-0.864695	0.211523
0.980000	-0.230106	-0.093878	-0.032977	-0.365348	-0.864268	0.212479
1.000000	-0.190076	-0.087030	-0.037694	-0.364213	-0.863837	0.213386
1.020000	-0.155800	-0.078191	-0.043081	-0.362967	-0.863409	0.214243
1.040000	-0.128534	-0.067250	-0.049263	-0.361618	-0.862993	0.215046
1.060000	-0.109532	-0.054099	-0.056359	-0.360177	-0.862595	0.215796
1.080000	-0.100049	-0.038628	-0.064492	-0.358652	-0.862224	0.216491
1.100000	-0.101274	-0.020740	-0.073777	-0.357054	-0.861886	0.217128
1.120000	-0.113094	-0.000609	-0.084178	-0.355399	-0.861589	0.217703
1.140000	-0.134190	0.021346	-0.095521	-0.353712	-0.861337	0.218207
1.160000	-0.163200	0.044694	-0.107628	-0.352017	-0.861137	0.218633
1.180000	-0.198761	0.069007	-0.120318	-0.350338	-0.860992	0.218971
1.200000	-0.239510	0.093853	-0.133415	-0.348700	-0.860910	0.219214
1.220000	-0.284086	0.118805	-0.146737	-0.347127	-0.860894	0.219353
1.240000	-0.331124	0.143432	-0.160107	-0.345644	-0.860950	0.219380
1.260000	-0.379262	0.167304	-0.173345	-0.344275	-0.861083	0.219286
1.280000	-0.427138	0.189992	-0.186272	-0.343044	-0.861300	0.219064
1.300000	-0.473389	0.211066	-0.198710	-0.341976	-0.861604	0.218704
1.320000	-0.516652	0.230097	-0.210479	-0.341095	-0.862002	0.218198
1.340000	-0.555564	0.246654	-0.221401	-0.340425	-0.862499	0.217539
1.360000	-0.588762	0.260308	-0.231296	-0.339991	-0.863099	0.216717
1.380000	-0.614884	0.270630	-0.239985	-0.339818	-0.863809	0.215724
1.400000	-0.632599	0.277201	-0.247293	-0.339928	-0.864633	0.214553
1.420000	-0.641577	0.279964	-0.253143	-0.340320	-0.865564	0.213212
1.440000	-0.642664	0.279288	-0.257574	-0.340964	-0.866584	0.211727
1.460000	-0.636775	0.275565	-0.260632	-0.341824	-0.867672	0.210126
1.480000	-0.624824	0.269188	-0.262363	-0.342870	-0.868807	0.208438
1.500000	-0.607726	0.260550	-0.262814	-0.344067	-0.869968	0.206691
1.520000	-0.586395	0.250042	-0.262031	-0.345382	-0.871136	0.204913
