0.000000	-0.311635	0.334535	-0.282923	-0.397590	-0.857465	0.177450
0.020000	-0.333427	0.352027	-0.277868	-0.398166	-0.857784	0.177837
0.040000	-0.353454	0.366352	-0.272026	-0.398540	-0.857998	0.178110
0.060000	-0.371280	0.376878	-0.265410	-0.398680	-0.858093	0.178245
0.080000	-0.386470	0.382973	-0.258034	-0.398558	-0.858056	0.178214
0.100000	-0.398588	0.384004	-0.249913	-0.398143	-0.857871	0.177992
0.120000	-0.407205	0.379349	-0.241061	-0.397406	-0.857524	0.177553
0.140000	-0.412253	0.368963	-0.231534	-0.396348	-0.857016	0.176895
0.160000	-0.414192	0.353642	-0.221443	-0.395012	-0.856369	0.176050
0.180000	-0.413526	0.334252	-0.210906	-0.393445	-0.855605	0.175053
0.200000	-0.410755	0.311658	-0.200041	-0.391695	-0.854748	0.173937
0.220000	-0.406383	0.286725	-0.188965	-0.389809	-0.853822	0.172738
0.240000	-0.400912	0.260317	-0.177795	-0.387834	-0.852848	0.171491
0.260000	-0.394845	0.233301	-0.166649	-0.385817	-0.851851	0.170230
0.280000	-0.388683	0.206540	-0.155645	-0.383806	-0.850854	0.168989
0.300000	-0.382930	0.180900	-0.144899	-0.381847	-0.849880	0.167803
0.320000	-0.378088	0.157246	-0.134530	-0.379989	-0.848952	0.166708
0.340000	-0.374659	0.136442	-0.124654	-0.378278	-0.848094	0.165736
0.360000	-0.373146	0.119355	-0.115389	-0.376761	-0.847328	0.164924
0.380000	-0.374051	0.106848	-0.106852	-0.375486	-0.846678	0.164305
0.400000	-0.377709	0.099538	-0.099132	-0.374488	-0.846162	0.163905
0.420000	-0.383790	0.097049	-0.092198	-0.373757	-0.845775	0.163709
0.440000	-0.391799	0.098761	-0.085994	-0.373271	-0.845506	0.163692
0.460000	-0.401240	0.104054	-0.080460	-0.373009	-0.845344	0.163830
0.480000	-0.411617	0.112306	-0.075538	-0.372949	-0.845280	0.164099
0.500000	-0.422436	0.122896	-0.071170	-0.373068	-0.845303	0.164474
0.520000	-0.433201	0.135205	-0.067297	-0.373346	-0.845402	0.164932
0.540000	-0.443416	0.148610	-0.063862	-0.373760	-0.845567	0.165446
0.560000	-0.452586	0.162492	-0.060806	-0.374290	-0.845787	0.165995
0.580000	-0.460216	0.176229	-0.058071	-0.374912	-0.846052	0.166552
0.600000	-0.465810	0.189201	-0.055597	-0.375606	-0.846352	0.167093
0.620000	-0.468872	0.200787	-0.053328	-0.376349	-0.846676	0.167595
0.640000	-0.468908	0.210366	-0.051205	-0.377120	-0.847013	0.168033
0.660000	-0.465422	0.217317	-0.049168	-0.377897	-0.847353	0.168382
0.680000	-0.457919	0.221020	-0.047161	-0.378659	-0.847686	0.168618
0.700000	-0.445909	0.220861	-0.045126	-0.379383	-0.848001	0.168717
0.720000	-0.429316	0.216661	-0.043061	-0.380057	-0.848291	0.168671
0.740000	-0.408710	0.208920	-0.041052	-0.380678	-0.848551	0.168496
0.760000	-0.384716	0.198200	-0.039194	-0.381246	-0.848778	0.168210
0.780000	-0.357960	0.185063	-0.037579	-0.381761	-0.848969	0.167832
0.800000	-0.329069	0.170070	-0.036303	-0.382222	-0.849121	0.167380
0.820000	-0.298669	0.153782	-0.035459	-0.382629	-0.849229	0.166873
0.840000	-0.267386	0.136760	-0.035140	-0.382982	-0.849292	0.166328
0.860000	-0.235845	0.119566	-0.035441	-0.383280	-0.849304	0.165766
0.880000	-0.204674	0.102761	-0.036455	-0.383523	-0.849264	0.165203
0.900000	-0.174497	0.086905	-0.038277	-0.383710	-0.849167	0.164658
0.920000	-0.145941	0.072561	-0.041000	-0.383841	-0.849010	0.164151
0.940000	-0.119632	0.060290	-0.044717	-0.383916	-0.848790	0.163699
0.960000	-0.096196	0.050652	-0.049524	-0.383935	-0.848504	0.163320
0.980000	-0.076259	0.044209	-0.055514	-0.383896	-0.848147	0.163033
1.000000	-0.060447	0.041523	-0.062780	-0.383799	-0.847717	0.162857
1.020000	-0.049387	0.043155	-0.071417	-0.383645	-0.847210	0.162811
1.040000	-0.043677	0.049640	-0.081511	-0.383433	-0.846624	0.162910
1.060000	-0.043299	0.060926	-0.092973	-0.383168	-0.845965	0.163159
1.080000	-0.047605	0.076361	-0.105539	-0.382861	-0.845250	0.163543
1.100000	-0.055919	0.095267	-0.118934	-0.382524	-0.844498	0.164046
1.120000	-0.067566	0.116966	-0.132885	-0.382168	-0.843725	0.164656
1.140000	-0.081869	0.140779	-0.147117	-0.381804	-0.842950	0.165356
1.160000	-0.098152	0.166028	-0.161359	-0.381443	-0.842191	0.166133
1.180000	-0.115740	0.192034	-0.175335	-0.381097	-0.841464	0.166971
1.200000	-0.133958	0.218121	-0.188772	-0.380778	-0.840788	0.167857
1.220000	-0.152128	0.243608	-0.201398	-0.380495	-0.840180	0.168775
1.240000	-0.169576	0.267819	-0.212937	-0.380261	-0.839659	0.169711
1.260000	-0.185625	0.290074	-0.223117	-0.380086	-0.839241	0.170649
1.280000	-0.199601	0.309696	-0.231663	-0.379983	-0.838944	0.171577
1.300000	-0.210826	0.326006	-0.238303	-0.379962	-0.838786	0.172478
1.320000	-0.218625	0.338326	-0.242762	-0.380034	-0.838785	0.173339
1.340000	-0.222337	0.345991	-0.244774	-0.380211	-0.838958	0.174144
1.360000	-0.221867	0.348823	-0.244310	-0.380494	-0.839307	0.174884
1.380000	-0.217854	0.347280	-0.241653	-0.380871	-0.839814	0.175555
1.400000	-0.210985	0.341859	-0.237107	-0.381331	-0.840458	0.176154
1.420000	-0.201946	0.333059	-0.230976	-0.381860	-0.841222	0.176676
1.440000	-0.191426	0.321378	-0.223562	-0.382447	-0.842084	0.177120
1.460000	-0.180111	0.307315	-0.215170	-0.383080	-0.843025	0.177481
1.480000	-0.168688	0.291369	-0.206102	-0.383745	-0.844027	0.177755
1.500000	-0.157845	0.274037	-0.196662	-0.384432	-0.845069	0.177940
1.520000	-0.148269	0.255819	-0.187154	-0.385127	-0.846133	0.178032
1.540000	-0.140647	0.237212	-0.177881	-0.385819	-0.847197	0.178028
1.560000	-0.135666	0.218716	-0.169146	-0.386495	-0.848244	0.177923
1.580000	-0.134012	0.200828	-0.161253	-0.387143	-0.849252	0.177715
1.600000	-0.136375	0.184047	-0.154506	-0.387750	-0.850204	0.177400
