0.000000	0.027108	0.461266	-0.164338	-0.304690	-0.863013	0.173466
0.020000	-0.011193	0.443696	-0.162930	-0.304861	-0.863232	0.174215
0.040000	-0.054542	0.423993	-0.162476	-0.305249	-0.863596	0.175355
0.060000	-0.101887	0.402546	-0.162753	-0.305824	-0.864096	0.176817
0.080000	-0.152176	0.379744	-0.163538	-0.306553	-0.864721	0.178534
0.100000	-0.204357	0.355977	-0.164608	-0.307406	-0.865461	0.180439
0.120000	-0.257378	0.331634	-0.165739	-0.308353	-0.866305	0.182463
0.140000	-0.310186	0.307104	-0.166707	-0.309362	-0.867243	0.184539
0.160000	-0.361729	0.282778	-0.167290	-0.310402	-0.868265	0.186600
0.180000	-0.410954	0.259044	-0.167264	-0.311444	-0.869360	0.188578
0.200000	-0.456810	0.236292	-0.166405	-0.312454	-0.870518	0.190404
0.220000	-0.498244	0.214911	-0.164491	-0.313404	-0.871729	0.192012
0.240000	-0.534203	0.195291	-0.161298	-0.314262	-0.872982	0.193334
0.260000	-0.563740	0.177778	-0.156634	-0.315000	-0.874267	0.194309
0.280000	-0.586787	0.162352	-0.150577	-0.315617	-0.875572	0.194941
0.300000	-0.603724	0.148808	-0.143339	-0.316123	-0.876886	0.195267
0.320000	-0.614932	0.136939	-0.135133	-0.316530	-0.878196	0.195323
0.340000	-0.620793	0.126539	-0.126175	-0.316849	-0.879491	0.195145
0.360000	-0.621688	0.117402	-0.116677	-0.317092	-0.880758	0.194768
0.380000	-0.618001	0.109321	-0.106853	-0.317269	-0.881986	0.194230
0.400000	-0.610112	0.102090	-0.096917	-0.317393	-0.883163	0.193567
0.420000	-0.598403	0.095502	-0.087084	-0.317474	-0.884276	0.192814
0.440000	-0.583256	0.089352	-0.077566	-0.317524	-0.885315	0.192009
0.460000	-0.565054	0.083432	-0.068578	-0.317555	-0.886266	0.191187
0.480000	-0.544178	0.077536	-0.060333	-0.317576	-0.887118	0.190384
0.500000	-0.521010	0.071459	-0.053046	-0.317601	-0.887859	0.189638
0.520000	-0.495931	0.064992	-0.046929	-0.317639	-0.888477	0.188983
0.540000	-0.469324	0.057931	-0.042197	-0.317703	-0.888960	0.188457
0.560000	-0.441571	0.050068	-0.039064	-0.317804	-0.889296	0.188095
0.580000	-0.413050	0.041207	-0.037735	-0.317952	-0.889473	0.187934
0.600000	-0.384072	0.031382	-0.038240	-0.318148	-0.889493	0.187982
0.620000	-0.354879	0.020854	-0.040433	-0.318378	-0.889368	0.188225
0.640000	-0.325710	0.009893	-0.044159	-0.318632	-0.889111	0.188649
0.660000	-0.296804	-0.001230	-0.049267	-0.318897	-0.888735	0.189236
0.680000	-0.268402	-0.012245	-0.055600	-0.319161	-0.888254	0.189972
0.700000	-0.240742	-0.022881	-0.063007	-0.319411	-0.887679	0.190841
0.720000	-0.214064	-0.032867	-0.071334	-0.319635	-0.887026	0.191827
0.740000	-0.188607	-0.041933	-0.080427	-0.319822	-0.886305	0.192915
0.760000	-0.164610	-0.049808	-0.090131	-0.319959	-0.885532	0.194089
0.780000	-0.142313	-0.056221	-0.100295	-0.320033	-0.884718	0.195333
0.800000	-0.121956	-0.060902	-0.110764	-0.320033	-0.883877	0.196632
0.820000	-0.103777	-0.063580	-0.121384	-0.319946	-0.883022	0.197970
0.840000	-0.088017	-0.063985	-0.132002	-0.319761	-0.882167	0.199332
0.860000	-0.074913	-0.061845	-0.142464	-0.319464	-0.881323	0.200702
0.880000	-0.064707	-0.056891	-0.152617	-0.319045	-0.880505	0.202063
0.900000	-0.057636	-0.048852	-0.162308	-0.318489	-0.879725	0.203402
0.920000	-0.053941	-0.037456	-0.171381	-0.317787	-0.878997	0.204702
0.940000	-0.053847	-0.022452	-0.179688	-0.316925	-0.878334	0.205947
0.960000	-0.057273	-0.003997	-0.187168	-0.315917	-0.877739	0.207124
0.980000	-0.063839	0.017351	-0.193843	-0.314797	-0.877208	0.208220
1.000000	-0.073150	0.041018	-0.199743	-0.313600	-0.876737	0.209224
1.020000	-0.084813	0.066429	-0.204894	-0.312364	-0.876323	0.210123
1.040000	-0.098434	0.093009	-0.209325	-0.311123	-0.875959	0.210906
1.060000	-0.113621	0.120184	-0.213063	-0.309914	-0.875642	0.211559
1.080000	-0.129978	0.147379	-0.216137	-0.308771	-0.875368	0.212072
1.100000	-0.147114	0.174019	-0.218574	-0.307732	-0.875132	0.212432
1.120000	-0.164633	0.199530	-0.220402	-0.306831	-0.874930	0.212626
1.140000	-0.182143	0.223338	-0.221648	-0.306105	-0.874756	0.212643
1.160000	-0.199250	0.244866	-0.222342	-0.305589	-0.874608	0.212471
1.180000	-0.215561	0.263542	-0.222509	-0.305320	-0.874480	0.212097
1.200000	-0.230681	0.278790	-0.222179	-0.305332	-0.874368	0.211510
1.220000	-0.244217	0.290035	-0.221379	-0.305662	-0.874268	0.210698
1.240000	-0.255868	0.296880	-0.220137	-0.306331	-0.874176	0.209652
1.260000	-0.265704	0.299645	-0.218483	-0.307306	-0.874094	0.208388
1.280000	-0.273888	0.298831	-0.216448	-0.308536	-0.874023	0.206924
1.300000	-0.280586	0.294939	-0.214061	-0.309973	-0.873965	0.205279
1.320000	-0.285961	0.288471	-0.211353	-0.311567	-0.873924	0.203472
1.340000	-0.290178	0.279929	-0.208354	-0.313271	-0.873902	0.201522
1.360000	-0.293402	0.269814	-0.205095	-0.315033	-0.873899	0.199448
1.380000	-0.295796	0.258627	-0.201605	-0.316807	-0.873920	0.197269
1.400000	-0.297525	0.246871	-0.197916	-0.318541	-0.873965	0.195003
1.420000	-0.298753	0.235046	-0.194056	-0.320189	-0.874037	0.192671
1.440000	-0.299645	0.223653	-0.190057	-0.321699	-0.874139	0.190290
1.460000	-0.300365	0.213196	-0.185949	-0.323024	-0.874272	0.187881
1.480000	-0.301077	0.204174	-0.181762	-0.324114	-0.874439	0.185460
1.500000	-0.301946	0.197090	-0.177527	-0.324920	-0.874642	0.183049
