0.000000	-0.441117	0.294291	-0.247354	-0.317795	-0.859230	0.195274
0.020000	-0.431819	0.292746	-0.231970	-0.316541	-0.859826	0.194204
0.040000	-0.417311	0.288436	-0.216319	-0.315468	-0.860611	0.192980
0.060000	-0.397043	0.281003	-0.200498	-0.314611	-0.861599	0.191596
0.080000	-0.370482	0.270097	-0.184600	-0.314001	-0.862804	0.190046
0.100000	-0.337713	0.255650	-0.168726	-0.313649	-0.864223	0.188334
0.120000	-0.299645	0.237967	-0.152973	-0.313537	-0.865832	0.186483
0.140000	-0.257242	0.217380	-0.137441	-0.313644	-0.867603	0.184511
0.160000	-0.211467	0.194221	-0.122231	-0.313950	-0.869512	0.182441
0.180000	-0.163285	0.168820	-0.107442	-0.314434	-0.871530	0.180295
0.200000	-0.113659	0.141510	-0.093174	-0.315076	-0.873632	0.178092
0.220000	-0.063554	0.112623	-0.079526	-0.315856	-0.875791	0.175854
0.240000	-0.013934	0.082489	-0.066598	-0.316753	-0.877981	0.173602
0.260000	0.034238	0.051441	-0.054490	-0.317747	-0.880176	0.171358
0.280000	0.079996	0.019810	-0.043302	-0.318817	-0.882349	0.169143
0.300000	0.122378	-0.012073	-0.033133	-0.319944	-0.884473	0.166977
0.320000	0.160419	-0.043876	-0.024084	-0.321106	-0.886523	0.164882
0.340000	0.193155	-0.075266	-0.016253	-0.322284	-0.888472	0.162879
0.360000	0.219622	-0.105914	-0.009741	-0.323456	-0.890294	0.160990
0.380000	0.238856	-0.135486	-0.004647	-0.324603	-0.891962	0.159234
0.400000	0.249892	-0.163652	-0.001071	-0.325705	-0.893449	0.157635
0.420000	0.251827	-0.190088	0.000894	-0.326741	-0.894732	0.156211
0.440000	0.244815	-0.214621	0.001280	-0.327703	-0.895804	0.154974
0.460000	0.229921	-0.237203	0.000227	-0.328595	-0.896679	0.153924
0.480000	0.208239	-0.257794	-0.002124	-0.329419	-0.897370	0.153063
0.500000	0.180865	-0.276351	-0.005629	-0.330178	-0.897892	0.152391
0.520000	0.148894	-0.292833	-0.010145	-0.330875	-0.898257	0.151910
0.540000	0.113420	-0.307198	-0.015530	-0.331512	-0.898480	0.151620
0.560000	0.075538	-0.319404	-0.021642	-0.332094	-0.898574	0.151523
0.580000	0.036343	-0.329409	-0.028338	-0.332622	-0.898553	0.151619
0.600000	-0.003071	-0.337172	-0.035474	-0.333099	-0.898429	0.151909
0.620000	-0.041607	-0.342650	-0.042909	-0.333528	-0.898218	0.152395
0.640000	-0.078173	-0.345802	-0.050499	-0.333913	-0.897931	0.153077
0.660000	-0.111672	-0.346586	-0.058103	-0.334256	-0.897584	0.153957
0.680000	-0.141011	-0.344961	-0.065577	-0.334559	-0.897190	0.155034
0.700000	-0.165094	-0.340883	-0.072779	-0.334826	-0.896761	0.156311
0.720000	-0.182826	-0.334313	-0.079566	-0.335060	-0.896313	0.157788
0.740000	-0.193122	-0.325207	-0.085796	-0.335264	-0.895858	0.159467
0.760000	-0.195633	-0.313579	-0.091407	-0.335437	-0.895404	0.161335
0.780000	-0.191241	-0.299525	-0.096471	-0.335573	-0.894952	0.163363
0.800000	-0.180946	-0.283153	-0.101070	-0.335668	-0.894498	0.165519
0.820000	-0.165750	-0.264570	-0.105289	-0.335715	-0.894042	0.167770
0.840000	-0.146652	-0.243883	-0.109210	-0.335708	-0.893583	0.170084
0.860000	-0.124653	-0.221198	-0.112918	-0.335642	-0.893117	0.172429
0.880000	-0.100755	-0.196623	-0.116495	-0.335510	-0.892644	0.174771
0.900000	-0.075956	-0.170264	-0.120027	-0.335307	-0.892163	0.177080
0.920000	-0.051259	-0.142228	-0.123595	-0.335028	-0.891670	0.179323
0.940000	-0.027663	-0.112623	-0.127285	-0.334665	-0.891166	0.181468
0.960000	-0.006169	-0.081554	-0.131178	-0.334213	-0.890648	0.183481
0.980000	0.012222	-0.049130	-0.135360	-0.333668	-0.890115	0.185332
1.000000	0.026510	-0.015456	-0.139913	-0.333021	-0.889565	0.186987
1.020000	0.035695	0.019360	-0.144922	-0.332269	-0.888996	0.188414
1.040000	0.038775	0.055211	-0.150469	-0.331404	-0.888407	0.189582
1.060000	0.034831	0.091978	-0.156628	-0.330422	-0.887796	0.190460
1.080000	0.024025	0.129363	-0.163350	-0.329331	-0.887165	0.191045
1.100000	0.007284	0.166948	-0.170491	-0.328145	-0.886515	0.191357
1.120000	-0.014445	0.204308	-0.177911	-0.326882	-0.885848	0.191415
1.140000	-0.040219	0.241020	-0.185466	-0.325558	-0.885169	0.191235
1.160000	-0.069093	0.276660	-0.193013	-0.324189	-0.884478	0.190839
