0.000000	-0.371650	0.325720	-0.154238	-0.319818	-0.892543	0.209539
0.020000	-0.349261	0.321710	-0.154900	-0.318800	-0.892503	0.207383
0.040000	-0.327013	0.316124	-0.154690	-0.317499	-0.892289	0.205033
0.060000	-0.305257	0.309086	-0.153708	-0.315981	-0.891924	0.202538
0.080000	-0.284346	0.300721	-0.152055	-0.314310	-0.891431	0.199944
0.100000	-0.264633	0.291154	-0.149833	-0.312552	-0.890832	0.197300
0.120000	-0.246469	0.280508	-0.147142	-0.310770	-0.890151	0.194654
0.140000	-0.230207	0.268909	-0.144083	-0.309032	-0.889411	0.192054
0.160000	-0.216198	0.256481	-0.140757	-0.307400	-0.888635	0.189548
0.180000	-0.204796	0.243348	-0.137265	-0.305941	-0.887845	0.187185
0.200000	-0.196351	0.229636	-0.133708	-0.304718	-0.887065	0.185011
0.220000	-0.191217	0.215468	-0.130187	-0.303798	-0.886317	0.183076
0.240000	-0.189668	0.200962	-0.126789	-0.303233	-0.885622	0.181419
0.260000	-0.191534	0.186187	-0.123529	-0.303013	-0.884983	0.180044
0.280000	-0.196485	0.171199	-0.120393	-0.303103	-0.884398	0.178939
0.300000	-0.204192	0.156053	-0.117369	-0.303468	-0.883864	0.178090
0.320000	-0.214326	0.140802	-0.114442	-0.304075	-0.883380	0.177487
0.340000	-0.226556	0.125501	-0.111601	-0.304888	-0.882943	0.177116
0.360000	-0.240553	0.110205	-0.108831	-0.305874	-0.882550	0.176966
0.380000	-0.255988	0.094968	-0.106121	-0.306997	-0.882200	0.177026
0.400000	-0.272531	0.079845	-0.103457	-0.308224	-0.881889	0.177282
0.420000	-0.289853	0.064890	-0.100825	-0.309519	-0.881617	0.177722
0.440000	-0.307624	0.050158	-0.098214	-0.310849	-0.881380	0.178336
0.460000	-0.325515	0.035704	-0.095609	-0.312179	-0.881176	0.179110
0.480000	-0.343195	0.021581	-0.092998	-0.313475	-0.881003	0.180033
0.500000	-0.360336	0.007845	-0.090368	-0.314702	-0.880858	0.181092
0.520000	-0.376608	-0.005450	-0.087705	-0.315826	-0.880739	0.182275
0.540000	-0.391682	-0.018250	-0.084997	-0.316812	-0.880645	0.183571
0.560000	-0.405238	-0.030498	-0.082234	-0.317628	-0.880572	0.184966
0.580000	-0.417103	-0.042107	-0.079450	-0.318267	-0.880523	0.186438
0.600000	-0.427206	-0.052969	-0.076713	-0.318740	-0.880502	0.187957
0.620000	-0.435479	-0.062975	-0.074090	-0.319059	-0.880513	0.189493
0.640000	-0.441855	-0.072018	-0.071649	-0.319236	-0.880560	0.191015
0.660000	-0.446267	-0.079988	-0.069457	-0.319283	-0.880648	0.192494
0.680000	-0.448645	-0.086776	-0.067582	-0.319212	-0.880781	0.193900
0.700000	-0.448923	-0.092275	-0.066092	-0.319035	-0.880964	0.195202
0.720000	-0.447032	-0.096376	-0.065054	-0.318763	-0.881200	0.196370
0.740000	-0.442905	-0.098970	-0.064535	-0.318409	-0.881495	0.197375
0.760000	-0.436473	-0.099948	-0.064603	-0.317984	-0.881852	0.198186
0.780000	-0.427670	-0.099202	-0.065327	-0.317500	-0.882277	0.198773
0.800000	-0.416427	-0.096624	-0.066773	-0.316969	-0.882772	0.199106
0.820000	-0.402677	-0.092104	-0.069008	-0.316403	-0.883343	0.199155
0.840000	-0.386351	-0.085535	-0.072102	-0.315814	-0.883994	0.198890
0.860000	-0.367382	-0.076807	-0.076120	-0.315214	-0.884728	0.198280
0.880000	-0.345792	-0.065869	-0.081103	-0.314613	-0.885549	0.197309
0.900000	-0.322016	-0.052931	-0.086952	-0.314016	-0.886441	0.196016
0.920000	-0.296609	-0.038278	-0.093533	-0.313427	-0.887387	0.194459
0.940000	-0.270126	-0.022196	-0.100711	-0.312847	-0.888369	0.192692
0.960000	-0.243122	-0.004969	-0.108351	-0.312281	-0.889369	0.190775
0.980000	-0.216152	0.013116	-0.116316	-0.311731	-0.890370	0.188762
1.000000	-0.189771	0.031775	-0.124472	-0.311201	-0.891353	0.186710
1.020000	-0.164533	0.050722	-0.132684	-0.310693	-0.892301	0.184678
1.040000	-0.140993	0.069671	-0.140817	-0.310210	-0.893196	0.182720
1.060000	-0.119706	0.088338	-0.148734	-0.309756	-0.894020	0.180893
1.080000	-0.101228	0.106436	-0.156302	-0.309334	-0.894755	0.179256
1.100000	-0.086113	0.123681	-0.163383	-0.308947	-0.895383	0.177863
1.120000	-0.074916	0.139787	-0.169845	-0.308597	-0.895887	0.176771
1.140000	-0.068191	0.154468	-0.175550	-0.308288	-0.896248	0.176039
1.160000	-0.066494	0.167440	-0.180364	-0.308023	-0.896449	0.175721
1.180000	-0.070375	0.178418	-0.184153	-0.307805	-0.896472	0.175874
1.200000	-0.080002	0.187212	-0.186882	-0.307636	-0.896311	0.176514
1.220000	-0.094852	0.193803	-0.188697	-0.307512	-0.895982	0.177582
1.240000	-0.114333	0.198188	-0.189762	-0.307432	-0.895502	0.179010
1.260000	-0.137851	0.200367	-0.190242	-0.307393	-0.894889	0.180733
1.280000	-0.164812	0.200336	-0.190300	-0.307393	-0.894159	0.182684
1.300000	-0.194624	0.198093	-0.190100	-0.307429	-0.893332	0.184797
1.320000	-0.226693	0.193638	-0.189808	-0.307499	-0.892425	0.187004
1.340000	-0.260425	0.186968	-0.189586	-0.307600	-0.891454	0.189240
1.360000	-0.295227	0.178080	-0.189600	-0.307730	-0.890438	0.191438
1.380000	-0.330506	0.166974	-0.190013	-0.307886	-0.889394	0.193532
1.400000	-0.365668	0.153646	-0.190989	-0.308067	-0.888340	0.195454
1.420000	-0.400121	0.138096	-0.192693	-0.308269	-0.887294	0.197139
1.440000	-0.433270	0.120320	-0.195289	-0.308490	-0.886273	0.198520
1.460000	-0.464522	0.100318	-0.198941	-0.308728	-0.885294	0.199531
1.480000	-0.493284	0.078087	-0.203813	-0.308979	-0.884375	0.200104
1.500000	-0.518989	0.053671	-0.210054	-0.309243	-0.883534	0.200178
1.520000	-0.541454	0.027787	-0.217584	-0.309516	-0.882774	0.199759
1.540000	-0.560789	0.001661	-0.226151	-0.309796	-0.882091	0.198901
1.560000	-0.577110	-0.023467	-0.235499	-0.310081	-0.881482	0.197662
