0.000000	-0.259664	0.316662	-0.261492	-0.369700	-0.847828	0.199101
0.020000	-0.267787	0.309845	-0.258726	-0.369596	-0.847276	0.198828
0.040000	-0.273152	0.302313	-0.254749	-0.369471	-0.846854	0.198241
0.060000	-0.275338	0.294075	-0.249469	-0.369312	-0.846583	0.197307
0.080000	-0.274262	0.285153	-0.242894	-0.369115	-0.846470	0.196031
0.100000	-0.270248	0.275585	-0.235146	-0.368883	-0.846498	0.194461
0.120000	-0.263645	0.265412	-0.226354	-0.368622	-0.846650	0.192649
0.140000	-0.254800	0.254672	-0.216649	-0.368334	-0.846909	0.190647
0.160000	-0.244062	0.243404	-0.206159	-0.368024	-0.847259	0.188508
0.180000	-0.231780	0.231649	-0.195014	-0.367695	-0.847683	0.186284
0.200000	-0.218300	0.219445	-0.183344	-0.367352	-0.848162	0.184026
0.220000	-0.203971	0.206831	-0.171277	-0.366999	-0.848681	0.181786
0.240000	-0.189142	0.193847	-0.158944	-0.366639	-0.849223	0.179617
0.260000	-0.174160	0.180533	-0.146474	-0.366278	-0.849769	0.177570
0.280000	-0.159373	0.166927	-0.133996	-0.365918	-0.850304	0.175698
0.300000	-0.145130	0.153069	-0.121640	-0.365563	-0.850810	0.174052
0.320000	-0.131779	0.138998	-0.109536	-0.365219	-0.851271	0.172685
0.340000	-0.119668	0.124753	-0.097812	-0.364888	-0.851669	0.171648
0.360000	-0.109145	0.110375	-0.086599	-0.364575	-0.851987	0.170994
0.380000	-0.100523	0.095909	-0.076019	-0.364283	-0.852211	0.170767
0.400000	-0.093820	0.081465	-0.066145	-0.364014	-0.852343	0.170955
0.420000	-0.088902	0.067184	-0.057023	-0.363768	-0.852394	0.171515
0.440000	-0.085637	0.053208	-0.048698	-0.363543	-0.852377	0.172404
0.460000	-0.083891	0.039677	-0.041216	-0.363341	-0.852302	0.173580
0.480000	-0.083531	0.026734	-0.034623	-0.363161	-0.852182	0.175000
0.500000	-0.084422	0.014519	-0.028964	-0.363003	-0.852027	0.176620
0.520000	-0.086431	0.003174	-0.024285	-0.362866	-0.851851	0.178398
0.540000	-0.089425	-0.007159	-0.020633	-0.362750	-0.851663	0.180292
0.560000	-0.093271	-0.016340	-0.018052	-0.362656	-0.851475	0.182258
0.580000	-0.097834	-0.024227	-0.016588	-0.362583	-0.851300	0.184254
0.600000	-0.102981	-0.030679	-0.016288	-0.362531	-0.851149	0.186237
0.620000	-0.108579	-0.035554	-0.017196	-0.362499	-0.851034	0.188164
0.640000	-0.114493	-0.038711	-0.019359	-0.362488	-0.850965	0.189993
0.660000	-0.120592	-0.040008	-0.022822	-0.362497	-0.850955	0.191680
0.680000	-0.126740	-0.039304	-0.027632	-0.362527	-0.851015	0.193183
0.700000	-0.132809	-0.036467	-0.033828	-0.362576	-0.851156	0.194460
0.720000	-0.138742	-0.031547	-0.041355	-0.362646	-0.851378	0.195501
0.740000	-0.144560	-0.024780	-0.050054	-0.362737	-0.851666	0.196323
0.760000	-0.150286	-0.016409	-0.059767	-0.362849	-0.852010	0.196946
0.780000	-0.155944	-0.006676	-0.070333	-0.362984	-0.852393	0.197390
0.800000	-0.161556	0.004176	-0.081591	-0.363142	-0.852805	0.197674
0.820000	-0.167146	0.015904	-0.093381	-0.363323	-0.853230	0.197819
0.840000	-0.172736	0.028265	-0.105543	-0.363529	-0.853656	0.197844
0.860000	-0.178350	0.041016	-0.117916	-0.363760	-0.854069	0.197768
0.880000	-0.184011	0.053915	-0.130340	-0.364017	-0.854457	0.197611
0.900000	-0.189742	0.066719	-0.142656	-0.364300	-0.854805	0.197393
0.920000	-0.195567	0.079184	-0.154701	-0.364610	-0.855100	0.197134
0.940000	-0.201508	0.091069	-0.166317	-0.364948	-0.855330	0.196854
0.960000	-0.207588	0.102129	-0.177343	-0.365314	-0.855480	0.196571
0.980000	-0.213831	0.112124	-0.187619	-0.365710	-0.855537	0.196306
1.000000	-0.220261	0.120808	-0.196983	-0.366136	-0.855489	0.196078
1.020000	-0.226882	0.127981	-0.205298	-0.366591	-0.855324	0.195905
1.040000	-0.233589	0.133707	-0.212573	-0.367073	-0.855053	0.195783
1.060000	-0.240227	0.138163	-0.218878	-0.367577	-0.854696	0.195701
1.080000	-0.246645	0.141526	-0.224281	-0.368097	-0.854271	0.195648
1.100000	-0.252687	0.143973	-0.228854	-0.368628	-0.853798	0.195613
1.120000	-0.258200	0.145681	-0.232665	-0.369167	-0.853296	0.195586
1.140000	-0.263031	0.146826	-0.235785	-0.369707	-0.852784	0.195554
1.160000	-0.267027	0.147586	-0.238284	-0.370244	-0.852281	0.195507
1.180000	-0.270033	0.148138	-0.240231	-0.370773	-0.851806	0.195434
1.200000	-0.271897	0.148657	-0.241696	-0.371289	-0.851378	0.195324
1.220000	-0.272464	0.149322	-0.242750	-0.371786	-0.851018	0.195166
1.240000	-0.271581	0.150309	-0.243461	-0.372260	-0.850742	0.194948
1.260000	-0.269095	0.151794	-0.243899	-0.372707	-0.850572	0.194660
1.280000	-0.264852	0.153956	-0.244136	-0.373120	-0.850526	0.194291
1.300000	-0.258698	0.156970	-0.244239	-0.373496	-0.850623	0.193829
1.320000	-0.250481	0.161013	-0.244280	-0.373828	-0.850882	0.193264
1.340000	-0.240197	0.166160	-0.244307	-0.374114	-0.851312	0.192590
1.360000	-0.228227	0.172229	-0.244318	-0.374353	-0.851893	0.191819
1.380000	-0.215006	0.178998	-0.244301	-0.374544	-0.852603	0.190964
1.400000	-0.200973	0.186243	-0.244248	-0.374687	-0.853419	0.190038
1.420000	-0.186565	0.193745	-0.244145	-0.374782	-0.854317	0.189055
1.440000	-0.172220	0.201279	-0.243984	-0.374829	-0.855274	0.188028
