0.000000	-0.172220	0.201279	-0.243984	-0.374829	-0.855274	0.188028
0.020000	-0.158376	0.208624	-0.243754	-0.374828	-0.856268	0.186971
0.040000	-0.145470	0.215558	-0.243442	-0.374778	-0.857274	0.185897
0.060000	-0.133940	0.221858	-0.243040	-0.374680	-0.858270	0.184818
0.080000	-0.124223	0.227302	-0.242537	-0.374532	-0.859233	0.183750
0.100000	-0.116757	0.231669	-0.241920	-0.374335	-0.860140	0.182704
0.120000	-0.111979	0.234736	-0.241181	-0.374089	-0.860967	0.181695
0.140000	-0.110328	0.236280	-0.240308	-0.373793	-0.861692	0.180735
0.160000	-0.112241	0.236080	-0.239291	-0.373447	-0.862291	0.179839
0.180000	-0.118155	0.233913	-0.238119	-0.373051	-0.862742	0.179019
0.200000	-0.128508	0.229558	-0.236781	-0.372605	-0.863020	0.178289
0.220000	-0.143591	0.222851	-0.235265	-0.372109	-0.863109	0.177660
0.240000	-0.162915	0.213947	-0.233547	-0.371571	-0.863017	0.177136
0.260000	-0.185727	0.203107	-0.231603	-0.370998	-0.862765	0.176716
0.280000	-0.211274	0.190594	-0.229406	-0.370398	-0.862372	0.176399
0.300000	-0.238805	0.176668	-0.226931	-0.369781	-0.861857	0.176187
0.320000	-0.267566	0.161590	-0.224150	-0.369154	-0.861238	0.176078
0.340000	-0.296806	0.145622	-0.221038	-0.368526	-0.860536	0.176073
0.360000	-0.325771	0.129026	-0.217570	-0.367906	-0.859770	0.176170
0.380000	-0.353711	0.112062	-0.213719	-0.367301	-0.858959	0.176371
0.400000	-0.379871	0.094992	-0.209459	-0.366720	-0.858122	0.176674
0.420000	-0.403501	0.078077	-0.204764	-0.366171	-0.857278	0.177079
0.440000	-0.423847	0.061579	-0.199609	-0.365663	-0.856447	0.177587
0.460000	-0.440157	0.045758	-0.193966	-0.365204	-0.855647	0.178198
0.480000	-0.451679	0.030877	-0.187811	-0.364802	-0.854899	0.178910
0.500000	-0.457661	0.017197	-0.181118	-0.364467	-0.854222	0.179723
0.520000	-0.457352	0.004978	-0.173859	-0.364205	-0.853634	0.180638
0.540000	-0.450475	-0.005589	-0.166068	-0.364021	-0.853147	0.181648
0.560000	-0.437718	-0.014457	-0.157891	-0.363908	-0.852754	0.182733
0.580000	-0.419890	-0.021596	-0.149491	-0.363859	-0.852449	0.183872
0.600000	-0.397797	-0.026979	-0.141030	-0.363865	-0.852223	0.185042
0.620000	-0.372249	-0.030575	-0.132670	-0.363920	-0.852069	0.186222
0.640000	-0.344054	-0.032357	-0.124573	-0.364015	-0.851978	0.187392
0.660000	-0.314019	-0.032294	-0.116902	-0.364143	-0.851943	0.188529
0.680000	-0.282954	-0.030358	-0.109818	-0.364297	-0.851956	0.189612
0.700000	-0.251665	-0.026520	-0.103484	-0.364468	-0.852009	0.190619
0.720000	-0.220961	-0.020751	-0.098062	-0.364650	-0.852094	0.191530
0.740000	-0.191650	-0.013021	-0.093714	-0.364833	-0.852203	0.192321
0.760000	-0.164540	-0.003303	-0.090603	-0.365011	-0.852330	0.192973
0.780000	-0.140440	0.008434	-0.088890	-0.365177	-0.852465	0.193463
0.800000	-0.120157	0.022218	-0.088738	-0.365321	-0.852601	0.193771
0.820000	-0.104499	0.038078	-0.090309	-0.365438	-0.852730	0.193873
0.840000	-0.094237	0.056034	-0.093755	-0.365519	-0.852845	0.193751
0.860000	-0.089441	0.075927	-0.099033	-0.365564	-0.852946	0.193407
0.880000	-0.089579	0.097446	-0.105938	-0.365580	-0.853038	0.192862
0.900000	-0.094101	0.120275	-0.114255	-0.365573	-0.853129	0.192140
0.920000	-0.102455	0.144098	-0.123771	-0.365550	-0.853225	0.191264
0.940000	-0.114088	0.168598	-0.134274	-0.365516	-0.853333	0.190255
0.960000	-0.128451	0.193458	-0.145549	-0.365478	-0.853458	0.189138
0.980000	-0.144990	0.218364	-0.157385	-0.365444	-0.853609	0.187934
1.000000	-0.163154	0.242998	-0.169568	-0.365418	-0.853790	0.186667
1.020000	-0.182393	0.267044	-0.181885	-0.365407	-0.854009	0.185358
1.040000	-0.202153	0.290186	-0.194123	-0.365418	-0.854272	0.184032
1.060000	-0.221884	0.312108	-0.206068	-0.365458	-0.854586	0.182711
1.080000	-0.241034	0.332493	-0.217508	-0.365532	-0.854957	0.181417
1.100000	-0.259052	0.351024	-0.228229	-0.365647	-0.855392	0.180173
1.120000	-0.275386	0.367387	-0.238019	-0.365809	-0.855897	0.179003
1.140000	-0.289484	0.381264	-0.246664	-0.366025	-0.856478	0.177928
1.160000	-0.300799	0.392342	-0.253952	-0.366301	-0.857143	0.176971
1.180000	-0.309080	0.400495	-0.259788	-0.366635	-0.857890	0.176148
1.200000	-0.314578	0.405916	-0.264273	-0.367012	-0.858703	0.175455
1.220000	-0.317594	0.408829	-0.267525	-0.367415	-0.859566	0.174892
1.240000	-0.318425	0.409458	-0.269663	-0.367827	-0.860463	0.174455
1.260000	-0.317373	0.408025	-0.270807	-0.368232	-0.861378	0.174143
1.280000	-0.314737	0.404755	-0.271076	-0.368612	-0.862294	0.173954
1.300000	-0.310815	0.399871	-0.270589	-0.368952	-0.863194	0.173884
1.320000	-0.305908	0.393597	-0.269464	-0.369233	-0.864063	0.173932
1.340000	-0.300315	0.386156	-0.267822	-0.369440	-0.864884	0.174095
1.360000	-0.294335	0.377771	-0.265780	-0.369555	-0.865641	0.174370
1.380000	-0.288269	0.368667	-0.263459	-0.369562	-0.866318	0.174757
1.400000	-0.282415	0.359067	-0.260977	-0.369445	-0.866897	0.175252
1.420000	-0.277073	0.349195	-0.258454	-0.369186	-0.867363	0.175853
1.440000	-0.272543	0.339273	-0.256008	-0.368768	-0.867699	0.176557
1.460000	-0.269125	0.329527	-0.253759	-0.368175	-0.867889	0.177363
1.480000	-0.267116	0.320178	-0.251825	-0.367390	-0.867917	0.178268
1.500000	-0.266738	0.311373	-0.250282	-0.366406	-0.867774	0.179264
1.520000	-0.267931	0.302990	-0.249049	-0.365249	-0.867475	0.180326
1.540000	-0.270576	0.294845	-0.248013	-0.363954	-0.867044	0.181424
1.560000	-0.274553	0.286758	-0.247059	-0.362555	-0.866501	0.182528
