0.000000	-0.640899	0.430773	-0.227819	-0.316614	-0.877366	0.203388
0.020000	-0.637666	0.410808	-0.218364	-0.317010	-0.876113	0.202040
0.040000	-0.631697	0.387545	-0.208909	-0.317495	-0.874815	0.200642
0.060000	-0.623390	0.361604	-0.199496	-0.318054	-0.873503	0.199217
0.080000	-0.613141	0.333606	-0.190164	-0.318670	-0.872212	0.197790
0.100000	-0.601345	0.304170	-0.180954	-0.319326	-0.870973	0.196385
0.120000	-0.588400	0.273918	-0.171906	-0.320006	-0.869819	0.195025
0.140000	-0.574700	0.243470	-0.163060	-0.320694	-0.868783	0.193736
0.160000	-0.560644	0.213446	-0.154458	-0.321373	-0.867896	0.192541
0.180000	-0.546627	0.184465	-0.146138	-0.322026	-0.867193	0.191465
0.200000	-0.533045	0.157150	-0.138142	-0.322638	-0.866705	0.190531
0.220000	-0.520295	0.132119	-0.130511	-0.323191	-0.866464	0.189764
0.240000	-0.508708	0.109897	-0.123277	-0.323672	-0.866496	0.189184
0.260000	-0.498261	0.090494	-0.116439	-0.324077	-0.866782	0.188791
0.280000	-0.488814	0.073742	-0.109982	-0.324409	-0.867287	0.188577
0.300000	-0.480225	0.059477	-0.103894	-0.324669	-0.867979	0.188535
0.320000	-0.472354	0.047532	-0.098158	-0.324859	-0.868823	0.188657
0.340000	-0.465060	0.037742	-0.092762	-0.324979	-0.869787	0.188936
0.360000	-0.458202	0.029941	-0.087692	-0.325031	-0.870837	0.189364
0.380000	-0.451638	0.023963	-0.082933	-0.325018	-0.871939	0.189933
0.400000	-0.445228	0.019642	-0.078470	-0.324939	-0.873060	0.190637
0.420000	-0.438831	0.016813	-0.074291	-0.324797	-0.874165	0.191468
0.440000	-0.432306	0.015310	-0.070381	-0.324593	-0.875223	0.192418
0.460000	-0.425512	0.014967	-0.066726	-0.324329	-0.876198	0.193480
0.480000	-0.418307	0.015618	-0.063312	-0.324005	-0.877058	0.194645
0.500000	-0.410551	0.017098	-0.060124	-0.323625	-0.877769	0.195908
0.520000	-0.402103	0.019240	-0.057149	-0.323188	-0.878297	0.197260
0.540000	-0.392822	0.021879	-0.054372	-0.322696	-0.878610	0.198693
0.560000	-0.382578	0.024857	-0.051785	-0.322152	-0.878675	0.200201
0.580000	-0.371383	0.028110	-0.049433	-0.321560	-0.878500	0.201766
0.600000	-0.359345	0.031638	-0.047404	-0.320928	-0.878114	0.203367
0.620000	-0.346573	0.035443	-0.045783	-0.320263	-0.877548	0.204984
0.640000	-0.333178	0.039526	-0.044657	-0.319574	-0.876834	0.206594
0.660000	-0.319269	0.043889	-0.044113	-0.318866	-0.876002	0.208178
0.680000	-0.304956	0.048534	-0.044237	-0.318149	-0.875083	0.209712
0.700000	-0.290350	0.053463	-0.045116	-0.317429	-0.874109	0.211177
0.720000	-0.275559	0.058676	-0.046836	-0.316715	-0.873109	0.212550
0.740000	-0.260693	0.064176	-0.049484	-0.316013	-0.872116	0.213811
0.760000	-0.245863	0.069965	-0.053147	-0.315332	-0.871160	0.214938
0.780000	-0.231179	0.076043	-0.057910	-0.314678	-0.870272	0.215910
0.800000	-0.216749	0.082412	-0.063861	-0.314060	-0.869483	0.216705
0.820000	-0.202684	0.089075	-0.071086	-0.313485	-0.868824	0.217302
0.840000	-0.189094	0.096033	-0.079672	-0.312960	-0.868326	0.217681
0.860000	-0.176092	0.103287	-0.089695	-0.312493	-0.868019	0.217820
0.880000	-0.163841	0.110848	-0.101058	-0.312089	-0.867906	0.217726
0.900000	-0.152553	0.118729	-0.113511	-0.311748	-0.867969	0.217426
0.920000	-0.142437	0.126947	-0.126799	-0.311471	-0.868188	0.216949
0.940000	-0.133706	0.135517	-0.140668	-0.311262	-0.868546	0.216322
0.960000	-0.126571	0.144454	-0.154861	-0.311120	-0.869022	0.215575
0.980000	-0.121242	0.153774	-0.169125	-0.311047	-0.869597	0.214735
1.000000	-0.117932	0.163493	-0.183204	-0.311044	-0.870253	0.213830
1.020000	-0.116851	0.173625	-0.196844	-0.311114	-0.870970	0.212890
1.040000	-0.118211	0.184186	-0.209789	-0.311257	-0.871729	0.211943
1.060000	-0.122223	0.195191	-0.221785	-0.311474	-0.872510	0.211016
1.080000	-0.129099	0.206657	-0.232577	-0.311768	-0.873296	0.210138
1.100000	-0.139049	0.218597	-0.241909	-0.312139	-0.874066	0.209338
1.120000	-0.152285	0.231029	-0.249528	-0.312589	-0.874801	0.208644
1.140000	-0.169018	0.243966	-0.255178	-0.313119	-0.875483	0.208084
1.160000	-0.189460	0.257426	-0.258603	-0.313731	-0.876092	0.207686
1.180000	-0.213818	0.271421	-0.259554	-0.314426	-0.876609	0.207479
1.200000	-0.242023	0.285889	-0.258036	-0.315200	-0.877027	0.207471
1.220000	-0.273534	0.300634	-0.254500	-0.316042	-0.877358	0.207637
1.240000	-0.307764	0.315449	-0.249437	-0.316939	-0.877618	0.207948
1.260000	-0.344127	0.330125	-0.243337	-0.317878	-0.877821	0.208377
1.280000	-0.382038	0.344453	-0.236692	-0.318848	-0.877982	0.208895
1.300000	-0.420909	0.358227	-0.229994	-0.319834	-0.878114	0.209474
1.320000	-0.460154	0.371237	-0.223734	-0.320826	-0.878234	0.210085
1.340000	-0.499186	0.383276	-0.218404	-0.321810	-0.878355	0.210701
1.360000	-0.537421	0.394136	-0.214494	-0.322774	-0.878492	0.211292
1.380000	-0.574270	0.403608	-0.212497	-0.323705	-0.878660	0.211831
1.400000	-0.609148	0.411483	-0.212903	-0.324591	-0.878873	0.212289
1.420000	-0.641468	0.417555	-0.216204	-0.325419	-0.879147	0.212639
