0.000000	-0.310163	0.339322	-0.267135	-0.312596	-0.892351	0.152268
0.020000	-0.318448	0.307368	-0.252231	-0.311312	-0.892369	0.152164
0.040000	-0.325609	0.281620	-0.236986	-0.309955	-0.892365	0.152103
0.060000	-0.331674	0.261621	-0.221487	-0.308553	-0.892337	0.152072
0.080000	-0.336671	0.246912	-0.205821	-0.307136	-0.892281	0.152061
0.100000	-0.340626	0.237036	-0.190076	-0.305733	-0.892195	0.152057
0.120000	-0.343569	0.231535	-0.174338	-0.304371	-0.892076	0.152048
0.140000	-0.345526	0.229952	-0.158696	-0.303080	-0.891920	0.152021
0.160000	-0.346526	0.231828	-0.143236	-0.301889	-0.891724	0.151966
0.180000	-0.346595	0.236707	-0.128046	-0.300826	-0.891487	0.151869
0.200000	-0.345762	0.244130	-0.113214	-0.299920	-0.891204	0.151720
0.220000	-0.344055	0.253640	-0.098825	-0.299200	-0.890872	0.151505
0.240000	-0.341501	0.264778	-0.084968	-0.298695	-0.890489	0.151214
0.260000	-0.338127	0.277089	-0.071730	-0.298433	-0.890052	0.150833
0.280000	-0.333962	0.290112	-0.059198	-0.298444	-0.889558	0.150351
0.300000	-0.329034	0.303392	-0.047459	-0.298755	-0.889003	0.149756
0.320000	-0.323386	0.316499	-0.036588	-0.299390	-0.888386	0.149040
0.340000	-0.317172	0.329187	-0.026567	-0.300334	-0.887711	0.148216
0.360000	-0.310585	0.341280	-0.017348	-0.301557	-0.886986	0.147307
0.380000	-0.303819	0.352602	-0.008881	-0.303030	-0.886218	0.146336
0.400000	-0.297069	0.362977	-0.001116	-0.304724	-0.885414	0.145326
0.420000	-0.290528	0.372230	0.005996	-0.306609	-0.884581	0.144299
0.440000	-0.284390	0.380183	0.012505	-0.308655	-0.883726	0.143278
0.460000	-0.278849	0.386662	0.018460	-0.310833	-0.882857	0.142285
0.480000	-0.274100	0.391491	0.023912	-0.313115	-0.881981	0.141344
0.500000	-0.270335	0.394493	0.028909	-0.315469	-0.881105	0.140477
0.520000	-0.267750	0.395494	0.033502	-0.317867	-0.880236	0.139706
0.540000	-0.266537	0.394315	0.037740	-0.320280	-0.879382	0.139055
0.560000	-0.266892	0.390783	0.041673	-0.322677	-0.878549	0.138546
0.580000	-0.269008	0.384721	0.045351	-0.325030	-0.877746	0.138202
0.600000	-0.273079	0.375954	0.048822	-0.327309	-0.876978	0.138045
0.620000	-0.279298	0.364304	0.052137	-0.329485	-0.876253	0.138098
0.640000	-0.287843	0.349622	0.055341	-0.331529	-0.875580	0.138382
0.660000	-0.298624	0.332131	0.058400	-0.333433	-0.874964	0.138892
0.680000	-0.311345	0.312345	0.061221	-0.335203	-0.874415	0.139601
0.700000	-0.325705	0.290786	0.063712	-0.336846	-0.873940	0.140481
0.720000	-0.341405	0.267974	0.065777	-0.338370	-0.873549	0.141507
0.740000	-0.358144	0.244431	0.067323	-0.339781	-0.873247	0.142652
0.760000	-0.375621	0.220678	0.068256	-0.341086	-0.873045	0.143888
0.780000	-0.393535	0.197236	0.068480	-0.342292	-0.872950	0.145189
0.800000	-0.411587	0.174627	0.067904	-0.343405	-0.872970	0.146528
0.820000	-0.429475	0.153371	0.066431	-0.344434	-0.873114	0.147878
0.840000	-0.446900	0.133991	0.063969	-0.345385	-0.873389	0.149212
0.860000	-0.463560	0.117007	0.060423	-0.346264	-0.873803	0.150504
0.880000	-0.479155	0.102940	0.055699	-0.347079	-0.874365	0.151726
0.900000	-0.493384	0.092311	0.049703	-0.347837	-0.875084	0.152852
0.920000	-0.505947	0.085643	0.042341	-0.348544	-0.875966	0.153855
0.940000	-0.516555	0.083435	0.033526	-0.349207	-0.877019	0.154708
0.960000	-0.525161	0.085727	0.023347	-0.349833	-0.878234	0.155402
0.980000	-0.531961	0.092100	0.012060	-0.350424	-0.879584	0.155940
1.000000	-0.537159	0.102120	-0.000067	-0.350986	-0.881041	0.156329
1.020000	-0.540960	0.115350	-0.012770	-0.351521	-0.882578	0.156574
1.040000	-0.543570	0.131353	-0.025783	-0.352034	-0.884168	0.156680
1.060000	-0.545192	0.149695	-0.038840	-0.352530	-0.885782	0.156652
1.080000	-0.546032	0.169938	-0.051675	-0.353011	-0.887393	0.156497
1.100000	-0.546296	0.191647	-0.064023	-0.353483	-0.888975	0.156218
1.120000	-0.546187	0.214385	-0.075618	-0.353948	-0.890499	0.155823
1.140000	-0.545910	0.237717	-0.086195	-0.354412	-0.891938	0.155316
1.160000	-0.545671	0.261207	-0.095487	-0.354878	-0.893264	0.154703
1.180000	-0.545675	0.284417	-0.103229	-0.355351	-0.894451	0.153989
1.200000	-0.546126	0.306913	-0.109156	-0.355833	-0.895470	0.153180
1.220000	-0.547230	0.328258	-0.113002	-0.356330	-0.896294	0.152280
1.240000	-0.549191	0.348016	-0.114501	-0.356845	-0.896895	0.151296
1.260000	-0.552165	0.365806	-0.113434	-0.357383	-0.897252	0.150233
1.280000	-0.555981	0.381615	-0.109891	-0.357947	-0.897374	0.149100
1.300000	-0.560335	0.395581	-0.104091	-0.358542	-0.897284	0.147907
1.320000	-0.564922	0.407841	-0.096249	-0.359174	-0.897005	0.146663
1.340000	-0.569437	0.418534	-0.086586	-0.359845	-0.896562	0.145377
1.360000	-0.573574	0.427797	-0.075317	-0.360562	-0.895977	0.144061
1.380000	-0.577030	0.435770	-0.062662	-0.361328	-0.895273	0.142722
1.400000	-0.579498	0.442589	-0.048837	-0.362148	-0.894475	0.141372
1.420000	-0.580674	0.448392	-0.034061	-0.363027	-0.893605	0.140019
1.440000	-0.580252	0.453319	-0.018551	-0.363969	-0.892687	0.138674
1.460000	-0.577929	0.457506	-0.002525	-0.364979	-0.891745	0.137346
1.480000	-0.573399	0.461092	0.013800	-0.366061	-0.890800	0.136044
1.500000	-0.566356	0.464215	0.030205	-0.367219	-0.889878	0.134779
1.520000	-0.556496	0.467012	0.046472	-0.368459	-0.889001	0.133560
1.540000	-0.543515	0.469622	0.062385	-0.369785	-0.888192	0.132398
1.560000	-0.527106	0.472184	0.077724	-0.371201	-0.887476	0.131300
1.580000	-0.506996	0.474821	0.092278	-0.372711	-0.886874	0.130277
1.600000	-0.483430	0.477458	0.105912	-0.374300	-0.886387	0.129326
1.620000	-0.457069	0.479852	0.118553	-0.375941	-0.886000	0.128435
1.640000	-0.428590	0.481756	0.130133	-0.377604	-0.885698	0.127591
1.660000	-0.398670	0.482923	0.140582	-0.379259	-0.885464	0.126781
1.680000	-0.367984	0.483106	0.149830	-0.380879	-0.885282	0.125994
1.700000	-0.337208	0.482058	0.157810	-0.382434	-0.885138	0.125216
1.720000	-0.307017	0.479531	0.164450	-0.383895	-0.885014	0.124435
1.740000	-0.278089	0.475279	0.169681	-0.385233	-0.884895	0.123638
1.760000	-0.251099	0.469055	0.173435	-0.386420	-0.884765	0.122814
1.780000	-0.226723	0.460611	0.175641	-0.387425	-0.884608	0.121949
1.800000	-0.205637	0.449700	0.176231	-0.388220	-0.884409	0.121031
1.820000	-0.188517	0.436076	0.175134	-0.388776	-0.884152	0.120048
1.840000	-0.176039	0.419491	0.172282	-0.389065	-0.883820	0.118987
1.860000	-0.168879	0.399697	0.167604	-0.389056	-0.883397	0.117835
1.880000	-0.167713	0.376449	0.161033	-0.388722	-0.882869	0.116580
1.900000	-0.173036	0.349595	0.152529	-0.388041	-0.882223	0.115215
1.920000	-0.184387	0.319494	0.142224	-0.387037	-0.881469	0.113759
1.940000	-0.200984	0.286674	0.130305	-0.385751	-0.880624	0.112241
1.960000	-0.222044	0.251665	0.116960	-0.384220	-0.879706	0.110690
1.980000	-0.246787	0.214994	0.102375	-0.382484	-0.878732	0.109134
2.000000	-0.274432	0.177192	0.086738	-0.380582	-0.877720	0.107602
2.020000	-0.304196	0.138787	0.070237	-0.378553	-0.876686	0.106123
2.040000	-0.335299	0.100307	0.053058	-0.376437	-0.875648	0.104725
2.060000	-0.366958	0.062282	0.035389	-0.374271	-0.874622	0.103438
2.080000	-0.398392	0.025240	0.017416	-0.372096	-0.873627	0.102289
2.100000	-0.428820	-0.010290	-0.000672	-0.369950	-0.872680	0.101308
2.120000	-0.457460	-0.043779	-0.018688	-0.367872	-0.871798	0.100523
2.140000	-0.483530	-0.074698	-0.036446	-0.365903	-0.870998	0.099963
2.160000	-0.506250	-0.102519	-0.053757	-0.364079	-0.870297	0.099656
