0.000000	-1.958781	-0.079504	-0.507774	-0.278935	-0.588250	-0.148423
0.020000	-2.074126	0.084821	-0.447551	-0.289966	-0.608697	-0.160386
0.040000	-2.184261	0.243655	-0.385631	-0.302144	-0.631046	-0.173176
0.060000	-2.287876	0.393361	-0.322836	-0.315304	-0.654934	-0.186748
0.080000	-2.383658	0.530302	-0.259990	-0.329285	-0.680000	-0.201053
0.100000	-2.470294	0.650842	-0.197915	-0.343922	-0.705880	-0.216045
0.120000	-2.546474	0.751345	-0.137435	-0.359053	-0.732211	-0.231678
0.140000	-2.610886	0.828172	-0.079372	-0.374515	-0.758630	-0.247904
0.160000	-2.662216	0.877688	-0.024549	-0.390144	-0.784776	-0.264676
0.180000	-2.699173	0.896327	0.026218	-0.405778	-0.810288	-0.281946
0.200000	-2.721342	0.883710	0.072476	-0.421289	-0.834936	-0.299627
0.220000	-2.729520	0.843867	0.114267	-0.436600	-0.858668	-0.317575
0.240000	-2.724593	0.781149	0.151670	-0.451634	-0.881446	-0.335642
0.260000	-2.707447	0.699907	0.184765	-0.466316	-0.903232	-0.353680
0.280000	-2.678967	0.604495	0.213631	-0.480571	-0.923987	-0.371542
0.300000	-2.640041	0.499262	0.238347	-0.494324	-0.943673	-0.389079
0.320000	-2.591553	0.388561	0.258993	-0.507499	-0.962253	-0.406144
0.340000	-2.534391	0.276743	0.275649	-0.520022	-0.979686	-0.422590
0.360000	-2.469440	0.168160	0.288393	-0.531816	-0.995936	-0.438268
0.380000	-2.397586	0.067163	0.297305	-0.542807	-1.010964	-0.453030
0.400000	-2.319715	-0.021895	0.302465	-0.552919	-1.024731	-0.466730
0.420000	-2.236713	-0.094663	0.303951	-0.562078	-1.037199	-0.479219
0.440000	-2.149467	-0.146790	0.301844	-0.570207	-1.048330	-0.490349
0.460000	-2.058862	-0.173924	0.296222	-0.577231	-1.058086	-0.499972
0.480000	-1.965779	-0.171744	0.287166	-0.583076	-1.066428	-0.507943
0.500000	-1.870664	-0.138718	0.274849	-0.587705	-1.073330	-0.514192
0.520000	-1.773191	-0.078249	0.259611	-0.591152	-1.078788	-0.518790
0.540000	-1.672954	0.005747	0.241805	-0.593457	-1.082798	-0.521824
0.560000	-1.569547	0.109360	0.221788	-0.594658	-1.085358	-0.523378
0.580000	-1.462564	0.228676	0.199914	-0.594796	-1.086465	-0.523538
0.600000	-1.351599	0.359784	0.176540	-0.593912	-1.086116	-0.522389
0.620000	-1.236247	0.498769	0.152020	-0.592044	-1.084309	-0.520017
0.640000	-1.116102	0.641721	0.126709	-0.589233	-1.081042	-0.516507
0.660000	-0.990759	0.784725	0.100964	-0.585518	-1.076310	-0.511945
0.680000	-0.859811	0.923870	0.075138	-0.580940	-1.070112	-0.506416
0.700000	-0.722852	1.055243	0.049589	-0.575538	-1.062445	-0.500006
0.720000	-0.579478	1.174931	0.024670	-0.569353	-1.053306	-0.492799
0.740000	-0.429282	1.279022	0.000737	-0.562423	-1.042692	-0.484882
0.760000	-0.271859	1.363603	-0.021855	-0.554790	-1.030601	-0.476340
0.780000	-0.106802	1.424761	-0.042749	-0.546492	-1.017030	-0.467257
0.800000	0.066294	1.458585	-0.061592	-0.537570	-1.001976	-0.457721
0.820000	0.247533	1.462474	-0.078147	-0.528075	-0.985481	-0.447811
0.840000	0.435919	1.438638	-0.092615	-0.518097	-0.967746	-0.437597
0.860000	0.630203	1.390386	-0.105298	-0.507737	-0.949012	-0.427141
0.880000	0.829133	1.321028	-0.116498	-0.497095	-0.929518	-0.416507
0.900000	1.031463	1.233873	-0.126515	-0.486271	-0.909503	-0.405761
0.920000	1.235941	1.132230	-0.135652	-0.475366	-0.889207	-0.394965
0.940000	1.441318	1.019409	-0.144210	-0.464479	-0.868868	-0.384185
0.960000	1.646346	0.898719	-0.152490	-0.453711	-0.848726	-0.373483
0.980000	1.849774	0.773470	-0.160794	-0.443161	-0.829021	-0.362925
1.000000	2.050354	0.646971	-0.169423	-0.432931	-0.809992	-0.352575
1.020000	2.246836	0.522531	-0.178679	-0.423120	-0.791878	-0.342495
1.040000	2.437970	0.403460	-0.188864	-0.413828	-0.774919	-0.332752
1.060000	2.622507	0.293068	-0.200278	-0.405156	-0.759354	-0.323408
1.080000	2.799198	0.194662	-0.213223	-0.397204	-0.745422	-0.314528
1.100000	2.966793	0.111554	-0.228000	-0.390071	-0.733363	-0.306175
1.120000	3.124021	0.046341	-0.244788	-0.383839	-0.723364	-0.298399
1.140000	3.269507	-0.001827	-0.263161	-0.378490	-0.715357	-0.291168
1.160000	3.401840	-0.034839	-0.282515	-0.373977	-0.709201	-0.284428
1.180000	3.519614	-0.054586	-0.302243	-0.370254	-0.704751	-0.278127
1.200000	3.621419	-0.062959	-0.321740	-0.367274	-0.701865	-0.272210
1.220000	3.705848	-0.061848	-0.340399	-0.364991	-0.700399	-0.266624
1.240000	3.771492	-0.053143	-0.357615	-0.363358	-0.700210	-0.261314
1.260000	3.816944	-0.038736	-0.372782	-0.362329	-0.701155	-0.256226
1.280000	3.840793	-0.020516	-0.385295	-0.361857	-0.703090	-0.251308
1.300000	3.841634	-0.000374	-0.394547	-0.361896	-0.705873	-0.246505
1.320000	3.818056	0.019798	-0.399933	-0.362399	-0.709359	-0.241763
1.340000	3.768652	0.038112	-0.400847	-0.363320	-0.713406	-0.237028
1.360000	3.692013	0.052675	-0.396683	-0.364611	-0.717871	-0.232247
1.380000	3.586732	0.061599	-0.386836	-0.366227	-0.722610	-0.227366
1.400000	3.451400	0.062991	-0.370699	-0.368121	-0.727480	-0.222331
1.420000	3.284608	0.054962	-0.347667	-0.370247	-0.732338	-0.217088
1.440000	3.084949	0.035622	-0.317134	-0.372557	-0.737041	-0.211583
1.460000	2.852148	0.003868	-0.278954	-0.375006	-0.741474	-0.205785
1.480000	2.589275	-0.039076	-0.234339	-0.377545	-0.745612	-0.199727
1.500000	2.300011	-0.091557	-0.184748	-0.380128	-0.749444	-0.193454
1.520000	1.988041	-0.151925	-0.131641	-0.382706	-0.752958	-0.187012
1.540000	1.657048	-0.218527	-0.076478	-0.385232	-0.756146	-0.180447
1.560000	1.310716	-0.289713	-0.020719	-0.387658	-0.758995	-0.173802
1.580000	0.952726	-0.363830	0.034175	-0.389938	-0.761495	-0.167125
1.600000	0.586764	-0.439228	0.086745	-0.392022	-0.763637	-0.160460
1.620000	0.216512	-0.514253	0.135530	-0.393865	-0.765408	-0.153852
1.640000	-0.154347	-0.587256	0.179071	-0.395418	-0.766799	-0.147347
1.660000	-0.522128	-0.656584	0.215907	-0.396633	-0.767800	-0.140990
1.680000	-0.883150	-0.720586	0.244578	-0.397463	-0.768398	-0.134827
1.700000	-1.233728	-0.777610	0.263625	-0.397861	-0.768585	-0.128903
1.720000	-1.570179	-0.826005	0.271587	-0.397780	-0.768349	-0.123264
1.740000	-1.888821	-0.864118	0.267004	-0.397170	-0.767679	-0.117954
1.760000	-2.185968	-0.890300	0.248417	-0.395985	-0.766566	-0.113019
1.780000	-2.458391	-0.903182	0.214733	-0.394194	-0.765009	-0.108507
1.800000	-2.705721	-0.903210	0.167210	-0.391867	-0.763076	-0.104485
1.820000	-2.928714	-0.891537	0.108021	-0.389114	-0.760860	-0.101024
1.840000	-3.128125	-0.869317	0.039340	-0.386047	-0.758457	-0.098199
1.860000	-3.304713	-0.837704	-0.036657	-0.382775	-0.755959	-0.096082
1.880000	-3.459234	-0.797854	-0.117794	-0.379410	-0.753461	-0.094746
1.900000	-3.592445	-0.750921	-0.201896	-0.376063	-0.751058	-0.094263
1.920000	-3.705102	-0.698059	-0.286788	-0.372843	-0.748842	-0.094708
1.940000	-3.797963	-0.640423	-0.370294	-0.369862	-0.746909	-0.096152
1.960000	-3.871785	-0.579168	-0.450240	-0.367231	-0.745352	-0.098669
1.980000	-3.927324	-0.515447	-0.524449	-0.365059	-0.744266	-0.102332
2.000000	-3.965338	-0.450416	-0.590746	-0.363458	-0.743744	-0.107213
2.020000	-3.986582	-0.385230	-0.646956	-0.362538	-0.743880	-0.113386
2.040000	-3.991815	-0.321042	-0.690903	-0.362410	-0.744769	-0.120924
2.060000	-3.981793	-0.259007	-0.720413	-0.363185	-0.746505	-0.129899
2.080000	-3.957294	-0.200178	-0.733585	-0.364965	-0.749179	-0.140369
2.100000	-3.919283	-0.144726	-0.730882	-0.367773	-0.752858	-0.152266
2.120000	-3.868816	-0.092379	-0.713964	-0.371598	-0.757595	-0.165456
2.140000	-3.806953	-0.042860	-0.684502	-0.376423	-0.763446	-0.179804
