0.000000	-0.348545	0.080802	-0.127332	-0.322204	-0.884262	0.139326
0.020000	-0.359717	0.059390	-0.137040	-0.321872	-0.882811	0.139295
0.040000	-0.371640	0.036280	-0.145673	-0.321486	-0.881432	0.139498
0.060000	-0.384651	0.011701	-0.152858	-0.321044	-0.880154	0.139912
0.080000	-0.399089	-0.014119	-0.158222	-0.320547	-0.879005	0.140517
0.100000	-0.415291	-0.040953	-0.161389	-0.319995	-0.878014	0.141292
0.120000	-0.433596	-0.068571	-0.161988	-0.319387	-0.877209	0.142215
0.140000	-0.454340	-0.096745	-0.159646	-0.318723	-0.876619	0.143266
0.160000	-0.477635	-0.125209	-0.154198	-0.318009	-0.876260	0.144420
0.180000	-0.503054	-0.153605	-0.145972	-0.317263	-0.876120	0.145648
0.200000	-0.530098	-0.181564	-0.135367	-0.316506	-0.876184	0.146919
0.220000	-0.558265	-0.208716	-0.122780	-0.315758	-0.876436	0.148201
0.240000	-0.587055	-0.234690	-0.108610	-0.315038	-0.876859	0.149463
0.260000	-0.615966	-0.259118	-0.093254	-0.314368	-0.877439	0.150675
0.280000	-0.644498	-0.281628	-0.077112	-0.313768	-0.878159	0.151805
0.300000	-0.672149	-0.301852	-0.060580	-0.313258	-0.879003	0.152822
0.320000	-0.698419	-0.319418	-0.044058	-0.312859	-0.879956	0.153695
0.340000	-0.722806	-0.333958	-0.027943	-0.312590	-0.881001	0.154393
0.360000	-0.744810	-0.345101	-0.012633	-0.312473	-0.882124	0.154885
0.380000	-0.763929	-0.352477	0.001474	-0.312527	-0.883307	0.155139
0.400000	-0.779663	-0.355717	0.013979	-0.312772	-0.884536	0.155126
0.420000	-0.791511	-0.354451	0.024484	-0.313230	-0.885795	0.154813
0.440000	-0.798972	-0.348308	0.032591	-0.313920	-0.887066	0.154169
0.460000	-0.801544	-0.336918	0.037902	-0.314863	-0.888336	0.153164
0.480000	-0.798844	-0.320045	0.040113	-0.316069	-0.889589	0.151777
0.500000	-0.791074	-0.298110	0.039382	-0.317506	-0.890816	0.150038
0.520000	-0.778617	-0.271739	0.036016	-0.319123	-0.892012	0.147995
0.540000	-0.761854	-0.241559	0.030316	-0.320873	-0.893169	0.145694
0.560000	-0.741170	-0.208196	0.022589	-0.322707	-0.894281	0.143182
0.580000	-0.716947	-0.172277	0.013138	-0.324576	-0.895341	0.140507
0.600000	-0.689568	-0.134429	0.002267	-0.326433	-0.896343	0.137715
0.620000	-0.659415	-0.095277	-0.009719	-0.328228	-0.897280	0.134853
0.640000	-0.626872	-0.055448	-0.022517	-0.329913	-0.898145	0.131968
0.660000	-0.592322	-0.015568	-0.035821	-0.331440	-0.898932	0.129107
0.680000	-0.556147	0.023735	-0.049328	-0.332760	-0.899635	0.126317
0.700000	-0.518730	0.061835	-0.062734	-0.333824	-0.900246	0.123645
0.720000	-0.480454	0.098107	-0.075734	-0.334585	-0.900759	0.121137
0.740000	-0.441703	0.131923	-0.088024	-0.334994	-0.901168	0.118840
0.760000	-0.402858	0.162658	-0.099300	-0.335001	-0.901466	0.116803
0.780000	-0.364302	0.189686	-0.109258	-0.334560	-0.901646	0.115070
0.800000	-0.326316	0.212657	-0.117742	-0.333657	-0.901710	0.113667
0.820000	-0.288984	0.231744	-0.124871	-0.332353	-0.901675	0.112575
0.840000	-0.252369	0.247179	-0.130799	-0.330711	-0.901563	0.111773
0.860000	-0.216533	0.259196	-0.135678	-0.328799	-0.901391	0.111236
0.880000	-0.181541	0.268026	-0.139661	-0.326684	-0.901180	0.110942
0.900000	-0.147454	0.273902	-0.142900	-0.324429	-0.900949	0.110868
0.920000	-0.114336	0.277057	-0.145547	-0.322103	-0.900718	0.110991
0.940000	-0.082249	0.277723	-0.147756	-0.319771	-0.900506	0.111289
0.960000	-0.051257	0.276134	-0.149678	-0.317500	-0.900333	0.111737
0.980000	-0.021422	0.272521	-0.151467	-0.315354	-0.900219	0.112314
1.000000	0.007194	0.267117	-0.153275	-0.313401	-0.900182	0.112996
1.020000	0.034526	0.260154	-0.155255	-0.311707	-0.900244	0.113761
1.040000	0.060513	0.251866	-0.157558	-0.310337	-0.900422	0.114586
1.060000	0.085092	0.242485	-0.160338	-0.309359	-0.900737	0.115447
1.080000	0.108198	0.232244	-0.163748	-0.308837	-0.901208	0.116322
1.100000	0.129771	0.221374	-0.167939	-0.308838	-0.901855	0.117188
1.120000	0.149727	0.210087	-0.173014	-0.309406	-0.902689	0.118026
1.140000	0.167909	0.198506	-0.178874	-0.310493	-0.903684	0.118839
1.160000	0.184140	0.186732	-0.185369	-0.312031	-0.904805	0.119631
1.180000	0.198241	0.174866	-0.192349	-0.313949	-0.906018	0.120409
1.200000	0.210037	0.163010	-0.199665	-0.316179	-0.907288	0.121180
1.220000	0.219349	0.151264	-0.207167	-0.318650	-0.908582	0.121948
1.240000	0.226000	0.139731	-0.214705	-0.321293	-0.909864	0.122719
1.260000	0.229813	0.128510	-0.222129	-0.324039	-0.911099	0.123501
1.280000	0.230612	0.117704	-0.229291	-0.326818	-0.912255	0.124298
1.300000	0.228218	0.107413	-0.236039	-0.329561	-0.913295	0.125117
1.320000	0.222454	0.097740	-0.242226	-0.332198	-0.914186	0.125964
1.340000	0.213143	0.088784	-0.247700	-0.334660	-0.914893	0.126844
1.360000	0.200109	0.080647	-0.252312	-0.336877	-0.915381	0.127764
1.380000	0.183173	0.073431	-0.255913	-0.338779	-0.915616	0.128729
1.400000	0.162158	0.067237	-0.258353	-0.340298	-0.915564	0.129746
1.420000	0.136887	0.062166	-0.259482	-0.341363	-0.915190	0.130821
1.440000	0.107247	0.058301	-0.259171	-0.341914	-0.914464	0.131957
1.460000	0.073681	0.055572	-0.257474	-0.341965	-0.913408	0.133144
1.480000	0.036924	0.053827	-0.254541	-0.341570	-0.912064	0.134364
1.500000	-0.002287	0.052914	-0.250522	-0.340783	-0.910480	0.135598
1.520000	-0.043214	0.052681	-0.245566	-0.339659	-0.908699	0.136827
1.540000	-0.085119	0.052976	-0.239823	-0.338251	-0.906767	0.138033
1.560000	-0.127267	0.053647	-0.233445	-0.336614	-0.904729	0.139197
1.580000	-0.168920	0.054541	-0.226580	-0.334802	-0.902630	0.140300
1.600000	-0.209339	0.055507	-0.219379	-0.332868	-0.900515	0.141325
1.620000	-0.247789	0.056392	-0.211992	-0.330868	-0.898429	0.142251
1.640000	-0.283531	0.057045	-0.204569	-0.328855	-0.896418	0.143062
1.660000	-0.315829	0.057312	-0.197260	-0.326884	-0.894526	0.143737
1.680000	-0.343945	0.057043	-0.190215	-0.325008	-0.892799	0.144259
1.700000	-0.367143	0.056084	-0.183584	-0.323282	-0.891281	0.144609
1.720000	-0.384684	0.054284	-0.177518	-0.321760	-0.890019	0.144768
1.740000	-0.395901	0.051496	-0.172155	-0.320492	-0.889053	0.144720
1.760000	-0.400982	0.047632	-0.167504	-0.319491	-0.888387	0.144472
1.780000	-0.400684	0.042646	-0.163485	-0.318741	-0.887999	0.144050
1.800000	-0.395776	0.036491	-0.160018	-0.318227	-0.887865	0.143476
1.820000	-0.387027	0.029123	-0.157021	-0.317932	-0.887964	0.142776
1.840000	-0.375207	0.020495	-0.154413	-0.317842	-0.888271	0.141975
1.860000	-0.361082	0.010561	-0.152114	-0.317941	-0.888764	0.141096
1.880000	-0.345424	-0.000724	-0.150041	-0.318214	-0.889419	0.140164
1.900000	-0.328999	-0.013408	-0.148115	-0.318644	-0.890215	0.139204
1.920000	-0.312577	-0.027535	-0.146254	-0.319216	-0.891128	0.138240
1.940000	-0.296927	-0.043151	-0.144376	-0.319914	-0.892135	0.137297
1.960000	-0.282817	-0.060303	-0.142402	-0.320724	-0.893213	0.136399
1.980000	-0.271017	-0.079037	-0.140250	-0.321629	-0.894339	0.135571
2.000000	-0.262294	-0.099398	-0.137838	-0.322615	-0.895490	0.134837
2.020000	-0.257418	-0.121432	-0.135087	-0.323664	-0.896643	0.134222
2.040000	-0.257158	-0.145186	-0.131914	-0.324763	-0.897776	0.133750
2.060000	-0.262265	-0.170698	-0.128241	-0.325894	-0.898866	0.133445
2.080000	-0.272837	-0.197742	-0.124054	-0.327040	-0.899898	0.133311
2.100000	-0.288116	-0.225747	-0.119428	-0.328179	-0.900870	0.133326
2.120000	-0.307291	-0.254119	-0.114442	-0.329288	-0.901780	0.133467
2.140000	-0.329548	-0.282262	-0.109175	-0.330345	-0.902628	0.133709
2.160000	-0.354072	-0.309583	-0.103709	-0.331328	-0.903410	0.134030
2.180000	-0.380052	-0.335487	-0.098121	-0.332214	-0.904125	0.134405
2.200000	-0.406673	-0.359380	-0.092493	-0.332981	-0.904771	0.134810
2.220000	-0.433122	-0.380666	-0.086903	-0.333606	-0.905348	0.135222
2.240000	-0.458586	-0.398751	-0.081431	-0.334068	-0.905852	0.135618
2.260000	-0.482252	-0.413042	-0.076157	-0.334344	-0.906282	0.135972
2.280000	-0.503305	-0.422942	-0.071160	-0.334412	-0.906636	0.136262
2.300000	-0.520934	-0.427859	-0.066521	-0.334249	-0.906914	0.136465
