0.000000	0.392311	0.684279	-0.298049	-0.311431	-0.902802	0.141488
0.020000	0.383019	0.721402	-0.304708	-0.312198	-0.903969	0.142930
0.040000	0.367826	0.755537	-0.310094	-0.312556	-0.904444	0.144072
0.060000	0.347169	0.786319	-0.314220	-0.312529	-0.904268	0.144909
0.080000	0.321713	0.813437	-0.317126	-0.312160	-0.903520	0.145454
0.100000	0.292120	0.836581	-0.318854	-0.311493	-0.902279	0.145718
0.120000	0.259056	0.855440	-0.319447	-0.310573	-0.900626	0.145715
0.140000	0.223184	0.869704	-0.318947	-0.309444	-0.898638	0.145455
0.160000	0.185169	0.879062	-0.317394	-0.308150	-0.896397	0.144950
0.180000	0.145674	0.883204	-0.314832	-0.306735	-0.893981	0.144214
0.200000	0.105364	0.881818	-0.311301	-0.305243	-0.891469	0.143258
0.220000	0.064903	0.874596	-0.306844	-0.303719	-0.888942	0.142094
0.240000	0.024954	0.861225	-0.301502	-0.302206	-0.886479	0.140735
0.260000	-0.013817	0.841396	-0.295318	-0.300749	-0.884159	0.139191
0.280000	-0.050748	0.814799	-0.288334	-0.299392	-0.882062	0.137477
0.300000	-0.085173	0.781122	-0.280590	-0.298179	-0.880266	0.135602
0.320000	-0.116430	0.740055	-0.272129	-0.297155	-0.878853	0.133581
0.340000	-0.143853	0.691287	-0.262993	-0.296363	-0.877900	0.131424
0.360000	-0.166830	0.634577	-0.253225	-0.295844	-0.877483	0.129145
0.380000	-0.185412	0.570559	-0.242876	-0.295597	-0.877593	0.126773
0.400000	-0.200108	0.500475	-0.232004	-0.295589	-0.878172	0.124346
0.420000	-0.211438	0.425580	-0.220667	-0.295791	-0.879157	0.121904
0.440000	-0.219920	0.347129	-0.208924	-0.296168	-0.880487	0.119487
0.460000	-0.226075	0.266376	-0.196834	-0.296690	-0.882099	0.117134
0.480000	-0.230421	0.184576	-0.184454	-0.297324	-0.883932	0.114884
0.500000	-0.233477	0.102984	-0.171842	-0.298039	-0.885924	0.112777
0.520000	-0.235763	0.022855	-0.159057	-0.298803	-0.888014	0.110851
0.540000	-0.237798	-0.054556	-0.146158	-0.299583	-0.890140	0.109147
0.560000	-0.240101	-0.127996	-0.133201	-0.300348	-0.892239	0.107703
0.580000	-0.243191	-0.196209	-0.120247	-0.301065	-0.894250	0.106560
0.600000	-0.247588	-0.257940	-0.107352	-0.301704	-0.896112	0.105756
0.620000	-0.253810	-0.311934	-0.094576	-0.302231	-0.897763	0.105331
0.640000	-0.262378	-0.356938	-0.081976	-0.302616	-0.899140	0.105324
0.660000	-0.273782	-0.391754	-0.069612	-0.302827	-0.900185	0.105772
0.680000	-0.288023	-0.416279	-0.057574	-0.302862	-0.900888	0.106668
0.700000	-0.304661	-0.431373	-0.045976	-0.302743	-0.901280	0.107968
0.720000	-0.323240	-0.437933	-0.034933	-0.302492	-0.901397	0.109625
0.740000	-0.343307	-0.436853	-0.024561	-0.302133	-0.901273	0.111592
0.760000	-0.364406	-0.429030	-0.014977	-0.301689	-0.900942	0.113822
0.780000	-0.386083	-0.415358	-0.006294	-0.301181	-0.900439	0.116269
0.800000	-0.407884	-0.396733	0.001370	-0.300633	-0.899798	0.118886
0.820000	-0.429353	-0.374051	0.007900	-0.300068	-0.899053	0.121627
0.840000	-0.450037	-0.348207	0.013181	-0.299508	-0.898238	0.124446
0.860000	-0.469480	-0.320097	0.017097	-0.298977	-0.897388	0.127294
0.880000	-0.487228	-0.290615	0.019533	-0.298497	-0.896538	0.130127
0.900000	-0.502827	-0.260658	0.020372	-0.298091	-0.895721	0.132897
0.920000	-0.515821	-0.231120	0.019499	-0.297781	-0.894972	0.135558
0.940000	-0.525756	-0.202897	0.016799	-0.297591	-0.894325	0.138062
0.960000	-0.532178	-0.176885	0.012155	-0.297543	-0.893814	0.140365
0.980000	-0.534635	-0.153975	0.005455	-0.297660	-0.893475	0.142418
1.000000	-0.532929	-0.134659	-0.003277	-0.297947	-0.893321	0.144197
1.020000	-0.527304	-0.118745	-0.013774	-0.298380	-0.893336	0.145714
1.040000	-0.518045	-0.105973	-0.025745	-0.298932	-0.893499	0.146982
1.060000	-0.505439	-0.096081	-0.038901	-0.299575	-0.893789	0.148018
1.080000	-0.489772	-0.088808	-0.052949	-0.300281	-0.894185	0.148835
1.100000	-0.471331	-0.083893	-0.067601	-0.301023	-0.894667	0.149449
1.120000	-0.450401	-0.081076	-0.082564	-0.301775	-0.895215	0.149874
1.140000	-0.427270	-0.080094	-0.097550	-0.302508	-0.895807	0.150126
1.160000	-0.402223	-0.080688	-0.112266	-0.303195	-0.896422	0.150220
1.180000	-0.375546	-0.082596	-0.126422	-0.303810	-0.897041	0.150169
1.200000	-0.347527	-0.085558	-0.139729	-0.304323	-0.897643	0.149990
1.220000	-0.318451	-0.089311	-0.151895	-0.304709	-0.898206	0.149697
1.240000	-0.288604	-0.093596	-0.162630	-0.304939	-0.898710	0.149304
1.260000	-0.258273	-0.098152	-0.171643	-0.304986	-0.899135	0.148828
1.280000	-0.227745	-0.102716	-0.178643	-0.304823	-0.899460	0.148282
1.300000	-0.197305	-0.107029	-0.183341	-0.304423	-0.899664	0.147681
1.320000	-0.167239	-0.110881	-0.185553	-0.303771	-0.899733	0.147041
1.340000	-0.137827	-0.114252	-0.185484	-0.302895	-0.899676	0.146372
1.360000	-0.109349	-0.117163	-0.183422	-0.301837	-0.899510	0.145688
1.380000	-0.082087	-0.119633	-0.179658	-0.300636	-0.899248	0.145000
1.400000	-0.056319	-0.121683	-0.174479	-0.299330	-0.898905	0.144321
1.420000	-0.032325	-0.123335	-0.168176	-0.297961	-0.898497	0.143661
1.440000	-0.010387	-0.124608	-0.161038	-0.296567	-0.898038	0.143034
1.460000	0.009217	-0.125523	-0.153354	-0.295189	-0.897543	0.142450
1.480000	0.026207	-0.126100	-0.145414	-0.293865	-0.897027	0.141923
1.500000	0.040301	-0.126361	-0.137507	-0.292636	-0.896506	0.141464
1.520000	0.051221	-0.126325	-0.129923	-0.291541	-0.895993	0.141084
1.540000	0.058686	-0.126013	-0.122950	-0.290620	-0.895504	0.140797
1.560000	0.062417	-0.125447	-0.116878	-0.289912	-0.895053	0.140614
1.580000	0.062132	-0.124645	-0.111997	-0.289458	-0.894657	0.140546
1.600000	0.057553	-0.123630	-0.108595	-0.289296	-0.894328	0.140606
1.620000	0.048399	-0.122421	-0.106962	-0.289467	-0.894083	0.140807
1.640000	0.034469	-0.121019	-0.107351	-0.290002	-0.893935	0.141157
1.660000	0.016167	-0.119261	-0.109723	-0.290871	-0.893886	0.141654
1.680000	-0.005815	-0.116911	-0.113907	-0.292016	-0.893931	0.142287
1.700000	-0.030786	-0.113733	-0.119728	-0.293379	-0.894067	0.143047
1.720000	-0.058054	-0.109488	-0.127013	-0.294901	-0.894290	0.143925
1.740000	-0.086927	-0.103939	-0.135589	-0.296524	-0.894596	0.144909
1.760000	-0.116715	-0.096850	-0.145281	-0.298188	-0.894982	0.145991
1.780000	-0.146724	-0.087983	-0.155917	-0.299836	-0.895443	0.147160
1.800000	-0.176263	-0.077101	-0.167323	-0.301409	-0.895977	0.148406
1.820000	-0.204641	-0.063967	-0.179325	-0.302848	-0.896578	0.149720
1.840000	-0.231165	-0.048343	-0.191750	-0.304094	-0.897244	0.151092
1.860000	-0.255144	-0.029992	-0.204424	-0.305090	-0.897971	0.152511
1.880000	-0.275887	-0.008678	-0.217174	-0.305777	-0.898753	0.153969
1.900000	-0.292700	0.015838	-0.229826	-0.306095	-0.899589	0.155454
1.920000	-0.304894	0.043792	-0.242206	-0.305987	-0.900474	0.156958
1.940000	-0.311775	0.075421	-0.254142	-0.305394	-0.901404	0.158470
1.960000	-0.312686	0.110941	-0.265463	-0.304261	-0.902376	0.159980
1.980000	-0.307629	0.150120	-0.276081	-0.302600	-0.903381	0.161471
2.000000	-0.297219	0.192313	-0.285980	-0.300489	-0.904412	0.162919
2.020000	-0.282093	0.236861	-0.295147	-0.298005	-0.905456	0.164300
2.040000	-0.262889	0.283104	-0.303572	-0.295226	-0.906505	0.165590
2.060000	-0.240243	0.330382	-0.311241	-0.292232	-0.907548	0.166766
2.080000	-0.214793	0.378036	-0.318141	-0.289099	-0.908576	0.167804
2.100000	-0.187176	0.425407	-0.324262	-0.285908	-0.909578	0.168679
2.120000	-0.158029	0.471834	-0.329590	-0.282736	-0.910544	0.169368
2.140000	-0.127990	0.516658	-0.334114	-0.279661	-0.911465	0.169846
2.160000	-0.097696	0.559220	-0.337820	-0.276762	-0.912331	0.170090
2.180000	-0.067783	0.598859	-0.340697	-0.274117	-0.913130	0.170076
2.200000	-0.038890	0.634916	-0.342732	-0.271805	-0.913855	0.169781
2.220000	-0.011654	0.666732	-0.343913	-0.269904	-0.914493	0.169179
2.240000	0.013289	0.693646	-0.344228	-0.268492	-0.915036	0.168247
2.260000	0.035300	0.714999	-0.343664	-0.267648	-0.915474	0.166962
2.280000	0.053820	0.730256	-0.342213	-0.267434	-0.915797	0.165307
2.300000	0.068765	0.739645	-0.339887	-0.267820	-0.916007	0.163314
2.320000	0.080232	0.743686	-0.336705	-0.268736	-0.916105	0.161033
2.340000	0.088317	0.742899	-0.332688	-0.270114	-0.916095	0.158516
2.360000	0.093119	0.737806	-0.327857	-0.271886	-0.915981	0.155812
2.380000	0.094735	0.728926	-0.322230	-0.273984	-0.915766	0.152972
