0.000000	-3.989664	0.177190	-0.596720	-0.343871	-0.767594	-0.045812
0.020000	-4.131256	0.292844	-0.606532	-0.342170	-0.761720	-0.052244
0.040000	-4.253634	0.403887	-0.609523	-0.340922	-0.757123	-0.059775
0.060000	-4.355357	0.508938	-0.604668	-0.340187	-0.754022	-0.068472
0.080000	-4.434981	0.606613	-0.590942	-0.340027	-0.752635	-0.078403
0.100000	-4.491064	0.695530	-0.567318	-0.340504	-0.753182	-0.089636
0.120000	-4.522211	0.774342	-0.532809	-0.341678	-0.755873	-0.102236
0.140000	-4.528476	0.842794	-0.487603	-0.343547	-0.760708	-0.116170
0.160000	-4.511575	0.901882	-0.433235	-0.346041	-0.767443	-0.131299
0.180000	-4.473319	0.952671	-0.371316	-0.349086	-0.775820	-0.147474
0.200000	-4.415516	0.996228	-0.303457	-0.352606	-0.785582	-0.164547
0.220000	-4.339975	1.033619	-0.231267	-0.356528	-0.796470	-0.182373
0.240000	-4.248504	1.065908	-0.156358	-0.360778	-0.808226	-0.200802
0.260000	-4.142914	1.094162	-0.080339	-0.365280	-0.820594	-0.219689
0.280000	-4.025012	1.119446	-0.004822	-0.369960	-0.833315	-0.238884
0.300000	-3.896608	1.142826	0.068584	-0.374744	-0.846132	-0.258242
0.320000	-3.759512	1.165368	0.138267	-0.379558	-0.858786	-0.277614
0.340000	-3.615531	1.188137	0.202618	-0.384326	-0.871020	-0.296853
0.360000	-3.466475	1.212199	0.260026	-0.388976	-0.882576	-0.315811
0.380000	-3.314153	1.238621	0.308881	-0.393431	-0.893196	-0.334342
0.400000	-3.160375	1.268467	0.347571	-0.397618	-0.902623	-0.352297
0.420000	-3.006937	1.302788	0.374508	-0.401464	-0.910602	-0.369531
0.440000	-2.855093	1.341843	0.389219	-0.404947	-0.917057	-0.385973
0.460000	-2.705291	1.384732	0.392864	-0.408128	-0.922173	-0.401660
0.480000	-2.557916	1.430459	0.386740	-0.411071	-0.926158	-0.416641
0.500000	-2.413353	1.478030	0.372137	-0.413840	-0.929217	-0.430963
0.520000	-2.271988	1.526452	0.350350	-0.416500	-0.931558	-0.444673
0.540000	-2.134205	1.574728	0.322673	-0.419117	-0.933385	-0.457819
0.560000	-2.000388	1.621866	0.290398	-0.421755	-0.934907	-0.470447
0.580000	-1.870924	1.666871	0.254819	-0.424479	-0.936329	-0.482605
0.600000	-1.746197	1.708749	0.217229	-0.427354	-0.937858	-0.494340
0.620000	-1.626593	1.746504	0.178922	-0.430444	-0.939701	-0.505701
0.640000	-1.512495	1.779144	0.141191	-0.433815	-0.942063	-0.516733
0.660000	-1.404289	1.805673	0.105330	-0.437531	-0.945151	-0.527485
0.680000	-1.302361	1.825097	0.072631	-0.441657	-0.949172	-0.538003
0.700000	-1.207094	1.836421	0.044388	-0.446259	-0.954333	-0.548336
0.720000	-1.118875	1.838653	0.021895	-0.451400	-0.960839	-0.558529
0.740000	-1.038087	1.830796	0.006445	-0.457145	-0.968897	-0.568632
0.760000	-0.964627	1.812274	-0.001179	-0.463515	-0.978600	-0.578655
0.780000	-0.896939	1.783740	-0.001708	-0.470393	-0.989704	-0.588504
0.800000	-0.833197	1.746080	0.003848	-0.477639	-1.001901	-0.598065
0.820000	-0.771576	1.700177	0.014477	-0.485114	-1.014885	-0.607225
0.840000	-0.710251	1.646916	0.029169	-0.492676	-1.028349	-0.615870
0.860000	-0.647397	1.587180	0.046913	-0.500186	-1.041987	-0.623886
0.880000	-0.581188	1.521854	0.066697	-0.507502	-1.055490	-0.631159
0.900000	-0.509800	1.451821	0.087510	-0.514485	-1.068554	-0.637575
0.920000	-0.431408	1.377966	0.108342	-0.520995	-1.080870	-0.643021
0.940000	-0.344186	1.301173	0.128182	-0.526891	-1.092132	-0.647384
0.960000	-0.246309	1.222326	0.146018	-0.532032	-1.102033	-0.650548
0.980000	-0.135952	1.142310	0.160840	-0.536278	-1.110266	-0.652400
1.000000	-0.011290	1.062007	0.171637	-0.539490	-1.116524	-0.652827
1.020000	0.129502	0.982302	0.177397	-0.541526	-1.120501	-0.651715
1.040000	0.288249	0.904080	0.177110	-0.542247	-1.121889	-0.648950
1.060000	0.466777	0.828224	0.169764	-0.541512	-1.120383	-0.644418
1.080000	0.666314	0.755448	0.154553	-0.539209	-1.115735	-0.638032
1.100000	0.884272	0.685375	0.131973	-0.535414	-1.108089	-0.629878
1.120000	1.116559	0.617200	0.103033	-0.530275	-1.097740	-0.620109
1.140000	1.359083	0.550115	0.068744	-0.523940	-1.084985	-0.608878
1.160000	1.607748	0.483313	0.030115	-0.516558	-1.070121	-0.596337
1.180000	1.858461	0.415989	-0.011842	-0.508276	-1.053444	-0.582641
1.200000	2.107127	0.347334	-0.056118	-0.499244	-1.035249	-0.567943
1.220000	2.349653	0.276543	-0.101700	-0.489609	-1.015834	-0.552396
1.240000	2.581944	0.202807	-0.147580	-0.479519	-0.995494	-0.536152
1.260000	2.799906	0.125321	-0.192747	-0.469124	-0.974527	-0.519366
1.280000	2.999445	0.043277	-0.236189	-0.458571	-0.953228	-0.502191
1.300000	3.176467	-0.044132	-0.276897	-0.448009	-0.931893	-0.484779
1.320000	3.326877	-0.137712	-0.313860	-0.437586	-0.910820	-0.467285
1.340000	3.446581	-0.238270	-0.346068	-0.427450	-0.890304	-0.449860
1.360000	3.531486	-0.346614	-0.372510	-0.417749	-0.870641	-0.432659
1.380000	3.577505	-0.463547	-0.392177	-0.408633	-0.852129	-0.415835
1.400000	3.582912	-0.589076	-0.404581	-0.400207	-0.834982	-0.399504
1.420000	3.551678	-0.721283	-0.410488	-0.392478	-0.819224	-0.383693
1.440000	3.488615	-0.857965	-0.410851	-0.385439	-0.804848	-0.368419
1.460000	3.398534	-0.996919	-0.406621	-0.379080	-0.791850	-0.353695
1.480000	3.286249	-1.135943	-0.398752	-0.373395	-0.780223	-0.339537
1.500000	3.156571	-1.272834	-0.388194	-0.368374	-0.769962	-0.325959
1.520000	3.014312	-1.405390	-0.375900	-0.364011	-0.761061	-0.312977
1.540000	2.864283	-1.531408	-0.362823	-0.360296	-0.753514	-0.300605
1.560000	2.711298	-1.648684	-0.349914	-0.357221	-0.747315	-0.288858
1.580000	2.560167	-1.755018	-0.338125	-0.354779	-0.742459	-0.277751
1.600000	2.415704	-1.848205	-0.328409	-0.352962	-0.738941	-0.267299
1.620000	2.282720	-1.926044	-0.321717	-0.351760	-0.736753	-0.257517
1.640000	2.166026	-1.986331	-0.319002	-0.351168	-0.735891	-0.248419
1.660000	2.070436	-2.026865	-0.321216	-0.351175	-0.736349	-0.240021
1.680000	2.000760	-2.045441	-0.329310	-0.351774	-0.738121	-0.232337
1.700000	1.961629	-2.039977	-0.344200	-0.352956	-0.741199	-0.225381
1.720000	1.953443	-2.011101	-0.365912	-0.354670	-0.745502	-0.219115
1.740000	1.972363	-1.962172	-0.393586	-0.356827	-0.750881	-0.213458
1.760000	2.014364	-1.896662	-0.426323	-0.359336	-0.757183	-0.208321
1.780000	2.075422	-1.818049	-0.463222	-0.362104	-0.764255	-0.203618
1.800000	2.151512	-1.729806	-0.503384	-0.365040	-0.771942	-0.199264
1.820000	2.238609	-1.635408	-0.545910	-0.368053	-0.780093	-0.195171
1.840000	2.332688	-1.538331	-0.589900	-0.371051	-0.788553	-0.191253
1.860000	2.429724	-1.442050	-0.634455	-0.373943	-0.797170	-0.187424
1.880000	2.525694	-1.350039	-0.678674	-0.376638	-0.805791	-0.183598
1.900000	2.616571	-1.265775	-0.721659	-0.379043	-0.814261	-0.179687
1.920000	2.698332	-1.192731	-0.762510	-0.381067	-0.822429	-0.175606
1.940000	2.766951	-1.134382	-0.800326	-0.382619	-0.830140	-0.171269
1.960000	2.818404	-1.094205	-0.834210	-0.383607	-0.837242	-0.166588
1.980000	2.848666	-1.075673	-0.863261	-0.383939	-0.843582	-0.161478
2.000000	2.853784	-1.082182	-0.886594	-0.383527	-0.849008	-0.155853
2.020000	2.832504	-1.114119	-0.903902	-0.382356	-0.853470	-0.149686
2.040000	2.787027	-1.168026	-0.915614	-0.380509	-0.857045	-0.143021
2.060000	2.719775	-1.240192	-0.922206	-0.378076	-0.859818	-0.135907
2.080000	2.633173	-1.326908	-0.924155	-0.375144	-0.861875	-0.128394
2.100000	2.529646	-1.424463	-0.921938	-0.371804	-0.863300	-0.120532
2.120000	2.411617	-1.529148	-0.916032	-0.368145	-0.864179	-0.112369
2.140000	2.281512	-1.637253	-0.906914	-0.364256	-0.864598	-0.103955
2.160000	2.141755	-1.745067	-0.895061	-0.360225	-0.864640	-0.095339
2.180000	1.994769	-1.848880	-0.880949	-0.356142	-0.864392	-0.086572
2.200000	1.842979	-1.944983	-0.865055	-0.352096	-0.863939	-0.077701
2.220000	1.688810	-2.029666	-0.847857	-0.348177	-0.863366	-0.068777
2.240000	1.534686	-2.099218	-0.829830	-0.344472	-0.862758	-0.059848
2.260000	1.383031	-2.149930	-0.811452	-0.341073	-0.862201	-0.050965
2.280000	1.236269	-2.178091	-0.793200	-0.338066	-0.861779	-0.042177
2.300000	1.096825	-2.179992	-0.775551	-0.335543	-0.861578	-0.033532
2.320000	0.966918	-2.152368	-0.758956	-0.333581	-0.861676	-0.025079
2.340000	0.846867	-2.096066	-0.743629	-0.332170	-0.862093	-0.016844
2.360000	0.735966	-2.014155	-0.729658	-0.331248	-0.862813	-0.008843
2.380000	0.633499	-1.909723	-0.717129	-0.330754	-0.863823	-0.001093
2.400000	0.538750	-1.785861	-0.706129	-0.330628	-0.865107	0.006390
2.420000	0.451003	-1.645660	-0.696742	-0.330806	-0.866652	0.013590
2.440000	0.369542	-1.492208	-0.689055	-0.331229	-0.868443	0.020491
2.460000	0.293650	-1.328597	-0.683154	-0.331835	-0.870465	0.027077
2.480000	0.222611	-1.157915	-0.679125	-0.332562	-0.872704	0.033331
2.500000	0.155710	-0.983253	-0.677054	-0.333350	-0.875145	0.039238
2.520000	0.092230	-0.807700	-0.677026	-0.334136	-0.877774	0.044782
2.540000	0.031455	-0.634348	-0.679129	-0.334861	-0.880577	0.049945
2.560000	-0.027331	-0.466285	-0.683448	-0.335461	-0.883538	0.054713
