0.000000	-4.688656	-0.783299	-0.509649	-0.398425	-0.731389	-0.125512
0.020000	-4.487681	-0.625533	-0.367085	-0.404167	-0.748043	-0.139820
0.040000	-4.269476	-0.462670	-0.224004	-0.409970	-0.765413	-0.154537
0.060000	-4.038585	-0.297307	-0.083470	-0.415759	-0.783083	-0.169489
0.080000	-3.799549	-0.132042	0.051450	-0.421461	-0.800636	-0.184504
0.100000	-3.556911	0.030528	0.177693	-0.427001	-0.817655	-0.199408
0.120000	-3.315214	0.187805	0.292193	-0.432307	-0.833724	-0.214029
0.140000	-3.079001	0.337190	0.391886	-0.437305	-0.848426	-0.228195
0.160000	-2.852815	0.476088	0.473707	-0.441920	-0.861345	-0.241731
0.180000	-2.641044	0.601995	0.534733	-0.446083	-0.872084	-0.254474
0.200000	-2.445264	0.714163	0.574639	-0.449818	-0.880619	-0.266396
0.220000	-2.264587	0.813374	0.595377	-0.453226	-0.887249	-0.277595
0.240000	-2.098043	0.900467	0.598972	-0.456414	-0.892286	-0.288168
0.260000	-1.944660	0.976276	0.587453	-0.459485	-0.896040	-0.298217
0.280000	-1.803468	1.041638	0.562847	-0.462546	-0.898824	-0.307842
0.300000	-1.673497	1.097389	0.527181	-0.465701	-0.900947	-0.317141
0.320000	-1.553774	1.144365	0.482481	-0.469056	-0.902722	-0.326215
0.340000	-1.443330	1.183402	0.430776	-0.472715	-0.904460	-0.335164
0.360000	-1.341194	1.215336	0.374092	-0.476784	-0.906471	-0.344087
0.380000	-1.246394	1.241004	0.314457	-0.481369	-0.909066	-0.353084
0.400000	-1.157960	1.261241	0.253898	-0.486574	-0.912558	-0.362255
0.420000	-1.074922	1.276883	0.194441	-0.492504	-0.917256	-0.371701
0.440000	-0.996308	1.288767	0.138115	-0.499265	-0.923473	-0.381520
0.460000	-0.921148	1.297729	0.086946	-0.506961	-0.931519	-0.391812
0.480000	-0.848471	1.304604	0.042962	-0.515699	-0.941706	-0.402678
0.500000	-0.777361	1.310118	0.007854	-0.525542	-0.954258	-0.414185
0.520000	-0.707226	1.314344	-0.018623	-0.536318	-0.968904	-0.426214
0.540000	-0.637590	1.317126	-0.037414	-0.547769	-0.985192	-0.438580
0.560000	-0.567975	1.318304	-0.049464	-0.559638	-1.002672	-0.451098
0.580000	-0.497905	1.317721	-0.055716	-0.571667	-1.020893	-0.463581
0.600000	-0.426903	1.315218	-0.057116	-0.583598	-1.039402	-0.475844
0.620000	-0.354492	1.310638	-0.054608	-0.595175	-1.057749	-0.487702
0.640000	-0.280197	1.303821	-0.049138	-0.606138	-1.075484	-0.498969
0.660000	-0.203539	1.294609	-0.041649	-0.616231	-1.092153	-0.509459
0.680000	-0.124043	1.282845	-0.033086	-0.625196	-1.107308	-0.518987
0.700000	-0.041231	1.268370	-0.024394	-0.632776	-1.120495	-0.527367
0.720000	0.045373	1.251025	-0.016518	-0.638712	-1.131265	-0.534413
0.740000	0.136245	1.230653	-0.010403	-0.642747	-1.139166	-0.539940
0.760000	0.231863	1.207095	-0.006992	-0.644624	-1.143747	-0.543763
0.780000	0.332702	1.180193	-0.007231	-0.644084	-1.144556	-0.545695
0.800000	0.439241	1.149789	-0.012064	-0.640871	-1.141143	-0.545552
0.820000	0.551900	1.115738	-0.022367	-0.634750	-1.133096	-0.543163
0.840000	0.670361	1.078103	-0.038079	-0.625815	-1.120552	-0.538577
0.860000	0.793767	1.037093	-0.058457	-0.614393	-1.104043	-0.532001
0.880000	0.921248	0.992919	-0.082747	-0.600820	-1.084110	-0.523644
0.900000	1.051936	0.945794	-0.110192	-0.585429	-1.061294	-0.513718
0.920000	1.184964	0.895931	-0.140036	-0.568554	-1.036136	-0.502432
0.940000	1.319461	0.843541	-0.171523	-0.550531	-1.009177	-0.489996
0.960000	1.454561	0.788836	-0.203898	-0.531692	-0.980958	-0.476620
0.980000	1.589393	0.732030	-0.236403	-0.512371	-0.952020	-0.462514
1.000000	1.723089	0.673334	-0.268285	-0.492904	-0.922905	-0.447889
1.020000	1.854781	0.612960	-0.298785	-0.473624	-0.894152	-0.432955
1.040000	1.983600	0.551122	-0.327149	-0.454865	-0.866304	-0.417921
1.060000	2.108678	0.488030	-0.352620	-0.436961	-0.839901	-0.402998
1.080000	2.229145	0.423898	-0.374442	-0.420247	-0.815485	-0.388395
1.100000	2.344134	0.358938	-0.391860	-0.405057	-0.793596	-0.374324
1.120000	2.452776	0.293361	-0.404117	-0.391724	-0.774775	-0.360994
1.140000	2.554255	0.227383	-0.410674	-0.380511	-0.759445	-0.348573
1.160000	2.648008	0.161227	-0.411996	-0.371347	-0.747479	-0.337039
1.180000	2.733542	0.095120	-0.408838	-0.364061	-0.738591	-0.326312
1.200000	2.810366	0.029290	-0.401959	-0.358486	-0.732492	-0.316313
1.220000	2.877987	-0.036038	-0.392113	-0.354453	-0.728897	-0.306963
1.240000	2.935914	-0.100635	-0.380058	-0.351793	-0.727519	-0.298184
1.260000	2.983654	-0.164276	-0.366551	-0.350337	-0.728071	-0.289895
1.280000	3.020716	-0.226733	-0.352348	-0.349917	-0.730266	-0.282018
1.300000	3.046607	-0.287780	-0.338205	-0.350363	-0.733817	-0.274473
1.320000	3.060836	-0.347188	-0.324880	-0.351506	-0.738438	-0.267182
1.340000	3.062911	-0.404733	-0.313128	-0.353179	-0.743842	-0.260065
1.360000	3.052340	-0.460186	-0.303706	-0.355212	-0.749741	-0.253044
1.380000	3.028631	-0.513321	-0.297372	-0.357436	-0.755850	-0.246038
1.400000	2.991292	-0.563911	-0.294880	-0.359682	-0.761881	-0.238970
1.420000	2.939830	-0.611729	-0.296989	-0.361782	-0.767548	-0.231759
1.440000	2.873903	-0.656557	-0.304301	-0.363588	-0.772598	-0.224341
1.460000	2.794079	-0.698225	-0.316472	-0.365083	-0.776994	-0.216738
1.480000	2.701274	-0.736585	-0.332799	-0.366297	-0.780782	-0.209002
1.500000	2.596407	-0.771488	-0.352575	-0.367262	-0.784007	-0.201190
1.520000	2.480396	-0.802785	-0.375096	-0.368010	-0.786712	-0.193354
1.540000	2.354156	-0.830326	-0.399656	-0.368573	-0.788944	-0.185551
1.560000	2.218608	-0.853963	-0.425551	-0.368983	-0.790747	-0.177833
1.580000	2.074667	-0.873547	-0.452075	-0.369271	-0.792167	-0.170255
1.600000	1.923251	-0.888927	-0.478524	-0.369469	-0.793247	-0.162872
1.620000	1.765279	-0.899956	-0.504191	-0.369608	-0.794034	-0.155738
1.640000	1.601667	-0.906484	-0.528372	-0.369721	-0.794572	-0.148907
1.660000	1.433334	-0.908363	-0.550361	-0.369839	-0.794906	-0.142434
1.680000	1.261197	-0.905442	-0.569454	-0.369994	-0.795082	-0.136373
1.700000	1.086173	-0.897573	-0.584946	-0.370217	-0.795143	-0.130779
1.720000	0.909180	-0.884608	-0.596130	-0.370540	-0.795136	-0.125705
1.740000	0.731137	-0.866396	-0.602302	-0.370996	-0.795105	-0.121207
1.760000	0.552959	-0.842788	-0.602757	-0.371615	-0.795095	-0.117338
1.780000	0.375565	-0.813637	-0.596790	-0.372429	-0.795151	-0.114153
1.800000	0.199702	-0.778900	-0.583845	-0.373460	-0.795305	-0.111694
1.820000	0.025076	-0.739201	-0.564275	-0.374670	-0.795518	-0.109925
1.840000	-0.148998	-0.695408	-0.538776	-0.375996	-0.795720	-0.108783
1.860000	-0.323207	-0.648394	-0.508044	-0.377378	-0.795842	-0.108203
1.880000	-0.498235	-0.599028	-0.472775	-0.378753	-0.795816	-0.108121
1.900000	-0.674769	-0.548181	-0.433665	-0.380060	-0.795571	-0.108472
1.920000	-0.853495	-0.496725	-0.391410	-0.381237	-0.795041	-0.109194
1.940000	-1.035097	-0.445530	-0.346707	-0.382223	-0.794155	-0.110221
1.960000	-1.220263	-0.395467	-0.300252	-0.382956	-0.792845	-0.111489
1.980000	-1.409677	-0.347407	-0.252740	-0.383375	-0.791042	-0.112935
2.000000	-1.604026	-0.302220	-0.204867	-0.383418	-0.788676	-0.114493
2.020000	-1.803995	-0.260778	-0.157331	-0.383022	-0.785681	-0.116101
2.040000	-2.010270	-0.223951	-0.110826	-0.382128	-0.781985	-0.117693
2.060000	-2.223537	-0.192609	-0.066050	-0.380672	-0.777521	-0.119206
2.080000	-2.444457	-0.167609	-0.023690	-0.378596	-0.772221	-0.120576
2.100000	-2.672384	-0.148949	0.015957	-0.375911	-0.766118	-0.121812
2.120000	-2.904729	-0.135360	0.053180	-0.372741	-0.759390	-0.123027
2.140000	-3.138744	-0.125469	0.088313	-0.369218	-0.752230	-0.124343
2.160000	-3.371682	-0.117903	0.121693	-0.365471	-0.744829	-0.125880
2.180000	-3.600796	-0.111289	0.153655	-0.361634	-0.737377	-0.127762
2.200000	-3.823339	-0.104253	0.184534	-0.357838	-0.730067	-0.130109
2.220000	-4.036563	-0.095423	0.214667	-0.354213	-0.723089	-0.133044
2.240000	-4.237722	-0.083425	0.244387	-0.350892	-0.716636	-0.136688
