0.000000	0.649826	-0.170474	-0.346895	-0.352719	-0.920630	0.134100
0.020000	0.614177	-0.109019	-0.388832	-0.352540	-0.922542	0.135905
0.040000	0.576261	-0.047694	-0.428014	-0.352552	-0.924259	0.137618
0.060000	0.535613	0.012916	-0.463469	-0.352776	-0.925736	0.139238
0.080000	0.491765	0.072230	-0.494223	-0.353230	-0.926930	0.140765
0.100000	0.444427	0.129712	-0.519469	-0.353926	-0.927807	0.142197
0.120000	0.394194	0.185063	-0.539213	-0.354828	-0.928375	0.143514
0.140000	0.341930	0.238061	-0.553709	-0.355888	-0.928658	0.144693
0.160000	0.288499	0.288480	-0.563215	-0.357057	-0.928676	0.145711
0.180000	0.234766	0.336095	-0.567987	-0.358286	-0.928453	0.146546
0.200000	0.181597	0.380684	-0.568281	-0.359528	-0.928010	0.147173
0.220000	0.129857	0.422020	-0.564354	-0.360733	-0.927370	0.147570
0.240000	0.080409	0.459880	-0.556462	-0.361853	-0.926555	0.147713
0.260000	0.034119	0.494039	-0.544862	-0.362839	-0.925586	0.147580
0.280000	-0.008148	0.524273	-0.529810	-0.363644	-0.924487	0.147147
0.300000	-0.045527	0.550357	-0.511561	-0.364217	-0.923279	0.146391
0.320000	-0.077154	0.572067	-0.490374	-0.364511	-0.921985	0.145289
0.340000	-0.102163	0.589178	-0.466504	-0.364477	-0.920626	0.143817
0.360000	-0.119690	0.601467	-0.440207	-0.364066	-0.919225	0.141954
0.380000	-0.128869	0.608708	-0.411740	-0.363231	-0.917804	0.139674
0.400000	-0.128843	0.610679	-0.381360	-0.361922	-0.916386	0.136956
0.420000	-0.119424	0.607398	-0.349402	-0.360128	-0.914984	0.133816
0.440000	-0.101711	0.599337	-0.316349	-0.357911	-0.913597	0.130344
0.460000	-0.076946	0.587023	-0.282699	-0.355338	-0.912222	0.126639
0.480000	-0.046371	0.570981	-0.248954	-0.352476	-0.910857	0.122800
0.500000	-0.011230	0.551736	-0.215612	-0.349396	-0.909498	0.118926
0.520000	0.027237	0.529813	-0.183174	-0.346164	-0.908143	0.115115
0.540000	0.067785	0.505738	-0.152138	-0.342849	-0.906788	0.111468
0.560000	0.109172	0.480036	-0.123005	-0.339520	-0.905432	0.108082
0.580000	0.150157	0.453232	-0.096274	-0.336243	-0.904070	0.105057
0.600000	0.189496	0.425851	-0.072444	-0.333089	-0.902700	0.102491
0.620000	0.225948	0.398419	-0.052017	-0.330124	-0.901320	0.100484
0.640000	0.258269	0.371461	-0.035490	-0.327417	-0.899926	0.099134
0.660000	0.285217	0.345503	-0.023364	-0.325037	-0.898515	0.098541
0.680000	0.305550	0.321069	-0.016139	-0.323051	-0.897085	0.098802
0.700000	0.318025	0.298685	-0.014313	-0.321527	-0.895633	0.100017
0.720000	0.321476	0.278851	-0.018347	-0.320531	-0.894156	0.102278
0.740000	0.315958	0.261662	-0.028054	-0.320062	-0.892666	0.105546
0.760000	0.302512	0.246887	-0.042728	-0.320069	-0.891185	0.109681
0.780000	0.282206	0.234287	-0.061646	-0.320499	-0.889736	0.114539
0.800000	0.256106	0.223621	-0.084088	-0.321300	-0.888340	0.119978
0.820000	0.225282	0.214648	-0.109333	-0.322419	-0.887021	0.125853
0.840000	0.190801	0.207130	-0.136658	-0.323804	-0.885800	0.132021
0.860000	0.153730	0.200825	-0.165343	-0.325401	-0.884699	0.138339
0.880000	0.115138	0.195494	-0.194667	-0.327159	-0.883743	0.144663
0.900000	0.076093	0.190897	-0.223907	-0.329024	-0.882951	0.150849
0.920000	0.037663	0.186793	-0.252343	-0.330944	-0.882348	0.156754
0.940000	0.000914	0.182942	-0.279253	-0.332867	-0.881956	0.162235
0.960000	-0.033084	0.179104	-0.303915	-0.334739	-0.881796	0.167147
0.980000	-0.063264	0.175040	-0.325609	-0.336508	-0.881891	0.171348
1.000000	-0.088558	0.170508	-0.343613	-0.338121	-0.882264	0.174694
1.020000	-0.107934	0.165277	-0.357226	-0.339527	-0.882936	0.177046
1.040000	-0.121213	0.159290	-0.366227	-0.340704	-0.883895	0.178377
1.060000	-0.129095	0.152672	-0.370888	-0.341661	-0.885099	0.178775
1.080000	-0.132320	0.145558	-0.371506	-0.342406	-0.886502	0.178333
1.100000	-0.131627	0.138082	-0.368376	-0.342951	-0.888060	0.177145
1.120000	-0.127755	0.130378	-0.361794	-0.343303	-0.889728	0.175304
1.140000	-0.121445	0.122579	-0.352054	-0.343474	-0.891461	0.172902
1.160000	-0.113435	0.114820	-0.339453	-0.343473	-0.893214	0.170033
1.180000	-0.104464	0.107234	-0.324285	-0.343309	-0.894941	0.166791
1.200000	-0.095274	0.099956	-0.306848	-0.342992	-0.896599	0.163268
1.220000	-0.086602	0.093119	-0.287435	-0.342533	-0.898142	0.159558
1.240000	-0.079189	0.086857	-0.266343	-0.341940	-0.899525	0.155754
1.260000	-0.073774	0.081304	-0.243867	-0.341223	-0.900703	0.151949
1.280000	-0.071097	0.076595	-0.220302	-0.340393	-0.901632	0.148236
1.300000	-0.071896	0.072862	-0.195945	-0.339458	-0.902266	0.144709
1.320000	-0.076912	0.070241	-0.171090	-0.338430	-0.902561	0.141460
1.340000	-0.086884	0.068864	-0.146034	-0.337316	-0.902472	0.138584
1.360000	-0.102470	0.068851	-0.121062	-0.336128	-0.901958	0.136166
1.380000	-0.123349	0.070141	-0.096365	-0.334888	-0.901036	0.134218
1.400000	-0.148545	0.072551	-0.072064	-0.333624	-0.899759	0.132701
1.420000	-0.177071	0.075897	-0.048281	-0.332366	-0.898183	0.131573
1.440000	-0.207942	0.079996	-0.025137	-0.331143	-0.896361	0.130796
1.460000	-0.240170	0.084664	-0.002754	-0.329984	-0.894349	0.130328
1.480000	-0.272770	0.089717	0.018748	-0.328919	-0.892201	0.130128
1.500000	-0.304754	0.094970	0.039246	-0.327976	-0.889971	0.130158
1.520000	-0.335136	0.100240	0.058619	-0.327185	-0.887714	0.130376
1.540000	-0.362929	0.105342	0.076746	-0.326575	-0.885485	0.130741
1.560000	-0.387148	0.110094	0.093506	-0.326175	-0.883338	0.131215
1.580000	-0.406805	0.114310	0.108777	-0.326014	-0.881328	0.131755
1.600000	-0.420913	0.117808	0.122437	-0.326121	-0.879509	0.132323
1.620000	-0.428488	0.120402	0.134366	-0.326526	-0.877936	0.132877
1.640000	-0.428540	0.121909	0.144442	-0.327258	-0.876663	0.133377
1.660000	-0.420086	0.122146	0.152544	-0.328346	-0.875745	0.133783
1.680000	-0.402497	0.120989	0.158576	-0.329806	-0.875223	0.134063
1.700000	-0.376671	0.118576	0.162555	-0.331601	-0.875076	0.134223
1.720000	-0.343906	0.115112	0.164528	-0.333679	-0.875268	0.134277
1.740000	-0.305500	0.110802	0.164541	-0.335988	-0.875764	0.134241
1.760000	-0.262752	0.105853	0.162639	-0.338476	-0.876526	0.134131
1.780000	-0.216960	0.100469	0.158868	-0.341091	-0.877520	0.133960
1.800000	-0.169423	0.094857	0.153276	-0.343782	-0.878709	0.133745
1.820000	-0.121439	0.089221	0.145907	-0.346496	-0.880057	0.133500
1.840000	-0.074307	0.083768	0.136809	-0.349182	-0.881528	0.133240
1.860000	-0.029324	0.078703	0.126027	-0.351787	-0.883086	0.132981
1.880000	0.012211	0.074231	0.113607	-0.354261	-0.884695	0.132738
1.900000	0.048999	0.070558	0.099596	-0.356550	-0.886319	0.132526
1.920000	0.079742	0.067889	0.084039	-0.358604	-0.887922	0.132360
1.940000	0.103142	0.066430	0.066983	-0.360369	-0.889468	0.132255
1.960000	0.117899	0.066387	0.048474	-0.361796	-0.890921	0.132226
1.980000	0.122717	0.067965	0.028557	-0.362830	-0.892245	0.132289
2.000000	0.116465	0.071331	0.007296	-0.363427	-0.893406	0.132456
2.020000	0.099601	0.076289	-0.015098	-0.363598	-0.894397	0.132715
2.040000	0.073449	0.082443	-0.038333	-0.363384	-0.895222	0.133039
2.060000	0.039343	0.089396	-0.062112	-0.362826	-0.895886	0.133404
2.080000	-0.001384	0.096753	-0.086141	-0.361968	-0.896395	0.133783
2.100000	-0.047399	0.104115	-0.110127	-0.360850	-0.896754	0.134151
2.120000	-0.097367	0.111085	-0.133773	-0.359516	-0.896969	0.134482
2.140000	-0.149955	0.117268	-0.156787	-0.358006	-0.897044	0.134749
2.160000	-0.203831	0.122265	-0.178873	-0.356363	-0.896985	0.134928
2.180000	-0.257659	0.125679	-0.199737	-0.354628	-0.896797	0.134992
2.200000	-0.310108	0.127115	-0.219084	-0.352845	-0.896486	0.134916
2.220000	-0.359843	0.126174	-0.236620	-0.351054	-0.896057	0.134673
2.240000	-0.405531	0.122461	-0.252050	-0.349297	-0.895514	0.134238
2.260000	-0.445838	0.115577	-0.265080	-0.347617	-0.894864	0.133584
2.280000	-0.479432	0.105126	-0.275415	-0.346056	-0.894112	0.132688
