0.000000	-0.570619	0.049300	-0.284861	-0.326430	-0.898314	0.104126
0.020000	-0.549180	0.025152	-0.282495	-0.327438	-0.896866	0.102303
0.040000	-0.527983	0.003975	-0.279169	-0.328218	-0.895439	0.100644
0.060000	-0.507384	-0.013585	-0.274828	-0.328718	-0.894064	0.099198
0.080000	-0.487738	-0.026887	-0.269415	-0.328888	-0.892774	0.098012
0.100000	-0.469391	-0.035331	-0.262883	-0.328679	-0.891602	0.097133
0.120000	-0.452526	-0.038909	-0.255302	-0.328103	-0.890562	0.096560
0.140000	-0.437215	-0.038022	-0.246825	-0.327206	-0.889661	0.096260
0.160000	-0.423530	-0.033080	-0.237605	-0.326039	-0.888904	0.096200
0.180000	-0.411540	-0.024492	-0.227798	-0.324652	-0.888297	0.096348
0.200000	-0.401315	-0.012669	-0.217558	-0.323093	-0.887845	0.096670
0.220000	-0.392926	0.001980	-0.207038	-0.321413	-0.887554	0.097134
0.240000	-0.386443	0.019045	-0.196394	-0.319661	-0.887429	0.097706
0.260000	-0.381936	0.038116	-0.185780	-0.317886	-0.887475	0.098354
0.280000	-0.379476	0.058784	-0.175349	-0.316138	-0.887699	0.099044
0.300000	-0.379132	0.080639	-0.165257	-0.314467	-0.888106	0.099744
0.320000	-0.380975	0.103270	-0.155657	-0.312922	-0.888700	0.100420
0.340000	-0.385075	0.126268	-0.146705	-0.311552	-0.889489	0.101040
0.360000	-0.391503	0.149224	-0.138553	-0.310407	-0.890476	0.101570
0.380000	-0.400328	0.171727	-0.131357	-0.309537	-0.891669	0.101978
0.400000	-0.411621	0.193367	-0.125271	-0.308991	-0.893071	0.102231
0.420000	-0.425445	0.213738	-0.120446	-0.308818	-0.894688	0.102296
0.440000	-0.441552	0.232549	-0.116924	-0.309029	-0.896507	0.102166
0.460000	-0.459274	0.249665	-0.114595	-0.309582	-0.898486	0.101867
0.480000	-0.477913	0.264963	-0.113337	-0.310432	-0.900584	0.101430
0.500000	-0.496769	0.278322	-0.113031	-0.311536	-0.902759	0.100884
0.520000	-0.515143	0.289618	-0.113557	-0.312849	-0.904969	0.100257
0.540000	-0.532338	0.298729	-0.114792	-0.314326	-0.907170	0.099579
0.560000	-0.547653	0.305533	-0.116618	-0.315922	-0.909323	0.098880
0.580000	-0.560391	0.309906	-0.118913	-0.317593	-0.911383	0.098188
0.600000	-0.569853	0.311726	-0.121557	-0.319295	-0.913310	0.097533
0.620000	-0.575339	0.310870	-0.124430	-0.320982	-0.915061	0.096945
0.640000	-0.576152	0.307216	-0.127410	-0.322610	-0.916594	0.096452
0.660000	-0.571592	0.300641	-0.130378	-0.324134	-0.917867	0.096085
0.680000	-0.560960	0.291023	-0.133212	-0.325511	-0.918838	0.095871
0.700000	-0.543559	0.278238	-0.135793	-0.326694	-0.919465	0.095841
0.720000	-0.518696	0.262167	-0.138000	-0.327640	-0.919706	0.096024
0.740000	-0.486266	0.242925	-0.139767	-0.328329	-0.919548	0.096427
0.760000	-0.447188	0.221033	-0.141123	-0.328782	-0.919027	0.097025
0.780000	-0.402483	0.197055	-0.142103	-0.329023	-0.918186	0.097784
0.800000	-0.353169	0.171554	-0.142746	-0.329079	-0.917066	0.098675
0.820000	-0.300268	0.145093	-0.143088	-0.328975	-0.915708	0.099665
0.840000	-0.244800	0.118235	-0.143167	-0.328736	-0.914155	0.100725
0.860000	-0.187786	0.091543	-0.143020	-0.328387	-0.912449	0.101822
0.880000	-0.130245	0.065581	-0.142683	-0.327954	-0.910629	0.102926
0.900000	-0.073197	0.040912	-0.142194	-0.327463	-0.908740	0.104005
0.920000	-0.017665	0.018098	-0.141589	-0.326938	-0.906821	0.105028
0.940000	0.035334	-0.002297	-0.140907	-0.326405	-0.904916	0.105964
0.960000	0.084777	-0.019710	-0.140184	-0.325889	-0.903064	0.106782
0.980000	0.129646	-0.033578	-0.139458	-0.325417	-0.901309	0.107450
1.000000	0.168919	-0.043338	-0.138764	-0.325012	-0.899692	0.107939
1.020000	0.201576	-0.048427	-0.138142	-0.324701	-0.898255	0.108215
1.040000	0.226597	-0.048281	-0.137626	-0.324509	-0.897038	0.108249
1.060000	0.242993	-0.042359	-0.137256	-0.324460	-0.896084	0.108010
1.080000	0.250672	-0.030745	-0.137055	-0.324558	-0.895401	0.107516
1.100000	0.250548	-0.014219	-0.137038	-0.324785	-0.894963	0.106833
1.120000	0.243589	0.006396	-0.137218	-0.325120	-0.894744	0.106033
1.140000	0.230764	0.030283	-0.137609	-0.325542	-0.894715	0.105186
1.160000	0.213040	0.056620	-0.138222	-0.326031	-0.894850	0.104362
1.180000	0.191385	0.084587	-0.139071	-0.326566	-0.895120	0.103632
1.200000	0.166767	0.113366	-0.140169	-0.327127	-0.895498	0.103067
1.220000	0.140154	0.142136	-0.141529	-0.327694	-0.895958	0.102738
1.240000	0.112514	0.170077	-0.143164	-0.328245	-0.896471	0.102714
1.260000	0.084814	0.196369	-0.145088	-0.328761	-0.897010	0.103067
1.280000	0.058023	0.220192	-0.147312	-0.329221	-0.897547	0.103867
1.300000	0.033109	0.240727	-0.149851	-0.329605	-0.898055	0.105185
1.320000	0.011039	0.257153	-0.152717	-0.329891	-0.898507	0.107090
1.340000	-0.007218	0.268650	-0.155923	-0.330060	-0.898875	0.109655
1.360000	-0.020695	0.274400	-0.159482	-0.330092	-0.899132	0.112949
1.380000	-0.028557	0.273709	-0.163397	-0.329968	-0.899253	0.117028
1.400000	-0.031006	0.266891	-0.167580	-0.329695	-0.899243	0.121827
1.420000	-0.028734	0.254729	-0.171903	-0.329293	-0.899118	0.127228
1.440000	-0.022436	0.238011	-0.176239	-0.328778	-0.898895	0.133110
1.460000	-0.012806	0.217524	-0.180458	-0.328170	-0.898592	0.139352
1.480000	-0.000540	0.194057	-0.184434	-0.327486	-0.898225	0.145836
1.500000	0.013669	0.168395	-0.188036	-0.326745	-0.897811	0.152439
1.520000	0.029125	0.141327	-0.191138	-0.325965	-0.897367	0.159043
1.540000	0.045134	0.113641	-0.193611	-0.325164	-0.896910	0.165527
1.560000	0.061001	0.086122	-0.195326	-0.324361	-0.896458	0.171771
1.580000	0.076031	0.059559	-0.196155	-0.323574	-0.896026	0.177655
1.600000	0.089530	0.034740	-0.195971	-0.322821	-0.895632	0.183058
1.620000	0.100803	0.012451	-0.194644	-0.322120	-0.895292	0.187861
1.640000	0.109156	-0.006520	-0.192047	-0.321490	-0.895025	0.191943
1.660000	0.113893	-0.021386	-0.188050	-0.320949	-0.894846	0.195184
1.680000	0.114320	-0.031359	-0.182527	-0.320515	-0.894773	0.197464
1.700000	0.110005	-0.035964	-0.175437	-0.320200	-0.894814	0.198710
1.720000	0.101274	-0.035625	-0.166995	-0.319996	-0.894953	0.198992
1.740000	0.088588	-0.030930	-0.157462	-0.319893	-0.895170	0.198401
1.760000	0.072409	-0.022465	-0.147101	-0.319879	-0.895445	0.197030
1.780000	0.053199	-0.010818	-0.136172	-0.319944	-0.895758	0.194973
1.800000	0.031420	0.003425	-0.124936	-0.320077	-0.896087	0.192321
1.820000	0.007535	0.019676	-0.113656	-0.320266	-0.896413	0.189168
1.840000	-0.017995	0.037349	-0.102591	-0.320501	-0.896716	0.185607
1.860000	-0.044707	0.055856	-0.092004	-0.320772	-0.896975	0.181730
1.880000	-0.072141	0.074611	-0.082156	-0.321066	-0.897169	0.177630
1.900000	-0.099833	0.093026	-0.073308	-0.321374	-0.897280	0.173401
1.920000	-0.127322	0.110515	-0.065722	-0.321683	-0.897286	0.169133
1.940000	-0.154146	0.126490	-0.059658	-0.321985	-0.897167	0.164922
1.960000	-0.179842	0.140365	-0.055379	-0.322266	-0.896903	0.160859
1.980000	-0.203949	0.151552	-0.053145	-0.322518	-0.896473	0.157037
2.000000	-0.226005	0.159464	-0.053217	-0.322728	-0.895858	0.153549
2.020000	-0.245631	0.163600	-0.055792	-0.322886	-0.895042	0.150476
2.040000	-0.262966	0.163985	-0.060653	-0.322991	-0.894041	0.147825
2.060000	-0.278348	0.160846	-0.067427	-0.323042	-0.892884	0.145576
2.080000	-0.292114	0.154412	-0.075741	-0.323038	-0.891599	0.143706
2.100000	-0.304603	0.144911	-0.085221	-0.322981	-0.890216	0.142196
2.120000	-0.316153	0.132571	-0.095493	-0.322868	-0.888762	0.141024
2.140000	-0.327101	0.117621	-0.106185	-0.322702	-0.887266	0.140169
2.160000	-0.337786	0.100289	-0.116922	-0.322480	-0.885756	0.139610
