0.000000	-0.141231	-0.014689	-0.265645	0.274569	-0.774262	0.472430
0.020000	-0.164481	-0.002150	-0.256906	0.275026	-0.774609	0.472397
0.040000	-0.188383	0.011033	-0.247176	0.275462	-0.774926	0.472397
0.060000	-0.212614	0.024459	-0.236502	0.275864	-0.775200	0.472432
0.080000	-0.236848	0.037728	-0.224927	0.276222	-0.775419	0.472506
0.100000	-0.260760	0.050440	-0.212499	0.276522	-0.775569	0.472621
0.120000	-0.284025	0.062196	-0.199261	0.276754	-0.775638	0.472781
0.140000	-0.306322	0.072599	-0.185260	0.276904	-0.775613	0.472987
0.160000	-0.327459	0.081442	-0.170618	0.276968	-0.775490	0.473234
0.180000	-0.347413	0.088763	-0.155550	0.276949	-0.775278	0.473508
0.200000	-0.366178	0.094617	-0.140279	0.276852	-0.774985	0.473791
0.220000	-0.383744	0.099063	-0.125030	0.276679	-0.774621	0.474067
0.240000	-0.400103	0.102154	-0.110024	0.276435	-0.774194	0.474319
0.260000	-0.415245	0.103947	-0.095486	0.276124	-0.773713	0.474532
0.280000	-0.429162	0.104498	-0.081638	0.275750	-0.773188	0.474689
0.300000	-0.441846	0.103863	-0.068704	0.275317	-0.772627	0.474774
0.320000	-0.453286	0.102098	-0.056907	0.274829	-0.772040	0.474770
0.340000	-0.463476	0.099259	-0.046470	0.274290	-0.771435	0.474660
0.360000	-0.472406	0.095401	-0.037617	0.273703	-0.770821	0.474430
0.380000	-0.480066	0.090582	-0.030571	0.273073	-0.770208	0.474061
0.400000	-0.486450	0.084856	-0.025555	0.272404	-0.769604	0.473538
0.420000	-0.491547	0.078280	-0.022791	0.271700	-0.769019	0.472844
0.440000	-0.495349	0.070910	-0.022505	0.270964	-0.768461	0.471963
0.460000	-0.497844	0.062809	-0.024888	0.270201	-0.767939	0.470883
0.480000	-0.498993	0.054114	-0.029842	0.269420	-0.767458	0.469626
0.500000	-0.498739	0.045002	-0.037106	0.268632	-0.767019	0.468237
0.520000	-0.497027	0.035651	-0.046417	0.267847	-0.766625	0.466759
0.540000	-0.493801	0.026240	-0.057511	0.267077	-0.766277	0.465236
0.560000	-0.489005	0.016945	-0.070126	0.266332	-0.765978	0.463712
0.580000	-0.482583	0.007946	-0.083997	0.265624	-0.765730	0.462231
0.600000	-0.474480	-0.000581	-0.098862	0.264963	-0.765535	0.460836
0.620000	-0.464638	-0.008457	-0.114456	0.264361	-0.765395	0.459572
0.640000	-0.453003	-0.015504	-0.130518	0.263828	-0.765312	0.458482
0.660000	-0.439519	-0.021544	-0.146784	0.263376	-0.765288	0.457610
0.680000	-0.424129	-0.026399	-0.162990	0.263015	-0.765325	0.457000
0.700000	-0.406777	-0.029892	-0.178873	0.262756	-0.765426	0.456696
0.720000	-0.387408	-0.031844	-0.194169	0.262611	-0.765592	0.456742
0.740000	-0.365967	-0.032078	-0.208617	0.262589	-0.765826	0.457181
0.760000	-0.342396	-0.030415	-0.221951	0.262704	-0.766129	0.458058
0.780000	-0.316730	-0.026753	-0.233964	0.262959	-0.766501	0.459396
0.800000	-0.289317	-0.021251	-0.244641	0.263341	-0.766937	0.461150
0.820000	-0.260573	-0.014123	-0.254007	0.263834	-0.767427	0.463260
0.840000	-0.230916	-0.005587	-0.262089	0.264420	-0.767965	0.465666
0.860000	-0.200761	0.004142	-0.268912	0.265082	-0.768540	0.468307
0.880000	-0.170525	0.014848	-0.274503	0.265802	-0.769146	0.471123
0.900000	-0.140624	0.026315	-0.278888	0.266563	-0.769773	0.474054
0.920000	-0.111476	0.038328	-0.282093	0.267348	-0.770415	0.477039
0.940000	-0.083496	0.050669	-0.284145	0.268139	-0.771061	0.480019
0.960000	-0.057101	0.063124	-0.285069	0.268919	-0.771706	0.482932
0.980000	-0.032708	0.075477	-0.284892	0.269672	-0.772339	0.485720
1.000000	-0.010732	0.087511	-0.283639	0.270378	-0.772954	0.488320
1.020000	0.008408	0.099011	-0.281337	0.271022	-0.773541	0.490673
1.040000	0.024298	0.109761	-0.278013	0.271586	-0.774093	0.492719
1.060000	0.036520	0.119544	-0.273691	0.272052	-0.774602	0.494398
1.080000	0.044657	0.128146	-0.268399	0.272404	-0.775059	0.495648
1.100000	0.048368	0.135371	-0.262176	0.272626	-0.775456	0.496419
1.120000	0.047860	0.141184	-0.255156	0.272723	-0.775796	0.496726
1.140000	0.043601	0.145625	-0.247522	0.272711	-0.776081	0.496613
1.160000	0.036056	0.148733	-0.239453	0.272603	-0.776317	0.496126
1.180000	0.025691	0.150548	-0.231131	0.272414	-0.776508	0.495311
1.200000	0.012974	0.151109	-0.222736	0.272158	-0.776658	0.494212
1.220000	-0.001631	0.150455	-0.214449	0.271850	-0.776771	0.492876
1.240000	-0.017657	0.148626	-0.206450	0.271503	-0.776852	0.491347
1.260000	-0.034636	0.145661	-0.198922	0.271132	-0.776906	0.489672
1.280000	-0.052104	0.141601	-0.192043	0.270752	-0.776935	0.487895
1.300000	-0.069593	0.136483	-0.185996	0.270377	-0.776946	0.486061
1.320000	-0.086638	0.130348	-0.180961	0.270021	-0.776942	0.484217
1.340000	-0.102772	0.123234	-0.177119	0.269698	-0.776927	0.482408
1.360000	-0.117528	0.115183	-0.174650	0.269424	-0.776906	0.480679
1.380000	-0.130441	0.106232	-0.173735	0.269211	-0.776883	0.479076
1.400000	-0.141044	0.096421	-0.174556	0.269076	-0.776863	0.477643
1.420000	-0.148896	0.085795	-0.177279	0.269031	-0.776849	0.476425
1.440000	-0.154047	0.074494	-0.181814	0.269080	-0.776842	0.475437
1.460000	-0.156989	0.062742	-0.187836	0.269220	-0.776838	0.474666
1.480000	-0.158234	0.050768	-0.195012	0.269444	-0.776834	0.474100
1.500000	-0.158292	0.038802	-0.203008	0.269749	-0.776826	0.473726
1.520000	-0.157673	0.027072	-0.211491	0.270128	-0.776809	0.473531
1.540000	-0.156886	0.015808	-0.220128	0.270578	-0.776781	0.473502
