0.000000	-0.559403	-0.342908	-0.134549	0.274089	-0.755045	0.507740
0.020000	-0.565487	-0.356420	-0.134843	0.273716	-0.756162	0.506823
0.040000	-0.569744	-0.364831	-0.135537	0.273479	-0.757194	0.505721
0.060000	-0.572088	-0.367483	-0.136660	0.273405	-0.758121	0.504412
0.080000	-0.572439	-0.363741	-0.138240	0.273518	-0.758923	0.502879
0.100000	-0.570816	-0.353612	-0.140239	0.273814	-0.759595	0.501128
0.120000	-0.567346	-0.337747	-0.142550	0.274258	-0.760149	0.499196
0.140000	-0.562161	-0.316831	-0.145063	0.274815	-0.760595	0.497119
0.160000	-0.555389	-0.291546	-0.147668	0.275449	-0.760945	0.494933
0.180000	-0.547163	-0.262576	-0.150257	0.276123	-0.761211	0.492677
0.200000	-0.537612	-0.230603	-0.152719	0.276802	-0.761404	0.490386
0.220000	-0.526867	-0.196310	-0.154945	0.277450	-0.761535	0.488097
0.240000	-0.515059	-0.160382	-0.156825	0.278031	-0.761616	0.485847
0.260000	-0.502319	-0.123500	-0.158249	0.278508	-0.761658	0.483672
0.280000	-0.488778	-0.086348	-0.159108	0.278846	-0.761674	0.481610
0.300000	-0.474565	-0.049608	-0.159292	0.279009	-0.761673	0.479697
0.320000	-0.459812	-0.013965	-0.158693	0.278960	-0.761669	0.477969
0.340000	-0.444648	0.019899	-0.157199	0.278665	-0.761671	0.476464
0.360000	-0.429206	0.051302	-0.154701	0.278087	-0.761692	0.475218
0.380000	-0.413616	0.079569	-0.151094	0.277190	-0.761743	0.474267
0.400000	-0.398003	0.104422	-0.146420	0.275975	-0.761832	0.473625
0.420000	-0.382492	0.126093	-0.140915	0.274486	-0.761960	0.473273
0.440000	-0.367203	0.144849	-0.134829	0.272771	-0.762130	0.473193
0.460000	-0.352258	0.160959	-0.128409	0.270879	-0.762343	0.473365
0.480000	-0.337780	0.174688	-0.121904	0.268856	-0.762600	0.473770
0.500000	-0.323891	0.186305	-0.115565	0.266750	-0.762905	0.474388
0.520000	-0.310713	0.196076	-0.109639	0.264611	-0.763259	0.475200
0.540000	-0.298366	0.204270	-0.104376	0.262484	-0.763662	0.476186
0.560000	-0.286975	0.211152	-0.100023	0.260419	-0.764119	0.477328
0.580000	-0.276660	0.216991	-0.096832	0.258462	-0.764629	0.478606
0.600000	-0.267543	0.222053	-0.095049	0.256663	-0.765195	0.480000
0.620000	-0.259746	0.226606	-0.094924	0.255068	-0.765819	0.481491
0.640000	-0.253392	0.230917	-0.096706	0.253726	-0.766503	0.483059
0.660000	-0.248602	0.235254	-0.100644	0.252684	-0.767248	0.484687
0.680000	-0.245499	0.239884	-0.106987	0.251990	-0.768056	0.486352
0.700000	-0.244204	0.245072	-0.115983	0.251692	-0.768930	0.488038
0.720000	-0.244753	0.250952	-0.127700	0.251815	-0.769865	0.489726
0.740000	-0.246961	0.257300	-0.141736	0.252324	-0.770845	0.491407
0.760000	-0.250607	0.263836	-0.157611	0.253173	-0.771850	0.493071
0.780000	-0.255469	0.270281	-0.174847	0.254318	-0.772863	0.494709
0.800000	-0.261326	0.276354	-0.192967	0.255714	-0.773863	0.496311
0.820000	-0.267957	0.281776	-0.211490	0.257315	-0.774832	0.497869
0.840000	-0.275140	0.286268	-0.229939	0.259078	-0.775751	0.499374
0.860000	-0.282653	0.289549	-0.247835	0.260957	-0.776601	0.500815
0.880000	-0.290276	0.291340	-0.264700	0.262908	-0.777362	0.502185
0.900000	-0.297787	0.291362	-0.280054	0.264885	-0.778016	0.503473
0.920000	-0.304964	0.289333	-0.293420	0.266843	-0.778544	0.504670
0.940000	-0.311587	0.284975	-0.304319	0.268739	-0.778926	0.505768
0.960000	-0.317434	0.278008	-0.312272	0.270526	-0.779144	0.506756
0.980000	-0.322282	0.268152	-0.316800	0.272160	-0.779178	0.507627
1.000000	-0.325912	0.255127	-0.317426	0.273596	-0.779010	0.508370
1.020000	-0.328102	0.238654	-0.313671	0.274789	-0.778621	0.508976
1.040000	-0.328676	0.218548	-0.305183	0.275703	-0.777997	0.509438
1.060000	-0.327712	0.195147	-0.292327	0.276345	-0.777154	0.509760
1.080000	-0.325377	0.168973	-0.275712	0.276740	-0.776120	0.509948
1.100000	-0.321837	0.140547	-0.255946	0.276911	-0.774922	0.510010
1.120000	-0.317258	0.110390	-0.233639	0.276883	-0.773588	0.509953
1.140000	-0.311806	0.079022	-0.209401	0.276679	-0.772144	0.509784
1.160000	-0.305648	0.046967	-0.183841	0.276323	-0.770617	0.509510
1.180000	-0.298950	0.014743	-0.157568	0.275840	-0.769036	0.509139
1.200000	-0.291878	-0.017128	-0.131192	0.275252	-0.767426	0.508676
1.220000	-0.284599	-0.048124	-0.105322	0.274584	-0.765815	0.508131
1.240000	-0.277278	-0.077724	-0.080568	0.273860	-0.764231	0.507509
1.260000	-0.270082	-0.105408	-0.057539	0.273104	-0.762701	0.506819
1.280000	-0.263177	-0.130655	-0.036844	0.272339	-0.761251	0.506066
1.300000	-0.256730	-0.152943	-0.019093	0.271590	-0.759909	0.505258
1.320000	-0.250907	-0.171751	-0.004895	0.270880	-0.758702	0.504403
1.340000	-0.245873	-0.186558	0.005140	0.270234	-0.757658	0.503507
1.360000	-0.241787	-0.196881	0.010452	0.269674	-0.756801	0.502578
1.380000	-0.238684	-0.202726	0.011096	0.269212	-0.756134	0.501624
1.400000	-0.236517	-0.204439	0.007562	0.268852	-0.755643	0.500651
1.420000	-0.235238	-0.202375	0.000348	0.268598	-0.755313	0.499669
1.440000	-0.234797	-0.196888	-0.010049	0.268454	-0.755131	0.498684
1.460000	-0.235145	-0.188331	-0.023130	0.268424	-0.755082	0.497706
1.480000	-0.236234	-0.177058	-0.038399	0.268512	-0.755151	0.496742
1.500000	-0.238014	-0.163424	-0.055356	0.268721	-0.755324	0.495799
1.520000	-0.240436	-0.147782	-0.073505	0.269055	-0.755587	0.494887
1.540000	-0.243452	-0.130487	-0.092348	0.269519	-0.755926	0.494012
1.560000	-0.247012	-0.111893	-0.111386	0.270116	-0.756326	0.493182
1.580000	-0.251067	-0.092352	-0.130122	0.270849	-0.756773	0.492406
