0.000000	-0.156443	0.005237	-0.228585	0.271093	-0.776737	0.473626
0.020000	-0.156853	-0.004411	-0.236530	0.271668	-0.776675	0.473891
0.040000	-0.158626	-0.012907	-0.243628	0.272298	-0.776589	0.474282
0.060000	-0.162272	-0.020023	-0.249547	0.272979	-0.776477	0.474789
0.080000	-0.168302	-0.025530	-0.253952	0.273704	-0.776335	0.475397
0.100000	-0.177226	-0.029198	-0.256512	0.274471	-0.776159	0.476094
0.120000	-0.189554	-0.030800	-0.256891	0.275272	-0.775946	0.476867
0.140000	-0.205796	-0.030106	-0.254758	0.276104	-0.775691	0.477703
0.160000	-0.226462	-0.026887	-0.249779	0.276961	-0.775391	0.478589
0.180000	-0.252057	-0.020917	-0.241623	0.277838	-0.775043	0.479513
0.200000	-0.282650	-0.012161	-0.230237	0.278728	-0.774648	0.480458
0.220000	-0.317537	-0.000925	-0.216058	0.279618	-0.774222	0.481404
0.240000	-0.355931	0.012451	-0.199572	0.280494	-0.773778	0.482330
0.260000	-0.397049	0.027627	-0.181267	0.281344	-0.773332	0.483215
0.280000	-0.440106	0.044262	-0.161629	0.282152	-0.772899	0.484037
0.300000	-0.484318	0.062015	-0.141147	0.282907	-0.772494	0.484775
0.320000	-0.528899	0.080546	-0.120306	0.283595	-0.772131	0.485409
0.340000	-0.573065	0.099516	-0.099593	0.284203	-0.771827	0.485917
0.360000	-0.616033	0.118582	-0.079497	0.284716	-0.771595	0.486277
0.380000	-0.657016	0.137405	-0.060503	0.285123	-0.771451	0.486470
0.400000	-0.695230	0.155644	-0.043098	0.285409	-0.771410	0.486473
0.420000	-0.729892	0.172960	-0.027771	0.285561	-0.771487	0.486266
0.440000	-0.760215	0.189010	-0.015007	0.285565	-0.771696	0.485827
0.460000	-0.785416	0.203456	-0.005294	0.285409	-0.772053	0.485135
0.480000	-0.804711	0.215956	0.000882	0.285079	-0.772573	0.484169
0.500000	-0.817569	0.226304	0.003255	0.284573	-0.773260	0.482925
0.520000	-0.824035	0.234591	0.002060	0.283910	-0.774095	0.481436
0.540000	-0.824237	0.240954	-0.002394	0.283117	-0.775056	0.479741
0.560000	-0.818301	0.245529	-0.009801	0.282217	-0.776118	0.477879
0.580000	-0.806354	0.248450	-0.019854	0.281235	-0.777260	0.475889
0.600000	-0.788523	0.249853	-0.032247	0.280195	-0.778459	0.473810
0.620000	-0.764934	0.249873	-0.046673	0.279123	-0.779693	0.471680
0.640000	-0.735714	0.248647	-0.062825	0.278042	-0.780938	0.469539
0.660000	-0.700990	0.246309	-0.080396	0.276977	-0.782171	0.467425
0.680000	-0.660888	0.242995	-0.099079	0.275952	-0.783371	0.465377
0.700000	-0.615536	0.238841	-0.118568	0.274993	-0.784514	0.463435
0.720000	-0.565060	0.233981	-0.138555	0.274124	-0.785578	0.461636
0.740000	-0.509587	0.228552	-0.158735	0.273368	-0.786540	0.460020
0.760000	-0.449243	0.222689	-0.178799	0.272752	-0.787377	0.458626
0.780000	-0.384155	0.216528	-0.198442	0.272298	-0.788066	0.457493
0.800000	-0.314450	0.210203	-0.217356	0.272033	-0.788585	0.456659
0.820000	-0.240263	0.203849	-0.235236	0.271979	-0.788911	0.456163
0.840000	-0.162141	0.197511	-0.251871	0.272142	-0.789038	0.456016
0.860000	-0.081233	0.191105	-0.267184	0.272498	-0.788981	0.456188
0.880000	0.001264	0.184536	-0.281109	0.273021	-0.788758	0.456647
0.900000	0.084155	0.177711	-0.293579	0.273684	-0.788387	0.457360
0.920000	0.166241	0.170535	-0.304530	0.274462	-0.787884	0.458296
0.940000	0.246327	0.162914	-0.313894	0.275329	-0.787269	0.459422
0.960000	0.323216	0.154754	-0.321607	0.276259	-0.786558	0.460704
0.980000	0.395712	0.145960	-0.327603	0.277226	-0.785770	0.462112
1.000000	0.462617	0.136439	-0.331815	0.278203	-0.784921	0.463612
1.020000	0.522735	0.126096	-0.334177	0.279165	-0.784029	0.465172
1.040000	0.574869	0.114837	-0.334624	0.280086	-0.783113	0.466759
1.060000	0.617824	0.102568	-0.333090	0.280940	-0.782189	0.468342
1.080000	0.650401	0.089195	-0.329509	0.281700	-0.781276	0.469887
1.100000	0.671405	0.074622	-0.323815	0.282341	-0.780391	0.471362
1.120000	0.679639	0.058757	-0.315943	0.282836	-0.779551	0.472735
1.140000	0.674048	0.041531	-0.305848	0.283163	-0.778773	0.473976
1.160000	0.655132	0.023164	-0.293745	0.283323	-0.778056	0.475083
1.180000	0.624353	0.004054	-0.280005	0.283335	-0.777389	0.476070
1.200000	0.583188	-0.015398	-0.265000	0.283218	-0.776760	0.476952
1.220000	0.533112	-0.034792	-0.249103	0.282990	-0.776158	0.477745
1.240000	0.475602	-0.053726	-0.232688	0.282671	-0.775572	0.478464
1.260000	0.412134	-0.071801	-0.216128	0.282279	-0.774989	0.479123
1.280000	0.344183	-0.088616	-0.199797	0.281832	-0.774400	0.479738
1.300000	0.273227	-0.103769	-0.184067	0.281350	-0.773792	0.480324
1.320000	0.200742	-0.116861	-0.169311	0.280852	-0.773153	0.480896
1.340000	0.128203	-0.127490	-0.155904	0.280356	-0.772474	0.481468
1.360000	0.057086	-0.135257	-0.144217	0.279880	-0.771741	0.482056
1.380000	-0.011131	-0.139760	-0.134624	0.279445	-0.770945	0.482676
1.400000	-0.074973	-0.140598	-0.127499	0.279067	-0.770073	0.483341
1.420000	-0.132964	-0.137372	-0.123214	0.278767	-0.769114	0.484068
1.440000	-0.183627	-0.129680	-0.122143	0.278563	-0.768056	0.484871
1.460000	-0.225874	-0.117288	-0.124528	0.278469	-0.766895	0.485758
1.480000	-0.260120	-0.100607	-0.130101	0.278477	-0.765648	0.486713
1.500000	-0.287148	-0.080206	-0.138470	0.278577	-0.764340	0.487712
1.520000	-0.307740	-0.056653	-0.149243	0.278758	-0.762993	0.488730
1.540000	-0.322679	-0.030518	-0.162029	0.279007	-0.761631	0.489745
1.560000	-0.332748	-0.002368	-0.176434	0.279314	-0.760279	0.490733
1.580000	-0.338730	0.027227	-0.192068	0.279667	-0.758960	0.491669
1.600000	-0.341406	0.057699	-0.208538	0.280055	-0.757697	0.492532
1.620000	-0.341559	0.088480	-0.225452	0.280466	-0.756515	0.493296
1.640000	-0.339972	0.119000	-0.242419	0.280889	-0.755437	0.493938
1.660000	-0.337428	0.148691	-0.259046	0.281312	-0.754487	0.494436
1.680000	-0.334709	0.176984	-0.274941	0.281725	-0.753688	0.494764
1.700000	-0.332598	0.203311	-0.289713	0.282115	-0.753065	0.494899
1.720000	-0.331876	0.227103	-0.302969	0.282471	-0.752641	0.494818
1.740000	-0.333328	0.247792	-0.314318	0.282783	-0.752440	0.494498
1.760000	-0.337727	0.264814	-0.323370	0.283038	-0.752485	0.493914
1.780000	-0.345411	0.277935	-0.329939	0.283232	-0.752781	0.493066
1.800000	-0.356039	0.287430	-0.334146	0.283370	-0.753304	0.491983
