0.000000	-0.430768	0.184826	-0.193427	0.215716	-0.823172	0.429614
0.020000	-0.445893	0.168254	-0.183225	0.215435	-0.824211	0.430028
0.040000	-0.458680	0.150959	-0.173157	0.215180	-0.825212	0.430475
0.060000	-0.468848	0.133397	-0.163456	0.214968	-0.826146	0.430939
0.080000	-0.476120	0.116027	-0.154354	0.214818	-0.826988	0.431404
0.100000	-0.480214	0.099305	-0.146085	0.214748	-0.827710	0.431854
0.120000	-0.480853	0.083688	-0.138881	0.214774	-0.828288	0.432272
0.140000	-0.477756	0.069634	-0.132975	0.214914	-0.828692	0.432642
0.160000	-0.470648	0.057598	-0.128597	0.215187	-0.828898	0.432948
0.180000	-0.459532	0.047870	-0.125845	0.215597	-0.828897	0.433182
0.200000	-0.444872	0.040468	-0.124595	0.216131	-0.828709	0.433350
0.220000	-0.427178	0.035386	-0.124700	0.216772	-0.828359	0.433458
0.240000	-0.406956	0.032615	-0.126017	0.217504	-0.827870	0.433512
0.260000	-0.384716	0.032148	-0.128400	0.218311	-0.827266	0.433519
0.280000	-0.360965	0.033978	-0.131704	0.219178	-0.826570	0.433485
0.300000	-0.336212	0.038097	-0.135783	0.220087	-0.825807	0.433418
0.320000	-0.310965	0.044497	-0.140493	0.221024	-0.825000	0.433323
0.340000	-0.285732	0.053173	-0.145687	0.221972	-0.824173	0.433208
0.360000	-0.261021	0.064115	-0.151222	0.222915	-0.823349	0.433078
0.380000	-0.237340	0.077316	-0.156951	0.223837	-0.822553	0.432941
0.400000	-0.215198	0.092770	-0.162730	0.224721	-0.821807	0.432803
0.420000	-0.195102	0.110468	-0.168413	0.225553	-0.821137	0.432670
0.440000	-0.177562	0.130404	-0.173855	0.226315	-0.820565	0.432549
0.460000	-0.163085	0.152569	-0.178911	0.226992	-0.820115	0.432447
0.480000	-0.152179	0.176956	-0.183436	0.227568	-0.819812	0.432370
0.500000	-0.145210	0.203447	-0.187329	0.228030	-0.819670	0.432323
0.520000	-0.142064	0.231541	-0.190642	0.228378	-0.819678	0.432306
0.540000	-0.142520	0.260660	-0.193459	0.228617	-0.819817	0.432319
0.560000	-0.146361	0.290222	-0.195862	0.228747	-0.820071	0.432360
0.580000	-0.153368	0.319649	-0.197937	0.228774	-0.820421	0.432428
0.600000	-0.163322	0.348360	-0.199765	0.228699	-0.820849	0.432523
0.620000	-0.176006	0.375776	-0.201432	0.228526	-0.821338	0.432642
0.640000	-0.191201	0.401316	-0.203021	0.228257	-0.821869	0.432786
0.660000	-0.208688	0.424401	-0.204616	0.227896	-0.822425	0.432953
0.680000	-0.228249	0.444451	-0.206299	0.227445	-0.822988	0.433142
0.700000	-0.249665	0.460885	-0.208156	0.226908	-0.823540	0.433353
0.720000	-0.272719	0.473125	-0.210270	0.226287	-0.824064	0.433583
0.740000	-0.297191	0.480591	-0.212723	0.225586	-0.824541	0.433833
0.760000	-0.322863	0.482701	-0.215601	0.224807	-0.824953	0.434101
0.780000	-0.349516	0.478877	-0.218987	0.223953	-0.825284	0.434386
0.800000	-0.376929	0.468552	-0.222962	0.223028	-0.825515	0.434687
0.820000	-0.404740	0.451721	-0.227489	0.222043	-0.825642	0.435002
0.840000	-0.432392	0.429149	-0.232372	0.221020	-0.825681	0.435328
0.860000	-0.459316	0.401656	-0.237403	0.219982	-0.825650	0.435661
0.880000	-0.484943	0.370063	-0.242375	0.218953	-0.825564	0.435998
0.900000	-0.508703	0.335189	-0.247080	0.217955	-0.825440	0.436336
0.920000	-0.530027	0.297854	-0.251309	0.217012	-0.825295	0.436672
0.940000	-0.548345	0.258878	-0.254855	0.216147	-0.825146	0.437001
0.960000	-0.563088	0.219082	-0.257510	0.215382	-0.825010	0.437320
0.980000	-0.573687	0.179285	-0.259066	0.214742	-0.824903	0.437627
1.000000	-0.579572	0.140308	-0.259315	0.214248	-0.824843	0.437917
1.020000	-0.580173	0.102970	-0.258049	0.213925	-0.824845	0.438188
1.040000	-0.574921	0.068092	-0.255060	0.213795	-0.824927	0.438436
1.060000	-0.563248	0.036494	-0.250141	0.213882	-0.825106	0.438657
1.080000	-0.544582	0.008995	-0.243084	0.214208	-0.825398	0.438849
1.100000	-0.518363	-0.013589	-0.233683	0.214797	-0.825819	0.439007
1.120000	-0.484639	-0.030838	-0.221979	0.215647	-0.826372	0.439126
1.140000	-0.444528	-0.043031	-0.208442	0.216714	-0.827032	0.439197
1.160000	-0.399260	-0.050512	-0.193586	0.217949	-0.827771	0.439210
1.180000	-0.350060	-0.053629	-0.177923	0.219305	-0.828562	0.439155
1.200000	-0.298156	-0.052727	-0.161969	0.220732	-0.829378	0.439022
1.220000	-0.244775	-0.048153	-0.146235	0.222183	-0.830192	0.438801
1.240000	-0.191145	-0.040254	-0.131235	0.223609	-0.830975	0.438482
1.260000	-0.138493	-0.029376	-0.117484	0.224962	-0.831702	0.438056
1.280000	-0.088046	-0.015864	-0.105494	0.226194	-0.832343	0.437512
1.300000	-0.041031	-0.000067	-0.095780	0.227256	-0.832873	0.436840
1.320000	0.001324	0.017671	-0.088854	0.228099	-0.833264	0.436032
1.340000	0.037792	0.037002	-0.085229	0.228676	-0.833488	0.435076
1.360000	0.067145	0.057580	-0.085421	0.228938	-0.833519	0.433964
1.380000	0.088157	0.079059	-0.089941	0.228837	-0.833328	0.432684
1.400000	0.099770	0.101100	-0.099213	0.228333	-0.832893	0.431231
1.420000	0.102282	0.123431	-0.112938	0.227448	-0.832226	0.429622
