0.000000	-0.458067	-0.273737	-0.167532	0.267982	-0.816571	0.423790
0.020000	-0.467139	-0.312501	-0.149278	0.268668	-0.816572	0.421930
0.040000	-0.476471	-0.339364	-0.132711	0.269178	-0.816582	0.420254
0.060000	-0.486394	-0.352537	-0.118129	0.269475	-0.816608	0.418806
0.080000	-0.497239	-0.350231	-0.105832	0.269524	-0.816656	0.417628
0.100000	-0.509222	-0.331502	-0.096051	0.269305	-0.816730	0.416745
0.120000	-0.522204	-0.297971	-0.088813	0.268840	-0.816829	0.416135
0.140000	-0.535981	-0.251740	-0.084105	0.268163	-0.816948	0.415766
0.160000	-0.550346	-0.194913	-0.081914	0.267306	-0.817085	0.415606
0.180000	-0.565095	-0.129592	-0.082228	0.266303	-0.817236	0.415622
0.200000	-0.580023	-0.057882	-0.085033	0.265186	-0.817398	0.415783
0.220000	-0.594924	0.018114	-0.090318	0.263987	-0.817567	0.416055
0.240000	-0.609593	0.096294	-0.098069	0.262740	-0.817739	0.416408
0.260000	-0.623825	0.174553	-0.108273	0.261476	-0.817911	0.416809
0.280000	-0.637414	0.250789	-0.120918	0.260230	-0.818081	0.417225
0.300000	-0.650156	0.322898	-0.135992	0.259033	-0.818244	0.417626
0.320000	-0.661846	0.388776	-0.153481	0.257918	-0.818396	0.417978
0.340000	-0.672277	0.446321	-0.173373	0.256918	-0.818535	0.418249
0.360000	-0.681246	0.493429	-0.195655	0.256066	-0.818658	0.418407
0.380000	-0.688545	0.527997	-0.220314	0.255394	-0.818760	0.418421
0.400000	-0.693972	0.547921	-0.247337	0.254935	-0.818838	0.418258
0.420000	-0.697357	0.551484	-0.276661	0.254716	-0.818889	0.417891
0.440000	-0.698782	0.539486	-0.307882	0.254729	-0.818911	0.417333
0.460000	-0.698425	0.513739	-0.340463	0.254951	-0.818902	0.416609
0.480000	-0.696467	0.476059	-0.373863	0.255360	-0.818862	0.415745
0.500000	-0.693086	0.428258	-0.407544	0.255932	-0.818789	0.414770
0.520000	-0.688464	0.372152	-0.440968	0.256646	-0.818682	0.413708
0.540000	-0.682779	0.309555	-0.473596	0.257477	-0.818539	0.412587
0.560000	-0.676211	0.242282	-0.504888	0.258403	-0.818358	0.411432
0.580000	-0.668940	0.172146	-0.534307	0.259402	-0.818140	0.410271
0.600000	-0.661146	0.100963	-0.561312	0.260451	-0.817881	0.409130
0.620000	-0.653008	0.030547	-0.585366	0.261527	-0.817582	0.408036
0.640000	-0.644706	-0.037288	-0.605930	0.262608	-0.817239	0.407014
0.660000	-0.636420	-0.100727	-0.622464	0.263669	-0.816853	0.406092
0.680000	-0.628329	-0.157956	-0.634430	0.264690	-0.816422	0.405296
0.700000	-0.620614	-0.207160	-0.641289	0.265646	-0.815944	0.404652
0.720000	-0.613453	-0.246525	-0.642503	0.266516	-0.815418	0.404187
0.740000	-0.606998	-0.274346	-0.637570	0.267277	-0.814844	0.403926
0.760000	-0.600948	-0.290674	-0.626606	0.267929	-0.814233	0.403865
0.780000	-0.594639	-0.296959	-0.610217	0.268488	-0.813610	0.403981
0.800000	-0.587396	-0.294693	-0.589024	0.268970	-0.812996	0.404247
0.820000	-0.578546	-0.285369	-0.563646	0.269390	-0.812415	0.404639
0.840000	-0.567414	-0.270477	-0.534705	0.269765	-0.811890	0.405129
0.860000	-0.553327	-0.251510	-0.502820	0.270111	-0.811445	0.405695
0.880000	-0.535610	-0.229958	-0.468611	0.270444	-0.811101	0.406308
0.900000	-0.513589	-0.207315	-0.432700	0.270781	-0.810884	0.406945
0.920000	-0.486590	-0.185070	-0.395707	0.271137	-0.810814	0.407580
0.940000	-0.453939	-0.164717	-0.358251	0.271528	-0.810916	0.408187
0.960000	-0.414962	-0.147746	-0.320954	0.271971	-0.811213	0.408740
0.980000	-0.368985	-0.135650	-0.284435	0.272481	-0.811728	0.409215
1.000000	-0.315333	-0.129920	-0.249315	0.273076	-0.812484	0.409586
1.020000	-0.253334	-0.132047	-0.216214	0.273770	-0.813504	0.409827
1.040000	-0.182311	-0.143523	-0.185753	0.274580	-0.814811	0.409913
1.060000	-0.101911	-0.165437	-0.158463	0.275518	-0.816419	0.409825
1.080000	-0.013436	-0.196774	-0.134416	0.276571	-0.818292	0.409583
1.100000	0.081269	-0.235835	-0.113534	0.277717	-0.820378	0.409217
1.120000	0.180358	-0.280918	-0.095738	0.278936	-0.822626	0.408759
1.140000	0.281987	-0.330325	-0.080949	0.280206	-0.824983	0.408240
1.160000	0.384311	-0.382355	-0.069089	0.281508	-0.827399	0.407690
1.180000	0.485485	-0.435309	-0.060079	0.282820	-0.829820	0.407141
1.200000	0.583665	-0.487486	-0.053841	0.284121	-0.832195	0.406623
1.220000	0.677005	-0.537186	-0.050295	0.285390	-0.834473	0.406168
1.240000	0.763660	-0.582710	-0.049364	0.286607	-0.836601	0.405808
1.260000	0.841786	-0.622357	-0.050968	0.287750	-0.838527	0.405572
1.280000	0.909538	-0.654428	-0.055029	0.288799	-0.840201	0.405492
1.300000	0.965071	-0.677223	-0.061468	0.289733	-0.841570	0.405599
1.320000	1.006540	-0.689041	-0.070208	0.290531	-0.842582	0.405924
1.340000	1.032100	-0.688182	-0.081169	0.291172	-0.843185	0.406498
1.360000	1.039906	-0.672947	-0.094272	0.291634	-0.843328	0.407352
1.380000	1.028297	-0.641814	-0.109427	0.291900	-0.842964	0.408514
1.400000	0.997814	-0.595400	-0.126405	0.291973	-0.842107	0.409966
1.420000	0.950452	-0.535733	-0.144882	0.291874	-0.840815	0.411660
1.440000	0.888233	-0.464869	-0.164534	0.291622	-0.839143	0.413550
1.460000	0.813180	-0.384862	-0.185037	0.291236	-0.837148	0.415587
1.480000	0.727313	-0.297769	-0.206066	0.290738	-0.834887	0.417724
1.500000	0.632656	-0.205644	-0.227297	0.290147	-0.832416	0.419912
1.520000	0.531231	-0.110542	-0.248405	0.289483	-0.829792	0.422105
1.540000	0.425058	-0.014517	-0.269066	0.288766	-0.827072	0.424255
1.560000	0.316161	0.080375	-0.288956	0.288017	-0.824312	0.426313
1.580000	0.206560	0.172079	-0.307751	0.287254	-0.821568	0.428232
1.600000	0.098279	0.258540	-0.325125	0.286498	-0.818898	0.429965
1.620000	-0.006662	0.337704	-0.340755	0.285769	-0.816358	0.431464
1.640000	-0.106239	0.407514	-0.354317	0.285087	-0.814005	0.432680
1.660000	-0.198432	0.465917	-0.365485	0.284471	-0.811895	0.433568
1.680000	-0.281217	0.510858	-0.373935	0.283943	-0.810085	0.434077
1.700000	-0.353029	0.540842	-0.379433	0.283517	-0.808617	0.434176
1.720000	-0.414210	0.556736	-0.382115	0.283186	-0.807481	0.433886
1.740000	-0.465601	0.560023	-0.382218	0.282940	-0.806649	0.433247
1.760000	-0.508047	0.552185	-0.379975	0.282766	-0.806094	0.432297
1.780000	-0.542390	0.534705	-0.375624	0.282654	-0.805789	0.431074
1.800000	-0.569473	0.509067	-0.369399	0.282591	-0.805707	0.429617
1.820000	-0.590137	0.476753	-0.361535	0.282566	-0.805821	0.427964
1.840000	-0.605227	0.439247	-0.352268	0.282568	-0.806104	0.426154
1.860000	-0.615586	0.398031	-0.341834	0.282585	-0.806530	0.424226
1.880000	-0.622054	0.354590	-0.330468	0.282606	-0.807072	0.422217
1.900000	-0.625477	0.310405	-0.318404	0.282618	-0.807701	0.420166
1.920000	-0.626695	0.266960	-0.305880	0.282611	-0.808393	0.418111
1.940000	-0.626553	0.225737	-0.293129	0.282573	-0.809119	0.416092
1.960000	-0.625893	0.188221	-0.280388	0.282492	-0.809853	0.414146
1.980000	-0.625557	0.155894	-0.267891	0.282357	-0.810568	0.412312
2.000000	-0.626382	0.130227	-0.255873	0.282157	-0.811236	0.410628
2.020000	-0.628771	0.111876	-0.244439	0.281884	-0.811844	0.409115
2.040000	-0.632411	0.100151	-0.233482	0.281545	-0.812391	0.407767
