0.000000	-0.003378	0.231919	-0.220527	0.220119	-0.799440	0.432580
0.020000	-0.020080	0.218372	-0.217870	0.220153	-0.799220	0.430609
0.040000	-0.042466	0.202800	-0.213623	0.219934	-0.799276	0.428648
0.060000	-0.069686	0.185674	-0.207975	0.219500	-0.799590	0.426714
0.080000	-0.100889	0.167463	-0.201117	0.218885	-0.800144	0.424823
0.100000	-0.135225	0.148638	-0.193237	0.218128	-0.800920	0.422991
0.120000	-0.171844	0.129670	-0.184527	0.217263	-0.801899	0.421236
0.140000	-0.209896	0.111029	-0.175176	0.216329	-0.803064	0.419575
0.160000	-0.248530	0.093186	-0.165373	0.215360	-0.804397	0.418023
0.180000	-0.286896	0.076611	-0.155308	0.214395	-0.805879	0.416598
0.200000	-0.324144	0.061775	-0.145172	0.213468	-0.807493	0.415316
0.220000	-0.359423	0.049148	-0.135153	0.212617	-0.809220	0.414195
0.240000	-0.391883	0.039201	-0.125443	0.211878	-0.811043	0.413250
0.260000	-0.420674	0.032404	-0.116230	0.211288	-0.812944	0.412498
0.280000	-0.444946	0.029228	-0.107704	0.210883	-0.814904	0.411957
0.300000	-0.463848	0.030143	-0.100056	0.210699	-0.816905	0.411642
0.320000	-0.476692	0.035483	-0.093448	0.210766	-0.818930	0.411566
0.340000	-0.483708	0.044801	-0.087892	0.211074	-0.820959	0.411718
0.360000	-0.485449	0.057375	-0.083347	0.211598	-0.822974	0.412075
0.380000	-0.482471	0.072484	-0.079772	0.212315	-0.824954	0.412616
0.400000	-0.475327	0.089406	-0.077123	0.213201	-0.826882	0.413322
0.420000	-0.464571	0.107421	-0.075362	0.214230	-0.828739	0.414170
0.440000	-0.450757	0.125806	-0.074444	0.215380	-0.830504	0.415140
0.460000	-0.434440	0.143839	-0.074330	0.216626	-0.832159	0.416210
0.480000	-0.416173	0.160800	-0.074978	0.217943	-0.833685	0.417361
0.500000	-0.396511	0.175966	-0.076345	0.219308	-0.835063	0.418569
0.520000	-0.376008	0.188617	-0.078391	0.220697	-0.836273	0.419816
0.540000	-0.355218	0.198030	-0.081074	0.222084	-0.837297	0.421079
0.560000	-0.334695	0.203483	-0.084353	0.223447	-0.838116	0.422338
0.580000	-0.314993	0.204257	-0.088185	0.224761	-0.838710	0.423571
0.600000	-0.296667	0.199627	-0.092530	0.226002	-0.839061	0.424758
0.620000	-0.280270	0.188875	-0.097346	0.227146	-0.839149	0.425877
0.640000	-0.266328	0.171380	-0.102588	0.228169	-0.838957	0.426909
0.660000	-0.254970	0.147901	-0.108174	0.229065	-0.838497	0.427843
0.680000	-0.246051	0.120172	-0.113993	0.229836	-0.837799	0.428676
0.700000	-0.239416	0.089949	-0.119934	0.230487	-0.836895	0.429407
0.720000	-0.234912	0.058988	-0.125887	0.231020	-0.835815	0.430032
0.740000	-0.232385	0.029045	-0.131740	0.231441	-0.834591	0.430549
0.760000	-0.231682	0.001874	-0.137382	0.231753	-0.833255	0.430956
0.780000	-0.232648	-0.020767	-0.142703	0.231958	-0.831837	0.431250
0.800000	-0.235130	-0.037124	-0.147592	0.232062	-0.830370	0.431429
0.820000	-0.238975	-0.045441	-0.151937	0.232068	-0.828884	0.431489
0.840000	-0.244029	-0.043962	-0.155628	0.231979	-0.827410	0.431429
0.860000	-0.250138	-0.030932	-0.158554	0.231799	-0.825980	0.431246
0.880000	-0.257149	-0.004594	-0.160604	0.231533	-0.824625	0.430937
0.900000	-0.264908	0.036806	-0.161667	0.231183	-0.823377	0.430500
0.920000	-0.273262	0.095025	-0.161632	0.230753	-0.822267	0.429933
0.940000	-0.282056	0.171818	-0.160388	0.230248	-0.821325	0.429232
0.960000	-0.291151	0.268202	-0.157870	0.229671	-0.820577	0.428401
0.980000	-0.300471	0.381826	-0.154225	0.229030	-0.820013	0.427465
1.000000	-0.309956	0.509381	-0.149658	0.228331	-0.819615	0.426455
1.020000	-0.319548	0.647562	-0.144375	0.227584	-0.819366	0.425404
1.040000	-0.329188	0.793058	-0.138582	0.226795	-0.819246	0.424344
1.060000	-0.338816	0.942563	-0.132485	0.225972	-0.819238	0.423307
1.080000	-0.348375	1.092768	-0.126288	0.225122	-0.819324	0.422324
1.100000	-0.357806	1.240366	-0.120200	0.224255	-0.819485	0.421427
1.120000	-0.367049	1.382048	-0.114424	0.223376	-0.819703	0.420649
1.140000	-0.376046	1.514507	-0.109166	0.222495	-0.819961	0.420021
1.160000	-0.384738	1.634434	-0.104634	0.221617	-0.820239	0.419576
1.180000	-0.393066	1.738522	-0.101032	0.220753	-0.820521	0.419345
1.200000	-0.400971	1.823463	-0.098566	0.219908	-0.820787	0.419360
1.220000	-0.408396	1.885949	-0.097442	0.219090	-0.821020	0.419654
1.240000	-0.415280	1.922671	-0.097866	0.218308	-0.821201	0.420257
1.260000	-0.421565	1.930346	-0.100042	0.217569	-0.821313	0.421203
1.280000	-0.427186	1.907864	-0.104017	0.216879	-0.821346	0.422494
1.300000	-0.432071	1.857962	-0.109559	0.216244	-0.821311	0.424087
1.320000	-0.436144	1.783775	-0.116408	0.215667	-0.821218	0.425931
1.340000	-0.439331	1.688437	-0.124305	0.215154	-0.821077	0.427977
1.360000	-0.441557	1.575081	-0.132989	0.214709	-0.820900	0.430176
1.380000	-0.442747	1.446843	-0.142200	0.214336	-0.820696	0.432477
1.400000	-0.442827	1.306854	-0.151677	0.214040	-0.820477	0.434831
1.420000	-0.441721	1.158251	-0.161162	0.213826	-0.820253	0.437188
1.440000	-0.439357	1.004166	-0.170394	0.213698	-0.820036	0.439499
1.460000	-0.435658	0.847733	-0.179112	0.213661	-0.819835	0.441714
1.480000	-0.430550	0.692087	-0.187057	0.213719	-0.819662	0.443783
1.500000	-0.423958	0.540362	-0.193968	0.213876	-0.819527	0.445657
1.520000	-0.415808	0.395691	-0.199587	0.214138	-0.819442	0.447286
1.540000	-0.406025	0.261208	-0.203651	0.214509	-0.819415	0.448621
1.560000	-0.394535	0.140048	-0.205902	0.214993	-0.819460	0.449611
1.580000	-0.381262	0.035344	-0.206080	0.215596	-0.819585	0.450207
1.600000	-0.366225	-0.050600	-0.204023	0.216315	-0.819796	0.450377
1.620000	-0.349785	-0.118524	-0.199938	0.217127	-0.820074	0.450157
1.640000	-0.332381	-0.169861	-0.194111	0.218006	-0.820395	0.449594
1.660000	-0.314450	-0.206047	-0.186831	0.218923	-0.820735	0.448739
1.680000	-0.296431	-0.228516	-0.178386	0.219851	-0.821071	0.447642
1.700000	-0.278763	-0.238703	-0.169065	0.220762	-0.821378	0.446351
1.720000	-0.261885	-0.238043	-0.159156	0.221627	-0.821632	0.444917
1.740000	-0.246234	-0.227970	-0.148947	0.222421	-0.821811	0.443388
1.760000	-0.232250	-0.209919	-0.138725	0.223114	-0.821889	0.441814
1.780000	-0.220371	-0.185324	-0.128781	0.223679	-0.821843	0.440245
