0.000000	-0.356039	0.287430	-0.334146	0.283370	-0.753304	0.491983
0.020000	-0.369215	0.293616	-0.336140	0.283460	-0.754028	0.490702
0.040000	-0.384540	0.296811	-0.336068	0.283507	-0.754926	0.489255
0.060000	-0.401617	0.297331	-0.334079	0.283519	-0.755971	0.487678
0.080000	-0.420050	0.295494	-0.330321	0.283502	-0.757137	0.486004
0.100000	-0.439440	0.291618	-0.324942	0.283462	-0.758397	0.484267
0.120000	-0.459390	0.286019	-0.318091	0.283406	-0.759726	0.482502
0.140000	-0.479503	0.279015	-0.309916	0.283340	-0.761096	0.480743
0.160000	-0.499382	0.270924	-0.300565	0.283271	-0.762481	0.479024
0.180000	-0.518628	0.262062	-0.290186	0.283206	-0.763854	0.477379
0.200000	-0.536845	0.252747	-0.278928	0.283151	-0.765190	0.475843
0.220000	-0.553635	0.243297	-0.266939	0.283113	-0.766461	0.474450
0.240000	-0.568602	0.234028	-0.254366	0.283097	-0.767641	0.473234
0.260000	-0.581346	0.225258	-0.241360	0.283112	-0.768704	0.472228
0.280000	-0.591472	0.217304	-0.228066	0.283162	-0.769623	0.471468
0.300000	-0.598593	0.210477	-0.214633	0.283255	-0.770373	0.470986
0.320000	-0.602612	0.204915	-0.201164	0.283388	-0.770949	0.470779
0.340000	-0.603713	0.200590	-0.187721	0.283551	-0.771371	0.470808
0.360000	-0.602095	0.197465	-0.174365	0.283731	-0.771658	0.471033
0.380000	-0.597956	0.195503	-0.161156	0.283918	-0.771828	0.471413
0.400000	-0.591494	0.194668	-0.148154	0.284101	-0.771902	0.471909
0.420000	-0.582907	0.194921	-0.135420	0.284269	-0.771898	0.472479
0.440000	-0.572393	0.196228	-0.123013	0.284410	-0.771836	0.473084
0.460000	-0.560151	0.198550	-0.110994	0.284513	-0.771736	0.473684
0.480000	-0.546377	0.201852	-0.099424	0.284568	-0.771616	0.474238
0.500000	-0.531271	0.206095	-0.088363	0.284562	-0.771495	0.474705
0.520000	-0.515030	0.211245	-0.077870	0.284484	-0.771394	0.475046
0.540000	-0.497852	0.217262	-0.068007	0.284325	-0.771331	0.475221
0.560000	-0.479936	0.224112	-0.058833	0.284071	-0.771326	0.475188
0.580000	-0.461479	0.231757	-0.050409	0.283713	-0.771398	0.474908
0.600000	-0.442681	0.240159	-0.042795	0.283239	-0.771566	0.474341
0.620000	-0.423757	0.249223	-0.036029	0.282650	-0.771835	0.473484
0.640000	-0.404948	0.258785	-0.030124	0.281957	-0.772194	0.472377
0.660000	-0.386495	0.268676	-0.025089	0.281177	-0.772630	0.471066
0.680000	-0.368639	0.278726	-0.020935	0.280324	-0.773130	0.469592
0.700000	-0.351621	0.288765	-0.017673	0.279411	-0.773681	0.468002
0.720000	-0.335683	0.298624	-0.015313	0.278453	-0.774271	0.466339
0.740000	-0.321066	0.308134	-0.013864	0.277465	-0.774887	0.464646
0.760000	-0.308011	0.317124	-0.013338	0.276461	-0.775517	0.462969
0.780000	-0.296760	0.325426	-0.013745	0.275455	-0.776146	0.461351
0.800000	-0.287553	0.332870	-0.015094	0.274462	-0.776763	0.459836
0.820000	-0.280633	0.339287	-0.017397	0.273496	-0.777355	0.458468
0.840000	-0.276239	0.344507	-0.020664	0.272572	-0.777909	0.457292
0.860000	-0.274615	0.348360	-0.024905	0.271704	-0.778412	0.456351
0.880000	-0.276000	0.350678	-0.030130	0.270906	-0.778852	0.455690
0.900000	-0.280636	0.351290	-0.036350	0.270193	-0.779215	0.455352
0.920000	-0.288711	0.350052	-0.043565	0.269577	-0.779491	0.455377
0.940000	-0.299916	0.347035	-0.051691	0.269058	-0.779682	0.455753
0.960000	-0.313678	0.342430	-0.060597	0.268627	-0.779799	0.456443
0.980000	-0.329420	0.336428	-0.070152	0.268275	-0.779853	0.457410
1.000000	-0.346566	0.329220	-0.080224	0.267995	-0.779855	0.458616
1.020000	-0.364540	0.320998	-0.090681	0.267776	-0.779814	0.460024
1.040000	-0.382764	0.311952	-0.101393	0.267612	-0.779742	0.461595
1.060000	-0.400663	0.302274	-0.112228	0.267493	-0.779650	0.463293
1.080000	-0.417661	0.292155	-0.123054	0.267410	-0.779547	0.465080
1.100000	-0.433181	0.281787	-0.133741	0.267355	-0.779445	0.466918
1.120000	-0.446646	0.271359	-0.144156	0.267320	-0.779355	0.468769
1.140000	-0.457480	0.261064	-0.154169	0.267296	-0.779286	0.470597
1.160000	-0.465108	0.251093	-0.163648	0.267274	-0.779251	0.472363
1.180000	-0.468952	0.241637	-0.172462	0.267246	-0.779258	0.474030
1.200000	-0.468436	0.232887	-0.180479	0.267203	-0.779320	0.475560
1.220000	-0.462984	0.225034	-0.187568	0.267136	-0.779446	0.476916
1.240000	-0.452046	0.218262	-0.193601	0.267038	-0.779648	0.478061
1.260000	-0.435749	0.212545	-0.198539	0.266905	-0.779922	0.478981
1.280000	-0.414930	0.207642	-0.202433	0.266739	-0.780256	0.479683
1.300000	-0.390459	0.203299	-0.205341	0.266541	-0.780633	0.480178
1.320000	-0.363207	0.199264	-0.207321	0.266315	-0.781041	0.480475
1.340000	-0.334046	0.195284	-0.208428	0.266061	-0.781463	0.480583
1.360000	-0.303846	0.191106	-0.208721	0.265784	-0.781886	0.480512
1.380000	-0.273477	0.186478	-0.208255	0.265483	-0.782294	0.480272
1.400000	-0.243812	0.181145	-0.207089	0.265163	-0.782673	0.479871
1.420000	-0.215720	0.174857	-0.205279	0.264824	-0.783007	0.479321
1.440000	-0.190073	0.167359	-0.202883	0.264469	-0.783283	0.478630
1.460000	-0.167741	0.158399	-0.199957	0.264100	-0.783486	0.477807
1.480000	-0.149596	0.147725	-0.196558	0.263720	-0.783600	0.476863
1.500000	-0.136508	0.135082	-0.192744	0.263330	-0.783611	0.475807
1.520000	-0.129347	0.120220	-0.188572	0.262932	-0.783504	0.474648
1.540000	-0.128986	0.102884	-0.184098	0.262529	-0.783266	0.473396
1.560000	-0.136131	0.082889	-0.179381	0.262124	-0.782882	0.472062
1.580000	-0.150312	0.060542	-0.174481	0.261720	-0.782364	0.470666
1.600000	-0.170539	0.036362	-0.169463	0.261325	-0.781727	0.469233
1.620000	-0.195823	0.010870	-0.164389	0.260943	-0.780989	0.467788
1.640000	-0.225172	-0.015412	-0.159324	0.260581	-0.780169	0.466355
1.660000	-0.257595	-0.041962	-0.154329	0.260246	-0.779283	0.464960
1.680000	-0.292102	-0.068261	-0.149470	0.259942	-0.778350	0.463627
1.700000	-0.327702	-0.093786	-0.144808	0.259676	-0.777387	0.462380
1.720000	-0.363404	-0.118016	-0.140408	0.259454	-0.776412	0.461244
1.740000	-0.398217	-0.140430	-0.136332	0.259281	-0.775442	0.460245
1.760000	-0.431151	-0.160507	-0.132645	0.259164	-0.774495	0.459406
1.780000	-0.461214	-0.177725	-0.129409	0.259109	-0.773588	0.458753
1.800000	-0.487416	-0.191564	-0.126688	0.259122	-0.772740	0.458311
1.820000	-0.508766	-0.201501	-0.124546	0.259208	-0.771968	0.458103
1.840000	-0.524273	-0.207016	-0.123045	0.259373	-0.771289	0.458155
1.860000	-0.532946	-0.207587	-0.122249	0.259624	-0.770721	0.458492
1.880000	-0.533852	-0.202729	-0.122215	0.259966	-0.770281	0.459135
1.900000	-0.527089	-0.192609	-0.122893	0.260396	-0.769978	0.460070
1.920000	-0.513653	-0.177962	-0.124138	0.260903	-0.769810	0.461246
1.940000	-0.494572	-0.159540	-0.125803	0.261477	-0.769777	0.462614
1.960000	-0.470871	-0.138099	-0.127741	0.262106	-0.769878	0.464122
