0.000000	-0.303786	0.086035	-0.513759	0.277464	-0.802290	0.430719
0.020000	-0.301788	0.103569	-0.533266	0.278026	-0.802060	0.430560
0.040000	-0.300503	0.121599	-0.550760	0.278546	-0.801953	0.430378
0.060000	-0.300018	0.139644	-0.565790	0.279015	-0.801983	0.430167
0.080000	-0.300420	0.157219	-0.577905	0.279424	-0.802161	0.429923
0.100000	-0.301797	0.173841	-0.586655	0.279764	-0.802501	0.429639
0.120000	-0.304234	0.189028	-0.591588	0.280024	-0.803016	0.429311
0.140000	-0.307820	0.202297	-0.592252	0.280197	-0.803720	0.428931
0.160000	-0.312640	0.213164	-0.588198	0.280272	-0.804625	0.428495
0.180000	-0.318730	0.221242	-0.579102	0.280244	-0.805738	0.428001
0.200000	-0.325868	0.226602	-0.565266	0.280123	-0.807034	0.427457
0.220000	-0.333760	0.229451	-0.547174	0.279921	-0.808477	0.426878
0.240000	-0.342107	0.230001	-0.525314	0.279653	-0.810034	0.426278
0.260000	-0.350615	0.228458	-0.500172	0.279333	-0.811670	0.425670
0.280000	-0.358987	0.225031	-0.472234	0.278975	-0.813350	0.425070
0.300000	-0.366927	0.219930	-0.441986	0.278592	-0.815039	0.424490
0.320000	-0.374137	0.213363	-0.409916	0.278199	-0.816703	0.423944
0.340000	-0.380323	0.205538	-0.376508	0.277809	-0.818307	0.423447
0.360000	-0.385187	0.196665	-0.342251	0.277436	-0.819817	0.423013
0.380000	-0.388434	0.186952	-0.307629	0.277094	-0.821198	0.422655
0.400000	-0.389766	0.176608	-0.273130	0.276797	-0.822415	0.422388
0.420000	-0.388888	0.165841	-0.239240	0.276559	-0.823433	0.422225
0.440000	-0.385504	0.154861	-0.206445	0.276394	-0.824218	0.422180
0.460000	-0.379316	0.143876	-0.175231	0.276315	-0.824736	0.422268
0.480000	-0.370029	0.133094	-0.146085	0.276337	-0.824952	0.422501
0.500000	-0.357387	0.122716	-0.119463	0.276472	-0.824834	0.422893
0.520000	-0.341577	0.112846	-0.095499	0.276715	-0.824393	0.423437
0.540000	-0.323055	0.103530	-0.074124	0.277051	-0.823666	0.424115
0.560000	-0.302284	0.094814	-0.055268	0.277465	-0.822689	0.424908
0.580000	-0.279726	0.086744	-0.038863	0.277941	-0.821497	0.425799
0.600000	-0.255842	0.079363	-0.024837	0.278465	-0.820129	0.426768
0.620000	-0.231094	0.072717	-0.013121	0.279021	-0.818618	0.427798
0.640000	-0.205945	0.066852	-0.003644	0.279594	-0.817004	0.428870
0.660000	-0.180855	0.061813	0.003662	0.280169	-0.815320	0.429966
0.680000	-0.156286	0.057645	0.008868	0.280730	-0.813605	0.431068
0.700000	-0.132701	0.054394	0.012044	0.281263	-0.811894	0.432157
0.720000	-0.110561	0.052104	0.013260	0.281751	-0.810224	0.433216
0.740000	-0.090328	0.050821	0.012586	0.282180	-0.808630	0.434225
0.760000	-0.072464	0.050590	0.010092	0.282535	-0.807150	0.435167
0.780000	-0.057430	0.051456	0.005848	0.282800	-0.805820	0.436023
0.800000	-0.045688	0.053464	-0.000076	0.282960	-0.804676	0.436775
0.820000	-0.037564	0.056622	-0.007579	0.283005	-0.803744	0.437410
0.840000	-0.032854	0.060781	-0.016431	0.282942	-0.803015	0.437928
0.860000	-0.031227	0.065759	-0.026374	0.282783	-0.802468	0.438338
0.880000	-0.032353	0.071372	-0.037150	0.282540	-0.802084	0.438645
0.900000	-0.035899	0.077438	-0.048500	0.282226	-0.801843	0.438855
0.920000	-0.041536	0.083772	-0.060167	0.281852	-0.801725	0.438975
0.940000	-0.048932	0.090192	-0.071890	0.281431	-0.801710	0.439011
0.960000	-0.057757	0.096515	-0.083413	0.280974	-0.801779	0.438970
0.980000	-0.067679	0.102557	-0.094476	0.280494	-0.801912	0.438857
1.000000	-0.078368	0.108135	-0.104821	0.280003	-0.802090	0.438681
1.020000	-0.089492	0.113065	-0.114190	0.279512	-0.802292	0.438446
1.040000	-0.100721	0.117165	-0.122323	0.279034	-0.802498	0.438159
1.060000	-0.111724	0.120251	-0.128964	0.278581	-0.802690	0.437826
1.080000	-0.122169	0.122141	-0.133853	0.278165	-0.802847	0.437455
1.100000	-0.131727	0.122649	-0.136731	0.277798	-0.802950	0.437050
1.120000	-0.140067	0.121599	-0.137345	0.277492	-0.802979	0.436620
1.140000	-0.147026	0.119032	-0.135691	0.277255	-0.802925	0.436171
1.160000	-0.152682	0.115337	-0.132151	0.277088	-0.802798	0.435717
1.180000	-0.157140	0.110929	-0.127136	0.276993	-0.802606	0.435269
1.200000	-0.160501	0.106222	-0.121060	0.276971	-0.802361	0.434840
1.220000	-0.162867	0.101634	-0.114337	0.277023	-0.802072	0.434442
1.240000	-0.164341	0.097579	-0.107379	0.277150	-0.801748	0.434087
1.260000	-0.165026	0.094472	-0.100600	0.277353	-0.801400	0.433788
1.280000	-0.165023	0.092731	-0.094412	0.277633	-0.801038	0.433556
1.300000	-0.164434	0.092769	-0.089230	0.277992	-0.800672	0.433405
1.320000	-0.163363	0.095003	-0.085465	0.278431	-0.800311	0.433346
1.340000	-0.161912	0.099848	-0.083531	0.278950	-0.799966	0.433391
1.360000	-0.160182	0.107720	-0.083842	0.279551	-0.799646	0.433554
1.380000	-0.158276	0.119035	-0.086810	0.280235	-0.799362	0.433845
1.400000	-0.156297	0.134207	-0.092848	0.281003	-0.799123	0.434278
1.420000	-0.154346	0.153653	-0.102371	0.281857	-0.798939	0.434864
1.440000	-0.152527	0.177788	-0.115789	0.282797	-0.798821	0.435617
1.460000	-0.150982	0.206777	-0.133310	0.283820	-0.798775	0.436538
1.480000	-0.149983	0.240006	-0.154488	0.284907	-0.798799	0.437606
1.500000	-0.149828	0.276709	-0.178755	0.286036	-0.798890	0.438790
1.520000	-0.150814	0.316122	-0.205540	0.287186	-0.799044	0.440062
1.540000	-0.153236	0.357478	-0.234274	0.288336	-0.799257	0.441394
1.560000	-0.157392	0.400012	-0.264387	0.289464	-0.799526	0.442755
1.580000	-0.163579	0.442959	-0.295310	0.290547	-0.799847	0.444117
1.600000	-0.172093	0.485553	-0.326472	0.291566	-0.800216	0.445452
1.620000	-0.183232	0.527028	-0.357305	0.292498	-0.800629	0.446730
1.640000	-0.197293	0.566620	-0.387239	0.293321	-0.801083	0.447922
