0.000000	-0.297412	0.184084	-0.185234	0.227965	-0.811509	0.433673
0.020000	-0.317966	0.199857	-0.184483	0.226875	-0.811714	0.431843
0.040000	-0.337744	0.213438	-0.184514	0.225795	-0.811871	0.430153
0.060000	-0.356478	0.224396	-0.185494	0.224749	-0.811975	0.428634
0.080000	-0.373904	0.232300	-0.187587	0.223767	-0.812022	0.427319
0.100000	-0.389756	0.236718	-0.190959	0.222876	-0.812010	0.426241
0.120000	-0.403803	0.237386	-0.195703	0.222095	-0.811938	0.425425
0.140000	-0.415947	0.234650	-0.201654	0.221425	-0.811813	0.424866
0.160000	-0.426120	0.228996	-0.208583	0.220859	-0.811643	0.424554
0.180000	-0.434253	0.220911	-0.216266	0.220390	-0.811439	0.424480
0.200000	-0.440277	0.210881	-0.224475	0.220013	-0.811210	0.424631
0.220000	-0.444125	0.199391	-0.232985	0.219720	-0.810964	0.424999
0.240000	-0.445728	0.186928	-0.241568	0.219505	-0.810712	0.425573
0.260000	-0.445018	0.173978	-0.249999	0.219362	-0.810462	0.426342
0.280000	-0.441925	0.161027	-0.258051	0.219285	-0.810224	0.427296
0.300000	-0.436381	0.148562	-0.265497	0.219267	-0.810007	0.428425
0.320000	-0.428319	0.137067	-0.272112	0.219301	-0.809821	0.429719
0.340000	-0.417669	0.127030	-0.277668	0.219382	-0.809674	0.431166
0.360000	-0.404363	0.118936	-0.281939	0.219503	-0.809576	0.432757
0.380000	-0.388333	0.113272	-0.284699	0.219657	-0.809536	0.434482
0.400000	-0.369510	0.110523	-0.285722	0.219839	-0.809564	0.436329
0.420000	-0.347825	0.111176	-0.284781	0.220041	-0.809668	0.438289
0.440000	-0.323212	0.115716	-0.281650	0.220258	-0.809859	0.440351
0.460000	-0.295850	0.124319	-0.276226	0.220484	-0.810137	0.442497
0.480000	-0.266473	0.136463	-0.268684	0.220717	-0.810489	0.444690
0.500000	-0.235895	0.151532	-0.259237	0.220954	-0.810898	0.446891
0.520000	-0.204927	0.168909	-0.248097	0.221194	-0.811348	0.449060
0.540000	-0.174384	0.187976	-0.235478	0.221434	-0.811821	0.451158
0.560000	-0.145076	0.208117	-0.221592	0.221673	-0.812300	0.453147
0.580000	-0.117817	0.228713	-0.206653	0.221908	-0.812771	0.454986
0.600000	-0.093419	0.249149	-0.190874	0.222137	-0.813214	0.456637
0.620000	-0.072695	0.268807	-0.174467	0.222358	-0.813615	0.458060
0.640000	-0.056457	0.287070	-0.157645	0.222569	-0.813956	0.459216
0.660000	-0.045517	0.303321	-0.140622	0.222768	-0.814220	0.460065
0.680000	-0.040688	0.316943	-0.123610	0.222953	-0.814392	0.460569
0.700000	-0.042783	0.327318	-0.106821	0.223121	-0.814453	0.460689
0.720000	-0.052614	0.333830	-0.090470	0.223271	-0.814389	0.460384
0.740000	-0.070993	0.335862	-0.074770	0.223401	-0.814181	0.459616
0.760000	-0.098256	0.333017	-0.059911	0.223508	-0.813822	0.458369
0.780000	-0.133337	0.325547	-0.046025	0.223593	-0.813331	0.456693
0.800000	-0.174907	0.313825	-0.033232	0.223656	-0.812731	0.454654
0.820000	-0.221642	0.298223	-0.021652	0.223696	-0.812045	0.452315
0.840000	-0.272215	0.279114	-0.011403	0.223714	-0.811297	0.449740
0.860000	-0.325299	0.256869	-0.002606	0.223710	-0.810510	0.446993
0.880000	-0.379569	0.231862	0.004620	0.223684	-0.809708	0.444139
0.900000	-0.433698	0.204464	0.010155	0.223635	-0.808913	0.441241
0.920000	-0.486360	0.175047	0.013879	0.223564	-0.808149	0.438363
0.940000	-0.536228	0.143985	0.015673	0.223471	-0.807439	0.435570
0.960000	-0.581978	0.111649	0.015418	0.223356	-0.806807	0.432925
0.980000	-0.622281	0.078411	0.012993	0.223218	-0.806276	0.430493
1.000000	-0.655813	0.044643	0.008279	0.223059	-0.805870	0.428337
1.020000	-0.681247	0.010719	0.001157	0.222877	-0.805611	0.426522
1.040000	-0.697256	-0.022989	-0.008494	0.222674	-0.805523	0.425112
1.060000	-0.702515	-0.056111	-0.020793	0.222448	-0.805629	0.424170
1.080000	-0.695985	-0.088280	-0.035802	0.222201	-0.805949	0.423749
1.100000	-0.678454	-0.119182	-0.053218	0.221938	-0.806469	0.423817
1.120000	-0.651427	-0.148521	-0.072598	0.221666	-0.807166	0.424313
1.140000	-0.616406	-0.176001	-0.093496	0.221391	-0.808016	0.425174
1.160000	-0.574899	-0.201328	-0.115467	0.221121	-0.808994	0.426339
1.180000	-0.528408	-0.224204	-0.138065	0.220862	-0.810078	0.427746
1.200000	-0.478440	-0.244334	-0.160847	0.220620	-0.811243	0.429331
1.220000	-0.426499	-0.261423	-0.183366	0.220404	-0.812464	0.431035
