0.000000	-0.220371	-0.185324	-0.128781	0.223679	-0.821843	0.440245
0.020000	-0.211035	-0.155620	-0.119400	0.224089	-0.821648	0.438729
0.040000	-0.204681	-0.122243	-0.110873	0.224315	-0.821283	0.437318
0.060000	-0.201748	-0.086626	-0.103487	0.224329	-0.820721	0.436059
0.080000	-0.202674	-0.050205	-0.097530	0.224105	-0.819940	0.435003
0.100000	-0.207897	-0.014413	-0.093290	0.223615	-0.818915	0.434199
0.120000	-0.217848	0.019325	-0.091052	0.222830	-0.817624	0.433696
0.140000	-0.232524	0.050178	-0.090905	0.221753	-0.816068	0.433508
0.160000	-0.251288	0.078174	-0.092655	0.220426	-0.814292	0.433599
0.180000	-0.273458	0.103411	-0.096082	0.218894	-0.812339	0.433929
0.200000	-0.298346	0.125986	-0.100969	0.217204	-0.810254	0.434457
0.220000	-0.325268	0.145998	-0.107099	0.215401	-0.808083	0.435145
0.240000	-0.353539	0.163543	-0.114254	0.213531	-0.805871	0.435951
0.260000	-0.382474	0.178718	-0.122215	0.211639	-0.803662	0.436836
0.280000	-0.411387	0.191622	-0.130766	0.209772	-0.801503	0.437760
0.300000	-0.439593	0.202351	-0.139687	0.207976	-0.799438	0.438682
0.320000	-0.466408	0.211003	-0.148762	0.206295	-0.797512	0.439563
0.340000	-0.491146	0.217676	-0.157773	0.204776	-0.795770	0.440363
0.360000	-0.513121	0.222467	-0.166501	0.203464	-0.794258	0.441041
0.380000	-0.531649	0.225473	-0.174728	0.202406	-0.793020	0.441557
0.400000	-0.546044	0.226792	-0.182238	0.201647	-0.792101	0.441871
0.420000	-0.555622	0.226522	-0.188812	0.201232	-0.791548	0.441944
0.440000	-0.559697	0.224759	-0.194233	0.201209	-0.791404	0.441735
0.460000	-0.557584	0.221602	-0.198282	0.201621	-0.791715	0.441204
0.480000	-0.548806	0.217150	-0.200790	0.202501	-0.792510	0.440325
0.500000	-0.533875	0.211519	-0.201816	0.203811	-0.793750	0.439136
0.520000	-0.513600	0.204829	-0.201487	0.205492	-0.795369	0.437695
0.540000	-0.488790	0.197199	-0.199932	0.207484	-0.797307	0.436060
0.560000	-0.460253	0.188749	-0.197278	0.209730	-0.799500	0.434289
0.580000	-0.428799	0.179598	-0.193653	0.212170	-0.801884	0.432440
0.600000	-0.395235	0.169866	-0.189185	0.214747	-0.804398	0.430570
0.620000	-0.360372	0.159674	-0.184000	0.217400	-0.806978	0.428738
0.640000	-0.325016	0.149139	-0.178227	0.220071	-0.809562	0.427001
0.660000	-0.289978	0.138383	-0.171994	0.222703	-0.812086	0.425417
0.680000	-0.256065	0.127525	-0.165427	0.225235	-0.814489	0.424045
0.700000	-0.224087	0.116683	-0.158656	0.227609	-0.816706	0.422942
0.720000	-0.194852	0.105979	-0.151807	0.229766	-0.818675	0.422165
0.740000	-0.169169	0.095531	-0.145008	0.231648	-0.820334	0.421774
0.760000	-0.147846	0.085459	-0.138387	0.233196	-0.821619	0.421825
0.780000	-0.131566	0.075871	-0.132064	0.234360	-0.822478	0.422364
0.800000	-0.120216	0.066796	-0.126112	0.235150	-0.822930	0.423360
0.820000	-0.113367	0.058233	-0.120585	0.235598	-0.823018	0.424750
0.840000	-0.110593	0.050182	-0.115538	0.235737	-0.822788	0.426471
0.860000	-0.111466	0.042640	-0.111025	0.235597	-0.822283	0.428461
0.880000	-0.115558	0.035607	-0.107100	0.235213	-0.821550	0.430658
0.900000	-0.122442	0.029082	-0.103818	0.234616	-0.820631	0.432999
0.920000	-0.131690	0.023063	-0.101233	0.233839	-0.819573	0.435421
0.940000	-0.142875	0.017551	-0.099399	0.232914	-0.818420	0.437862
0.960000	-0.155570	0.012543	-0.098370	0.231873	-0.817216	0.440260
0.980000	-0.169346	0.008039	-0.098202	0.230748	-0.816007	0.442552
1.000000	-0.183776	0.004037	-0.098948	0.229573	-0.814836	0.444676
1.020000	-0.198433	0.000538	-0.100662	0.228379	-0.813749	0.446569
1.040000	-0.212890	-0.002462	-0.103400	0.227199	-0.812791	0.448169
1.060000	-0.226718	-0.004962	-0.107215	0.226064	-0.812005	0.449412
1.080000	-0.239490	-0.006963	-0.112161	0.225008	-0.811437	0.450238
1.100000	-0.250797	-0.008457	-0.118284	0.224062	-0.811129	0.450587
1.120000	-0.260508	-0.009280	-0.125486	0.223234	-0.811085	0.450465
1.140000	-0.268713	-0.009145	-0.133558	0.222519	-0.811276	0.449928
1.160000	-0.275504	-0.007766	-0.142287	0.221910	-0.811676	0.449032
1.180000	-0.280977	-0.004853	-0.151463	0.221399	-0.812257	0.447835
1.200000	-0.285224	-0.000117	-0.160872	0.220979	-0.812991	0.446394
1.220000	-0.288340	0.006728	-0.170303	0.220644	-0.813849	0.444765
1.240000	-0.290419	0.015973	-0.179544	0.220387	-0.814805	0.443005
1.260000	-0.291555	0.027904	-0.188382	0.220200	-0.815830	0.441172
1.280000	-0.291841	0.042812	-0.196605	0.220076	-0.816897	0.439322
1.300000	-0.291373	0.060984	-0.204002	0.220009	-0.817978	0.437513
1.320000	-0.290243	0.082708	-0.210361	0.219991	-0.819044	0.435800
1.340000	-0.288546	0.108273	-0.215468	0.220015	-0.820069	0.434242
1.360000	-0.286376	0.137968	-0.219113	0.220075	-0.821025	0.432895
1.380000	-0.283827	0.172081	-0.221083	0.220163	-0.821883	0.431817
1.400000	-0.280991	0.210859	-0.221175	0.220272	-0.822616	0.431061
1.420000	-0.277934	0.253601	-0.219372	0.220397	-0.823212	0.430640
1.440000	-0.274691	0.298663	-0.215847	0.220534	-0.823669	0.430523
