0.000000	-0.327554	1.188714	-0.188727	0.190923	-0.992155	-0.030873
0.020000	-0.341928	1.157474	-0.199973	0.191794	-0.991511	-0.033701
0.040000	-0.363028	1.115936	-0.210364	0.192937	-0.990751	-0.037153
0.060000	-0.390090	1.065626	-0.219963	0.194309	-0.989896	-0.041125
0.080000	-0.422353	1.008071	-0.228836	0.195869	-0.988965	-0.045511
0.100000	-0.459051	0.944798	-0.237046	0.197575	-0.987978	-0.050209
0.120000	-0.499423	0.877332	-0.244658	0.199385	-0.986953	-0.055112
0.140000	-0.542705	0.807201	-0.251736	0.201258	-0.985912	-0.060117
0.160000	-0.588133	0.735931	-0.258344	0.203152	-0.984873	-0.065120
0.180000	-0.634945	0.665049	-0.264546	0.205026	-0.983857	-0.070015
0.200000	-0.682376	0.596082	-0.270406	0.206837	-0.982881	-0.074698
0.220000	-0.729665	0.530555	-0.275990	0.208545	-0.981967	-0.079065
0.240000	-0.776047	0.469996	-0.281361	0.210107	-0.981134	-0.083012
0.260000	-0.820760	0.415931	-0.286582	0.211482	-0.980401	-0.086433
0.280000	-0.863040	0.369887	-0.291720	0.212628	-0.979787	-0.089225
0.300000	-0.902124	0.333391	-0.296837	0.213504	-0.979313	-0.091283
0.320000	-0.937315	0.307701	-0.301982	0.214075	-0.978996	-0.092520
0.340000	-0.968364	0.292285	-0.307091	0.214354	-0.978831	-0.092968
0.360000	-0.995207	0.285871	-0.312056	0.214375	-0.978808	-0.092705
0.380000	-1.017778	0.287184	-0.316767	0.214170	-0.978915	-0.091813
0.400000	-1.036015	0.294949	-0.321116	0.213773	-0.979142	-0.090371
0.420000	-1.049852	0.307893	-0.324994	0.213217	-0.979476	-0.088460
0.440000	-1.059225	0.324741	-0.328291	0.212535	-0.979907	-0.086159
0.460000	-1.064071	0.344218	-0.330900	0.211759	-0.980424	-0.083549
0.480000	-1.064324	0.365050	-0.332710	0.210924	-0.981014	-0.080709
0.500000	-1.059921	0.385963	-0.333613	0.210061	-0.981668	-0.077719
0.520000	-1.050797	0.405683	-0.333500	0.209205	-0.982373	-0.074660
0.540000	-1.036888	0.422934	-0.332263	0.208389	-0.983119	-0.071612
0.560000	-1.018129	0.436443	-0.329791	0.207645	-0.983893	-0.068655
0.580000	-0.994457	0.444936	-0.325976	0.207006	-0.984686	-0.065868
0.600000	-0.965808	0.447137	-0.320710	0.206506	-0.985485	-0.063332
0.620000	-0.932116	0.441772	-0.313883	0.206178	-0.986279	-0.061127
0.640000	-0.893318	0.427568	-0.305386	0.206055	-0.987057	-0.059333
0.660000	-0.849509	0.403716	-0.295175	0.206159	-0.987810	-0.058010
0.680000	-0.801431	0.371306	-0.283464	0.206474	-0.988536	-0.057137
0.700000	-0.749989	0.331906	-0.270534	0.206970	-0.989236	-0.056672
0.720000	-0.696091	0.287085	-0.256667	0.207619	-0.989911	-0.056573
0.740000	-0.640640	0.238411	-0.242143	0.208393	-0.990560	-0.056799
0.760000	-0.584544	0.187453	-0.227242	0.209264	-0.991185	-0.057309
0.780000	-0.528709	0.135780	-0.212247	0.210202	-0.991787	-0.058059
0.800000	-0.474039	0.084961	-0.197437	0.211181	-0.992365	-0.059010
0.820000	-0.421442	0.036564	-0.183094	0.212171	-0.992920	-0.060119
0.840000	-0.371822	-0.007842	-0.169498	0.213144	-0.993453	-0.061345
0.860000	-0.326087	-0.046689	-0.156931	0.214071	-0.993965	-0.062645
0.880000	-0.285141	-0.078407	-0.145672	0.214925	-0.994456	-0.063979
0.900000	-0.249890	-0.101429	-0.136004	0.215677	-0.994926	-0.065304
0.920000	-0.221241	-0.114185	-0.128207	0.216299	-0.995377	-0.066579
0.940000	-0.200099	-0.115106	-0.122562	0.216761	-0.995809	-0.067762
0.960000	-0.187157	-0.103054	-0.119271	0.217042	-0.996221	-0.068819
0.980000	-0.181960	-0.079201	-0.118118	0.217142	-0.996610	-0.069747
1.000000	-0.183672	-0.045487	-0.118744	0.217074	-0.996970	-0.070560
1.020000	-0.191456	-0.003855	-0.120791	0.216847	-0.997298	-0.071267
1.040000	-0.204475	0.043752	-0.123902	0.216473	-0.997587	-0.071880
1.060000	-0.221890	0.095391	-0.127718	0.215963	-0.997832	-0.072409
1.080000	-0.242866	0.149120	-0.131883	0.215328	-0.998029	-0.072867
1.100000	-0.266565	0.202996	-0.136038	0.214578	-0.998172	-0.073263
1.120000	-0.292149	0.255077	-0.139825	0.213725	-0.998256	-0.073610
1.140000	-0.318782	0.303419	-0.142887	0.212779	-0.998276	-0.073917
1.160000	-0.345627	0.346082	-0.144865	0.211752	-0.998228	-0.074197
1.180000	-0.371846	0.381121	-0.145402	0.210654	-0.998105	-0.074460
1.200000	-0.396602	0.406594	-0.144140	0.209496	-0.997903	-0.074718
1.220000	-0.419058	0.420559	-0.140721	0.208289	-0.997617	-0.074981
1.240000	-0.438377	0.421073	-0.134787	0.207045	-0.997241	-0.075260
1.260000	-0.453722	0.406193	-0.125981	0.205773	-0.996771	-0.075567
1.280000	-0.464309	0.374187	-0.113989	0.204486	-0.996202	-0.075912
1.300000	-0.470030	0.325918	-0.099046	0.203198	-0.995544	-0.076288
1.320000	-0.471231	0.264011	-0.081759	0.201924	-0.994813	-0.076682
1.340000	-0.468268	0.191122	-0.062744	0.200680	-0.994028	-0.077076
1.360000	-0.461496	0.109909	-0.042615	0.199484	-0.993206	-0.077456
1.380000	-0.451270	0.023030	-0.021986	0.198351	-0.992366	-0.077806
1.400000	-0.437947	-0.066859	-0.001471	0.197298	-0.991524	-0.078109
1.420000	-0.421880	-0.157101	0.018314	0.196341	-0.990699	-0.078352
1.440000	-0.403427	-0.245039	0.036756	0.195495	-0.989907	-0.078517
1.460000	-0.382942	-0.328015	0.053240	0.194778	-0.989168	-0.078589
1.480000	-0.360780	-0.403372	0.067152	0.194206	-0.988499	-0.078553
1.500000	-0.337297	-0.468453	0.077877	0.193794	-0.987916	-0.078392
1.520000	-0.312849	-0.520601	0.084800	0.193559	-0.987439	-0.078092
1.540000	-0.287791	-0.557158	0.087307	0.193517	-0.987085	-0.077636
1.560000	-0.262478	-0.575468	0.084785	0.193685	-0.986871	-0.077009
1.580000	-0.237266	-0.572874	0.076617	0.194079	-0.986816	-0.076195
1.600000	-0.212528	-0.547584	0.062402	0.194707	-0.986930	-0.075185
1.620000	-0.188715	-0.501546	0.042648	0.195547	-0.987201	-0.073997
1.640000	-0.166300	-0.437709	0.018110	0.196568	-0.987609	-0.072656
1.660000	-0.145754	-0.359028	-0.010458	0.197738	-0.988132	-0.071189
1.680000	-0.127549	-0.268455	-0.042300	0.199027	-0.988751	-0.069620
1.700000	-0.112157	-0.168940	-0.076664	0.200402	-0.989444	-0.067976
1.720000	-0.100051	-0.063438	-0.112792	0.201832	-0.990193	-0.066281
1.740000	-0.091702	0.045100	-0.149932	0.203288	-0.990976	-0.064561
1.760000	-0.087582	0.153722	-0.187329	0.204736	-0.991772	-0.062842
1.780000	-0.088163	0.259475	-0.224228	0.206146	-0.992563	-0.061150
1.800000	-0.093917	0.359407	-0.259874	0.207487	-0.993326	-0.059509
1.820000	-0.105317	0.450565	-0.293513	0.208727	-0.994043	-0.057946
1.840000	-0.122833	0.529999	-0.324391	0.209835	-0.994691	-0.056486
1.860000	-0.146939	0.594754	-0.351752	0.210780	-0.995252	-0.055154
1.880000	-0.178106	0.641880	-0.374842	0.211531	-0.995705	-0.053976
1.900000	-0.216807	0.668423	-0.392907	0.212056	-0.996029	-0.052977
1.920000	-0.263401	0.671784	-0.405267	0.212329	-0.996206	-0.052182
1.940000	-0.317185	0.652731	-0.411968	0.212360	-0.996239	-0.051587
1.960000	-0.376859	0.613913	-0.413461	0.212184	-0.996142	-0.051181
1.980000	-0.441119	0.557999	-0.410199	0.211836	-0.995928	-0.050948
2.000000	-0.508660	0.487658	-0.402636	0.211348	-0.995613	-0.050874
2.020000	-0.578176	0.405559	-0.391227	0.210756	-0.995210	-0.050945
2.040000	-0.648362	0.314371	-0.376426	0.210093	-0.994734	-0.051147
2.060000	-0.717915	0.216761	-0.358686	0.209393	-0.994199	-0.051466
2.080000	-0.785527	0.115400	-0.338463	0.208691	-0.993619	-0.051886
2.100000	-0.849896	0.012955	-0.316210	0.208019	-0.993008	-0.052395
2.120000	-0.909714	-0.087905	-0.292381	0.207413	-0.992381	-0.052977
2.140000	-0.963678	-0.184509	-0.267431	0.206907	-0.991751	-0.053619
2.160000	-1.010482	-0.274191	-0.241813	0.206534	-0.991133	-0.054306
2.180000	-1.048822	-0.354281	-0.215982	0.206328	-0.990542	-0.055024
2.200000	-1.077392	-0.422111	-0.190392	0.206324	-0.989991	-0.055758
2.220000	-1.094887	-0.475011	-0.165498	0.206556	-0.989495	-0.056496
2.240000	-1.100046	-0.510386	-0.141745	0.207056	-0.989067	-0.057222
