0.000000	-0.082426	0.183955	1.947768	0.256915	-0.976643	-0.057678
0.020000	-0.023672	0.122989	1.924451	0.259373	-0.975223	-0.052857
0.040000	0.026258	0.081044	1.869796	0.262186	-0.973699	-0.048684
0.060000	0.067126	0.056683	1.787644	0.265279	-0.972108	-0.045114
0.080000	0.098699	0.048467	1.681841	0.268575	-0.970481	-0.042100
0.100000	0.120740	0.054959	1.556230	0.272000	-0.968853	-0.039596
0.120000	0.133013	0.074721	1.414653	0.275477	-0.967258	-0.037556
0.140000	0.135282	0.106316	1.260956	0.278930	-0.965728	-0.035934
0.160000	0.127313	0.148305	1.098980	0.282284	-0.964297	-0.034684
0.180000	0.108868	0.199252	0.932571	0.285463	-0.963000	-0.033759
0.200000	0.079713	0.257717	0.765572	0.288390	-0.961868	-0.033113
0.220000	0.039612	0.322265	0.601825	0.290991	-0.960937	-0.032701
0.240000	-0.011672	0.391456	0.445176	0.293188	-0.960240	-0.032475
0.260000	-0.074373	0.463854	0.299466	0.294908	-0.959810	-0.032391
0.280000	-0.148727	0.538020	0.168541	0.296073	-0.959680	-0.032400
0.300000	-0.234971	0.612517	0.056243	0.296607	-0.959885	-0.032459
0.320000	-0.333112	0.685983	-0.034122	0.296449	-0.960451	-0.032523
0.340000	-0.441571	0.757587	-0.103005	0.295622	-0.961354	-0.032583
0.360000	-0.558092	0.826724	-0.152450	0.294189	-0.962548	-0.032640
0.380000	-0.680418	0.892788	-0.184510	0.292214	-0.963989	-0.032694
0.400000	-0.806293	0.955174	-0.201236	0.289758	-0.965630	-0.032748
0.420000	-0.933459	1.013279	-0.204679	0.286885	-0.967427	-0.032802
0.440000	-1.059659	1.066496	-0.196892	0.283658	-0.969335	-0.032859
0.460000	-1.182635	1.114222	-0.179927	0.280138	-0.971308	-0.032920
0.480000	-1.300130	1.155850	-0.155834	0.276390	-0.973300	-0.032986
0.500000	-1.409888	1.190777	-0.126665	0.272475	-0.975267	-0.033058
0.520000	-1.509650	1.218398	-0.094472	0.268456	-0.977163	-0.033139
0.540000	-1.597160	1.238107	-0.061308	0.264397	-0.978942	-0.033229
0.560000	-1.670160	1.249300	-0.029222	0.260359	-0.980560	-0.033330
0.580000	-1.726393	1.251372	-0.000268	0.256406	-0.981971	-0.033443
0.600000	-1.763603	1.243719	0.023503	0.252601	-0.983130	-0.033570
0.620000	-1.779533	1.225735	0.040042	0.249005	-0.983992	-0.033713
0.640000	-1.773085	1.197444	0.048044	0.245677	-0.984527	-0.033878
0.660000	-1.746171	1.160491	0.048152	0.242657	-0.984753	-0.034087
0.680000	-1.701189	1.116788	0.041324	0.239984	-0.984691	-0.034364
0.700000	-1.640536	1.068244	0.028516	0.237697	-0.984365	-0.034733
0.720000	-1.566610	1.016769	0.010683	0.235835	-0.983799	-0.035218
0.740000	-1.481809	0.964274	-0.011218	0.234436	-0.983013	-0.035842
0.760000	-1.388529	0.912668	-0.036231	0.233540	-0.982033	-0.036630
0.780000	-1.289168	0.863861	-0.063398	0.233185	-0.980880	-0.037605
0.800000	-1.186124	0.819764	-0.091764	0.233410	-0.979578	-0.038792
0.820000	-1.081795	0.782286	-0.120373	0.234254	-0.978149	-0.040215
0.840000	-0.978577	0.753337	-0.148268	0.235756	-0.976616	-0.041896
0.860000	-0.878868	0.734827	-0.174492	0.237954	-0.975003	-0.043861
0.880000	-0.785066	0.728666	-0.198090	0.240887	-0.973332	-0.046133
0.900000	-0.699568	0.736764	-0.218105	0.244595	-0.971626	-0.048737
0.920000	-0.624772	0.761032	-0.233581	0.249116	-0.969908	-0.051695
0.940000	-0.563075	0.803379	-0.243561	0.254489	-0.968202	-0.055033
0.960000	-0.516506	0.864883	-0.247223	0.260722	-0.966529	-0.058767
0.980000	-0.485042	0.942002	-0.244493	0.267653	-0.964913	-0.062879
1.000000	-0.467952	1.029597	-0.235555	0.275061	-0.963375	-0.067339
1.020000	-0.464505	1.122528	-0.220593	0.282725	-0.961940	-0.072116
1.040000	-0.473970	1.215654	-0.199789	0.290425	-0.960627	-0.077179
1.060000	-0.495614	1.303836	-0.173329	0.297939	-0.959461	-0.082499
1.080000	-0.528707	1.381932	-0.141396	0.305046	-0.958464	-0.088043
1.100000	-0.572517	1.444804	-0.104173	0.311526	-0.957657	-0.093783
1.120000	-0.626313	1.487310	-0.061846	0.317158	-0.957065	-0.099686
1.140000	-0.689363	1.504310	-0.014597	0.321721	-0.956707	-0.105723
1.160000	-0.760935	1.490664	0.037390	0.324993	-0.956609	-0.111863
1.180000	-0.840299	1.441232	0.093930	0.326754	-0.956791	-0.118075
1.200000	-0.926722	1.350873	0.154840	0.326783	-0.957276	-0.124329
1.220000	-1.019473	1.214448	0.219936	0.324860	-0.958087	-0.130594
1.240000	-1.117822	1.026815	0.289034	0.320762	-0.959246	-0.136839
1.260000	-1.221036	0.782836	0.361951	0.314270	-0.960775	-0.143034
1.280000	-1.328338	0.478099	0.438434	0.305184	-0.962694	-0.149149
1.300000	-1.438358	0.117657	0.517362	0.293595	-0.964973	-0.155146
1.320000	-1.549313	-0.286834	0.597002	0.279796	-0.967554	-0.160986
1.340000	-1.659410	-0.723582	0.675611	0.264082	-0.970373	-0.166630
1.360000	-1.766859	-1.180798	0.751445	0.246749	-0.973369	-0.172038
1.380000	-1.869866	-1.646691	0.822760	0.228094	-0.976482	-0.177170
1.400000	-1.966640	-2.109470	0.887812	0.208413	-0.979649	-0.181986
1.420000	-2.055389	-2.557344	0.944858	0.188002	-0.982809	-0.186448
1.440000	-2.134320	-2.978522	0.992154	0.167157	-0.985901	-0.190514
1.460000	-2.201643	-3.361215	1.027955	0.146174	-0.988863	-0.194147
1.480000	-2.255564	-3.693632	1.050519	0.125351	-0.991634	-0.197305
1.500000	-2.294293	-3.963980	1.058100	0.104982	-0.994151	-0.199949
1.520000	-2.316036	-4.160471	1.048956	0.085364	-0.996355	-0.202040
1.540000	-2.319002	-4.271314	1.021343	0.066793	-0.998183	-0.203538
1.560000	-2.301400	-4.284717	0.973516	0.049566	-0.999574	-0.204403
1.580000	-2.261436	-4.188890	0.903732	0.033978	-1.000466	-0.204596
1.600000	-2.197789	-3.976154	0.810938	0.020283	-1.000816	-0.204089
1.620000	-2.111227	-3.657173	0.697168	0.008536	-1.000661	-0.202911
1.640000	-2.003104	-3.247722	0.565314	-0.001260	-1.000061	-0.201106
1.660000	-1.874772	-2.763576	0.418268	-0.009103	-0.999074	-0.198717
1.680000	-1.727583	-2.220511	0.258924	-0.014990	-0.997761	-0.195790
1.700000	-1.562892	-1.634303	0.090173	-0.018920	-0.996180	-0.192368
1.720000	-1.382050	-1.020727	-0.085091	-0.020890	-0.994392	-0.188494
1.740000	-1.186410	-0.395558	-0.263977	-0.020897	-0.992455	-0.184214
1.760000	-0.977326	0.225426	-0.443591	-0.018940	-0.990430	-0.179571
1.780000	-0.756149	0.826452	-0.621041	-0.015017	-0.988375	-0.174608
1.800000	-0.524232	1.391744	-0.793434	-0.009125	-0.986350	-0.169371
1.820000	-0.282929	1.905525	-0.957877	-0.001262	-0.984414	-0.163903
