0.000000	-0.452463	0.744466	-0.110631	0.231370	-0.990088	-0.020832
0.020000	-0.466700	0.687254	-0.114452	0.232603	-0.989200	-0.022417
0.040000	-0.477882	0.628443	-0.118911	0.233887	-0.988230	-0.024037
0.060000	-0.485972	0.568669	-0.123770	0.235190	-0.987190	-0.025659
0.080000	-0.490934	0.508567	-0.128790	0.236483	-0.986094	-0.027254
0.100000	-0.492734	0.448771	-0.133733	0.237734	-0.984956	-0.028789
0.120000	-0.491334	0.389916	-0.138360	0.238912	-0.983787	-0.030234
0.140000	-0.486700	0.332637	-0.142433	0.239986	-0.982603	-0.031557
0.160000	-0.478796	0.277567	-0.145715	0.240927	-0.981415	-0.032726
0.180000	-0.467772	0.225098	-0.148048	0.241717	-0.980237	-0.033726
0.200000	-0.454155	0.175126	-0.149441	0.242373	-0.979078	-0.034574
0.220000	-0.438517	0.127488	-0.149924	0.242916	-0.977950	-0.035288
0.240000	-0.421429	0.082020	-0.149526	0.243363	-0.976861	-0.035889
0.260000	-0.403466	0.038560	-0.148277	0.243736	-0.975821	-0.036396
0.280000	-0.385198	-0.003058	-0.146205	0.244054	-0.974842	-0.036830
0.300000	-0.367199	-0.042995	-0.143340	0.244337	-0.973934	-0.037209
0.320000	-0.350040	-0.081416	-0.139711	0.244604	-0.973105	-0.037555
0.340000	-0.334294	-0.118484	-0.135347	0.244874	-0.972367	-0.037886
0.360000	-0.320534	-0.154362	-0.130278	0.245169	-0.971729	-0.038223
0.380000	-0.309332	-0.189215	-0.124534	0.245507	-0.971202	-0.038585
0.400000	-0.301259	-0.223205	-0.118142	0.245909	-0.970795	-0.038993
0.420000	-0.296890	-0.256495	-0.111133	0.246393	-0.970520	-0.039465
0.440000	-0.296795	-0.289251	-0.103536	0.246980	-0.970385	-0.040023
0.460000	-0.301548	-0.321634	-0.095380	0.247689	-0.970401	-0.040684
0.480000	-0.311685	-0.353795	-0.086697	0.248539	-0.970577	-0.041469
0.500000	-0.327129	-0.385638	-0.077556	0.249530	-0.970907	-0.042372
0.520000	-0.347268	-0.416855	-0.068061	0.250644	-0.971369	-0.043367
0.540000	-0.371477	-0.447132	-0.058316	0.251863	-0.971943	-0.044427
0.560000	-0.399129	-0.476155	-0.048425	0.253171	-0.972608	-0.045526
0.580000	-0.429596	-0.503610	-0.038493	0.254549	-0.973341	-0.046638
0.600000	-0.462252	-0.529182	-0.028623	0.255980	-0.974123	-0.047735
0.620000	-0.496470	-0.552558	-0.018920	0.257446	-0.974932	-0.048791
0.640000	-0.531622	-0.573423	-0.009489	0.258930	-0.975746	-0.049781
0.660000	-0.567083	-0.591464	-0.000433	0.260413	-0.976546	-0.050676
0.680000	-0.602225	-0.606365	0.008144	0.261879	-0.977309	-0.051452
0.700000	-0.636421	-0.617813	0.016136	0.263309	-0.978015	-0.052081
0.720000	-0.669045	-0.625493	0.023440	0.264687	-0.978642	-0.052536
0.740000	-0.699469	-0.629092	0.029952	0.265994	-0.979169	-0.052792
0.760000	-0.727067	-0.628295	0.035567	0.267212	-0.979576	-0.052821
0.780000	-0.751224	-0.622799	0.040186	0.268326	-0.979841	-0.052598
0.800000	-0.771637	-0.612588	0.043813	0.269322	-0.979961	-0.052124
0.820000	-0.788351	-0.597964	0.046574	0.270197	-0.979952	-0.051427
0.840000	-0.801425	-0.579244	0.048599	0.270946	-0.979829	-0.050537
0.860000	-0.810921	-0.556745	0.050015	0.271565	-0.979607	-0.049484
0.880000	-0.816899	-0.530783	0.050955	0.272051	-0.979304	-0.048299
0.900000	-0.819420	-0.501678	0.051546	0.272399	-0.978935	-0.047010
0.920000	-0.818544	-0.469745	0.051919	0.272604	-0.978516	-0.045650
0.940000	-0.814332	-0.435302	0.052204	0.272663	-0.978063	-0.044246
0.960000	-0.806844	-0.398666	0.052531	0.272571	-0.977591	-0.042831
0.980000	-0.796142	-0.360155	0.053028	0.272324	-0.977118	-0.041433
1.000000	-0.782285	-0.320085	0.053826	0.271918	-0.976658	-0.040082
1.020000	-0.765335	-0.278774	0.055054	0.271350	-0.976228	-0.038810
1.040000	-0.745352	-0.236540	0.056843	0.270613	-0.975844	-0.037645
1.060000	-0.722397	-0.193698	0.059321	0.269706	-0.975522	-0.036619
1.080000	-0.696530	-0.150567	0.062619	0.268622	-0.975277	-0.035760
1.100000	-0.667812	-0.107464	0.066866	0.267359	-0.975127	-0.035100
1.120000	-0.636325	-0.064696	0.072178	0.265913	-0.975084	-0.034666
1.140000	-0.602430	-0.022453	0.078473	0.264294	-0.975146	-0.034463
1.160000	-0.566689	0.019163	0.085531	0.262522	-0.975296	-0.034476
1.180000	-0.529665	0.060050	0.093129	0.260617	-0.975517	-0.034694
1.200000	-0.491925	0.100108	0.101044	0.258599	-0.975792	-0.035102
1.220000	-0.454033	0.139234	0.109053	0.256489	-0.976104	-0.035686
1.240000	-0.416555	0.177329	0.116934	0.254306	-0.976437	-0.036433
1.260000	-0.380054	0.214289	0.124461	0.252070	-0.976773	-0.037331
1.280000	-0.345097	0.250015	0.131414	0.249802	-0.977095	-0.038364
1.300000	-0.312248	0.284405	0.137568	0.247522	-0.977387	-0.039520
1.320000	-0.282072	0.317357	0.142701	0.245249	-0.977632	-0.040784
1.340000	-0.255135	0.348771	0.146588	0.243003	-0.977812	-0.042145
1.360000	-0.232000	0.378545	0.149009	0.240806	-0.977912	-0.043587
1.380000	-0.213234	0.406578	0.149738	0.238676	-0.977913	-0.045097
1.400000	-0.199401	0.432769	0.148554	0.236634	-0.977799	-0.046663
1.420000	-0.191067	0.457015	0.145233	0.234700	-0.977553	-0.048270
1.440000	-0.188626	0.479240	0.139605	0.232892	-0.977164	-0.049899
1.460000	-0.191708	0.499469	0.131749	0.231218	-0.976649	-0.051508
1.480000	-0.199721	0.517756	0.121809	0.229685	-0.976033	-0.053046
1.500000	-0.212074	0.534156	0.109932	0.228298	-0.975338	-0.054463
1.520000	-0.228176	0.548725	0.096265	0.227065	-0.974591	-0.055709
1.540000	-0.247436	0.561518	0.080954	0.225990	-0.973815	-0.056733
1.560000	-0.269264	0.572589	0.064146	0.225079	-0.973035	-0.057487
1.580000	-0.293067	0.581994	0.045987	0.224340	-0.972275	-0.057919
1.600000	-0.318256	0.589789	0.026623	0.223777	-0.971559	-0.057980
1.620000	-0.344239	0.596026	0.006201	0.223397	-0.970912	-0.057620
1.640000	-0.370425	0.600763	-0.015133	0.223205	-0.970359	-0.056787
1.660000	-0.396224	0.604054	-0.037232	0.223209	-0.969923	-0.055433
1.680000	-0.421043	0.605954	-0.059950	0.223414	-0.969629	-0.053507
1.700000	-0.444293	0.606518	-0.083140	0.223825	-0.969501	-0.050960
1.720000	-0.465382	0.605801	-0.106657	0.224449	-0.969564	-0.047740
1.740000	-0.483720	0.603859	-0.130353	0.225292	-0.969843	-0.043798
1.760000	-0.498759	0.600744	-0.154084	0.226358	-0.970358	-0.039095
1.780000	-0.510406	0.596507	-0.177727	0.227625	-0.971097	-0.033704
1.800000	-0.518831	0.591189	-0.201172	0.229055	-0.972031	-0.027767
1.820000	-0.524210	0.584836	-0.224307	0.230613	-0.973129	-0.021423
1.840000	-0.526717	0.577491	-0.247023	0.232262	-0.974358	-0.014813
1.860000	-0.526526	0.569198	-0.269208	0.233965	-0.975689	-0.008079
1.880000	-0.523811	0.560001	-0.290751	0.235685	-0.977091	-0.001360
1.900000	-0.518748	0.549944	-0.311543	0.237385	-0.978532	0.005201
1.920000	-0.511510	0.539070	-0.331473	0.239029	-0.979982	0.011464
1.940000	-0.502271	0.527423	-0.350429	0.240580	-0.981410	0.017289
