0.000000	-0.050038	0.442790	0.093433	0.228949	-0.996470	0.000198
0.020000	-0.039363	0.459016	0.104471	0.229334	-0.996709	0.002147
0.040000	-0.032129	0.470547	0.112519	0.229494	-0.996820	0.003100
0.060000	-0.028756	0.476778	0.117211	0.229405	-0.996789	0.002938
0.080000	-0.029197	0.477720	0.118584	0.229076	-0.996621	0.001690
0.100000	-0.033098	0.473786	0.116940	0.228536	-0.996332	-0.000518
0.120000	-0.040098	0.465397	0.112584	0.227816	-0.995940	-0.003560
0.140000	-0.049839	0.452972	0.105823	0.226945	-0.995460	-0.007307
0.160000	-0.061960	0.436932	0.096963	0.225953	-0.994910	-0.011632
0.180000	-0.076102	0.417698	0.086309	0.224869	-0.994307	-0.016409
0.200000	-0.091906	0.395691	0.074168	0.223725	-0.993667	-0.021509
0.220000	-0.109011	0.371329	0.060846	0.222550	-0.993007	-0.026806
0.240000	-0.127058	0.345035	0.046648	0.221373	-0.992345	-0.032172
0.260000	-0.145687	0.317229	0.031881	0.220225	-0.991696	-0.037480
0.280000	-0.164539	0.288330	0.016851	0.219135	-0.991078	-0.042602
0.300000	-0.183254	0.258759	0.001864	0.218134	-0.990508	-0.047411
0.320000	-0.201473	0.228937	-0.012774	0.217252	-0.990002	-0.051781
0.340000	-0.218835	0.199284	-0.026757	0.216518	-0.989577	-0.055582
0.360000	-0.234982	0.170221	-0.039780	0.215961	-0.989250	-0.058689
0.380000	-0.249553	0.142168	-0.051535	0.215613	-0.989038	-0.060974
0.400000	-0.262260	0.115507	-0.061762	0.215497	-0.988954	-0.062333
0.420000	-0.273302	0.090366	-0.070502	0.215593	-0.988988	-0.062824
0.440000	-0.283079	0.066761	-0.077922	0.215864	-0.989120	-0.062570
0.460000	-0.291995	0.044713	-0.084189	0.216274	-0.989330	-0.061698
0.480000	-0.300451	0.024239	-0.089473	0.216783	-0.989598	-0.060332
0.500000	-0.308849	0.005359	-0.093941	0.217356	-0.989905	-0.058596
0.520000	-0.317591	-0.011911	-0.097760	0.217955	-0.990229	-0.056615
0.540000	-0.327080	-0.027551	-0.101099	0.218542	-0.990551	-0.054515
0.560000	-0.337717	-0.041542	-0.104126	0.219081	-0.990850	-0.052419
0.580000	-0.349904	-0.053867	-0.107009	0.219534	-0.991108	-0.050454
0.600000	-0.364044	-0.064507	-0.109915	0.219864	-0.991304	-0.048743
0.620000	-0.380538	-0.073443	-0.113012	0.220032	-0.991417	-0.047411
0.640000	-0.399789	-0.080657	-0.116469	0.220003	-0.991428	-0.046584
0.660000	-0.422199	-0.086130	-0.120453	0.219739	-0.991317	-0.046385
0.680000	-0.448169	-0.089845	-0.125133	0.219202	-0.991064	-0.046941
0.700000	-0.478101	-0.091782	-0.130675	0.218356	-0.990648	-0.048375
0.720000	-0.511873	-0.091999	-0.137150	0.217184	-0.990061	-0.050749
0.740000	-0.548028	-0.090746	-0.144372	0.215726	-0.989322	-0.053963
0.760000	-0.584899	-0.088301	-0.152121	0.214029	-0.988454	-0.057893
0.780000	-0.620819	-0.084945	-0.160172	0.212143	-0.987481	-0.062412
0.800000	-0.654121	-0.080957	-0.168303	0.210114	-0.986426	-0.067396
0.820000	-0.683137	-0.076618	-0.176290	0.207992	-0.985312	-0.072718
0.840000	-0.706200	-0.072206	-0.183910	0.205823	-0.984163	-0.078255
0.860000	-0.721643	-0.068002	-0.190941	0.203657	-0.983002	-0.083881
0.880000	-0.727798	-0.064286	-0.197159	0.201540	-0.981853	-0.089471
0.900000	-0.722999	-0.061337	-0.202342	0.199522	-0.980739	-0.094898
0.920000	-0.705578	-0.059435	-0.206266	0.197649	-0.979684	-0.100039
0.940000	-0.673868	-0.058859	-0.208708	0.195971	-0.978710	-0.104768
0.960000	-0.626202	-0.059890	-0.209446	0.194534	-0.977842	-0.108959
0.980000	-0.560912	-0.062807	-0.208255	0.193388	-0.977103	-0.112488
1.000000	-0.476331	-0.067890	-0.204914	0.192580	-0.976516	-0.115229
1.020000	-0.370793	-0.075419	-0.199199	0.192158	-0.976105	-0.117057
1.040000	-0.243277	-0.085592	-0.190957	0.192159	-0.975889	-0.117873
1.060000	-0.096286	-0.098163	-0.180419	0.192556	-0.975861	-0.117719
1.080000	0.066484	-0.112738	-0.167945	0.193301	-0.976007	-0.116687
1.100000	0.241335	-0.128920	-0.153894	0.194346	-0.976312	-0.114867
1.120000	0.424571	-0.146315	-0.138627	0.195644	-0.976763	-0.112349
1.140000	0.612495	-0.164526	-0.122503	0.197146	-0.977345	-0.109226
1.160000	0.801409	-0.183158	-0.105884	0.198805	-0.978042	-0.105587
1.180000	0.987617	-0.201816	-0.089127	0.200573	-0.978842	-0.101524
1.200000	1.167422	-0.220104	-0.072595	0.202401	-0.979729	-0.097127
1.220000	1.337127	-0.237626	-0.056647	0.204243	-0.980688	-0.092487
1.240000	1.493035	-0.253987	-0.041642	0.206050	-0.981706	-0.087695
1.260000	1.631448	-0.268791	-0.027941	0.207774	-0.982768	-0.082842
1.280000	1.748671	-0.281643	-0.015904	0.209367	-0.983860	-0.078018
1.300000	1.841005	-0.292148	-0.005890	0.210782	-0.984966	-0.073315
1.320000	1.904754	-0.299909	0.001739	0.211971	-0.986073	-0.068824
1.340000	1.936222	-0.304531	0.006625	0.212885	-0.987166	-0.064634
1.360000	1.932046	-0.305644	0.008436	0.213480	-0.988231	-0.060832
1.380000	1.893114	-0.303199	0.007214	0.213761	-0.989260	-0.057440
1.400000	1.823221	-0.297368	0.003256	0.213762	-0.990250	-0.054437
1.420000	1.726222	-0.288327	-0.003136	0.213519	-0.991196	-0.051799
1.440000	1.605970	-0.276250	-0.011662	0.213070	-0.992095	-0.049505
1.460000	1.466319	-0.261315	-0.022019	0.212449	-0.992943	-0.047532
1.480000	1.311121	-0.243696	-0.033906	0.211695	-0.993736	-0.045858
1.500000	1.144231	-0.223570	-0.047021	0.210842	-0.994471	-0.044460
1.520000	0.969501	-0.201112	-0.061063	0.209927	-0.995144	-0.043315
1.540000	0.790786	-0.176498	-0.075730	0.208987	-0.995751	-0.042402
1.560000	0.611938	-0.149904	-0.090721	0.208058	-0.996288	-0.041698
1.580000	0.436812	-0.121505	-0.105733	0.207175	-0.996752	-0.041181
1.600000	0.269260	-0.091478	-0.120466	0.206376	-0.997139	-0.040827
1.620000	0.113137	-0.059997	-0.134617	0.205696	-0.997445	-0.040615
1.640000	-0.027705	-0.027239	-0.147886	0.205172	-0.997667	-0.040522
1.660000	-0.149412	0.006620	-0.159970	0.204840	-0.997800	-0.040526
1.680000	-0.249006	0.041375	-0.170623	0.204728	-0.997844	-0.040605
1.700000	-0.327339	0.076687	-0.179835	0.204823	-0.997812	-0.040745
1.720000	-0.386310	0.112185	-0.187664	0.205104	-0.997718	-0.040932
1.740000	-0.427814	0.147493	-0.194166	0.205546	-0.997580	-0.041151
1.760000	-0.453751	0.182239	-0.199398	0.206128	-0.997413	-0.041389
1.780000	-0.466016	0.216049	-0.203416	0.206826	-0.997233	-0.041633
1.800000	-0.466509	0.248550	-0.206277	0.207619	-0.997056	-0.041869
1.820000	-0.457126	0.279367	-0.208038	0.208484	-0.996899	-0.042083
1.840000	-0.439765	0.308128	-0.208754	0.209398	-0.996776	-0.042260
1.860000	-0.416324	0.334459	-0.208483	0.210337	-0.996703	-0.042389
1.880000	-0.388699	0.357987	-0.207281	0.211281	-0.996698	-0.042454
1.900000	-0.358789	0.378337	-0.205205	0.212205	-0.996776	-0.042443
1.920000	-0.328491	0.395137	-0.202310	0.213088	-0.996952	-0.042341
1.940000	-0.299703	0.408013	-0.198655	0.213907	-0.997242	-0.042134
1.960000	-0.274321	0.416591	-0.194296	0.214638	-0.997664	-0.041810
1.980000	-0.254234	0.420503	-0.189288	0.215260	-0.998232	-0.041354
2.000000	-0.240463	0.419742	-0.183697	0.215761	-0.998944	-0.040767
2.020000	-0.232561	0.414920	-0.177601	0.216148	-0.999768	-0.040073
2.040000	-0.229931	0.406712	-0.171080	0.216430	-1.000671	-0.039298
2.060000	-0.231979	0.395791	-0.164212	0.216615	-1.001616	-0.038470
2.080000	-0.238110	0.382829	-0.157079	0.216714	-1.002569	-0.037614
2.100000	-0.247731	0.368502	-0.149758	0.216734	-1.003495	-0.036757
2.120000	-0.260246	0.353481	-0.142330	0.216684	-1.004359	-0.035925
2.140000	-0.275061	0.338440	-0.134874	0.216575	-1.005127	-0.035146
2.160000	-0.291581	0.324053	-0.127470	0.216413	-1.005763	-0.034445
2.180000	-0.309213	0.310994	-0.120198	0.216209	-1.006232	-0.033849
2.200000	-0.327360	0.299935	-0.113136	0.215971	-1.006500	-0.033385
2.220000	-0.345429	0.291550	-0.106365	0.215709	-1.006532	-0.033079
2.240000	-0.362825	0.286513	-0.099964	0.215430	-1.006293	-0.032958
2.260000	-0.378954	0.285496	-0.094012	0.215145	-1.005747	-0.033048
2.280000	-0.393220	0.289174	-0.088590	0.214861	-1.004861	-0.033375
