0.000000	-0.282062	0.294037	-0.518154	0.230146	-0.979320	-0.075436
0.020000	-0.235844	0.328343	-0.521890	0.230528	-0.980274	-0.076290
0.040000	-0.195073	0.356322	-0.524634	0.230921	-0.981281	-0.076989
0.060000	-0.161118	0.377094	-0.526390	0.231325	-0.982344	-0.077517
0.080000	-0.135220	0.389874	-0.527162	0.231742	-0.983464	-0.077861
0.100000	-0.117355	0.394871	-0.526925	0.232171	-0.984631	-0.078030
0.120000	-0.106764	0.392866	-0.525639	0.232607	-0.985828	-0.078045
0.140000	-0.102681	0.384645	-0.523261	0.233047	-0.987039	-0.077926
0.160000	-0.104337	0.370997	-0.519750	0.233486	-0.988247	-0.077693
0.180000	-0.110965	0.352708	-0.515065	0.233921	-0.989436	-0.077368
0.200000	-0.121800	0.330567	-0.509165	0.234347	-0.990590	-0.076972
0.220000	-0.136072	0.305360	-0.502007	0.234761	-0.991691	-0.076524
0.240000	-0.153016	0.277876	-0.493550	0.235158	-0.992724	-0.076046
0.260000	-0.171863	0.248901	-0.483754	0.235534	-0.993672	-0.075558
0.280000	-0.191847	0.219223	-0.472576	0.235886	-0.994519	-0.075082
0.300000	-0.212200	0.189630	-0.459975	0.236209	-0.995248	-0.074637
0.320000	-0.232156	0.160908	-0.445909	0.236499	-0.995842	-0.074246
0.340000	-0.250947	0.133846	-0.430338	0.236753	-0.996285	-0.073927
0.360000	-0.267805	0.109231	-0.413219	0.236965	-0.996561	-0.073703
0.380000	-0.281964	0.087850	-0.394512	0.237133	-0.996653	-0.073593
0.400000	-0.292657	0.070492	-0.374175	0.237252	-0.996545	-0.073619
0.420000	-0.299121	0.057936	-0.352167	0.237318	-0.996220	-0.073801
0.440000	-0.300994	0.050458	-0.328558	0.237331	-0.995679	-0.074141
0.460000	-0.298605	0.047459	-0.303606	0.237296	-0.994953	-0.074609
0.480000	-0.292355	0.048251	-0.277588	0.237218	-0.994075	-0.075173
0.500000	-0.282641	0.052147	-0.250781	0.237105	-0.993079	-0.075798
0.520000	-0.269863	0.058460	-0.223461	0.236960	-0.991997	-0.076453
0.540000	-0.254420	0.066502	-0.195906	0.236792	-0.990864	-0.077103
0.560000	-0.236710	0.075587	-0.168393	0.236604	-0.989713	-0.077717
0.580000	-0.217132	0.085027	-0.141198	0.236405	-0.988576	-0.078260
0.600000	-0.196085	0.094136	-0.114598	0.236198	-0.987488	-0.078700
0.620000	-0.173968	0.102225	-0.088870	0.235990	-0.986482	-0.079004
0.640000	-0.151180	0.108608	-0.064291	0.235788	-0.985592	-0.079139
0.660000	-0.128119	0.112599	-0.041139	0.235596	-0.984850	-0.079071
0.680000	-0.105186	0.113508	-0.019689	0.235421	-0.984290	-0.078768
0.700000	-0.082777	0.110650	-0.000219	0.235269	-0.983946	-0.078196
0.720000	-0.061293	0.103338	0.016995	0.235146	-0.983851	-0.077323
0.740000	-0.041122	0.090943	0.031689	0.235056	-0.984035	-0.076119
0.760000	-0.022513	0.073676	0.043796	0.234997	-0.984488	-0.074603
0.780000	-0.005611	0.052355	0.053392	0.234959	-0.985169	-0.072830
0.800000	0.009441	0.027816	0.060556	0.234933	-0.986038	-0.070855
0.820000	0.022497	0.000892	0.065367	0.234908	-0.987053	-0.068735
0.840000	0.033417	-0.027582	0.067905	0.234875	-0.988173	-0.066526
0.860000	0.042054	-0.056772	0.068248	0.234825	-0.989357	-0.064282
0.880000	0.048268	-0.085844	0.066476	0.234747	-0.990564	-0.062060
0.900000	0.051913	-0.113963	0.062668	0.234632	-0.991753	-0.059915
0.920000	0.052846	-0.140296	0.056902	0.234470	-0.992882	-0.057903
0.940000	0.050925	-0.164008	0.049258	0.234251	-0.993911	-0.056080
0.960000	0.046005	-0.184265	0.039815	0.233967	-0.994798	-0.054501
0.980000	0.037942	-0.200232	0.028652	0.233606	-0.995503	-0.053223
1.000000	0.026595	-0.211076	0.015849	0.233160	-0.995983	-0.052300
1.020000	0.011819	-0.215962	0.001484	0.232618	-0.996199	-0.051789
1.040000	-0.006530	-0.214055	-0.014364	0.231972	-0.996108	-0.051746
1.060000	-0.028506	-0.204829	-0.031586	0.231215	-0.995682	-0.052208
1.080000	-0.053742	-0.189197	-0.049939	0.230362	-0.994946	-0.053133
1.100000	-0.081751	-0.168498	-0.069138	0.229432	-0.993941	-0.054455
1.120000	-0.112044	-0.144071	-0.088900	0.228446	-0.992708	-0.056106
1.140000	-0.144130	-0.117255	-0.108939	0.227423	-0.991289	-0.058020
1.160000	-0.177523	-0.089389	-0.128972	0.226384	-0.989726	-0.060131
1.180000	-0.211732	-0.061811	-0.148715	0.225348	-0.988060	-0.062371
1.200000	-0.246268	-0.035860	-0.167884	0.224336	-0.986332	-0.064675
1.220000	-0.280644	-0.012875	-0.186194	0.223367	-0.984584	-0.066975
1.240000	-0.314369	0.005804	-0.203361	0.222461	-0.982857	-0.069204
1.260000	-0.346955	0.018840	-0.219101	0.221639	-0.981193	-0.071297
1.280000	-0.377912	0.024894	-0.233130	0.220920	-0.979633	-0.073186
1.300000	-0.406753	0.022626	-0.245165	0.220324	-0.978218	-0.074805
1.320000	-0.432988	0.010697	-0.254919	0.219871	-0.976990	-0.076086
1.340000	-0.456128	-0.012230	-0.262111	0.219582	-0.975991	-0.076964
1.360000	-0.475684	-0.047496	-0.266455	0.219475	-0.975262	-0.077372
1.380000	-0.491210	-0.096233	-0.267699	0.219569	-0.974840	-0.077250
1.400000	-0.502708	-0.157392	-0.265942	0.219855	-0.974721	-0.076612
1.420000	-0.510455	-0.228606	-0.261488	0.220308	-0.974877	-0.075516
1.440000	-0.514729	-0.307490	-0.254648	0.220903	-0.975278	-0.074022
1.460000	-0.515809	-0.391660	-0.245730	0.221614	-0.975895	-0.072190
1.480000	-0.513975	-0.478730	-0.235045	0.222417	-0.976698	-0.070078
1.500000	-0.509504	-0.566316	-0.222902	0.223287	-0.977659	-0.067745
1.520000	-0.502676	-0.652032	-0.209610	0.224198	-0.978747	-0.065251
1.540000	-0.493769	-0.733493	-0.195478	0.225126	-0.979934	-0.062656
1.560000	-0.483064	-0.808315	-0.180816	0.226046	-0.981191	-0.060017
1.580000	-0.470838	-0.874112	-0.165934	0.226932	-0.982487	-0.057395
1.600000	-0.457370	-0.928500	-0.151141	0.227760	-0.983794	-0.054848
1.620000	-0.442940	-0.969094	-0.136746	0.228504	-0.985083	-0.052437
1.640000	-0.427826	-0.993508	-0.123058	0.229140	-0.986323	-0.050220
1.660000	-0.412307	-0.999358	-0.110388	0.229642	-0.987487	-0.048255
1.680000	-0.396663	-0.984258	-0.099044	0.229985	-0.988543	-0.046604
1.700000	-0.381147	-0.946708	-0.089253	0.230152	-0.989470	-0.045313
1.720000	-0.365916	-0.888552	-0.080922	0.230151	-0.990268	-0.044384
1.740000	-0.351107	-0.812428	-0.073885	0.229998	-0.990942	-0.043810
1.760000	-0.336854	-0.720974	-0.067975	0.229707	-0.991498	-0.043584
1.780000	-0.323293	-0.616826	-0.063026	0.229295	-0.991942	-0.043696
1.800000	-0.310559	-0.502624	-0.058871	0.228777	-0.992279	-0.044141
1.820000	-0.298788	-0.381004	-0.055343	0.228167	-0.992516	-0.044909
1.840000	-0.288115	-0.254603	-0.052276	0.227482	-0.992658	-0.045992
1.860000	-0.278676	-0.126060	-0.049502	0.226737	-0.992711	-0.047384
1.880000	-0.270605	0.001989	-0.046856	0.225946	-0.992680	-0.049076
1.900000	-0.264039	0.126905	-0.044170	0.225126	-0.992572	-0.051061
1.920000	-0.259112	0.246050	-0.041279	0.224291	-0.992392	-0.053330
1.940000	-0.255959	0.356789	-0.038014	0.223457	-0.992146	-0.055876
1.960000	-0.254717	0.456482	-0.034210	0.222639	-0.991840	-0.058691
1.980000	-0.255521	0.542492	-0.029699	0.221853	-0.991479	-0.061767
2.000000	-0.258506	0.612183	-0.024316	0.221113	-0.991070	-0.065097
2.020000	-0.263762	0.663218	-0.017918	0.220434	-0.990618	-0.068668
2.040000	-0.271017	0.695773	-0.010577	0.219818	-0.990134	-0.072436
2.060000	-0.279815	0.711268	-0.002468	0.219261	-0.989630	-0.076342
2.080000	-0.289699	0.711131	0.006234	0.218757	-0.989118	-0.080324
2.100000	-0.300213	0.696790	0.015353	0.218304	-0.988610	-0.084323
2.120000	-0.310900	0.669674	0.024712	0.217897	-0.988119	-0.088278
2.140000	-0.321303	0.631211	0.034136	0.217533	-0.987658	-0.092128
2.160000	-0.330967	0.582829	0.043449	0.217206	-0.987237	-0.095813
2.180000	-0.339434	0.525956	0.052474	0.216913	-0.986870	-0.099274
2.200000	-0.346248	0.462021	0.061036	0.216649	-0.986568	-0.102448
2.220000	-0.350953	0.392452	0.068959	0.216411	-0.986344	-0.105277
2.240000	-0.353091	0.318676	0.076067	0.216195	-0.986211	-0.107699
