0.000000	-0.326208	0.530546	-0.136932	0.189218	-0.984217	-0.029255
0.020000	-0.332475	0.522122	-0.140433	0.189729	-0.985071	-0.029416
0.040000	-0.340444	0.510415	-0.142562	0.190233	-0.986014	-0.029917
0.060000	-0.349685	0.495991	-0.143594	0.190733	-0.987030	-0.030697
0.080000	-0.359766	0.479419	-0.143802	0.191233	-0.988104	-0.031696
0.100000	-0.370256	0.461266	-0.143459	0.191736	-0.989223	-0.032852
0.120000	-0.380723	0.442099	-0.142840	0.192247	-0.990371	-0.034104
0.140000	-0.390735	0.422485	-0.142216	0.192769	-0.991533	-0.035392
0.160000	-0.399861	0.402993	-0.141863	0.193307	-0.992694	-0.036653
0.180000	-0.407669	0.384188	-0.142053	0.193863	-0.993840	-0.037828
0.200000	-0.413729	0.366640	-0.143059	0.194442	-0.994956	-0.038855
0.220000	-0.417608	0.350914	-0.145156	0.195047	-0.996027	-0.039673
0.240000	-0.418875	0.337579	-0.148617	0.195682	-0.997038	-0.040222
0.260000	-0.417099	0.327202	-0.153714	0.196352	-0.997974	-0.040439
0.280000	-0.411847	0.320350	-0.160722	0.197059	-0.998821	-0.040263
0.300000	-0.402870	0.317360	-0.169802	0.197807	-0.999566	-0.039658
0.320000	-0.390537	0.317781	-0.180728	0.198591	-1.000204	-0.038664
0.340000	-0.375349	0.320994	-0.193193	0.199408	-1.000734	-0.037338
0.360000	-0.357808	0.326378	-0.206889	0.200253	-1.001152	-0.035739
0.380000	-0.338415	0.333315	-0.221510	0.201122	-1.001455	-0.033924
0.400000	-0.317673	0.341184	-0.236747	0.202010	-1.001641	-0.031951
0.420000	-0.296082	0.349366	-0.252294	0.202914	-1.001708	-0.029878
0.440000	-0.274145	0.357241	-0.267843	0.203829	-1.001651	-0.027763
0.460000	-0.252363	0.364190	-0.283085	0.204750	-1.001470	-0.025663
0.480000	-0.231238	0.369593	-0.297715	0.205673	-1.001161	-0.023636
0.500000	-0.211271	0.372830	-0.311425	0.206594	-1.000721	-0.021741
0.520000	-0.192964	0.373281	-0.323907	0.207509	-1.000148	-0.020034
0.540000	-0.176818	0.370328	-0.334854	0.208412	-0.999439	-0.018574
0.560000	-0.163336	0.363349	-0.343957	0.209301	-0.998591	-0.017419
0.580000	-0.153018	0.351727	-0.350911	0.210170	-0.997602	-0.016625
0.600000	-0.146224	0.335009	-0.355478	0.211015	-0.996473	-0.016238
0.620000	-0.142667	0.313507	-0.357733	0.211827	-0.995227	-0.016236
0.640000	-0.141877	0.287747	-0.357845	0.212597	-0.993890	-0.016579
0.660000	-0.143386	0.258258	-0.355979	0.213317	-0.992490	-0.017229
0.680000	-0.146724	0.225564	-0.352302	0.213978	-0.991054	-0.018146
0.700000	-0.151422	0.190193	-0.346980	0.214570	-0.989610	-0.019292
0.720000	-0.157011	0.152672	-0.340180	0.215085	-0.988184	-0.020627
0.740000	-0.163022	0.113527	-0.332068	0.215513	-0.986806	-0.022112
0.760000	-0.168985	0.073285	-0.322810	0.215847	-0.985501	-0.023708
0.780000	-0.174431	0.032472	-0.312573	0.216076	-0.984297	-0.025375
0.800000	-0.178891	-0.008383	-0.301523	0.216191	-0.983223	-0.027075
0.820000	-0.181896	-0.048756	-0.289827	0.216185	-0.982304	-0.028768
0.840000	-0.182977	-0.088118	-0.277650	0.216048	-0.981568	-0.030416
0.860000	-0.181664	-0.125944	-0.265161	0.215770	-0.981043	-0.031979
0.880000	-0.177488	-0.161706	-0.252523	0.215344	-0.980757	-0.033417
0.900000	-0.169980	-0.194878	-0.239905	0.214759	-0.980736	-0.034693
0.920000	-0.158672	-0.224934	-0.227473	0.214008	-0.981008	-0.035766
0.940000	-0.143369	-0.251485	-0.215364	0.213089	-0.981584	-0.036609
0.960000	-0.124636	-0.274525	-0.203638	0.212020	-0.982433	-0.037223
0.980000	-0.103170	-0.294115	-0.192340	0.210824	-0.983513	-0.037616
1.000000	-0.079665	-0.310314	-0.181516	0.209524	-0.984785	-0.037796
1.020000	-0.054819	-0.323182	-0.171211	0.208142	-0.986210	-0.037769
1.040000	-0.029326	-0.332779	-0.161473	0.206701	-0.987746	-0.037544
1.060000	-0.003882	-0.339166	-0.152345	0.205224	-0.989354	-0.037127
1.080000	0.020817	-0.342401	-0.143874	0.203732	-0.990995	-0.036525
1.100000	0.044075	-0.342546	-0.136105	0.202250	-0.992628	-0.035747
1.120000	0.065197	-0.339659	-0.129084	0.200798	-0.994213	-0.034799
1.140000	0.083487	-0.333801	-0.122858	0.199400	-0.995710	-0.033690
1.160000	0.098249	-0.325032	-0.117471	0.198078	-0.997079	-0.032425
1.180000	0.108787	-0.313412	-0.112969	0.196855	-0.998280	-0.031013
1.200000	0.114406	-0.299000	-0.109398	0.195754	-0.999274	-0.029461
1.220000	0.114411	-0.281857	-0.106803	0.194796	-1.000019	-0.027777
1.240000	0.108332	-0.262093	-0.105208	0.193999	-1.000489	-0.025970
1.260000	0.096529	-0.240005	-0.104552	0.193354	-1.000698	-0.024068
1.280000	0.079548	-0.215929	-0.104756	0.192849	-1.000670	-0.022097
1.300000	0.057938	-0.190206	-0.105740	0.192472	-1.000429	-0.020087
1.320000	0.032245	-0.163172	-0.107424	0.192209	-1.000001	-0.018065
1.340000	0.003016	-0.135165	-0.109730	0.192048	-0.999409	-0.016060
1.360000	-0.029201	-0.106524	-0.112579	0.191977	-0.998679	-0.014100
1.380000	-0.063861	-0.077586	-0.115890	0.191982	-0.997834	-0.012214
1.400000	-0.100415	-0.048691	-0.119584	0.192051	-0.996899	-0.010429
1.420000	-0.138317	-0.020175	-0.123583	0.192171	-0.995898	-0.008774
1.440000	-0.177019	0.007623	-0.127806	0.192329	-0.994857	-0.007278
1.460000	-0.215975	0.034365	-0.132174	0.192514	-0.993798	-0.005968
1.480000	-0.254637	0.059713	-0.136609	0.192712	-0.992748	-0.004874
1.500000	-0.292458	0.083329	-0.141030	0.192910	-0.991730	-0.004022
1.520000	-0.328892	0.104875	-0.145358	0.193096	-0.990769	-0.003443
1.540000	-0.363390	0.124013	-0.149514	0.193257	-0.989889	-0.003163
1.560000	-0.395408	0.140406	-0.153419	0.193380	-0.989115	-0.003211
1.580000	-0.424583	0.153895	-0.157016	0.193458	-0.988461	-0.003599
1.600000	-0.450966	0.164727	-0.160302	0.193490	-0.987922	-0.004303
1.620000	-0.474666	0.173202	-0.163281	0.193481	-0.987490	-0.005293
1.640000	-0.495792	0.179622	-0.165956	0.193432	-0.987155	-0.006541
1.660000	-0.514451	0.184286	-0.168330	0.193346	-0.986908	-0.008016
1.680000	-0.530752	0.187495	-0.170407	0.193226	-0.986741	-0.009690
1.700000	-0.544803	0.189551	-0.172191	0.193074	-0.986646	-0.011533
1.720000	-0.556713	0.190754	-0.173685	0.192892	-0.986612	-0.013516
1.740000	-0.566589	0.191405	-0.174893	0.192684	-0.986633	-0.015609
1.760000	-0.574541	0.191804	-0.175817	0.192451	-0.986698	-0.017783
1.780000	-0.580676	0.192252	-0.176462	0.192197	-0.986799	-0.020010
1.800000	-0.585104	0.193050	-0.176832	0.191924	-0.986928	-0.022259
1.820000	-0.587931	0.194500	-0.176929	0.191635	-0.987075	-0.024501
1.840000	-0.589267	0.196900	-0.176757	0.191331	-0.987232	-0.026707
1.860000	-0.589219	0.200553	-0.176319	0.191016	-0.987390	-0.028847
1.880000	-0.587897	0.205759	-0.175620	0.190692	-0.987541	-0.030893
1.900000	-0.585401	0.212746	-0.174668	0.190363	-0.987676	-0.032818
1.920000	-0.581798	0.221402	-0.173503	0.190035	-0.987793	-0.034612
1.940000	-0.577144	0.231510	-0.172170	0.189714	-0.987892	-0.036269
1.960000	-0.571497	0.242855	-0.170718	0.189409	-0.987972	-0.037782
1.980000	-0.564912	0.255224	-0.169192	0.189127	-0.988031	-0.039146
2.000000	-0.557447	0.268399	-0.167640	0.188874	-0.988070	-0.040356
