0.000000	-0.714299	0.405871	-0.048505	0.223783	-0.982413	-0.045683
0.020000	-0.744120	0.411920	-0.046909	0.224386	-0.983028	-0.043308
0.040000	-0.768728	0.411471	-0.045465	0.224635	-0.983496	-0.041303
0.060000	-0.787297	0.404102	-0.044117	0.224516	-0.983806	-0.039696
0.080000	-0.800039	0.390155	-0.042807	0.224058	-0.983974	-0.038464
0.100000	-0.807291	0.370060	-0.041479	0.223300	-0.984020	-0.037575
0.120000	-0.809387	0.344251	-0.040076	0.222278	-0.983964	-0.036997
0.140000	-0.806665	0.313160	-0.038542	0.221028	-0.983825	-0.036699
0.160000	-0.799459	0.277217	-0.036819	0.219588	-0.983623	-0.036648
0.180000	-0.788105	0.236856	-0.034851	0.217995	-0.983377	-0.036815
0.200000	-0.772940	0.192509	-0.032581	0.216285	-0.983108	-0.037166
0.220000	-0.754299	0.144607	-0.029952	0.214496	-0.982834	-0.037670
0.240000	-0.732517	0.093582	-0.026908	0.212663	-0.982576	-0.038296
0.260000	-0.707931	0.039867	-0.023392	0.210824	-0.982353	-0.039013
0.280000	-0.680877	-0.016107	-0.019348	0.209016	-0.982184	-0.039788
0.300000	-0.651690	-0.073907	-0.014717	0.207276	-0.982090	-0.040591
0.320000	-0.620706	-0.133102	-0.009444	0.205641	-0.982090	-0.041389
0.340000	-0.588261	-0.193260	-0.003472	0.204147	-0.982203	-0.042151
0.360000	-0.554691	-0.253947	0.003255	0.202831	-0.982449	-0.042845
0.380000	-0.520333	-0.314731	0.010792	0.201729	-0.982847	-0.043441
0.400000	-0.485596	-0.375077	0.019042	0.200857	-0.983400	-0.043925
0.420000	-0.450983	-0.434324	0.027720	0.200201	-0.984090	-0.044308
0.440000	-0.416998	-0.491804	0.036529	0.199745	-0.984896	-0.044601
0.460000	-0.384151	-0.546848	0.045173	0.199474	-0.985799	-0.044814
0.480000	-0.352946	-0.598787	0.053353	0.199374	-0.986778	-0.044961
0.500000	-0.323891	-0.646952	0.060773	0.199430	-0.987813	-0.045052
0.520000	-0.297494	-0.690675	0.067136	0.199625	-0.988886	-0.045100
0.540000	-0.274260	-0.729287	0.072144	0.199946	-0.989975	-0.045114
0.560000	-0.254697	-0.762118	0.075499	0.200376	-0.991060	-0.045108
0.580000	-0.239312	-0.788501	0.076906	0.200901	-0.992123	-0.045092
0.600000	-0.228611	-0.807767	0.076066	0.201506	-0.993142	-0.045078
0.620000	-0.223102	-0.819245	0.072683	0.202176	-0.994098	-0.045077
0.640000	-0.223291	-0.822269	0.066459	0.202894	-0.994971	-0.045102
0.660000	-0.229685	-0.816169	0.057097	0.203647	-0.995741	-0.045163
0.680000	-0.242791	-0.800276	0.044300	0.204420	-0.996388	-0.045272
0.700000	-0.263115	-0.773922	0.027771	0.205196	-0.996893	-0.045440
0.720000	-0.290767	-0.736932	0.007437	0.205964	-0.997241	-0.045675
0.740000	-0.324845	-0.690385	-0.016202	0.206720	-0.997436	-0.045969
0.760000	-0.364288	-0.635561	-0.042557	0.207460	-0.997485	-0.046314
0.780000	-0.408034	-0.573737	-0.071038	0.208181	-0.997392	-0.046702
0.800000	-0.455022	-0.506193	-0.101056	0.208880	-0.997165	-0.047125
0.820000	-0.504190	-0.434205	-0.132021	0.209555	-0.996810	-0.047573
0.840000	-0.554477	-0.359053	-0.163344	0.210201	-0.996331	-0.048039
0.860000	-0.604822	-0.282015	-0.194436	0.210815	-0.995736	-0.048514
0.880000	-0.654163	-0.204369	-0.224706	0.211395	-0.995031	-0.048989
0.900000	-0.701439	-0.127394	-0.253566	0.211937	-0.994221	-0.049457
0.920000	-0.745589	-0.052368	-0.280425	0.212438	-0.993312	-0.049909
0.940000	-0.785550	0.019431	-0.304694	0.212896	-0.992311	-0.050336
0.960000	-0.820262	0.086724	-0.325785	0.213305	-0.991224	-0.050730
0.980000	-0.848663	0.148233	-0.343106	0.213665	-0.990056	-0.051082
1.000000	-0.869692	0.202679	-0.356069	0.213971	-0.988813	-0.051385
1.020000	-0.882287	0.248785	-0.364085	0.214220	-0.987503	-0.051629
1.040000	-0.885398	0.285283	-0.366570	0.214409	-0.986130	-0.051807
1.060000	-0.878685	0.311664	-0.363407	0.214538	-0.984707	-0.051913
1.080000	-0.862963	0.328641	-0.355232	0.214613	-0.983253	-0.051953
1.100000	-0.839149	0.337043	-0.342747	0.214638	-0.981790	-0.051928
1.120000	-0.808161	0.337694	-0.326655	0.214619	-0.980340	-0.051843
1.140000	-0.770917	0.331422	-0.307661	0.214562	-0.978922	-0.051702
1.160000	-0.728336	0.319054	-0.286467	0.214473	-0.977559	-0.051507
1.180000	-0.681336	0.301415	-0.263777	0.214356	-0.976272	-0.051263
1.200000	-0.630834	0.279332	-0.240294	0.214218	-0.975081	-0.050974
1.220000	-0.577749	0.253632	-0.216722	0.214063	-0.974008	-0.050643
1.240000	-0.522999	0.225141	-0.193765	0.213898	-0.973074	-0.050273
1.260000	-0.467503	0.194685	-0.172124	0.213728	-0.972301	-0.049869
1.280000	-0.412177	0.163092	-0.152504	0.213558	-0.971708	-0.049434
1.300000	-0.357941	0.131187	-0.135609	0.213394	-0.971319	-0.048972
1.320000	-0.305712	0.099798	-0.122141	0.213242	-0.971153	-0.048486
1.340000	-0.256407	0.069749	-0.112801	0.213106	-0.971231	-0.047981
1.360000	-0.210636	0.041772	-0.107972	0.212992	-0.971562	-0.047457
1.380000	-0.168373	0.016400	-0.107367	0.212901	-0.972124	-0.046916
1.400000	-0.129511	-0.005859	-0.110615	0.212836	-0.972891	-0.046355
1.420000	-0.093945	-0.024496	-0.117347	0.212797	-0.973839	-0.045775
1.440000	-0.061568	-0.039004	-0.127194	0.212788	-0.974943	-0.045173
1.460000	-0.032275	-0.048874	-0.139786	0.212808	-0.976177	-0.044549
1.480000	-0.005959	-0.053598	-0.154752	0.212861	-0.977517	-0.043903
1.500000	0.017486	-0.052668	-0.171724	0.212948	-0.978937	-0.043232
1.520000	0.038165	-0.045575	-0.190331	0.213070	-0.980413	-0.042537
1.540000	0.056186	-0.031812	-0.210204	0.213230	-0.981920	-0.041815
1.560000	0.071653	-0.010869	-0.230972	0.213429	-0.983432	-0.041067
1.580000	0.084674	0.017761	-0.252267	0.213669	-0.984925	-0.040292
1.600000	0.095353	0.054587	-0.273719	0.213952	-0.986373	-0.039487
1.620000	0.103798	0.100116	-0.294957	0.214280	-0.987752	-0.038653
1.640000	0.110114	0.154858	-0.315612	0.214653	-0.989037	-0.037788
1.660000	0.114407	0.219320	-0.335315	0.215075	-0.990202	-0.036892
1.680000	0.116735	0.293687	-0.353747	0.215546	-0.991227	-0.035967
1.700000	0.116944	0.376737	-0.370820	0.216065	-0.992108	-0.035033
1.720000	0.114823	0.466859	-0.386507	0.216633	-0.992849	-0.034114
1.740000	0.110161	0.562445	-0.400780	0.217248	-0.993450	-0.033233
1.760000	0.102745	0.661885	-0.413613	0.217909	-0.993913	-0.032416
1.780000	0.092364	0.763570	-0.424980	0.218615	-0.994242	-0.031685
1.800000	0.078806	0.865892	-0.434853	0.219365	-0.994437	-0.031065
1.820000	0.061861	0.967240	-0.443205	0.220158	-0.994500	-0.030580
1.840000	0.041317	1.066006	-0.450009	0.220994	-0.994434	-0.030254
1.860000	0.016962	1.160580	-0.455240	0.221871	-0.994241	-0.030110
1.880000	-0.011416	1.249354	-0.458869	0.222789	-0.993922	-0.030174
1.900000	-0.044028	1.330718	-0.460870	0.223746	-0.993480	-0.030468
1.920000	-0.081085	1.403063	-0.461216	0.224742	-0.992916	-0.031018
1.940000	-0.122799	1.464780	-0.459880	0.225775	-0.992232	-0.031846
1.960000	-0.169382	1.514260	-0.456836	0.226846	-0.991431	-0.032978
1.980000	-0.221044	1.549893	-0.452056	0.227952	-0.990515	-0.034436
2.000000	-0.277916	1.570243	-0.445523	0.229091	-0.989486	-0.036240
2.020000	-0.339321	1.575556	-0.437312	0.230252	-0.988360	-0.038360
2.040000	-0.404131	1.567027	-0.427551	0.231414	-0.987160	-0.040735
2.060000	-0.471211	1.545861	-0.416366	0.232558	-0.985909	-0.043308
2.080000	-0.539427	1.513265	-0.403886	0.233665	-0.984627	-0.046018
2.100000	-0.607646	1.470442	-0.390238	0.234716	-0.983340	-0.048807
2.120000	-0.674732	1.418600	-0.375549	0.235692	-0.982068	-0.051616
2.140000	-0.739552	1.358944	-0.359948	0.236572	-0.980834	-0.054385
2.160000	-0.800972	1.292679	-0.343563	0.237339	-0.979662	-0.057055
