0.000000	-0.605419	0.210293	0.114793	0.204198	-0.991757	-0.025563
0.020000	-0.587180	0.157519	0.073701	0.203203	-0.990545	-0.027234
0.040000	-0.568629	0.109732	0.030993	0.202313	-0.989344	-0.029034
0.060000	-0.550188	0.068473	-0.011726	0.201531	-0.988180	-0.030955
0.080000	-0.532282	0.035281	-0.052850	0.200861	-0.987079	-0.032986
0.100000	-0.515334	0.011698	-0.090776	0.200310	-0.986067	-0.035118
0.120000	-0.499731	-0.000933	-0.124041	0.199880	-0.985167	-0.037337
0.140000	-0.485553	-0.002922	-0.152375	0.199572	-0.984384	-0.039596
0.160000	-0.472729	0.004588	-0.176106	0.199383	-0.983716	-0.041830
0.180000	-0.461185	0.020450	-0.195569	0.199311	-0.983160	-0.043975
0.200000	-0.450847	0.043516	-0.211096	0.199355	-0.982712	-0.045966
0.220000	-0.441642	0.072639	-0.223022	0.199512	-0.982368	-0.047739
0.240000	-0.433496	0.106672	-0.231679	0.199781	-0.982127	-0.049229
0.260000	-0.426336	0.144467	-0.237401	0.200158	-0.981984	-0.050371
0.280000	-0.420088	0.184876	-0.240521	0.200642	-0.981936	-0.051101
0.300000	-0.414678	0.226751	-0.241373	0.201231	-0.981981	-0.051354
0.320000	-0.410033	0.268946	-0.240290	0.201923	-0.982114	-0.051067
0.340000	-0.406079	0.310312	-0.237606	0.202715	-0.982334	-0.050173
0.360000	-0.402742	0.349702	-0.233654	0.203605	-0.982635	-0.048610
0.380000	-0.399950	0.385968	-0.228767	0.204592	-0.983017	-0.046311
0.400000	-0.397629	0.417963	-0.223279	0.205674	-0.983474	-0.043214
0.420000	-0.395707	0.444608	-0.217510	0.206846	-0.984003	-0.039262
0.440000	-0.394149	0.465629	-0.211617	0.208096	-0.984596	-0.034519
0.460000	-0.392942	0.481268	-0.205656	0.209401	-0.985239	-0.029121
0.480000	-0.392073	0.491777	-0.199679	0.210741	-0.985918	-0.023209
0.500000	-0.391528	0.497408	-0.193739	0.212094	-0.986622	-0.016919
0.520000	-0.391295	0.498412	-0.187889	0.213439	-0.987336	-0.010392
0.540000	-0.391360	0.495043	-0.182181	0.214754	-0.988048	-0.003765
0.560000	-0.391711	0.487550	-0.176668	0.216019	-0.988744	0.002822
0.580000	-0.392334	0.476186	-0.171404	0.217211	-0.989412	0.009230
0.600000	-0.393216	0.461204	-0.166440	0.218309	-0.990039	0.015321
0.620000	-0.394345	0.442853	-0.161830	0.219293	-0.990610	0.020957
0.640000	-0.395707	0.421388	-0.157627	0.220140	-0.991114	0.025998
0.660000	-0.397290	0.397058	-0.153882	0.220830	-0.991537	0.030306
0.680000	-0.399080	0.370117	-0.150650	0.221341	-0.991866	0.033741
0.700000	-0.401064	0.340815	-0.147983	0.221651	-0.992087	0.036166
0.720000	-0.403229	0.309405	-0.145933	0.221740	-0.992189	0.037441
0.740000	-0.405560	0.276141	-0.144552	0.221586	-0.992158	0.037430
0.760000	-0.407948	0.241363	-0.143841	0.221190	-0.991993	0.036116
0.780000	-0.410169	0.205520	-0.143735	0.220579	-0.991711	0.033623
0.800000	-0.411989	0.169068	-0.144169	0.219781	-0.991328	0.030089
0.820000	-0.413178	0.132464	-0.145073	0.218826	-0.990859	0.025649
0.840000	-0.413502	0.096163	-0.146381	0.217741	-0.990322	0.020439
0.860000	-0.412729	0.060621	-0.148026	0.216556	-0.989734	0.014595
0.880000	-0.410627	0.026293	-0.149939	0.215299	-0.989109	0.008254
0.900000	-0.406964	-0.006363	-0.152053	0.213999	-0.988465	0.001550
0.920000	-0.401507	-0.036893	-0.154301	0.212685	-0.987819	-0.005379
0.940000	-0.394025	-0.064840	-0.156616	0.211384	-0.987186	-0.012399
0.960000	-0.384284	-0.089749	-0.158929	0.210127	-0.986583	-0.019372
0.980000	-0.372053	-0.111163	-0.161174	0.208940	-0.986027	-0.026163
1.000000	-0.357100	-0.128626	-0.163283	0.207854	-0.985533	-0.032636
1.020000	-0.339191	-0.141683	-0.165189	0.206897	-0.985119	-0.038656
1.040000	-0.318096	-0.149878	-0.166823	0.206097	-0.984801	-0.044085
1.060000	-0.293581	-0.152755	-0.168119	0.205482	-0.984595	-0.048788
1.080000	-0.265665	-0.150144	-0.169030	0.205071	-0.984509	-0.052678
1.100000	-0.234988	-0.142586	-0.169559	0.204848	-0.984535	-0.055785
1.120000	-0.202288	-0.130731	-0.169717	0.204795	-0.984660	-0.058160
1.140000	-0.168303	-0.115232	-0.169516	0.204894	-0.984869	-0.059852
1.160000	-0.133769	-0.096739	-0.168967	0.205126	-0.985151	-0.060911
1.180000	-0.099424	-0.075903	-0.168083	0.205472	-0.985493	-0.061389
1.200000	-0.066005	-0.053376	-0.166873	0.205915	-0.985881	-0.061333
1.220000	-0.034250	-0.029809	-0.165350	0.206434	-0.986304	-0.060795
1.240000	-0.004896	-0.005852	-0.163525	0.207013	-0.986747	-0.059825
1.260000	0.021319	0.017842	-0.161410	0.207632	-0.987199	-0.058472
1.280000	0.043659	0.040623	-0.159015	0.208273	-0.987646	-0.056786
1.300000	0.061386	0.061840	-0.156353	0.208917	-0.988075	-0.054818
1.320000	0.073762	0.080842	-0.153434	0.209546	-0.988474	-0.052617
1.340000	0.080051	0.096977	-0.150271	0.210142	-0.988830	-0.050234
1.360000	0.079514	0.109593	-0.146874	0.210684	-0.989130	-0.047717
1.380000	0.071445	0.118067	-0.143256	0.211157	-0.989361	-0.045118
1.400000	0.055883	0.122397	-0.139451	0.211550	-0.989519	-0.042474
1.420000	0.033645	0.123233	-0.135517	0.211862	-0.989608	-0.039811
1.440000	0.005580	0.121256	-0.131513	0.212096	-0.989634	-0.037157
1.460000	-0.027457	0.117147	-0.127496	0.212251	-0.989600	-0.034537
1.480000	-0.064617	0.111587	-0.123525	0.212327	-0.989511	-0.031977
1.500000	-0.105047	0.105255	-0.119658	0.212326	-0.989372	-0.029503
1.520000	-0.147895	0.098832	-0.115955	0.212247	-0.989188	-0.027142
1.540000	-0.192310	0.093000	-0.112473	0.212091	-0.988964	-0.024920
1.560000	-0.237441	0.088437	-0.109272	0.211858	-0.988703	-0.022862
1.580000	-0.282434	0.085826	-0.106408	0.211549	-0.988411	-0.020996
1.600000	-0.326439	0.085846	-0.103942	0.211164	-0.988092	-0.019346
1.620000	-0.368604	0.089178	-0.101932	0.210704	-0.987752	-0.017939
1.640000	-0.408078	0.096503	-0.100435	0.210169	-0.987394	-0.016802
1.660000	-0.444008	0.108500	-0.099510	0.209560	-0.987023	-0.015961
1.680000	-0.475542	0.125851	-0.099217	0.208877	-0.986644	-0.015441
1.700000	-0.501943	0.149090	-0.099599	0.208121	-0.986262	-0.015263
1.720000	-0.523275	0.177708	-0.100608	0.207301	-0.985887	-0.015412
1.740000	-0.539954	0.210744	-0.102154	0.206427	-0.985527	-0.015856
1.760000	-0.552395	0.247235	-0.104146	0.205510	-0.985193	-0.016563
1.780000	-0.561014	0.286219	-0.106493	0.204562	-0.984895	-0.017501
1.800000	-0.566227	0.326734	-0.109105	0.203592	-0.984643	-0.018638
1.820000	-0.568449	0.367816	-0.111892	0.202613	-0.984448	-0.019942
1.840000	-0.568098	0.408503	-0.114763	0.201635	-0.984319	-0.021381
1.860000	-0.565588	0.447832	-0.117628	0.200668	-0.984266	-0.022924
1.880000	-0.561335	0.484840	-0.120396	0.199724	-0.984301	-0.024537
1.900000	-0.555756	0.518566	-0.122977	0.198814	-0.984432	-0.026191
1.920000	-0.549266	0.548046	-0.125281	0.197948	-0.984670	-0.027852
1.940000	-0.542282	0.572318	-0.127216	0.197138	-0.985026	-0.029488
