0.000000	-0.365701	0.369038	-0.200536	0.214273	-0.970867	-0.027629
0.020000	-0.410305	0.353414	-0.183480	0.213474	-0.970101	-0.030780
0.040000	-0.450916	0.336559	-0.168474	0.212863	-0.969497	-0.033659
0.060000	-0.486730	0.318489	-0.155860	0.212471	-0.969078	-0.036197
0.080000	-0.517009	0.299231	-0.145940	0.212326	-0.968868	-0.038332
0.100000	-0.541660	0.278880	-0.138599	0.212413	-0.968864	-0.040065
0.120000	-0.560967	0.257577	-0.133480	0.212695	-0.969049	-0.041436
0.140000	-0.575217	0.235461	-0.130222	0.213134	-0.969406	-0.042485
0.160000	-0.584697	0.212672	-0.128467	0.213694	-0.969916	-0.043252
0.180000	-0.589696	0.189351	-0.127853	0.214336	-0.970562	-0.043776
0.200000	-0.590500	0.165636	-0.128021	0.215023	-0.971327	-0.044098
0.220000	-0.587398	0.141669	-0.128611	0.215717	-0.972193	-0.044256
0.240000	-0.580677	0.117588	-0.129263	0.216381	-0.973142	-0.044292
0.260000	-0.570624	0.093533	-0.129617	0.216977	-0.974158	-0.044244
0.280000	-0.557526	0.069646	-0.129312	0.217467	-0.975222	-0.044153
0.300000	-0.541672	0.046065	-0.127990	0.217814	-0.976316	-0.044058
0.320000	-0.523350	0.022930	-0.125290	0.217980	-0.977425	-0.043999
0.340000	-0.502845	0.000381	-0.120851	0.217928	-0.978529	-0.044017
0.360000	-0.480447	-0.021442	-0.114314	0.217620	-0.979611	-0.044150
0.380000	-0.456442	-0.042398	-0.105320	0.217019	-0.980654	-0.044440
0.400000	-0.431119	-0.062363	-0.093522	0.216088	-0.981640	-0.044923
0.420000	-0.404777	-0.081606	-0.078992	0.214831	-0.982558	-0.045606
0.440000	-0.377729	-0.100848	-0.062271	0.213298	-0.983399	-0.046455
0.460000	-0.350289	-0.120830	-0.043928	0.211540	-0.984157	-0.047435
0.480000	-0.322769	-0.142297	-0.024529	0.209610	-0.984825	-0.048510
0.500000	-0.295484	-0.165991	-0.004642	0.207558	-0.985397	-0.049645
0.520000	-0.268747	-0.192657	0.015166	0.205438	-0.985866	-0.050804
0.540000	-0.242871	-0.223036	0.034328	0.203301	-0.986224	-0.051954
0.560000	-0.218171	-0.257872	0.052277	0.201197	-0.986466	-0.053057
0.580000	-0.194959	-0.297909	0.068444	0.199181	-0.986585	-0.054079
0.600000	-0.173549	-0.343890	0.082264	0.197302	-0.986573	-0.054985
0.620000	-0.154255	-0.396558	0.093168	0.195614	-0.986424	-0.055739
0.640000	-0.137389	-0.456656	0.100589	0.194167	-0.986132	-0.056306
0.660000	-0.123267	-0.524927	0.103961	0.193014	-0.985689	-0.056650
0.680000	-0.112200	-0.602114	0.102715	0.192206	-0.985088	-0.056737
0.700000	-0.104498	-0.688940	0.096294	0.191795	-0.984325	-0.056531
0.720000	-0.100211	-0.785027	0.084586	0.191793	-0.983405	-0.056026
0.740000	-0.099020	-0.888419	0.068125	0.192160	-0.982359	-0.055256
0.760000	-0.100574	-0.997035	0.047494	0.192850	-0.981217	-0.054258
0.780000	-0.104526	-1.108796	0.023277	0.193816	-0.980010	-0.053070
0.800000	-0.110526	-1.221620	-0.003942	0.195015	-0.978768	-0.051729
0.820000	-0.118224	-1.333428	-0.033579	0.196399	-0.977523	-0.050272
0.840000	-0.127273	-1.442139	-0.065052	0.197924	-0.976305	-0.048736
0.860000	-0.137322	-1.545673	-0.097776	0.199544	-0.975144	-0.047159
0.880000	-0.148024	-1.641950	-0.131167	0.201213	-0.974072	-0.045578
0.900000	-0.159028	-1.728889	-0.164643	0.202886	-0.973118	-0.044030
0.920000	-0.169986	-1.804410	-0.197619	0.204517	-0.972315	-0.042552
0.940000	-0.180548	-1.866433	-0.229512	0.206061	-0.971691	-0.041182
0.960000	-0.190366	-1.912877	-0.259738	0.207472	-0.971279	-0.039956
0.980000	-0.199091	-1.941663	-0.287714	0.208704	-0.971109	-0.038913
1.000000	-0.206374	-1.950709	-0.312855	0.209712	-0.971211	-0.038089
1.020000	-0.211865	-1.937936	-0.334578	0.210451	-0.971617	-0.037522
1.040000	-0.215230	-1.901384	-0.352322	0.210876	-0.972355	-0.037247
1.060000	-0.216445	-1.841530	-0.365954	0.210989	-0.973417	-0.037261
1.080000	-0.215773	-1.761132	-0.375746	0.210833	-0.974764	-0.037526
1.100000	-0.213488	-1.663038	-0.381987	0.210450	-0.976352	-0.038002
1.120000	-0.209865	-1.550091	-0.384964	0.209886	-0.978140	-0.038649
1.140000	-0.205178	-1.425138	-0.384964	0.209184	-0.980084	-0.039428
1.160000	-0.199702	-1.291024	-0.382274	0.208389	-0.982144	-0.040298
1.180000	-0.193711	-1.150594	-0.377183	0.207544	-0.984276	-0.041221
1.200000	-0.187479	-1.006695	-0.369978	0.206692	-0.986439	-0.042155
1.220000	-0.181282	-0.862170	-0.360946	0.205879	-0.988589	-0.043062
1.240000	-0.175393	-0.719867	-0.350374	0.205149	-0.990685	-0.043901
1.260000	-0.170086	-0.582630	-0.338551	0.204544	-0.992685	-0.044633
1.280000	-0.165638	-0.453305	-0.325764	0.204110	-0.994546	-0.045218
1.300000	-0.162321	-0.334737	-0.312299	0.203889	-0.996226	-0.045617
1.320000	-0.160410	-0.229772	-0.298446	0.203927	-0.997682	-0.045788
1.340000	-0.160180	-0.141255	-0.284491	0.204267	-0.998873	-0.045693
1.360000	-0.161848	-0.071534	-0.270695	0.204944	-0.999762	-0.045303
1.380000	-0.165269	-0.019839	-0.257150	0.205933	-1.000354	-0.044656
1.400000	-0.170158	0.015805	-0.243885	0.207187	-1.000667	-0.043816
1.420000	-0.176233	0.037373	-0.230928	0.208658	-1.000721	-0.042847
1.440000	-0.183208	0.046843	-0.218306	0.210299	-1.000535	-0.041815
1.460000	-0.190800	0.046190	-0.206047	0.212063	-1.000129	-0.040784
1.480000	-0.198723	0.037392	-0.194178	0.213903	-0.999521	-0.039818
1.500000	-0.206695	0.022425	-0.182728	0.215770	-0.998731	-0.038982
1.520000	-0.214430	0.003264	-0.171725	0.217618	-0.997779	-0.038339
1.540000	-0.221645	-0.018113	-0.161196	0.219399	-0.996683	-0.037955
1.560000	-0.228055	-0.039729	-0.151168	0.221066	-0.995463	-0.037895
1.580000	-0.233376	-0.059609	-0.141671	0.222571	-0.994138	-0.038221
1.600000	-0.237323	-0.075776	-0.132731	0.223868	-0.992728	-0.039000
1.620000	-0.239614	-0.086254	-0.124376	0.224908	-0.991251	-0.040294
1.640000	-0.239962	-0.089065	-0.116634	0.225644	-0.989727	-0.042170
1.660000	-0.238085	-0.082234	-0.109534	0.226029	-0.988175	-0.044691
1.680000	-0.233722	-0.063908	-0.103101	0.226019	-0.986615	-0.047915
1.700000	-0.226998	-0.034096	-0.097359	0.225625	-0.985061	-0.051801
1.720000	-0.218327	0.005752	-0.092323	0.224899	-0.983527	-0.056234
1.740000	-0.208135	0.054152	-0.088010	0.223893	-0.982026	-0.061094
1.760000	-0.196846	0.109618	-0.084438	0.222662	-0.980569	-0.066263
1.780000	-0.184884	0.170663	-0.081622	0.221259	-0.979171	-0.071623
1.800000	-0.172675	0.235802	-0.079580	0.219736	-0.977844	-0.077054
1.820000	-0.160641	0.303550	-0.078328	0.218148	-0.976600	-0.082439
1.840000	-0.149207	0.372421	-0.077883	0.216547	-0.975453	-0.087658
1.860000	-0.138799	0.440928	-0.078262	0.214988	-0.974414	-0.092593
1.880000	-0.129839	0.507586	-0.079482	0.213522	-0.973498	-0.097126
1.900000	-0.122753	0.570910	-0.081559	0.212204	-0.972716	-0.101139
1.920000	-0.117966	0.629413	-0.084510	0.211086	-0.972082	-0.104511
1.940000	-0.115900	0.681610	-0.088352	0.210223	-0.971608	-0.107126
1.960000	-0.116981	0.726016	-0.093101	0.209667	-0.971307	-0.108864
1.980000	-0.121634	0.761144	-0.098774	0.209471	-0.971192	-0.109607
2.000000	-0.130173	0.785834	-0.105361	0.209677	-0.971271	-0.109268
2.020000	-0.142374	0.800556	-0.112714	0.210258	-0.971529	-0.107920
2.040000	-0.157841	0.806290	-0.120641	0.211170	-0.971942	-0.105684
2.060000	-0.176178	0.804016	-0.128951	0.212366	-0.972490	-0.102684
2.080000	-0.196989	0.794714	-0.137454	0.213800	-0.973148	-0.099042
2.100000	-0.219880	0.779362	-0.145958	0.215428	-0.973895	-0.094879
2.120000	-0.244454	0.758942	-0.154273	0.217204	-0.974708	-0.090319
2.140000	-0.270317	0.734434	-0.162206	0.219082	-0.975564	-0.085484
2.160000	-0.297072	0.706816	-0.169568	0.221016	-0.976442	-0.080496
2.180000	-0.324323	0.677068	-0.176167	0.222961	-0.977317	-0.075477
2.200000	-0.351677	0.646172	-0.181813	0.224871	-0.978169	-0.070550
2.220000	-0.378736	0.615106	-0.186313	0.226700	-0.978973	-0.065836
2.240000	-0.405106	0.584850	-0.189478	0.228404	-0.979708	-0.061460
2.260000	-0.430390	0.556384	-0.191115	0.229935	-0.980352	-0.057542
