0.000000	-2.039195	0.485255	0.204775	-0.015564	-0.930286	0.063637
0.020000	-2.265131	0.514626	0.192422	-0.015692	-0.929471	0.062666
0.040000	-2.499761	0.545763	0.177829	-0.016115	-0.929491	0.061666
0.060000	-2.738849	0.577486	0.161675	-0.016859	-0.930332	0.060565
0.080000	-2.978159	0.608614	0.144642	-0.017949	-0.931982	0.059291
0.100000	-3.213452	0.637966	0.127409	-0.019411	-0.934426	0.057769
0.120000	-3.440491	0.664360	0.110656	-0.021272	-0.937650	0.055929
0.140000	-3.655041	0.686615	0.095065	-0.023556	-0.941641	0.053696
0.160000	-3.852863	0.703551	0.081314	-0.026291	-0.946384	0.050998
0.180000	-4.029720	0.713987	0.070084	-0.029501	-0.951867	0.047762
0.200000	-4.181376	0.716742	0.062057	-0.033212	-0.958075	0.043916
0.220000	-4.303594	0.710634	0.057911	-0.037450	-0.964995	0.039387
0.240000	-4.392136	0.694482	0.058327	-0.042242	-0.972613	0.034101
0.260000	-4.442835	0.667136	0.063971	-0.047611	-0.980914	0.027989
0.280000	-4.454291	0.628623	0.074936	-0.053535	-0.989869	0.021065
0.300000	-4.428729	0.580513	0.090567	-0.059928	-0.999426	0.013452
0.320000	-4.368620	0.524483	0.110156	-0.066700	-1.009531	0.005282
0.340000	-4.276434	0.462209	0.132997	-0.073761	-1.020133	-0.003311
0.360000	-4.154641	0.395365	0.158383	-0.081022	-1.031177	-0.012196
0.380000	-4.005712	0.325627	0.185607	-0.088393	-1.042611	-0.021242
0.400000	-3.832116	0.254672	0.213963	-0.095784	-1.054382	-0.030315
0.420000	-3.636324	0.184175	0.242743	-0.103105	-1.066437	-0.039285
0.440000	-3.420806	0.115811	0.271241	-0.110266	-1.078723	-0.048018
0.460000	-3.188033	0.051256	0.298750	-0.117178	-1.091187	-0.056383
0.480000	-2.940474	-0.007814	0.324564	-0.123751	-1.103776	-0.064248
0.500000	-2.680601	-0.059724	0.347975	-0.129895	-1.116437	-0.071481
0.520000	-2.410883	-0.102797	0.368277	-0.135520	-1.129117	-0.077949
0.540000	-2.133790	-0.135359	0.384763	-0.140536	-1.141763	-0.083521
0.560000	-1.851794	-0.155734	0.396726	-0.144854	-1.154322	-0.088064
0.580000	-1.567363	-0.162245	0.403459	-0.148384	-1.166741	-0.091448
0.600000	-1.282950	-0.153342	0.404284	-0.151041	-1.178962	-0.093546
0.620000	-1.000663	-0.129629	0.399010	-0.152825	-1.190831	-0.094377
0.640000	-0.722324	-0.093546	0.387860	-0.153807	-1.202112	-0.094077
0.660000	-0.449744	-0.047592	0.371072	-0.154062	-1.212568	-0.092786
0.680000	-0.184735	0.005738	0.348881	-0.153664	-1.221960	-0.090644
0.700000	0.070893	0.063944	0.321526	-0.152688	-1.230052	-0.087791
0.720000	0.315328	0.124529	0.289243	-0.151207	-1.236606	-0.084369
0.740000	0.546759	0.184996	0.252269	-0.149296	-1.241383	-0.080516
0.760000	0.763373	0.242847	0.210841	-0.147029	-1.244146	-0.076374
0.780000	0.963360	0.295584	0.165195	-0.144480	-1.244658	-0.072082
0.800000	1.144909	0.340710	0.115570	-0.141724	-1.242680	-0.067781
0.820000	1.306207	0.375726	0.062200	-0.138835	-1.237974	-0.063610
0.840000	1.445444	0.398136	0.005325	-0.135886	-1.230304	-0.059711
0.860000	1.560809	0.405442	-0.054821	-0.132953	-1.219431	-0.056224
0.880000	1.650489	0.395146	-0.117999	-0.130109	-1.205118	-0.053288
0.900000	1.712751	0.364847	-0.183966	-0.127427	-1.187140	-0.051040
0.920000	1.747939	0.314728	-0.252294	-0.124933	-1.165626	-0.049508
0.940000	1.758647	0.247770	-0.322353	-0.122599	-1.141089	-0.048604
0.960000	1.747581	0.167096	-0.393505	-0.120398	-1.114062	-0.048233
0.980000	1.717447	0.075825	-0.465111	-0.118301	-1.085076	-0.048302
1.000000	1.670951	-0.022920	-0.536534	-0.116279	-1.054662	-0.048715
1.020000	1.610799	-0.126018	-0.607133	-0.114305	-1.023354	-0.049380
1.040000	1.539697	-0.230348	-0.676271	-0.112349	-0.991682	-0.050200
1.060000	1.460351	-0.332788	-0.743309	-0.110383	-0.960179	-0.051083
1.080000	1.375469	-0.430218	-0.807608	-0.108378	-0.929377	-0.051933
1.100000	1.287754	-0.519516	-0.868529	-0.106306	-0.899807	-0.052657
1.120000	1.199915	-0.597561	-0.925434	-0.104139	-0.872002	-0.053160
1.140000	1.114656	-0.661230	-0.977684	-0.101847	-0.846493	-0.053348
1.160000	1.034684	-0.707404	-1.024641	-0.099403	-0.823813	-0.053127
1.180000	0.962706	-0.732961	-1.065666	-0.096778	-0.804492	-0.052402
1.200000	0.901426	-0.734779	-1.100120	-0.093943	-0.789064	-0.051079
1.220000	0.853544	-0.709747	-1.127366	-0.090869	-0.778058	-0.049063
1.240000	0.820355	-0.656661	-1.147093	-0.087550	-0.771733	-0.046310
1.260000	0.800158	-0.578385	-1.159678	-0.084023	-0.769763	-0.042874
1.280000	0.790864	-0.478307	-1.165593	-0.080331	-0.771750	-0.038823
1.300000	0.790387	-0.359817	-1.165305	-0.076517	-0.777295	-0.034226
1.320000	0.796638	-0.226302	-1.159284	-0.072624	-0.785997	-0.029151
1.340000	0.807531	-0.081152	-1.147998	-0.068695	-0.797458	-0.023668
1.360000	0.820978	0.072245	-1.131918	-0.064773	-0.811279	-0.017844
1.380000	0.834892	0.230499	-1.111511	-0.060903	-0.827059	-0.011747
1.400000	0.847185	0.390223	-1.087247	-0.057125	-0.844399	-0.005448
1.420000	0.855769	0.548027	-1.059595	-0.053485	-0.862901	0.000988
1.440000	0.858557	0.700522	-1.029025	-0.050024	-0.882165	0.007489
1.460000	0.853461	0.844321	-0.996004	-0.046787	-0.901791	0.013989
1.480000	0.838394	0.976034	-0.961003	-0.043816	-0.921381	0.020419
1.500000	0.811269	1.092273	-0.924489	-0.041154	-0.940534	0.026710
1.520000	0.769998	1.189648	-0.886933	-0.038844	-0.958851	0.032793
1.540000	0.712494	1.264771	-0.848803	-0.036931	-0.975934	0.038601
1.560000	0.637291	1.315034	-0.810458	-0.035444	-0.991436	0.044069
1.580000	0.545718	1.341333	-0.771760	-0.034362	-1.005253	0.049156
1.600000	0.439889	1.345547	-0.732430	-0.033649	-1.017349	0.053825
1.620000	0.321917	1.329555	-0.692191	-0.033268	-1.027686	0.058039
1.640000	0.193916	1.295237	-0.650767	-0.033182	-1.036229	0.061762
1.660000	0.057999	1.244473	-0.607878	-0.033356	-1.042939	0.064959
1.680000	-0.083720	1.179142	-0.563248	-0.033753	-1.047781	0.067592
1.700000	-0.229129	1.101123	-0.516599	-0.034335	-1.050719	0.069626
1.720000	-0.376113	1.012295	-0.467652	-0.035067	-1.051714	0.071024
1.740000	-0.522560	0.914539	-0.416132	-0.035912	-1.050731	0.071750
1.760000	-0.666356	0.809733	-0.361760	-0.036833	-1.047733	0.071767
1.780000	-0.805388	0.699758	-0.304258	-0.037795	-1.042683	0.071040
1.800000	-0.937542	0.586492	-0.243348	-0.038759	-1.035545	0.069532
1.820000	-1.060705	0.471815	-0.178754	-0.039691	-1.026281	0.067206
1.840000	-1.172763	0.357606	-0.110198	-0.040553	-1.014856	0.064027
1.860000	-1.271603	0.245745	-0.037402	-0.041308	-1.001232	0.059957
1.880000	-1.355348	0.138040	0.039809	-0.041925	-0.985402	0.054972
1.900000	-1.424500	0.035585	0.120569	-0.042407	-0.967646	0.049139
1.920000	-1.480933	-0.060939	0.203413	-0.042781	-0.948415	0.042587
