0.000000	-1.756794	0.097304	0.306173	-0.001724	-0.809945	0.076878
0.020000	-1.936681	0.100311	0.324426	-0.001397	-0.796693	0.074522
0.040000	-2.093579	0.104488	0.337889	-0.001451	-0.785101	0.071786
0.060000	-2.221542	0.109604	0.346300	-0.001916	-0.775444	0.068645
0.080000	-2.314623	0.115426	0.349400	-0.002823	-0.767996	0.065071
0.100000	-2.366878	0.121724	0.346929	-0.004203	-0.763033	0.061040
0.120000	-2.372360	0.128263	0.338627	-0.006087	-0.760830	0.056525
0.140000	-2.326104	0.134853	0.324337	-0.008498	-0.761623	0.051506
0.160000	-2.231096	0.141614	0.304742	-0.011413	-0.765344	0.046014
0.180000	-2.094187	0.148820	0.280937	-0.014786	-0.771777	0.040100
0.200000	-1.922254	0.156748	0.254015	-0.018570	-0.780704	0.033818
0.220000	-1.722175	0.165673	0.225071	-0.022717	-0.791907	0.027221
0.240000	-1.500826	0.175871	0.195202	-0.027180	-0.805168	0.020363
0.260000	-1.265084	0.187617	0.165501	-0.031912	-0.820270	0.013296
0.280000	-1.021826	0.201187	0.137065	-0.036867	-0.836996	0.006074
0.300000	-0.777930	0.216857	0.110988	-0.041996	-0.855126	-0.001251
0.320000	-0.540271	0.234901	0.088365	-0.047254	-0.874444	-0.008624
0.340000	-0.315727	0.255596	0.070292	-0.052592	-0.894732	-0.015994
0.360000	-0.111176	0.279218	0.057863	-0.057965	-0.915772	-0.023306
0.380000	0.066507	0.306041	0.052175	-0.063324	-0.937346	-0.030508
0.400000	0.210444	0.336342	0.054321	-0.068623	-0.959237	-0.037546
0.420000	0.313758	0.370396	0.065397	-0.073815	-0.981227	-0.044367
0.440000	0.369575	0.408478	0.086498	-0.078852	-1.003098	-0.050918
0.460000	0.374025	0.450541	0.118080	-0.083695	-1.024641	-0.057159
0.480000	0.332239	0.495570	0.158685	-0.088326	-1.045673	-0.063083
0.500000	0.251025	0.542368	0.206503	-0.092731	-1.066015	-0.068692
0.520000	0.137189	0.589742	0.259720	-0.096896	-1.085490	-0.073989
0.540000	-0.002463	0.636496	0.316524	-0.100807	-1.103918	-0.078974
0.560000	-0.161123	0.681434	0.375103	-0.104450	-1.121121	-0.083649
0.580000	-0.331984	0.723360	0.433643	-0.107811	-1.136921	-0.088016
0.600000	-0.508240	0.761081	0.490333	-0.110876	-1.151139	-0.092076
0.620000	-0.683084	0.793400	0.543360	-0.113632	-1.163596	-0.095831
0.640000	-0.849710	0.819122	0.590911	-0.116064	-1.174116	-0.099283
0.660000	-1.001309	0.837051	0.631174	-0.118159	-1.182517	-0.102433
0.680000	-1.131076	0.845993	0.662337	-0.119902	-1.188624	-0.105282
0.700000	-1.232203	0.844753	0.682588	-0.121279	-1.192256	-0.107832
0.720000	-1.297884	0.832134	0.690112	-0.122277	-1.193236	-0.110086
0.740000	-1.321312	0.806941	0.683099	-0.122882	-1.191385	-0.112043
0.760000	-1.295843	0.768014	0.659780	-0.123081	-1.186531	-0.113707
0.780000	-1.220329	0.715345	0.619905	-0.122876	-1.178698	-0.115077
0.800000	-1.100330	0.650336	0.565071	-0.122295	-1.168154	-0.116155
0.820000	-0.941812	0.574472	0.496991	-0.121363	-1.155180	-0.116939
0.840000	-0.750739	0.489241	0.417373	-0.120108	-1.140056	-0.117431
0.860000	-0.533078	0.396129	0.327929	-0.118556	-1.123065	-0.117630
0.880000	-0.294793	0.296622	0.230370	-0.116734	-1.104488	-0.117537
0.900000	-0.041851	0.192206	0.126407	-0.114669	-1.084606	-0.117151
0.920000	0.219783	0.084368	0.017749	-0.112388	-1.063700	-0.116474
0.940000	0.484144	-0.025405	-0.093891	-0.109917	-1.042052	-0.115503
0.960000	0.745266	-0.135627	-0.206805	-0.107284	-1.019943	-0.114241
0.980000	0.997184	-0.244813	-0.319280	-0.104515	-0.997654	-0.112687
1.000000	1.233932	-0.351474	-0.429606	-0.101637	-0.975466	-0.110841
1.020000	1.449544	-0.454126	-0.536073	-0.098677	-0.953661	-0.108704
1.040000	1.638056	-0.551281	-0.636969	-0.095661	-0.932521	-0.106274
1.060000	1.793501	-0.641453	-0.730585	-0.092617	-0.912326	-0.103554
1.080000	1.909923	-0.723157	-0.815211	-0.089571	-0.893357	-0.100541
1.100000	1.984040	-0.795312	-0.889698	-0.086543	-0.875825	-0.097240
1.120000	2.019064	-0.857820	-0.954260	-0.083535	-0.859764	-0.093659
1.140000	2.019177	-0.910728	-1.009312	-0.080547	-0.845184	-0.089806
1.160000	1.988557	-0.954083	-1.055269	-0.077578	-0.832096	-0.085690
1.180000	1.931386	-0.987933	-1.092547	-0.074630	-0.820508	-0.081320
1.200000	1.851844	-1.012326	-1.121561	-0.071701	-0.810430	-0.076706
1.220000	1.754110	-1.027309	-1.142726	-0.068791	-0.801873	-0.071857
1.240000	1.642364	-1.032929	-1.156458	-0.065901	-0.794846	-0.066781
1.260000	1.520787	-1.029234	-1.163172	-0.063029	-0.789358	-0.061488
1.280000	1.393559	-1.016271	-1.163283	-0.060176	-0.785420	-0.055987
1.300000	1.264859	-0.994089	-1.157208	-0.057342	-0.783041	-0.050286
1.320000	1.138869	-0.962733	-1.145360	-0.054526	-0.782230	-0.044396
1.340000	1.019767	-0.922253	-1.128156	-0.051728	-0.782998	-0.038324
1.360000	0.911735	-0.872694	-1.106010	-0.048949	-0.785354	-0.032080
1.380000	0.818951	-0.814106	-1.079339	-0.046187	-0.789308	-0.025673
1.400000	0.745597	-0.746534	-1.048558	-0.043442	-0.794870	-0.019112
1.420000	0.694939	-0.670216	-1.014049	-0.040718	-0.802024	-0.012411
1.440000	0.665540	-0.586360	-0.976033	-0.038033	-0.810625	-0.005614
1.460000	0.654454	-0.496486	-0.934676	-0.035408	-0.820488	0.001228
1.480000	0.658733	-0.402114	-0.890145	-0.032867	-0.831424	0.008064
1.500000	0.675430	-0.304766	-0.842605	-0.030433	-0.843249	0.014841
1.520000	0.701598	-0.205961	-0.792225	-0.028127	-0.855775	0.021509
1.540000	0.734290	-0.107221	-0.739169	-0.025973	-0.868817	0.028015
1.560000	0.770557	-0.010065	-0.683606	-0.023994	-0.882187	0.034307
1.580000	0.807454	0.083986	-0.625701	-0.022212	-0.895699	0.040335
1.600000	0.842032	0.173412	-0.565621	-0.020650	-0.909167	0.046045
1.620000	0.871344	0.256691	-0.503533	-0.019331	-0.922404	0.051388
1.640000	0.892443	0.332304	-0.439604	-0.018277	-0.935224	0.056310
1.660000	0.902382	0.398729	-0.373999	-0.017512	-0.947441	0.060760
1.680000	0.898212	0.454447	-0.306885	-0.017057	-0.958867	0.064687
1.700000	0.876988	0.497937	-0.238430	-0.016935	-0.969317	0.068039
1.720000	0.835762	0.527678	-0.168799	-0.017170	-0.978603	0.070763
1.740000	0.771864	0.542313	-0.098185	-0.017779	-0.986550	0.072814
1.760000	0.685921	0.542410	-0.027077	-0.018723	-0.993084	0.074200
1.780000	0.580709	0.529794	0.043842	-0.019926	-0.998206	0.074964
1.800000	0.459040	0.506313	0.113883	-0.021311	-1.001912	0.075153
1.820000	0.323728	0.473813	0.182360	-0.022802	-1.004205	0.074811
1.840000	0.177586	0.434142	0.248585	-0.024320	-1.005081	0.073984
1.860000	0.023428	0.389146	0.311872	-0.025790	-1.004542	0.072716
1.880000	-0.135934	0.340673	0.371532	-0.027135	-1.002585	0.071054
1.900000	-0.297687	0.290569	0.426878	-0.028278	-0.999211	0.069042
1.920000	-0.459016	0.240683	0.477223	-0.029141	-0.994420	0.066726
1.940000	-0.617109	0.192860	0.521881	-0.029649	-0.988209	0.064150
1.960000	-0.769154	0.148948	0.560163	-0.029724	-0.980579	0.061360
1.980000	-0.912335	0.110795	0.591382	-0.029289	-0.971529	0.058401
2.000000	-1.043841	0.080246	0.614851	-0.028268	-0.961058	0.055318
2.020000	-1.160859	0.059150	0.629884	-0.026584	-0.949166	0.052156
2.040000	-1.260709	0.049260	0.635845	-0.024167	-0.935863	0.048959
2.060000	-1.343000	0.050772	0.633020	-0.021070	-0.921358	0.045722
2.080000	-1.409251	0.062575	0.622458	-0.017449	-0.906025	0.042406
2.100000	-1.461037	0.083520	0.605232	-0.013464	-0.890240	0.038967
2.120000	-1.499934	0.112458	0.582414	-0.009273	-0.874383	0.035364
