0.000000	-2.161733	-0.497938	0.229455	0.001577	-0.863700	0.007209
0.020000	-2.234868	-0.471243	0.220142	0.000538	-0.853304	-0.000010
0.040000	-2.306080	-0.440990	0.208229	-0.000692	-0.843818	-0.007331
0.060000	-2.374071	-0.407361	0.193710	-0.002086	-0.835515	-0.014659
0.080000	-2.437545	-0.370537	0.176582	-0.003620	-0.828667	-0.021896
0.100000	-2.495204	-0.330700	0.156840	-0.005267	-0.823546	-0.028947
0.120000	-2.545751	-0.288032	0.134478	-0.007002	-0.820422	-0.035716
0.140000	-2.587888	-0.242714	0.109492	-0.008799	-0.819570	-0.042105
0.160000	-2.620319	-0.194927	0.081877	-0.010632	-0.821259	-0.048018
0.180000	-2.642061	-0.144888	0.051733	-0.012483	-0.825674	-0.053391
0.200000	-2.653151	-0.092921	0.019496	-0.014359	-0.832714	-0.058260
0.220000	-2.653828	-0.039374	-0.014329	-0.016270	-0.842221	-0.062680
0.240000	-2.644333	0.015407	-0.049239	-0.018229	-0.854039	-0.066709
0.260000	-2.624906	0.071073	-0.084729	-0.020245	-0.868008	-0.070403
0.280000	-2.595786	0.127277	-0.120295	-0.022331	-0.883971	-0.073818
0.300000	-2.557215	0.183673	-0.155433	-0.024498	-0.901770	-0.077010
0.320000	-2.509431	0.239912	-0.189638	-0.026756	-0.921248	-0.080037
0.340000	-2.452675	0.295648	-0.222407	-0.029117	-0.942247	-0.082954
0.360000	-2.387187	0.350534	-0.253235	-0.031593	-0.964609	-0.085817
0.380000	-2.313208	0.404222	-0.281619	-0.034194	-0.988177	-0.088684
0.400000	-2.230977	0.456364	-0.307053	-0.036932	-1.012792	-0.091611
0.420000	-2.140734	0.506614	-0.329034	-0.039817	-1.038296	-0.094653
0.440000	-2.042720	0.554625	-0.347057	-0.042862	-1.064533	-0.097868
0.460000	-1.937174	0.600048	-0.360619	-0.046077	-1.091345	-0.101312
0.480000	-1.824340	0.642534	-0.369226	-0.049473	-1.118570	-0.105040
0.500000	-1.704595	0.681597	-0.372818	-0.053036	-1.145936	-0.109054
0.520000	-1.578490	0.716575	-0.371899	-0.056721	-1.173024	-0.113283
0.540000	-1.446585	0.746795	-0.367009	-0.060480	-1.199406	-0.117656
0.560000	-1.309444	0.771585	-0.358690	-0.064264	-1.224653	-0.122098
0.580000	-1.167628	0.790272	-0.347482	-0.068028	-1.248337	-0.126537
0.600000	-1.021699	0.802182	-0.333928	-0.071721	-1.270028	-0.130899
0.620000	-0.872220	0.806642	-0.318567	-0.075298	-1.289299	-0.135110
0.640000	-0.719752	0.802981	-0.301942	-0.078711	-1.305721	-0.139097
0.660000	-0.564857	0.790523	-0.284594	-0.081910	-1.318866	-0.142786
0.680000	-0.408097	0.768598	-0.267063	-0.084850	-1.328304	-0.146105
0.700000	-0.250035	0.736530	-0.249891	-0.087482	-1.333608	-0.148980
0.720000	-0.091232	0.693649	-0.233618	-0.089758	-1.334349	-0.151337
0.740000	0.067750	0.639280	-0.218787	-0.091631	-1.330097	-0.153104
0.760000	0.226348	0.572751	-0.205939	-0.093053	-1.320426	-0.154206
0.780000	0.384004	0.493402	-0.195610	-0.093977	-1.304911	-0.154570
0.800000	0.540383	0.401615	-0.188115	-0.094374	-1.283555	-0.154152
0.820000	0.695521	0.299506	-0.183391	-0.094250	-1.257071	-0.152955
0.840000	0.849493	0.189355	-0.181339	-0.093611	-1.226237	-0.150986
0.860000	1.002371	0.073442	-0.181863	-0.092466	-1.191832	-0.148251
0.880000	1.154228	-0.045953	-0.184864	-0.090822	-1.154634	-0.144757
0.900000	1.305138	-0.166550	-0.190243	-0.088687	-1.115424	-0.140512
0.920000	1.455172	-0.286068	-0.197903	-0.086068	-1.074979	-0.135523
0.940000	1.604405	-0.402228	-0.207747	-0.082974	-1.034079	-0.129796
0.960000	1.752910	-0.512750	-0.219675	-0.079410	-0.993502	-0.123339
0.980000	1.900759	-0.615352	-0.233590	-0.075387	-0.954028	-0.116159
1.000000	2.048025	-0.707756	-0.249394	-0.070910	-0.916435	-0.108262
1.020000	2.194782	-0.787681	-0.266989	-0.065987	-0.881502	-0.099657
1.040000	2.341103	-0.852846	-0.286277	-0.060627	-0.850009	-0.090349
1.060000	2.487060	-0.900972	-0.307159	-0.054837	-0.822734	-0.080346
1.080000	2.632727	-0.929779	-0.329539	-0.048624	-0.800456	-0.069655
1.100000	2.778176	-0.936986	-0.353317	-0.041997	-0.783954	-0.058283
1.120000	2.923427	-0.920405	-0.378393	-0.034963	-0.773981	-0.046239
1.140000	3.067055	-0.880252	-0.404556	-0.027575	-0.770607	-0.033594
1.160000	3.206084	-0.819336	-0.431484	-0.019926	-0.773166	-0.020482
1.180000	3.337459	-0.740590	-0.458846	-0.012115	-0.780958	-0.007043
1.200000	3.458128	-0.646952	-0.486314	-0.004237	-0.793280	0.006585
1.220000	3.565037	-0.541357	-0.513557	0.003609	-0.809429	0.020264
1.240000	3.655132	-0.426740	-0.540248	0.011326	-0.828706	0.033854
1.260000	3.725359	-0.306037	-0.566055	0.018818	-0.850406	0.047217
1.280000	3.772666	-0.182184	-0.590649	0.025987	-0.873830	0.060214
1.300000	3.793998	-0.058117	-0.613702	0.032735	-0.898275	0.072707
1.320000	3.786302	0.063229	-0.634883	0.038967	-0.923038	0.084557
1.340000	3.746524	0.178919	-0.653863	0.044584	-0.947420	0.095625
1.360000	3.671610	0.286016	-0.670313	0.049489	-0.970717	0.105773
1.380000	3.558508	0.381584	-0.683904	0.053585	-0.992227	0.114861
1.400000	3.404164	0.462689	-0.694305	0.056775	-1.011250	0.122752
1.420000	3.206868	0.526995	-0.701231	0.058986	-1.027207	0.129334
1.440000	2.970997	0.574881	-0.704593	0.060251	-1.040085	0.134613
1.460000	2.702642	0.607494	-0.704358	0.060635	-1.050027	0.138633
1.480000	2.407896	0.625979	-0.700494	0.060203	-1.057179	0.141436
1.500000	2.092854	0.631484	-0.692968	0.059018	-1.061685	0.143063
1.520000	1.763606	0.625153	-0.681745	0.057144	-1.063691	0.143557
1.540000	1.426248	0.608135	-0.666795	0.054647	-1.063339	0.142959
1.560000	1.086870	0.581573	-0.648083	0.051591	-1.060776	0.141312
1.580000	0.751567	0.546616	-0.625576	0.048039	-1.056146	0.138659
1.600000	0.426432	0.504409	-0.599242	0.044057	-1.049593	0.135040
1.620000	0.117556	0.456099	-0.569048	0.039708	-1.041263	0.130498
1.640000	-0.168966	0.402831	-0.534961	0.035057	-1.031299	0.125075
1.660000	-0.427041	0.345752	-0.496948	0.030169	-1.019847	0.118814
1.680000	-0.650578	0.286008	-0.454975	0.025107	-1.007051	0.111755
1.700000	-0.833482	0.224746	-0.409011	0.019936	-0.993055	0.103942
1.720000	-0.969662	0.163112	-0.359021	0.014720	-0.978006	0.095417
1.740000	-1.053767	0.102207	-0.305008	0.009522	-0.962056	0.086225
1.760000	-1.087998	0.042681	-0.247318	0.004379	-0.945468	0.076465
1.780000	-1.078944	-0.015079	-0.186501	-0.000683	-0.928562	0.066260
1.800000	-1.033249	-0.070688	-0.123108	-0.005640	-0.911661	0.055736
1.820000	-0.957556	-0.123763	-0.057689	-0.010468	-0.895089	0.045018
1.840000	-0.858509	-0.173920	0.009203	-0.015142	-0.879167	0.034233
1.860000	-0.742753	-0.220776	0.077017	-0.019638	-0.864217	0.023504
