0.000000	-1.861491	0.067660	-0.138454	-0.034382	-0.888975	-0.025757
0.020000	-1.957445	0.000732	-0.064617	-0.032545	-0.881565	-0.029720
0.040000	-2.046094	-0.061012	0.006562	-0.030608	-0.875087	-0.032999
0.060000	-2.126851	-0.116118	0.074211	-0.028577	-0.869720	-0.035490
0.080000	-2.199132	-0.163132	0.137452	-0.026455	-0.865642	-0.037092
0.100000	-2.262352	-0.200600	0.195414	-0.024247	-0.863029	-0.037702
0.120000	-2.315925	-0.227070	0.247219	-0.021956	-0.862060	-0.037219
0.140000	-2.359368	-0.241424	0.292145	-0.019594	-0.862880	-0.035573
0.160000	-2.392742	-0.244357	0.330268	-0.017203	-0.865448	-0.032880
0.180000	-2.416290	-0.237170	0.361934	-0.014840	-0.869666	-0.029314
0.200000	-2.430254	-0.221162	0.387490	-0.012560	-0.875433	-0.025053
0.220000	-2.434877	-0.197635	0.407282	-0.010417	-0.882651	-0.020272
0.240000	-2.430404	-0.167889	0.421656	-0.008466	-0.891220	-0.015146
0.260000	-2.417076	-0.133224	0.430958	-0.006764	-0.901039	-0.009851
0.280000	-2.395137	-0.094941	0.435534	-0.005364	-0.912010	-0.004564
0.300000	-2.364829	-0.054341	0.435732	-0.004323	-0.924032	0.000541
0.320000	-2.326397	-0.012723	0.431896	-0.003695	-0.937006	0.005286
0.340000	-2.280082	0.028612	0.424374	-0.003535	-0.950832	0.009497
0.360000	-2.226128	0.068363	0.413510	-0.003899	-0.965411	0.012998
0.380000	-2.164778	0.105230	0.399653	-0.004842	-0.980643	0.015612
0.400000	-2.096275	0.137912	0.383147	-0.006419	-0.996428	0.017165
0.420000	-2.020862	0.165108	0.364339	-0.008685	-1.012667	0.017479
0.440000	-1.938782	0.185520	0.343575	-0.011695	-1.029259	0.016380
0.460000	-1.850256	0.197960	0.321181	-0.015496	-1.046101	0.013709
0.480000	-1.755232	0.202673	0.297213	-0.020031	-1.063022	0.009528
0.500000	-1.653473	0.200871	0.271551	-0.025173	-1.079810	0.004049
0.520000	-1.544740	0.193784	0.244070	-0.030794	-1.096251	-0.002516
0.540000	-1.428791	0.182642	0.214642	-0.036765	-1.112131	-0.009951
0.560000	-1.305387	0.168675	0.183145	-0.042958	-1.127236	-0.018044
0.580000	-1.174287	0.153114	0.149451	-0.049244	-1.141353	-0.026580
0.600000	-1.035252	0.137187	0.113436	-0.055496	-1.154267	-0.035346
0.620000	-0.888041	0.122127	0.074975	-0.061585	-1.165764	-0.044128
0.640000	-0.732413	0.109162	0.033941	-0.067381	-1.175631	-0.052712
0.660000	-0.568128	0.099523	-0.009790	-0.072758	-1.183655	-0.060884
0.680000	-0.394947	0.094440	-0.056343	-0.077587	-1.189620	-0.068430
0.700000	-0.212629	0.095144	-0.105845	-0.081738	-1.193314	-0.075137
0.720000	-0.020934	0.102863	-0.158420	-0.085085	-1.194522	-0.080791
0.740000	0.180379	0.118829	-0.214193	-0.087497	-1.193030	-0.085177
0.760000	0.391550	0.144272	-0.273291	-0.088848	-1.188626	-0.088083
0.780000	0.612144	0.179879	-0.335639	-0.089046	-1.181187	-0.089350
0.800000	0.838821	0.224003	-0.400301	-0.088161	-1.170999	-0.089064
0.820000	1.067456	0.274367	-0.466112	-0.086307	-1.158452	-0.087374
0.840000	1.293924	0.328693	-0.531904	-0.083597	-1.143939	-0.084430
0.860000	1.514102	0.384703	-0.596510	-0.080146	-1.127851	-0.080384
0.880000	1.723864	0.440122	-0.658764	-0.076066	-1.110581	-0.075385
0.900000	1.919088	0.492671	-0.717500	-0.071471	-1.092521	-0.069583
0.920000	2.095647	0.540073	-0.771550	-0.066475	-1.074062	-0.063129
0.940000	2.249418	0.580050	-0.819747	-0.061192	-1.055596	-0.056172
0.960000	2.376276	0.610326	-0.860925	-0.055735	-1.037516	-0.048863
0.980000	2.472097	0.628623	-0.893917	-0.050217	-1.020214	-0.041352
1.000000	2.532757	0.632664	-0.917556	-0.044753	-1.004080	-0.033789
1.020000	2.554131	0.620171	-0.930676	-0.039455	-0.989508	-0.026325
1.040000	2.532094	0.588868	-0.932109	-0.034438	-0.976890	-0.019109
1.060000	2.462523	0.536476	-0.920689	-0.029815	-0.966616	-0.012292
1.080000	2.341293	0.460719	-0.895250	-0.025700	-0.959080	-0.006024
1.100000	2.165048	0.359729	-0.854836	-0.022195	-0.954629	-0.000441
1.120000	1.937818	0.235581	-0.800534	-0.019297	-0.953186	0.004457
1.140000	1.667742	0.092540	-0.734565	-0.016943	-0.954438	0.008748
1.160000	1.363006	-0.065100	-0.659163	-0.015069	-0.958070	0.012508
1.180000	1.031797	-0.233047	-0.576562	-0.013613	-0.963766	0.015814
1.200000	0.682301	-0.407011	-0.488997	-0.012510	-0.971210	0.018744
1.220000	0.322702	-0.582700	-0.398702	-0.011699	-0.980086	0.021376
1.240000	-0.038813	-0.755821	-0.307910	-0.011114	-0.990079	0.023786
1.260000	-0.394058	-0.922083	-0.218856	-0.010694	-1.000873	0.026051
1.280000	-0.734848	-1.077195	-0.133774	-0.010374	-1.012153	0.028250
1.300000	-1.052996	-1.216864	-0.054898	-0.010092	-1.023602	0.030459
1.320000	-1.340317	-1.336798	0.015537	-0.009784	-1.034905	0.032755
1.340000	-1.588626	-1.432707	0.075298	-0.009386	-1.045747	0.035216
1.360000	-1.789736	-1.500298	0.122151	-0.008835	-1.055811	0.037920
1.380000	-1.935461	-1.535280	0.153861	-0.008069	-1.064782	0.040943
1.400000	-2.017616	-1.533360	0.168194	-0.007023	-1.072345	0.044362
1.420000	-2.031155	-1.491910	0.163811	-0.005655	-1.078258	0.048222
1.440000	-1.981918	-1.414063	0.142469	-0.003995	-1.082540	0.052449
1.460000	-1.878105	-1.304204	0.106600	-0.002087	-1.085266	0.056944
1.480000	-1.727917	-1.166716	0.058634	0.000025	-1.086511	0.061608
1.500000	-1.539554	-1.005983	0.001003	0.002294	-1.086350	0.066343
1.520000	-1.321216	-0.826388	-0.063864	0.004676	-1.084857	0.071049
1.540000	-1.081103	-0.632315	-0.133535	0.007126	-1.082107	0.075629
1.560000	-0.827417	-0.428148	-0.205579	0.009599	-1.078176	0.079982
1.580000	-0.568356	-0.218270	-0.277567	0.012051	-1.073138	0.084012
1.600000	-0.312122	-0.007065	-0.347067	0.014436	-1.067068	0.087618
1.620000	-0.066915	0.201083	-0.411648	0.016710	-1.060040	0.090701
1.640000	0.159066	0.401790	-0.468880	0.018827	-1.052131	0.093165
1.660000	0.357619	0.590673	-0.516331	0.020744	-1.043414	0.094908
1.680000	0.520545	0.763349	-0.551572	0.022414	-1.033964	0.095833
1.700000	0.639643	0.915433	-0.572172	0.023793	-1.023857	0.095841
1.720000	0.706713	1.042542	-0.575699	0.024835	-1.013167	0.094833
1.740000	0.713581	1.140303	-0.559731	0.025498	-1.001969	0.092711
1.760000	0.656735	1.206437	-0.523314	0.025754	-0.990353	0.089449
1.780000	0.542693	1.243159	-0.468646	0.025619	-0.978443	0.085174
1.800000	0.379273	1.253268	-0.398337	0.025117	-0.966364	0.080036
1.820000	0.174293	1.239563	-0.314997	0.024267	-0.954244	0.074184
1.840000	-0.064429	1.204845	-0.221234	0.023091	-0.942211	0.067766
1.860000	-0.329075	1.151913	-0.119659	0.021611	-0.930390	0.060932
1.880000	-0.611826	1.083566	-0.012881	0.019848	-0.918910	0.053829
1.900000	-0.904866	1.002603	0.096492	0.017823	-0.907897	0.046606
1.920000	-1.200374	0.911825	0.205850	0.015559	-0.897478	0.039413
1.940000	-1.490535	0.814029	0.312583	0.013077	-0.887780	0.032398
