0.000000	-1.938228	-0.202757	1.075224	-0.021668	-0.855579	0.007638
0.020000	-2.147347	-0.263288	1.116115	-0.025299	-0.849131	0.003179
0.040000	-2.351558	-0.337578	1.148298	-0.028994	-0.845133	-0.001240
0.060000	-2.549268	-0.426026	1.171408	-0.032730	-0.843808	-0.005597
0.080000	-2.739004	-0.526687	1.185570	-0.036475	-0.845032	-0.009905
0.100000	-2.919316	-0.637206	1.190995	-0.040198	-0.848620	-0.014188
0.120000	-3.088751	-0.755228	1.187895	-0.043867	-0.854387	-0.018466
0.140000	-3.245860	-0.878396	1.176479	-0.047453	-0.862148	-0.022763
0.160000	-3.389190	-1.004354	1.156959	-0.050924	-0.871717	-0.027100
0.180000	-3.517290	-1.130748	1.129546	-0.054249	-0.882911	-0.031499
0.200000	-3.628710	-1.255221	1.094449	-0.057396	-0.895542	-0.035982
0.220000	-3.721997	-1.375418	1.051880	-0.060335	-0.909427	-0.040572
0.240000	-3.795701	-1.488982	1.002050	-0.063034	-0.924380	-0.045290
0.260000	-3.848370	-1.593559	0.945169	-0.065463	-0.940216	-0.050158
0.280000	-3.878554	-1.686791	0.881449	-0.067590	-0.956750	-0.055199
0.300000	-3.884800	-1.766325	0.811099	-0.069385	-0.973797	-0.060433
0.320000	-3.865658	-1.829802	0.734331	-0.070815	-0.991171	-0.065885
0.340000	-3.819677	-1.874869	0.651356	-0.071851	-1.008688	-0.071574
0.360000	-3.745405	-1.899169	0.562383	-0.072461	-1.026162	-0.077524
0.380000	-3.641851	-1.900825	0.467756	-0.072619	-1.043415	-0.083746
0.400000	-3.510832	-1.880870	0.368614	-0.072339	-1.060311	-0.090180
0.420000	-3.355215	-1.841431	0.266395	-0.071647	-1.076730	-0.096742
0.440000	-3.177874	-1.784638	0.162540	-0.070568	-1.092553	-0.103349
0.460000	-2.981679	-1.712620	0.058489	-0.069130	-1.107660	-0.109915
0.480000	-2.769502	-1.627507	-0.044319	-0.067359	-1.121930	-0.116356
0.500000	-2.544215	-1.531429	-0.144444	-0.065280	-1.135244	-0.122588
0.520000	-2.308690	-1.426515	-0.240445	-0.062920	-1.147482	-0.128527
0.540000	-2.065797	-1.314894	-0.330882	-0.060306	-1.158524	-0.134088
0.560000	-1.818409	-1.198697	-0.414317	-0.057464	-1.168250	-0.139186
0.580000	-1.569396	-1.080053	-0.489308	-0.054420	-1.176540	-0.143737
0.600000	-1.321632	-0.961091	-0.554417	-0.051200	-1.183274	-0.147658
0.620000	-1.077987	-0.843941	-0.608203	-0.047831	-1.188333	-0.150863
0.640000	-0.841332	-0.730733	-0.649226	-0.044340	-1.191597	-0.153268
0.660000	-0.614540	-0.623596	-0.676046	-0.040752	-1.192945	-0.154788
0.680000	-0.400483	-0.524659	-0.687223	-0.037093	-1.192258	-0.155340
0.700000	-0.201892	-0.435943	-0.681452	-0.033392	-1.189427	-0.154845
0.720000	-0.019499	-0.357872	-0.659357	-0.029688	-1.184502	-0.153323
0.740000	0.147480	-0.289667	-0.623023	-0.026034	-1.177655	-0.150865
0.760000	0.299865	-0.230520	-0.574570	-0.022480	-1.169061	-0.147564
0.780000	0.438475	-0.179623	-0.516118	-0.019077	-1.158892	-0.143514
0.800000	0.564130	-0.136168	-0.449786	-0.015877	-1.147324	-0.138809
0.820000	0.677649	-0.099346	-0.377696	-0.012932	-1.134530	-0.133542
0.840000	0.779853	-0.068349	-0.301966	-0.010292	-1.120685	-0.127806
0.860000	0.871562	-0.042370	-0.224717	-0.008010	-1.105963	-0.121695
0.880000	0.953595	-0.020599	-0.148069	-0.006135	-1.090538	-0.115303
0.900000	1.026771	-0.002229	-0.074141	-0.004721	-1.074584	-0.108722
0.920000	1.091911	0.013548	-0.005055	-0.003817	-1.058275	-0.102048
0.940000	1.149835	0.027541	0.057072	-0.003475	-1.041786	-0.095371
0.960000	1.201361	0.040559	0.110117	-0.003748	-1.025291	-0.088788
0.980000	1.247311	0.053408	0.151962	-0.004685	-1.008963	-0.082390
1.000000	1.288503	0.066898	0.180486	-0.006339	-0.992977	-0.076271
1.020000	1.325746	0.081828	0.193598	-0.008759	-0.977507	-0.070525
1.040000	1.359248	0.098547	0.190673	-0.011927	-0.962683	-0.065186
1.060000	1.388337	0.116742	0.173238	-0.015727	-0.948575	-0.060211
1.080000	1.412271	0.136048	0.142994	-0.020032	-0.935247	-0.055547
1.100000	1.430306	0.156099	0.101639	-0.024718	-0.922763	-0.051143
1.120000	1.441701	0.176530	0.050875	-0.029658	-0.911188	-0.046947
1.140000	1.445712	0.196976	-0.007599	-0.034727	-0.900586	-0.042906
1.160000	1.441598	0.217071	-0.072084	-0.039801	-0.891021	-0.038970
1.180000	1.428615	0.236450	-0.140880	-0.044753	-0.882557	-0.035087
1.200000	1.406021	0.254747	-0.212285	-0.049458	-0.875260	-0.031204
1.220000	1.373073	0.271597	-0.284602	-0.053791	-0.869192	-0.027269
1.240000	1.329030	0.286635	-0.356130	-0.057626	-0.864419	-0.023232
1.260000	1.273148	0.299495	-0.425169	-0.060838	-0.861005	-0.019041
1.280000	1.204685	0.309811	-0.490020	-0.063301	-0.859013	-0.014643
1.300000	1.122898	0.317219	-0.548982	-0.064890	-0.858510	-0.009986
1.320000	1.027052	0.321354	-0.600361	-0.065481	-0.859556	-0.005020
1.340000	0.917304	0.322023	-0.643084	-0.065022	-0.862120	0.000257
1.360000	0.795487	0.319353	-0.677242	-0.063602	-0.865986	0.005755
1.380000	0.663621	0.313508	-0.703061	-0.061327	-0.870917	0.011372
1.400000	0.523724	0.304650	-0.720762	-0.058301	-0.876677	0.017006
1.420000	0.377817	0.292942	-0.730569	-0.054628	-0.883030	0.022556
1.440000	0.227918	0.278547	-0.732704	-0.050412	-0.889741	0.027921
1.460000	0.076049	0.261628	-0.727392	-0.045759	-0.896572	0.032999
1.480000	-0.075773	0.242348	-0.714855	-0.040773	-0.903288	0.037689
1.500000	-0.225528	0.220871	-0.695316	-0.035559	-0.909653	0.041889
1.520000	-0.371195	0.197358	-0.668999	-0.030220	-0.915430	0.045498
1.540000	-0.510756	0.171974	-0.636126	-0.024862	-0.920384	0.048414
1.560000	-0.642190	0.144881	-0.596921	-0.019589	-0.924278	0.050536
1.580000	-0.763479	0.116241	-0.551606	-0.014506	-0.926876	0.051762
1.600000	-0.872603	0.086219	-0.500405	-0.009717	-0.927942	0.051992
1.620000	-0.967543	0.054977	-0.443542	-0.005327	-0.927241	0.051123
1.640000	-1.046278	0.022678	-0.381238	-0.001440	-0.924535	0.049054
1.660000	-1.107475	-0.010401	-0.313840	0.001862	-0.919691	0.045728
1.680000	-1.152491	-0.043535	-0.242174	0.004590	-0.912975	0.041262
1.700000	-1.183340	-0.075888	-0.167185	0.006777	-0.904752	0.035815
1.720000	-1.202037	-0.106627	-0.089817	0.008456	-0.895387	0.029546
1.740000	-1.210596	-0.134917	-0.011013	0.009660	-0.885242	0.022615
1.760000	-1.211033	-0.159922	0.068282	0.010422	-0.874684	0.015181
1.780000	-1.205361	-0.180808	0.147125	0.010774	-0.864076	0.007404
1.800000	-1.195596	-0.196741	0.224569	0.010750	-0.853784	-0.000558
1.820000	-1.183752	-0.206886	0.299673	0.010382	-0.844170	-0.008544
1.840000	-1.171844	-0.210407	0.371491	0.009704	-0.835600	-0.016396
