0.000000	3.337987	1.193933	-1.165120	-0.414321	-0.700861	0.262381
0.020000	3.163578	1.247980	-1.099158	-0.415710	-0.705534	0.273561
0.040000	2.976264	1.279248	-1.037638	-0.417920	-0.710305	0.284539
0.060000	2.776846	1.283992	-0.981945	-0.420989	-0.715033	0.295201
0.080000	2.566122	1.258466	-0.933464	-0.424954	-0.719576	0.305434
0.100000	2.344891	1.198926	-0.893582	-0.429852	-0.723792	0.315124
0.120000	2.113950	1.101625	-0.863681	-0.435720	-0.727539	0.324155
0.140000	1.874099	0.962817	-0.845149	-0.442596	-0.730675	0.332414
0.160000	1.626146	0.778806	-0.839355	-0.450516	-0.733059	0.339787
0.180000	1.371643	0.549419	-0.846493	-0.459400	-0.734619	0.346220
0.200000	1.113388	0.280410	-0.864788	-0.468977	-0.735397	0.351759
0.220000	0.854300	-0.021908	-0.892276	-0.478955	-0.735447	0.356459
0.240000	0.597296	-0.351218	-0.926995	-0.489046	-0.734823	0.360374
0.260000	0.345294	-0.701203	-0.966980	-0.498959	-0.733578	0.363561
0.280000	0.101213	-1.065549	-1.010267	-0.508404	-0.731765	0.366073
0.300000	-0.132031	-1.437938	-1.054894	-0.517089	-0.729438	0.367966
0.320000	-0.351519	-1.812054	-1.098896	-0.524727	-0.726651	0.369296
0.340000	-0.554334	-2.181583	-1.140310	-0.531025	-0.723457	0.370116
0.360000	-0.737556	-2.540207	-1.177172	-0.535694	-0.719910	0.370483
0.380000	-0.898270	-2.881611	-1.207518	-0.538444	-0.716064	0.370451
0.400000	-1.033556	-3.199478	-1.229386	-0.538984	-0.711971	0.370075
0.420000	-1.140497	-3.487494	-1.240810	-0.537024	-0.707686	0.369411
0.440000	-1.216174	-3.739340	-1.239828	-0.532275	-0.703261	0.368513
0.460000	-1.257684	-3.948716	-1.224481	-0.524446	-0.698751	0.367437
0.480000	-1.264463	-4.111812	-1.193655	-0.513450	-0.694216	0.366225
0.500000	-1.241022	-4.230212	-1.148067	-0.499633	-0.689727	0.364897
0.520000	-1.192532	-4.306207	-1.088673	-0.483396	-0.685359	0.363469
0.540000	-1.124165	-4.342088	-1.016429	-0.465144	-0.681187	0.361956
0.560000	-1.041094	-4.340145	-0.932290	-0.445280	-0.677284	0.360373
0.580000	-0.948491	-4.302668	-0.837213	-0.424204	-0.673724	0.358736
0.600000	-0.851528	-4.231947	-0.732153	-0.402322	-0.670584	0.357061
0.620000	-0.755376	-4.130274	-0.618066	-0.380035	-0.667935	0.355363
0.640000	-0.665208	-3.999937	-0.495908	-0.357746	-0.665853	0.353658
0.660000	-0.586196	-3.843227	-0.366636	-0.335859	-0.664412	0.351961
0.680000	-0.523512	-3.662435	-0.231204	-0.314775	-0.663687	0.350288
0.700000	-0.482328	-3.459851	-0.090569	-0.294898	-0.663751	0.348655
0.720000	-0.467816	-3.237765	0.054314	-0.276630	-0.664678	0.347076
0.740000	-0.485148	-2.998467	0.202488	-0.260375	-0.666544	0.345569
0.760000	-0.539496	-2.744249	0.352998	-0.246535	-0.669423	0.344147
0.780000	-0.636033	-2.477399	0.504888	-0.235513	-0.673388	0.342828
0.800000	-0.778225	-2.200267	0.657146	-0.227626	-0.678496	0.341617
0.820000	-0.961775	-1.915467	0.808513	-0.222799	-0.684722	0.340484
0.840000	-1.180178	-1.625689	0.957657	-0.220846	-0.692018	0.339387
0.860000	-1.426929	-1.333623	1.103245	-0.221581	-0.700336	0.338284
0.880000	-1.695523	-1.041959	1.243946	-0.224818	-0.709628	0.337133
0.900000	-1.979455	-0.753386	1.378428	-0.230372	-0.719845	0.335892
0.920000	-2.272219	-0.470594	1.505359	-0.238055	-0.730940	0.334519
0.940000	-2.567310	-0.196274	1.623408	-0.247683	-0.742865	0.332972
0.960000	-2.858223	0.066885	1.731243	-0.259069	-0.755571	0.331208
0.980000	-3.138453	0.316192	1.827532	-0.272028	-0.769011	0.329187
1.000000	-3.401494	0.548959	1.910942	-0.286372	-0.783135	0.326865
1.020000	-3.640841	0.762495	1.980143	-0.301917	-0.797897	0.324202
1.040000	-3.849990	0.954110	2.033803	-0.318476	-0.813248	0.321154
1.060000	-4.022434	1.121114	2.070589	-0.335863	-0.829140	0.317681
1.080000	-4.151670	1.260817	2.089170	-0.353892	-0.845525	0.313739
1.100000	-4.231190	1.370531	2.088214	-0.372378	-0.862354	0.309288
1.120000	-4.255118	1.447887	2.066551	-0.391135	-0.879571	0.304291
1.140000	-4.223983	1.493832	2.024663	-0.409987	-0.897026	0.298779
1.160000	-4.142064	1.511247	1.964001	-0.428762	-0.914517	0.292822
1.180000	-4.013689	1.503039	1.886027	-0.447291	-0.931838	0.286489
1.200000	-3.843185	1.472114	1.792202	-0.465402	-0.948787	0.279851
1.220000	-3.634879	1.421378	1.683988	-0.482925	-0.965159	0.272976
1.240000	-3.393098	1.353739	1.562848	-0.499688	-0.980751	0.265935
1.260000	-3.122169	1.272101	1.430244	-0.515521	-0.995358	0.258797
1.280000	-2.826420	1.179373	1.287637	-0.530253	-1.008777	0.251633
1.300000	-2.510176	1.078460	1.136490	-0.543712	-1.020804	0.244513
1.320000	-2.177766	0.972269	0.978265	-0.555729	-1.031235	0.237505
1.340000	-1.833517	0.863706	0.814424	-0.566132	-1.039865	0.230680
1.360000	-1.481755	0.755678	0.646428	-0.574750	-1.046492	0.224108
1.380000	-1.126808	0.651092	0.475740	-0.581413	-1.050910	0.217859
1.400000	-0.773002	0.552853	0.303822	-0.585950	-1.052917	0.212002
1.420000	-0.424666	0.463868	0.132137	-0.588189	-1.052308	0.206607
1.440000	-0.086067	0.386980	-0.037863	-0.587966	-1.048887	0.201743
1.460000	0.240226	0.323174	-0.204946	-0.585301	-1.042668	0.197447
1.480000	0.553594	0.271304	-0.368139	-0.580424	-1.033909	0.193718
1.500000	0.853523	0.230111	-0.526482	-0.573576	-1.022878	0.190555
1.520000	1.139499	0.198336	-0.679015	-0.564998	-1.009845	0.187954
1.540000	1.411007	0.174720	-0.824779	-0.554933	-0.995082	0.185915
1.560000	1.667533	0.158002	-0.962814	-0.543621	-0.978856	0.184436
1.580000	1.908564	0.146923	-1.092160	-0.531303	-0.961439	0.183513
1.600000	2.133585	0.140223	-1.211857	-0.518223	-0.943099	0.183144
1.620000	2.342081	0.136644	-1.320946	-0.504620	-0.924108	0.183329
1.640000	2.533540	0.134925	-1.418467	-0.490737	-0.904734	0.184064
1.660000	2.707445	0.133806	-1.503460	-0.476814	-0.885247	0.185348
1.680000	2.863285	0.132029	-1.574966	-0.463094	-0.865918	0.187178
1.700000	3.000544	0.128333	-1.632025	-0.449818	-0.847015	0.189553
1.720000	3.118708	0.121459	-1.673676	-0.437227	-0.828810	0.192470
1.740000	3.217263	0.110148	-1.698961	-0.425562	-0.811571	0.195927
1.760000	3.295822	0.093327	-1.707138	-0.415042	-0.795545	0.199920
1.780000	3.355014	0.071421	-1.699217	-0.405685	-0.780791	0.204422
1.800000	3.395954	0.045574	-1.677044	-0.397418	-0.767275	0.209396
1.820000	3.419762	0.016935	-1.642475	-0.390166	-0.754966	0.214808
1.840000	3.427557	-0.013347	-1.597364	-0.383854	-0.743831	0.220621
1.860000	3.420457	-0.044124	-1.543563	-0.378408	-0.733836	0.226797
1.880000	3.399582	-0.074247	-1.482926	-0.373753	-0.724950	0.233301
1.900000	3.366051	-0.102569	-1.417309	-0.369815	-0.717139	0.240097
1.920000	3.320984	-0.127939	-1.348563	-0.366518	-0.710371	0.247148
1.940000	3.265498	-0.149211	-1.278543	-0.363789	-0.704614	0.254418
1.960000	3.200714	-0.165234	-1.209103	-0.361551	-0.699833	0.261871
1.980000	3.127750	-0.174861	-1.142097	-0.359732	-0.695998	0.269470
2.000000	3.047725	-0.176943	-1.079378	-0.358255	-0.693075	0.277178
2.020000	2.961759	-0.170331	-1.022801	-0.357047	-0.691031	0.284961
2.040000	2.870971	-0.153878	-0.974218	-0.356032	-0.689834	0.292781
2.060000	2.776479	-0.126434	-0.935483	-0.355136	-0.689450	0.300602
2.080000	2.679230	-0.087435	-0.907736	-0.354304	-0.689840	0.308394
2.100000	2.579656	-0.038042	-0.890007	-0.353535	-0.690936	0.316144
2.120000	2.478097	0.020270	-0.880940	-0.352841	-0.692669	0.323845
2.140000	2.374893	0.086025	-0.879179	-0.352233	-0.694966	0.331488
2.160000	2.270383	0.157745	-0.883368	-0.351720	-0.697759	0.339064
2.180000	2.164906	0.233955	-0.892149	-0.351315	-0.700975	0.346564
2.200000	2.058802	0.313178	-0.904167	-0.351027	-0.704545	0.353980
2.220000	1.952410	0.393938	-0.918065	-0.350867	-0.708397	0.361303
2.240000	1.846070	0.474758	-0.932487	-0.350847	-0.712461	0.368524
2.260000	1.740121	0.554163	-0.946077	-0.350978	-0.716667	0.375635
2.280000	1.634903	0.630675	-0.957477	-0.351269	-0.720943	0.382628
2.300000	1.530754	0.702818	-0.965332	-0.351732	-0.725219	0.389493
2.320000	1.428015	0.769117	-0.968285	-0.352377	-0.729424	0.396222
2.340000	1.327025	0.828094	-0.964981	-0.353216	-0.733487	0.402806
