0.000000	-0.462969	-0.060957	-0.335485	-0.611463	-0.601755	0.315906
0.020000	-0.482617	-0.040358	-0.327362	-0.610827	-0.601672	0.315186
0.040000	-0.501785	-0.019797	-0.317515	-0.610407	-0.601708	0.314574
0.060000	-0.520711	0.000657	-0.306096	-0.610243	-0.601919	0.314128
0.080000	-0.539632	0.020936	-0.293255	-0.610377	-0.602358	0.313909
0.100000	-0.558786	0.040971	-0.279145	-0.610849	-0.603083	0.313976
0.120000	-0.578412	0.060693	-0.263917	-0.611697	-0.604146	0.314389
0.140000	-0.598747	0.080033	-0.247723	-0.612964	-0.605602	0.315205
0.160000	-0.620078	0.099009	-0.230682	-0.614675	-0.607492	0.316471
0.180000	-0.643056	0.118299	-0.212668	-0.616747	-0.609729	0.318111
0.200000	-0.668501	0.138882	-0.193447	-0.619050	-0.612174	0.320002
0.220000	-0.697233	0.161739	-0.172780	-0.621453	-0.614685	0.322015
0.240000	-0.730070	0.187850	-0.150430	-0.623824	-0.617124	0.324024
0.260000	-0.767834	0.218195	-0.126162	-0.626031	-0.619347	0.325903
0.280000	-0.811343	0.253754	-0.099737	-0.627943	-0.621216	0.327525
0.300000	-0.861419	0.295508	-0.070920	-0.629429	-0.622589	0.328764
0.320000	-0.918879	0.344437	-0.039472	-0.630357	-0.623325	0.329494
0.340000	-0.984544	0.401522	-0.005158	-0.630596	-0.623284	0.329587
0.360000	-1.059235	0.467742	0.032260	-0.630015	-0.622326	0.328918
0.380000	-1.143770	0.544078	0.073019	-0.628482	-0.620309	0.327359
0.400000	-1.238970	0.631511	0.117356	-0.625865	-0.617093	0.324785
0.420000	-1.345654	0.731021	0.165507	-0.622034	-0.612537	0.321068
0.440000	-1.464642	0.843587	0.217709	-0.616857	-0.606500	0.316083
0.460000	-1.596753	0.970190	0.274200	-0.610202	-0.598843	0.309702
0.480000	-1.742180	1.111013	0.334982	-0.602037	-0.589523	0.301859
0.500000	-1.899363	1.264008	0.399405	-0.592608	-0.578776	0.292651
0.520000	-2.066436	1.426743	0.466703	-0.582207	-0.566886	0.282205
0.540000	-2.241534	1.596782	0.536113	-0.571128	-0.554139	0.270647
0.560000	-2.422792	1.771692	0.606870	-0.559663	-0.540817	0.258105
0.580000	-2.608344	1.949038	0.678208	-0.548106	-0.527205	0.244704
0.600000	-2.796325	2.126386	0.749365	-0.536750	-0.513588	0.230571
0.620000	-2.984870	2.301301	0.819575	-0.525888	-0.500248	0.215833
0.640000	-3.172113	2.471351	0.888073	-0.515813	-0.487471	0.200616
0.660000	-3.356189	2.634099	0.954096	-0.506819	-0.475541	0.185047
0.680000	-3.535234	2.787113	1.016878	-0.499198	-0.464742	0.169253
0.700000	-3.707381	2.927958	1.075654	-0.493244	-0.455358	0.153359
0.720000	-3.870765	3.054199	1.129662	-0.489250	-0.447672	0.137494
0.740000	-4.023521	3.163403	1.178135	-0.487508	-0.441971	0.121782
0.760000	-4.163783	3.253136	1.220310	-0.488313	-0.438536	0.106351
0.780000	-4.289687	3.320962	1.255421	-0.491957	-0.437653	0.091328
0.800000	-4.399601	3.364931	1.282850	-0.498669	-0.439545	0.076820
0.820000	-4.493293	3.385986	1.302846	-0.508287	-0.444063	0.062827
0.840000	-4.571055	3.386146	1.315982	-0.520509	-0.450924	0.049307
0.860000	-4.633176	3.367431	1.322832	-0.535028	-0.459842	0.036219
0.880000	-4.679947	3.331863	1.323969	-0.551540	-0.470533	0.023521
0.900000	-4.711660	3.281461	1.319967	-0.569740	-0.482712	0.011171
0.920000	-4.728603	3.218247	1.311399	-0.589323	-0.496095	-0.000873
0.940000	-4.731069	3.144240	1.298840	-0.609985	-0.510396	-0.012651
0.960000	-4.719348	3.061462	1.282861	-0.631420	-0.525330	-0.024206
0.980000	-4.693731	2.971933	1.264038	-0.653323	-0.540613	-0.035580
1.000000	-4.654507	2.877673	1.242943	-0.675390	-0.555961	-0.046813
1.020000	-4.601969	2.780703	1.220150	-0.697316	-0.571088	-0.057948
1.040000	-4.536406	2.683044	1.196233	-0.718796	-0.585709	-0.069026
1.060000	-4.458110	2.586716	1.171764	-0.739525	-0.599541	-0.080089
1.080000	-4.367370	2.493740	1.147318	-0.759198	-0.612297	-0.091178
1.100000	-4.264478	2.406136	1.123468	-0.777510	-0.623693	-0.102336
1.120000	-4.149747	2.325805	1.100751	-0.794174	-0.633462	-0.113599
1.140000	-4.023821	2.252930	1.079164	-0.809132	-0.641564	-0.124950
1.160000	-3.887588	2.186417	1.058310	-0.822506	-0.648137	-0.136328
1.180000	-3.741943	2.125140	1.037777	-0.834417	-0.653320	-0.147673
1.200000	-3.587780	2.067973	1.017157	-0.844988	-0.657252	-0.158922
1.220000	-3.425995	2.013790	0.996039	-0.854343	-0.660073	-0.170016
1.240000	-3.257481	1.961466	0.974014	-0.862604	-0.661922	-0.180892
1.260000	-3.083134	1.909876	0.950673	-0.869895	-0.662940	-0.191490
1.280000	-2.903847	1.857893	0.925606	-0.876338	-0.663266	-0.201749
1.300000	-2.720517	1.804392	0.898403	-0.882057	-0.663039	-0.211607
1.320000	-2.534036	1.748247	0.868655	-0.887174	-0.662399	-0.221004
1.340000	-2.345300	1.688333	0.835952	-0.891813	-0.661485	-0.229878
1.360000	-2.155204	1.623524	0.799884	-0.896096	-0.660439	-0.238168
1.380000	-1.964641	1.552694	0.760042	-0.900147	-0.659397	-0.245813
1.400000	-1.774507	1.474718	0.716016	-0.904088	-0.658502	-0.252752
1.420000	-1.585697	1.388469	0.667396	-0.908043	-0.657892	-0.258923
1.440000	-1.399096	1.292836	0.613781	-0.912132	-0.657704	-0.264267
1.460000	-1.215170	1.187334	0.555133	-0.916396	-0.657996	-0.268749
1.480000	-1.033775	1.072397	0.491942	-0.920757	-0.658703	-0.272374
1.500000	-0.854719	0.948529	0.424744	-0.925126	-0.659751	-0.275149
1.520000	-0.677810	0.816233	0.354070	-0.929415	-0.661069	-0.277082
1.540000	-0.502855	0.676013	0.280454	-0.933538	-0.662582	-0.278181
1.560000	-0.329663	0.528373	0.204429	-0.937406	-0.664218	-0.278452
1.580000	-0.158042	0.373818	0.126529	-0.940932	-0.665904	-0.277905
1.600000	0.012201	0.212851	0.047286	-0.944027	-0.667566	-0.276545
1.620000	0.181258	0.045975	-0.032765	-0.946605	-0.669132	-0.274382
1.640000	0.349321	-0.126304	-0.113093	-0.948578	-0.670528	-0.271422
1.660000	0.516581	-0.303483	-0.193164	-0.949857	-0.671681	-0.267673
1.680000	0.683232	-0.485058	-0.272443	-0.950355	-0.672519	-0.263143
1.700000	0.849465	-0.670526	-0.350400	-0.949984	-0.672967	-0.257839
1.720000	1.015472	-0.859381	-0.426499	-0.948657	-0.672954	-0.251770
1.740000	1.181442	-1.051119	-0.500210	-0.946286	-0.672406	-0.244941
1.760000	1.347244	-1.244997	-0.571241	-0.942820	-0.671282	-0.237371
1.780000	1.512152	-1.439836	-0.639739	-0.938272	-0.669598	-0.229095
1.800000	1.675372	-1.634408	-0.705902	-0.932665	-0.667380	-0.220148
1.820000	1.836112	-1.827485	-0.769928	-0.926020	-0.664649	-0.210567
1.840000	1.993580	-2.017840	-0.832013	-0.918359	-0.661430	-0.200388
1.860000	2.146983	-2.204244	-0.892356	-0.909704	-0.657745	-0.189649
1.880000	2.295530	-2.385472	-0.951154	-0.900076	-0.653620	-0.178384
1.900000	2.438428	-2.560293	-1.008604	-0.889497	-0.649076	-0.166632
1.920000	2.574884	-2.727482	-1.064903	-0.877989	-0.644138	-0.154427
1.940000	2.704106	-2.885811	-1.120249	-0.865573	-0.638830	-0.141808
1.960000	2.825302	-3.034051	-1.174839	-0.852272	-0.633173	-0.128809
1.980000	2.937680	-3.170975	-1.228871	-0.838106	-0.627193	-0.115468
2.000000	3.040447	-3.295355	-1.282542	-0.823098	-0.620913	-0.101820
2.020000	3.132810	-3.405964	-1.336048	-0.807269	-0.614356	-0.087903
2.040000	3.213978	-3.501574	-1.389589	-0.790641	-0.607545	-0.073753
2.060000	3.283158	-3.580958	-1.443360	-0.773236	-0.600505	-0.059407
2.080000	3.339802	-3.643156	-1.497460	-0.755105	-0.593270	-0.044898
2.100000	3.384306	-3.688247	-1.551594	-0.736420	-0.585923	-0.030258
2.120000	3.417294	-3.716559	-1.605377	-0.717380	-0.578556	-0.015514
2.140000	3.439391	-3.728424	-1.658421	-0.698184	-0.571263	-0.000696
2.160000	3.451221	-3.724170	-1.710341	-0.679032	-0.564135	0.014168
2.180000	3.453408	-3.704125	-1.760750	-0.660122	-0.557267	0.029050
2.200000	3.446577	-3.668621	-1.809260	-0.641655	-0.550750	0.043920
2.220000	3.431351	-3.617986	-1.855486	-0.623829	-0.544679	0.058751
2.240000	3.408356	-3.552550	-1.899040	-0.606843	-0.539145	0.073513
2.260000	3.378215	-3.472641	-1.939537	-0.590897	-0.534242	0.088177
2.280000	3.341553	-3.378590	-1.976588	-0.576190	-0.530062	0.102717
2.300000	3.298994	-3.270726	-2.009809	-0.562922	-0.526699	0.117102
2.320000	3.251162	-3.149378	-2.038812	-0.551291	-0.524246	0.131304
2.340000	3.198681	-3.014875	-2.063210	-0.541498	-0.522795	0.145294
2.360000	3.142177	-2.867547	-2.082617	-0.533740	-0.522439	0.159045
2.380000	3.082114	-2.707962	-2.096611	-0.528170	-0.523243	0.172529
2.400000	3.018150	-2.537906	-2.104591	-0.524685	-0.525129	0.185727
2.420000	2.949684	-2.359552	-2.105898	-0.523106	-0.527974	0.198626
2.440000	2.876113	-2.175075	-2.099872	-0.523253	-0.531653	0.211209
2.460000	2.796838	-1.986650	-2.085856	-0.524944	-0.536043	0.223461
2.480000	2.711256	-1.796451	-2.063190	-0.528001	-0.541020	0.235368
2.500000	2.618766	-1.606652	-2.031215	-0.532241	-0.546461	0.246915
2.520000	2.518767	-1.419429	-1.989272	-0.537486	-0.552240	0.258085
2.540000	2.410657	-1.236955	-1.936703	-0.543554	-0.558236	0.268864
2.560000	2.293835	-1.061406	-1.872850	-0.550265	-0.564324	0.279237
2.580000	2.167699	-0.894955	-1.797051	-0.557439	-0.570380	0.289189
2.600000	2.031649	-0.739777	-1.708651	-0.564895	-0.576280	0.298704
2.620000	1.885083	-0.598047	-1.606988	-0.572453	-0.581901	0.307767
2.640000	1.727400	-0.471938	-1.491404	-0.579933	-0.587119	0.316363
2.660000	1.557998	-0.363627	-1.361242	-0.587154	-0.591811	0.324477
2.680000	1.376275	-0.275286	-1.215841	-0.593936	-0.595852	0.332094
2.700000	1.181632	-0.209091	-1.054543	-0.600098	-0.599118	0.339199
2.720000	0.973925	-0.165993	-0.877559	-0.605504	-0.601524	0.345759
