0.000000	0.819958	-3.052036	0.995134	0.899006	-0.172037	-0.243193
0.020000	0.850909	-2.943904	0.960771	0.903591	-0.172137	-0.250117
0.040000	0.875721	-2.824728	0.927317	0.909071	-0.172211	-0.256946
0.060000	0.894104	-2.696222	0.894489	0.915310	-0.172288	-0.263657
0.080000	0.905771	-2.560100	0.862003	0.922171	-0.172394	-0.270225
0.100000	0.910431	-2.418076	0.829575	0.929517	-0.172557	-0.276628
0.120000	0.907797	-2.271863	0.796924	0.937212	-0.172804	-0.282840
0.140000	0.897579	-2.123175	0.763766	0.945118	-0.173162	-0.288839
0.160000	0.879488	-1.973725	0.729818	0.953099	-0.173659	-0.294600
0.180000	0.853236	-1.825227	0.694796	0.961018	-0.174321	-0.300100
0.200000	0.818534	-1.679395	0.658418	0.968738	-0.175177	-0.305315
0.220000	0.775092	-1.537943	0.620400	0.976122	-0.176254	-0.310221
0.240000	0.722622	-1.402583	0.580460	0.983033	-0.177578	-0.314794
0.260000	0.660834	-1.275030	0.538314	0.989335	-0.179177	-0.319010
0.280000	0.589441	-1.156997	0.493678	0.994891	-0.181079	-0.322847
0.300000	0.508176	-1.050174	0.446281	0.999566	-0.183310	-0.326280
0.320000	0.417701	-0.955314	0.396261	1.003358	-0.185884	-0.329334
0.340000	0.319874	-0.871959	0.344287	1.006426	-0.188798	-0.332096
0.360000	0.216633	-0.799569	0.291063	1.008944	-0.192049	-0.334653
0.380000	0.109915	-0.737606	0.237294	1.011085	-0.195632	-0.337096
0.400000	0.001659	-0.685530	0.183685	1.013021	-0.199544	-0.339514
0.420000	-0.106197	-0.642804	0.130941	1.014926	-0.203781	-0.341995
0.440000	-0.211716	-0.608887	0.079766	1.016972	-0.208338	-0.344630
0.460000	-0.312959	-0.583242	0.030866	1.019332	-0.213212	-0.347508
0.480000	-0.407989	-0.565328	-0.015056	1.022180	-0.218399	-0.350717
0.500000	-0.494868	-0.554608	-0.057295	1.025687	-0.223894	-0.354348
0.520000	-0.571657	-0.550542	-0.095146	1.030026	-0.229694	-0.358489
0.540000	-0.636418	-0.552591	-0.127904	1.035372	-0.235795	-0.363230
0.560000	-0.687215	-0.560217	-0.154864	1.041895	-0.242193	-0.368660
0.580000	-0.722108	-0.572880	-0.175322	1.049769	-0.248884	-0.374869
0.600000	-0.739160	-0.590042	-0.188574	1.059168	-0.255864	-0.381946
0.620000	-0.736708	-0.611113	-0.194027	1.070234	-0.263123	-0.389963
0.640000	-0.715675	-0.635034	-0.192149	1.082838	-0.270604	-0.398835
0.660000	-0.678397	-0.660486	-0.183987	1.096699	-0.278219	-0.408392
0.680000	-0.627223	-0.686148	-0.170596	1.111537	-0.285882	-0.418461
0.700000	-0.564505	-0.710701	-0.153027	1.127070	-0.293507	-0.428871
0.720000	-0.492591	-0.732823	-0.132333	1.143017	-0.301008	-0.439450
0.740000	-0.413832	-0.751194	-0.109569	1.159097	-0.308297	-0.450026
0.760000	-0.330580	-0.764494	-0.085787	1.175028	-0.315290	-0.460427
0.780000	-0.245183	-0.771402	-0.062041	1.190529	-0.321898	-0.470481
0.800000	-0.159992	-0.770597	-0.039383	1.205319	-0.328036	-0.480016
0.820000	-0.077357	-0.760760	-0.018866	1.219116	-0.333618	-0.488861
0.840000	0.000371	-0.740569	-0.001544	1.231639	-0.338556	-0.496844
0.860000	0.070843	-0.708703	0.011530	1.242607	-0.342766	-0.503792
0.880000	0.131708	-0.663843	0.019303	1.251739	-0.346159	-0.509534
0.900000	0.180615	-0.604668	0.020722	1.258753	-0.348650	-0.513898
0.920000	0.215216	-0.529857	0.014733	1.263368	-0.350153	-0.516712
0.940000	0.233972	-0.438739	0.000629	1.265386	-0.350610	-0.517858
0.960000	0.238109	-0.332848	-0.021127	1.264893	-0.350067	-0.517403
0.980000	0.229440	-0.214187	-0.049822	1.262035	-0.348592	-0.515452
1.000000	0.209778	-0.084758	-0.084745	1.256957	-0.346251	-0.512109
1.020000	0.180936	0.053436	-0.125182	1.249804	-0.343111	-0.507480
1.040000	0.144725	0.198392	-0.170421	1.240724	-0.339238	-0.501669
1.060000	0.102958	0.348108	-0.219751	1.229861	-0.334700	-0.494783
1.080000	0.057448	0.500582	-0.272457	1.217362	-0.329564	-0.486926
1.100000	0.010007	0.653810	-0.327829	1.203372	-0.323897	-0.478203
1.120000	-0.037551	0.805790	-0.385153	1.188037	-0.317765	-0.468719
1.140000	-0.083415	0.954519	-0.443717	1.171502	-0.311236	-0.458580
1.160000	-0.125772	1.097996	-0.502809	1.153914	-0.304375	-0.447891
1.180000	-0.162809	1.234216	-0.561717	1.135419	-0.297252	-0.436756
1.200000	-0.192714	1.361178	-0.619727	1.116161	-0.289931	-0.425281
1.220000	-0.213674	1.476879	-0.676127	1.096288	-0.282480	-0.413571
1.240000	-0.223908	1.579345	-0.730212	1.075945	-0.274966	-0.401731
1.260000	-0.222968	1.667813	-0.781568	1.055297	-0.267448	-0.389858
1.280000	-0.212234	1.743180	-0.830177	1.034540	-0.259974	-0.378041
1.300000	-0.193215	1.806463	-0.876052	1.013868	-0.252591	-0.366365
1.320000	-0.167422	1.858676	-0.919206	0.993476	-0.245347	-0.354919
1.340000	-0.136363	1.900836	-0.959650	0.973561	-0.238289	-0.343789
1.360000	-0.101549	1.933957	-0.997397	0.954316	-0.231464	-0.333062
1.380000	-0.064490	1.959057	-1.032459	0.935939	-0.224920	-0.322825
1.400000	-0.026694	1.977150	-1.064848	0.918624	-0.218705	-0.313165
1.420000	0.010327	1.989252	-1.094576	0.902566	-0.212865	-0.304169
1.440000	0.045064	1.996379	-1.121656	0.887962	-0.207448	-0.295924
1.460000	0.076008	1.999546	-1.146100	0.875006	-0.202502	-0.288517
1.480000	0.101649	1.999770	-1.167921	0.863894	-0.198074	-0.282035
1.500000	0.120476	1.998065	-1.187129	0.854821	-0.194211	-0.276564
1.520000	0.130980	1.995449	-1.203738	0.847983	-0.190960	-0.272192
1.540000	0.131651	1.992935	-1.217760	0.843575	-0.188370	-0.269006
1.560000	0.121123	1.991481	-1.229212	0.841767	-0.186479	-0.267078
1.580000	0.099464	1.991432	-1.238169	0.842471	-0.185243	-0.266332
1.600000	0.067572	1.992785	-1.244737	0.845450	-0.184570	-0.266607
1.620000	0.026358	1.995532	-1.249021	0.850465	-0.184366	-0.267740
1.640000	-0.023269	1.999665	-1.251129	0.857277	-0.184538	-0.269571
1.660000	-0.080402	2.005174	-1.251167	0.865649	-0.184993	-0.271935
1.680000	-0.144130	2.012053	-1.249242	0.875340	-0.185639	-0.274672
1.700000	-0.213544	2.020293	-1.245460	0.886112	-0.186382	-0.277618
1.720000	-0.287736	2.029885	-1.239928	0.897726	-0.187129	-0.280612
1.740000	-0.365796	2.040821	-1.232752	0.909945	-0.187787	-0.283491
1.760000	-0.446816	2.053093	-1.224039	0.922527	-0.188264	-0.286093
1.780000	-0.529885	2.066693	-1.213896	0.935236	-0.188465	-0.288256
1.800000	-0.614096	2.081612	-1.202428	0.947833	-0.188297	-0.289817
1.820000	-0.698538	2.097843	-1.189743	0.960077	-0.187669	-0.290615
1.840000	-0.782303	2.115376	-1.175947	0.971732	-0.186487	-0.290486
1.860000	-0.864482	2.134204	-1.161146	0.982557	-0.184657	-0.289269
1.880000	-0.944170	2.154298	-1.145444	0.992319	-0.182089	-0.286806
1.900000	-1.020579	2.175027	-1.128833	1.000924	-0.178786	-0.283071
1.920000	-1.093052	2.195082	-1.111182	1.008431	-0.174848	-0.278188
1.940000	-1.160941	2.213117	-1.092354	1.014913	-0.170384	-0.272287
1.960000	-1.223597	2.227787	-1.072209	1.020439	-0.165503	-0.265499
1.980000	-1.280372	2.237746	-1.050611	1.025078	-0.160313	-0.257957
2.000000	-1.330616	2.241648	-1.027422	1.028902	-0.154922	-0.249790
2.020000	-1.373680	2.238147	-1.002503	1.031980	-0.149439	-0.241130
2.040000	-1.408917	2.225898	-0.975717	1.034383	-0.143971	-0.232108
2.060000	-1.435676	2.203555	-0.946927	1.036181	-0.138627	-0.222856
2.080000	-1.453309	2.169773	-0.915993	1.037443	-0.133514	-0.213503
2.100000	-1.461167	2.123205	-0.882780	1.038241	-0.128743	-0.204183
2.120000	-1.458602	2.062506	-0.847147	1.038643	-0.124419	-0.195025
2.140000	-1.444965	1.986331	-0.808959	1.038721	-0.120653	-0.186160
2.160000	-1.419606	1.893333	-0.768076	1.038544	-0.117551	-0.177721
2.180000	-1.381893	1.782196	-0.724364	1.038182	-0.115222	-0.169836
2.200000	-1.332035	1.653008	-0.677818	1.037679	-0.113700	-0.162588
2.220000	-1.271447	1.507889	-0.628619	1.037038	-0.112918	-0.155987
2.240000	-1.201641	1.349113	-0.576964	1.036262	-0.112801	-0.150037
2.260000	-1.124128	1.178958	-0.523050	1.035351	-0.113273	-0.144744
2.280000	-1.040418	0.999698	-0.467074	1.034309	-0.114259	-0.140113
2.300000	-0.952022	0.813610	-0.409233	1.033136	-0.115685	-0.136150
2.320000	-0.860452	0.622971	-0.349723	1.031834	-0.117474	-0.132858
2.340000	-0.767219	0.430055	-0.288740	1.030405	-0.119552	-0.130244
2.360000	-0.673832	0.237139	-0.226482	1.028850	-0.121843	-0.128312
2.380000	-0.581805	0.046499	-0.163146	1.027172	-0.124271	-0.127067
2.400000	-0.492646	-0.139590	-0.098927	1.025372	-0.126762	-0.126515
2.420000	-0.407867	-0.318850	-0.034024	1.023451	-0.129241	-0.126661
2.440000	-0.328980	-0.489007	0.031369	1.021411	-0.131631	-0.127509
2.460000	-0.257495	-0.647784	0.097053	1.019255	-0.133858	-0.129064
2.480000	-0.194923	-0.792906	0.162832	1.016983	-0.135847	-0.131333
2.500000	-0.142775	-0.922096	0.228510	1.014597	-0.137521	-0.134319
2.520000	-0.102496	-1.033165	0.293885	1.012100	-0.138810	-0.138026
2.540000	-0.074185	-1.125707	0.358688	1.009492	-0.139700	-0.142402
2.560000	-0.056687	-1.200978	0.422582	1.006775	-0.140235	-0.147347
2.580000	-0.048795	-1.260300	0.485228	1.003950	-0.140461	-0.152758
2.600000	-0.049303	-1.304993	0.546286	1.001018	-0.140425	-0.158534
2.620000	-0.057008	-1.336377	0.605418	0.997981	-0.140172	-0.164571
2.640000	-0.070703	-1.355775	0.662283	0.994840	-0.139748	-0.170767
2.660000	-0.089183	-1.364506	0.716544	0.991597	-0.139198	-0.177020
2.680000	-0.111243	-1.363892	0.767860	0.988253	-0.138570	-0.183227
2.700000	-0.135678	-1.355253	0.815893	0.984808	-0.137909	-0.189285
2.720000	-0.161283	-1.339910	0.860303	0.981265	-0.137261	-0.195093
2.740000	-0.186851	-1.319183	0.900752	0.977625	-0.136671	-0.200547
2.760000	-0.211178	-1.294395	0.936899	0.973888	-0.136187	-0.205546
2.780000	-0.233059	-1.266865	0.968407	0.970057	-0.135853	-0.209986
2.800000	-0.251288	-1.237915	0.994935	0.966133	-0.135715	-0.213766
2.820000	-0.264682	-1.208857	1.016156	0.962118	-0.135820	-0.216785
2.840000	-0.272765	-1.180768	1.032083	0.958054	-0.136183	-0.219032
2.860000	-0.275905	-1.154438	1.043141	0.954032	-0.136788	-0.220599
2.880000	-0.274520	-1.130643	1.049777	0.950143	-0.137616	-0.221586
2.900000	-0.269024	-1.110157	1.052439	0.946481	-0.138650	-0.222091
2.920000	-0.259836	-1.093756	1.051573	0.943138	-0.139870	-0.222213
2.940000	-0.247373	-1.082214	1.047628	0.940206	-0.141257	-0.222051
2.960000	-0.232050	-1.076306	1.041050	0.937778	-0.142794	-0.221703
2.980000	-0.214285	-1.076808	1.032288	0.935946	-0.144462	-0.221270
3.000000	-0.194494	-1.084493	1.021789	0.934803	-0.146241	-0.220849
3.020000	-0.173095	-1.100138	1.010000	0.934442	-0.148114	-0.220540
3.040000	-0.150504	-1.124518	0.997369	0.934954	-0.150062	-0.220442
