0.000000	-0.013654	-2.026861	0.298882	0.926280	-0.228631	-0.236635
0.020000	0.007069	-2.109394	0.319871	0.919172	-0.230791	-0.238816
0.040000	0.019646	-2.183549	0.347490	0.913087	-0.231861	-0.241567
0.060000	0.023421	-2.248057	0.382558	0.908191	-0.231713	-0.244961
0.080000	0.018393	-2.302563	0.425116	0.904535	-0.230342	-0.249024
0.100000	0.005332	-2.347806	0.474274	0.902036	-0.227889	-0.253728
0.120000	-0.014946	-2.384589	0.529091	0.900603	-0.224504	-0.259040
0.140000	-0.041626	-2.413715	0.588623	0.900144	-0.220336	-0.264929
0.160000	-0.073892	-2.435986	0.651928	0.900570	-0.215535	-0.271364
0.180000	-0.110927	-2.452205	0.718064	0.901788	-0.210252	-0.278312
0.200000	-0.151916	-2.463175	0.786087	0.903707	-0.204635	-0.285742
0.220000	-0.196042	-2.469699	0.855056	0.906236	-0.198835	-0.293622
0.240000	-0.242491	-2.472580	0.924027	0.909284	-0.193001	-0.301920
0.260000	-0.290445	-2.472621	0.992057	0.912760	-0.187284	-0.310605
0.280000	-0.339090	-2.470623	1.058206	0.916573	-0.181833	-0.319644
0.300000	-0.387608	-2.467391	1.121528	0.920631	-0.176797	-0.329007
0.320000	-0.435185	-2.463727	1.181083	0.924843	-0.172327	-0.338660
0.340000	-0.481005	-2.460434	1.235928	0.929119	-0.168572	-0.348574
0.360000	-0.524250	-2.458314	1.285119	0.933366	-0.165683	-0.358715
0.380000	-0.564107	-2.458169	1.327715	0.937494	-0.163808	-0.369052
0.400000	-0.599910	-2.460194	1.362973	0.941445	-0.163033	-0.379553
0.420000	-0.631353	-2.463158	1.390618	0.945239	-0.163295	-0.390182
0.440000	-0.658178	-2.465620	1.410445	0.948905	-0.164505	-0.400904
0.460000	-0.680129	-2.466143	1.422247	0.952476	-0.166577	-0.411682
0.480000	-0.696951	-2.463286	1.425818	0.955983	-0.169425	-0.422483
0.500000	-0.708388	-2.455610	1.420952	0.959455	-0.172961	-0.433269
0.520000	-0.714183	-2.441676	1.407443	0.962925	-0.177099	-0.444007
0.540000	-0.714080	-2.420045	1.385085	0.966423	-0.181753	-0.454659
0.560000	-0.707823	-2.389277	1.353672	0.969980	-0.186835	-0.465192
0.580000	-0.695156	-2.347933	1.312997	0.973627	-0.192259	-0.475568
0.600000	-0.675823	-2.294574	1.262855	0.977396	-0.197938	-0.485753
0.620000	-0.649568	-2.227761	1.203039	0.981316	-0.203786	-0.495712
0.640000	-0.616135	-2.146054	1.133344	0.985420	-0.209715	-0.505408
0.660000	-0.575268	-2.048014	1.053562	0.989737	-0.215639	-0.514806
0.680000	-0.526710	-1.932202	0.963489	0.994299	-0.221472	-0.523872
0.700000	-0.470205	-1.797179	0.862918	0.999138	-0.227125	-0.532568
0.720000	-0.405775	-1.642101	0.751969	1.004269	-0.232528	-0.540863
0.740000	-0.334828	-1.469118	0.632397	1.009638	-0.237674	-0.548737
0.760000	-0.259206	-1.281310	0.506469	1.015171	-0.242580	-0.556176
0.780000	-0.180753	-1.081761	0.376453	1.020789	-0.247263	-0.563164
0.800000	-0.101311	-0.873553	0.244613	1.026419	-0.251739	-0.569688
0.820000	-0.022722	-0.659769	0.113217	1.031982	-0.256025	-0.575731
0.840000	0.053170	-0.443491	-0.015468	1.037403	-0.260138	-0.581279
0.860000	0.124523	-0.227803	-0.139176	1.042606	-0.264094	-0.586318
0.880000	0.189494	-0.015785	-0.255640	1.047514	-0.267910	-0.590832
0.900000	0.246241	0.189478	-0.362594	1.052053	-0.271602	-0.594806
0.920000	0.292921	0.384904	-0.457770	1.056144	-0.275188	-0.598226
0.940000	0.327690	0.567411	-0.538903	1.059713	-0.278682	-0.601077
0.960000	0.348707	0.733916	-0.603726	1.062683	-0.282103	-0.603344
0.980000	0.354129	0.881336	-0.649971	1.064977	-0.285467	-0.605012
1.000000	0.342113	1.006590	-0.675374	1.066521	-0.288790	-0.606067
1.020000	0.310830	1.106606	-0.677679	1.067237	-0.292089	-0.606493
1.040000	0.260044	1.179862	-0.656229	1.067119	-0.295377	-0.606303
1.060000	0.192600	1.227822	-0.613449	1.066286	-0.298660	-0.605560
1.080000	0.111697	1.252290	-0.552115	1.064875	-0.301945	-0.604335
1.100000	0.020531	1.255072	-0.475004	1.063023	-0.305238	-0.602697
1.120000	-0.077701	1.237974	-0.384894	1.060866	-0.308544	-0.600717
1.140000	-0.179800	1.202801	-0.284560	1.058539	-0.311869	-0.598463
1.160000	-0.282571	1.151358	-0.176781	1.056178	-0.315219	-0.596007
1.180000	-0.382814	1.085451	-0.064332	1.053921	-0.318599	-0.593416
1.200000	-0.477333	1.006885	0.050008	1.051903	-0.322017	-0.590763
1.220000	-0.562931	0.917465	0.163464	1.050260	-0.325477	-0.588115
1.240000	-0.636410	0.818998	0.273259	1.049128	-0.328985	-0.585544
1.260000	-0.694573	0.713287	0.376615	1.048644	-0.332548	-0.583118
1.280000	-0.734222	0.602140	0.470756	1.048944	-0.336170	-0.580908
1.300000	-0.752161	0.487360	0.552904	1.050164	-0.339859	-0.578983
1.320000	-0.745195	0.370754	0.620286	1.052439	-0.343620	-0.577414
1.340000	-0.711805	0.254043	0.671089	1.055816	-0.347440	-0.576237
1.360000	-0.654663	0.138743	0.705912	1.060115	-0.351266	-0.575406
1.380000	-0.577088	0.026337	0.725727	1.065121	-0.355035	-0.574863
1.400000	-0.482400	-0.081691	0.731505	1.070620	-0.358685	-0.574549
1.420000	-0.373916	-0.183859	0.724218	1.076397	-0.362154	-0.574406
1.440000	-0.254956	-0.278683	0.704837	1.082238	-0.365381	-0.574376
1.460000	-0.128840	-0.364681	0.674334	1.087927	-0.368303	-0.574400
1.480000	0.001113	-0.440368	0.633679	1.093251	-0.370859	-0.574419
1.500000	0.131586	-0.504263	0.583845	1.097995	-0.372987	-0.574376
1.520000	0.259258	-0.554880	0.525803	1.101944	-0.374624	-0.574211
1.540000	0.380810	-0.590739	0.460524	1.104883	-0.375709	-0.573867
1.560000	0.492924	-0.610354	0.388979	1.106598	-0.376181	-0.573284
1.580000	0.592280	-0.612244	0.312140	1.106875	-0.375976	-0.572405
1.600000	0.675559	-0.594924	0.230979	1.105499	-0.375033	-0.571171
1.620000	0.739442	-0.556912	0.146466	1.102254	-0.373291	-0.569523
1.640000	0.780611	-0.496725	0.059574	1.096928	-0.370687	-0.567403
1.660000	0.795783	-0.412904	-0.028729	1.089307	-0.367160	-0.564753
1.680000	0.784077	-0.305661	-0.117633	1.079371	-0.362716	-0.561551
1.700000	0.748424	-0.177852	-0.206580	1.067400	-0.357461	-0.557831
1.720000	0.692094	-0.032570	-0.295035	1.053701	-0.351515	-0.553632
1.740000	0.618356	0.127093	-0.382462	1.038582	-0.344993	-0.548993
1.760000	0.530480	0.298045	-0.468328	1.022350	-0.338014	-0.543952
1.780000	0.431735	0.477192	-0.552095	1.005312	-0.330695	-0.538550
1.800000	0.325392	0.661442	-0.633230	0.987776	-0.323153	-0.532825
1.820000	0.214719	0.847704	-0.711197	0.970049	-0.315507	-0.526817
1.840000	0.102987	1.032883	-0.785460	0.952438	-0.307873	-0.520563
1.860000	-0.006535	1.213889	-0.855485	0.935250	-0.300369	-0.514104
1.880000	-0.110578	1.387627	-0.920736	0.918794	-0.293113	-0.507479
1.900000	-0.205871	1.551007	-0.980678	0.903376	-0.286222	-0.500726
1.920000	-0.289145	1.700935	-1.034776	0.889303	-0.279813	-0.493885
1.940000	-0.357131	1.834319	-1.082495	0.876883	-0.274003	-0.486995
1.960000	-0.406569	1.948077	-1.123301	0.866422	-0.268911	-0.480094
1.980000	-0.435881	2.040726	-1.156906	0.858086	-0.264588	-0.473212
2.000000	-0.446918	2.114051	-1.183527	0.851752	-0.260953	-0.466353
2.020000	-0.441949	2.170237	-1.203441	0.847259	-0.257909	-0.459521
2.040000	-0.423247	2.211469	-1.216924	0.844451	-0.255358	-0.452720
2.060000	-0.393082	2.239930	-1.224255	0.843169	-0.253204	-0.445952
2.080000	-0.353725	2.257806	-1.225709	0.843254	-0.251349	-0.439221
2.100000	-0.307446	2.267282	-1.221566	0.844547	-0.249697	-0.432530
2.120000	-0.256517	2.270541	-1.212101	0.846890	-0.248149	-0.425883
2.140000	-0.203208	2.269770	-1.197592	0.850125	-0.246609	-0.419282
2.160000	-0.149791	2.267151	-1.178317	0.854093	-0.244980	-0.412731
2.180000	-0.098536	2.264871	-1.154552	0.858635	-0.243165	-0.406233
2.200000	-0.051713	2.265113	-1.126575	0.863592	-0.241065	-0.399791
2.220000	-0.011594	2.270062	-1.094662	0.868807	-0.238585	-0.393409
2.240000	0.019550	2.281903	-1.059092	0.874121	-0.235627	-0.387089
2.260000	0.039449	2.302821	-1.020142	0.879375	-0.232093	-0.380836
2.280000	0.045831	2.335000	-0.978088	0.884411	-0.227887	-0.374651
2.300000	0.037299	2.379306	-0.933372	0.889122	-0.222957	-0.368532
2.320000	0.016190	2.430958	-0.887136	0.893628	-0.217442	-0.362439
2.340000	-0.014160	2.483665	-0.840711	0.898106	-0.211534	-0.356326
2.360000	-0.050413	2.531134	-0.795428	0.902737	-0.205425	-0.350146
2.380000	-0.089233	2.567075	-0.752617	0.907698	-0.199307	-0.343851
2.400000	-0.127282	2.585194	-0.713608	0.913168	-0.193372	-0.337396
2.420000	-0.161224	2.579200	-0.679732	0.919327	-0.187811	-0.330732
2.440000	-0.187721	2.542802	-0.652319	0.926353	-0.182816	-0.323814
2.460000	-0.203841	2.470904	-0.632464	0.934390	-0.178553	-0.316606
2.480000	-0.209207	2.365960	-0.619765	0.943358	-0.175027	-0.309152
2.500000	-0.204432	2.233355	-0.613242	0.953094	-0.172180	-0.301523
2.520000	-0.190134	2.078482	-0.611913	0.963431	-0.169954	-0.293795
2.540000	-0.166928	1.906734	-0.614797	0.974204	-0.168290	-0.286039
2.560000	-0.135432	1.723502	-0.620912	0.985250	-0.167131	-0.278328
2.580000	-0.096261	1.534179	-0.629276	0.996401	-0.166419	-0.270737
2.600000	-0.050032	1.344157	-0.638906	1.007493	-0.166096	-0.263337
2.620000	0.002639	1.158829	-0.648822	1.018361	-0.166103	-0.256202
2.640000	0.061135	0.983587	-0.658040	1.028840	-0.166382	-0.249406
2.660000	0.124839	0.823824	-0.665581	1.038764	-0.166876	-0.243020
2.680000	0.193135	0.684931	-0.670460	1.047969	-0.167526	-0.237119
2.700000	0.265408	0.572300	-0.671698	1.056288	-0.168274	-0.231776
2.720000	0.340932	0.489728	-0.668574	1.063600	-0.169074	-0.227042
2.740000	0.418649	0.435968	-0.661194	1.069916	-0.169914	-0.222905
2.760000	0.497432	0.408784	-0.649830	1.075273	-0.170791	-0.219340
2.780000	0.576154	0.405940	-0.634751	1.079710	-0.171701	-0.216321
2.800000	0.653689	0.425197	-0.616228	1.083265	-0.172639	-0.213822
2.820000	0.728911	0.464319	-0.594529	1.085976	-0.173602	-0.211818
2.840000	0.800692	0.521069	-0.569926	1.087880	-0.174586	-0.210283
2.860000	0.867908	0.593209	-0.542688	1.089015	-0.175586	-0.209192
2.880000	0.929430	0.678504	-0.513085	1.089419	-0.176600	-0.208519
2.900000	0.984133	0.774714	-0.481388	1.089131	-0.177623	-0.208238
2.920000	1.030890	0.879605	-0.447865	1.088188	-0.178651	-0.208324
2.940000	1.068575	0.990938	-0.412788	1.086628	-0.179680	-0.208751
2.960000	1.096062	1.106476	-0.376426	1.084489	-0.180706	-0.209494
2.980000	1.112223	1.223983	-0.339049	1.081809	-0.181726	-0.210527
3.000000	1.115932	1.341221	-0.300927	1.078625	-0.182735	-0.211825
3.020000	1.106064	1.455954	-0.262331	1.074976	-0.183730	-0.213362
3.040000	1.081491	1.565944	-0.223530	1.070900	-0.184706	-0.215112
3.060000	1.041087	1.668954	-0.184794	1.066434	-0.185660	-0.217049
3.080000	0.983726	1.762748	-0.146393	1.061617	-0.186588	-0.219149
3.100000	0.908280	1.845087	-0.108597	1.056486	-0.187486	-0.221386
3.120000	0.813625	1.913736	-0.071677	1.051080	-0.188349	-0.223734
3.140000	0.698632	1.966457	-0.035901	1.045435	-0.189174	-0.226167
3.160000	0.562177	2.001012	-0.001541	1.039591	-0.189958	-0.228660
3.180000	0.403132	2.015166	0.031133	1.033584	-0.190695	-0.231187
3.200000	0.220370	2.006681	0.061853	1.027454	-0.191383	-0.233723
3.220000	0.012766	1.973319	0.090347	1.021237	-0.192017	-0.236242
3.240000	-0.220753	1.912887	0.116351	1.014972	-0.192593	-0.238719
3.260000	-0.478803	1.825094	0.139809	1.008677	-0.193105	-0.241139
