0.000000	1.078719	2.495634	-0.137537	1.064498	-0.202355	-0.289342
0.020000	0.483652	2.581219	-0.311750	1.044402	-0.206900	-0.275339
0.040000	-0.118808	2.620550	-0.488386	1.025748	-0.211259	-0.261362
0.060000	-0.719203	2.616500	-0.663188	1.008890	-0.215363	-0.247665
0.080000	-1.308078	2.571941	-0.831903	0.994184	-0.219143	-0.234499
0.100000	-1.875976	2.489744	-0.990274	0.981982	-0.222529	-0.222117
0.120000	-2.413441	2.372782	-1.134048	0.972639	-0.225452	-0.210771
0.140000	-2.911016	2.223926	-1.258968	0.966510	-0.227843	-0.200714
0.160000	-3.359247	2.046050	-1.360780	0.963948	-0.229632	-0.192198
0.180000	-3.748676	1.842025	-1.435228	0.965308	-0.230751	-0.185476
0.200000	-4.069848	1.614722	-1.478058	0.970943	-0.231129	-0.180800
0.220000	-4.313306	1.367014	-1.485015	0.981209	-0.230698	-0.178422
0.240000	-4.470715	1.101806	-1.452455	0.996383	-0.229399	-0.178559
0.260000	-4.543128	0.822263	-1.381851	1.016105	-0.227257	-0.181119
0.280000	-4.536271	0.531686	-1.277227	1.039698	-0.224340	-0.185859
0.300000	-4.455907	0.233374	-1.142625	1.066481	-0.220717	-0.192533
0.320000	-4.307797	-0.069373	-0.982085	1.095775	-0.216456	-0.200899
0.340000	-4.097704	-0.373253	-0.799650	1.126898	-0.211626	-0.210709
0.360000	-3.831389	-0.674968	-0.599362	1.159172	-0.206295	-0.221721
0.380000	-3.514616	-0.971218	-0.385261	1.191916	-0.200531	-0.233689
0.400000	-3.153144	-1.258701	-0.161391	1.224450	-0.194404	-0.246368
0.420000	-2.752738	-1.534119	0.068208	1.256094	-0.187980	-0.259513
0.440000	-2.319158	-1.794170	0.299493	1.286168	-0.181330	-0.272881
0.460000	-1.858167	-2.035555	0.528423	1.313991	-0.174520	-0.286225
0.480000	-1.375526	-2.254974	0.750956	1.338885	-0.167620	-0.299303
0.500000	-0.876998	-2.449127	0.963050	1.360168	-0.160699	-0.311867
0.520000	-0.368345	-2.614714	1.160665	1.377161	-0.153823	-0.323675
0.540000	0.144672	-2.748434	1.339757	1.389183	-0.147062	-0.334481
0.560000	0.656308	-2.847111	1.496382	1.395580	-0.140485	-0.344045
0.580000	1.161208	-2.910312	1.628742	1.396258	-0.134156	-0.352242
0.600000	1.654400	-2.940292	1.737141	1.391675	-0.128139	-0.359056
0.620000	2.130928	-2.939417	1.821973	1.382310	-0.122495	-0.364478
0.640000	2.585835	-2.910053	1.883629	1.368642	-0.117289	-0.368496
0.660000	3.014166	-2.854567	1.922502	1.351151	-0.112582	-0.371101
0.680000	3.410963	-2.775325	1.938985	1.330316	-0.108438	-0.372283
0.700000	3.771270	-2.674695	1.933470	1.306619	-0.104919	-0.372030
0.720000	4.090131	-2.555042	1.906350	1.280537	-0.102087	-0.370333
0.740000	4.362590	-2.418733	1.858018	1.252551	-0.100006	-0.367181
0.760000	4.583689	-2.268135	1.788865	1.223140	-0.098738	-0.362564
0.780000	4.748474	-2.105615	1.699285	1.192785	-0.098346	-0.356473
0.800000	4.851986	-1.933538	1.589671	1.161964	-0.098892	-0.348895
0.820000	4.889271	-1.754272	1.460414	1.131157	-0.100440	-0.339822
0.840000	4.855371	-1.570182	1.311907	1.100844	-0.103052	-0.329243
0.860000	4.745330	-1.383636	1.144543	1.071505	-0.106791	-0.317147
0.880000	4.554231	-1.196999	0.958725	1.043619	-0.111718	-0.303525
0.900000	4.281662	-1.012500	0.756035	1.017553	-0.117814	-0.288483
0.920000	3.935873	-0.832104	0.540322	0.993463	-0.124899	-0.272344
0.940000	3.526094	-0.657747	0.315693	0.971482	-0.132775	-0.255457
0.960000	3.061556	-0.491365	0.086252	0.951741	-0.141245	-0.238172
0.980000	2.551488	-0.334894	-0.143893	0.934372	-0.150112	-0.220838
1.000000	2.005121	-0.190270	-0.370636	0.919507	-0.159179	-0.203804
1.020000	1.431685	-0.059429	-0.589872	0.907278	-0.168248	-0.187419
1.040000	0.840412	0.055692	-0.797494	0.897817	-0.177123	-0.172033
1.060000	0.240531	0.153159	-0.989397	0.891255	-0.185605	-0.157993
1.080000	-0.358728	0.231035	-1.161473	0.887725	-0.193498	-0.145651
1.100000	-0.948133	0.287384	-1.309618	0.887359	-0.200603	-0.135353
1.120000	-1.518455	0.320270	-1.429725	0.890287	-0.206725	-0.127451
1.140000	-2.060463	0.327758	-1.517688	0.896643	-0.211666	-0.122293
1.160000	-2.564927	0.307911	-1.569400	0.906558	-0.215227	-0.120228
1.180000	-3.022616	0.258793	-1.580757	0.920164	-0.217213	-0.121605
1.200000	-3.424592	0.178625	-1.547981	0.937571	-0.217442	-0.126746
1.220000	-3.766652	0.068165	-1.472647	0.958541	-0.216002	-0.135528
1.240000	-4.048424	-0.069771	-1.360658	0.982556	-0.213200	-0.147470
1.260000	-4.269651	-0.232310	-1.218046	1.009086	-0.209346	-0.162080
1.280000	-4.430072	-0.416578	-1.050842	1.037604	-0.204753	-0.178864
1.300000	-4.529430	-0.619703	-0.865075	1.067583	-0.199734	-0.197330
1.320000	-4.567464	-0.838809	-0.666776	1.098494	-0.194599	-0.216986
1.340000	-4.543916	-1.071023	-0.461976	1.129809	-0.189661	-0.237339
1.360000	-4.458527	-1.313472	-0.256705	1.161001	-0.185233	-0.257897
1.380000	-4.311037	-1.563281	-0.056993	1.191541	-0.181625	-0.278168
1.400000	-4.101188	-1.817578	0.131129	1.220903	-0.179150	-0.297659
1.420000	-3.828720	-2.073487	0.301631	1.248557	-0.178120	-0.315877
1.440000	-3.493374	-2.328136	0.448482	1.273976	-0.178846	-0.332331
1.460000	-3.094891	-2.578651	0.565651	1.296633	-0.181642	-0.346527
1.480000	-2.633012	-2.822158	0.647110	1.315999	-0.186818	-0.357974
1.500000	-2.107478	-3.055783	0.686826	1.331546	-0.194687	-0.366178
1.520000	-1.518123	-3.276656	0.678835	1.342753	-0.205556	-0.370654
1.540000	-0.870716	-3.482104	0.621289	1.349462	-0.219441	-0.371293
1.560000	-0.180385	-3.669764	0.518843	1.352096	-0.235898	-0.368588
1.580000	0.536913	-3.837303	0.376722	1.351125	-0.254442	-0.363082
1.600000	1.265224	-3.982387	0.200152	1.347022	-0.274588	-0.355319
1.620000	1.988592	-4.102682	-0.005640	1.340257	-0.295852	-0.345841
1.640000	2.691062	-4.195853	-0.235429	1.331303	-0.317749	-0.335194
1.660000	3.356678	-4.259568	-0.483988	1.320632	-0.339793	-0.323921
1.680000	3.969486	-4.291490	-0.746092	1.308715	-0.361501	-0.312566
