0.000000	-0.155054	-1.668750	0.637279	0.957143	-0.137467	-0.255204
0.020000	-0.244116	-1.649807	0.725589	0.958704	-0.132551	-0.256392
0.040000	-0.341265	-1.625173	0.814890	0.960631	-0.127621	-0.257530
0.060000	-0.444069	-1.597638	0.904294	0.962859	-0.122790	-0.258686
0.080000	-0.550098	-1.569994	0.992912	0.965319	-0.118173	-0.259925
0.100000	-0.656920	-1.545035	1.079854	0.967946	-0.113883	-0.261315
0.120000	-0.762105	-1.525550	1.164230	0.970673	-0.110035	-0.262922
0.140000	-0.863223	-1.514333	1.245153	0.973432	-0.106742	-0.264811
0.160000	-0.957842	-1.514175	1.321731	0.976158	-0.104118	-0.267051
0.180000	-1.043532	-1.527869	1.393077	0.978783	-0.102279	-0.269706
0.200000	-1.117862	-1.558205	1.458301	0.981241	-0.101336	-0.272845
0.220000	-1.178401	-1.607976	1.516514	0.983465	-0.101405	-0.276532
0.240000	-1.222719	-1.679974	1.566827	0.985388	-0.102600	-0.280835
0.260000	-1.248384	-1.776990	1.608350	0.986943	-0.105034	-0.285820
0.280000	-1.253261	-1.901349	1.640272	0.988069	-0.108805	-0.291545
0.300000	-1.238065	-2.050850	1.662546	0.988760	-0.113852	-0.297986
0.320000	-1.205108	-2.220756	1.675550	0.989039	-0.120027	-0.305074
0.340000	-1.156722	-2.406300	1.679667	0.988931	-0.127177	-0.312738
0.360000	-1.095239	-2.602717	1.675281	0.988460	-0.135153	-0.320909
0.380000	-1.022989	-2.805242	1.662775	0.987649	-0.143805	-0.329516
0.400000	-0.942302	-3.009108	1.642532	0.986524	-0.152981	-0.338488
0.420000	-0.855511	-3.209550	1.614935	0.985108	-0.162531	-0.347756
0.440000	-0.764947	-3.401803	1.580369	0.983425	-0.172305	-0.357250
0.460000	-0.672939	-3.581101	1.539216	0.981499	-0.182151	-0.366898
0.480000	-0.581820	-3.742677	1.491859	0.979356	-0.191920	-0.376632
0.500000	-0.493921	-3.881767	1.438682	0.977018	-0.201461	-0.386381
0.520000	-0.411572	-3.993605	1.380069	0.974511	-0.210624	-0.396075
0.540000	-0.337105	-4.073425	1.316402	0.971857	-0.219257	-0.405643
0.560000	-0.272850	-4.116461	1.248065	0.969082	-0.227210	-0.415015
0.580000	-0.220998	-4.118280	1.175449	0.966212	-0.234342	-0.424125
0.600000	-0.181844	-4.078952	1.099046	0.963303	-0.240624	-0.432953
0.620000	-0.154316	-4.001781	1.019424	0.960434	-0.246110	-0.441513
0.640000	-0.137313	-3.890144	0.937151	0.957682	-0.250857	-0.449821
0.660000	-0.129734	-3.747417	0.852794	0.955127	-0.254922	-0.457891
0.680000	-0.130479	-3.576977	0.766921	0.952847	-0.258359	-0.465739
0.700000	-0.138447	-3.382200	0.680102	0.950921	-0.261226	-0.473379
0.720000	-0.152537	-3.166462	0.592903	0.949428	-0.263577	-0.480826
0.740000	-0.171648	-2.933141	0.505894	0.948445	-0.265471	-0.488097
0.760000	-0.194680	-2.685613	0.419641	0.948052	-0.266962	-0.495205
0.780000	-0.220532	-2.427253	0.334714	0.948327	-0.268106	-0.502165
0.800000	-0.248102	-2.161439	0.251680	0.949349	-0.268961	-0.508994
0.820000	-0.276291	-1.891548	0.171108	0.951196	-0.269581	-0.515705
0.840000	-0.303996	-1.620955	0.093565	0.953947	-0.270024	-0.522314
0.860000	-0.330119	-1.353036	0.019620	0.957680	-0.270345	-0.528836
0.880000	-0.353556	-1.091170	-0.050159	0.962475	-0.270600	-0.535286
0.900000	-0.373219	-0.838709	-0.115206	0.968408	-0.270846	-0.541678
0.920000	-0.388461	-0.598000	-0.175023	0.975463	-0.271129	-0.548008
0.940000	-0.399262	-0.369977	-0.229213	0.983500	-0.271484	-0.554242
0.960000	-0.405649	-0.155468	-0.277382	0.992366	-0.271946	-0.560347
0.980000	-0.407648	0.044698	-0.319139	1.001911	-0.272548	-0.566286
1.000000	-0.405284	0.229692	-0.354092	1.011981	-0.273325	-0.572027
1.020000	-0.398584	0.398685	-0.381849	1.022427	-0.274310	-0.577532
1.040000	-0.387574	0.550850	-0.402019	1.033095	-0.275537	-0.582769
1.060000	-0.372280	0.685356	-0.414209	1.043835	-0.277040	-0.587702
1.080000	-0.352729	0.801375	-0.418028	1.054496	-0.278854	-0.592297
1.100000	-0.328945	0.898080	-0.413084	1.064924	-0.281012	-0.596518
1.120000	-0.300957	0.974640	-0.398985	1.074970	-0.283548	-0.600330
1.140000	-0.268789	1.030227	-0.375339	1.084480	-0.286496	-0.603700
1.160000	-0.232467	1.064012	-0.341755	1.093305	-0.289890	-0.606593
1.180000	-0.192019	1.075168	-0.297840	1.101291	-0.293764	-0.608973
1.200000	-0.147474	1.062878	-0.243212	1.108289	-0.298152	-0.610806
1.220000	-0.099277	1.027628	-0.178331	1.114204	-0.303039	-0.612075
1.240000	-0.048613	0.972231	-0.105173	1.119046	-0.308322	-0.612797
1.260000	0.003255	0.899747	-0.025868	1.122834	-0.313892	-0.612990
1.280000	0.055063	0.813232	0.057450	1.125589	-0.319638	-0.612673
1.300000	0.105549	0.715746	0.142651	1.127329	-0.325449	-0.611866
1.320000	0.153449	0.610345	0.227601	1.128076	-0.331214	-0.610586
1.340000	0.197501	0.500087	0.310169	1.127848	-0.336823	-0.608855
1.360000	0.236440	0.388032	0.388222	1.126666	-0.342166	-0.606689
1.380000	0.269005	0.277235	0.459628	1.124550	-0.347131	-0.604109
1.400000	0.293932	0.170756	0.522256	1.121519	-0.351608	-0.601134
1.420000	0.309958	0.071652	0.573973	1.117593	-0.355487	-0.597782
1.440000	0.315819	-0.017019	0.612647	1.112793	-0.358656	-0.594073
1.460000	0.310253	-0.092199	0.636146	1.107137	-0.361005	-0.590026
1.480000	0.291997	-0.150831	0.642338	1.100646	-0.362423	-0.585660
1.500000	0.259788	-0.189855	0.629090	1.093339	-0.362801	-0.580993
1.520000	0.212362	-0.206215	0.594272	1.085238	-0.362026	-0.576045
1.540000	0.149136	-0.197766	0.536593	1.076367	-0.360029	-0.570836
1.560000	0.072052	-0.165759	0.457894	1.066778	-0.356885	-0.565390
1.580000	-0.016366	-0.112228	0.360741	1.056530	-0.352704	-0.559731
1.600000	-0.113590	-0.039209	0.247702	1.045679	-0.347596	-0.553883
1.620000	-0.217096	0.051260	0.121342	1.034283	-0.341672	-0.547872
1.640000	-0.324356	0.157144	-0.015772	1.022398	-0.335042	-0.541722
1.660000	-0.432845	0.276407	-0.161073	1.010083	-0.327815	-0.535457
1.680000	-0.540037	0.407012	-0.311997	0.997395	-0.320103	-0.529102
1.700000	-0.643406	0.546924	-0.465975	0.984391	-0.312015	-0.522681
1.720000	-0.740425	0.694107	-0.620441	0.971128	-0.303661	-0.516219
1.740000	-0.828569	0.846524	-0.772830	0.957663	-0.295151	-0.509741
1.760000	-0.905311	1.002139	-0.920574	0.944055	-0.286596	-0.503271
1.780000	-0.968126	1.158917	-1.061107	0.930360	-0.278105	-0.496834
1.800000	-1.014488	1.314820	-1.191863	0.916636	-0.269789	-0.490454
1.820000	-1.041870	1.467814	-1.310276	0.902940	-0.261759	-0.484155
1.840000	-1.047746	1.615861	-1.413779	0.889329	-0.254123	-0.477963
1.860000	-1.030014	1.757052	-1.500077	0.875866	-0.246983	-0.471899
1.880000	-0.990000	1.890501	-1.569088	0.862654	-0.240360	-0.465959
1.900000	-0.930702	2.015820	-1.621803	0.849816	-0.234239	-0.460128
1.920000	-0.855125	2.132622	-1.659218	0.837474	-0.228603	-0.454390
1.940000	-0.766276	2.240524	-1.682333	0.825752	-0.223435	-0.448729
1.960000	-0.667163	2.339140	-1.692145	0.814772	-0.218719	-0.443131
1.980000	-0.560792	2.428084	-1.689652	0.804658	-0.214439	-0.437580
2.000000	-0.450169	2.506972	-1.675853	0.795532	-0.210578	-0.432059
2.020000	-0.338302	2.575419	-1.651745	0.787517	-0.207120	-0.426554
2.040000	-0.228197	2.633039	-1.618326	0.780736	-0.204049	-0.421048
2.060000	-0.122861	2.679447	-1.576594	0.775313	-0.201347	-0.415526
2.080000	-0.025300	2.714258	-1.527547	0.771369	-0.198999	-0.409973
2.100000	0.061477	2.737087	-1.472183	0.769029	-0.196989	-0.404373
2.120000	0.134466	2.747548	-1.411501	0.768414	-0.195298	-0.398710
2.140000	0.190659	2.745257	-1.346497	0.769649	-0.193913	-0.392969
2.160000	0.227048	2.729829	-1.278171	0.772855	-0.192815	-0.387134
2.180000	0.240761	2.700917	-1.207510	0.778148	-0.191988	-0.381191
2.200000	0.231732	2.659012	-1.135311	0.785464	-0.191416	-0.375151
2.220000	0.202586	2.605405	-1.062182	0.794572	-0.191079	-0.369051
2.240000	0.156055	2.541418	-0.988726	0.805233	-0.190958	-0.362928
2.260000	0.094870	2.468375	-0.915546	0.817207	-0.191036	-0.356820
2.280000	0.021765	2.387598	-0.843243	0.830255	-0.191293	-0.350764
2.300000	-0.060528	2.300410	-0.772419	0.844138	-0.191712	-0.344798
2.320000	-0.149279	2.208134	-0.703678	0.858618	-0.192272	-0.338959
2.340000	-0.241754	2.112092	-0.637620	0.873454	-0.192957	-0.333285
2.360000	-0.335221	2.013607	-0.574849	0.888409	-0.193746	-0.327812
2.380000	-0.426948	1.914002	-0.515967	0.903242	-0.194623	-0.322579
2.400000	-0.514204	1.814600	-0.461576	0.917716	-0.195567	-0.317623
2.420000	-0.594256	1.716723	-0.412278	0.931590	-0.196561	-0.312981
2.440000	-0.664371	1.621694	-0.368675	0.944626	-0.197586	-0.308691
2.460000	-0.721819	1.530837	-0.331370	0.956585	-0.198623	-0.304790
2.480000	-0.763922	1.445455	-0.300951	0.967232	-0.199654	-0.301315
2.500000	-0.789895	1.366252	-0.277522	0.976474	-0.200662	-0.298266
2.520000	-0.801259	1.293191	-0.260599	0.984392	-0.201635	-0.295601
2.540000	-0.799674	1.226196	-0.249662	0.991079	-0.202559	-0.293275
2.560000	-0.786801	1.165187	-0.244190	0.996626	-0.203422	-0.291242
2.580000	-0.764300	1.110086	-0.243663	1.001124	-0.204209	-0.289458
2.600000	-0.733832	1.060813	-0.247562	1.004666	-0.204908	-0.287878
2.620000	-0.697057	1.017291	-0.255364	1.007343	-0.205506	-0.286455
2.640000	-0.655636	0.979441	-0.266552	1.009247	-0.205990	-0.285145
2.660000	-0.611229	0.947183	-0.280603	1.010469	-0.206346	-0.283904
2.680000	-0.565497	0.920440	-0.296999	1.011101	-0.206563	-0.282685
2.700000	-0.520100	0.899133	-0.315218	1.011236	-0.206625	-0.281443
2.720000	-0.476698	0.883183	-0.334740	1.010964	-0.206521	-0.280134
2.740000	-0.436953	0.872511	-0.355045	1.010377	-0.206237	-0.278712
2.760000	-0.402525	0.867039	-0.375614	1.009568	-0.205761	-0.277131
2.780000	-0.375074	0.866688	-0.395925	1.008627	-0.205078	-0.275348
2.800000	-0.356258	0.871378	-0.415458	1.007647	-0.204176	-0.273317
2.820000	-0.347060	0.880766	-0.433784	1.006702	-0.203053	-0.271015
2.840000	-0.346817	0.893863	-0.450690	1.005827	-0.201731	-0.268476
2.860000	-0.354624	0.909584	-0.465994	1.005050	-0.200236	-0.265741
2.880000	-0.369573	0.926846	-0.479517	1.004400	-0.198595	-0.262853
2.900000	-0.390760	0.944565	-0.491077	1.003905	-0.196834	-0.259851
2.920000	-0.417278	0.961658	-0.500496	1.003593	-0.194980	-0.256780
2.940000	-0.448221	0.977038	-0.507591	1.003493	-0.193059	-0.253678
2.960000	-0.482682	0.989624	-0.512183	1.003634	-0.191097	-0.250589
2.980000	-0.519756	0.998331	-0.514091	1.004042	-0.189120	-0.247554
3.000000	-0.558537	1.002075	-0.513135	1.004748	-0.187156	-0.244615
3.020000	-0.598117	0.999772	-0.509134	1.005779	-0.185231	-0.241812
3.040000	-0.637592	0.990338	-0.501908	1.007164	-0.183370	-0.239188
3.060000	-0.676054	0.972689	-0.491275	1.008931	-0.181601	-0.236784
3.080000	-0.712599	0.945741	-0.477057	1.011109	-0.179950	-0.234642
3.100000	-0.746319	0.908410	-0.459072	1.013725	-0.178442	-0.232803
3.120000	-0.776308	0.859612	-0.437140	1.016809	-0.177106	-0.231310
3.140000	-0.801765	0.798491	-0.411122	1.020368	-0.175957	-0.230200
3.160000	-0.822425	0.725366	-0.381094	1.024305	-0.174966	-0.229500
3.180000	-0.838196	0.640933	-0.347200	1.028489	-0.174088	-0.229232
3.200000	-0.848985	0.545888	-0.309587	1.032789	-0.173279	-0.229419
3.220000	-0.854701	0.440926	-0.268400	1.037074	-0.172494	-0.230083
3.240000	-0.855251	0.326745	-0.223782	1.041212	-0.171688	-0.231245
3.260000	-0.850544	0.204039	-0.175879	1.045073	-0.170816	-0.232928
3.280000	-0.840486	0.073505	-0.124836	1.048526	-0.169833	-0.235153
3.300000	-0.824986	-0.064161	-0.070798	1.051440	-0.168695	-0.237944
3.320000	-0.803952	-0.208262	-0.013910	1.053682	-0.167357	-0.241322
