0.000000	-0.197624	-2.155803	1.220201	0.913220	-0.249748	-0.370695
0.020000	-0.139577	-2.203087	1.298940	0.909944	-0.256538	-0.372340
0.040000	-0.093882	-2.239639	1.376207	0.907441	-0.263867	-0.374487
0.060000	-0.059847	-2.266879	1.451615	0.905593	-0.271549	-0.377074
0.080000	-0.036778	-2.286230	1.524776	0.904281	-0.279402	-0.380042
0.100000	-0.023981	-2.299113	1.595306	0.903387	-0.287240	-0.383328
0.120000	-0.020763	-2.306949	1.662815	0.902792	-0.294881	-0.386872
0.140000	-0.026430	-2.311161	1.726919	0.902377	-0.302140	-0.390615
0.160000	-0.040288	-2.313171	1.787230	0.902025	-0.308833	-0.394493
0.180000	-0.061644	-2.314399	1.843361	0.901617	-0.314776	-0.398449
0.200000	-0.089804	-2.316268	1.894926	0.901034	-0.319785	-0.402419
0.220000	-0.124074	-2.320199	1.941537	0.900158	-0.323676	-0.406344
0.240000	-0.163762	-2.327614	1.982809	0.898871	-0.326266	-0.410163
0.260000	-0.208172	-2.339935	2.018354	0.897053	-0.327369	-0.413815
0.280000	-0.256612	-2.358583	2.047785	0.894587	-0.326803	-0.417240
0.300000	-0.308389	-2.384981	2.070717	0.891354	-0.324384	-0.420376
0.320000	-0.362806	-2.420545	2.086761	0.887236	-0.319927	-0.423164
0.340000	-0.418887	-2.465920	2.095637	0.882215	-0.313434	-0.425641
0.360000	-0.475044	-2.520079	2.097281	0.876490	-0.305300	-0.428056
0.380000	-0.529609	-2.581775	2.091664	0.870289	-0.295973	-0.430688
0.400000	-0.580915	-2.649763	2.078754	0.863838	-0.285901	-0.433813
0.420000	-0.627296	-2.722795	2.058519	0.857365	-0.275532	-0.437708
0.440000	-0.667082	-2.799627	2.030928	0.851097	-0.265313	-0.442650
0.460000	-0.698608	-2.879011	1.995950	0.845260	-0.255693	-0.448918
0.480000	-0.720204	-2.959701	1.953552	0.840083	-0.247119	-0.456788
0.500000	-0.730205	-3.040452	1.903704	0.835792	-0.240038	-0.466536
0.520000	-0.726943	-3.120016	1.846374	0.832615	-0.234900	-0.478442
0.540000	-0.708749	-3.197149	1.781530	0.830779	-0.232150	-0.492781
0.560000	-0.673958	-3.270603	1.709142	0.830510	-0.232238	-0.509831
0.580000	-0.620900	-3.339133	1.629177	0.832037	-0.235611	-0.529869
0.600000	-0.547910	-3.401491	1.541604	0.835586	-0.242717	-0.553172
0.620000	-0.453320	-3.456433	1.446392	0.841384	-0.254004	-0.580018
0.640000	-0.336740	-3.502917	1.343912	0.849514	-0.269674	-0.610466
0.660000	-0.201369	-3.540480	1.235669	0.859653	-0.289246	-0.643965
0.680000	-0.051036	-3.568758	1.123365	0.871405	-0.312113	-0.679854
0.700000	0.110429	-3.587390	1.008702	0.884374	-0.337674	-0.717475
0.720000	0.279197	-3.596012	0.893384	0.898167	-0.365324	-0.756168
0.740000	0.451439	-3.594263	0.779113	0.912388	-0.394460	-0.795274
0.760000	0.623325	-3.581779	0.667592	0.926641	-0.424477	-0.834134
0.780000	0.791026	-3.558199	0.560524	0.940532	-0.454771	-0.872088
0.800000	0.950714	-3.523159	0.459611	0.953666	-0.484739	-0.908478
0.820000	1.098558	-3.476297	0.366556	0.965648	-0.513778	-0.942644
0.840000	1.230730	-3.417251	0.283061	0.976082	-0.541282	-0.973927
0.860000	1.343400	-3.345657	0.210830	0.984573	-0.566648	-1.001667
0.880000	1.432739	-3.261154	0.151565	0.990727	-0.589274	-1.025205
0.900000	1.494918	-3.163378	0.106968	0.994148	-0.608553	-1.043883
0.920000	1.526108	-3.051968	0.078744	0.994441	-0.623884	-1.057040
0.940000	1.522479	-2.926560	0.068593	0.991212	-0.634661	-1.064018
0.960000	1.481115	-2.786963	0.077667	0.984159	-0.640402	-1.064306
0.980000	1.404609	-2.634012	0.103781	0.973553	-0.641352	-1.058298
1.000000	1.297616	-2.468926	0.143504	0.959878	-0.638030	-1.046725
1.020000	1.164794	-2.292927	0.193402	0.943619	-0.630952	-1.030319
1.040000	1.010800	-2.107234	0.250042	0.925259	-0.620639	-1.009810
1.060000	0.840292	-1.913069	0.309991	0.905283	-0.607607	-0.985929
1.080000	0.657927	-1.711651	0.369815	0.884175	-0.592375	-0.959410
1.100000	0.468364	-1.504202	0.426080	0.862420	-0.575462	-0.930982
1.120000	0.276259	-1.291942	0.475353	0.840502	-0.557386	-0.901377
1.140000	0.086272	-1.076091	0.514200	0.818904	-0.538665	-0.871327
1.160000	-0.096942	-0.857870	0.539189	0.798113	-0.519817	-0.841563
1.180000	-0.268723	-0.638500	0.546886	0.778611	-0.501361	-0.812816
1.200000	-0.424415	-0.419200	0.533857	0.760883	-0.483815	-0.785818
1.220000	-0.559359	-0.201192	0.496669	0.745413	-0.467697	-0.761300
1.240000	-0.668947	0.014309	0.431939	0.732681	-0.453521	-0.739986
1.260000	-0.751148	0.226310	0.338951	0.722877	-0.441537	-0.722198
1.280000	-0.807736	0.434152	0.220927	0.715770	-0.431610	-0.707662
1.300000	-0.840794	0.637201	0.081409	0.711090	-0.423572	-0.696058
1.320000	-0.852403	0.834823	-0.076064	0.708572	-0.417256	-0.687066
1.340000	-0.844646	1.026386	-0.247951	0.707948	-0.412494	-0.680364
1.360000	-0.819605	1.211257	-0.430713	0.708952	-0.409119	-0.675633
1.380000	-0.779361	1.388800	-0.620809	0.711315	-0.406963	-0.672550
1.400000	-0.725996	1.558384	-0.814699	0.714771	-0.405859	-0.670797
1.420000	-0.661592	1.719375	-1.008842	0.719052	-0.405640	-0.670052
1.440000	-0.588232	1.871139	-1.199700	0.723892	-0.406138	-0.669994
1.460000	-0.507996	2.013044	-1.383731	0.729023	-0.407186	-0.670304
1.480000	-0.422967	2.144455	-1.557396	0.734178	-0.408617	-0.670659
1.500000	-0.335227	2.264740	-1.717153	0.739090	-0.410262	-0.670740
1.520000	-0.246858	2.373264	-1.859464	0.743492	-0.411955	-0.670227
1.540000	-0.159941	2.469396	-1.980788	0.747116	-0.413528	-0.668797
1.560000	-0.076559	2.552500	-2.077585	0.749696	-0.414814	-0.666132
1.580000	0.001249	2.621991	-2.146474	0.750974	-0.415650	-0.661921
1.600000	0.072329	2.678284	-2.187479	0.750930	-0.415953	-0.656104
1.620000	0.136375	2.722751	-2.203876	0.749764	-0.415720	-0.648857
1.640000	0.193117	2.756802	-2.199075	0.747685	-0.414951	-0.640366
1.660000	0.242283	2.781848	-2.176484	0.744904	-0.413646	-0.630816
1.680000	0.283603	2.799300	-2.139511	0.741632	-0.411804	-0.620394
1.700000	0.316805	2.810567	-2.091563	0.738077	-0.409425	-0.609284
1.720000	0.341618	2.817061	-2.036051	0.734451	-0.406509	-0.597673
1.740000	0.357771	2.820193	-1.976381	0.730962	-0.403056	-0.585746
1.760000	0.364993	2.821372	-1.915962	0.727823	-0.399066	-0.573690
1.780000	0.363012	2.822009	-1.858202	0.725241	-0.394538	-0.561689
1.800000	0.351558	2.823515	-1.806510	0.723428	-0.389471	-0.549929
1.820000	0.330360	2.827300	-1.764294	0.722593	-0.383867	-0.538597
1.840000	0.299146	2.834776	-1.734962	0.722947	-0.377724	-0.527878
1.860000	0.257645	2.847352	-1.721923	0.724699	-0.371042	-0.517957
1.880000	0.205586	2.866439	-1.728584	0.728060	-0.363821	-0.509021
1.900000	0.142702	2.893442	-1.758332	0.733239	-0.356061	-0.501254
1.920000	0.069206	2.929122	-1.812260	0.740311	-0.347801	-0.494734
1.940000	-0.013792	2.973038	-1.887159	0.749105	-0.339149	-0.489339
1.960000	-0.105086	3.024613	-1.979347	0.759423	-0.330223	-0.484925
1.980000	-0.203465	3.083275	-2.085143	0.771063	-0.321141	-0.481349
2.000000	-0.307723	3.148447	-2.200865	0.783829	-0.312020	-0.478466
2.020000	-0.416651	3.219555	-2.322832	0.797519	-0.302977	-0.476133
2.040000	-0.529040	3.296025	-2.447362	0.811936	-0.294129	-0.474205
2.060000	-0.643683	3.377281	-2.570773	0.826880	-0.285595	-0.472540
2.080000	-0.759370	3.462748	-2.689385	0.842152	-0.277490	-0.470992
2.100000	-0.874895	3.551853	-2.799515	0.857553	-0.269934	-0.469418
2.120000	-0.989048	3.644019	-2.897483	0.872883	-0.263042	-0.467674
2.140000	-1.100621	3.738673	-2.979606	0.887944	-0.256933	-0.465616
2.160000	-1.208407	3.835239	-3.042203	0.902536	-0.251723	-0.463101
2.180000	-1.311196	3.933143	-3.081593	0.916461	-0.247530	-0.459984
2.200000	-1.407781	4.031810	-3.094094	0.929518	-0.244472	-0.456121
2.220000	-1.496953	4.130665	-3.076024	0.941509	-0.242665	-0.451369
2.240000	-1.577695	4.228805	-3.024965	0.952284	-0.242177	-0.445627
2.260000	-1.649726	4.324048	-2.943413	0.961883	-0.242878	-0.438971
2.280000	-1.712948	4.413902	-2.835058	0.970390	-0.244589	-0.431516
2.300000	-1.767262	4.495874	-2.703593	0.977894	-0.247133	-0.423378
2.320000	-1.812568	4.567473	-2.552709	0.984479	-0.250333	-0.414672
2.340000	-1.848768	4.626205	-2.386099	0.990232	-0.254009	-0.405516
2.360000	-1.875762	4.669577	-2.207453	0.995239	-0.257985	-0.396024
2.380000	-1.893450	4.695098	-2.020463	0.999586	-0.262082	-0.386313
2.400000	-1.901735	4.700275	-1.828821	1.003360	-0.266122	-0.376499
2.420000	-1.900516	4.682616	-1.636218	1.006645	-0.269929	-0.366697
2.440000	-1.889695	4.639627	-1.446347	1.009529	-0.273323	-0.357025
2.460000	-1.869172	4.568817	-1.262898	1.012098	-0.276128	-0.347597
2.480000	-1.838848	4.467692	-1.089564	1.014437	-0.278164	-0.338530
2.500000	-1.798624	4.333761	-0.930036	1.016633	-0.279255	-0.329939
2.520000	-1.748401	4.164530	-0.788005	1.018772	-0.279223	-0.321941
2.540000	-1.688079	3.957508	-0.667164	1.020939	-0.277889	-0.314652
