0.000000	-0.625279	-2.958176	0.772864	0.812883	-0.221903	-0.336494
0.020000	-0.663666	-2.969209	0.789807	0.796941	-0.222792	-0.338410
0.040000	-0.700949	-2.976539	0.807428	0.782219	-0.223665	-0.341284
0.060000	-0.736352	-2.981705	0.826470	0.769012	-0.224535	-0.345242
0.080000	-0.769096	-2.986245	0.847675	0.757615	-0.225416	-0.350410
0.100000	-0.798406	-2.991698	0.871785	0.748325	-0.226318	-0.356913
0.120000	-0.823504	-2.999603	0.899543	0.741437	-0.227256	-0.364877
0.140000	-0.843754	-3.011019	0.931472	0.737165	-0.228239	-0.374380
0.160000	-0.859154	-3.024842	0.967115	0.735354	-0.229272	-0.385292
0.180000	-0.869882	-3.039353	1.005736	0.735745	-0.230354	-0.397420
0.200000	-0.876117	-3.052838	1.046597	0.738077	-0.231487	-0.410572
0.220000	-0.878036	-3.063580	1.088962	0.742090	-0.232672	-0.424558
0.240000	-0.875818	-3.069860	1.132095	0.747526	-0.233910	-0.439186
0.260000	-0.869640	-3.069964	1.175259	0.754123	-0.235201	-0.454263
0.280000	-0.859681	-3.062174	1.217719	0.761623	-0.236547	-0.469599
0.300000	-0.846118	-3.044774	1.258737	0.769765	-0.237947	-0.485002
0.320000	-0.829131	-3.016047	1.297577	0.778291	-0.239404	-0.500280
0.340000	-0.808896	-2.974276	1.333503	0.786939	-0.240919	-0.515242
0.360000	-0.785592	-2.917745	1.365779	0.795451	-0.242491	-0.529696
0.380000	-0.759397	-2.844737	1.393667	0.803566	-0.244122	-0.543451
0.400000	-0.730489	-2.753536	1.416432	0.811025	-0.245812	-0.556315
0.420000	-0.699046	-2.642424	1.433337	0.817567	-0.247564	-0.568096
0.440000	-0.665267	-2.510141	1.443726	0.822978	-0.249379	-0.578636
0.460000	-0.629474	-2.358159	1.447425	0.827299	-0.251272	-0.587965
0.480000	-0.592036	-2.188967	1.444439	0.830670	-0.253263	-0.596188
0.500000	-0.553322	-2.005054	1.434774	0.833230	-0.255371	-0.603408
0.520000	-0.513700	-1.808910	1.418436	0.835120	-0.257615	-0.609729
0.540000	-0.473539	-1.603024	1.395429	0.836479	-0.260014	-0.615255
0.560000	-0.433207	-1.389886	1.365759	0.837446	-0.262588	-0.620088
0.580000	-0.393074	-1.171985	1.329431	0.838161	-0.265356	-0.624332
0.600000	-0.353507	-0.951812	1.286452	0.838764	-0.268337	-0.628092
0.620000	-0.314876	-0.731855	1.236826	0.839394	-0.271550	-0.631470
0.640000	-0.277549	-0.514605	1.180559	0.840191	-0.275015	-0.634570
0.660000	-0.241895	-0.302551	1.117656	0.841294	-0.278750	-0.637496
0.680000	-0.208282	-0.098182	1.048124	0.842844	-0.282776	-0.640351
0.700000	-0.177079	0.096012	0.971966	0.844979	-0.287112	-0.643238
0.720000	-0.148656	0.277541	0.889189	0.847839	-0.291775	-0.646263
0.740000	-0.123379	0.443915	0.799798	0.851564	-0.296787	-0.649527
0.760000	-0.101602	0.592755	0.703860	0.856285	-0.302164	-0.653129
0.780000	-0.083433	0.723225	0.602312	0.862004	-0.307891	-0.657098
0.800000	-0.068801	0.835648	0.496739	0.868627	-0.313931	-0.661407
0.820000	-0.057632	0.930370	0.388744	0.876059	-0.320247	-0.666032
0.840000	-0.049849	1.007741	0.279927	0.884204	-0.326798	-0.670944
0.860000	-0.045377	1.068108	0.171890	0.892967	-0.333549	-0.676118
0.880000	-0.044141	1.111819	0.066235	0.902251	-0.340459	-0.681527
0.900000	-0.046065	1.139222	-0.035437	0.911962	-0.347492	-0.687145
0.920000	-0.051074	1.150666	-0.131524	0.922004	-0.354609	-0.692945
0.940000	-0.059092	1.146498	-0.220425	0.932281	-0.361772	-0.698901
0.960000	-0.070045	1.127067	-0.300539	0.942697	-0.368942	-0.704986
0.980000	-0.083856	1.092721	-0.370263	0.953157	-0.376082	-0.711174
1.000000	-0.100450	1.043807	-0.427997	0.963565	-0.383153	-0.717439
1.020000	-0.119752	0.980675	-0.472139	0.973826	-0.390116	-0.723753
1.040000	-0.141687	0.903671	-0.501087	0.983844	-0.396935	-0.730092
1.060000	-0.166178	0.813144	-0.513241	0.993523	-0.403571	-0.736427
1.080000	-0.193144	0.709458	-0.507030	1.002769	-0.409985	-0.742733
1.100000	-0.222148	0.593765	-0.482519	1.011510	-0.416149	-0.748970
1.120000	-0.252240	0.468357	-0.442138	1.019712	-0.422045	-0.755084
1.140000	-0.282430	0.335620	-0.388504	1.027342	-0.427657	-0.761017
1.160000	-0.311728	0.197938	-0.324235	1.034370	-0.432969	-0.766712
1.180000	-0.339145	0.057693	-0.251947	1.040762	-0.437965	-0.772112
1.200000	-0.363689	-0.082730	-0.174258	1.046486	-0.442628	-0.777160
1.220000	-0.384371	-0.220947	-0.093783	1.051511	-0.446944	-0.781799
1.240000	-0.400200	-0.354574	-0.013141	1.055804	-0.450895	-0.785972
1.260000	-0.410187	-0.481228	0.065052	1.059334	-0.454466	-0.789622
1.280000	-0.413342	-0.598524	0.138178	1.062068	-0.457640	-0.792691
1.300000	-0.408674	-0.704079	0.203622	1.063974	-0.460402	-0.795123
1.320000	-0.395193	-0.795509	0.258766	1.065020	-0.462735	-0.796861
1.340000	-0.371909	-0.870430	0.300993	1.065175	-0.464623	-0.797847
1.360000	-0.337832	-0.926459	0.327686	1.064405	-0.466051	-0.798025
1.380000	-0.291982	-0.961221	0.336241	1.062680	-0.467002	-0.797338
1.400000	-0.234284	-0.973440	0.325400	1.059975	-0.467461	-0.795744
1.420000	-0.166360	-0.963881	0.296413	1.056284	-0.467418	-0.793233
1.440000	-0.090014	-0.933533	0.250803	1.051600	-0.466861	-0.789796
1.460000	-0.007053	-0.883384	0.190094	1.045920	-0.465779	-0.785426
1.480000	0.080720	-0.814421	0.115808	1.039237	-0.464162	-0.780114
1.500000	0.171499	-0.727634	0.029470	1.031545	-0.461998	-0.773853
1.520000	0.263478	-0.624010	-0.067397	1.022840	-0.459276	-0.766635
1.540000	0.354853	-0.504538	-0.173271	1.013116	-0.455985	-0.758452
1.560000	0.443819	-0.370206	-0.286627	1.002367	-0.452115	-0.749295
1.580000	0.528570	-0.222001	-0.405943	0.990588	-0.447653	-0.739158
1.600000	0.607301	-0.060913	-0.529695	0.977774	-0.442590	-0.728031
1.620000	0.678207	0.112070	-0.656359	0.963919	-0.436914	-0.715907
1.640000	0.739484	0.295961	-0.784413	0.949018	-0.430614	-0.702778
1.660000	0.789325	0.489771	-0.912334	0.933065	-0.423680	-0.688636
1.680000	0.825926	0.692512	-1.038596	0.916055	-0.416099	-0.673473
1.700000	0.847482	0.903196	-1.161679	0.897982	-0.407862	-0.657281
1.720000	0.852745	1.120640	-1.280223	0.878892	-0.398975	-0.640086
1.740000	0.842626	1.342918	-1.393513	0.859021	-0.389521	-0.622045
1.760000	0.818557	1.567919	-1.500988	0.838655	-0.379599	-0.603345
1.780000	0.781969	1.793535	-1.602086	0.818079	-0.369306	-0.584175
1.800000	0.734295	2.017657	-1.696245	0.797577	-0.358744	-0.564723
1.820000	0.676965	2.238176	-1.782906	0.777434	-0.348010	-0.545178
1.840000	0.611411	2.452983	-1.861506	0.757935	-0.337203	-0.525726
1.860000	0.539066	2.659969	-1.931484	0.739364	-0.326423	-0.506557
1.880000	0.461360	2.857025	-1.992279	0.722007	-0.315769	-0.487859
1.900000	0.379726	3.042043	-2.043329	0.706147	-0.305340	-0.469820
1.920000	0.295595	3.212913	-2.084074	0.692070	-0.295234	-0.452628
1.940000	0.210399	3.367526	-2.113952	0.680061	-0.285551	-0.436471
1.960000	0.125569	3.503773	-2.132402	0.670404	-0.276390	-0.421537
1.980000	0.042538	3.619546	-2.138862	0.663383	-0.267850	-0.408015
2.000000	-0.037263	3.712736	-2.132772	0.659285	-0.260030	-0.396092
2.020000	-0.112403	3.781233	-2.113570	0.658392	-0.253029	-0.385957
2.040000	-0.181571	3.823201	-2.080822	0.660946	-0.246936	-0.377773
2.060000	-0.244503	3.839122	-2.035175	0.666795	-0.241755	-0.371485
2.080000	-0.301456	3.830645	-1.977825	0.675597	-0.237446	-0.366927
2.100000	-0.352695	3.799431	-1.909968	0.687004	-0.233970	-0.363934
2.120000	-0.398481	3.747137	-1.832802	0.700670	-0.231287	-0.362342
2.140000	-0.439079	3.675423	-1.747526	0.716250	-0.229358	-0.361983
2.160000	-0.474752	3.585949	-1.655338	0.733397	-0.228143	-0.362694
2.180000	-0.505763	3.480373	-1.557434	0.751764	-0.227603	-0.364308
2.200000	-0.532375	3.360355	-1.455014	0.771006	-0.227697	-0.366661
2.220000	-0.554852	3.227553	-1.349274	0.790776	-0.228387	-0.369585
2.240000	-0.573456	3.083628	-1.241414	0.810729	-0.229632	-0.372917
2.260000	-0.588451	2.930238	-1.132630	0.830517	-0.231393	-0.376490
2.280000	-0.600100	2.769042	-1.024121	0.849795	-0.233631	-0.380139
2.300000	-0.608667	2.601699	-0.917085	0.868216	-0.236305	-0.383699
2.320000	-0.614414	2.429870	-0.812719	0.885435	-0.239376	-0.387004
2.340000	-0.617605	2.255212	-0.712221	0.901104	-0.242805	-0.389888
2.360000	-0.618505	2.079359	-0.616760	0.914889	-0.246552	-0.392192
2.380000	-0.617450	1.903343	-0.526817	0.926689	-0.250557	-0.393864
2.400000	-0.614840	1.727602	-0.442195	0.936639	-0.254748	-0.394966
2.420000	-0.611079	1.552550	-0.362668	0.944881	-0.259047	-0.395561
2.440000	-0.606570	1.378599	-0.288010	0.951561	-0.263380	-0.395715
2.460000	-0.601719	1.206163	-0.217995	0.956822	-0.267671	-0.395492
2.480000	-0.596928	1.035653	-0.152397	0.960808	-0.271844	-0.394957
2.500000	-0.592602	0.867482	-0.090990	0.963662	-0.275824	-0.394174
2.520000	-0.589144	0.702064	-0.033547	0.965530	-0.279535	-0.393209
2.540000	-0.586959	0.539812	0.020157	0.966554	-0.282902	-0.392125
2.560000	-0.586450	0.381137	0.070349	0.966879	-0.285848	-0.390988
2.580000	-0.588021	0.226454	0.117255	0.966648	-0.288300	-0.389861
2.600000	-0.592077	0.076174	0.161101	0.966006	-0.290180	-0.388811
2.620000	-0.599021	-0.069290	0.202112	0.965097	-0.291413	-0.387901
2.640000	-0.609256	-0.209524	0.240516	0.964063	-0.291924	-0.387196
2.660000	-0.623188	-0.344116	0.276538	0.963051	-0.291637	-0.386761
2.680000	-0.641112	-0.472695	0.310421	0.962182	-0.290494	-0.386655
2.700000	-0.662597	-0.595176	0.342525	0.961447	-0.288545	-0.386894
2.720000	-0.686913	-0.711588	0.373255	0.960780	-0.285887	-0.387481
2.740000	-0.713329	-0.821963	0.403017	0.960114	-0.282618	-0.388416
2.760000	-0.741115	-0.926332	0.432217	0.959385	-0.278835	-0.389700
2.780000	-0.769540	-1.024726	0.461263	0.958525	-0.274634	-0.391334
2.800000	-0.797873	-1.117176	0.490559	0.957469	-0.270114	-0.393319
2.820000	-0.825383	-1.203713	0.520513	0.956151	-0.265372	-0.395656
2.840000	-0.851339	-1.284368	0.551530	0.954505	-0.260504	-0.398346
2.860000	-0.875011	-1.359173	0.584017	0.952465	-0.255607	-0.401389
2.880000	-0.895667	-1.428159	0.618380	0.949964	-0.250779	-0.404788
2.900000	-0.912577	-1.491356	0.655025	0.946938	-0.246117	-0.408542
2.920000	-0.925010	-1.548795	0.694358	0.943319	-0.241719	-0.412653
2.940000	-0.932235	-1.600508	0.736786	0.939041	-0.237680	-0.417121
2.960000	-0.933522	-1.646527	0.782715	0.934040	-0.234099	-0.421949
2.980000	-0.928139	-1.686881	0.832550	0.928248	-0.231073	-0.427135
3.000000	-0.915422	-1.721643	0.886662	0.921606	-0.228694	-0.432681
3.020000	-0.895803	-1.751579	0.944801	0.914152	-0.226981	-0.438557
3.040000	-0.870611	-1.778019	1.006215	0.906005	-0.225895	-0.444712
3.060000	-0.841204	-1.802309	1.070133	0.897286	-0.225392	-0.451095
3.080000	-0.808938	-1.825797	1.135789	0.888117	-0.225431	-0.457654
3.100000	-0.775169	-1.849831	1.202413	0.878620	-0.225968	-0.464337
3.120000	-0.741253	-1.875757	1.269236	0.868916	-0.226962	-0.471093
3.140000	-0.708549	-1.904924	1.335491	0.859126	-0.228370	-0.477869
3.160000	-0.678411	-1.938678	1.400407	0.849372	-0.230149	-0.484615
3.180000	-0.652197	-1.978367	1.463217	0.839774	-0.232258	-0.491278
3.200000	-0.631263	-2.025338	1.523152	0.830456	-0.234653	-0.497807
3.220000	-0.616966	-2.080938	1.579443	0.821537	-0.237292	-0.504150
3.240000	-0.610662	-2.146515	1.631321	0.813140	-0.240133	-0.510255
3.260000	-0.613708	-2.223416	1.678019	0.805386	-0.243133	-0.516071
3.280000	-0.627460	-2.312989	1.718766	0.798396	-0.246250	-0.521545
3.300000	-0.653275	-2.416580	1.752796	0.792291	-0.249442	-0.526627
3.320000	-0.692085	-2.534952	1.779415	0.787169	-0.252676	-0.531272
3.340000	-0.742533	-2.665724	1.798353	0.782992	-0.255975	-0.535474
3.360000	-0.802504	-2.805465	1.809473	0.779679	-0.259380	-0.539244
3.380000	-0.869877	-2.950743	1.812642	0.777147	-0.262931	-0.542588
3.400000	-0.942537	-3.098128	1.807727	0.775314	-0.266669	-0.545517
3.420000	-1.018363	-3.244188	1.794592	0.774099	-0.270636	-0.548037
3.440000	-1.095237	-3.385491	1.773105	0.773420	-0.274871	-0.550159
3.460000	-1.171043	-3.518607	1.743131	0.773195	-0.279417	-0.551890
3.480000	-1.243660	-3.640103	1.704536	0.773342	-0.284313	-0.553239
3.500000	-1.310971	-3.746549	1.657187	0.773779	-0.289601	-0.554214
3.520000	-1.370858	-3.834512	1.600949	0.774425	-0.295321	-0.554824
3.540000	-1.421202	-3.900562	1.535688	0.775198	-0.301514	-0.555078
3.560000	-1.459885	-3.941268	1.461271	0.776015	-0.308222	-0.554985
3.580000	-1.484789	-3.953196	1.377563	0.776795	-0.315484	-0.554552
3.600000	-1.493795	-3.932917	1.284431	0.777455	-0.323343	-0.553788
3.620000	-1.484795	-3.877013	1.181743	0.777916	-0.331837	-0.552702
3.640000	-1.457037	-3.784149	1.069868	0.778134	-0.340959	-0.551324
3.660000	-1.412570	-3.657274	0.950197	0.778150	-0.350596	-0.549730
3.680000	-1.353783	-3.499867	0.824250	0.778015	-0.360623	-0.548000
3.700000	-1.283068	-3.315405	0.693546	0.777780	-0.370917	-0.546213
