0.000000	-0.478803	1.825094	0.139809	1.008677	-0.193105	-0.241139
0.020000	-0.756609	1.712282	0.160958	1.002344	-0.193543	-0.243506
0.040000	-1.049148	1.576986	0.180055	0.995963	-0.193899	-0.245821
0.060000	-1.351394	1.421742	0.197357	0.989525	-0.194162	-0.248087
0.080000	-1.658324	1.249086	0.213122	0.983020	-0.194323	-0.250308
0.100000	-1.964913	1.061551	0.227607	0.976439	-0.194372	-0.252486
0.120000	-2.266137	0.861674	0.241068	0.969772	-0.194300	-0.254624
0.140000	-2.556971	0.651990	0.253765	0.963009	-0.194096	-0.256726
0.160000	-2.832393	0.435034	0.265953	0.956140	-0.193752	-0.258793
0.180000	-3.087376	0.213340	0.277890	0.949157	-0.193257	-0.260830
0.200000	-3.316898	-0.010554	0.289834	0.942049	-0.192603	-0.262839
0.220000	-3.515934	-0.234115	0.302041	0.934807	-0.191779	-0.264823
0.240000	-3.679459	-0.454808	0.314770	0.927421	-0.190776	-0.266784
0.260000	-3.802450	-0.670096	0.328277	0.919881	-0.189584	-0.268726
0.280000	-3.879882	-0.877444	0.342820	0.912178	-0.188194	-0.270652
0.300000	-3.906731	-1.074319	0.358656	0.904303	-0.186595	-0.272565
0.320000	-3.878271	-1.258259	0.376021	0.896247	-0.184782	-0.274468
0.340000	-3.795457	-1.428255	0.394735	0.888047	-0.182789	-0.276385
0.360000	-3.664335	-1.584595	0.414249	0.879780	-0.180695	-0.278355
0.380000	-3.491131	-1.727612	0.433998	0.871521	-0.178575	-0.280419
0.400000	-3.282071	-1.857641	0.453420	0.863349	-0.176507	-0.282617
0.420000	-3.043382	-1.975015	0.471950	0.855341	-0.174570	-0.284990
0.440000	-2.781289	-2.080068	0.489026	0.847574	-0.172839	-0.287579
0.460000	-2.502018	-2.173134	0.504082	0.840124	-0.171394	-0.290423
0.480000	-2.211796	-2.254546	0.516557	0.833070	-0.170311	-0.293563
0.500000	-1.916850	-2.324639	0.525886	0.826487	-0.169668	-0.297041
0.520000	-1.623404	-2.383747	0.531506	0.820454	-0.169542	-0.300895
0.540000	-1.337686	-2.432203	0.532853	0.815048	-0.170011	-0.305168
0.560000	-1.065921	-2.470341	0.529364	0.810345	-0.171152	-0.309898
0.580000	-0.814336	-2.498494	0.520475	0.806424	-0.173043	-0.315128
0.600000	-0.589156	-2.516998	0.505622	0.803360	-0.175761	-0.320896
0.620000	-0.396609	-2.526185	0.484243	0.801232	-0.179384	-0.327245
0.640000	-0.241850	-2.526391	0.455937	0.800106	-0.183969	-0.334204
0.660000	-0.123663	-2.517957	0.421280	0.799989	-0.189455	-0.341745
0.680000	-0.038481	-2.501229	0.381210	0.800866	-0.195736	-0.349819
0.700000	0.017265	-2.476550	0.336662	0.802723	-0.202708	-0.358375
0.720000	0.047148	-2.444266	0.288575	0.805544	-0.210266	-0.367365
0.740000	0.054737	-2.404721	0.237885	0.809314	-0.218303	-0.376739
0.760000	0.043603	-2.358259	0.185529	0.814017	-0.226714	-0.386446
0.780000	0.017316	-2.305226	0.132444	0.819640	-0.235395	-0.396437
0.800000	-0.020552	-2.245966	0.079567	0.826165	-0.244240	-0.406662
0.820000	-0.066433	-2.180823	0.027835	0.833580	-0.253143	-0.417072
0.840000	-0.116754	-2.110142	-0.021815	0.841868	-0.262000	-0.427617
0.860000	-0.167945	-2.034268	-0.068445	0.851014	-0.270706	-0.438247
0.880000	-0.216437	-1.953545	-0.111120	0.861003	-0.279154	-0.448912
0.900000	-0.258658	-1.868318	-0.148902	0.871820	-0.287239	-0.459563
0.920000	-0.291037	-1.778931	-0.180853	0.883450	-0.294858	-0.470150
0.940000	-0.310005	-1.685730	-0.206038	0.895878	-0.301903	-0.480623
0.960000	-0.312216	-1.589080	-0.223577	0.909083	-0.308276	-0.490932
0.980000	-0.297512	-1.489654	-0.233426	0.922972	-0.313958	-0.501025
1.000000	-0.268099	-1.388353	-0.236156	0.937394	-0.318992	-0.510847
1.020000	-0.226235	-1.286082	-0.232351	0.952199	-0.323421	-0.520344
1.040000	-0.174180	-1.183747	-0.222600	0.967236	-0.327289	-0.529462
1.060000	-0.114194	-1.082254	-0.207486	0.982354	-0.330640	-0.538145
1.080000	-0.048538	-0.982509	-0.187597	0.997404	-0.333517	-0.546340
1.100000	0.020530	-0.885416	-0.163517	1.012234	-0.335964	-0.553992
1.120000	0.090748	-0.791883	-0.135833	1.026693	-0.338024	-0.561046
1.140000	0.159859	-0.702814	-0.105131	1.040632	-0.339742	-0.567448
1.160000	0.225601	-0.619114	-0.071997	1.053898	-0.341160	-0.573144
1.180000	0.285714	-0.541691	-0.037016	1.066342	-0.342323	-0.578078
1.200000	0.337940	-0.471449	-0.000774	1.077813	-0.343273	-0.582198
1.220000	0.380018	-0.409294	0.036143	1.088160	-0.344056	-0.585447
1.240000	0.409688	-0.356132	0.073148	1.097233	-0.344713	-0.587772
1.260000	0.424691	-0.312869	0.109657	1.104880	-0.345290	-0.589118
1.280000	0.422766	-0.280409	0.145083	1.110951	-0.345829	-0.589431
1.300000	0.402068	-0.259499	0.178866	1.115322	-0.346372	-0.588672
1.320000	0.364007	-0.249612	0.210649	1.118064	-0.346933	-0.586932
1.340000	0.311539	-0.249625	0.240169	1.119344	-0.347517	-0.584363
1.360000	0.247630	-0.258408	0.267166	1.119331	-0.348128	-0.581116
1.380000	0.175244	-0.274831	0.291378	1.118192	-0.348769	-0.577344
1.400000	0.097345	-0.297765	0.312545	1.116094	-0.349445	-0.573197
1.420000	0.016900	-0.326081	0.330404	1.113205	-0.350160	-0.568829
1.440000	-0.063129	-0.358650	0.344695	1.109693	-0.350917	-0.564390
1.460000	-0.139774	-0.394342	0.355157	1.105725	-0.351721	-0.560034
1.480000	-0.210073	-0.432028	0.361528	1.101469	-0.352575	-0.555911
1.500000	-0.271060	-0.470580	0.363547	1.097092	-0.353484	-0.552173
1.520000	-0.319769	-0.508867	0.360954	1.092762	-0.354451	-0.548972
1.540000	-0.353237	-0.545761	0.353487	1.088647	-0.355480	-0.546461
1.560000	-0.368499	-0.580132	0.340884	1.084914	-0.356575	-0.544791
1.580000	-0.362607	-0.610854	0.322887	1.081730	-0.357741	-0.544113
1.600000	-0.334514	-0.637136	0.299472	1.079172	-0.358958	-0.544485
1.620000	-0.286683	-0.658806	0.271047	1.077148	-0.360172	-0.545789
1.640000	-0.221958	-0.675758	0.238068	1.075550	-0.361321	-0.547891
1.660000	-0.143183	-0.687889	0.200991	1.074270	-0.362345	-0.550657
1.680000	-0.053202	-0.695092	0.160271	1.073198	-0.363182	-0.553950
1.700000	0.045141	-0.697262	0.116366	1.072226	-0.363771	-0.557637
1.720000	0.149002	-0.694295	0.069731	1.071246	-0.364053	-0.561581
1.740000	0.255537	-0.686086	0.020821	1.070149	-0.363966	-0.565649
1.760000	0.361902	-0.672528	-0.029907	1.068825	-0.363449	-0.569705
1.780000	0.465252	-0.653519	-0.081998	1.067167	-0.362442	-0.573614
1.800000	0.562745	-0.628951	-0.134996	1.065065	-0.360884	-0.577241
1.820000	0.651535	-0.598721	-0.188444	1.062411	-0.358714	-0.580451
1.840000	0.728780	-0.562723	-0.241887	1.059097	-0.355870	-0.583109
1.860000	0.791634	-0.520853	-0.294868	1.055013	-0.352294	-0.585080
1.880000	0.837254	-0.473004	-0.346933	1.050050	-0.347923	-0.586229
1.900000	0.862795	-0.419073	-0.397625	1.044101	-0.342696	-0.586421
1.920000	0.866292	-0.359003	-0.446566	1.037096	-0.336586	-0.585557
1.940000	0.849148	-0.292935	-0.493679	1.029112	-0.329686	-0.583672
1.960000	0.813574	-0.221051	-0.538957	1.020263	-0.322121	-0.580836
1.980000	0.761783	-0.143538	-0.582396	1.010665	-0.314014	-0.577116
2.000000	0.695986	-0.060578	-0.623990	1.000431	-0.305490	-0.572581
2.020000	0.618395	0.027642	-0.663733	0.989676	-0.296672	-0.567301
2.040000	0.531224	0.120939	-0.701620	0.978513	-0.287684	-0.561343
2.060000	0.436683	0.219128	-0.737644	0.967057	-0.278651	-0.554777
2.080000	0.336984	0.322025	-0.771800	0.955422	-0.269695	-0.547670
2.100000	0.234340	0.429444	-0.804084	0.943722	-0.260942	-0.540093
2.120000	0.130963	0.541201	-0.834488	0.932071	-0.252516	-0.532112
2.140000	0.029064	0.657112	-0.863007	0.920584	-0.244539	-0.523798
2.160000	-0.069144	0.776992	-0.889636	0.909374	-0.237136	-0.515218
2.180000	-0.161450	0.900656	-0.914370	0.898556	-0.230432	-0.506441
2.200000	-0.245641	1.027921	-0.937201	0.888244	-0.224549	-0.497536
2.220000	-0.319874	1.158454	-0.958116	0.878541	-0.219586	-0.488566
2.240000	-0.384179	1.291178	-0.977053	0.869488	-0.215508	-0.479565
2.260000	-0.439179	1.424782	-0.993933	0.861109	-0.212236	-0.470556
2.280000	-0.485498	1.557951	-1.008679	0.853428	-0.209693	-0.461566
2.300000	-0.523758	1.689373	-1.021215	0.846467	-0.207802	-0.452618
2.320000	-0.554582	1.817734	-1.031462	0.840251	-0.206484	-0.443737
2.340000	-0.578595	1.941723	-1.039344	0.834801	-0.205662	-0.434948
2.360000	-0.596420	2.060024	-1.044782	0.830143	-0.205259	-0.426274
2.380000	-0.608679	2.171327	-1.047700	0.826298	-0.205196	-0.417742
2.400000	-0.615997	2.274317	-1.048021	0.823291	-0.205396	-0.409376
2.420000	-0.618996	2.367681	-1.045666	0.821144	-0.205782	-0.401199
2.440000	-0.618300	2.450107	-1.040559	0.819882	-0.206275	-0.393237
2.460000	-0.614531	2.520282	-1.032621	0.819527	-0.206799	-0.385514
2.480000	-0.608314	2.576892	-1.021777	0.820102	-0.207275	-0.378056
2.500000	-0.600272	2.618624	-1.007948	0.821632	-0.207625	-0.370885
2.520000	-0.591027	2.644166	-0.991057	0.824138	-0.207773	-0.364028
2.540000	-0.581187	2.652349	-0.971058	0.827641	-0.207644	-0.357508
2.560000	-0.571159	2.643690	-0.948259	0.832094	-0.207212	-0.351328
2.580000	-0.561225	2.619792	-0.923201	0.837413	-0.206482	-0.345483
2.600000	-0.551662	2.582279	-0.896426	0.843514	-0.205457	-0.339966
2.620000	-0.542749	2.532771	-0.868477	0.850312	-0.204142	-0.334771
2.640000	-0.534764	2.472890	-0.839899	0.857720	-0.202543	-0.329891
2.660000	-0.527987	2.404259	-0.811234	0.865654	-0.200663	-0.325318
2.680000	-0.522695	2.328499	-0.783025	0.874030	-0.198507	-0.321047
2.700000	-0.519167	2.247233	-0.755816	0.882761	-0.196080	-0.317070
2.720000	-0.517682	2.162081	-0.730149	0.891762	-0.193386	-0.313381
2.740000	-0.518517	2.074667	-0.706569	0.900949	-0.190430	-0.309974
2.760000	-0.521952	1.986611	-0.685618	0.910236	-0.187216	-0.306841
2.780000	-0.528265	1.899536	-0.667839	0.919539	-0.183750	-0.303975
2.800000	-0.537734	1.815064	-0.653776	0.928771	-0.180035	-0.301371
2.820000	-0.550638	1.734816	-0.643972	0.937849	-0.176077	-0.299022
2.840000	-0.567230	1.660346	-0.638936	0.946688	-0.171881	-0.296919
2.860000	-0.587344	1.592058	-0.638590	0.955240	-0.167483	-0.295040
2.880000	-0.610466	1.529410	-0.642378	0.963482	-0.162940	-0.293350
2.900000	-0.636073	1.471829	-0.649728	0.971396	-0.158313	-0.291813
2.920000	-0.663642	1.418746	-0.660068	0.978959	-0.153661	-0.290394
2.940000	-0.692649	1.369589	-0.672827	0.986151	-0.149042	-0.289057
2.960000	-0.722571	1.323788	-0.687431	0.992952	-0.144516	-0.287767
2.980000	-0.752886	1.280770	-0.703311	0.999342	-0.140142	-0.286487
3.000000	-0.783068	1.239966	-0.719893	1.005299	-0.135980	-0.285183
3.020000	-0.812595	1.200803	-0.736605	1.010803	-0.132088	-0.283818
3.040000	-0.840944	1.162712	-0.752877	1.015833	-0.128527	-0.282357
3.060000	-0.867592	1.125121	-0.768136	1.020370	-0.125354	-0.280764
3.080000	-0.892014	1.087459	-0.781810	1.024391	-0.122630	-0.279005
3.100000	-0.913688	1.049155	-0.793327	1.027878	-0.120413	-0.277042
3.120000	-0.932091	1.009638	-0.802116	1.030808	-0.118764	-0.274841
3.140000	-0.946698	0.968337	-0.807605	1.033162	-0.117740	-0.272366
3.160000	-0.956990	0.924684	-0.809226	1.034920	-0.117401	-0.269582
3.180000	-0.962650	0.878258	-0.806698	1.036079	-0.117759	-0.266488
3.200000	-0.963687	0.828884	-0.800203	1.036668	-0.118752	-0.263138
3.220000	-0.960142	0.776406	-0.789962	1.036717	-0.120310	-0.259591
3.240000	-0.952054	0.720668	-0.776200	1.036259	-0.122367	-0.255906
3.260000	-0.939462	0.661514	-0.759137	1.035324	-0.124852	-0.252142
3.280000	-0.922407	0.598789	-0.738997	1.033942	-0.127696	-0.248357
3.300000	-0.900927	0.532337	-0.716001	1.032145	-0.130832	-0.244612
3.320000	-0.875063	0.462003	-0.690374	1.029965	-0.134190	-0.240964
3.340000	-0.844853	0.387631	-0.662336	1.027431	-0.137702	-0.237473
3.360000	-0.810338	0.309065	-0.632111	1.024575	-0.141298	-0.234198
3.380000	-0.771557	0.226150	-0.599920	1.021428	-0.144911	-0.231198
3.400000	-0.728549	0.138731	-0.565988	1.018020	-0.148471	-0.228531
3.420000	-0.681355	0.046652	-0.530535	1.014384	-0.151909	-0.226258
3.440000	-0.630013	-0.050243	-0.493785	1.010549	-0.155157	-0.224435
3.460000	-0.574564	-0.152110	-0.455960	1.006548	-0.158147	-0.223124
3.480000	-0.515047	-0.259104	-0.417282	1.002410	-0.160808	-0.222382
3.500000	-0.451784	-0.371054	-0.377878	0.998171	-0.163086	-0.222244
3.520000	-0.386027	-0.486719	-0.337556	0.993876	-0.164967	-0.222665
3.540000	-0.319220	-0.604637	-0.296057	0.989576	-0.166445	-0.223582
3.560000	-0.252804	-0.723348	-0.253127	0.985319	-0.167516	-0.224934
3.580000	-0.188222	-0.841390	-0.208506	0.981153	-0.168175	-0.226657
3.600000	-0.126918	-0.957301	-0.161938	0.977129	-0.168416	-0.228690
3.620000	-0.070334	-1.069620	-0.113167	0.973294	-0.168236	-0.230971
3.640000	-0.019912	-1.176886	-0.061935	0.969698	-0.167628	-0.233438
3.660000	0.022905	-1.277638	-0.007984	0.966390	-0.166587	-0.236028
3.680000	0.056674	-1.370413	0.048941	0.963419	-0.165110	-0.238680
3.700000	0.079953	-1.453752	0.109099	0.960834	-0.163190	-0.241330
3.720000	0.091298	-1.526192	0.172746	0.958683	-0.160823	-0.243918
3.740000	0.089268	-1.586272	0.240139	0.957016	-0.158003	-0.246380
3.760000	0.072419	-1.632531	0.311536	0.955882	-0.154726	-0.248656
3.780000	0.039309	-1.663507	0.387193	0.955329	-0.150987	-0.250681
3.800000	-0.010910	-1.678392	0.467192	0.955389	-0.146799	-0.252415
3.820000	-0.076508	-1.679209	0.550850	0.956016	-0.142254	-0.253901
3.840000	-0.155054	-1.668750	0.637279	0.957143	-0.137467	-0.255204
