0.000000	-0.330260	-4.267363	1.276731	0.828620	-0.161678	-0.273186
0.020000	-0.320400	-4.336920	1.313675	0.817904	-0.164367	-0.279918
0.040000	-0.309598	-4.368654	1.344863	0.808011	-0.167598	-0.286154
0.060000	-0.298165	-4.364375	1.369885	0.799032	-0.171343	-0.291947
0.080000	-0.286467	-4.326942	1.388342	0.791056	-0.175560	-0.297374
0.100000	-0.274871	-4.259213	1.399838	0.784168	-0.180206	-0.302512
0.120000	-0.263745	-4.164048	1.403975	0.778456	-0.185238	-0.307440
0.140000	-0.253457	-4.044306	1.400357	0.774005	-0.190614	-0.312235
0.160000	-0.244374	-3.902846	1.388585	0.770903	-0.196291	-0.316974
0.180000	-0.236863	-3.742526	1.368264	0.769236	-0.202226	-0.321735
0.200000	-0.231293	-3.566205	1.338995	0.769090	-0.208376	-0.326596
0.220000	-0.228029	-3.376743	1.300381	0.770553	-0.214700	-0.331633
0.240000	-0.227440	-3.176998	1.252026	0.773711	-0.221153	-0.336926
0.260000	-0.229894	-2.969829	1.193531	0.778650	-0.227694	-0.342550
0.280000	-0.235757	-2.758095	1.124501	0.785457	-0.234280	-0.348584
0.300000	-0.245398	-2.544656	1.044537	0.794219	-0.240868	-0.355106
0.320000	-0.259183	-2.332369	0.953243	0.805022	-0.247415	-0.362192
0.340000	-0.277480	-2.124094	0.850220	0.817953	-0.253878	-0.369920
0.360000	-0.300577	-1.922460	0.735274	0.833068	-0.260217	-0.378355
0.380000	-0.328102	-1.728204	0.609861	0.850174	-0.266407	-0.387451
0.400000	-0.359361	-1.541131	0.476256	0.868953	-0.272427	-0.397105
0.420000	-0.393655	-1.361041	0.336735	0.889088	-0.278261	-0.407219
0.440000	-0.430288	-1.187731	0.193578	0.910261	-0.283889	-0.417689
0.460000	-0.468561	-1.021000	0.049063	0.932154	-0.289293	-0.428416
0.480000	-0.507778	-0.860649	-0.094533	0.954450	-0.294456	-0.439298
0.500000	-0.547240	-0.706474	-0.234930	0.976831	-0.299357	-0.450234
0.520000	-0.586250	-0.558276	-0.369850	0.998979	-0.303980	-0.461123
0.540000	-0.624111	-0.415853	-0.497015	1.020577	-0.308306	-0.471864
0.560000	-0.660126	-0.279004	-0.614147	1.041306	-0.312315	-0.482356
0.580000	-0.693596	-0.147528	-0.718968	1.060849	-0.315991	-0.492498
0.600000	-0.723824	-0.021224	-0.809198	1.078889	-0.319314	-0.502188
0.620000	-0.750112	0.100111	-0.882560	1.095107	-0.322266	-0.511326
0.640000	-0.771764	0.216675	-0.936776	1.109186	-0.324829	-0.519811
0.660000	-0.788082	0.328672	-0.969566	1.120808	-0.326984	-0.527541
0.680000	-0.798397	0.436265	-0.978770	1.129668	-0.328713	-0.534418
0.700000	-0.802691	0.538840	-0.964744	1.135729	-0.330017	-0.540401
0.720000	-0.801570	0.635027	-0.930286	1.139214	-0.330910	-0.545502
0.740000	-0.795667	0.723424	-0.878292	1.140357	-0.331410	-0.549739
0.760000	-0.785617	0.802630	-0.811661	1.139392	-0.331533	-0.553127
0.780000	-0.772051	0.871243	-0.733289	1.136552	-0.331295	-0.555681
0.800000	-0.755603	0.927863	-0.646073	1.132071	-0.330713	-0.557417
0.820000	-0.736907	0.971087	-0.552911	1.126182	-0.329804	-0.558352
0.840000	-0.716594	0.999514	-0.456700	1.119120	-0.328583	-0.558502
0.860000	-0.695298	1.011744	-0.360336	1.111119	-0.327067	-0.557881
0.880000	-0.673653	1.006374	-0.266717	1.102412	-0.325273	-0.556506
0.900000	-0.652291	0.982003	-0.178740	1.093232	-0.323218	-0.554393
0.920000	-0.631846	0.937230	-0.099303	1.083814	-0.320918	-0.551558
0.940000	-0.612950	0.870654	-0.031302	1.074392	-0.318388	-0.548016
0.960000	-0.596237	0.780873	0.022366	1.065198	-0.315647	-0.543783
0.980000	-0.582327	0.666548	0.058862	1.056465	-0.312710	-0.538877
1.000000	-0.571399	0.528501	0.077385	1.048342	-0.309609	-0.533349
1.020000	-0.563088	0.370223	0.079652	1.040875	-0.306392	-0.527297
1.040000	-0.556993	0.195367	0.067533	1.034108	-0.303107	-0.520818
1.060000	-0.552716	0.007589	0.042899	1.028081	-0.299805	-0.514013
1.080000	-0.549858	-0.189457	0.007621	1.022835	-0.296533	-0.506980
1.100000	-0.548018	-0.392116	-0.036430	1.018412	-0.293342	-0.499819
1.120000	-0.546799	-0.596733	-0.087383	1.014854	-0.290280	-0.492629
1.140000	-0.545799	-0.799654	-0.143368	1.012202	-0.287397	-0.485508
1.160000	-0.544621	-0.997224	-0.202512	1.010496	-0.284741	-0.478556
1.180000	-0.542865	-1.185789	-0.262947	1.009780	-0.282363	-0.471872
1.200000	-0.540130	-1.361693	-0.322799	1.010093	-0.280310	-0.465555
1.220000	-0.536019	-1.521282	-0.380200	1.011478	-0.278633	-0.459704
1.240000	-0.530131	-1.660901	-0.433277	1.013976	-0.277380	-0.454418
1.260000	-0.522068	-1.776896	-0.480160	1.017628	-0.276600	-0.449797
1.280000	-0.511430	-1.865611	-0.518977	1.022476	-0.276343	-0.445940
1.300000	-0.497817	-1.923393	-0.547859	1.028561	-0.276658	-0.442944
1.320000	-0.480831	-1.946587	-0.564934	1.035925	-0.277594	-0.440911
1.340000	-0.460258	-1.932745	-0.568926	1.044551	-0.279171	-0.439898
1.360000	-0.436622	-1.884192	-0.560913	1.054193	-0.281298	-0.439805
1.380000	-0.410627	-1.804426	-0.542548	1.064549	-0.283856	-0.440492
1.400000	-0.382980	-1.696945	-0.515488	1.075317	-0.286725	-0.441819
1.420000	-0.354384	-1.565249	-0.481387	1.086194	-0.289785	-0.443646
1.440000	-0.325545	-1.412835	-0.441902	1.096879	-0.292918	-0.445834
1.460000	-0.297168	-1.243203	-0.398688	1.107070	-0.296003	-0.448242
1.480000	-0.269956	-1.059851	-0.353400	1.116463	-0.298922	-0.450731
1.500000	-0.244617	-0.866279	-0.307693	1.124758	-0.301555	-0.453161
1.520000	-0.221853	-0.665984	-0.263224	1.131651	-0.303783	-0.455392
1.540000	-0.202371	-0.462466	-0.221647	1.136841	-0.305486	-0.457284
1.560000	-0.186875	-0.259223	-0.184617	1.140025	-0.306545	-0.458698
1.580000	-0.176070	-0.059754	-0.153791	1.140902	-0.306840	-0.459492
1.600000	-0.170662	0.132442	-0.130824	1.139168	-0.306252	-0.459529
1.620000	-0.171354	0.313867	-0.117370	1.134522	-0.304661	-0.458667
1.640000	-0.178842	0.481050	-0.115070	1.126666	-0.301951	-0.456768
1.660000	-0.193200	0.632267	-0.124524	1.115559	-0.298096	-0.453785
1.680000	-0.213539	0.768510	-0.144720	1.101558	-0.293221	-0.449807
1.700000	-0.238884	0.891010	-0.174506	1.085057	-0.287462	-0.444939
1.720000	-0.268259	1.000998	-0.212729	1.066449	-0.280956	-0.439284
1.740000	-0.300690	1.099705	-0.258234	1.046128	-0.273838	-0.432946
1.760000	-0.335203	1.188359	-0.309871	1.024486	-0.266246	-0.426028
1.780000	-0.370822	1.268193	-0.366485	1.001917	-0.258314	-0.418633
1.800000	-0.406573	1.340435	-0.426923	0.978814	-0.250181	-0.410866
1.820000	-0.441481	1.406317	-0.490034	0.955570	-0.241981	-0.402830
1.840000	-0.474572	1.467068	-0.554663	0.932578	-0.233852	-0.394628
1.860000	-0.504871	1.523920	-0.619658	0.910232	-0.225929	-0.386364
1.880000	-0.531403	1.578102	-0.683866	0.888924	-0.218349	-0.378141
1.900000	-0.553194	1.630844	-0.746134	0.869048	-0.211249	-0.370063
1.920000	-0.569269	1.683378	-0.805309	0.850996	-0.204764	-0.362233
1.940000	-0.578652	1.736933	-0.860238	0.835163	-0.199031	-0.354756
1.960000	-0.580457	1.792644	-0.909837	0.821915	-0.194177	-0.347727
1.980000	-0.574828	1.850502	-0.953862	0.811307	-0.190203	-0.341161
2.000000	-0.562596	1.909742	-0.992618	0.803184	-0.187035	-0.335018
2.020000	-0.544603	1.969585	-1.026423	0.797391	-0.184591	-0.329258
2.040000	-0.521692	2.029251	-1.055594	0.793771	-0.182795	-0.323840
2.060000	-0.494704	2.087961	-1.080447	0.792168	-0.181566	-0.318722
2.080000	-0.464482	2.144936	-1.101300	0.792424	-0.180827	-0.313865
2.100000	-0.431869	2.199398	-1.118469	0.794383	-0.180497	-0.309227
2.120000	-0.397706	2.250567	-1.132272	0.797888	-0.180499	-0.304767
2.140000	-0.362836	2.297664	-1.143025	0.802783	-0.180754	-0.300445
2.160000	-0.328101	2.339910	-1.151046	0.808911	-0.181182	-0.296221
2.180000	-0.294344	2.376525	-1.156651	0.816115	-0.181706	-0.292052
2.200000	-0.262406	2.406732	-1.160156	0.824239	-0.182246	-0.287899
2.220000	-0.233130	2.429750	-1.161881	0.833127	-0.182723	-0.283720
2.240000	-0.207359	2.444801	-1.162140	0.842620	-0.183059	-0.279476
2.260000	-0.185934	2.451106	-1.161251	0.852563	-0.183174	-0.275124
2.280000	-0.169679	2.447903	-1.159527	0.862801	-0.182991	-0.270625
2.300000	-0.158746	2.435088	-1.157108	0.873211	-0.182477	-0.265973
2.320000	-0.152413	2.413406	-1.153913	0.883717	-0.181653	-0.261202
2.340000	-0.149905	2.383657	-1.149849	0.894247	-0.180544	-0.256350
2.360000	-0.150444	2.346642	-1.144819	0.904726	-0.179178	-0.251457
2.380000	-0.153256	2.303160	-1.138729	0.915081	-0.177579	-0.246560
2.400000	-0.157561	2.254011	-1.131484	0.925237	-0.175773	-0.241697
2.420000	-0.162586	2.199996	-1.122990	0.935123	-0.173786	-0.236906
2.440000	-0.167552	2.141915	-1.113150	0.944664	-0.171645	-0.232226
2.460000	-0.171683	2.080568	-1.101870	0.953786	-0.169374	-0.227695
2.480000	-0.174202	2.016754	-1.089055	0.962417	-0.166999	-0.223351
2.500000	-0.174334	1.951274	-1.074611	0.970482	-0.164547	-0.219233
2.520000	-0.171301	1.884929	-1.058442	0.977908	-0.162043	-0.215377
2.540000	-0.164328	1.818517	-1.040453	0.984621	-0.159513	-0.211824
2.560000	-0.152636	1.752840	-1.020549	0.990548	-0.156982	-0.208610
2.580000	-0.135451	1.688698	-0.998636	0.995616	-0.154477	-0.205774
2.600000	-0.112094	1.626804	-0.974631	0.999761	-0.152022	-0.203349
2.620000	-0.082821	1.567076	-0.948571	1.003022	-0.149628	-0.201321
2.640000	-0.048390	1.508997	-0.920558	1.005494	-0.147302	-0.199651
2.660000	-0.009565	1.452045	-0.890692	1.007269	-0.145047	-0.198299
2.680000	0.032888	1.395699	-0.859077	1.008443	-0.142870	-0.197224
2.700000	0.078206	1.339438	-0.825813	1.009110	-0.140774	-0.196387
2.720000	0.125623	1.282741	-0.791003	1.009363	-0.138766	-0.195749
2.740000	0.174376	1.225087	-0.754750	1.009298	-0.136849	-0.195268
2.760000	0.223701	1.165954	-0.717154	1.009008	-0.135030	-0.194907
2.780000	0.272832	1.104822	-0.678318	1.008587	-0.133313	-0.194623
2.800000	0.321005	1.041168	-0.638343	1.008131	-0.131703	-0.194379
2.820000	0.367457	0.974472	-0.597332	1.007732	-0.130205	-0.194133
2.840000	0.411422	0.904213	-0.555387	1.007486	-0.128824	-0.193846
2.860000	0.452136	0.829869	-0.512609	1.007486	-0.127565	-0.193478
2.880000	0.488834	0.750919	-0.469100	1.007826	-0.126434	-0.192990
2.900000	0.520753	0.666842	-0.424963	1.008602	-0.125435	-0.192341
2.920000	0.547293	0.577302	-0.380279	1.009867	-0.124575	-0.191509
2.940000	0.568413	0.482588	-0.335059	1.011541	-0.123861	-0.190533
2.960000	0.584189	0.383119	-0.289300	1.013514	-0.123305	-0.189464
2.980000	0.594700	0.279315	-0.243000	1.015677	-0.122915	-0.188351
3.000000	0.600021	0.171598	-0.196156	1.017922	-0.122701	-0.187246
3.020000	0.600228	0.060387	-0.148765	1.020140	-0.122673	-0.186200
3.040000	0.595400	-0.053897	-0.100823	1.022221	-0.122841	-0.185264
3.060000	0.585612	-0.170834	-0.052329	1.024056	-0.123215	-0.184487
3.080000	0.570941	-0.290005	-0.003278	1.025537	-0.123803	-0.183922
3.100000	0.551464	-0.410988	0.046331	1.026554	-0.124616	-0.183619
3.120000	0.527257	-0.533363	0.096501	1.026998	-0.125663	-0.183628
3.140000	0.498397	-0.656711	0.147237	1.026760	-0.126954	-0.184001
3.160000	0.464962	-0.780610	0.198540	1.025732	-0.128499	-0.184788
3.180000	0.427027	-0.904642	0.250413	1.023803	-0.130308	-0.186040
3.200000	0.384669	-1.028384	0.302860	1.020866	-0.132389	-0.187807
3.220000	0.337966	-1.151418	0.355883	1.016811	-0.134753	-0.190142
3.240000	0.287031	-1.273334	0.409444	1.011546	-0.137407	-0.193084
3.260000	0.232256	-1.393806	0.463207	1.005112	-0.140333	-0.196606
3.280000	0.174158	-1.512543	0.516702	0.997605	-0.143508	-0.200649
3.300000	0.113251	-1.629257	0.569460	0.989123	-0.146903	-0.205153
3.320000	0.050051	-1.743657	0.621010	0.979764	-0.150495	-0.210059
3.340000	-0.014925	-1.855455	0.670882	0.969624	-0.154256	-0.215307
3.360000	-0.081161	-1.964360	0.718607	0.958803	-0.158160	-0.220839
3.380000	-0.148143	-2.070082	0.763714	0.947397	-0.162182	-0.226595
3.400000	-0.215353	-2.172333	0.805733	0.935504	-0.166296	-0.232515
3.420000	-0.282277	-2.270822	0.844194	0.923222	-0.170475	-0.238541
3.440000	-0.348397	-2.365260	0.878628	0.910648	-0.174694	-0.244613
3.460000	-0.413200	-2.455357	0.908564	0.897880	-0.178927	-0.250672
3.480000	-0.476167	-2.540824	0.933532	0.885015	-0.183147	-0.256658
3.500000	-0.536784	-2.621371	0.953063	0.872151	-0.187329	-0.262513
3.520000	-0.594535	-2.696708	0.966685	0.859386	-0.191447	-0.268176
3.540000	-0.648935	-2.766529	0.973977	0.846820	-0.195477	-0.273596
3.560000	-0.699804	-2.830364	0.974989	0.834592	-0.199406	-0.278794
3.580000	-0.747141	-2.887646	0.970042	0.822858	-0.203233	-0.283832
3.600000	-0.790945	-2.937811	0.959463	0.811778	-0.206954	-0.288774
3.620000	-0.831215	-2.980292	0.943575	0.801508	-0.210566	-0.293683
