0.000000	-0.199255	0.263344	-0.579487	0.144813	-0.986896	0.045232
0.020000	-0.170824	0.273982	-0.590583	0.144070	-0.987770	0.044696
0.040000	-0.142372	0.287890	-0.597342	0.143247	-0.988555	0.044315
0.060000	-0.114236	0.305056	-0.599556	0.142354	-0.989239	0.044101
0.080000	-0.086656	0.324816	-0.597436	0.141405	-0.989819	0.044047
0.100000	-0.059864	0.346459	-0.591226	0.140413	-0.990293	0.044141
0.120000	-0.034094	0.369271	-0.581169	0.139392	-0.990659	0.044373
0.140000	-0.009577	0.392539	-0.567508	0.138357	-0.990914	0.044734
0.160000	0.013454	0.415552	-0.550487	0.137320	-0.991057	0.045212
0.180000	0.034767	0.437596	-0.530349	0.136296	-0.991085	0.045799
0.200000	0.054129	0.457958	-0.507339	0.135299	-0.990995	0.046482
0.220000	0.071308	0.475927	-0.481700	0.134343	-0.990786	0.047252
0.240000	0.086071	0.490788	-0.453675	0.133441	-0.990456	0.048100
0.260000	0.098186	0.501830	-0.423507	0.132607	-0.990002	0.049013
0.280000	0.107421	0.508340	-0.391441	0.131855	-0.989421	0.049984
0.300000	0.113543	0.509605	-0.357720	0.131199	-0.988712	0.051000
0.320000	0.116319	0.504912	-0.322587	0.130653	-0.987873	0.052051
0.340000	0.115518	0.493549	-0.286286	0.130231	-0.986902	0.053129
0.360000	0.110933	0.474895	-0.249066	0.129945	-0.985796	0.054221
0.380000	0.102656	0.449308	-0.211238	0.129793	-0.984567	0.055311
0.400000	0.090954	0.417746	-0.173149	0.129766	-0.983232	0.056382
0.420000	0.076098	0.381170	-0.135147	0.129853	-0.981808	0.057413
0.440000	0.058360	0.340546	-0.097581	0.130045	-0.980313	0.058385
0.460000	0.038010	0.296836	-0.060799	0.130330	-0.978765	0.059279
0.480000	0.015319	0.251004	-0.025148	0.130699	-0.977181	0.060077
0.500000	-0.009440	0.204014	0.009022	0.131142	-0.975579	0.060759
0.520000	-0.035999	0.156830	0.041364	0.131648	-0.973975	0.061305
0.540000	-0.064085	0.110415	0.071530	0.132207	-0.972388	0.061697
0.560000	-0.093427	0.065733	0.099171	0.132809	-0.970835	0.061916
0.580000	-0.123755	0.023748	0.123940	0.133444	-0.969334	0.061942
0.600000	-0.154798	-0.014577	0.145487	0.134102	-0.967902	0.061756
0.620000	-0.186284	-0.048278	0.163466	0.134771	-0.966556	0.061339
0.640000	-0.217942	-0.076391	0.177528	0.135443	-0.965315	0.060672
0.660000	-0.249501	-0.097953	0.187324	0.136107	-0.964195	0.059737
0.680000	-0.280689	-0.112029	0.192516	0.136753	-0.963214	0.058513
0.700000	-0.311141	-0.118604	0.193062	0.137377	-0.962382	0.057011
0.720000	-0.340393	-0.118751	0.189269	0.137985	-0.961698	0.055269
0.740000	-0.367970	-0.113607	0.181467	0.138579	-0.961164	0.053330
0.760000	-0.393401	-0.104308	0.169985	0.139167	-0.960779	0.051236
0.780000	-0.416213	-0.091993	0.155152	0.139752	-0.960543	0.049028
0.800000	-0.435932	-0.077796	0.137295	0.140338	-0.960456	0.046748
0.820000	-0.452087	-0.062855	0.116745	0.140932	-0.960519	0.044438
0.840000	-0.464204	-0.048306	0.093829	0.141537	-0.960730	0.042140
0.860000	-0.471811	-0.035287	0.068878	0.142159	-0.961091	0.039896
0.880000	-0.474435	-0.024933	0.042218	0.142803	-0.961601	0.037747
0.900000	-0.471603	-0.018382	0.014181	0.143472	-0.962260	0.035735
0.920000	-0.462842	-0.016769	-0.014907	0.144172	-0.963068	0.033902
0.940000	-0.447681	-0.021233	-0.044715	0.144908	-0.964026	0.032290
0.960000	-0.425645	-0.032909	-0.074916	0.145685	-0.965133	0.030941
0.980000	-0.396263	-0.052934	-0.105180	0.146507	-0.966390	0.029896
1.000000	-0.359065	-0.082442	-0.135178	0.147379	-0.967795	0.029198
1.020000	-0.314278	-0.121806	-0.164461	0.148303	-0.969346	0.028864
1.040000	-0.263776	-0.169608	-0.192297	0.149273	-0.971026	0.028860
1.060000	-0.209668	-0.224176	-0.217917	0.150283	-0.972820	0.029143
1.080000	-0.154061	-0.283835	-0.240547	0.151326	-0.974710	0.029669
1.100000	-0.099065	-0.346911	-0.259417	0.152395	-0.976680	0.030396
1.120000	-0.046788	-0.411731	-0.273756	0.153484	-0.978714	0.031281
1.140000	0.000661	-0.476621	-0.282791	0.154586	-0.980795	0.032279
1.160000	0.041174	-0.539907	-0.285752	0.155694	-0.982906	0.033349
1.180000	0.072642	-0.599915	-0.281867	0.156802	-0.985031	0.034448
1.200000	0.092956	-0.654972	-0.270365	0.157904	-0.987153	0.035531
1.220000	0.100009	-0.703403	-0.250474	0.158992	-0.989256	0.036557
1.240000	0.091690	-0.743536	-0.221423	0.160060	-0.991323	0.037482
1.260000	0.065893	-0.773695	-0.182440	0.161101	-0.993337	0.038263
1.280000	0.020507	-0.792208	-0.132755	0.162109	-0.995283	0.038857
1.300000	-0.046575	-0.797401	-0.071595	0.163076	-0.997143	0.039221
1.320000	-0.137461	-0.787599	0.001811	0.163998	-0.998900	0.039312
1.340000	-0.253452	-0.761611	0.087840	0.164864	-1.000552	0.039092
1.360000	-0.391815	-0.720646	0.184913	0.165658	-1.002153	0.038554
1.380000	-0.548566	-0.666657	0.290842	0.166359	-1.003781	0.037697
1.400000	-0.719724	-0.601596	0.403440	0.166947	-1.005511	0.036522
1.420000	-0.901305	-0.527418	0.520517	0.167401	-1.007418	0.035030
1.440000	-1.089325	-0.446075	0.639888	0.167703	-1.009579	0.033221
1.460000	-1.279801	-0.359522	0.759363	0.167831	-1.012070	0.031094
1.480000	-1.468751	-0.269711	0.876755	0.167765	-1.014966	0.028652
1.500000	-1.652190	-0.178595	0.989876	0.167484	-1.018342	0.025894
1.520000	-1.826136	-0.088129	1.096538	0.166970	-1.022276	0.022820
1.540000	-1.986606	-0.000266	1.194553	0.166201	-1.026842	0.019432
1.560000	-2.129616	0.083042	1.281734	0.165157	-1.032116	0.015729
1.580000	-2.251184	0.159840	1.355892	0.163818	-1.038175	0.011712
1.600000	-2.347325	0.228175	1.414840	0.162164	-1.045094	0.007381
1.620000	-2.414057	0.286094	1.456390	0.160174	-1.052948	0.002737
1.640000	-2.447396	0.331644	1.478353	0.157829	-1.061814	-0.002220
1.660000	-2.443764	0.363048	1.478759	0.155111	-1.071752	-0.007486
1.680000	-2.404159	0.380528	1.458081	0.152041	-1.082643	-0.013024
1.700000	-2.332485	0.385575	1.418346	0.148665	-1.094253	-0.018775
1.720000	-2.232687	0.379701	1.361601	0.145029	-1.106350	-0.024679
1.740000	-2.108714	0.364415	1.289898	0.141178	-1.118700	-0.030677
1.760000	-1.964514	0.341229	1.205287	0.137157	-1.131067	-0.036710
1.780000	-1.804033	0.311653	1.109816	0.133012	-1.143218	-0.042718
1.800000	-1.631220	0.277198	1.005535	0.128789	-1.154920	-0.048642
1.820000	-1.450022	0.239374	0.894495	0.124533	-1.165936	-0.054422
1.840000	-1.264386	0.199692	0.778745	0.120290	-1.176035	-0.059999
1.860000	-1.078260	0.159663	0.660335	0.116106	-1.184981	-0.065314
1.880000	-0.895592	0.120798	0.541314	0.112026	-1.192540	-0.070308
1.900000	-0.720330	0.084608	0.423733	0.108096	-1.198479	-0.074920
1.920000	-0.556419	0.052602	0.309640	0.104361	-1.202563	-0.079091
1.940000	-0.407810	0.026292	0.201087	0.100867	-1.204558	-0.082763
1.960000	-0.278448	0.007188	0.100122	0.097660	-1.204229	-0.085876
1.980000	-0.172200	-0.003229	0.008760	0.094784	-1.201350	-0.088371
2.000000	-0.090116	-0.004535	-0.072194	0.092256	-1.195907	-0.090247
2.020000	-0.029769	0.002394	-0.143431	0.090058	-1.188151	-0.091569
2.040000	0.011485	0.016598	-0.205734	0.088172	-1.178351	-0.092408
2.060000	0.036286	0.037119	-0.259884	0.086576	-1.166774	-0.092834
2.080000	0.047277	0.063000	-0.306666	0.085251	-1.153689	-0.092917
2.100000	0.047101	0.093282	-0.346862	0.084177	-1.139364	-0.092727
