0.000000	0.116328	0.040285	-0.563605	0.064761	-1.034767	-0.138264
0.020000	0.084022	0.048935	-0.522390	0.064754	-1.041419	-0.135532
0.040000	0.049536	0.057795	-0.479972	0.064962	-1.047994	-0.132461
0.060000	0.014017	0.067486	-0.437700	0.065376	-1.054322	-0.129112
0.080000	-0.021393	0.078629	-0.396926	0.065988	-1.060233	-0.125542
0.100000	-0.055546	0.091844	-0.359000	0.066790	-1.065558	-0.121812
0.120000	-0.087298	0.107753	-0.325272	0.067773	-1.070129	-0.117981
0.140000	-0.115504	0.126975	-0.297092	0.068928	-1.073775	-0.114108
0.160000	-0.139019	0.150131	-0.275812	0.070247	-1.076327	-0.110254
0.180000	-0.156698	0.177841	-0.262781	0.071722	-1.077617	-0.106477
0.200000	-0.167395	0.210726	-0.259351	0.073344	-1.077475	-0.102836
0.220000	-0.170230	0.249189	-0.266505	0.075103	-1.075776	-0.099388
0.240000	-0.165678	0.292503	-0.283342	0.076978	-1.072623	-0.096160
0.260000	-0.154652	0.339583	-0.308356	0.078946	-1.068194	-0.093174
0.280000	-0.138063	0.389342	-0.340041	0.080983	-1.062665	-0.090451
0.300000	-0.116826	0.440692	-0.376889	0.083066	-1.056214	-0.088012
0.320000	-0.091851	0.492548	-0.417395	0.085172	-1.049017	-0.085879
0.340000	-0.064052	0.543822	-0.460050	0.087276	-1.041252	-0.084072
0.360000	-0.034340	0.593429	-0.503350	0.089356	-1.033095	-0.082613
0.380000	-0.003628	0.640280	-0.545787	0.091387	-1.024724	-0.081524
0.400000	0.027171	0.683290	-0.585854	0.093347	-1.016315	-0.080824
0.420000	0.057146	0.721372	-0.622044	0.095211	-1.008045	-0.080535
0.440000	0.085383	0.753439	-0.652852	0.096957	-1.000092	-0.080679
0.460000	0.110971	0.778404	-0.676771	0.098560	-0.992633	-0.081277
0.480000	0.132997	0.795181	-0.692293	0.099998	-0.985844	-0.082350
0.500000	0.150548	0.802682	-0.697912	0.101246	-0.979902	-0.083918
0.520000	0.162716	0.799828	-0.692129	0.102281	-0.974984	-0.086004
0.540000	0.169001	0.786257	-0.674357	0.103095	-0.971181	-0.088593
0.560000	0.169714	0.763043	-0.645821	0.103708	-0.968413	-0.091605
0.580000	0.165264	0.731424	-0.607956	0.104145	-0.966584	-0.094952
0.600000	0.156057	0.692641	-0.562201	0.104428	-0.965593	-0.098544
0.620000	0.142501	0.647934	-0.509993	0.104582	-0.965344	-0.102293
0.640000	0.125005	0.598542	-0.452767	0.104630	-0.965736	-0.106111
0.660000	0.103974	0.545705	-0.391963	0.104598	-0.966673	-0.109909
0.680000	0.079817	0.490663	-0.329016	0.104508	-0.968055	-0.113598
0.700000	0.052941	0.434656	-0.265364	0.104384	-0.969784	-0.117089
0.720000	0.023754	0.378924	-0.202444	0.104252	-0.971761	-0.120294
0.740000	-0.007337	0.324707	-0.141692	0.104133	-0.973889	-0.123124
0.760000	-0.039924	0.273244	-0.084546	0.104053	-0.976068	-0.125491
0.780000	-0.073600	0.225775	-0.032444	0.104036	-0.978200	-0.127305
0.800000	-0.107957	0.183541	0.013179	0.104104	-0.980188	-0.128479
0.820000	-0.142589	0.147780	0.050885	0.104283	-0.981931	-0.128923
0.840000	-0.177153	0.119207	0.079822	0.104581	-0.983362	-0.128595
0.860000	-0.211481	0.097194	0.100630	0.104974	-0.984490	-0.127570
0.880000	-0.245430	0.080897	0.114188	0.105430	-0.985334	-0.125943
0.900000	-0.278858	0.069474	0.121377	0.105917	-0.985914	-0.123806
0.920000	-0.311622	0.062081	0.123075	0.106403	-0.986251	-0.121255
0.940000	-0.343581	0.057875	0.120161	0.106858	-0.986366	-0.118382
0.960000	-0.374591	0.056013	0.113514	0.107249	-0.986279	-0.115282
0.980000	-0.404511	0.055653	0.104014	0.107545	-0.986010	-0.112050
1.000000	-0.433197	0.055951	0.092539	0.107715	-0.985579	-0.108777
1.020000	-0.460508	0.056064	0.079970	0.107726	-0.985007	-0.105560
1.040000	-0.486301	0.055150	0.067184	0.107548	-0.984315	-0.102491
1.060000	-0.510434	0.052364	0.055062	0.107149	-0.983521	-0.099665
1.080000	-0.532765	0.046865	0.044482	0.106496	-0.982648	-0.097175
1.100000	-0.553151	0.037810	0.036324	0.105560	-0.981715	-0.095116
1.120000	-0.571449	0.024354	0.031466	0.104308	-0.980743	-0.093581
1.140000	-0.587517	0.005686	0.030761	0.102710	-0.979751	-0.092661
1.160000	-0.601205	-0.018239	0.034355	0.100773	-0.978754	-0.092375
1.180000	-0.612354	-0.046644	0.041642	0.098541	-0.977760	-0.092661
1.200000	-0.620806	-0.078713	0.051981	0.096063	-0.976776	-0.093455
1.220000	-0.626400	-0.113630	0.064731	0.093385	-0.975810	-0.094692
1.240000	-0.628979	-0.150581	0.079251	0.090555	-0.974868	-0.096308
1.260000	-0.628383	-0.188748	0.094899	0.087620	-0.973959	-0.098238
1.280000	-0.624454	-0.227317	0.111034	0.084627	-0.973090	-0.100419
1.300000	-0.617032	-0.265472	0.127015	0.081624	-0.972268	-0.102784
1.320000	-0.605959	-0.302396	0.142200	0.078658	-0.971502	-0.105271
1.340000	-0.591075	-0.337274	0.155947	0.075776	-0.970797	-0.107813
1.360000	-0.572223	-0.369291	0.167616	0.073025	-0.970162	-0.110348
1.380000	-0.549242	-0.397631	0.176565	0.070453	-0.969605	-0.112809
1.400000	-0.521973	-0.421477	0.182154	0.068107	-0.969132	-0.115134
1.420000	-0.490259	-0.440014	0.183739	0.066034	-0.968751	-0.117257
1.440000	-0.453940	-0.452427	0.180681	0.064282	-0.968470	-0.119114
1.460000	-0.412856	-0.457899	0.172337	0.062898	-0.968297	-0.120640
1.480000	-0.366916	-0.455685	0.158132	0.061924	-0.968237	-0.121775
1.500000	-0.316860	-0.445914	0.138314	0.061356	-0.968304	-0.122517
1.520000	-0.264009	-0.429326	0.113702	0.061152	-0.968511	-0.122904
1.540000	-0.209692	-0.406669	0.085125	0.061271	-0.968871	-0.122973
1.560000	-0.155239	-0.378694	0.053413	0.061672	-0.969397	-0.122762
1.580000	-0.101980	-0.346149	0.019396	0.062314	-0.970105	-0.122309
1.600000	-0.051247	-0.309785	-0.016096	0.063156	-0.971006	-0.121653
1.620000	-0.004369	-0.270351	-0.052234	0.064156	-0.972116	-0.120832
1.640000	0.037325	-0.228596	-0.088189	0.065273	-0.973447	-0.119883
1.660000	0.072502	-0.185269	-0.123129	0.066466	-0.975013	-0.118846
1.680000	0.099834	-0.141122	-0.156227	0.067695	-0.976828	-0.117756
1.700000	0.117990	-0.096902	-0.186651	0.068916	-0.978905	-0.116654
1.720000	0.125640	-0.053360	-0.213573	0.070091	-0.981259	-0.115577
1.740000	0.121454	-0.011245	-0.236163	0.071176	-0.983902	-0.114563
1.760000	0.104101	0.028693	-0.253590	0.072132	-0.986849	-0.113650
1.780000	0.072338	0.065727	-0.265064	0.072918	-0.990110	-0.112875
1.800000	0.026530	0.099553	-0.270504	0.073524	-0.993664	-0.112246
1.820000	-0.031545	0.130234	-0.270455	0.073965	-0.997456	-0.111749
1.840000	-0.100058	0.157848	-0.265482	0.074257	-1.001432	-0.111367
1.860000	-0.177180	0.182474	-0.256153	0.074416	-1.005535	-0.111083
1.880000	-0.261086	0.204187	-0.243032	0.074458	-1.009712	-0.110883
1.900000	-0.349946	0.223067	-0.226687	0.074398	-1.013907	-0.110749
1.920000	-0.441932	0.239191	-0.207682	0.074253	-1.018065	-0.110665
1.940000	-0.535218	0.252635	-0.186585	0.074038	-1.022132	-0.110615
1.960000	-0.627974	0.263479	-0.163962	0.073769	-1.026052	-0.110584
1.980000	-0.718373	0.271799	-0.140378	0.073463	-1.029771	-0.110554
2.000000	-0.804587	0.277673	-0.116399	0.073135	-1.033233	-0.110509
2.020000	-0.884788	0.281179	-0.092593	0.072801	-1.036384	-0.110434
2.040000	-0.957149	0.282393	-0.069524	0.072478	-1.039169	-0.110312
2.060000	-1.019841	0.281395	-0.047760	0.072180	-1.041532	-0.110127
2.080000	-1.071037	0.278261	-0.027865	0.071924	-1.043419	-0.109862
2.100000	-1.108921	0.273070	-0.010404	0.071726	-1.044775	-0.109502
2.120000	-1.132730	0.265929	0.004285	0.071592	-1.045583	-0.109046
2.140000	-1.143505	0.257001	0.016249	0.071516	-1.045885	-0.108519
2.160000	-1.142466	0.246451	0.025576	0.071488	-1.045734	-0.107947
2.180000	-1.130833	0.234447	0.032350	0.071498	-1.045178	-0.107359
2.200000	-1.109827	0.221154	0.036657	0.071538	-1.044269	-0.106781
2.220000	-1.080667	0.206739	0.038585	0.071597	-1.043056	-0.106241
2.240000	-1.044573	0.191369	0.038217	0.071668	-1.041591	-0.105766
2.260000	-1.002765	0.175210	0.035641	0.071741	-1.039923	-0.105384
2.280000	-0.956463	0.158428	0.030943	0.071806	-1.038103	-0.105122
2.300000	-0.906888	0.141191	0.024207	0.071854	-1.036181	-0.105008
2.320000	-0.855258	0.123663	0.015521	0.071877	-1.034208	-0.105068
2.340000	-0.802795	0.106013	0.004970	0.071864	-1.032234	-0.105330
2.360000	-0.750718	0.088406	-0.007360	0.071807	-1.030309	-0.105822
2.380000	-0.700247	0.071008	-0.021383	0.071696	-1.028484	-0.106571
2.400000	-0.652602	0.053987	-0.037012	0.071523	-1.026809	-0.107604
2.420000	-0.609003	0.037508	-0.054164	0.071278	-1.025335	-0.108948
2.440000	-0.570293	0.021787	-0.072689	0.070956	-1.024095	-0.110616
2.460000	-0.535981	0.007204	-0.092228	0.070572	-1.023065	-0.112565
2.480000	-0.505282	-0.005819	-0.112370	0.070142	-1.022208	-0.114740
