0.000000	-0.429391	0.456928	-0.125278	0.052172	-1.021965	-0.114862
0.020000	-0.385206	0.510493	-0.137741	0.052567	-1.020348	-0.114294
0.040000	-0.340074	0.559570	-0.150053	0.052952	-1.018756	-0.113823
0.060000	-0.294314	0.603417	-0.161972	0.053320	-1.017151	-0.113478
0.080000	-0.248245	0.641289	-0.173260	0.053667	-1.015494	-0.113288
0.100000	-0.202183	0.672441	-0.183676	0.053987	-1.013746	-0.113283
0.120000	-0.156447	0.696130	-0.192979	0.054274	-1.011867	-0.113493
0.140000	-0.111355	0.711613	-0.200931	0.054522	-1.009821	-0.113949
0.160000	-0.067225	0.718147	-0.207291	0.054726	-1.007568	-0.114678
0.180000	-0.024239	0.715475	-0.211999	0.054884	-1.005091	-0.115690
0.200000	0.017715	0.704394	-0.215379	0.055003	-1.002420	-0.116944
0.220000	0.058785	0.685840	-0.217808	0.055091	-0.999593	-0.118396
0.240000	0.099122	0.660750	-0.219664	0.055154	-0.996646	-0.119999
0.260000	0.138876	0.630058	-0.221321	0.055201	-0.993616	-0.121707
0.280000	0.178197	0.594700	-0.223156	0.055240	-0.990540	-0.123476
0.300000	0.217234	0.555613	-0.225547	0.055278	-0.987453	-0.125258
0.320000	0.256137	0.513732	-0.228869	0.055322	-0.984394	-0.127009
0.340000	0.295056	0.469993	-0.233498	0.055382	-0.981398	-0.128682
0.360000	0.334141	0.425331	-0.239812	0.055463	-0.978502	-0.130232
0.380000	0.373542	0.380684	-0.248186	0.055575	-0.975744	-0.131614
0.400000	0.413408	0.336985	-0.258998	0.055724	-0.973159	-0.132781
0.420000	0.453890	0.295172	-0.272622	0.055918	-0.970785	-0.133688
0.440000	0.495137	0.256180	-0.289437	0.056166	-0.968658	-0.134289
0.460000	0.537299	0.220945	-0.309817	0.056474	-0.966814	-0.134538
0.480000	0.580501	0.190371	-0.334110	0.056851	-0.965291	-0.134391
0.500000	0.624367	0.164749	-0.362054	0.057298	-0.964101	-0.133827
0.520000	0.668066	0.143807	-0.392838	0.057811	-0.963242	-0.132846
0.540000	0.710752	0.127254	-0.425629	0.058387	-0.962709	-0.131450
0.560000	0.751575	0.114799	-0.459594	0.059022	-0.962498	-0.129639
0.580000	0.789689	0.106151	-0.493901	0.059714	-0.962603	-0.127415
0.600000	0.824246	0.101018	-0.527718	0.060458	-0.963020	-0.124780
0.620000	0.854399	0.099109	-0.560212	0.061250	-0.963744	-0.121734
0.640000	0.879299	0.100132	-0.590550	0.062088	-0.964772	-0.118278
0.660000	0.898100	0.103797	-0.617899	0.062967	-0.966097	-0.114415
0.680000	0.909953	0.109813	-0.641428	0.063885	-0.967717	-0.110145
0.700000	0.914012	0.117886	-0.660304	0.064837	-0.969625	-0.105470
0.720000	0.909428	0.127728	-0.673694	0.065820	-0.971818	-0.100390
0.740000	0.895353	0.139046	-0.680766	0.066830	-0.974290	-0.094907
0.760000	0.870941	0.151548	-0.680686	0.067864	-0.977038	-0.089022
0.780000	0.835344	0.164944	-0.672624	0.068918	-0.980057	-0.082737
0.800000	0.787714	0.178943	-0.655745	0.069989	-0.983341	-0.076053
0.820000	0.727352	0.193276	-0.629339	0.071073	-0.986882	-0.068977
0.840000	0.655084	0.207928	-0.593941	0.072169	-0.990626	-0.061591
0.860000	0.572637	0.223027	-0.550821	0.073274	-0.994490	-0.054016
0.880000	0.481748	0.238706	-0.501258	0.074388	-0.998394	-0.046377
0.900000	0.384155	0.255097	-0.446532	0.075508	-1.002254	-0.038795
0.920000	0.281595	0.272330	-0.387922	0.076635	-1.005990	-0.031394
0.940000	0.175805	0.290538	-0.326706	0.077765	-1.009520	-0.024298
0.960000	0.068524	0.309853	-0.264165	0.078899	-1.012760	-0.017629
0.980000	-0.038513	0.330405	-0.201578	0.080035	-1.015631	-0.011510
1.000000	-0.143566	0.352328	-0.140223	0.081171	-1.018050	-0.006065
1.020000	-0.244899	0.375752	-0.081380	0.082306	-1.019935	-0.001417
1.040000	-0.340775	0.400810	-0.026328	0.083439	-1.021204	0.002311
1.060000	-0.429455	0.427633	0.023652	0.084568	-1.021776	0.004997
1.080000	-0.509203	0.456352	0.067283	0.085692	-1.021568	0.006516
1.100000	-0.578280	0.487100	0.103285	0.086810	-1.020499	0.006746
1.120000	-0.634950	0.520009	0.130379	0.087921	-1.018487	0.005563
1.140000	-0.678000	0.555045	0.147675	0.089021	-1.015494	0.002901
1.160000	-0.708157	0.591572	0.155721	0.090103	-1.011647	-0.001103
1.180000	-0.726590	0.628813	0.155398	0.091159	-1.007110	-0.006264
1.200000	-0.734473	0.665990	0.147584	0.092180	-1.002046	-0.012397
1.220000	-0.732977	0.702328	0.133160	0.093157	-0.996619	-0.019316
1.240000	-0.723273	0.737049	0.113004	0.094082	-0.990994	-0.026837
1.260000	-0.706534	0.769377	0.087996	0.094946	-0.985333	-0.034775
1.280000	-0.683930	0.798534	0.059016	0.095740	-0.979801	-0.042943
1.300000	-0.656635	0.823745	0.026943	0.096457	-0.974562	-0.051158
1.320000	-0.625818	0.844231	-0.007343	0.097087	-0.969779	-0.059234
1.340000	-0.592652	0.859217	-0.042963	0.097621	-0.965617	-0.066985
1.360000	-0.558309	0.867926	-0.079037	0.098052	-0.962239	-0.074227
1.380000	-0.523961	0.869581	-0.114686	0.098370	-0.959810	-0.080775
1.400000	-0.490778	0.863405	-0.149030	0.098566	-0.958492	-0.086444
1.420000	-0.459933	0.848621	-0.181189	0.098633	-0.958450	-0.091048
1.440000	-0.432413	0.824732	-0.210407	0.098565	-0.959802	-0.094445
1.460000	-0.408304	0.792606	-0.236517	0.098369	-0.962440	-0.096701
1.480000	-0.387419	0.753525	-0.259534	0.098060	-0.966190	-0.097949
1.500000	-0.369570	0.708771	-0.279475	0.097650	-0.970875	-0.098316
1.520000	-0.354570	0.659626	-0.296353	0.097152	-0.976321	-0.097935
1.540000	-0.342232	0.607374	-0.310183	0.096578	-0.982351	-0.096934
1.560000	-0.332368	0.553295	-0.320982	0.095943	-0.988791	-0.095446
1.580000	-0.324791	0.498673	-0.328764	0.095259	-0.995464	-0.093599
1.600000	-0.319312	0.444790	-0.333544	0.094539	-1.002196	-0.091524
1.620000	-0.315746	0.392929	-0.335336	0.093796	-1.008811	-0.089353
1.640000	-0.313904	0.344371	-0.334158	0.093043	-1.015133	-0.087214
1.660000	-0.313598	0.300398	-0.330022	0.092292	-1.020987	-0.085238
1.680000	-0.314642	0.262295	-0.322945	0.091558	-1.026198	-0.083556
1.700000	-0.316848	0.231342	-0.312942	0.090852	-1.030590	-0.082299
1.720000	-0.320029	0.208821	-0.300027	0.090189	-1.033988	-0.081595
1.740000	-0.324009	0.195778	-0.284265	0.089578	-1.036245	-0.081556
1.760000	-0.328696	0.191706	-0.266041	0.089018	-1.037413	-0.082158
1.780000	-0.334029	0.195482	-0.245868	0.088502	-1.037619	-0.083328
1.800000	-0.339948	0.205982	-0.224257	0.088023	-1.036990	-0.084988
1.820000	-0.346393	0.222081	-0.201722	0.087575	-1.035654	-0.087064
1.840000	-0.353303	0.242655	-0.178776	0.087150	-1.033739	-0.089480
1.860000	-0.360619	0.266580	-0.155931	0.086741	-1.031372	-0.092161
1.880000	-0.368280	0.292730	-0.133700	0.086341	-1.028682	-0.095032
1.900000	-0.376225	0.319981	-0.112596	0.085945	-1.025796	-0.098016
1.920000	-0.384395	0.347209	-0.093132	0.085543	-1.022842	-0.101040
1.940000	-0.392728	0.373289	-0.075820	0.085131	-1.019948	-0.104026
1.960000	-0.401166	0.397096	-0.061173	0.084699	-1.017241	-0.106900
1.980000	-0.409647	0.417507	-0.049704	0.084243	-1.014850	-0.109587
2.000000	-0.418112	0.433396	-0.041926	0.083755	-1.012901	-0.112011
2.020000	-0.426499	0.443639	-0.038351	0.083227	-1.011523	-0.114096
2.040000	-0.434749	0.447111	-0.039493	0.082653	-1.010844	-0.115767
2.060000	-0.442802	0.442689	-0.045864	0.082027	-1.010990	-0.116950
2.080000	-0.450552	0.429709	-0.057775	0.081347	-1.012047	-0.117589
2.100000	-0.457718	0.409322	-0.074752	0.080640	-1.013920	-0.117718
2.120000	-0.463974	0.383121	-0.096124	0.079938	-1.016476	-0.117389
2.140000	-0.468997	0.352701	-0.121223	0.079273	-1.019580	-0.116657
2.160000	-0.472461	0.319656	-0.149381	0.078679	-1.023096	-0.115574
2.180000	-0.474043	0.285579	-0.179928	0.078187	-1.026890	-0.114194
2.200000	-0.473416	0.252064	-0.212196	0.077830	-1.030827	-0.112570
