0.000000	0.072156	0.562700	-0.291142	0.029678	-1.089400	-0.208911
0.020000	0.102769	0.548537	-0.285023	0.030954	-1.087370	-0.212666
0.040000	0.134432	0.534891	-0.280304	0.032303	-1.084568	-0.216103
0.060000	0.166972	0.522592	-0.276898	0.033726	-1.080938	-0.219138
0.080000	0.200217	0.512469	-0.274720	0.035221	-1.076427	-0.221687
0.100000	0.233994	0.505353	-0.273682	0.036788	-1.070982	-0.223665
0.120000	0.268133	0.502074	-0.273699	0.038427	-1.064549	-0.224989
0.140000	0.302460	0.503462	-0.274685	0.040137	-1.057073	-0.225573
0.160000	0.336839	0.510151	-0.276550	0.041915	-1.048533	-0.225351
0.180000	0.371312	0.521767	-0.279190	0.043751	-1.039069	-0.224339
0.200000	0.405978	0.537611	-0.282496	0.045627	-1.028877	-0.222583
0.220000	0.440939	0.556984	-0.286358	0.047530	-1.018148	-0.220127
0.240000	0.476293	0.579188	-0.290667	0.049445	-1.007078	-0.217018
0.260000	0.512141	0.603524	-0.295313	0.051355	-0.995860	-0.213299
0.280000	0.548582	0.629293	-0.300188	0.053246	-0.984687	-0.209016
0.300000	0.585717	0.655797	-0.305182	0.055102	-0.973753	-0.204213
0.320000	0.623646	0.682337	-0.310185	0.056908	-0.963251	-0.198937
0.340000	0.662469	0.708214	-0.315088	0.058650	-0.953377	-0.193231
0.360000	0.702285	0.732730	-0.319782	0.060312	-0.944323	-0.187141
0.380000	0.743195	0.755185	-0.324158	0.061878	-0.936282	-0.180712
0.400000	0.785298	0.774881	-0.328106	0.063334	-0.929450	-0.173989
0.420000	0.828696	0.791120	-0.331517	0.064664	-0.924018	-0.167016
0.440000	0.873486	0.803203	-0.334281	0.065853	-0.920182	-0.159840
0.460000	0.919768	0.810433	-0.336290	0.066886	-0.918134	-0.152505
0.480000	0.967277	0.812395	-0.337483	0.067751	-0.917934	-0.145060
0.500000	1.015039	0.809231	-0.337892	0.068443	-0.919380	-0.137567
0.520000	1.061993	0.801152	-0.337565	0.068956	-0.922238	-0.130085
0.540000	1.107080	0.788365	-0.336545	0.069287	-0.926277	-0.122675
0.560000	1.149240	0.771078	-0.334878	0.069430	-0.931263	-0.115399
0.580000	1.187412	0.749501	-0.332610	0.069381	-0.936963	-0.108317
0.600000	1.220538	0.723841	-0.329785	0.069135	-0.943144	-0.101490
0.620000	1.247556	0.694308	-0.326448	0.068688	-0.949573	-0.094980
0.640000	1.267408	0.661109	-0.322645	0.068035	-0.956018	-0.088846
0.660000	1.279034	0.624454	-0.318420	0.067171	-0.962244	-0.083151
0.680000	1.281373	0.584551	-0.313820	0.066091	-0.968020	-0.077954
0.700000	1.273366	0.541609	-0.308888	0.064791	-0.973112	-0.073317
0.720000	1.253952	0.495835	-0.303671	0.063266	-0.977287	-0.069300
0.740000	1.222073	0.447439	-0.298214	0.061512	-0.980312	-0.065965
0.760000	1.176668	0.396629	-0.292561	0.059524	-0.981954	-0.063373
0.780000	1.116771	0.343621	-0.286754	0.057298	-0.981995	-0.061580
0.800000	1.043003	0.288741	-0.280774	0.054860	-0.980456	-0.060573
0.820000	0.957310	0.232410	-0.274552	0.052259	-0.977556	-0.060281
0.840000	0.861677	0.175052	-0.268016	0.049542	-0.973522	-0.060631
0.860000	0.758092	0.117090	-0.261094	0.046760	-0.968583	-0.061551
0.880000	0.648540	0.058949	-0.253716	0.043962	-0.962964	-0.062967
0.900000	0.535009	0.001051	-0.245810	0.041196	-0.956893	-0.064806
0.920000	0.419483	-0.056180	-0.237305	0.038512	-0.950596	-0.066997
0.940000	0.303950	-0.112320	-0.228129	0.035959	-0.944300	-0.069464
0.960000	0.190396	-0.166946	-0.218211	0.033586	-0.938233	-0.072137
0.980000	0.080807	-0.219634	-0.207480	0.031442	-0.932621	-0.074942
1.000000	-0.022830	-0.269960	-0.195864	0.029576	-0.927690	-0.077806
1.020000	-0.118530	-0.317501	-0.183293	0.028037	-0.923669	-0.080655
1.040000	-0.204305	-0.361833	-0.169694	0.026875	-0.920783	-0.083418
1.060000	-0.278170	-0.402533	-0.154997	0.026139	-0.919260	-0.086022
1.080000	-0.338137	-0.439177	-0.139130	0.025877	-0.919326	-0.088392
1.100000	-0.382699	-0.471372	-0.122038	0.026125	-0.921155	-0.090469
1.120000	-0.412959	-0.498894	-0.103752	0.026843	-0.924628	-0.092256
1.140000	-0.430914	-0.521576	-0.084335	0.027966	-0.929526	-0.093778
1.160000	-0.438558	-0.539251	-0.063848	0.029426	-0.935629	-0.095061
1.180000	-0.437890	-0.551752	-0.042352	0.031159	-0.942718	-0.096132
1.200000	-0.430905	-0.558912	-0.019910	0.033098	-0.950574	-0.097015
1.220000	-0.419600	-0.560564	0.003416	0.035178	-0.958978	-0.097735
1.240000	-0.405971	-0.556542	0.027567	0.037333	-0.967711	-0.098320
1.260000	-0.392014	-0.546678	0.052478	0.039496	-0.976553	-0.098794
1.280000	-0.379726	-0.530806	0.078090	0.041603	-0.985285	-0.099184
1.300000	-0.371103	-0.508758	0.104340	0.043587	-0.993688	-0.099514
1.320000	-0.368142	-0.480368	0.131166	0.045382	-1.001543	-0.099810
1.340000	-0.372838	-0.445469	0.158507	0.046923	-1.008631	-0.100099
1.360000	-0.387189	-0.403893	0.186301	0.048143	-1.014732	-0.100406
1.380000	-0.413191	-0.355475	0.214487	0.048977	-1.019627	-0.100756
1.400000	-0.452832	-0.300049	0.243002	0.049359	-1.023098	-0.101175
1.420000	-0.506838	-0.237881	0.271640	0.049256	-1.025050	-0.101688
1.440000	-0.573289	-0.170137	0.299896	0.048706	-1.025644	-0.102318
1.460000	-0.649931	-0.098095	0.327228	0.047751	-1.025075	-0.103088
1.480000	-0.734509	-0.023035	0.353093	0.046438	-1.023538	-0.104022
1.500000	-0.824768	0.053764	0.376947	0.044812	-1.021229	-0.105143
1.520000	-0.918456	0.131023	0.398249	0.042917	-1.018340	-0.106473
1.540000	-1.013317	0.207463	0.416454	0.040799	-1.015069	-0.108035
1.560000	-1.107097	0.281805	0.431021	0.038502	-1.011608	-0.109853
1.580000	-1.197542	0.352769	0.441406	0.036071	-1.008153	-0.111950
1.600000	-1.282398	0.419077	0.447066	0.033552	-1.004898	-0.114349
1.620000	-1.359411	0.479450	0.447459	0.030988	-1.002039	-0.117073
1.640000	-1.426326	0.532608	0.442042	0.028427	-0.999770	-0.120144
1.660000	-1.480889	0.577272	0.430272	0.025911	-0.998286	-0.123587
1.680000	-1.520846	0.612163	0.411606	0.023486	-0.997781	-0.127424
1.700000	-1.543944	0.636003	0.385502	0.021198	-0.998450	-0.131678
1.720000	-1.548934	0.648032	0.351820	0.019081	-1.000411	-0.136347
1.740000	-1.537311	0.648907	0.311523	0.017147	-1.003567	-0.141361
1.760000	-1.511030	0.639522	0.265756	0.015400	-1.007787	-0.146640
1.780000	-1.472046	0.620774	0.215667	0.013849	-1.012941	-0.152101
1.800000	-1.422318	0.593557	0.162403	0.012497	-1.018896	-0.157663
1.820000	-1.363800	0.558767	0.107111	0.011353	-1.025521	-0.163245
1.840000	-1.298449	0.517300	0.050938	0.010421	-1.032685	-0.168766
1.860000	-1.228222	0.470050	-0.004969	0.009709	-1.040257	-0.174143
1.880000	-1.155074	0.417913	-0.059463	0.009221	-1.048106	-0.179297
1.900000	-1.080961	0.361785	-0.111397	0.008965	-1.056099	-0.184145
1.920000	-1.007841	0.302561	-0.159625	0.008946	-1.064106	-0.188605
1.940000	-0.937668	0.241136	-0.202998	0.009170	-1.071995	-0.192598
1.960000	-0.872400	0.178406	-0.240370	0.009644	-1.079636	-0.196040
1.980000	-0.813993	0.115267	-0.270594	0.010374	-1.086896	-0.198852
2.000000	-0.764403	0.052613	-0.292523	0.011366	-1.093645	-0.200951
2.020000	-0.725586	-0.008661	-0.305009	0.012625	-1.099751	-0.202256
2.040000	-0.699498	-0.067657	-0.306907	0.014159	-1.105083	-0.202686
2.060000	-0.687843	-0.123522	-0.297246	0.015970	-1.109518	-0.202172
2.080000	-0.689845	-0.175782	-0.276810	0.018030	-1.113027	-0.200765
2.100000	-0.703318	-0.224185	-0.247375	0.020296	-1.115631	-0.198588
2.120000	-0.726063	-0.268481	-0.210729	0.022720	-1.117353	-0.195763
2.140000	-0.755877	-0.308419	-0.168658	0.025259	-1.118214	-0.192410
2.160000	-0.790560	-0.343749	-0.122952	0.027867	-1.118238	-0.188653
2.180000	-0.827912	-0.374220	-0.075397	0.030500	-1.117445	-0.184614
2.200000	-0.865732	-0.399582	-0.027781	0.033111	-1.115860	-0.180413
2.220000	-0.901818	-0.419584	0.018107	0.035656	-1.113503	-0.176175
2.240000	-0.933971	-0.433976	0.060480	0.038089	-1.110397	-0.172020
2.260000	-0.959988	-0.442507	0.097552	0.040366	-1.106565	-0.168070
2.280000	-0.977670	-0.444928	0.127532	0.042442	-1.102028	-0.164447
2.300000	-0.984816	-0.440987	0.148635	0.044270	-1.096810	-0.161275
2.320000	-0.979224	-0.430434	0.159072	0.045807	-1.090932	-0.158674
2.340000	-0.958695	-0.413019	0.157056	0.047006	-1.084416	-0.156766
2.360000	-0.921185	-0.388542	0.140951	0.047828	-1.077289	-0.155665
2.380000	-0.866841	-0.357520	0.111205	0.048289	-1.069623	-0.155355
2.400000	-0.797402	-0.320986	0.069788	0.048449	-1.061523	-0.155728
2.420000	-0.714641	-0.279986	0.018701	0.048370	-1.053098	-0.156674
