0.000000	0.326037	-0.396011	-0.287828	0.064570	-0.965912	-0.084445
0.020000	0.324588	-0.379174	-0.304858	0.065501	-0.963658	-0.082412
0.040000	0.314695	-0.351594	-0.320277	0.066910	-0.962419	-0.080194
0.060000	0.296512	-0.313693	-0.333990	0.068784	-0.962196	-0.077809
0.080000	0.271183	-0.267055	-0.346117	0.071058	-0.962867	-0.075302
0.100000	0.239899	-0.213320	-0.356790	0.073669	-0.964305	-0.072718
0.120000	0.203848	-0.154124	-0.366139	0.076550	-0.966383	-0.070102
0.140000	0.164220	-0.091108	-0.374297	0.079636	-0.968973	-0.067500
0.160000	0.122205	-0.025909	-0.381394	0.082863	-0.971948	-0.064956
0.180000	0.078992	0.039834	-0.387561	0.086164	-0.975182	-0.062517
0.200000	0.035770	0.104484	-0.392930	0.089475	-0.978546	-0.060227
0.220000	-0.006270	0.166400	-0.397632	0.092730	-0.981914	-0.058131
0.240000	-0.045940	0.223946	-0.401798	0.095864	-0.985159	-0.056276
0.260000	-0.082050	0.275482	-0.405560	0.098812	-0.988153	-0.054706
0.280000	-0.113410	0.319370	-0.409047	0.101507	-0.990769	-0.053467
0.300000	-0.138831	0.353972	-0.412393	0.103886	-0.992880	-0.052604
0.320000	-0.157123	0.377649	-0.415727	0.105883	-0.994358	-0.052162
0.340000	-0.167097	0.388763	-0.419181	0.107433	-0.995077	-0.052186
0.360000	-0.167769	0.386035	-0.422861	0.108480	-0.994932	-0.052713
0.380000	-0.159604	0.370729	-0.426691	0.109048	-0.993970	-0.053709
0.400000	-0.143697	0.345204	-0.430517	0.109192	-0.992306	-0.055110
0.420000	-0.121141	0.311823	-0.434184	0.108969	-0.990057	-0.056854
0.440000	-0.093031	0.272950	-0.437540	0.108433	-0.987337	-0.058877
0.460000	-0.060462	0.230949	-0.440429	0.107642	-0.984262	-0.061117
0.480000	-0.024527	0.188181	-0.442698	0.106650	-0.980946	-0.063510
0.500000	0.013677	0.147012	-0.444192	0.105513	-0.977506	-0.065993
0.520000	0.053057	0.109805	-0.444758	0.104288	-0.974056	-0.068503
0.540000	0.092518	0.078922	-0.444240	0.103029	-0.970711	-0.070977
0.560000	0.130965	0.056727	-0.442486	0.101794	-0.967588	-0.073352
0.580000	0.167304	0.045584	-0.439340	0.100638	-0.964800	-0.075564
0.600000	0.200440	0.047856	-0.434650	0.099616	-0.962464	-0.077550
0.620000	0.229279	0.065906	-0.428260	0.098784	-0.960695	-0.079248
0.640000	0.252725	0.102098	-0.420016	0.098198	-0.959608	-0.080594
0.660000	0.269685	0.158796	-0.409765	0.097915	-0.959318	-0.081525
0.680000	0.279108	0.238183	-0.397362	0.097987	-0.959934	-0.081981
0.700000	0.280725	0.339293	-0.382835	0.098415	-0.961443	-0.081952
0.720000	0.274935	0.458468	-0.366357	0.099157	-0.963729	-0.081473
0.740000	0.262161	0.591961	-0.348109	0.100171	-0.966675	-0.080578
0.760000	0.242823	0.736027	-0.328270	0.101411	-0.970160	-0.079304
0.780000	0.217341	0.886918	-0.307019	0.102836	-0.974067	-0.077687
0.800000	0.186137	1.040890	-0.284536	0.104400	-0.978275	-0.075760
0.820000	0.149631	1.194197	-0.260998	0.106061	-0.982667	-0.073561
0.840000	0.108246	1.343092	-0.236587	0.107775	-0.987123	-0.071124
0.860000	0.062400	1.483830	-0.211481	0.109499	-0.991525	-0.068485
0.880000	0.012517	1.612664	-0.185860	0.111188	-0.995753	-0.065680
0.900000	-0.040984	1.725849	-0.159902	0.112799	-0.999688	-0.062744
0.920000	-0.097681	1.819639	-0.133788	0.114289	-1.003213	-0.059712
0.940000	-0.157154	1.890287	-0.107696	0.115614	-1.006207	-0.056620
0.960000	-0.218982	1.934049	-0.081805	0.116731	-1.008552	-0.053504
0.980000	-0.282743	1.947177	-0.056296	0.117596	-1.010129	-0.050399
1.000000	-0.347976	1.926788	-0.031336	0.118173	-1.010845	-0.047340
1.020000	-0.413993	1.874857	-0.007035	0.118472	-1.010753	-0.044366
1.040000	-0.480027	1.795060	0.016520	0.118521	-1.009958	-0.041514
1.060000	-0.545310	1.691074	0.039241	0.118345	-1.008564	-0.038821
1.080000	-0.609075	1.566575	0.061039	0.117970	-1.006676	-0.036326
1.100000	-0.670553	1.425242	0.081828	0.117422	-1.004397	-0.034067
1.120000	-0.728978	1.270752	0.101518	0.116729	-1.001832	-0.032081
1.140000	-0.783581	1.106781	0.120023	0.115915	-0.999086	-0.030406
1.160000	-0.833596	0.937006	0.137254	0.115007	-0.996264	-0.029079
1.180000	-0.878253	0.765106	0.153123	0.114032	-0.993468	-0.028140
1.200000	-0.916787	0.594758	0.167543	0.113016	-0.990805	-0.027625
1.220000	-0.948429	0.429637	0.180426	0.111984	-0.988378	-0.027573
1.240000	-0.972411	0.273423	0.191684	0.110963	-0.986292	-0.028020
1.260000	-0.987966	0.129792	0.201228	0.109980	-0.984650	-0.029006
1.280000	-0.994327	0.002420	0.208971	0.109060	-0.983559	-0.030568
1.300000	-0.990728	-0.105022	0.214826	0.108230	-0.983121	-0.032743
1.320000	-0.976935	-0.190492	0.218767	0.107502	-0.983384	-0.035540
1.340000	-0.953853	-0.255433	0.220903	0.106860	-0.984273	-0.038902
1.360000	-0.922535	-0.301746	0.221361	0.106282	-0.985698	-0.042764
1.380000	-0.884034	-0.331328	0.220267	0.105748	-0.987567	-0.047062
1.400000	-0.839402	-0.346077	0.217748	0.105238	-0.989791	-0.051730
1.420000	-0.789692	-0.347893	0.213929	0.104731	-0.992278	-0.056705
1.440000	-0.735957	-0.338674	0.208938	0.104207	-0.994938	-0.061921
1.460000	-0.679250	-0.320317	0.202899	0.103644	-0.997681	-0.067315
1.480000	-0.620624	-0.294723	0.195941	0.103023	-1.000415	-0.072820
1.500000	-0.561131	-0.263789	0.188189	0.102322	-1.003051	-0.078372
1.520000	-0.501824	-0.229414	0.179770	0.101521	-1.005496	-0.083908
1.540000	-0.443757	-0.193496	0.170810	0.100599	-1.007662	-0.089361
1.560000	-0.387981	-0.157934	0.161435	0.099537	-1.009456	-0.094668
1.580000	-0.335551	-0.124626	0.151772	0.098312	-1.010789	-0.099763
1.600000	-0.287517	-0.095471	0.141947	0.096906	-1.011570	-0.104582
1.620000	-0.244900	-0.072302	0.132084	0.095298	-1.011712	-0.109062
1.640000	-0.208062	-0.055721	0.122276	0.093502	-1.011215	-0.113168
1.660000	-0.176774	-0.045212	0.112583	0.091560	-1.010153	-0.116895
1.680000	-0.150786	-0.040224	0.103064	0.089515	-1.008604	-0.120234
1.700000	-0.129848	-0.040201	0.093780	0.087411	-1.006645	-0.123180
1.720000	-0.113710	-0.044591	0.084791	0.085290	-1.004356	-0.125726
1.740000	-0.102123	-0.052841	0.076156	0.083195	-1.001813	-0.127867
1.760000	-0.094836	-0.064397	0.067936	0.081170	-0.999095	-0.129594
1.780000	-0.091600	-0.078705	0.060190	0.079258	-0.996278	-0.130903
1.800000	-0.092164	-0.095213	0.052978	0.077502	-0.993442	-0.131787
1.820000	-0.096278	-0.113366	0.046361	0.075946	-0.990664	-0.132238
1.840000	-0.103693	-0.132612	0.040398	0.074631	-0.988021	-0.132252
1.860000	-0.114159	-0.152397	0.035148	0.073602	-0.985592	-0.131821
1.880000	-0.127426	-0.172167	0.030673	0.072902	-0.983454	-0.130939
1.900000	-0.143243	-0.191370	0.027031	0.072573	-0.981685	-0.129599
1.920000	-0.161361	-0.209452	0.024283	0.072659	-0.980364	-0.127796
1.940000	-0.181528	-0.225860	0.022488	0.073202	-0.979566	-0.125523
1.960000	-0.203358	-0.240168	0.021584	0.074212	-0.979326	-0.122801
1.980000	-0.226228	-0.252171	0.021305	0.075634	-0.979598	-0.119697
2.000000	-0.249488	-0.261686	0.021361	0.077411	-0.980329	-0.116284
2.020000	-0.272493	-0.268529	0.021462	0.079484	-0.981465	-0.112635
2.040000	-0.294592	-0.272517	0.021318	0.081794	-0.982953	-0.108822
2.060000	-0.315139	-0.273467	0.020640	0.084281	-0.984741	-0.104917
2.080000	-0.333486	-0.271196	0.019139	0.086888	-0.986775	-0.100994
2.100000	-0.348984	-0.265521	0.016525	0.089556	-0.989001	-0.097125
2.120000	-0.360985	-0.256258	0.012508	0.092225	-0.991367	-0.093383
2.140000	-0.368843	-0.243225	0.006799	0.094837	-0.993819	-0.089839
2.160000	-0.371908	-0.226237	-0.000892	0.097334	-0.996304	-0.086567
2.180000	-0.369533	-0.205113	-0.010853	0.099655	-0.998770	-0.083639
2.200000	-0.361069	-0.179669	-0.023376	0.101744	-1.001161	-0.081128
2.220000	-0.345870	-0.149722	-0.038749	0.103540	-1.003427	-0.079107
2.240000	-0.323288	-0.115090	-0.057260	0.104985	-1.005513	-0.077646
2.260000	-0.293134	-0.075820	-0.078980	0.106049	-1.007383	-0.076781
2.280000	-0.256251	-0.032485	-0.103478	0.106765	-1.009040	-0.076454
2.300000	-0.213630	0.014269	-0.130255	0.107177	-1.010494	-0.076598
2.320000	-0.166257	0.063797	-0.158812	0.107326	-1.011753	-0.077142
2.340000	-0.115123	0.115455	-0.188650	0.107255	-1.012825	-0.078020
2.360000	-0.061215	0.168597	-0.219270	0.107008	-1.013720	-0.079162
2.380000	-0.005523	0.222578	-0.250172	0.106626	-1.014445	-0.080499
2.400000	0.050966	0.276753	-0.280858	0.106152	-1.015009	-0.081963
2.420000	0.107261	0.330477	-0.310829	0.105630	-1.015422	-0.083486
2.440000	0.162376	0.383105	-0.339585	0.105101	-1.015690	-0.084998
2.460000	0.215321	0.433991	-0.366627	0.104608	-1.015824	-0.086432
