0.000000	0.115001	0.233960	-0.143305	0.064032	-1.035405	-0.159760
0.020000	0.154564	0.260137	-0.147496	0.064387	-1.034050	-0.157701
0.040000	0.191557	0.286370	-0.152484	0.064913	-1.032514	-0.155471
0.060000	0.225551	0.312277	-0.158584	0.065626	-1.030789	-0.153108
0.080000	0.256117	0.337477	-0.166108	0.066539	-1.028862	-0.150645
0.100000	0.282825	0.361590	-0.175370	0.067667	-1.026725	-0.148121
0.120000	0.305246	0.384234	-0.186681	0.069025	-1.024366	-0.145569
0.140000	0.322950	0.405029	-0.200355	0.070628	-1.021776	-0.143026
0.160000	0.335548	0.423605	-0.216677	0.072487	-1.018947	-0.140526
0.180000	0.343192	0.439762	-0.235540	0.074586	-1.015901	-0.138078
0.200000	0.346418	0.453417	-0.256561	0.076889	-1.012684	-0.135675
0.220000	0.345771	0.464492	-0.279350	0.079357	-1.009342	-0.133307
0.240000	0.341798	0.472907	-0.303518	0.081953	-1.005921	-0.130966
0.260000	0.335045	0.478584	-0.328675	0.084639	-1.002466	-0.128643
0.280000	0.326055	0.481442	-0.354430	0.087378	-0.999024	-0.126331
0.300000	0.315376	0.481403	-0.380395	0.090132	-0.995641	-0.124019
0.320000	0.303552	0.478387	-0.406179	0.092863	-0.992362	-0.121701
0.340000	0.291130	0.472316	-0.431394	0.095535	-0.989233	-0.119367
0.360000	0.278654	0.463110	-0.455648	0.098109	-0.986301	-0.117008
0.380000	0.266670	0.450690	-0.478553	0.100548	-0.983610	-0.114617
0.400000	0.255724	0.434976	-0.499719	0.102813	-0.981208	-0.112184
0.420000	0.246361	0.415891	-0.518755	0.104869	-0.979139	-0.109702
0.440000	0.239127	0.393353	-0.535273	0.106677	-0.977450	-0.107161
0.460000	0.234538	0.367304	-0.548892	0.108200	-0.976184	-0.104553
0.480000	0.232540	0.338053	-0.559411	0.109432	-0.975351	-0.101884
0.500000	0.232558	0.306249	-0.566794	0.110391	-0.974923	-0.099168
0.520000	0.233998	0.272554	-0.571013	0.111097	-0.974876	-0.096421
0.540000	0.236266	0.237627	-0.572038	0.111570	-0.975182	-0.093661
0.560000	0.238769	0.202130	-0.569839	0.111829	-0.975814	-0.090901
0.580000	0.240911	0.166724	-0.564385	0.111895	-0.976748	-0.088159
0.600000	0.242100	0.132070	-0.555649	0.111786	-0.977955	-0.085451
0.620000	0.241741	0.098828	-0.543599	0.111523	-0.979411	-0.082792
0.640000	0.239240	0.067661	-0.528207	0.111125	-0.981087	-0.080198
0.660000	0.234003	0.039228	-0.509442	0.110612	-0.982958	-0.077686
0.680000	0.225437	0.014190	-0.487276	0.110004	-0.984998	-0.075272
0.700000	0.212947	-0.006791	-0.461677	0.109320	-0.987179	-0.072970
0.720000	0.195939	-0.023055	-0.432618	0.108581	-0.989476	-0.070798
0.740000	0.173820	-0.033940	-0.400068	0.107805	-0.991862	-0.068771
0.760000	0.145995	-0.038786	-0.363997	0.107014	-0.994310	-0.066906
0.780000	0.111876	-0.036936	-0.324379	0.106225	-0.996794	-0.065218
0.800000	0.071335	-0.028217	-0.281490	0.105445	-0.999284	-0.063722
0.820000	0.025068	-0.013307	-0.236141	0.104651	-1.001741	-0.062433
0.840000	-0.026142	0.007023	-0.189201	0.103822	-1.004125	-0.061363
0.860000	-0.081514	0.032005	-0.141539	0.102932	-1.006398	-0.060526
0.880000	-0.140266	0.060868	-0.094021	0.101958	-1.008520	-0.059937
0.900000	-0.201618	0.092844	-0.047517	0.100877	-1.010453	-0.059607
0.920000	-0.264787	0.127163	-0.002894	0.099664	-1.012157	-0.059552
0.940000	-0.328992	0.163056	0.038979	0.098297	-1.013593	-0.059783
0.960000	-0.393451	0.199754	0.077234	0.096751	-1.014721	-0.060316
0.980000	-0.457383	0.236487	0.111003	0.095002	-1.015504	-0.061164
1.000000	-0.520006	0.272487	0.139418	0.093028	-1.015901	-0.062339
1.020000	-0.580539	0.306984	0.161611	0.090804	-1.015873	-0.063856
1.040000	-0.638199	0.339208	0.176714	0.088306	-1.015382	-0.065728
1.060000	-0.692207	0.368390	0.183858	0.085511	-1.014388	-0.067969
1.080000	-0.741780	0.393762	0.182177	0.082396	-1.012851	-0.070592
1.100000	-0.786386	0.414822	0.171338	0.078962	-1.010764	-0.073592
1.120000	-0.826060	0.431677	0.152234	0.075271	-1.008188	-0.076922
1.140000	-0.860920	0.444523	0.125931	0.071393	-1.005191	-0.080527
1.160000	-0.891080	0.453554	0.093495	0.067397	-1.001847	-0.084356
1.180000	-0.916658	0.458965	0.055991	0.063354	-0.998224	-0.088353
1.200000	-0.937770	0.460950	0.014485	0.059332	-0.994394	-0.092465
1.220000	-0.954531	0.459705	-0.029957	0.055403	-0.990427	-0.096639
1.240000	-0.967059	0.455424	-0.076268	0.051635	-0.986395	-0.100822
1.260000	-0.975470	0.448301	-0.123384	0.048099	-0.982366	-0.104958
1.280000	-0.979879	0.438532	-0.170239	0.044864	-0.978414	-0.108996
1.300000	-0.980403	0.426311	-0.215766	0.042001	-0.974607	-0.112882
1.320000	-0.977159	0.411832	-0.258900	0.039578	-0.971016	-0.116561
1.340000	-0.970262	0.395291	-0.298575	0.037666	-0.967713	-0.119980
1.360000	-0.959830	0.376882	-0.333725	0.036334	-0.964768	-0.123086
1.380000	-0.945977	0.356800	-0.363284	0.035653	-0.962251	-0.125826
1.400000	-0.928821	0.335239	-0.386187	0.035692	-0.960234	-0.128145
1.420000	-0.908480	0.312396	-0.401380	0.036519	-0.958785	-0.129990
1.440000	-0.885222	0.288535	-0.408481	0.038137	-0.957930	-0.131348
1.460000	-0.859533	0.264023	-0.408091	0.040450	-0.957625	-0.132256
1.480000	-0.831916	0.239233	-0.400890	0.043354	-0.957823	-0.132761
1.500000	-0.802873	0.214539	-0.387558	0.046745	-0.958475	-0.132906
1.520000	-0.772908	0.190315	-0.368774	0.050520	-0.959535	-0.132735
1.540000	-0.742523	0.166935	-0.345217	0.054575	-0.960954	-0.132293
1.560000	-0.712222	0.144774	-0.317569	0.058807	-0.962684	-0.131625
1.580000	-0.682507	0.124205	-0.286507	0.063111	-0.964678	-0.130775
1.600000	-0.653881	0.105602	-0.252713	0.067384	-0.966887	-0.129787
1.620000	-0.626847	0.089339	-0.216866	0.071523	-0.969263	-0.128706
1.640000	-0.601909	0.075790	-0.179645	0.075423	-0.971759	-0.127575
1.660000	-0.579569	0.065329	-0.141730	0.078982	-0.974328	-0.126440
1.680000	-0.560330	0.058330	-0.103802	0.082095	-0.976920	-0.125345
1.700000	-0.544695	0.055168	-0.066539	0.084659	-0.979488	-0.124333
1.720000	-0.533167	0.056215	-0.030622	0.086570	-0.981984	-0.123451
1.740000	-0.526249	0.061847	0.003271	0.087725	-0.984361	-0.122741
1.760000	-0.524185	0.072154	0.034622	0.088060	-0.986588	-0.122237
1.780000	-0.526457	0.086395	0.063401	0.087637	-0.988690	-0.121940
1.800000	-0.532401	0.103669	0.089666	0.086535	-0.990698	-0.121842
1.820000	-0.541356	0.123079	0.113478	0.084839	-0.992647	-0.121938
1.840000	-0.552660	0.143726	0.134895	0.082629	-0.994570	-0.122221
1.860000	-0.565651	0.164712	0.153977	0.079988	-0.996500	-0.122685
1.880000	-0.579667	0.185138	0.170781	0.076999	-0.998472	-0.123325
1.900000	-0.594046	0.204105	0.185368	0.073743	-1.000517	-0.124133
1.920000	-0.608126	0.220716	0.197796	0.070302	-1.002669	-0.125103
1.940000	-0.621245	0.234072	0.208125	0.066758	-1.004962	-0.126230
1.960000	-0.632741	0.243273	0.216414	0.063194	-1.007430	-0.127506
1.980000	-0.641952	0.247423	0.222721	0.059692	-1.010105	-0.128927
2.000000	-0.648217	0.245622	0.227106	0.056334	-1.013020	-0.130485
2.020000	-0.650874	0.236971	0.229627	0.053201	-1.016210	-0.132174
2.040000	-0.649259	0.220573	0.230345	0.050377	-1.019707	-0.133989
2.060000	-0.642712	0.195528	0.229318	0.047943	-1.023546	-0.135922
2.080000	-0.630712	0.161189	0.226617	0.045968	-1.027747	-0.137966
2.100000	-0.613645	0.118504	0.222394	0.044441	-1.032260	-0.140099
2.120000	-0.592251	0.069051	0.216831	0.043317	-1.037005	-0.142293
2.140000	-0.567273	0.014408	0.210113	0.042551	-1.041902	-0.144523
2.160000	-0.539453	-0.043843	0.202421	0.042100	-1.046872	-0.146759
2.180000	-0.509535	-0.104125	0.193938	0.041918	-1.051835	-0.148977
2.200000	-0.478259	-0.164858	0.184847	0.041961	-1.056711	-0.151148
2.220000	-0.446370	-0.224462	0.175332	0.042186	-1.061420	-0.153245
2.240000	-0.414608	-0.281358	0.165575	0.042547	-1.065883	-0.155242
2.260000	-0.383716	-0.333967	0.155758	0.043000	-1.070020	-0.157112
2.280000	-0.354437	-0.380710	0.146066	0.043501	-1.073750	-0.158826
2.300000	-0.327514	-0.420007	0.136680	0.044004	-1.076995	-0.160359
2.320000	-0.303687	-0.450279	0.127784	0.044467	-1.079675	-0.161684
2.340000	-0.283701	-0.469946	0.119560	0.044844	-1.081709	-0.162772
2.360000	-0.268297	-0.477429	0.112191	0.045091	-1.083018	-0.163597
2.380000	-0.258215	-0.471153	0.105861	0.045164	-1.083522	-0.164133
2.400000	-0.253760	-0.450384	0.100617	0.045037	-1.083184	-0.164367
2.420000	-0.254173	-0.416431	0.096188	0.044730	-1.082065	-0.164322
2.440000	-0.258543	-0.370901	0.092252	0.044269	-1.080241	-0.164028
2.460000	-0.265957	-0.315404	0.088491	0.043681	-1.077790	-0.163513
2.480000	-0.275502	-0.251548	0.084584	0.042993	-1.074788	-0.162807
2.500000	-0.286266	-0.180940	0.080211	0.042231	-1.071312	-0.161938
2.520000	-0.297336	-0.105190	0.075052	0.041421	-1.067438	-0.160936
2.540000	-0.307800	-0.025906	0.068787	0.040591	-1.063244	-0.159830
2.560000	-0.316745	0.055304	0.061096	0.039766	-1.058805	-0.158648
2.580000	-0.323259	0.136831	0.051658	0.038974	-1.054199	-0.157419
2.600000	-0.326428	0.217067	0.040153	0.038240	-1.049503	-0.156173
2.620000	-0.325341	0.294404	0.026262	0.037591	-1.044792	-0.154938
2.640000	-0.319085	0.367233	0.009665	0.037055	-1.040144	-0.153744
2.660000	-0.306747	0.433945	-0.009959	0.036657	-1.035635	-0.152618
2.680000	-0.287415	0.492932	-0.032930	0.036423	-1.031343	-0.151592
2.700000	-0.260211	0.542634	-0.059549	0.036381	-1.027341	-0.150691
2.720000	-0.225079	0.582590	-0.089678	0.036532	-1.023662	-0.149915
2.740000	-0.182786	0.613442	-0.122738	0.036858	-1.020294	-0.149237
2.760000	-0.134133	0.635881	-0.158131	0.037339	-1.017225	-0.148624
2.780000	-0.079924	0.650599	-0.195260	0.037956	-1.014440	-0.148047
