0.000000	1.507431	0.907418	-1.851763	-0.392953	-0.786510	-0.072010
0.020000	1.606477	1.000470	-2.032095	-0.383936	-0.795212	-0.070079
0.040000	1.647728	1.086851	-2.186462	-0.375248	-0.806154	-0.069474
0.060000	1.633567	1.164365	-2.313898	-0.366930	-0.819035	-0.070123
0.080000	1.566379	1.230818	-2.413434	-0.359022	-0.833557	-0.071957
0.100000	1.448550	1.284013	-2.484105	-0.351566	-0.849419	-0.074907
0.120000	1.282464	1.321756	-2.524942	-0.344601	-0.866323	-0.078904
0.140000	1.070506	1.341851	-2.534978	-0.338169	-0.883968	-0.083877
0.160000	0.815059	1.342103	-2.513246	-0.332310	-0.902055	-0.089757
0.180000	0.518510	1.320317	-2.458780	-0.327065	-0.920284	-0.096475
0.200000	0.183242	1.274297	-2.370611	-0.322474	-0.938356	-0.103962
0.220000	-0.188359	1.201848	-2.247772	-0.318578	-0.955971	-0.112147
0.240000	-0.593910	1.100774	-2.089297	-0.315418	-0.972829	-0.120960
0.260000	-1.031025	0.968881	-1.894218	-0.313035	-0.988631	-0.130334
0.280000	-1.497320	0.803973	-1.661567	-0.311468	-1.003078	-0.140197
0.300000	-1.990409	0.603857	-1.390380	-0.310759	-1.015869	-0.150481
0.320000	-2.506465	0.368156	-1.081280	-0.310933	-1.026785	-0.161108
0.340000	-3.037411	0.101868	-0.739587	-0.311971	-1.035837	-0.171978
0.360000	-3.574386	-0.189025	-0.371487	-0.313845	-1.043081	-0.182986
0.380000	-4.108529	-0.498537	0.016837	-0.316527	-1.048574	-0.194030
0.400000	-4.630980	-0.820688	0.419202	-0.319990	-1.052369	-0.205004
0.420000	-5.132878	-1.149492	0.829423	-0.324205	-1.054523	-0.215804
0.440000	-5.605363	-1.478967	1.241316	-0.329145	-1.055091	-0.226325
0.460000	-6.039575	-1.803128	1.648698	-0.334783	-1.054129	-0.236465
0.480000	-6.426653	-2.115994	2.045385	-0.341089	-1.051692	-0.246118
0.500000	-6.757737	-2.411579	2.425192	-0.348038	-1.047836	-0.255180
0.520000	-7.023965	-2.683902	2.781936	-0.355600	-1.042616	-0.263547
0.540000	-7.216479	-2.926977	3.109433	-0.363749	-1.036087	-0.271115
0.560000	-7.326417	-3.134823	3.401498	-0.372456	-1.028305	-0.277780
0.580000	-7.344919	-3.301456	3.651949	-0.381694	-1.019326	-0.283437
0.600000	-7.263124	-3.420892	3.854601	-0.391435	-1.009205	-0.287981
0.620000	-7.072477	-3.487279	4.003396	-0.401650	-0.997999	-0.291313
0.640000	-6.774484	-3.499108	4.096420	-0.412281	-0.985817	-0.293418
0.660000	-6.382780	-3.460107	4.136755	-0.423233	-0.972831	-0.294393
0.680000	-5.911722	-3.374312	4.127781	-0.434408	-0.959216	-0.294338
0.700000	-5.375666	-3.245761	4.072877	-0.445710	-0.945148	-0.293355
0.720000	-4.788968	-3.078493	3.975423	-0.457041	-0.930802	-0.291546
0.740000	-4.165986	-2.876545	3.838798	-0.468305	-0.916354	-0.289012
0.760000	-3.521075	-2.643955	3.666382	-0.479404	-0.901979	-0.285855
0.780000	-2.868593	-2.384760	3.461554	-0.490241	-0.887852	-0.282175
0.800000	-2.222896	-2.102999	3.227694	-0.500720	-0.874150	-0.278075
0.820000	-1.598340	-1.802709	2.968181	-0.510742	-0.861047	-0.273656
0.840000	-1.009282	-1.487928	2.686396	-0.520211	-0.848719	-0.269020
0.860000	-0.470080	-1.162694	2.385716	-0.529031	-0.837342	-0.264267
0.880000	0.004912	-0.831045	2.069523	-0.537103	-0.827090	-0.259500
0.900000	0.401336	-0.497019	1.741195	-0.544331	-0.818140	-0.254820
0.920000	0.704835	-0.164652	1.404111	-0.550617	-0.810667	-0.250327
0.940000	0.902869	0.162080	1.061650	-0.555870	-0.804824	-0.246116
0.960000	0.998440	0.479750	0.717160	-0.560045	-0.800574	-0.242198
0.980000	1.002440	0.785209	0.373981	-0.563117	-0.797783	-0.238548
1.000000	0.925823	1.075308	0.035451	-0.565065	-0.796317	-0.235139
1.020000	0.779545	1.346901	-0.295094	-0.565866	-0.796042	-0.231944
1.040000	0.574558	1.596838	-0.614314	-0.565497	-0.796822	-0.228936
1.060000	0.321819	1.821973	-0.918871	-0.563937	-0.798525	-0.226088
1.080000	0.032280	2.019157	-1.205429	-0.561161	-0.801014	-0.223374
1.100000	-0.283103	2.185244	-1.470648	-0.557148	-0.804157	-0.220766
1.120000	-0.613376	2.317084	-1.711192	-0.551876	-0.807818	-0.218238
1.140000	-0.947585	2.411531	-1.923721	-0.545321	-0.811862	-0.215763
1.160000	-1.274775	2.465436	-2.104899	-0.537460	-0.816157	-0.213315
1.180000	-1.583992	2.475653	-2.251386	-0.528273	-0.820566	-0.210865
1.200000	-1.864282	2.439032	-2.359846	-0.517735	-0.824956	-0.208389
1.220000	-2.104690	2.352427	-2.426940	-0.505824	-0.829193	-0.205858
1.240000	-2.294261	2.212689	-2.449331	-0.492518	-0.833141	-0.203246
1.260000	-2.422418	2.016906	-2.423857	-0.477802	-0.836671	-0.200527
1.280000	-2.487195	1.767534	-2.351428	-0.461843	-0.839745	-0.197691
1.300000	-2.495211	1.472381	-2.237008	-0.444990	-0.842420	-0.194744
1.320000	-2.453458	1.139487	-2.085737	-0.427598	-0.844757	-0.191694
1.340000	-2.368927	0.776894	-1.902753	-0.410024	-0.846815	-0.188547
1.360000	-2.248609	0.392640	-1.693198	-0.392624	-0.848656	-0.185310
1.380000	-2.099496	-0.005233	-1.462211	-0.375753	-0.850338	-0.181991
1.400000	-1.928579	-0.408684	-1.214932	-0.359769	-0.851923	-0.178597
1.420000	-1.742849	-0.809675	-0.956500	-0.345028	-0.853471	-0.175134
1.440000	-1.549297	-1.200164	-0.692056	-0.331884	-0.855043	-0.171610
1.460000	-1.354914	-1.572112	-0.426738	-0.320696	-0.856698	-0.168032
1.480000	-1.166692	-1.917477	-0.165688	-0.311818	-0.858497	-0.164406
1.500000	-0.991623	-2.228220	0.085956	-0.305607	-0.860500	-0.160741
1.520000	-0.836696	-2.496301	0.323054	-0.302419	-0.862768	-0.157042
1.540000	-0.708904	-2.713678	0.540465	-0.302610	-0.865361	-0.153317
1.560000	-0.615238	-2.872312	0.733051	-0.306537	-0.868340	-0.149572
1.580000	-0.561401	-2.965457	0.896277	-0.314474	-0.871745	-0.145819
1.600000	-0.544389	-2.995129	1.029719	-0.326144	-0.875493	-0.142083
1.620000	-0.557583	-2.966978	1.134651	-0.341044	-0.879445	-0.138398
1.640000	-0.594356	-2.886663	1.212357	-0.358667	-0.883465	-0.134798
1.660000	-0.648078	-2.759846	1.264118	-0.378508	-0.887415	-0.131318
1.680000	-0.712120	-2.592187	1.291216	-0.400062	-0.891157	-0.127992
1.700000	-0.779854	-2.389347	1.294932	-0.422824	-0.894554	-0.124852
1.720000	-0.844651	-2.156986	1.276550	-0.446287	-0.897468	-0.121934
1.740000	-0.899882	-1.900766	1.237350	-0.469947	-0.899763	-0.119272
1.760000	-0.938918	-1.626345	1.178615	-0.493298	-0.901301	-0.116898
1.780000	-0.955131	-1.339386	1.101627	-0.515834	-0.901943	-0.114849
1.800000	-0.941892	-1.045549	1.007667	-0.537050	-0.901553	-0.113156
1.820000	-0.892572	-0.750494	0.898017	-0.556441	-0.899994	-0.111855
1.840000	-0.800542	-0.459882	0.773960	-0.573502	-0.897127	-0.110980
1.860000	-0.659174	-0.179374	0.636777	-0.587726	-0.892816	-0.110564
1.880000	-0.461848	0.085374	0.487750	-0.598608	-0.886922	-0.110641
1.900000	-0.205859	0.330415	0.328258	-0.605851	-0.879431	-0.111211
1.920000	0.101551	0.556146	0.159923	-0.609677	-0.870633	-0.112187
1.940000	0.451590	0.763641	-0.015594	-0.610393	-0.860867	-0.113465
1.960000	0.835461	0.953977	-0.196633	-0.608303	-0.850473	-0.114946
1.980000	1.244368	1.128229	-0.381531	-0.603715	-0.839789	-0.116528
2.000000	1.669518	1.287473	-0.568629	-0.596933	-0.829156	-0.118109
2.020000	2.102115	1.432785	-0.756266	-0.588264	-0.818913	-0.119587
2.040000	2.533364	1.565239	-0.942781	-0.578012	-0.809397	-0.120862
2.060000	2.954470	1.685912	-1.126514	-0.566485	-0.800950	-0.121831
2.080000	3.356637	1.795878	-1.305802	-0.553986	-0.793910	-0.122393
2.100000	3.731071	1.896215	-1.478987	-0.540824	-0.788616	-0.122448
2.120000	4.068976	1.987996	-1.644406	-0.527301	-0.785408	-0.121892
2.140000	4.361558	2.072299	-1.800399	-0.513726	-0.784625	-0.120626
2.160000	4.600021	2.150198	-1.945306	-0.500403	-0.786606	-0.118546
2.180000	4.775569	2.222769	-2.077465	-0.487638	-0.791690	-0.115553
2.200000	4.879409	2.291087	-2.195215	-0.475737	-0.800217	-0.111544
2.220000	4.904520	2.356044	-2.296976	-0.464958	-0.812422	-0.106455
2.240000	4.853474	2.417528	-2.381591	-0.455297	-0.827981	-0.100426
2.260000	4.732072	2.475092	-2.448049	-0.446666	-0.846380	-0.093666
2.280000	4.546115	2.528291	-2.495339	-0.438975	-0.867106	-0.086383
2.300000	4.301404	2.576676	-2.522449	-0.432133	-0.889646	-0.078784
2.320000	4.003742	2.619800	-2.528367	-0.426051	-0.913487	-0.071079
2.340000	3.658931	2.657216	-2.512082	-0.420638	-0.938115	-0.063474
