0.000000	-0.097245	-1.607900	1.031613	-0.415044	-0.771849	-0.195938
0.020000	0.399527	-1.444368	0.926351	-0.424848	-0.766694	-0.190175
0.040000	0.891719	-1.248339	0.803537	-0.434375	-0.762220	-0.184460
0.060000	1.368820	-1.021257	0.663502	-0.443514	-0.758540	-0.178855
0.080000	1.820319	-0.764568	0.506576	-0.452153	-0.755768	-0.173424
0.100000	2.235704	-0.479716	0.333090	-0.460180	-0.754016	-0.168228
0.120000	2.604464	-0.168145	0.143372	-0.467484	-0.753397	-0.163330
0.140000	2.916087	0.168698	-0.062246	-0.473952	-0.754026	-0.158793
0.160000	3.160063	0.529371	-0.283435	-0.479474	-0.756015	-0.154679
0.180000	3.326657	0.912139	-0.519675	-0.483943	-0.759463	-0.151049
0.200000	3.416037	1.311585	-0.768051	-0.487308	-0.764284	-0.147936
0.220000	3.435203	1.719756	-1.023992	-0.489564	-0.770268	-0.145352
0.240000	3.391285	2.128644	-1.282895	-0.490701	-0.777200	-0.143311
0.260000	3.291417	2.530244	-1.540156	-0.490713	-0.784866	-0.141826
0.280000	3.142732	2.916550	-1.791173	-0.489593	-0.793051	-0.140911
0.300000	2.952363	3.279557	-2.031342	-0.487332	-0.801542	-0.140578
0.320000	2.727441	3.611259	-2.256060	-0.483925	-0.810124	-0.140841
0.340000	2.475101	3.903650	-2.460724	-0.479362	-0.818583	-0.141712
0.360000	2.202474	4.148724	-2.640731	-0.473638	-0.826705	-0.143205
0.380000	1.916694	4.338476	-2.791478	-0.466743	-0.834275	-0.145333
0.400000	1.624893	4.464901	-2.908361	-0.458673	-0.841080	-0.148110
0.420000	1.334203	4.519991	-2.986777	-0.449417	-0.846905	-0.151547
0.440000	1.051759	4.495742	-3.022124	-0.438971	-0.851536	-0.155659
0.460000	0.784692	4.384148	-3.009797	-0.427325	-0.854758	-0.160459
0.480000	0.540135	4.177203	-2.945195	-0.414473	-0.856358	-0.165959
0.500000	0.325146	3.867123	-2.823835	-0.400410	-0.856126	-0.172171
0.520000	0.143650	3.455396	-2.646356	-0.385256	-0.854030	-0.179011
0.540000	-0.004629	2.955951	-2.420261	-0.369293	-0.850276	-0.186272
0.560000	-0.120266	2.383588	-2.153536	-0.352819	-0.845087	-0.193736
0.580000	-0.203831	1.753107	-1.854166	-0.336129	-0.838689	-0.201185
0.600000	-0.255897	1.079310	-1.530137	-0.319519	-0.831304	-0.208402
0.620000	-0.277037	0.376997	-1.189435	-0.303285	-0.823156	-0.215171
0.640000	-0.267822	-0.339031	-0.840044	-0.287722	-0.814468	-0.221273
0.660000	-0.228825	-1.053974	-0.489951	-0.273127	-0.805465	-0.226491
0.680000	-0.160618	-1.753032	-0.147141	-0.259795	-0.796369	-0.230608
0.700000	-0.063773	-2.421403	0.180401	-0.248023	-0.787404	-0.233407
0.720000	0.061137	-3.044286	0.484688	-0.238105	-0.778794	-0.234670
0.740000	0.213540	-3.606882	0.757736	-0.230338	-0.770763	-0.234180
0.760000	0.392864	-4.094390	0.991559	-0.225018	-0.763534	-0.231719
0.780000	0.598536	-4.492008	1.178171	-0.222441	-0.757330	-0.227070
0.800000	0.829984	-4.784937	1.309587	-0.222902	-0.752375	-0.220017
0.820000	1.086239	-4.959970	1.378618	-0.226651	-0.748884	-0.210378
0.840000	1.362419	-5.019562	1.385903	-0.233493	-0.746976	-0.198338
0.860000	1.651426	-4.975057	1.336521	-0.242976	-0.746717	-0.184288
0.880000	1.946135	-4.837900	1.235604	-0.254646	-0.748173	-0.168623
0.900000	2.239422	-4.619538	1.088284	-0.268050	-0.751409	-0.151735
0.920000	2.524160	-4.331417	0.899692	-0.282734	-0.756491	-0.134020
0.940000	2.793227	-3.984982	0.674959	-0.298244	-0.763485	-0.115870
0.960000	3.039496	-3.591679	0.419218	-0.314128	-0.772456	-0.097679
0.980000	3.255844	-3.162955	0.137599	-0.329930	-0.783470	-0.079841
1.000000	3.435146	-2.710254	-0.164766	-0.345199	-0.796592	-0.062750
1.020000	3.570277	-2.245024	-0.482745	-0.359479	-0.811889	-0.046799
1.040000	3.654112	-1.778709	-0.811208	-0.372317	-0.829425	-0.032383
1.060000	3.679527	-1.322756	-1.145022	-0.383260	-0.849266	-0.019895
1.080000	3.639396	-0.888611	-1.479057	-0.391854	-0.871478	-0.009728
1.100000	3.526596	-0.487719	-1.808180	-0.397645	-0.896126	-0.002277
1.120000	3.334001	-0.131526	-2.127260	-0.400180	-0.923277	0.002064
1.140000	3.057918	0.171283	-2.431867	-0.399150	-0.952886	0.003048
1.160000	2.706791	0.421798	-2.720051	-0.394759	-0.984525	0.000938
1.180000	2.291752	0.623273	-2.990408	-0.387325	-1.017680	-0.003887
1.200000	1.823933	0.778958	-3.241539	-0.377165	-1.051836	-0.011050
1.220000	1.314465	0.892107	-3.472040	-0.364596	-1.086480	-0.020172
1.240000	0.774479	0.965971	-3.680510	-0.349937	-1.121097	-0.030875
1.260000	0.215106	1.003803	-3.865548	-0.333505	-1.155174	-0.042781
1.280000	-0.352522	1.008854	-4.025751	-0.315617	-1.188195	-0.055511
1.300000	-0.917274	0.984377	-4.159718	-0.296592	-1.219648	-0.068689
1.320000	-1.468019	0.933624	-4.266047	-0.276746	-1.249017	-0.081935
1.340000	-1.993626	0.859848	-4.343337	-0.256397	-1.275789	-0.094872
1.360000	-2.482963	0.766300	-4.390184	-0.235864	-1.299449	-0.107121
1.380000	-2.924898	0.656233	-4.405189	-0.215462	-1.319484	-0.118304
1.400000	-3.308301	0.532898	-4.386948	-0.195511	-1.335379	-0.128044
1.420000	-3.622041	0.399549	-4.334061	-0.176327	-1.346621	-0.135962
1.440000	-3.854985	0.259437	-4.245125	-0.158228	-1.352694	-0.141680
1.460000	-3.997564	0.115749	-4.119126	-0.141509	-1.353172	-0.144873
1.480000	-4.052236	-0.028823	-3.958028	-0.126283	-1.348294	-0.145624
1.500000	-4.027055	-0.171821	-3.765186	-0.112582	-1.338610	-0.144206
1.520000	-3.930105	-0.310787	-3.543959	-0.100436	-1.324672	-0.140893
1.540000	-3.769472	-0.443265	-3.297708	-0.089875	-1.307031	-0.135960
1.560000	-3.553239	-0.566795	-3.029792	-0.080929	-1.286239	-0.129680
1.580000	-3.289492	-0.678920	-2.743572	-0.073629	-1.262848	-0.122328
1.600000	-2.986314	-0.777184	-2.442408	-0.068005	-1.237409	-0.114178
1.620000	-2.651790	-0.859127	-2.129660	-0.064087	-1.210474	-0.105504
1.640000	-2.294006	-0.922293	-1.808688	-0.061906	-1.182595	-0.096580
1.660000	-1.921044	-0.964223	-1.482853	-0.061492	-1.154323	-0.087680
1.680000	-1.540991	-0.982461	-1.155515	-0.062875	-1.126210	-0.079078
1.700000	-1.161930	-0.974549	-0.830034	-0.066086	-1.098808	-0.071049
1.720000	-0.791946	-0.938028	-0.509770	-0.071154	-1.072668	-0.063867
1.740000	-0.439124	-0.870441	-0.198083	-0.078111	-1.048342	-0.057805
1.760000	-0.111548	-0.769331	0.101666	-0.086986	-1.026382	-0.053138
1.780000	0.182950	-0.632407	0.386190	-0.097803	-1.007317	-0.050130
1.800000	0.441536	-0.460679	0.653658	-0.110468	-0.991261	-0.048824
1.820000	0.665966	-0.258189	0.903570	-0.124777	-0.977938	-0.049067
1.840000	0.858162	-0.029089	1.135479	-0.140520	-0.967061	-0.050698
