0.000000	-1.520041	5.063789	-2.053071	0.371625	-0.995439	-0.196946
0.020000	-1.768548	5.576602	-2.130975	0.364063	-1.003154	-0.196275
0.040000	-1.896539	5.859063	-2.171505	0.358272	-1.009277	-0.198794
0.060000	-1.886526	5.879324	-2.170122	0.354440	-1.013587	-0.204793
0.080000	-1.743205	5.646516	-2.128179	0.352533	-1.016117	-0.214062
0.100000	-1.484173	5.193612	-2.050450	0.352382	-1.017048	-0.226105
0.120000	-1.127188	4.553879	-1.941752	0.353822	-1.016561	-0.240420
0.140000	-0.690008	3.760586	-1.806904	0.356682	-1.014839	-0.256504
0.160000	-0.190389	2.846999	-1.650724	0.360797	-1.012064	-0.273859
0.180000	0.353911	1.846387	-1.478028	0.365996	-1.008419	-0.291980
0.200000	0.925134	0.792018	-1.293635	0.372113	-1.004085	-0.310369
0.220000	1.505523	-0.282842	-1.102363	0.378980	-0.999245	-0.328522
0.240000	2.077320	-1.344925	-0.909029	0.386428	-0.994081	-0.345940
0.260000	2.622768	-2.360962	-0.718450	0.394290	-0.988775	-0.362119
0.280000	3.124110	-3.297686	-0.535445	0.402397	-0.983509	-0.376560
0.300000	3.563588	-4.121830	-0.364831	0.410581	-0.978466	-0.388761
0.320000	3.923444	-4.800126	-0.211426	0.418676	-0.973828	-0.398221
0.340000	4.185921	-5.299306	-0.080048	0.426511	-0.969777	-0.404437
0.360000	4.333262	-5.586102	0.024486	0.433920	-0.966496	-0.406909
0.380000	4.348255	-5.628236	0.097482	0.440737	-0.964161	-0.405153
0.400000	4.229664	-5.422375	0.137883	0.446855	-0.962806	-0.399170
0.420000	3.994399	-4.998059	0.148762	0.452237	-0.962299	-0.389516
0.440000	3.660349	-4.386606	0.133414	0.456848	-0.962503	-0.376777
0.460000	3.245406	-3.619335	0.095137	0.460654	-0.963275	-0.361537
0.480000	2.767459	-2.727565	0.037225	0.463622	-0.964478	-0.344383
0.500000	2.244399	-1.742616	-0.037024	0.465715	-0.965972	-0.325899
0.520000	1.694116	-0.695806	-0.124316	0.466902	-0.967616	-0.306672
0.540000	1.134501	0.381547	-0.221353	0.467146	-0.969272	-0.287287
0.560000	0.583445	1.458123	-0.324841	0.466414	-0.970800	-0.268328
0.580000	0.058837	2.502603	-0.431481	0.464672	-0.972060	-0.250383
0.600000	-0.421432	3.483669	-0.537980	0.461886	-0.972912	-0.234035
0.620000	-0.839471	4.370002	-0.641040	0.458020	-0.973218	-0.219871
0.640000	-1.177390	5.130283	-0.737365	0.453042	-0.972837	-0.208475
