0.000000	-0.997142	8.969582	-1.064686	0.266119	-0.622734	-0.273044
0.020000	-1.054130	9.567940	-1.043591	0.256855	-0.606330	-0.273449
0.040000	-1.022669	9.871741	-1.032149	0.246729	-0.591273	-0.275900
0.060000	-0.892306	9.838259	-1.031771	0.235657	-0.577871	-0.280669
0.080000	-0.662225	9.462033	-1.042520	0.223723	-0.566243	-0.287747
0.100000	-0.344784	8.788507	-1.062610	0.211233	-0.556244	-0.296750
0.120000	0.046715	7.866791	-1.090126	0.198513	-0.547710	-0.307265
0.140000	0.498967	6.745994	-1.123150	0.185888	-0.540478	-0.318879
0.160000	0.998670	5.475226	-1.159766	0.173681	-0.534385	-0.331180
0.180000	1.532518	4.103596	-1.198058	0.162217	-0.529266	-0.343755
0.200000	2.087209	2.680214	-1.236107	0.151822	-0.524959	-0.356192
0.220000	2.649438	1.254188	-1.271999	0.142819	-0.521299	-0.368078
0.240000	3.205902	-0.125372	-1.303815	0.135533	-0.518124	-0.379001
0.260000	3.743297	-1.409356	-1.329639	0.130288	-0.515270	-0.388547
0.280000	4.248319	-2.548655	-1.347555	0.127410	-0.512574	-0.396305
0.300000	4.707665	-3.494160	-1.355645	0.127222	-0.509872	-0.401861
0.320000	5.108030	-4.196761	-1.351993	0.130049	-0.507000	-0.404804
0.340000	5.436112	-4.607349	-1.334683	0.136217	-0.503795	-0.404720
0.360000	5.678694	-4.677200	-1.301817	0.146045	-0.500095	-0.401200
0.380000	5.830161	-4.390494	-1.253201	0.159536	-0.495826	-0.394134
0.400000	5.898201	-3.789028	-1.191623	0.176138	-0.491069	-0.383931
0.420000	5.891843	-2.920417	-1.120170	0.195239	-0.485921	-0.371056
0.440000	5.820121	-1.832276	-1.041932	0.216231	-0.480478	-0.355971
0.460000	5.692064	-0.572219	-0.959996	0.238503	-0.474838	-0.339141
0.480000	5.516704	0.812137	-0.877452	0.261445	-0.469097	-0.321027
0.500000	5.303073	2.273179	-0.797387	0.284448	-0.463352	-0.302094
0.520000	5.060201	3.763290	-0.722889	0.306902	-0.457700	-0.282804
0.540000	4.797120	5.234857	-0.657047	0.328196	-0.452239	-0.263622
0.560000	4.522861	6.640263	-0.602950	0.347722	-0.447063	-0.245010
0.580000	4.246455	7.931895	-0.563686	0.364868	-0.442272	-0.227432
0.600000	3.976934	9.062136	-0.542343	0.379026	-0.437961	-0.211350
0.620000	3.723328	9.983372	-0.542009	0.389585	-0.434227	-0.197229
