0.000000	-0.435581	5.810417	-0.537453	0.410116	-0.779522	-0.128052
0.020000	-0.375633	5.716171	-0.549094	0.409632	-0.780226	-0.135599
0.040000	-0.221608	5.352681	-0.554779	0.408671	-0.782130	-0.147912
0.060000	0.012477	4.761374	-0.556120	0.407216	-0.785045	-0.164268
0.080000	0.312605	3.983679	-0.554732	0.405247	-0.788782	-0.183941
0.100000	0.664757	3.061022	-0.552229	0.402748	-0.793153	-0.206208
0.120000	1.054917	2.034832	-0.550223	0.399699	-0.797968	-0.230344
0.140000	1.469067	0.946536	-0.550330	0.396083	-0.803040	-0.255624
0.160000	1.893191	-0.162439	-0.554163	0.391882	-0.808179	-0.281325
0.180000	2.313269	-1.250664	-0.563335	0.387077	-0.813196	-0.306722
0.200000	2.715286	-2.276712	-0.579461	0.381650	-0.817903	-0.331091
0.220000	3.085224	-3.199156	-0.604154	0.375584	-0.822111	-0.353708
0.240000	3.409065	-3.976568	-0.639029	0.368859	-0.825631	-0.373847
0.260000	3.672792	-4.567520	-0.685699	0.361459	-0.828275	-0.390786
0.280000	3.862388	-4.930585	-0.745777	0.353365	-0.829853	-0.403799
0.300000	3.963834	-5.024334	-0.820878	0.344559	-0.830178	-0.412162
0.320000	3.963771	-4.809343	-0.912508	0.335025	-0.829067	-0.415183
0.340000	3.862496	-4.287875	-1.019921	0.324814	-0.826510	-0.412862
0.360000	3.673222	-3.501604	-1.140243	0.314039	-0.822653	-0.405847
0.380000	3.409669	-2.493752	-1.270519	0.302814	-0.817650	-0.394814
0.400000	3.085554	-1.307538	-1.407790	0.291253	-0.811655	-0.380437
0.420000	2.714597	0.013817	-1.549101	0.279470	-0.804820	-0.363392
0.440000	2.310517	1.427094	-1.691494	0.267581	-0.797301	-0.344354
0.460000	1.887033	2.889072	-1.832013	0.255699	-0.789249	-0.323997
0.480000	1.457864	4.356531	-1.967701	0.243940	-0.780818	-0.302997
0.500000	1.036727	5.786251	-2.095601	0.232417	-0.772163	-0.282029
0.520000	0.637343	7.135012	-2.212756	0.221246	-0.763436	-0.261768
0.540000	0.273431	8.359594	-2.316210	0.210541	-0.754792	-0.242889
0.560000	-0.041292	9.416776	-2.403005	0.200415	-0.746383	-0.226067
0.580000	-0.293105	10.263339	-2.470185	0.190985	-0.738363	-0.211978
0.600000	-0.468290	10.856062	-2.514793	0.182363	-0.730886	-0.201295
