0.000000	-2.780702	2.721369	0.271899	-0.508944	-0.833136	-0.338851
0.020000	-2.667875	2.645720	0.125595	-0.499057	-0.819879	-0.345467
0.040000	-2.511484	2.539674	-0.029698	-0.489711	-0.810807	-0.349995
0.060000	-2.312894	2.406016	-0.193046	-0.480810	-0.805389	-0.352562
0.080000	-2.073473	2.247533	-0.363513	-0.472261	-0.803093	-0.353292
0.100000	-1.794586	2.067012	-0.540164	-0.463969	-0.803390	-0.352310
0.120000	-1.477601	1.867238	-0.722065	-0.455841	-0.805747	-0.349742
0.140000	-1.123884	1.650998	-0.908280	-0.447783	-0.809634	-0.345714
0.160000	-0.734802	1.421079	-1.097874	-0.439700	-0.814521	-0.340351
0.180000	-0.311721	1.180266	-1.289913	-0.431498	-0.819875	-0.333778
0.200000	0.143992	0.931346	-1.483462	-0.423083	-0.825167	-0.326120
0.220000	0.630970	0.677106	-1.677584	-0.414361	-0.829866	-0.317503
0.240000	1.147847	0.420331	-1.871346	-0.405237	-0.833439	-0.308053
0.260000	1.693256	0.163808	-2.063813	-0.395619	-0.835358	-0.297894
0.280000	2.265830	-0.089676	-2.254049	-0.385411	-0.835090	-0.287153
0.300000	2.863745	-0.337378	-2.441052	-0.374531	-0.832154	-0.275947
0.320000	3.480220	-0.577000	-2.623082	-0.363032	-0.826606	-0.264326
0.340000	4.105448	-0.806519	-2.797954	-0.351043	-0.818827	-0.252294
0.360000	4.729579	-1.023916	-2.963474	-0.338700	-0.809205	-0.239857
0.380000	5.342762	-1.227173	-3.117448	-0.326134	-0.798127	-0.227019
0.400000	5.935148	-1.414271	-3.257682	-0.313479	-0.785979	-0.213785
0.420000	6.496886	-1.583190	-3.381983	-0.300868	-0.773149	-0.200160
0.440000	7.018125	-1.731913	-3.488158	-0.288433	-0.760024	-0.186148
0.460000	7.489016	-1.858419	-3.574012	-0.276309	-0.746991	-0.171753
0.480000	7.899707	-1.960690	-3.637353	-0.264628	-0.734436	-0.156982
0.500000	8.240350	-2.036707	-3.675986	-0.253523	-0.722748	-0.141838
0.520000	8.501092	-2.084451	-3.687719	-0.243128	-0.712313	-0.126327
0.540000	8.672085	-2.101903	-3.670357	-0.233575	-0.703518	-0.110452
0.560000	8.743478	-2.087044	-3.621707	-0.224997	-0.696750	-0.094219
0.580000	8.705420	-2.037856	-3.539576	-0.217529	-0.692396	-0.077633
0.600000	8.548817	-1.952539	-3.421986	-0.211294	-0.690820	-0.060702
0.620000	8.276155	-1.832647	-3.270289	-0.206302	-0.692032	-0.043508
0.640000	7.898975	-1.682362	-3.088434	-0.202469	-0.695763	-0.026187
0.660000	7.429057	-1.505933	-2.880442	-0.199711	-0.701739	-0.008876
0.680000	6.878184	-1.307609	-2.650333	-0.197942	-0.709683	0.008286
0.700000	6.258137	-1.091641	-2.402128	-0.197078	-0.719322	0.025162
0.720000	5.580697	-0.862276	-2.139844	-0.197031	-0.730378	0.041614
0.740000	4.857645	-0.623766	-1.867504	-0.197718	-0.742578	0.057504
0.760000	4.100762	-0.380360	-1.589127	-0.199053	-0.755646	0.072695
0.780000	3.321831	-0.136307	-1.308733	-0.200950	-0.769306	0.087048
0.800000	2.532632	0.104143	-1.030341	-0.203325	-0.783284	0.100425
0.820000	1.744948	0.336741	-0.757973	-0.206091	-0.797303	0.112690
0.840000	0.970558	0.557236	-0.495648	-0.209165	-0.811090	0.123703
0.860000	0.221245	0.761380	-0.247386	-0.212459	-0.824368	0.133328
0.880000	-0.491210	0.944923	-0.017206	-0.215890	-0.836862	0.141426
0.900000	-1.155026	1.103614	0.190870	-0.219372	-0.848297	0.147860
0.920000	-1.758421	1.233205	0.372823	-0.222819	-0.858398	0.152491
0.940000	-2.290884	1.329977	0.525111	-0.226152	-0.866914	0.155200
0.960000	-2.752598	1.394680	0.648228	-0.229335	-0.873811	0.156017
0.980000	-3.149113	1.430308	0.744688	-0.232355	-0.879159	0.155046
1.000000	-3.486019	1.439870	0.817021	-0.235202	-0.883030	0.152394
1.020000	-3.768902	1.426375	0.867760	-0.237861	-0.885498	0.148166
1.040000	-4.003354	1.392835	0.899432	-0.240321	-0.886635	0.142467
1.060000	-4.194962	1.342257	0.914570	-0.242568	-0.886512	0.135403
1.080000	-4.349316	1.277653	0.915704	-0.244592	-0.885203	0.127080
1.100000	-4.472004	1.202031	0.905363	-0.246378	-0.882779	0.117604
1.120000	-4.568616	1.118401	0.886079	-0.247915	-0.879313	0.107080
1.140000	-4.644740	1.029773	0.860382	-0.249191	-0.874877	0.095613
1.160000	-4.705966	0.939156	0.830802	-0.250192	-0.869544	0.083310
1.180000	-4.757881	0.849561	0.799871	-0.250907	-0.863385	0.070276
1.200000	-4.806076	0.763997	0.770117	-0.251323	-0.856474	0.056616
1.220000	-4.856139	0.685473	0.744072	-0.251428	-0.848882	0.042436
1.240000	-4.913659	0.617000	0.724267	-0.251208	-0.840682	0.027843
1.260000	-4.984024	0.561475	0.713143	-0.250655	-0.831949	0.012939
1.280000	-5.068124	0.519306	0.711194	-0.249802	-0.822825	-0.002216
1.300000	-5.162417	0.488445	0.716986	-0.248731	-0.813518	-0.017604
1.320000	-5.263171	0.466741	0.729006	-0.247523	-0.804237	-0.033211
1.340000	-5.366656	0.452041	0.745740	-0.246260	-0.795193	-0.049020
1.360000	-5.469142	0.442195	0.765675	-0.245024	-0.786595	-0.065018
1.380000	-5.566898	0.435050	0.787297	-0.243899	-0.778655	-0.081188
1.400000	-5.656194	0.428454	0.809092	-0.242965	-0.771582	-0.097516
1.420000	-5.733300	0.420257	0.829547	-0.242304	-0.765587	-0.113987
1.440000	-5.794484	0.408307	0.847147	-0.242000	-0.760878	-0.130585
1.460000	-5.836017	0.390451	0.860381	-0.242133	-0.757668	-0.147296
1.480000	-5.854168	0.364539	0.867733	-0.242787	-0.756166	-0.164103
1.500000	-5.845207	0.328418	0.867690	-0.244043	-0.756581	-0.180993
1.520000	-5.805403	0.279937	0.858739	-0.245983	-0.759125	-0.197949
1.540000	-5.731026	0.216945	0.839366	-0.248689	-0.764007	-0.214957
1.560000	-5.618345	0.137289	0.808057	-0.252244	-0.771438	-0.232001
1.580000	-5.464469	0.039343	0.763611	-0.256714	-0.781580	-0.249055
1.600000	-5.272111	-0.075010	0.706906	-0.262055	-0.794285	-0.266021
1.620000	-5.046273	-0.202453	0.639675	-0.268184	-0.809273	-0.282767
1.640000	-4.791968	-0.339665	0.563651	-0.275013	-0.826266	-0.299166
1.660000	-4.514205	-0.483324	0.480567	-0.282456	-0.844986	-0.315086
1.680000	-4.217997	-0.630108	0.392157	-0.290427	-0.865155	-0.330398
1.700000	-3.908354	-0.776696	0.300156	-0.298840	-0.886494	-0.344974
1.720000	-3.590287	-0.919767	0.206297	-0.307609	-0.908724	-0.358682
1.740000	-3.268807	-1.055998	0.112313	-0.316647	-0.931567	-0.371394
1.760000	-2.948925	-1.182068	0.019938	-0.325869	-0.954745	-0.382980
1.780000	-2.635652	-1.294656	-0.069093	-0.335189	-0.977979	-0.393311
1.800000	-2.334000	-1.390440	-0.153048	-0.344520	-1.000991	-0.402255
1.820000	-2.048978	-1.466098	-0.230192	-0.353775	-1.023501	-0.409685
1.840000	-1.785599	-1.518308	-0.298792	-0.362870	-1.045233	-0.415471
1.860000	-1.548874	-1.543750	-0.357115	-0.371718	-1.065907	-0.419482
1.880000	-1.343807	-1.539106	-0.403427	-0.380232	-1.085245	-0.421589
1.900000	-1.173480	-1.502710	-0.436704	-0.388346	-1.103042	-0.421757
1.920000	-1.036147	-1.437042	-0.457693	-0.396043	-1.119277	-0.420185
1.940000	-0.929316	-1.345218	-0.467414	-0.403310	-1.133957	-0.417108
1.960000	-0.850497	-1.230355	-0.466886	-0.410138	-1.147091	-0.412762
1.980000	-0.797198	-1.095571	-0.457130	-0.416515	-1.158684	-0.407382
2.000000	-0.766929	-0.943982	-0.439165	-0.422432	-1.168744	-0.401203
2.020000	-0.757199	-0.778706	-0.414011	-0.427876	-1.177280	-0.394461
2.040000	-0.765516	-0.602860	-0.382688	-0.432839	-1.184297	-0.387391
2.060000	-0.789390	-0.419561	-0.346216	-0.437308	-1.189804	-0.380228
2.080000	-0.826331	-0.231927	-0.305616	-0.441274	-1.193807	-0.373209
2.100000	-0.873846	-0.043073	-0.261906	-0.444725	-1.196314	-0.366567
2.120000	-0.929445	0.143882	-0.216107	-0.447651	-1.197333	-0.360540
2.140000	-0.990637	0.325822	-0.169239	-0.450042	-1.196870	-0.355361
2.160000	-1.054932	0.499629	-0.122321	-0.451885	-1.194934	-0.351267
2.180000	-1.119837	0.662186	-0.076375	-0.453172	-1.191530	-0.348493
2.200000	-1.182864	0.810438	-0.032412	-0.453891	-1.186669	-0.347266
2.220000	-1.241547	0.942844	0.008711	-0.454040	-1.180404	-0.347628
2.240000	-1.293447	1.059438	0.046304	-0.453628	-1.172835	-0.349427
2.260000	-1.336125	1.160327	0.079683	-0.452662	-1.164064	-0.352500
2.280000	-1.367143	1.245619	0.108164	-0.451150	-1.154192	-0.356686
2.300000	-1.384062	1.315421	0.131064	-0.449100	-1.143321	-0.361824
2.320000	-1.384445	1.369841	0.147700	-0.446519	-1.131554	-0.367751
2.340000	-1.365852	1.408985	0.157388	-0.443415	-1.118993	-0.374307
2.360000	-1.325847	1.432962	0.159445	-0.439797	-1.105738	-0.381328
2.380000	-1.261989	1.441877	0.153187	-0.435672	-1.091893	-0.388655
2.400000	-1.171842	1.435840	0.137930	-0.431047	-1.077559	-0.396125
2.420000	-1.052966	1.414957	0.112993	-0.425931	-1.062838	-0.403576
