0.000000	-4.452685	4.044772	0.319937	-0.365892	-1.113470	-0.386342
0.020000	-4.802398	4.120572	0.234062	-0.363998	-1.097778	-0.415197
0.040000	-5.137872	4.180743	0.145988	-0.361628	-1.080353	-0.445854
0.060000	-5.449144	4.224326	0.054209	-0.358788	-1.061469	-0.477820
0.080000	-5.726252	4.250365	-0.042778	-0.355488	-1.041396	-0.510602
0.100000	-5.959231	4.257902	-0.146477	-0.351736	-1.020406	-0.543706
0.120000	-6.138120	4.245978	-0.258391	-0.347538	-0.998771	-0.576640
0.140000	-6.252954	4.213637	-0.380025	-0.342904	-0.976763	-0.608911
0.160000	-6.293773	4.159921	-0.512883	-0.337842	-0.954653	-0.640025
0.180000	-6.250611	4.083871	-0.658468	-0.332359	-0.932714	-0.669489
0.200000	-6.113507	3.984531	-0.818284	-0.326463	-0.911216	-0.696812
0.220000	-5.872497	3.860942	-0.993836	-0.320163	-0.890432	-0.721498
0.240000	-5.517618	3.712147	-1.186627	-0.313467	-0.870634	-0.743056
0.260000	-5.040548	3.537468	-1.397738	-0.306385	-0.852074	-0.761041
0.280000	-4.446999	3.338619	-1.624626	-0.298943	-0.834837	-0.775419
0.300000	-3.749811	3.118529	-1.862909	-0.291179	-0.818925	-0.786365
0.320000	-2.961879	2.880137	-2.108190	-0.283127	-0.804340	-0.794057
0.340000	-2.096097	2.626380	-2.356073	-0.274825	-0.791082	-0.798672
0.360000	-1.165361	2.360198	-2.602161	-0.266309	-0.779151	-0.800387
0.380000	-0.182566	2.084528	-2.842057	-0.257614	-0.768550	-0.799379
0.400000	0.839393	1.802309	-3.071365	-0.248776	-0.759278	-0.795826
0.420000	1.887622	1.516480	-3.285689	-0.239832	-0.751336	-0.789904
0.440000	2.949224	1.229979	-3.480631	-0.230817	-0.744726	-0.781791
0.460000	4.011306	0.945744	-3.651795	-0.221769	-0.739449	-0.771664
0.480000	5.060972	0.666715	-3.794784	-0.212722	-0.735504	-0.759699
0.500000	6.085326	0.395828	-3.905202	-0.203713	-0.732893	-0.746075
0.520000	7.071475	0.136023	-3.978652	-0.194779	-0.731618	-0.730969
0.540000	8.006522	-0.109762	-4.010738	-0.185954	-0.731678	-0.714557
0.560000	8.877574	-0.338588	-3.997063	-0.177276	-0.733074	-0.697016
0.580000	9.674210	-0.548118	-3.935250	-0.168778	-0.735777	-0.678500
0.600000	10.393763	-0.737893	-3.829249	-0.160488	-0.739655	-0.659084
0.620000	11.035081	-0.907821	-3.684245	-0.152431	-0.744561	-0.638829
0.640000	11.597014	-1.057813	-3.505425	-0.144633	-0.750343	-0.617797
0.660000	12.078412	-1.187778	-3.297976	-0.137120	-0.756854	-0.596047
0.680000	12.478122	-1.297625	-3.067084	-0.129919	-0.763944	-0.573641
0.700000	12.794995	-1.387263	-2.817936	-0.123054	-0.771463	-0.550640
0.720000	13.027878	-1.456602	-2.555718	-0.116553	-0.779263	-0.527105
0.740000	13.175623	-1.505551	-2.285618	-0.110440	-0.787194	-0.503096
0.760000	13.237076	-1.534018	-2.012820	-0.104742	-0.795108	-0.478675
0.780000	13.211089	-1.541915	-1.742512	-0.099485	-0.802853	-0.453902
0.800000	13.096508	-1.529149	-1.479881	-0.094694	-0.810282	-0.428839
0.820000	12.892185	-1.495630	-1.230112	-0.090396	-0.817245	-0.403546
0.840000	12.596967	-1.441268	-0.998393	-0.086617	-0.823594	-0.378084
0.860000	12.209705	-1.365971	-0.789909	-0.083381	-0.829177	-0.352514
0.880000	11.729246	-1.269649	-0.609848	-0.080716	-0.833847	-0.326897
0.900000	11.154472	-1.152220	-0.463372	-0.078647	-0.837455	-0.301294
0.920000	10.488172	-1.014639	-0.352580	-0.077165	-0.839937	-0.275814
0.940000	9.740791	-0.859892	-0.273585	-0.076195	-0.841396	-0.250653
0.960000	8.923659	-0.691201	-0.221800	-0.075655	-0.841955	-0.226022
0.980000	8.048107	-0.511788	-0.192641	-0.075460	-0.841736	-0.202129
1.000000	7.125467	-0.324874	-0.181522	-0.075529	-0.840860	-0.179182
1.020000	6.167069	-0.133682	-0.183860	-0.075778	-0.839451	-0.157392
1.040000	5.184244	0.058566	-0.195070	-0.076124	-0.837631	-0.136966
1.060000	4.188324	0.248649	-0.210565	-0.076484	-0.835521	-0.118113
1.080000	3.190640	0.433345	-0.225762	-0.076775	-0.833245	-0.101043
1.100000	2.202522	0.609432	-0.236076	-0.076914	-0.830924	-0.085965
1.120000	1.235302	0.773687	-0.236922	-0.076819	-0.828681	-0.073086
1.140000	0.300311	0.922890	-0.223714	-0.076405	-0.826638	-0.062617
1.160000	-0.591121	1.053818	-0.191869	-0.075590	-0.824917	-0.054765
1.180000	-1.427661	1.163250	-0.136801	-0.074292	-0.823640	-0.049740
1.200000	-2.197988	1.247965	-0.053931	-0.072426	-0.822930	-0.047751
1.220000	-2.894296	1.305826	0.058951	-0.069971	-0.822862	-0.048887
1.240000	-3.517716	1.337438	0.198039	-0.067055	-0.823391	-0.052940
1.260000	-4.070773	1.343836	0.358585	-0.063832	-0.824454	-0.059654
1.280000	-4.555996	1.326055	0.535843	-0.060455	-0.825987	-0.068771
1.300000	-4.975912	1.285130	0.725063	-0.057078	-0.827926	-0.080037
1.320000	-5.333047	1.222095	0.921500	-0.053853	-0.830208	-0.093194
1.340000	-5.629929	1.137986	1.120405	-0.050933	-0.832771	-0.107986
1.360000	-5.869085	1.033837	1.317031	-0.048472	-0.835549	-0.124157
1.380000	-6.053042	0.910685	1.506630	-0.046623	-0.838481	-0.141451
1.400000	-6.184328	0.769562	1.684455	-0.045539	-0.841501	-0.159612
1.420000	-6.265470	0.611505	1.845758	-0.045374	-0.844548	-0.178383
1.440000	-6.298994	0.437548	1.985792	-0.046280	-0.847558	-0.197508
1.460000	-6.287428	0.248726	2.099809	-0.048411	-0.850466	-0.216730
1.480000	-6.233299	0.046075	2.183062	-0.051920	-0.853210	-0.235795
1.500000	-6.139134	-0.169372	2.230803	-0.056960	-0.855726	-0.254444
1.520000	-6.007461	-0.396578	2.238285	-0.063684	-0.857951	-0.272423
1.540000	-5.840981	-0.634165	2.201943	-0.072199	-0.859834	-0.289499
1.560000	-5.643339	-0.878894	2.124601	-0.082359	-0.861393	-0.305572
1.580000	-5.418497	-1.126899	2.011235	-0.093931	-0.862671	-0.320587
1.600000	-5.170417	-1.374314	1.866819	-0.106686	-0.863709	-0.334489
1.620000	-4.903061	-1.617274	1.696329	-0.120391	-0.864548	-0.347221
1.640000	-4.620392	-1.851912	1.504742	-0.134816	-0.865232	-0.358729
1.660000	-4.326372	-2.074365	1.297033	-0.149729	-0.865801	-0.368956
1.680000	-4.024963	-2.280765	1.078177	-0.164898	-0.866297	-0.377848
1.700000	-3.720127	-2.467247	0.853151	-0.180093	-0.866762	-0.385349
1.720000	-3.415827	-2.629946	0.626930	-0.195081	-0.867238	-0.391403
1.740000	-3.116025	-2.764995	0.404491	-0.209633	-0.867767	-0.395956
1.760000	-2.824683	-2.868530	0.190808	-0.223515	-0.868390	-0.398951
1.780000	-2.545764	-2.936684	-0.009142	-0.236498	-0.869149	-0.400332
1.800000	-2.283229	-2.965591	-0.190384	-0.248350	-0.870086	-0.400046
1.820000	-2.041040	-2.951387	-0.347941	-0.258839	-0.871243	-0.398035
1.840000	-1.823151	-2.890224	-0.476853	-0.267735	-0.872661	-0.394246
1.860000	-1.631921	-2.781123	-0.574351	-0.274930	-0.874378	-0.388723
1.880000	-1.466415	-2.629048	-0.642209	-0.280568	-0.876423	-0.381718
1.900000	-1.325289	-2.439696	-0.682764	-0.284827	-0.878823	-0.373508
1.920000	-1.207198	-2.218769	-0.698353	-0.287882	-0.881605	-0.364371
1.940000	-1.110800	-1.971964	-0.691315	-0.289909	-0.884797	-0.354585
1.960000	-1.034750	-1.704981	-0.663987	-0.291085	-0.888427	-0.344425
1.980000	-0.977704	-1.423520	-0.618705	-0.291587	-0.892521	-0.334171
2.000000	-0.938317	-1.133280	-0.557808	-0.291591	-0.897107	-0.324099
2.020000	-0.915247	-0.839960	-0.483633	-0.291272	-0.902213	-0.314487
2.040000	-0.907148	-0.549259	-0.398517	-0.290808	-0.907866	-0.305612
2.060000	-0.912677	-0.266878	-0.304798	-0.290375	-0.914093	-0.297751
2.080000	-0.930490	0.001486	-0.204813	-0.290149	-0.920923	-0.291182
2.100000	-0.959242	0.250132	-0.100899	-0.290307	-0.928382	-0.286183
2.120000	-0.997590	0.473361	0.004606	-0.291024	-0.936497	-0.283030
2.140000	-1.044190	0.665474	0.109365	-0.292477	-0.945297	-0.282001
2.160000	-1.097697	0.820771	0.211040	-0.294843	-0.954809	-0.283374
2.180000	-1.156888	0.935124	0.307693	-0.298250	-0.965029	-0.287338
2.200000	-1.221054	1.011213	0.399116	-0.302623	-0.975814	-0.293708
2.220000	-1.289631	1.053570	0.485572	-0.307827	-0.986988	-0.302194
2.240000	-1.362051	1.066724	0.567323	-0.313730	-0.998370	-0.312507
2.260000	-1.437749	1.055205	0.644631	-0.320201	-1.009783	-0.324357
2.280000	-1.516158	1.023544	0.717759	-0.327106	-1.021049	-0.337456
2.300000	-1.596713	0.976270	0.786969	-0.334313	-1.031988	-0.351515
2.320000	-1.678846	0.917914	0.852523	-0.341689	-1.042422	-0.366244
2.340000	-1.761993	0.853006	0.914683	-0.349102	-1.052172	-0.381354
2.360000	-1.845586	0.786075	0.973712	-0.356419	-1.061061	-0.396556
2.380000	-1.929059	0.721652	1.029871	-0.363508	-1.068909	-0.411562
2.400000	-2.011847	0.664267	1.083424	-0.370235	-1.075537	-0.426081
2.420000	-2.093383	0.618450	1.134633	-0.376469	-1.080769	-0.439825
2.440000	-2.173101	0.588732	1.183759	-0.382077	-1.084424	-0.452505
2.460000	-2.250434	0.579641	1.231065	-0.386926	-1.086324	-0.463831
2.480000	-2.324897	0.594952	1.276531	-0.390900	-1.086329	-0.473569
2.500000	-2.396467	0.634087	1.318506	-0.393977	-1.084514	-0.481789
2.520000	-2.465283	0.694912	1.354762	-0.396169	-1.081032	-0.488673
2.540000	-2.531490	0.775294	1.383067	-0.397487	-1.076036	-0.494405
2.560000	-2.595227	0.873098	1.401189	-0.397944	-1.069680	-0.499164
2.580000	-2.656636	0.986189	1.406898	-0.397551	-1.062117	-0.503134
2.600000	-2.715859	1.112434	1.397963	-0.396320	-1.053500	-0.506496
2.620000	-2.773038	1.249698	1.372153	-0.394262	-1.043982	-0.509432
2.640000	-2.828314	1.395847	1.327237	-0.391390	-1.033716	-0.512124
2.660000	-2.881829	1.548747	1.260983	-0.387715	-1.022856	-0.514755
2.680000	-2.933725	1.706263	1.171161	-0.383249	-1.011554	-0.517504
