0.000000	-2.631563	2.362428	-0.245280	-0.356584	-1.029810	-0.231799
0.020000	-2.410904	2.331109	-0.313559	-0.350628	-1.013699	-0.244583
0.040000	-2.143568	2.285974	-0.388461	-0.344711	-0.997096	-0.256867
0.060000	-1.828982	2.227644	-0.469859	-0.338908	-0.980153	-0.268397
0.080000	-1.466569	2.156740	-0.557629	-0.333295	-0.963021	-0.278918
0.100000	-1.055754	2.073885	-0.651645	-0.327948	-0.945851	-0.288178
0.120000	-0.595963	1.979701	-0.751783	-0.322943	-0.928794	-0.295921
0.140000	-0.086630	1.874808	-0.857916	-0.318354	-0.912002	-0.301893
0.160000	0.469817	1.759954	-0.969321	-0.314226	-0.895620	-0.305920
0.180000	1.063625	1.636188	-1.083825	-0.310519	-0.879779	-0.308014
0.200000	1.683948	1.504607	-1.199032	-0.307183	-0.864609	-0.308217
0.220000	2.319937	1.366306	-1.312551	-0.304169	-0.850240	-0.306571
0.240000	2.960745	1.222382	-1.421987	-0.301426	-0.836801	-0.303119
0.260000	3.595524	1.073930	-1.524946	-0.298903	-0.824421	-0.297901
0.280000	4.213427	0.922046	-1.619036	-0.296552	-0.813230	-0.290961
0.300000	4.803605	0.767826	-1.701864	-0.294320	-0.803358	-0.282340
0.320000	5.355211	0.612366	-1.771035	-0.292159	-0.794933	-0.272079
0.340000	5.857398	0.456761	-1.824157	-0.290019	-0.788086	-0.260222
0.360000	6.299316	0.302108	-1.858835	-0.287847	-0.782946	-0.246809
0.380000	6.670119	0.149503	-1.872677	-0.285596	-0.779641	-0.231883
0.400000	6.958959	0.000041	-1.863290	-0.283214	-0.778303	-0.215486
0.420000	7.154988	-0.145183	-1.828279	-0.280652	-0.779060	-0.197660
0.440000	7.247360	-0.285071	-1.765252	-0.277858	-0.782041	-0.178446
0.460000	7.229564	-0.418610	-1.673076	-0.274801	-0.787283	-0.157929
0.480000	7.108960	-0.545049	-1.554647	-0.271504	-0.794519	-0.136323
0.500000	6.895677	-0.663688	-1.413667	-0.268002	-0.803424	-0.113872
0.520000	6.599844	-0.773829	-1.253837	-0.264330	-0.813673	-0.090818
0.540000	6.231590	-0.874771	-1.078860	-0.260524	-0.824940	-0.067402
0.560000	5.801042	-0.965816	-0.892435	-0.256617	-0.836900	-0.043867
0.580000	5.318330	-1.046265	-0.698265	-0.252646	-0.849226	-0.020456
0.600000	4.793583	-1.115417	-0.500051	-0.248644	-0.861594	0.002589
0.620000	4.236930	-1.172575	-0.301495	-0.244647	-0.873678	0.025026
0.640000	3.658498	-1.217039	-0.106297	-0.240690	-0.885153	0.046613
0.660000	3.068416	-1.248109	0.081841	-0.236808	-0.895692	0.067107
0.680000	2.476814	-1.265087	0.259217	-0.233036	-0.904971	0.086266
0.700000	1.893821	-1.267272	0.422130	-0.229408	-0.912664	0.103847
0.720000	1.329564	-1.253967	0.566878	-0.225961	-0.918446	0.119609
0.740000	0.794172	-1.224471	0.689761	-0.222727	-0.921990	0.133309
0.760000	0.297774	-1.178086	0.787077	-0.219744	-0.922971	0.144705
0.780000	-0.150835	-1.114401	0.855761	-0.217042	-0.921129	0.153593
0.800000	-0.552090	-1.034999	0.897150	-0.214639	-0.916646	0.160044
0.820000	-0.910325	-0.942308	0.914442	-0.212542	-0.909894	0.164242
0.840000	-1.229889	-0.838758	0.910841	-0.210760	-0.901244	0.166373
0.860000	-1.515129	-0.726779	0.889551	-0.209302	-0.891068	0.166621
0.880000	-1.770394	-0.608801	0.853778	-0.208176	-0.879739	0.165171
0.900000	-2.000033	-0.487253	0.806725	-0.207391	-0.867627	0.162210
0.920000	-2.208393	-0.364567	0.751597	-0.206956	-0.855104	0.157922
0.940000	-2.399824	-0.243171	0.691597	-0.206880	-0.842543	0.152493
0.960000	-2.578672	-0.125496	0.629931	-0.207170	-0.830316	0.146107
0.980000	-2.749287	-0.013973	0.569802	-0.207836	-0.818793	0.138950
1.000000	-2.916017	0.088969	0.514416	-0.208885	-0.808347	0.131207
1.020000	-3.083210	0.180901	0.466975	-0.210328	-0.799350	0.123063
1.040000	-3.255214	0.259390	0.430685	-0.212172	-0.792173	0.114704
1.060000	-3.435575	0.322424	0.408197	-0.214418	-0.787124	0.106285
1.080000	-3.623349	0.370308	0.399069	-0.217022	-0.784155	0.097807
1.100000	-3.816031	0.404155	0.401782	-0.219924	-0.783092	0.089213
1.120000	-4.011113	0.425079	0.414816	-0.223065	-0.783761	0.080446
1.140000	-4.206090	0.434196	0.436653	-0.226383	-0.785990	0.071450
1.160000	-4.398453	0.432618	0.465774	-0.229820	-0.789605	0.062169
1.180000	-4.585696	0.421460	0.500658	-0.233315	-0.794432	0.052545
1.200000	-4.765313	0.401837	0.539788	-0.236809	-0.800298	0.042524
1.220000	-4.934797	0.374862	0.581642	-0.240243	-0.807029	0.032049
1.240000	-5.091640	0.341649	0.624703	-0.243555	-0.814453	0.021063
1.260000	-5.233335	0.303314	0.667451	-0.246686	-0.822396	0.009509
1.280000	-5.357377	0.260969	0.708366	-0.249577	-0.830684	-0.002668
1.300000	-5.461258	0.215730	0.745930	-0.252168	-0.839144	-0.015524
1.320000	-5.542471	0.168710	0.778622	-0.254398	-0.847603	-0.029117
1.340000	-5.598510	0.121024	0.804924	-0.256208	-0.855887	-0.043503
1.360000	-5.626867	0.073785	0.823317	-0.257538	-0.863822	-0.058737
1.380000	-5.625036	0.028108	0.832281	-0.258329	-0.871237	-0.074877
1.400000	-5.591476	-0.015139	0.830777	-0.258552	-0.878000	-0.091936
1.420000	-5.527924	-0.055925	0.819397	-0.258288	-0.884132	-0.109784
1.440000	-5.436816	-0.094399	0.799081	-0.257640	-0.889685	-0.128260
1.460000	-5.320588	-0.130706	0.770767	-0.256714	-0.894711	-0.147205
1.480000	-5.181674	-0.164995	0.735394	-0.255611	-0.899260	-0.166456
1.500000	-5.022509	-0.197412	0.693901	-0.254437	-0.903386	-0.185854
1.520000	-4.845529	-0.228104	0.647228	-0.253295	-0.907139	-0.205238
1.540000	-4.653169	-0.257219	0.596312	-0.252289	-0.910572	-0.224447
1.560000	-4.447863	-0.284904	0.542093	-0.251523	-0.913735	-0.243320
1.580000	-4.232048	-0.311306	0.485509	-0.251100	-0.916682	-0.261697
1.600000	-4.008157	-0.336571	0.427500	-0.251124	-0.919462	-0.279418
1.620000	-3.778627	-0.360848	0.369005	-0.251699	-0.922129	-0.296321
1.640000	-3.545893	-0.384284	0.310962	-0.252928	-0.924735	-0.312245
1.660000	-3.312389	-0.407025	0.254310	-0.254917	-0.927329	-0.327031
1.680000	-3.080551	-0.429219	0.199988	-0.257767	-0.929965	-0.340517
1.700000	-2.852787	-0.451010	0.148922	-0.261582	-0.932694	-0.352545
1.720000	-2.630373	-0.472437	0.101460	-0.266354	-0.935528	-0.363027
1.740000	-2.413033	-0.493394	0.057158	-0.271932	-0.938430	-0.371975
1.760000	-2.200378	-0.513764	0.015518	-0.278154	-0.941359	-0.379408
1.780000	-1.992023	-0.533429	-0.023959	-0.284857	-0.944273	-0.385343
1.800000	-1.787580	-0.552272	-0.061773	-0.291878	-0.947131	-0.389799
1.820000	-1.586662	-0.570178	-0.098423	-0.299054	-0.949891	-0.392795
1.840000	-1.388881	-0.587028	-0.134407	-0.306225	-0.952513	-0.394348
1.860000	-1.193850	-0.602706	-0.170226	-0.313225	-0.954955	-0.394479
1.880000	-1.001183	-0.617095	-0.206379	-0.319895	-0.957175	-0.393204
1.900000	-0.810491	-0.630078	-0.243363	-0.326069	-0.959133	-0.390542
1.920000	-0.621387	-0.641538	-0.281680	-0.331587	-0.960786	-0.386512
1.940000	-0.433485	-0.651358	-0.321827	-0.336286	-0.962094	-0.381132
1.960000	-0.246397	-0.659421	-0.364304	-0.340003	-0.963015	-0.374422
1.980000	-0.059736	-0.665611	-0.409611	-0.342575	-0.963508	-0.366398
2.000000	0.126885	-0.669809	-0.458246	-0.343841	-0.963531	-0.357079
2.020000	0.313853	-0.671900	-0.510708	-0.343637	-0.963043	-0.346485
2.040000	0.500482	-0.671621	-0.567045	-0.341890	-0.962036	-0.334694
2.060000	0.683154	-0.668313	-0.626062	-0.338766	-0.960591	-0.321951
2.080000	0.857746	-0.661250	-0.686357	-0.334474	-0.958805	-0.308529
2.100000	1.020139	-0.649704	-0.746526	-0.329223	-0.956776	-0.294704
2.120000	1.166212	-0.632949	-0.805165	-0.323221	-0.954600	-0.280747
2.140000	1.291844	-0.610257	-0.860871	-0.316677	-0.952375	-0.266932
2.160000	1.392914	-0.580903	-0.912238	-0.309799	-0.950196	-0.253533
2.180000	1.465302	-0.544159	-0.957865	-0.302796	-0.948163	-0.240823
2.200000	1.504887	-0.499299	-0.996346	-0.295875	-0.946370	-0.229076
2.220000	1.507549	-0.445595	-1.026279	-0.289247	-0.944916	-0.218566
2.240000	1.469167	-0.382321	-1.046259	-0.283118	-0.943897	-0.209565
2.260000	1.385620	-0.308750	-1.054883	-0.277699	-0.943411	-0.202347
2.280000	1.252787	-0.224156	-1.050746	-0.273196	-0.943554	-0.197187
2.300000	1.066549	-0.127810	-1.032446	-0.269820	-0.944424	-0.194356
2.320000	0.822784	-0.018988	-0.998578	-0.267777	-0.946117	-0.194130
2.340000	0.520045	0.102546	-0.948416	-0.267212	-0.948683	-0.196681
2.360000	0.166541	0.235244	-0.883680	-0.268032	-0.952001	-0.201828
2.380000	-0.227339	0.377159	-0.806644	-0.270092	-0.955910	-0.209304
2.400000	-0.651206	0.526343	-0.719581	-0.273246	-0.960251	-0.218846
2.420000	-1.094671	0.680847	-0.624763	-0.277350	-0.964863	-0.230189
2.440000	-1.547345	0.838723	-0.524464	-0.282257	-0.969586	-0.243069
2.460000	-1.998839	0.998023	-0.420956	-0.287822	-0.974259	-0.257221
2.480000	-2.438764	1.156799	-0.316513	-0.293900	-0.978724	-0.272382
2.500000	-2.856731	1.313101	-0.213408	-0.300345	-0.982819	-0.288285
2.520000	-3.242351	1.464983	-0.113913	-0.307012	-0.986385	-0.304668
2.540000	-3.585235	1.610496	-0.020302	-0.313756	-0.989261	-0.321264
2.560000	-3.874995	1.747691	0.065152	-0.320431	-0.991287	-0.337811
2.580000	-4.101240	1.874621	0.140177	-0.326891	-0.992304	-0.354044
2.600000	-4.253583	1.989337	0.202499	-0.332992	-0.992151	-0.369698
2.620000	-4.321633	2.089891	0.249845	-0.338587	-0.990667	-0.384508
2.640000	-4.295003	2.174334	0.279943	-0.343532	-0.987693	-0.398211
2.660000	-4.163333	2.240723	0.290525	-0.347681	-0.983069	-0.410542
