0.000000	-0.850055	1.653192	1.817918	-0.587354	-0.993622	-0.388923
0.020000	-0.656996	1.916142	1.876989	-0.583417	-0.981535	-0.382998
0.040000	-0.475941	2.160032	1.911967	-0.579312	-0.970172	-0.378716
0.060000	-0.312130	2.380166	1.920337	-0.575139	-0.959959	-0.376407
0.080000	-0.170802	2.571850	1.899585	-0.570992	-0.951325	-0.376402
0.100000	-0.057198	2.730386	1.847198	-0.566971	-0.944696	-0.379032
0.120000	0.023443	2.851078	1.760662	-0.563173	-0.940500	-0.384628
0.140000	0.067270	2.930227	1.638074	-0.559668	-0.939073	-0.393423
0.160000	0.078363	2.969824	1.481033	-0.556382	-0.940220	-0.405104
0.180000	0.063615	2.973878	1.292376	-0.553185	-0.943561	-0.419162
0.200000	0.029922	2.946400	1.074943	-0.549951	-0.948714	-0.435087
0.220000	-0.015821	2.891401	0.831574	-0.546550	-0.955298	-0.452370
0.240000	-0.066716	2.812893	0.565107	-0.542856	-0.962931	-0.470501
0.260000	-0.115870	2.714888	0.278382	-0.538740	-0.971232	-0.488972
0.280000	-0.156385	2.601396	-0.025762	-0.534073	-0.979820	-0.507272
0.300000	-0.181365	2.476429	-0.344484	-0.528729	-0.988313	-0.524893
0.320000	-0.183915	2.343998	-0.674945	-0.522578	-0.996329	-0.541325
0.340000	-0.157138	2.208116	-1.014307	-0.515492	-1.003488	-0.556058
0.360000	-0.094139	2.072792	-1.359729	-0.507345	-1.009409	-0.568584
0.380000	0.011978	1.942039	-1.708373	-0.498006	-1.013709	-0.578393
0.400000	0.168109	1.819868	-2.057398	-0.487350	-1.016007	-0.584975
0.420000	0.381151	1.710291	-2.403965	-0.475247	-1.015922	-0.587821
0.440000	0.657998	1.617318	-2.745235	-0.461569	-1.013072	-0.586423
0.460000	1.004810	1.544690	-3.078374	-0.446204	-1.007111	-0.580310
0.480000	1.417842	1.492516	-3.400627	-0.429246	-0.998144	-0.569564
0.500000	1.886275	1.458306	-3.709295	-0.410935	-0.986601	-0.554655
0.520000	2.399133	1.439516	-4.001681	-0.391518	-0.972922	-0.536062
0.540000	2.945444	1.433600	-4.275085	-0.371238	-0.957543	-0.514267
0.560000	3.514233	1.438015	-4.526812	-0.350340	-0.940903	-0.489748
0.580000	4.094526	1.450214	-4.754162	-0.329069	-0.923439	-0.462985
0.600000	4.675350	1.467653	-4.954438	-0.307670	-0.905589	-0.434458
0.620000	5.245730	1.487787	-5.124943	-0.286386	-0.887790	-0.404647
0.640000	5.794693	1.508071	-5.262978	-0.265464	-0.870481	-0.374031
0.660000	6.311264	1.525960	-5.365845	-0.245148	-0.854099	-0.343091
0.680000	6.784470	1.538910	-5.430848	-0.225682	-0.839083	-0.312306
0.700000	7.203337	1.544375	-5.455287	-0.207311	-0.825869	-0.282156
0.720000	7.556891	1.539810	-5.436466	-0.190279	-0.814896	-0.253120
0.740000	7.834158	1.522671	-5.371686	-0.174832	-0.806602	-0.225679
0.760000	8.024163	1.490412	-5.258250	-0.161215	-0.801423	-0.200312
0.780000	8.118571	1.441139	-5.094763	-0.149614	-0.799680	-0.177394
0.800000	8.121130	1.375932	-4.885811	-0.139956	-0.801144	-0.156820
0.820000	8.039050	1.296728	-4.637690	-0.132094	-0.805432	-0.138344
0.840000	7.879543	1.205461	-4.356695	-0.125877	-0.812160	-0.121726
0.860000	7.649818	1.104065	-4.049124	-0.121159	-0.820945	-0.106719
0.880000	7.357087	0.994476	-3.721271	-0.117791	-0.831403	-0.093082
0.900000	7.008560	0.878627	-3.379435	-0.115623	-0.843149	-0.080570
0.920000	6.611447	0.758455	-3.029910	-0.114509	-0.855801	-0.068940
0.940000	6.172960	0.635893	-2.678994	-0.114299	-0.868975	-0.057949
0.960000	5.700308	0.512876	-2.332981	-0.114845	-0.882286	-0.047352
0.980000	5.200703	0.391340	-1.998170	-0.115999	-0.895352	-0.036907
1.000000	4.681354	0.273219	-1.680856	-0.117612	-0.907789	-0.026370
1.020000	4.149473	0.160447	-1.387335	-0.119537	-0.919212	-0.015497
1.040000	3.612270	0.054959	-1.123903	-0.121623	-0.929238	-0.004044
1.060000	3.076877	-0.041334	-0.896713	-0.123726	-0.937492	0.008224
1.080000	2.548008	-0.127280	-0.707482	-0.125755	-0.943836	0.021336
1.100000	2.027567	-0.202609	-0.552772	-0.127687	-0.948412	0.035078
1.120000	1.517297	-0.267101	-0.428853	-0.129502	-0.951376	0.049220
1.140000	1.018945	-0.320534	-0.331998	-0.131180	-0.952886	0.063535
1.160000	0.534254	-0.362687	-0.258477	-0.132703	-0.953098	0.077794
1.180000	0.064970	-0.393340	-0.204563	-0.134049	-0.952169	0.091768
1.200000	-0.387162	-0.412271	-0.166526	-0.135200	-0.950256	0.105230
1.220000	-0.820398	-0.419261	-0.140637	-0.136136	-0.947515	0.117950
1.240000	-1.232992	-0.414087	-0.123169	-0.136836	-0.944105	0.129701
1.260000	-1.623200	-0.396529	-0.110393	-0.137282	-0.940181	0.140253
1.280000	-1.989277	-0.366366	-0.098580	-0.137454	-0.935900	0.149380
1.300000	-2.329478	-0.323377	-0.084001	-0.137331	-0.931419	0.156851
1.320000	-2.642058	-0.267342	-0.062928	-0.136895	-0.926895	0.162439
1.340000	-2.925273	-0.198040	-0.031632	-0.136125	-0.922486	0.165916
1.360000	-3.177376	-0.115249	0.013616	-0.135002	-0.918347	0.167052
1.380000	-3.396624	-0.018748	0.076543	-0.133506	-0.914635	0.165620
1.400000	-3.581453	0.091573	0.160625	-0.131621	-0.911499	0.161408
1.420000	-3.732922	0.214247	0.265647	-0.129384	-0.908961	0.154467
1.440000	-3.854072	0.346613	0.388611	-0.126874	-0.906945	0.145041
1.460000	-3.947992	0.485980	0.526450	-0.124168	-0.905376	0.133379
1.480000	-4.017770	0.629659	0.676100	-0.121346	-0.904176	0.119731
1.500000	-4.066496	0.774958	0.834493	-0.118487	-0.903269	0.104346
1.520000	-4.097258	0.919188	0.998563	-0.115668	-0.902579	0.087475
1.540000	-4.113144	1.059659	1.165245	-0.112969	-0.902029	0.069366
1.560000	-4.117244	1.193680	1.331472	-0.110468	-0.901542	0.050270
1.580000	-4.112647	1.318561	1.494178	-0.108244	-0.901042	0.030436
1.600000	-4.102441	1.431611	1.650297	-0.106376	-0.900451	0.010113
1.620000	-4.089714	1.530141	1.796763	-0.104942	-0.899695	-0.010449
1.640000	-4.077557	1.611460	1.930510	-0.104022	-0.898695	-0.030999
1.660000	-4.069057	1.672879	2.048472	-0.103693	-0.897376	-0.051290
1.680000	-4.067304	1.711705	2.147582	-0.104034	-0.895661	-0.071070
1.700000	-4.075385	1.725251	2.224774	-0.105125	-0.893473	-0.090091
1.720000	-4.095594	1.711513	2.277610	-0.107027	-0.890763	-0.108141
1.740000	-4.126332	1.671848	2.306708	-0.109724	-0.887615	-0.125196
1.760000	-4.164822	1.608630	2.313616	-0.113176	-0.884153	-0.141291
1.780000	-4.208283	1.524238	2.299883	-0.117342	-0.880504	-0.156459
1.800000	-4.253938	1.421048	2.267059	-0.122182	-0.876790	-0.170733
1.820000	-4.299005	1.301436	2.216692	-0.127654	-0.873138	-0.184148
1.840000	-4.340708	1.167780	2.150330	-0.133718	-0.869672	-0.196735
1.860000	-4.376265	1.022455	2.069523	-0.140335	-0.866515	-0.208530
1.880000	-4.402898	0.867839	1.975820	-0.147462	-0.863795	-0.219565
1.900000	-4.417827	0.706308	1.870769	-0.155061	-0.861634	-0.229874
1.920000	-4.418273	0.540240	1.755919	-0.163089	-0.860157	-0.239491
1.940000	-4.401458	0.372009	1.632819	-0.171507	-0.859490	-0.248449
1.960000	-4.364601	0.203994	1.503018	-0.180274	-0.859758	-0.256781
1.980000	-4.304924	0.038571	1.368064	-0.189350	-0.861084	-0.264522
2.000000	-4.219647	-0.121883	1.229507	-0.198693	-0.863593	-0.271705
2.020000	-4.105990	-0.274992	1.088895	-0.208264	-0.867411	-0.278363
2.040000	-3.961177	-0.418379	0.947777	-0.218022	-0.872662	-0.284530
2.060000	-3.784044	-0.550117	0.807588	-0.227920	-0.879404	-0.290240
2.080000	-3.578235	-0.669608	0.669428	-0.237895	-0.887497	-0.295530
2.100000	-3.348279	-0.776503	0.534332	-0.247880	-0.896766	-0.300438
2.120000	-3.098709	-0.870453	0.403336	-0.257809	-0.907034	-0.305000
2.140000	-2.834055	-0.951108	0.277476	-0.267615	-0.918124	-0.309255
2.160000	-2.558849	-1.018118	0.157790	-0.277232	-0.929861	-0.313238
2.180000	-2.277622	-1.071134	0.045312	-0.286592	-0.942068	-0.316989
2.200000	-1.994905	-1.109806	-0.058920	-0.295629	-0.954568	-0.320544
2.220000	-1.715230	-1.133785	-0.153871	-0.304276	-0.967187	-0.323940
2.240000	-1.443128	-1.142720	-0.238504	-0.312467	-0.979747	-0.327215
2.260000	-1.183129	-1.136263	-0.311784	-0.320136	-0.992072	-0.330405
2.280000	-0.939765	-1.114063	-0.372673	-0.327214	-1.003986	-0.333549
2.300000	-0.717568	-1.075771	-0.420136	-0.333636	-1.015313	-0.336684
2.320000	-0.521069	-1.021037	-0.453137	-0.339336	-1.025876	-0.339847
2.340000	-0.354798	-0.949512	-0.470639	-0.344245	-1.035499	-0.343075
2.360000	-0.223189	-0.860886	-0.471640	-0.348301	-1.044010	-0.346405
2.380000	-0.127381	-0.756183	-0.456251	-0.351506	-1.051358	-0.349840
2.400000	-0.064523	-0.638040	-0.425939	-0.353950	-1.057640	-0.353345
2.420000	-0.031522	-0.509196	-0.382248	-0.355724	-1.062965	-0.356884
2.440000	-0.025286	-0.372387	-0.326725	-0.356922	-1.067437	-0.360417
2.460000	-0.042723	-0.230349	-0.260915	-0.357637	-1.071165	-0.363908
2.480000	-0.080741	-0.085819	-0.186365	-0.357962	-1.074254	-0.367319
2.500000	-0.136248	0.058466	-0.104621	-0.357988	-1.076811	-0.370611
2.520000	-0.206151	0.199771	-0.017229	-0.357811	-1.078943	-0.373749
2.540000	-0.287359	0.335358	0.074266	-0.357521	-1.080757	-0.376693
2.560000	-0.376780	0.462490	0.168318	-0.357213	-1.082359	-0.379406
2.580000	-0.471320	0.578432	0.263379	-0.356978	-1.083856	-0.381851
2.600000	-0.567889	0.680447	0.357905	-0.356911	-1.085354	-0.383989
2.620000	-0.663394	0.765798	0.450350	-0.357104	-1.086960	-0.385784
2.640000	-0.754743	0.831748	0.539167	-0.357649	-1.088782	-0.387198
2.660000	-0.838844	0.875561	0.622810	-0.358640	-1.090925	-0.388192
2.680000	-0.912608	0.894506	0.699735	-0.360169	-1.093496	-0.388730
2.700000	-0.974236	0.887537	0.768705	-0.362284	-1.096537	-0.388802
2.720000	-1.025033	0.857670	0.829225	-0.364920	-1.099934	-0.388464
2.740000	-1.066761	0.808522	0.880910	-0.367996	-1.103551	-0.387784
2.760000	-1.101186	0.743712	0.923378	-0.371433	-1.107250	-0.386828
2.780000	-1.130071	0.666856	0.956243	-0.375151	-1.110896	-0.385663
2.800000	-1.155179	0.581573	0.979121	-0.379068	-1.114352	-0.384357
2.820000	-1.178275	0.491478	0.991628	-0.383105	-1.117481	-0.382975
2.840000	-1.201123	0.400191	0.993379	-0.387181	-1.120146	-0.381585
2.860000	-1.225486	0.311328	0.983991	-0.391215	-1.122211	-0.380255
2.880000	-1.253128	0.228506	0.963078	-0.395128	-1.123539	-0.379049
2.900000	-1.285813	0.155343	0.930257	-0.398839	-1.123993	-0.378037
2.920000	-1.325305	0.095457	0.885143	-0.402268	-1.123437	-0.377284
