0.000000	0.150890	0.437580	-1.275588	-0.311292	-1.021712	-0.802934
0.020000	0.458332	0.472469	-1.475102	-0.301726	-1.016033	-0.795819
0.040000	0.774115	0.512916	-1.674930	-0.291277	-1.008118	-0.787020
0.060000	1.099024	0.557155	-1.873166	-0.280069	-0.998301	-0.776612
0.080000	1.433844	0.603422	-2.067906	-0.268225	-0.986918	-0.764668
0.100000	1.779360	0.649952	-2.257243	-0.255869	-0.974307	-0.751263
0.120000	2.136357	0.694979	-2.439271	-0.243126	-0.960802	-0.736470
0.140000	2.505620	0.736739	-2.612085	-0.230119	-0.946740	-0.720364
0.160000	2.887934	0.773465	-2.773778	-0.216973	-0.932457	-0.703019
0.180000	3.284083	0.803395	-2.922444	-0.203811	-0.918290	-0.684509
0.200000	3.694853	0.824761	-3.056179	-0.190758	-0.904574	-0.664907
0.220000	4.121027	0.835800	-3.173075	-0.177937	-0.891645	-0.644289
0.240000	4.563392	0.834745	-3.271227	-0.165473	-0.879839	-0.622728
0.260000	5.022732	0.819833	-3.348730	-0.153490	-0.869492	-0.600297
0.280000	5.499832	0.789298	-3.403676	-0.142112	-0.860942	-0.577073
0.300000	5.995226	0.741480	-3.434278	-0.131456	-0.854505	-0.553127
0.320000	6.505251	0.676489	-3.440702	-0.121553	-0.850211	-0.528535
0.340000	7.022756	0.595903	-3.424739	-0.112357	-0.847846	-0.503371
0.360000	7.540489	0.501344	-3.388229	-0.103820	-0.847190	-0.477711
0.380000	8.051193	0.394435	-3.333011	-0.095895	-0.848023	-0.451628
0.400000	8.547616	0.276797	-3.260925	-0.088533	-0.850123	-0.425198
0.420000	9.022502	0.150053	-3.173812	-0.081687	-0.853272	-0.398495
0.440000	9.468598	0.015825	-3.073510	-0.075309	-0.857247	-0.371594
0.460000	9.878648	-0.124264	-2.961860	-0.069352	-0.861830	-0.344569
0.480000	10.245398	-0.268592	-2.840702	-0.063767	-0.866799	-0.317495
0.500000	10.561595	-0.415538	-2.711875	-0.058508	-0.871934	-0.290448
0.520000	10.819983	-0.563478	-2.577220	-0.053525	-0.877016	-0.263500
0.540000	11.013308	-0.710791	-2.438575	-0.048773	-0.881822	-0.236728
0.560000	11.134316	-0.855854	-2.297782	-0.044202	-0.886133	-0.210206
0.580000	11.175753	-0.997045	-2.156678	-0.039765	-0.889729	-0.184009
0.600000	11.130363	-1.132742	-2.017106	-0.035415	-0.892389	-0.158210
0.620000	10.990973	-1.261329	-1.880888	-0.031104	-0.893896	-0.132886
0.640000	10.755783	-1.381611	-1.748805	-0.026800	-0.894170	-0.108104
0.660000	10.431686	-1.493077	-1.619949	-0.022502	-0.893361	-0.083922
0.680000	10.026368	-1.595277	-1.493258	-0.018208	-0.891639	-0.060400
0.700000	9.547514	-1.687762	-1.367668	-0.013916	-0.889173	-0.037594
0.720000	9.002812	-1.770083	-1.242119	-0.009627	-0.886134	-0.015563
0.740000	8.399945	-1.841789	-1.115547	-0.005338	-0.882692	0.005637
0.760000	7.746599	-1.902432	-0.986890	-0.001050	-0.879015	0.025947
0.780000	7.050461	-1.951561	-0.855087	0.003239	-0.875274	0.045309
0.800000	6.319216	-1.988728	-0.719075	0.007531	-0.871639	0.063665
0.820000	5.560549	-2.013482	-0.577792	0.011825	-0.868280	0.080959
0.840000	4.782146	-2.025375	-0.430175	0.016123	-0.865365	0.097132
0.860000	3.991693	-2.023956	-0.275163	0.020425	-0.863066	0.112126
0.880000	3.196874	-2.008776	-0.111693	0.024734	-0.861551	0.125883
0.900000	2.405377	-1.979386	0.061297	0.029049	-0.860991	0.138346
0.920000	1.624886	-1.935336	0.244870	0.033371	-0.861556	0.149458
0.940000	0.862779	-1.876226	0.439911	0.037699	-0.863401	0.159161
0.960000	0.122526	-1.802289	0.645087	0.041980	-0.866507	0.167413
0.980000	-0.595077	-1.714190	0.857541	0.046132	-0.870735	0.174182
1.000000	-1.289285	-1.612601	1.074387	0.050070	-0.875944	0.179438
1.020000	-1.959355	-1.498196	1.292739	0.053710	-0.881992	0.183146
1.040000	-2.604544	-1.371648	1.509712	0.056968	-0.888738	0.185277
1.060000	-3.224108	-1.233631	1.722419	0.059758	-0.896041	0.185798
1.080000	-3.817303	-1.084818	1.927974	0.061999	-0.903758	0.184677
1.100000	-4.383386	-0.925882	2.123492	0.063604	-0.911749	0.181883
1.120000	-4.921614	-0.757497	2.306086	0.064489	-0.919872	0.177383
1.140000	-5.431242	-0.580336	2.472871	0.064571	-0.927985	0.171146
1.160000	-5.911526	-0.395071	2.620960	0.063765	-0.935947	0.163140
1.180000	-6.361724	-0.202377	2.747468	0.061987	-0.943618	0.153333
1.200000	-6.781092	-0.002927	2.849509	0.059153	-0.950854	0.141693
1.220000	-7.168886	0.202606	2.924196	0.055178	-0.957515	0.128189
1.240000	-7.524363	0.413549	2.968643	0.049978	-0.963460	0.112788
1.260000	-7.846963	0.629010	2.980812	0.043507	-0.968578	0.095485
1.280000	-8.136931	0.847145	2.962363	0.035891	-0.972896	0.076387
1.300000	-8.394732	1.065849	2.915965	0.027299	-0.976480	0.055631
1.320000	-8.620831	1.283016	2.844289	0.017902	-0.979393	0.033355
1.340000	-8.815693	1.496542	2.750006	0.007871	-0.981701	0.009696
1.360000	-8.979784	1.704323	2.635787	-0.002624	-0.983467	-0.015207
1.380000	-9.113567	1.904252	2.504301	-0.013412	-0.984758	-0.041217
1.400000	-9.217509	2.094225	2.358220	-0.024322	-0.985636	-0.068196
1.420000	-9.292073	2.272138	2.200213	-0.035185	-0.986167	-0.096007
1.440000	-9.337725	2.435884	2.032952	-0.045828	-0.986416	-0.124511
1.460000	-9.354929	2.583360	1.859106	-0.056083	-0.986446	-0.153572
1.480000	-9.344152	2.712460	1.681347	-0.065777	-0.986324	-0.183050
1.500000	-9.305857	2.821080	1.502345	-0.074741	-0.986113	-0.212810
1.520000	-9.240509	2.907114	1.324770	-0.082804	-0.985877	-0.242712
1.540000	-9.148574	2.968458	1.151293	-0.089795	-0.985683	-0.272619
1.560000	-9.030517	3.003006	0.984584	-0.095544	-0.985593	-0.302394
1.580000	-8.886912	3.008944	0.827172	-0.099902	-0.985665	-0.331905
1.600000	-8.719403	2.987274	0.680200	-0.102935	-0.985872	-0.361073
1.620000	-8.530238	2.940592	0.544032	-0.104831	-0.986142	-0.389850
1.640000	-8.321671	2.871510	0.419021	-0.105778	-0.986401	-0.418191
1.660000	-8.095958	2.782642	0.305520	-0.105965	-0.986578	-0.446049
1.680000	-7.855351	2.676599	0.203884	-0.105580	-0.986598	-0.473375
1.700000	-7.602106	2.555994	0.114467	-0.104812	-0.986389	-0.500124
1.720000	-7.338477	2.423440	0.037622	-0.103850	-0.985878	-0.526248
1.740000	-7.066718	2.281549	-0.026297	-0.102882	-0.984991	-0.551700
1.760000	-6.789085	2.132934	-0.076936	-0.102096	-0.983656	-0.576434
1.780000	-6.507830	1.980208	-0.113941	-0.101683	-0.981800	-0.600402
1.800000	-6.225209	1.825983	-0.136959	-0.101829	-0.979349	-0.623558
1.820000	-5.943476	1.672872	-0.145635	-0.102724	-0.976231	-0.645854
1.840000	-5.664885	1.523488	-0.139615	-0.104556	-0.972373	-0.667243
1.860000	-5.391691	1.380442	-0.118547	-0.107514	-0.967702	-0.687679
1.880000	-5.126148	1.246349	-0.082075	-0.111786	-0.962144	-0.707115
1.900000	-4.869749	1.123414	-0.030522	-0.117485	-0.955665	-0.725517
1.920000	-4.621310	1.012421	0.033422	-0.124455	-0.948365	-0.742897
1.940000	-4.379058	0.913839	0.106542	-0.132480	-0.940376	-0.759280
1.960000	-4.141222	0.828137	0.185625	-0.141344	-0.931826	-0.774688
1.980000	-3.906029	0.755786	0.267459	-0.150834	-0.922847	-0.789144
2.000000	-3.671706	0.697255	0.348829	-0.160733	-0.913569	-0.802672
2.020000	-3.436482	0.653013	0.426523	-0.170826	-0.904121	-0.815294
2.040000	-3.198585	0.623530	0.497327	-0.180899	-0.894634	-0.827035
2.060000	-2.956242	0.609276	0.558027	-0.190735	-0.885239	-0.837917
2.080000	-2.707681	0.610720	0.605412	-0.200120	-0.876065	-0.847963
2.100000	-2.451129	0.628332	0.636267	-0.208838	-0.867243	-0.857196
2.120000	-2.184815	0.662581	0.647379	-0.216674	-0.858903	-0.865641
2.140000	-1.906966	0.713937	0.635535	-0.223413	-0.851175	-0.873319
2.160000	-1.615810	0.782870	0.597521	-0.228840	-0.844190	-0.880254
2.180000	-1.309575	0.869848	0.530125	-0.232739	-0.838078	-0.886470
2.200000	-0.986488	0.975343	0.430133	-0.234895	-0.832968	-0.891989
2.220000	-0.645096	1.099498	0.295031	-0.235125	-0.828978	-0.896826
2.240000	-0.286380	1.239979	0.127658	-0.233489	-0.826111	-0.900928
2.260000	0.087550	1.393304	-0.066673	-0.230159	-0.824321	-0.904211
2.280000	0.474583	1.555983	-0.282637	-0.225308	-0.823563	-0.906591
2.300000	0.872603	1.724528	-0.514908	-0.219110	-0.823788	-0.907984
2.320000	1.279497	1.895451	-0.758159	-0.211736	-0.824951	-0.908306
2.340000	1.693150	2.065264	-1.007066	-0.203361	-0.827005	-0.907472
2.360000	2.111449	2.230478	-1.256302	-0.194158	-0.829903	-0.905399
