0.000000	-1.739312	2.916865	0.836941	-0.357340	-0.819508	-0.344251
0.020000	-2.012106	3.051258	0.839363	-0.372510	-0.831859	-0.358716
0.040000	-2.275347	3.181359	0.829294	-0.387845	-0.844894	-0.374091
0.060000	-2.527808	3.309241	0.802690	-0.402813	-0.858252	-0.390278
0.080000	-2.768266	3.436976	0.755504	-0.416880	-0.871575	-0.407177
0.100000	-2.995494	3.566639	0.683693	-0.429511	-0.884502	-0.424691
0.120000	-3.208267	3.700303	0.583213	-0.440173	-0.896674	-0.442718
0.140000	-3.405360	3.840041	0.450018	-0.448333	-0.907730	-0.461162
0.160000	-3.585548	3.987928	0.280063	-0.453457	-0.917311	-0.479923
0.180000	-3.747604	4.146037	0.069305	-0.455011	-0.925057	-0.498901
0.200000	-3.890304	4.316437	-0.186295	-0.452462	-0.930609	-0.517998
0.220000	-4.012311	4.499319	-0.487766	-0.445534	-0.933750	-0.537123
0.240000	-4.112000	4.690040	-0.828394	-0.434608	-0.934629	-0.556205
0.260000	-4.187701	4.883191	-1.200236	-0.420173	-0.933457	-0.575176
0.280000	-4.237745	5.073362	-1.595351	-0.402714	-0.930442	-0.593969
0.300000	-4.260463	5.255143	-2.005795	-0.382720	-0.925792	-0.612515
0.320000	-4.254184	5.423126	-2.423626	-0.360677	-0.919715	-0.630748
0.340000	-4.217238	5.571899	-2.840903	-0.337073	-0.912422	-0.648599
0.360000	-4.147956	5.696053	-3.249681	-0.312394	-0.904120	-0.666001
0.380000	-4.044669	5.790180	-3.642020	-0.287127	-0.895019	-0.682886
0.400000	-3.905706	5.848868	-4.009977	-0.261761	-0.885326	-0.699186
0.420000	-3.729398	5.866709	-4.345610	-0.236781	-0.875251	-0.714834
0.440000	-3.514075	5.838293	-4.640975	-0.212675	-0.865002	-0.729762
0.460000	-3.258067	5.758210	-4.888131	-0.189930	-0.854789	-0.743903
0.480000	-2.959705	5.621050	-5.079135	-0.169034	-0.844819	-0.757188
0.500000	-2.617319	5.421404	-5.206045	-0.150473	-0.835301	-0.769550
0.520000	-2.229345	5.154126	-5.261198	-0.134720	-0.826442	-0.780920
0.540000	-1.796963	4.820866	-5.244148	-0.121886	-0.818368	-0.791165
0.560000	-1.324269	4.430508	-5.162125	-0.111699	-0.811126	-0.800088
0.580000	-0.815503	3.992285	-5.022732	-0.103866	-0.804755	-0.807492
0.600000	-0.274901	3.515430	-4.833574	-0.098094	-0.799298	-0.813175
0.620000	0.293296	3.009178	-4.602253	-0.094092	-0.794794	-0.816938
0.640000	0.884851	2.482761	-4.336374	-0.091566	-0.791285	-0.818581
0.660000	1.495524	1.945415	-4.043538	-0.090225	-0.788812	-0.817904
0.680000	2.121079	1.406371	-3.731351	-0.089776	-0.787416	-0.814709
0.700000	2.757275	0.874865	-3.407414	-0.089928	-0.787137	-0.808794
0.720000	3.399874	0.360129	-3.079332	-0.090387	-0.788017	-0.799961
0.740000	4.044638	-0.128602	-2.754708	-0.090861	-0.790097	-0.788010
0.760000	4.687329	-0.582095	-2.441146	-0.091059	-0.793418	-0.772741
0.780000	5.323707	-0.991116	-2.146248	-0.090688	-0.798020	-0.753954
0.800000	5.949535	-1.346432	-1.877618	-0.089455	-0.803945	-0.731449
0.820000	6.560573	-1.638809	-1.642859	-0.087069	-0.811233	-0.705027
0.840000	7.152580	-1.859045	-1.449552	-0.083238	-0.819926	-0.674490
0.860000	7.720578	-2.002938	-1.301517	-0.077822	-0.829995	-0.639873
0.880000	8.258055	-2.076779	-1.194689	-0.070998	-0.841271	-0.601701
0.900000	8.758305	-2.088182	-1.124010	-0.062983	-0.853565	-0.560562
0.920000	9.214621	-2.044758	-1.084422	-0.053996	-0.866690	-0.517041
0.940000	9.620298	-1.954120	-1.070866	-0.044252	-0.880457	-0.471726
0.960000	9.968628	-1.823879	-1.078285	-0.033969	-0.894679	-0.425204
0.980000	10.252906	-1.661647	-1.101621	-0.023365	-0.909167	-0.378063
1.000000	10.466425	-1.475038	-1.135815	-0.012657	-0.923733	-0.330888
1.020000	10.602479	-1.271662	-1.175810	-0.002062	-0.938189	-0.284266
1.040000	10.654361	-1.059132	-1.216548	0.008203	-0.952347	-0.238786
1.060000	10.615365	-0.845060	-1.252970	0.017921	-0.966020	-0.195033
1.080000	10.478785	-0.637059	-1.280019	0.026874	-0.979018	-0.153594
1.100000	10.237915	-0.442741	-1.292636	0.034844	-0.991154	-0.115057
1.120000	9.886048	-0.269716	-1.285764	0.041616	-1.002240	-0.080009
1.140000	9.416477	-0.125599	-1.254344	0.046971	-1.012088	-0.049036
1.160000	8.822498	-0.018001	-1.193318	0.050692	-1.020510	-0.022725
1.180000	8.101360	0.047344	-1.098991	0.052618	-1.027354	-0.001506
1.200000	7.267734	0.072963	-0.973658	0.052830	-1.032632	0.014885
1.220000	6.341075	0.063654	-0.821263	0.051477	-1.036397	0.026904
1.240000	5.340842	0.024217	-0.645750	0.048708	-1.038706	0.035006
1.260000	4.286490	-0.040550	-0.451063	0.044671	-1.039613	0.039644
1.280000	3.197478	-0.125848	-0.241145	0.039516	-1.039174	0.041274
1.300000	2.093262	-0.226878	-0.019941	0.033392	-1.037444	0.040351
1.320000	0.993300	-0.338841	0.208607	0.026447	-1.034478	0.037330
1.340000	-0.082951	-0.456939	0.440554	0.018829	-1.030331	0.032665
1.360000	-1.116035	-0.576372	0.671956	0.010689	-1.025058	0.026812
1.380000	-2.086493	-0.692342	0.898870	0.002174	-1.018714	0.020225
1.400000	-2.974869	-0.800050	1.117352	-0.006566	-1.011355	0.013360
1.420000	-3.761706	-0.894697	1.323458	-0.015383	-1.003035	0.006670
1.440000	-4.427547	-0.971484	1.513244	-0.024128	-0.993810	0.000612
1.460000	-4.952934	-1.025612	1.682767	-0.032651	-0.983735	-0.004361
1.480000	-5.322209	-1.053246	1.828641	-0.040824	-0.972881	-0.007871
1.500000	-5.541883	-1.056168	1.950735	-0.048621	-0.961408	-0.009988
1.520000	-5.626483	-1.038195	2.050095	-0.056057	-0.949512	-0.010947
1.540000	-5.590547	-1.003142	2.127771	-0.063149	-0.937386	-0.010982
1.560000	-5.448612	-0.954830	2.184809	-0.069910	-0.925225	-0.010327
1.580000	-5.215216	-0.897075	2.222259	-0.076357	-0.913224	-0.009216
1.600000	-4.904897	-0.833695	2.241168	-0.082503	-0.901576	-0.007884
1.620000	-4.532193	-0.768509	2.242584	-0.088364	-0.890476	-0.006565
1.640000	-4.111642	-0.705333	2.227556	-0.093955	-0.880118	-0.005492
1.660000	-3.657781	-0.647987	2.197133	-0.099292	-0.870697	-0.004901
1.680000	-3.185148	-0.600287	2.152361	-0.104388	-0.862406	-0.005024
1.700000	-2.708282	-0.566052	2.094290	-0.109259	-0.855441	-0.006098
1.720000	-2.241720	-0.549100	2.023967	-0.113921	-0.849995	-0.008354
1.740000	-1.800000	-0.553248	1.942440	-0.118387	-0.846263	-0.012029
1.760000	-1.397659	-0.582315	1.850759	-0.122674	-0.844439	-0.017355
1.780000	-1.049209	-0.640106	1.749971	-0.126796	-0.844717	-0.024567
1.800000	-0.763577	-0.728005	1.641215	-0.130767	-0.847183	-0.033751
1.820000	-0.537290	-0.842015	1.525833	-0.134599	-0.851683	-0.044668
1.840000	-0.365213	-0.977417	1.405191	-0.138303	-0.858033	-0.057033
1.860000	-0.242206	-1.129490	1.280656	-0.141890	-0.866048	-0.070565
1.880000	-0.163132	-1.293515	1.153597	-0.145371	-0.875540	-0.084979
1.900000	-0.122853	-1.464773	1.025379	-0.148759	-0.886326	-0.099992
1.920000	-0.116230	-1.638542	0.897371	-0.152063	-0.898220	-0.115322
1.940000	-0.138125	-1.810103	0.770941	-0.155296	-0.911036	-0.130684
1.960000	-0.183401	-1.974737	0.647454	-0.158468	-0.924590	-0.145795
1.980000	-0.246919	-2.127723	0.528279	-0.161592	-0.938695	-0.160372
2.000000	-0.323541	-2.264342	0.414783	-0.164677	-0.953167	-0.174131
2.020000	-0.408130	-2.379873	0.308334	-0.167736	-0.967820	-0.186790
2.040000	-0.495546	-2.469598	0.210298	-0.170780	-0.982468	-0.198065
2.060000	-0.580653	-2.528795	0.122043	-0.173819	-0.996927	-0.207673
2.080000	-0.658312	-2.552746	0.044936	-0.176866	-1.011010	-0.215329
2.100000	-0.723385	-2.536729	-0.019655	-0.179931	-1.024533	-0.220752
2.120000	-0.770810	-2.476103	-0.070384	-0.183026	-1.037312	-0.223662
2.140000	-0.799126	-2.369855	-0.106910	-0.186157	-1.049251	-0.224021
2.160000	-0.811972	-2.222119	-0.130316	-0.189323	-1.060379	-0.222129
2.180000	-0.813375	-2.037418	-0.141792	-0.192524	-1.070734	-0.218311
2.200000	-0.807361	-1.820273	-0.142528	-0.195759	-1.080353	-0.212894
2.220000	-0.797956	-1.575209	-0.133714	-0.199026	-1.089275	-0.206203
2.240000	-0.789185	-1.306748	-0.116542	-0.202325	-1.097537	-0.198563
2.260000	-0.785076	-1.019412	-0.092200	-0.205655	-1.105178	-0.190301
2.280000	-0.789654	-0.717726	-0.061880	-0.209014	-1.112235	-0.181742
2.300000	-0.806945	-0.406210	-0.026772	-0.212403	-1.118746	-0.173213
2.320000	-0.840976	-0.089389	0.011934	-0.215819	-1.124750	-0.165038
2.340000	-0.895773	0.228215	0.053048	-0.219263	-1.130284	-0.157543
2.360000	-0.975361	0.542080	0.095379	-0.222732	-1.135386	-0.151055
2.380000	-1.083767	0.847681	0.137737	-0.226226	-1.140095	-0.145899
2.400000	-1.225017	1.140497	0.178931	-0.229745	-1.144447	-0.142401
2.420000	-1.403137	1.416005	0.217772	-0.233286	-1.148481	-0.140886
2.440000	-1.621498	1.669948	0.253073	-0.236848	-1.152230	-0.141653
2.460000	-1.876551	1.900877	0.283698	-0.240400	-1.155674	-0.144701
2.480000	-2.160600	2.109028	0.308539	-0.243900	-1.158762	-0.149854
2.500000	-2.465891	2.294660	0.326489	-0.247303	-1.161442	-0.156931
2.520000	-2.784672	2.458030	0.336441	-0.250566	-1.163661	-0.165754
2.540000	-3.109190	2.599397	0.337288	-0.253644	-1.165367	-0.176142
2.560000	-3.431690	2.719019	0.327922	-0.256493	-1.166510	-0.187915
2.580000	-3.744422	2.817154	0.307236	-0.259070	-1.167036	-0.200894
2.600000	-4.039630	2.894061	0.274123	-0.261330	-1.166895	-0.214899
2.620000	-4.309563	2.949998	0.227476	-0.263229	-1.166033	-0.229750
2.640000	-4.546467	2.985224	0.166188	-0.264724	-1.164399	-0.245268
2.660000	-4.742589	2.999996	0.089152	-0.265770	-1.161941	-0.261273
2.680000	-4.890176	2.994573	-0.004740	-0.266324	-1.158608	-0.277584
2.700000	-4.981475	2.969213	-0.116595	-0.266341	-1.154346	-0.294023
2.720000	-5.008732	2.924175	-0.247520	-0.265778	-1.149105	-0.310410
2.740000	-4.964724	2.859821	-0.398464	-0.264592	-1.142840	-0.326567
