0.000000	-2.155987	3.824226	0.495644	-0.533430	-0.890707	-0.322313
0.020000	-1.956154	3.732971	0.211848	-0.525752	-0.885894	-0.340371
0.040000	-1.713361	3.582695	-0.114505	-0.517664	-0.883286	-0.357838
0.060000	-1.431441	3.381397	-0.477384	-0.509180	-0.882484	-0.374511
0.080000	-1.114224	3.137080	-0.870756	-0.500315	-0.883088	-0.390189
0.100000	-0.765541	2.857743	-1.288590	-0.491084	-0.884699	-0.404669
0.120000	-0.389223	2.551388	-1.724854	-0.481502	-0.886919	-0.417750
0.140000	0.010900	2.226015	-2.173516	-0.471584	-0.889347	-0.429230
0.160000	0.430995	1.889626	-2.628544	-0.461345	-0.891585	-0.438907
0.180000	0.867232	1.550221	-3.083907	-0.450799	-0.893232	-0.446578
0.200000	1.315780	1.215801	-3.533573	-0.439961	-0.893891	-0.452042
0.220000	1.772808	0.894367	-3.971510	-0.428847	-0.893161	-0.455097
0.240000	2.234486	0.593919	-4.391686	-0.417472	-0.890643	-0.455540
0.260000	2.696981	0.322460	-4.788070	-0.405849	-0.885938	-0.453170
0.280000	3.156478	0.087666	-5.154790	-0.393996	-0.878668	-0.447797
0.300000	3.609400	-0.108513	-5.488831	-0.381955	-0.868837	-0.439464
0.320000	4.052384	-0.269057	-5.789635	-0.369790	-0.856776	-0.428413
0.340000	4.482068	-0.397106	-6.056720	-0.357566	-0.842827	-0.414893
0.360000	4.895096	-0.495801	-6.289609	-0.345349	-0.827332	-0.399150
0.380000	5.288107	-0.568282	-6.487822	-0.333203	-0.810633	-0.381434
0.400000	5.657742	-0.617688	-6.650879	-0.321195	-0.793072	-0.361992
0.420000	6.000643	-0.647160	-6.778302	-0.309388	-0.774991	-0.341072
0.440000	6.313451	-0.659839	-6.869610	-0.297849	-0.756733	-0.318924
0.460000	6.592807	-0.658863	-6.924325	-0.286643	-0.738639	-0.295794
0.480000	6.835351	-0.647373	-6.941967	-0.275834	-0.721051	-0.271931
0.500000	7.037725	-0.628510	-6.922057	-0.265488	-0.704312	-0.247584
0.520000	7.196570	-0.605414	-6.864116	-0.255670	-0.688763	-0.223000
0.540000	7.308527	-0.581224	-6.767664	-0.246445	-0.674747	-0.198427
0.560000	7.370237	-0.559080	-6.632222	-0.237879	-0.662605	-0.174114
0.580000	7.378340	-0.542124	-6.457311	-0.230037	-0.652680	-0.150309
0.600000	7.329479	-0.533495	-6.242451	-0.222983	-0.645313	-0.127261
0.620000	7.220293	-0.536333	-5.987163	-0.216783	-0.640847	-0.105216
0.640000	7.047679	-0.553587	-5.691152	-0.211499	-0.639603	-0.084416
0.660000	6.812973	-0.584883	-5.357338	-0.207125	-0.641544	-0.064982
0.680000	6.521285	-0.627019	-4.991373	-0.203599	-0.646328	-0.046930
0.700000	6.177844	-0.676704	-4.598997	-0.200857	-0.653601	-0.030273
0.720000	5.787880	-0.730647	-4.185947	-0.198835	-0.663012	-0.015025
0.740000	5.356624	-0.785558	-3.757964	-0.197469	-0.674209	-0.001199
0.760000	4.889305	-0.838146	-3.320785	-0.196696	-0.686839	0.011191
0.780000	4.391153	-0.885120	-2.880151	-0.196452	-0.700551	0.022133
0.800000	3.867397	-0.923189	-2.441799	-0.196673	-0.714991	0.031612
0.820000	3.323268	-0.949062	-2.011470	-0.197294	-0.729809	0.039615
0.840000	2.763996	-0.959449	-1.594901	-0.198253	-0.744651	0.046128
0.860000	2.194809	-0.951058	-1.197832	-0.199485	-0.759166	0.051139
0.880000	1.620939	-0.920598	-0.826001	-0.200927	-0.773002	0.054634
0.900000	1.047614	-0.864780	-0.485149	-0.202514	-0.785805	0.056599
0.920000	0.480065	-0.780312	-0.181013	-0.204182	-0.797225	0.057021
0.940000	-0.076479	-0.663902	0.080667	-0.205869	-0.806908	0.055887
0.960000	-0.617234	-0.513284	0.295340	-0.207521	-0.814567	0.053197
0.980000	-1.139911	-0.331912	0.465099	-0.209150	-0.820269	0.049036
1.000000	-1.643092	-0.125230	0.594345	-0.210788	-0.824207	0.043514
1.020000	-2.125358	0.101316	0.687483	-0.212471	-0.826573	0.036744
1.040000	-2.585289	0.342280	0.748918	-0.214231	-0.827559	0.028837
1.060000	-3.021466	0.592215	0.783054	-0.216101	-0.827358	0.019906
1.080000	-3.432471	0.845675	0.794296	-0.218115	-0.826162	0.010061
1.100000	-3.816884	1.097214	0.787049	-0.220307	-0.824162	-0.000585
1.120000	-4.173286	1.341386	0.765717	-0.222710	-0.821553	-0.011920
1.140000	-4.500259	1.572745	0.734704	-0.225358	-0.818524	-0.023833
1.160000	-4.796383	1.785844	0.698416	-0.228284	-0.815270	-0.036212
1.180000	-5.060240	1.975237	0.661256	-0.231522	-0.811982	-0.048945
1.200000	-5.290410	2.135478	0.627630	-0.235104	-0.808853	-0.061920
1.220000	-5.485474	2.261121	0.601942	-0.239065	-0.806074	-0.075025
1.240000	-5.644014	2.346720	0.588596	-0.243439	-0.803839	-0.088149
1.260000	-5.764869	2.387599	0.591453	-0.248248	-0.802321	-0.101192
1.280000	-5.848815	2.384848	0.610294	-0.253446	-0.801558	-0.114142
1.300000	-5.897506	2.342174	0.643052	-0.258955	-0.801529	-0.127027
1.320000	-5.912600	2.263296	0.687650	-0.264694	-0.802210	-0.139875
1.340000	-5.895756	2.151932	0.742013	-0.270584	-0.803577	-0.152715
1.360000	-5.848632	2.011802	0.804063	-0.276547	-0.805608	-0.165576
1.380000	-5.772886	1.846625	0.871724	-0.282502	-0.808279	-0.178485
1.400000	-5.670177	1.660119	0.942920	-0.288371	-0.811568	-0.191471
1.420000	-5.542163	1.456003	1.015574	-0.294073	-0.815450	-0.204563
1.440000	-5.390502	1.237997	1.087610	-0.299531	-0.819903	-0.217788
1.460000	-5.216853	1.009820	1.156951	-0.304664	-0.824905	-0.231176
1.480000	-5.022874	0.775190	1.221521	-0.309393	-0.830430	-0.244754
1.500000	-4.810223	0.537826	1.279243	-0.313639	-0.836457	-0.258551
1.520000	-4.580559	0.301447	1.328041	-0.317323	-0.842963	-0.272596
1.540000	-4.335539	0.069773	1.365838	-0.320365	-0.849923	-0.286917
1.560000	-4.076823	-0.153478	1.390558	-0.322686	-0.857316	-0.301541
1.580000	-3.806083	-0.364686	1.400227	-0.324213	-0.865121	-0.316491
1.600000	-3.525250	-0.562111	1.394810	-0.325014	-0.873385	-0.331648
1.620000	-3.236490	-0.745699	1.376014	-0.325276	-0.882216	-0.346769
1.640000	-2.941978	-0.915455	1.345605	-0.325194	-0.891722	-0.361604
1.660000	-2.643887	-1.071385	1.305351	-0.324962	-0.902014	-0.375907
1.680000	-2.344392	-1.213494	1.257018	-0.324773	-0.913200	-0.389430
1.700000	-2.045666	-1.341787	1.202375	-0.324821	-0.925390	-0.401925
1.720000	-1.749884	-1.456270	1.143189	-0.325299	-0.938692	-0.413143
1.740000	-1.459219	-1.556949	1.081226	-0.326402	-0.953217	-0.422837
1.760000	-1.175845	-1.643828	1.018254	-0.328323	-0.969073	-0.430759
1.780000	-0.901937	-1.716914	0.956039	-0.331256	-0.986369	-0.436661
1.800000	-0.639669	-1.776212	0.896351	-0.335395	-1.005216	-0.440295
1.820000	-0.391214	-1.821726	0.840954	-0.340933	-1.025721	-0.441413
1.840000	-0.158746	-1.853463	0.791618	-0.348064	-1.047994	-0.439768
1.860000	0.055560	-1.871428	0.750108	-0.356981	-1.072145	-0.435110
1.880000	0.249530	-1.875627	0.718193	-0.367880	-1.098283	-0.427194
1.900000	0.421001	-1.866065	0.697627	-0.380950	-1.126514	-0.415772
1.920000	0.568582	-1.842778	0.689139	-0.396199	-1.156699	-0.400867
1.940000	0.692248	-1.805856	0.691660	-0.413310	-1.188268	-0.382960
1.960000	0.792108	-1.755395	0.703940	-0.431933	-1.220609	-0.362583
1.980000	0.868272	-1.691488	0.724728	-0.451719	-1.253110	-0.340265
2.000000	0.920849	-1.614232	0.752774	-0.472317	-1.285158	-0.316538
2.020000	0.949950	-1.523721	0.786828	-0.493378	-1.316139	-0.291931
2.040000	0.955684	-1.420050	0.825638	-0.514552	-1.345442	-0.266975
2.060000	0.938162	-1.303314	0.867955	-0.535490	-1.372454	-0.242200
2.080000	0.897493	-1.173608	0.912529	-0.555841	-1.396562	-0.218137
2.100000	0.833787	-1.031027	0.958108	-0.575257	-1.417154	-0.195315
2.120000	0.747153	-0.875666	1.003443	-0.593387	-1.433616	-0.174265
2.140000	0.637703	-0.707621	1.047282	-0.609882	-1.445336	-0.155518
2.160000	0.505545	-0.526985	1.088376	-0.624392	-1.451702	-0.139604
2.180000	0.350789	-0.333855	1.125475	-0.636567	-1.452101	-0.127053
2.200000	0.173546	-0.128325	1.157327	-0.646058	-1.445920	-0.118396
2.220000	-0.025907	0.089389	1.182718	-0.652538	-1.432603	-0.114124
2.240000	-0.244912	0.317346	1.200954	-0.656011	-1.412388	-0.114194
2.260000	-0.479050	0.552333	1.211720	-0.656726	-1.386101	-0.118163
2.280000	-0.723861	0.791103	1.214714	-0.654937	-1.354584	-0.125577
2.300000	-0.974882	1.030413	1.209631	-0.650898	-1.318676	-0.135987
2.320000	-1.227654	1.267017	1.196168	-0.644863	-1.279218	-0.148939
2.340000	-1.477714	1.497670	1.174020	-0.637088	-1.237051	-0.163981
2.360000	-1.720603	1.719127	1.142885	-0.627825	-1.193015	-0.180662
2.380000	-1.951858	1.928143	1.102459	-0.617330	-1.147951	-0.198530
2.400000	-2.167020	2.121473	1.052437	-0.605857	-1.102700	-0.217132
2.420000	-2.361626	2.295873	0.992516	-0.593660	-1.058102	-0.236016
2.440000	-2.531216	2.448096	0.922393	-0.580993	-1.014997	-0.254731
2.460000	-2.671329	2.574898	0.841763	-0.568110	-0.974227	-0.272824
2.480000	-2.777503	2.673034	0.750324	-0.555267	-0.936631	-0.289844
2.500000	-2.845279	2.739259	0.647770	-0.542717	-0.903051	-0.305338
2.520000	-2.870194	2.770328	0.533799	-0.530714	-0.874326	-0.318855
2.540000	-2.848597	2.763833	0.408279	-0.519465	-0.851108	-0.330022
2.560000	-2.780702	2.721369	0.271899	-0.508944	-0.833136	-0.338851
