0.000000	-0.504274	1.983368	-0.222431	-0.403892	-1.084291	0.007999
0.020000	-0.389858	1.965438	-0.301647	-0.404371	-1.082486	0.007093
0.040000	-0.267599	1.940045	-0.382123	-0.404150	-1.079821	0.005801
0.060000	-0.137094	1.908458	-0.462939	-0.403215	-1.076269	0.004181
0.080000	0.002062	1.871945	-0.543176	-0.401552	-1.071804	0.002288
0.100000	0.150273	1.831775	-0.621915	-0.399146	-1.066401	0.000182
0.120000	0.307943	1.789214	-0.698237	-0.395982	-1.060033	-0.002082
0.140000	0.475476	1.745533	-0.771223	-0.392045	-1.052674	-0.004445
0.160000	0.653277	1.701998	-0.839953	-0.387322	-1.044299	-0.006851
0.180000	0.841749	1.659877	-0.903510	-0.381797	-1.034880	-0.009243
0.200000	1.041297	1.620440	-0.960973	-0.375456	-1.024393	-0.011562
0.220000	1.252325	1.584954	-1.011424	-0.368284	-1.012811	-0.013753
0.240000	1.475238	1.554687	-1.053944	-0.360267	-1.000108	-0.015757
0.260000	1.710045	1.530710	-1.087763	-0.351402	-0.986280	-0.017521
0.280000	1.953936	1.512671	-1.113189	-0.341772	-0.971481	-0.019011
0.300000	2.202867	1.499601	-1.130997	-0.331499	-0.955933	-0.020202
0.320000	2.452788	1.490526	-1.141966	-0.320702	-0.939860	-0.021069
0.340000	2.699654	1.484473	-1.146874	-0.309503	-0.923485	-0.021590
0.360000	2.939413	1.480469	-1.146498	-0.298022	-0.907031	-0.021738
0.380000	3.168019	1.477541	-1.141618	-0.286381	-0.890720	-0.021490
0.400000	3.381423	1.474716	-1.133011	-0.274701	-0.874776	-0.020822
0.420000	3.575576	1.471021	-1.121455	-0.263101	-0.859421	-0.019708
0.440000	3.746430	1.465483	-1.107728	-0.251703	-0.844879	-0.018124
0.460000	3.889937	1.457128	-1.092609	-0.240628	-0.831374	-0.016046
0.480000	4.002048	1.444985	-1.076876	-0.229997	-0.819126	-0.013450
0.500000	4.078715	1.428078	-1.061307	-0.219931	-0.808361	-0.010311
0.520000	4.115889	1.405437	-1.046680	-0.210549	-0.799300	-0.006604
0.540000	4.109522	1.376087	-1.033772	-0.201974	-0.792168	-0.002306
0.560000	4.056091	1.339162	-1.023294	-0.194317	-0.787161	0.002604
0.580000	3.957202	1.294839	-1.015274	-0.187597	-0.784237	0.008099
0.600000	3.817351	1.243885	-1.009362	-0.181781	-0.783215	0.014126
0.620000	3.641069	1.187072	-1.005202	-0.176837	-0.783916	0.020633
0.640000	3.432883	1.125170	-1.002436	-0.172731	-0.786156	0.027567
0.660000	3.197325	1.058954	-1.000709	-0.169430	-0.789756	0.034875
0.680000	2.938923	0.989195	-0.999664	-0.166902	-0.794533	0.042504
0.700000	2.662208	0.916664	-0.998946	-0.165113	-0.800306	0.050400
0.720000	2.371708	0.842136	-0.998199	-0.164030	-0.806895	0.058512
0.740000	2.071955	0.766381	-0.997065	-0.163621	-0.814118	0.066787
0.760000	1.767476	0.690172	-0.995189	-0.163851	-0.821793	0.075171
0.780000	1.462802	0.614281	-0.992214	-0.164688	-0.829739	0.083611
0.800000	1.162462	0.539480	-0.987785	-0.166099	-0.837775	0.092055
0.820000	0.870986	0.466542	-0.981545	-0.168051	-0.845720	0.100451
0.840000	0.592904	0.396238	-0.973139	-0.170511	-0.853392	0.108744
0.860000	0.332744	0.329342	-0.962209	-0.173445	-0.860611	0.116883
0.880000	0.095038	0.266625	-0.948399	-0.176821	-0.867194	0.124814
0.900000	-0.116487	0.208757	-0.931379	-0.180598	-0.872980	0.132480
0.920000	-0.302674	0.155822	-0.910956	-0.184699	-0.877917	0.139806
0.940000	-0.465989	0.107697	-0.886989	-0.189031	-0.881990	0.146707
0.960000	-0.608899	0.064258	-0.859335	-0.193503	-0.885189	0.153098
0.980000	-0.733872	0.025381	-0.827853	-0.198023	-0.887498	0.158896
1.000000	-0.843376	-0.009056	-0.792402	-0.202497	-0.888905	0.164017
1.020000	-0.939878	-0.039178	-0.752839	-0.206835	-0.889397	0.168375
1.040000	-1.025845	-0.065109	-0.709022	-0.210945	-0.888961	0.171889
1.060000	-1.103746	-0.086971	-0.660810	-0.214734	-0.887583	0.174472
1.080000	-1.176047	-0.104889	-0.608062	-0.218111	-0.885250	0.176041
1.100000	-1.245216	-0.118987	-0.550634	-0.220983	-0.881950	0.176512
1.120000	-1.313722	-0.129387	-0.488386	-0.223258	-0.877668	0.175800
1.140000	-1.384030	-0.136214	-0.421176	-0.224845	-0.872393	0.173822
1.160000	-1.458610	-0.139590	-0.348861	-0.225651	-0.866110	0.170494
1.180000	-1.539928	-0.139641	-0.271300	-0.225585	-0.858807	0.165731
1.200000	-1.630445	-0.136489	-0.188354	-0.224555	-0.850470	0.159449
1.220000	-1.731398	-0.130260	-0.100227	-0.222542	-0.841154	0.151641
1.240000	-1.841353	-0.121086	-0.007879	-0.219688	-0.831054	0.142461
1.260000	-1.958525	-0.109100	0.087633	-0.216154	-0.820388	0.132089
1.280000	-2.081129	-0.094432	0.185250	-0.212104	-0.809371	0.120700
1.300000	-2.207380	-0.077216	0.283915	-0.207699	-0.798218	0.108473
1.320000	-2.335494	-0.057583	0.382571	-0.203102	-0.787146	0.095585
1.340000	-2.463687	-0.035665	0.480158	-0.198474	-0.776371	0.082214
1.360000	-2.590173	-0.011595	0.575620	-0.193979	-0.766109	0.068536
1.380000	-2.713167	0.014495	0.667898	-0.189777	-0.756576	0.054731
1.400000	-2.830885	0.042473	0.755934	-0.186032	-0.747987	0.040974
1.420000	-2.941542	0.072207	0.838671	-0.182905	-0.740559	0.027444
1.440000	-3.043354	0.103565	0.915051	-0.180559	-0.734507	0.014319
1.460000	-3.134535	0.136415	0.984016	-0.179156	-0.730048	0.001774
1.480000	-3.213301	0.170625	1.044508	-0.178859	-0.727398	-0.010011
1.500000	-3.277867	0.206062	1.095469	-0.179828	-0.726771	-0.020859
1.520000	-3.326449	0.242594	1.135842	-0.182228	-0.728386	-0.030594
1.540000	-3.357666	0.279996	1.164872	-0.186173	-0.732399	-0.039078
1.560000	-3.371998	0.317610	1.183197	-0.191571	-0.738708	-0.046367
1.580000	-3.370455	0.354655	1.191856	-0.198268	-0.747133	-0.052571
1.600000	-3.354048	0.390351	1.191886	-0.206110	-0.757496	-0.057800
1.620000	-3.323787	0.423917	1.184324	-0.214945	-0.769617	-0.062162
1.640000	-3.280682	0.454574	1.170208	-0.224617	-0.783319	-0.065767
1.660000	-3.225745	0.481539	1.150576	-0.234975	-0.798420	-0.068726
1.680000	-3.159986	0.504032	1.126463	-0.245864	-0.814744	-0.071147
1.700000	-3.084416	0.521274	1.098910	-0.257131	-0.832111	-0.073140
1.720000	-3.000044	0.532483	1.068951	-0.268621	-0.850341	-0.074815
1.740000	-2.907883	0.536878	1.037626	-0.280183	-0.869257	-0.076282
1.760000	-2.808941	0.533680	1.005972	-0.291662	-0.888679	-0.077650
1.780000	-2.704231	0.522107	0.975026	-0.302904	-0.908428	-0.079028
1.800000	-2.594762	0.501379	0.945825	-0.313756	-0.928326	-0.080527
1.820000	-2.481545	0.470716	0.919407	-0.324065	-0.948193	-0.082256
1.840000	-2.365570	0.429562	0.896645	-0.333692	-0.967853	-0.084306
1.860000	-2.247695	0.378743	0.877414	-0.342587	-0.987150	-0.086652
1.880000	-2.128733	0.319600	0.861213	-0.350738	-1.005934	-0.089228
1.900000	-2.009493	0.253477	0.847538	-0.358128	-1.024056	-0.091967
1.920000	-1.890788	0.181716	0.835888	-0.364743	-1.041364	-0.094802
1.940000	-1.773427	0.105663	0.825760	-0.370569	-1.057710	-0.097666
1.960000	-1.658223	0.026658	0.816653	-0.375591	-1.072943	-0.100491
1.980000	-1.545985	-0.053954	0.808065	-0.379795	-1.086914	-0.103211
2.000000	-1.437524	-0.134829	0.799493	-0.383165	-1.099473	-0.105758
2.020000	-1.333652	-0.214625	0.790435	-0.385688	-1.110470	-0.108066
2.040000	-1.235180	-0.291999	0.780388	-0.387348	-1.119755	-0.110067
2.060000	-1.142918	-0.365607	0.768852	-0.388131	-1.127178	-0.111695
2.080000	-1.057677	-0.434106	0.755323	-0.388022	-1.132591	-0.112882
2.100000	-0.980269	-0.496153	0.739300	-0.387007	-1.135842	-0.113561
2.120000	-0.911504	-0.550404	0.720280	-0.385071	-1.136782	-0.113665
2.140000	-0.852191	-0.595518	0.697763	-0.382200	-1.135262	-0.113128
2.160000	-0.802824	-0.630470	0.671541	-0.378419	-1.131246	-0.111933
2.180000	-0.763159	-0.654971	0.642084	-0.373842	-1.124964	-0.110178
2.200000	-0.732855	-0.668834	0.609959	-0.368601	-1.116682	-0.107980
2.220000	-0.711565	-0.671872	0.575732	-0.362822	-1.106666	-0.105454
2.240000	-0.698947	-0.663899	0.539968	-0.356635	-1.095183	-0.102715
2.260000	-0.694657	-0.644728	0.503232	-0.350168	-1.082498	-0.099879
2.280000	-0.698349	-0.614171	0.466092	-0.343551	-1.068877	-0.097062
2.300000	-0.709681	-0.572043	0.429111	-0.336911	-1.054587	-0.094378
2.320000	-0.728308	-0.518156	0.392857	-0.330378	-1.039894	-0.091944
2.340000	-0.753886	-0.452324	0.357895	-0.324081	-1.025064	-0.089875
2.360000	-0.786070	-0.374360	0.324791	-0.318147	-1.010364	-0.088286
2.380000	-0.824518	-0.284077	0.294110	-0.312706	-0.996058	-0.087293
2.400000	-0.868885	-0.181288	0.266418	-0.307887	-0.982414	-0.087011
2.420000	-0.918826	-0.065807	0.242282	-0.303818	-0.969698	-0.087557
2.440000	-0.973998	0.062553	0.222266	-0.300627	-0.958176	-0.089044
2.460000	-1.034056	0.203979	0.206937	-0.298445	-0.948114	-0.091590
2.480000	-1.098554	0.358280	0.196692	-0.297367	-0.939733	-0.095279
2.500000	-1.166538	0.523418	0.191108	-0.297333	-0.933041	-0.100056
2.520000	-1.236903	0.696796	0.189514	-0.298238	-0.927976	-0.105822
2.540000	-1.308542	0.875816	0.191237	-0.299974	-0.924478	-0.112475
2.560000	-1.380351	1.057879	0.195606	-0.302434	-0.922489	-0.119917
2.580000	-1.451222	1.240388	0.201946	-0.305511	-0.921948	-0.128048
2.600000	-1.520051	1.420745	0.209588	-0.309098	-0.922795	-0.136769
2.620000	-1.585730	1.596352	0.217857	-0.313088	-0.924970	-0.145978
2.640000	-1.647155	1.764610	0.226083	-0.317375	-0.928414	-0.155577
2.660000	-1.703219	1.922923	0.233593	-0.321850	-0.933066	-0.165466
2.680000	-1.752816	2.068691	0.239715	-0.326409	-0.938866	-0.175546
2.700000	-1.794840	2.199316	0.243776	-0.330943	-0.945756	-0.185715
2.720000	-1.828186	2.312201	0.245104	-0.335345	-0.953673	-0.195876
2.740000	-1.851747	2.404749	0.243028	-0.339509	-0.962560	-0.205927
2.760000	-1.864417	2.474359	0.236875	-0.343327	-0.972355	-0.215770
2.780000	-1.865092	2.518436	0.225972	-0.346693	-0.982999	-0.225304
