0.000000	2.340742	4.044123	-0.019488	0.067023	-0.094368	-0.203411
0.020000	2.364738	3.412653	0.014871	0.078157	-0.110471	-0.206282
0.040000	2.412240	2.677606	0.048614	0.088656	-0.129048	-0.208951
0.060000	2.483528	1.864469	0.079389	0.098442	-0.149567	-0.211437
0.080000	2.578882	0.998727	0.104844	0.107437	-0.171499	-0.213758
0.100000	2.698583	0.105865	0.122630	0.115563	-0.194311	-0.215932
0.120000	2.842910	-0.788630	0.130393	0.122741	-0.217474	-0.217977
0.140000	3.012145	-1.659273	0.125784	0.128893	-0.240458	-0.219911
0.160000	3.206567	-2.480579	0.106450	0.133942	-0.262730	-0.221754
0.180000	3.426456	-3.227061	0.070041	0.137808	-0.283761	-0.223522
0.200000	3.672093	-3.873234	0.014204	0.140414	-0.303020	-0.225235
0.220000	3.943757	-4.393612	-0.063411	0.141682	-0.319976	-0.226911
0.240000	4.241730	-4.762709	-0.165155	0.141533	-0.334099	-0.228568
0.260000	4.566290	-4.955040	-0.293380	0.139889	-0.344858	-0.230224
0.280000	4.917532	-4.946672	-0.450215	0.136679	-0.351751	-0.231895
0.300000	5.292254	-4.741021	-0.633869	0.131975	-0.354778	-0.233554
0.320000	5.684437	-4.364879	-0.839203	0.125963	-0.354370	-0.235136
0.340000	6.087973	-3.845788	-1.060969	0.118838	-0.350971	-0.236576
0.360000	6.496754	-3.211295	-1.293919	0.110791	-0.345026	-0.237809
0.380000	6.904671	-2.488943	-1.532806	0.102017	-0.336979	-0.238768
0.400000	7.305615	-1.706275	-1.772381	0.092707	-0.327274	-0.239389
0.420000	7.693478	-0.890836	-2.007398	0.083055	-0.316356	-0.239606
0.440000	8.062151	-0.070171	-2.232607	0.073253	-0.304668	-0.239353
0.460000	8.405525	0.728177	-2.442763	0.063494	-0.292655	-0.238565
0.480000	8.717493	1.476663	-2.632616	0.053971	-0.280762	-0.237176
0.500000	8.991944	2.147744	-2.796920	0.044877	-0.269433	-0.235122
0.520000	9.222772	2.713875	-2.930426	0.036405	-0.259112	-0.232336
0.540000	9.403867	3.147513	-3.027887	0.028747	-0.250243	-0.228752
0.560000	9.529120	3.421112	-3.084055	0.022097	-0.243270	-0.224306
0.580000	9.592424	3.507129	-3.093683	0.016647	-0.238639	-0.218933
0.600000	9.589452	3.384577	-3.052905	0.012551	-0.236694	-0.212598
0.620000	9.525927	3.069418	-2.965648	0.009747	-0.237222	-0.205453
0.640000	9.411088	2.590544	-2.838567	0.008097	-0.239817	-0.197714
0.660000	9.254177	1.976861	-2.678319	0.007460	-0.244069	-0.189595
0.680000	9.064437	1.257278	-2.491559	0.007699	-0.249571	-0.181312
0.700000	8.851110	0.460699	-2.284946	0.008674	-0.255915	-0.173080
0.720000	8.623440	-0.383969	-2.065135	0.010248	-0.262694	-0.165116
0.740000	8.390668	-1.247818	-1.838784	0.012280	-0.269498	-0.157633
0.760000	8.162038	-2.101943	-1.612550	0.014633	-0.275920	-0.150848
0.780000	7.946791	-2.917437	-1.393089	0.017167	-0.281552	-0.144975
0.800000	7.754171	-3.665393	-1.187059	0.019744	-0.285985	-0.140231
0.820000	7.593420	-4.316905	-1.001115	0.022224	-0.288813	-0.136830
0.840000	7.473780	-4.843066	-0.841916	0.024470	-0.289627	-0.134988
0.860000	7.404495	-5.214970	-0.716118	0.026342	-0.288019	-0.134920
0.880000	7.394806	-5.403710	-0.630377	0.027702	-0.283580	-0.136841
0.900000	7.453923	-5.380477	-0.591330	0.028410	-0.275906	-0.140967
0.920000	7.584919	-5.134057	-0.601690	0.028401	-0.264879	-0.147345
0.940000	7.777677	-4.691072	-0.655745	0.027758	-0.251009	-0.155668
0.960000	8.020368	-4.083053	-0.746685	0.026589	-0.234889	-0.165583
0.980000	8.301163	-3.341531	-0.867705	0.024999	-0.217107	-0.176735
1.000000	8.608233	-2.498036	-1.011995	0.023093	-0.198255	-0.188771
1.020000	8.929750	-1.584097	-1.172749	0.020976	-0.178924	-0.201336
1.040000	9.253884	-0.631246	-1.343158	0.018755	-0.159704	-0.214077
1.060000	9.568808	0.328987	-1.516415	0.016534	-0.141186	-0.226641
1.080000	9.862691	1.265072	-1.685713	0.014420	-0.123961	-0.238672
1.100000	10.123706	2.145479	-1.844244	0.012518	-0.108620	-0.249818
1.120000	10.340023	2.938676	-1.985200	0.010933	-0.095753	-0.259725
1.140000	10.499814	3.613134	-2.101773	0.009772	-0.085951	-0.268039
1.160000	10.591250	4.137323	-2.187156	0.009138	-0.079805	-0.274405
1.180000	10.602502	4.479711	-2.234541	0.009139	-0.077905	-0.278471
1.200000	10.521741	4.608769	-2.237121	0.009880	-0.080843	-0.279881
1.220000	10.337793	4.494691	-2.188464	0.011460	-0.089174	-0.278303
1.240000	10.052061	4.140823	-2.089363	0.013886	-0.102758	-0.273770
1.260000	9.677289	3.580397	-1.947122	0.017076	-0.120836	-0.266653
1.280000	9.226625	2.847717	-1.769283	0.020946	-0.142623	-0.257331
1.300000	8.713219	1.977086	-1.563384	0.025412	-0.167335	-0.246185
1.320000	8.150220	1.002807	-1.336963	0.030390	-0.194189	-0.233596
1.340000	7.550777	-0.040816	-1.097561	0.035795	-0.222400	-0.219945
1.360000	6.928039	-1.119480	-0.852717	0.041544	-0.251185	-0.205612
1.380000	6.295155	-2.198882	-0.609969	0.047552	-0.279759	-0.190979
1.400000	5.665275	-3.244718	-0.376857	0.053735	-0.307339	-0.176425
1.420000	5.051548	-4.222685	-0.160920	0.060009	-0.333141	-0.162332
1.440000	4.467122	-5.098480	0.030302	0.066290	-0.356381	-0.149081
1.460000	3.925147	-5.837800	0.189271	0.072493	-0.376275	-0.137051
1.480000	3.438773	-6.406342	0.308448	0.078535	-0.392039	-0.126625
1.500000	3.021148	-6.769801	0.380292	0.084332	-0.402889	-0.118182
1.520000	2.685131	-6.894829	0.397463	0.089798	-0.408063	-0.112094
1.540000	2.434903	-6.776665	0.358534	0.094851	-0.407439	-0.108451
1.560000	2.264665	-6.443404	0.268878	0.099407	-0.401635	-0.107021
1.580000	2.168072	-5.924957	0.134245	0.103383	-0.391305	-0.107553
1.600000	2.138776	-5.251231	-0.039618	0.106695	-0.377107	-0.109797
1.620000	2.170430	-4.452136	-0.246961	0.109260	-0.359698	-0.113502
1.640000	2.256686	-3.557580	-0.482038	0.110995	-0.339733	-0.118418
1.660000	2.391198	-2.597472	-0.739099	0.111817	-0.317870	-0.124294
1.680000	2.567617	-1.601722	-1.012395	0.111642	-0.294766	-0.130881
1.700000	2.779598	-0.600238	-1.296179	0.110387	-0.271077	-0.137926
1.720000	3.020792	0.377072	-1.584702	0.107968	-0.247459	-0.145181
1.740000	3.284853	1.300298	-1.872216	0.104303	-0.224569	-0.152394
1.760000	3.565433	2.139531	-2.152972	0.099307	-0.203064	-0.159316
1.780000	3.856185	2.864862	-2.421221	0.092898	-0.183601	-0.165695
1.800000	4.150762	3.446383	-2.671216	0.084993	-0.166836	-0.171281
1.820000	4.442817	3.854185	-2.897208	0.075507	-0.153425	-0.175824
1.840000	4.726002	4.058358	-3.093449	0.064359	-0.144026	-0.179073
1.860000	4.994316	4.031298	-3.254586	0.051476	-0.139260	-0.180794
1.880000	5.246688	3.778240	-3.380923	0.036979	-0.139252	-0.180970
1.900000	5.485725	3.328899	-3.476977	0.021124	-0.143757	-0.179750
1.920000	5.714117	2.713575	-3.547367	0.004173	-0.152520	-0.177286
1.940000	5.934558	1.962568	-3.596712	-0.013613	-0.165287	-0.173729
1.960000	6.149741	1.106180	-3.629630	-0.031971	-0.181803	-0.169232
1.980000	6.362358	0.174708	-3.650739	-0.050641	-0.201814	-0.163946
2.000000	6.575103	-0.801545	-3.664659	-0.069361	-0.225067	-0.158024
2.020000	6.790667	-1.792280	-3.676007	-0.087870	-0.251306	-0.151617
2.040000	7.011743	-2.767198	-3.689402	-0.105906	-0.280277	-0.144878
2.060000	7.241025	-3.695997	-3.709464	-0.123207	-0.311726	-0.137957
2.080000	7.481204	-4.548378	-3.740809	-0.139512	-0.345398	-0.131009
2.100000	7.734974	-5.294040	-3.788058	-0.154561	-0.381040	-0.124183
