0.000000	7.734974	-5.294040	-3.788058	-0.154561	-0.381040	-0.124183
0.020000	8.005028	-5.902684	-3.855828	-0.168090	-0.418397	-0.117633
0.040000	8.294058	-6.344009	-3.948737	-0.179840	-0.457214	-0.111509
0.060000	8.604756	-6.587716	-4.071406	-0.189547	-0.497237	-0.105965
0.080000	8.939738	-6.603966	-4.228364	-0.196956	-0.538213	-0.101150
0.100000	9.297675	-6.386275	-4.419742	-0.202029	-0.579915	-0.097109
0.120000	9.671521	-5.962029	-4.639290	-0.205045	-0.622159	-0.093737
0.140000	10.053782	-5.361270	-4.880253	-0.206310	-0.664763	-0.090915
0.160000	10.436962	-4.614041	-5.135880	-0.206129	-0.707543	-0.088526
0.180000	10.813568	-3.750384	-5.399418	-0.204808	-0.750320	-0.086452
0.200000	11.176103	-2.800343	-5.664114	-0.202651	-0.792910	-0.084574
0.220000	11.517073	-1.793960	-5.923216	-0.199965	-0.835131	-0.082775
0.240000	11.828984	-0.761278	-6.169971	-0.197054	-0.876802	-0.080938
0.260000	12.104341	0.267661	-6.397627	-0.194224	-0.917740	-0.078943
0.280000	12.335648	1.262813	-6.599431	-0.191779	-0.957764	-0.076674
0.300000	12.515411	2.194137	-6.768630	-0.190026	-0.996692	-0.074012
0.320000	12.636136	3.031588	-6.898472	-0.189268	-1.034341	-0.070839
0.340000	12.690327	3.745126	-6.982204	-0.189813	-1.070530	-0.067038
0.360000	12.670490	4.304706	-7.013074	-0.191964	-1.105076	-0.062491
0.380000	12.569129	4.680287	-6.984329	-0.196028	-1.137798	-0.057080
0.400000	12.379749	4.844752	-6.890022	-0.202274	-1.168532	-0.050701
0.420000	12.106715	4.802872	-6.732972	-0.210598	-1.197303	-0.043424
0.440000	11.761073	4.579013	-6.521387	-0.220663	-1.224257	-0.035418
0.460000	11.353966	4.197826	-6.263554	-0.232129	-1.249539	-0.026858
0.480000	10.896536	3.683964	-5.967761	-0.244655	-1.273297	-0.017916
0.500000	10.399924	3.062076	-5.642293	-0.257903	-1.295675	-0.008766
0.520000	9.875273	2.356816	-5.295437	-0.271531	-1.316821	0.000421
0.540000	9.333726	1.592834	-4.935480	-0.285200	-1.336880	0.009470
0.560000	8.786425	0.794782	-4.570709	-0.298570	-1.355999	0.018209
0.580000	8.244512	-0.012689	-4.209410	-0.311301	-1.374323	0.026465
0.600000	7.719128	-0.804927	-3.859871	-0.323053	-1.391999	0.034065
0.620000	7.221417	-1.557280	-3.530377	-0.333486	-1.409174	0.040835
0.640000	6.762521	-2.245097	-3.229215	-0.342260	-1.425992	0.046603
0.660000	6.353582	-2.843727	-2.964673	-0.349035	-1.442602	0.051195
0.680000	6.005742	-3.328517	-2.745037	-0.353471	-1.459147	0.054440
0.700000	5.730143	-3.674818	-2.578593	-0.355228	-1.475776	0.056163
0.720000	5.535123	-3.865230	-2.471177	-0.354078	-1.492578	0.056263
0.740000	5.418170	-3.910405	-2.419150	-0.350222	-1.509434	0.054913
0.760000	5.374155	-3.827768	-2.416583	-0.343966	-1.526172	0.052353
0.780000	5.397946	-3.634745	-2.457545	-0.335616	-1.542620	0.048824
0.800000	5.484412	-3.348764	-2.536108	-0.325479	-1.558606	0.044565
0.820000	5.628422	-2.987250	-2.646343	-0.313861	-1.573958	0.039816
0.840000	5.824846	-2.567630	-2.782320	-0.301067	-1.588505	0.034817
0.860000	6.068553	-2.107330	-2.938110	-0.287403	-1.602074	0.029809
0.880000	6.354411	-1.623776	-3.107783	-0.273175	-1.614495	0.025030
0.900000	6.677290	-1.134396	-3.285411	-0.258690	-1.625594	0.020722
0.920000	7.032059	-0.656615	-3.465064	-0.244254	-1.635201	0.017123
0.940000	7.413586	-0.207859	-3.640813	-0.230172	-1.643143	0.014475
0.960000	7.816742	0.194444	-3.806729	-0.216750	-1.649249	0.013016
0.980000	8.236395	0.532869	-3.956882	-0.204295	-1.653347	0.012987
1.000000	8.667414	0.789989	-4.085342	-0.193112	-1.655265	0.014629
1.020000	9.104668	0.948378	-4.186182	-0.183507	-1.654831	0.018180
1.040000	9.543024	0.990639	-4.253478	-0.175787	-1.651874	0.023880
1.060000	9.976910	0.908060	-4.283577	-0.170134	-1.646403	0.031791
1.080000	10.399700	0.712609	-4.278221	-0.166439	-1.638851	0.041555
1.100000	10.804617	0.419268	-4.239938	-0.164552	-1.629717	0.052750
1.120000	11.184882	0.043016	-4.171257	-0.164323	-1.619498	0.064955
1.140000	11.533718	-0.401165	-4.074707	-0.165599	-1.608690	0.077750
1.160000	11.844347	-0.898293	-3.952816	-0.168230	-1.597792	0.090714
1.180000	12.109991	-1.433389	-3.808114	-0.172066	-1.587299	0.103425
1.200000	12.323873	-1.991472	-3.643129	-0.176954	-1.577710	0.115463
1.220000	12.479214	-2.557559	-3.460389	-0.182745	-1.569521	0.126408
1.240000	12.569237	-3.116671	-3.262425	-0.189288	-1.563230	0.135837
1.260000	12.587163	-3.653827	-3.051763	-0.196431	-1.559334	0.143331
1.280000	12.526215	-4.154045	-2.830933	-0.204024	-1.558330	0.148469
1.300000	12.379616	-4.602344	-2.602464	-0.211915	-1.560715	0.150829
1.320000	12.140587	-4.983745	-2.368884	-0.219955	-1.566987	0.149991
1.340000	11.802350	-5.283265	-2.132722	-0.227991	-1.577643	0.145534
1.360000	11.358531	-5.486425	-1.896493	-0.235878	-1.593152	0.137058
1.380000	10.811882	-5.590097	-1.662386	-0.243580	-1.613383	0.124634
1.400000	10.174199	-5.602400	-1.432270	-0.251171	-1.637605	0.108798
1.420000	9.457667	-5.531937	-1.207997	-0.258728	-1.665062	0.090107
1.440000	8.674470	-5.387311	-0.991424	-0.266331	-1.694997	0.069119
1.460000	7.836792	-5.177123	-0.784403	-0.274058	-1.726654	0.046391
1.480000	6.956817	-4.909975	-0.588790	-0.281986	-1.759277	0.022479
1.500000	6.046730	-4.594471	-0.406438	-0.290195	-1.792109	-0.002059
1.520000	5.118715	-4.239211	-0.239202	-0.298761	-1.824395	-0.026667
1.540000	4.184956	-3.852798	-0.088936	-0.307764	-1.855378	-0.050787
1.560000	3.257637	-3.443834	0.042506	-0.317282	-1.884301	-0.073863
1.580000	2.348942	-3.020922	0.153270	-0.327394	-1.910410	-0.095337
1.600000	1.471056	-2.592664	0.241501	-0.338176	-1.932947	-0.114653
1.620000	0.636163	-2.167661	0.305346	-0.349708	-1.951155	-0.131253
1.640000	-0.143553	-1.754516	0.342949	-0.362068	-1.964280	-0.144581
1.660000	-0.855908	-1.361831	0.352457	-0.375334	-1.971565	-0.154079
1.680000	-1.490398	-0.997201	0.332675	-0.389544	-1.972409	-0.159272
1.700000	-2.047809	-0.661447	0.286840	-0.404462	-1.967260	-0.160225
1.720000	-2.533578	-0.352599	0.220015	-0.419741	-1.956999	-0.157228
1.740000	-2.953158	-0.068683	0.137269	-0.435032	-1.942506	-0.150571
1.760000	-3.311999	0.192280	0.043670	-0.449987	-1.924663	-0.140545
1.780000	-3.615552	0.432267	-0.055713	-0.464258	-1.904351	-0.127440
1.800000	-3.869270	0.653254	-0.155812	-0.477497	-1.882451	-0.111545
1.820000	-4.078603	0.857218	-0.251559	-0.489356	-1.859844	-0.093153
1.840000	-4.249003	1.046136	-0.337885	-0.499486	-1.837412	-0.072551
1.860000	-4.385921	1.221985	-0.409721	-0.507540	-1.816036	-0.050032
1.880000	-4.494810	1.386743	-0.461999	-0.513168	-1.796597	-0.025885
1.900000	-4.581119	1.542385	-0.489651	-0.516024	-1.779976	-0.000401
1.920000	-4.650302	1.690889	-0.487608	-0.515758	-1.767054	0.026131
1.940000	-4.707808	1.834232	-0.450802	-0.512022	-1.758713	0.053419
1.960000	-4.759090	1.974391	-0.374164	-0.504469	-1.755833	0.081175
1.980000	-4.809597	2.113341	-0.252634	-0.492751	-1.759296	0.109106
2.000000	-4.863866	2.252387	-0.084088	-0.476757	-1.769471	0.136938
2.020000	-4.924140	2.391144	0.126175	-0.456971	-1.785447	0.164432
2.040000	-4.992303	2.528965	0.371707	-0.433973	-1.806114	0.191353
2.060000	-5.070236	2.665201	0.646058	-0.408340	-1.830358	0.217468
2.080000	-5.159826	2.799204	0.942780	-0.380650	-1.857070	0.242544
2.100000	-5.262956	2.930326	1.255424	-0.351482	-1.885137	0.266346
2.120000	-5.381508	3.057921	1.577540	-0.321413	-1.913448	0.288642
2.140000	-5.517369	3.181339	1.902679	-0.291022	-1.940893	0.309197
2.160000	-5.672421	3.299932	2.224393	-0.260887	-1.966359	0.327778
2.180000	-5.848548	3.413054	2.536231	-0.231586	-1.988735	0.344151
2.200000	-6.047634	3.520056	2.831746	-0.203698	-2.006910	0.358083
2.220000	-6.271563	3.620290	3.104488	-0.177799	-2.019773	0.369340
2.240000	-6.522219	3.713108	3.348008	-0.154469	-2.026212	0.377688
2.260000	-6.801486	3.797862	3.555857	-0.134285	-2.025116	0.382894
2.280000	-7.111248	3.873905	3.721586	-0.117826	-2.015374	0.384723
2.300000	-7.453388	3.940588	3.838745	-0.105670	-1.995873	0.382944
2.320000	-7.828314	3.997372	3.902327	-0.098261	-1.965798	0.377395
2.340000	-8.228503	4.044291	3.915053	-0.095325	-1.925909	0.368318
2.360000	-8.643785	4.081573	3.882231	-0.096350	-1.877498	0.356084
