0.000000	-1.507246	4.235525	-0.128961	-0.450028	-0.889344	-0.195813
0.020000	-1.527571	4.899880	-0.179689	-0.442663	-0.875747	-0.180306
0.040000	-1.539531	5.410844	-0.225742	-0.431213	-0.868261	-0.166000
0.060000	-1.542518	5.743074	-0.266207	-0.415405	-0.867932	-0.153153
0.080000	-1.536048	5.895593	-0.300883	-0.395483	-0.874816	-0.141818
0.100000	-1.519743	5.888251	-0.330187	-0.372141	-0.888125	-0.131875
0.120000	-1.493229	5.741568	-0.354553	-0.346083	-0.907047	-0.123197
0.140000	-1.456132	5.476062	-0.374414	-0.318015	-0.930765	-0.115658
0.160000	-1.408077	5.112256	-0.390207	-0.288642	-0.958465	-0.109131
0.180000	-1.348690	4.670667	-0.402365	-0.258670	-0.989334	-0.103489
0.200000	-1.277598	4.171817	-0.411322	-0.228805	-1.022556	-0.098606
0.220000	-1.194425	3.636224	-0.417514	-0.199751	-1.057316	-0.094356
0.240000	-1.098797	3.084410	-0.421375	-0.172216	-1.092801	-0.090612
0.260000	-0.990341	2.536893	-0.423340	-0.146903	-1.128196	-0.087248
0.280000	-0.868682	2.014194	-0.423842	-0.124520	-1.162686	-0.084137
0.300000	-0.733445	1.536832	-0.423318	-0.105771	-1.195457	-0.081152
0.320000	-0.584257	1.125328	-0.422200	-0.091361	-1.225695	-0.078167
0.340000	-0.420742	0.800201	-0.420924	-0.081997	-1.252584	-0.075056
0.360000	-0.242528	0.581972	-0.419924	-0.078384	-1.275310	-0.071692
0.380000	-0.050094	0.487006	-0.419496	-0.081055	-1.293227	-0.067977
0.400000	0.151265	0.508271	-0.419154	-0.089571	-1.306636	-0.063975
0.420000	0.354570	0.630543	-0.418136	-0.103152	-1.316171	-0.059804
0.440000	0.552838	0.838590	-0.415684	-0.121017	-1.322465	-0.055586
0.460000	0.739089	1.117178	-0.411036	-0.142386	-1.326152	-0.051438
0.480000	0.906340	1.451077	-0.403431	-0.166481	-1.327864	-0.047481
0.500000	1.047611	1.825053	-0.392110	-0.192519	-1.328236	-0.043835
0.520000	1.155918	2.223874	-0.376312	-0.219722	-1.327900	-0.040618
0.540000	1.224282	2.632308	-0.355276	-0.247309	-1.327492	-0.037952
0.560000	1.245720	3.035123	-0.328242	-0.274500	-1.327643	-0.035955
0.580000	1.213251	3.417087	-0.294449	-0.300515	-1.328987	-0.034747
0.600000	1.119893	3.762967	-0.253136	-0.324574	-1.332158	-0.034448
0.620000	0.958665	4.057530	-0.203544	-0.345897	-1.337790	-0.035177
0.640000	0.722584	4.285545	-0.144912	-0.363703	-1.346516	-0.037054
0.660000	0.404670	4.431779	-0.076479	-0.377213	-1.358969	-0.040198
0.680000	-0.000294	4.482889	0.002307	-0.385759	-1.375684	-0.044698
0.700000	-0.484218	4.439772	0.090427	-0.389530	-1.396445	-0.050404
0.720000	-1.032937	4.309825	0.186148	-0.389103	-1.420697	-0.057057
0.740000	-1.632256	4.100477	0.287731	-0.385058	-1.447882	-0.064399
0.760000	-2.267980	3.819159	0.393436	-0.377974	-1.477441	-0.072169
0.780000	-2.925915	3.473301	0.501527	-0.368431	-1.508816	-0.080110
0.800000	-3.591865	3.070331	0.610263	-0.357009	-1.541449	-0.087962
0.820000	-4.251636	2.617679	0.717908	-0.344286	-1.574783	-0.095466
0.840000	-4.891033	2.122776	0.822722	-0.330844	-1.608258	-0.102363
0.860000	-5.495860	1.593051	0.922967	-0.317261	-1.641318	-0.108395
0.880000	-6.051924	1.035933	1.016905	-0.304117	-1.673403	-0.113301
0.900000	-6.545028	0.458852	1.102797	-0.291991	-1.703956	-0.116823
0.920000	-6.960979	-0.130761	1.178905	-0.281464	-1.732419	-0.118702
0.940000	-7.285581	-0.725478	1.243490	-0.273115	-1.758233	-0.118679
0.960000	-7.504640	-1.317868	1.294815	-0.267523	-1.780841	-0.116494
0.980000	-7.603960	-1.900503	1.331139	-0.265268	-1.799684	-0.111890
1.000000	-7.569346	-2.465952	1.350726	-0.266930	-1.814205	-0.104606
1.020000	-7.391318	-3.007317	1.352434	-0.272907	-1.824004	-0.094492
1.040000	-7.081704	-3.520110	1.337821	-0.282772	-1.829406	-0.081890
1.060000	-6.658353	-4.000522	1.309209	-0.295866	-1.830937	-0.067278
1.080000	-6.139114	-4.444742	1.268919	-0.311533	-1.829126	-0.051137
1.100000	-5.541836	-4.848961	1.219273	-0.329112	-1.824499	-0.033945
1.120000	-4.884370	-5.209371	1.162591	-0.347946	-1.817585	-0.016183
1.140000	-4.184564	-5.522161	1.101195	-0.367377	-1.808909	0.001671
1.160000	-3.460267	-5.783522	1.037407	-0.386745	-1.799001	0.019136
1.180000	-2.729329	-5.989645	0.973547	-0.405392	-1.788387	0.035734
1.200000	-2.009599	-6.136721	0.911937	-0.422661	-1.777595	0.050984
1.220000	-1.318927	-6.220940	0.854899	-0.437892	-1.767152	0.064407
1.240000	-0.675162	-6.238493	0.804754	-0.450427	-1.757586	0.075523
1.260000	-0.096153	-6.185570	0.763822	-0.459608	-1.749424	0.083854
1.280000	0.400251	-6.058362	0.734426	-0.464776	-1.743193	0.088919
1.300000	0.796200	-5.853060	0.718887	-0.465272	-1.739422	0.090239
1.320000	1.073966	-5.565919	0.719508	-0.460445	-1.738632	0.087338
1.340000	1.226407	-5.198857	0.737063	-0.450097	-1.740956	0.080113
1.360000	1.265030	-4.763766	0.769627	-0.434842	-1.745835	0.069112
1.380000	1.203241	-4.273553	0.815001	-0.415371	-1.752642	0.054949
1.400000	1.054445	-3.741126	0.870987	-0.392381	-1.760749	0.038241
1.420000	0.832049	-3.179393	0.935385	-0.366563	-1.769528	0.019602
1.440000	0.549458	-2.601262	1.005997	-0.338612	-1.778350	-0.000352
1.460000	0.220078	-2.019640	1.080624	-0.309221	-1.786588	-0.021006
1.480000	-0.142685	-1.447435	1.157067	-0.279084	-1.793613	-0.041745
1.500000	-0.525425	-0.897554	1.233127	-0.248895	-1.798799	-0.061953
1.520000	-0.914737	-0.382907	1.306605	-0.219348	-1.801516	-0.081016
1.540000	-1.297214	0.083601	1.375303	-0.191135	-1.801137	-0.098318
1.560000	-1.659451	0.489061	1.437021	-0.164951	-1.797034	-0.113245
1.580000	-1.988043	0.820565	1.489562	-0.141490	-1.788578	-0.125179
1.600000	-2.269582	1.065206	1.530725	-0.121445	-1.775142	-0.133508
1.620000	-2.490664	1.210075	1.558312	-0.105510	-1.756098	-0.137615
1.640000	-2.638587	1.243358	1.570182	-0.094335	-1.730871	-0.136932
1.660000	-2.710693	1.168804	1.565018	-0.087938	-1.699653	-0.131578
1.680000	-2.711808	1.001767	1.542115	-0.085870	-1.663203	-0.122177
1.700000	-2.646941	0.757878	1.500783	-0.087670	-1.622297	-0.109369
1.720000	-2.521096	0.452768	1.440335	-0.092876	-1.577710	-0.093793
1.740000	-2.339282	0.102066	1.360081	-0.101026	-1.530215	-0.076085
1.760000	-2.106503	-0.278595	1.259330	-0.111660	-1.480587	-0.056886
1.780000	-1.827767	-0.673586	1.137395	-0.124316	-1.429601	-0.036834
1.800000	-1.508081	-1.067276	0.993585	-0.138533	-1.378031	-0.016567
1.820000	-1.152450	-1.444033	0.827212	-0.153850	-1.326652	0.003276
