0.000000	8.220362	2.094852	-4.759765	-0.236083	-1.288386	-0.041876
0.020000	8.101845	1.624996	-4.597312	-0.239955	-1.268743	-0.033290
0.040000	7.976104	1.094597	-4.424902	-0.245289	-1.252274	-0.023401
0.060000	7.846903	0.522047	-4.247753	-0.251847	-1.238856	-0.012578
0.080000	7.718004	-0.074265	-4.071087	-0.259395	-1.228363	-0.001185
0.100000	7.593168	-0.675948	-3.900124	-0.267695	-1.220673	0.010409
0.120000	7.476158	-1.264611	-3.740083	-0.276511	-1.215659	0.021839
0.140000	7.370735	-1.821863	-3.596184	-0.285608	-1.213199	0.032739
0.160000	7.280663	-2.329314	-3.473647	-0.294749	-1.213168	0.042741
0.180000	7.209704	-2.768574	-3.377693	-0.303697	-1.215442	0.051479
0.200000	7.161619	-3.121251	-3.313540	-0.312217	-1.219897	0.058586
0.220000	7.140170	-3.368955	-3.286411	-0.320073	-1.226408	0.063697
0.240000	7.149121	-3.493296	-3.301524	-0.327027	-1.234851	0.066444
0.260000	7.192227	-3.475906	-3.364091	-0.332845	-1.245102	0.066461
0.280000	7.270842	-3.308239	-3.476141	-0.337376	-1.256975	0.063575
0.300000	7.380218	-3.006692	-3.631610	-0.340692	-1.270133	0.058104
0.320000	7.514651	-2.591562	-3.823171	-0.342898	-1.284212	0.050442
0.340000	7.668440	-2.083148	-4.043496	-0.344098	-1.298849	0.040983
0.360000	7.835880	-1.501749	-4.285258	-0.344399	-1.313681	0.030121
0.380000	8.011270	-0.867663	-4.541128	-0.343904	-1.328346	0.018251
0.400000	8.188905	-0.201188	-4.803778	-0.342720	-1.342480	0.005765
0.420000	8.363084	0.477377	-5.065882	-0.340950	-1.355720	-0.006941
0.440000	8.528102	1.147734	-5.320110	-0.338702	-1.367704	-0.019474
0.460000	8.678258	1.789584	-5.559136	-0.336078	-1.378069	-0.031439
0.480000	8.807848	2.382630	-5.775631	-0.333186	-1.386451	-0.042442
0.500000	8.911169	2.906572	-5.962268	-0.330129	-1.392489	-0.052090
0.520000	8.982518	3.341113	-6.111719	-0.327013	-1.395818	-0.059988
0.540000	9.016193	3.665954	-6.216655	-0.323943	-1.396076	-0.065741
0.560000	9.006490	3.860797	-6.269750	-0.321025	-1.392900	-0.068956
0.580000	8.947706	3.905343	-6.263675	-0.318363	-1.385927	-0.069240
0.600000	8.836083	3.784607	-6.193165	-0.316045	-1.374929	-0.066302
0.620000	8.678373	3.512316	-6.064100	-0.314068	-1.360395	-0.060424
0.640000	8.484862	3.111856	-5.886108	-0.312399	-1.343063	-0.052081
0.660000	8.265838	2.606617	-5.668822	-0.311001	-1.323667	-0.041744
0.680000	8.031589	2.019993	-5.421873	-0.309843	-1.302941	-0.029888
0.700000	7.792406	1.375373	-5.154892	-0.308888	-1.281622	-0.016986
0.720000	7.558575	0.696151	-4.877511	-0.308103	-1.260443	-0.003511
0.740000	7.340386	0.005717	-4.599361	-0.307453	-1.240141	0.010064
0.760000	7.148128	-0.672536	-4.330073	-0.306905	-1.221449	0.023266
0.780000	6.992088	-1.315216	-4.079280	-0.306424	-1.205104	0.035620
0.800000	6.882557	-1.898933	-3.856612	-0.305976	-1.191840	0.046654
0.820000	6.829821	-2.400295	-3.671701	-0.305526	-1.182392	0.055895
0.840000	6.844171	-2.795909	-3.534179	-0.305041	-1.177495	0.062868
0.860000	6.935895	-3.062384	-3.453677	-0.304486	-1.177885	0.067101
0.880000	7.115280	-3.176328	-3.439827	-0.303826	-1.184296	0.068121
0.900000	7.392566	-3.114446	-3.502218	-0.303028	-1.197460	0.065456
0.920000	7.770089	-2.868253	-3.644155	-0.302070	-1.217535	0.058935
0.940000	8.233829	-2.459935	-3.855917	-0.300957	-1.243490	0.049014
0.960000	8.767735	-1.915487	-4.126169	-0.299698	-1.274150	0.036223
0.980000	9.355757	-1.260898	-4.443576	-0.298301	-1.308338	0.021095
1.000000	9.981845	-0.522163	-4.796804	-0.296775	-1.344876	0.004159
1.020000	10.629947	0.274728	-5.174518	-0.295127	-1.382588	-0.014051
1.040000	11.284014	1.103781	-5.565382	-0.293366	-1.420297	-0.033004
1.060000	11.927994	1.939004	-5.958062	-0.291500	-1.456826	-0.052170
1.080000	12.545838	2.754406	-6.341222	-0.289539	-1.490998	-0.071016
1.100000	13.121496	3.523993	-6.703528	-0.287489	-1.521637	-0.089012
1.120000	13.638915	4.221774	-7.033644	-0.285360	-1.547565	-0.105625
1.140000	14.082047	4.821755	-7.320237	-0.283159	-1.567607	-0.120324
1.160000	14.434841	5.297946	-7.551970	-0.280896	-1.580584	-0.132577
1.180000	14.681245	5.624353	-7.717509	-0.278579	-1.585321	-0.141854
1.200000	14.805211	5.774985	-7.805518	-0.276215	-1.580640	-0.147623
1.220000	14.791669	5.725326	-7.805306	-0.273815	-1.565436	-0.149382
1.240000	14.643350	5.477641	-7.717822	-0.271406	-1.539913	-0.147184
1.260000	14.378472	5.057494	-7.554146	-0.269036	-1.505411	-0.141565
1.280000	14.015770	4.491227	-7.325696	-0.266749	-1.463309	-0.133073
1.300000	13.573979	3.805182	-7.043889	-0.264592	-1.414984	-0.122260
1.320000	13.071833	3.025700	-6.720144	-0.262610	-1.361815	-0.109676
1.340000	12.528068	2.179124	-6.365878	-0.260851	-1.305182	-0.095871
1.360000	11.961417	1.291796	-5.992509	-0.259360	-1.246461	-0.081395
1.380000	11.390617	0.390057	-5.611456	-0.258184	-1.187032	-0.066800
1.400000	10.834401	-0.499752	-5.234135	-0.257368	-1.128274	-0.052635
1.420000	10.311504	-1.351287	-4.871966	-0.256958	-1.071563	-0.039451
1.440000	9.840661	-2.138207	-4.536365	-0.257001	-1.018280	-0.027798
1.460000	9.440608	-2.834171	-4.238750	-0.257543	-0.969802	-0.018227
1.480000	9.130078	-3.412836	-3.990540	-0.258630	-0.927508	-0.011288
1.500000	8.927806	-3.847861	-3.803152	-0.260307	-0.892776	-0.007531
1.520000	8.852527	-4.112903	-3.688004	-0.262622	-0.866986	-0.007507
1.540000	8.922795	-4.181856	-3.656413	-0.265619	-0.851502	-0.011761
1.560000	9.143082	-4.046918	-3.711737	-0.269288	-0.846742	-0.020415
1.580000	9.493943	-3.731372	-3.843828	-0.273519	-0.851510	-0.032877
1.600000	9.953611	-3.261519	-4.041224	-0.278196	-0.864456	-0.048481
1.620000	10.500320	-2.663660	-4.292464	-0.283201	-0.884226	-0.066564
1.640000	11.112303	-1.964098	-4.586087	-0.288418	-0.909470	-0.086463
1.660000	11.767795	-1.189132	-4.910631	-0.293728	-0.938834	-0.107514
1.680000	12.445027	-0.365066	-5.254634	-0.299014	-0.970969	-0.129054
1.700000	13.122235	0.481799	-5.606635	-0.304159	-1.004520	-0.150418
1.720000	13.777651	1.325163	-5.955173	-0.309045	-1.038138	-0.170944
1.740000	14.389508	2.138723	-6.288787	-0.313555	-1.070470	-0.189967
1.760000	14.936040	2.896178	-6.596014	-0.317573	-1.100163	-0.206824
1.780000	15.395481	3.571227	-6.865394	-0.320979	-1.125867	-0.220851
1.800000	15.746064	4.137568	-7.085465	-0.323658	-1.146230	-0.231385
1.820000	15.966023	4.568900	-7.244766	-0.325491	-1.159899	-0.237761
1.840000	16.033590	4.838920	-7.331835	-0.326362	-1.165522	-0.239317
1.860000	15.928766	4.923321	-7.336114	-0.326162	-1.161851	-0.235446
1.880000	15.655447	4.824752	-7.259266	-0.324922	-1.149017	-0.226304
1.900000	15.234714	4.565249	-7.111744	-0.322771	-1.128148	-0.212600
1.920000	14.688024	4.167273	-6.904191	-0.319837	-1.100390	-0.195053
1.940000	14.036837	3.653287	-6.647253	-0.316251	-1.066893	-0.174384
1.960000	13.302610	3.045752	-6.351573	-0.312145	-1.028805	-0.151311
1.980000	12.506800	2.367128	-6.027797	-0.307647	-0.987274	-0.126555
2.000000	11.670866	1.639878	-5.686569	-0.302889	-0.943448	-0.100835
2.020000	10.816267	0.886464	-5.338534	-0.298001	-0.898475	-0.074872
2.040000	9.964459	0.129346	-4.994336	-0.293112	-0.853505	-0.049384
2.060000	9.136901	-0.609013	-4.664621	-0.288354	-0.809684	-0.025092
2.080000	8.355051	-1.306153	-4.360031	-0.283856	-0.768161	-0.002716
2.100000	7.640367	-1.939611	-4.091213	-0.279749	-0.730085	0.017025
2.120000	7.014307	-2.486926	-3.868811	-0.276164	-0.696604	0.033412
2.140000	6.498329	-2.925636	-3.703469	-0.273229	-0.668865	0.045723
2.160000	6.113891	-3.233281	-3.605832	-0.271077	-0.648018	0.053241
2.180000	5.877161	-3.393057	-3.583792	-0.269805	-0.634927	0.055435
2.200000	5.779899	-3.414281	-3.632539	-0.269367	-0.629153	0.052662
2.220000	5.806825	-3.313794	-3.743603	-0.269676	-0.629879	0.045531
2.240000	5.942661	-3.108442	-3.908511	-0.270643	-0.636290	0.034652
2.260000	6.172127	-2.815069	-4.118791	-0.272180	-0.647568	0.020635
2.280000	6.479945	-2.450520	-4.365971	-0.274198	-0.662897	0.004090
2.300000	6.850836	-2.031639	-4.641581	-0.276610	-0.681462	-0.014374
2.320000	7.269521	-1.575270	-4.937147	-0.279328	-0.702446	-0.034147
2.340000	7.720721	-1.098258	-5.244199	-0.282263	-0.725033	-0.054618
2.360000	8.189156	-0.617447	-5.554264	-0.285328	-0.748406	-0.075179
2.380000	8.659548	-0.149681	-5.858871	-0.288433	-0.771748	-0.095218
2.400000	9.116618	0.288194	-6.149547	-0.291492	-0.794245	-0.114128
2.420000	9.545087	0.679335	-6.417822	-0.294415	-0.815079	-0.131296
2.440000	9.929676	1.006897	-6.655223	-0.297116	-0.833435	-0.146115
2.460000	10.255106	1.254037	-6.853279	-0.299504	-0.848495	-0.157973
2.480000	10.506098	1.403908	-7.003517	-0.301494	-0.859444	-0.166261
2.500000	10.668774	1.441459	-7.098253	-0.303000	-0.865535	-0.170434
2.520000	10.743800	1.370233	-7.137964	-0.303989	-0.866747	-0.170602
2.540000	10.740461	1.204794	-7.127966	-0.304454	-0.863487	-0.167271
2.560000	10.668153	0.959847	-7.073637	-0.304390	-0.856168	-0.160948
2.580000	10.536273	0.650101	-6.980356	-0.303793	-0.845205	-0.152141
2.600000	10.354219	0.290263	-6.853500	-0.302655	-0.831010	-0.141359
2.620000	10.131386	-0.104961	-6.698449	-0.300972	-0.813996	-0.129111
2.640000	9.877173	-0.520863	-6.520581	-0.298739	-0.794578	-0.115904
2.660000	9.600975	-0.942737	-6.325274	-0.295950	-0.773169	-0.102248
2.680000	9.312190	-1.355875	-6.117907	-0.292599	-0.750181	-0.088650
2.700000	9.020215	-1.745571	-5.903859	-0.288682	-0.726029	-0.075619
2.720000	8.734446	-2.097116	-5.688507	-0.284192	-0.701125	-0.063664
2.740000	8.464281	-2.395804	-5.477230	-0.279125	-0.675884	-0.053292
2.760000	8.219115	-2.626929	-5.275408	-0.273474	-0.650718	-0.045012
2.780000	8.008347	-2.775783	-5.088417	-0.267235	-0.626041	-0.039333
2.800000	7.841373	-2.827658	-4.921637	-0.260402	-0.602266	-0.036763
2.820000	7.727345	-2.768314	-4.780323	-0.252971	-0.579800	-0.037795
2.840000	7.668000	-2.597655	-4.666016	-0.244979	-0.558841	-0.042472
2.860000	7.656498	-2.331934	-4.575957	-0.236508	-0.539351	-0.050315
2.880000	7.685523	-1.988315	-4.507152	-0.227645	-0.521273	-0.060817
2.900000	7.747761	-1.583964	-4.456604	-0.218475	-0.504555	-0.073469
2.920000	7.835894	-1.136046	-4.421317	-0.209084	-0.489143	-0.087763
2.940000	7.942608	-0.661725	-4.398294	-0.199559	-0.474981	-0.103191
2.960000	8.060584	-0.178167	-4.384540	-0.189984	-0.462018	-0.119246
2.980000	8.182509	0.297464	-4.377058	-0.180447	-0.450197	-0.135420
3.000000	8.301066	0.748003	-4.372852	-0.171032	-0.439467	-0.151205
3.020000	8.408938	1.156286	-4.368926	-0.161826	-0.429772	-0.166092
3.040000	8.498810	1.505146	-4.362283	-0.152914	-0.421058	-0.179575
3.060000	8.563366	1.777420	-4.349929	-0.144383	-0.413272	-0.191144
3.080000	8.595289	1.955943	-4.328866	-0.136318	-0.406360	-0.200292
3.100000	8.587265	2.023549	-4.296098	-0.128804	-0.400267	-0.206512
3.120000	8.532067	1.963322	-4.248667	-0.121929	-0.394940	-0.209302
3.140000	8.427300	1.771470	-4.185564	-0.115731	-0.390318	-0.208517
3.160000	8.277697	1.463579	-4.108668	-0.110187	-0.386328	-0.204541
3.180000	8.088565	1.056801	-4.020088	-0.105267	-0.382901	-0.197798
3.200000	7.865211	0.568282	-3.921931	-0.100941	-0.379962	-0.188714
3.220000	7.612944	0.015173	-3.816308	-0.097181	-0.377440	-0.177713
3.240000	7.337070	-0.585377	-3.705328	-0.093957	-0.375264	-0.165221
3.260000	7.042898	-1.216220	-3.591098	-0.091239	-0.373360	-0.151663
3.280000	6.735734	-1.860207	-3.475730	-0.088997	-0.371658	-0.137464
