0.000000	-0.859315	2.145966	0.524809	-0.107953	-0.944905	-0.088491
0.020000	-0.688059	2.778689	0.400593	-0.136142	-0.982377	-0.081304
0.040000	-0.531721	3.401360	0.276287	-0.164376	-1.019516	-0.074667
0.060000	-0.396827	3.991913	0.154619	-0.192118	-1.056028	-0.068824
0.080000	-0.289904	4.528284	0.038318	-0.218827	-1.091620	-0.064019
0.100000	-0.217478	4.988407	-0.069884	-0.243966	-1.125999	-0.060496
0.120000	-0.186076	5.350217	-0.167260	-0.266995	-1.158872	-0.058497
0.140000	-0.202224	5.591649	-0.251078	-0.287376	-1.189945	-0.058267
0.160000	-0.272449	5.690638	-0.318611	-0.304570	-1.218925	-0.060050
0.180000	-0.403276	5.625119	-0.367127	-0.318037	-1.245520	-0.064089
0.200000	-0.601232	5.373026	-0.393898	-0.327238	-1.269436	-0.070627
0.220000	-0.871575	4.915974	-0.396571	-0.331714	-1.290450	-0.079853
0.240000	-1.208194	4.268538	-0.376182	-0.331691	-1.308972	-0.091452
0.260000	-1.598992	3.462663	-0.335548	-0.327765	-1.325743	-0.104845
0.280000	-2.031813	2.530449	-0.277504	-0.320532	-1.341508	-0.119450
0.300000	-2.494506	1.503997	-0.204885	-0.310590	-1.357012	-0.134684
0.320000	-2.974916	0.415407	-0.120524	-0.298535	-1.373001	-0.149968
0.340000	-3.460890	-0.703220	-0.027256	-0.284964	-1.390218	-0.164718
0.360000	-3.940275	-1.819784	0.072084	-0.270474	-1.409410	-0.178354
0.380000	-4.400918	-2.902184	0.174662	-0.255662	-1.431320	-0.190293
0.400000	-4.830665	-3.918320	0.277643	-0.241126	-1.456694	-0.199955
0.420000	-5.217362	-4.836090	0.378193	-0.227461	-1.486277	-0.206757
0.440000	-5.548857	-5.623394	0.473478	-0.215266	-1.520814	-0.210117
0.460000	-5.812997	-6.248132	0.560663	-0.205136	-1.561049	-0.209455
0.480000	-5.997626	-6.678204	0.636914	-0.197670	-1.607728	-0.204188
0.500000	-6.090594	-6.881507	0.699395	-0.193464	-1.661596	-0.193734
0.520000	-6.080996	-6.828912	0.745498	-0.193068	-1.723222	-0.177584
0.540000	-5.973472	-6.528164	0.775398	-0.196455	-1.791019	-0.156103
0.560000	-5.783180	-6.011980	0.791155	-0.203206	-1.861931	-0.130253
0.580000	-5.525482	-5.313551	0.794868	-0.212895	-1.932879	-0.101006
0.600000	-5.215735	-4.466067	0.788634	-0.225094	-2.000782	-0.069335
0.620000	-4.869299	-3.502715	0.774549	-0.239378	-2.062558	-0.036213
0.640000	-4.501533	-2.456687	0.754712	-0.255320	-2.115128	-0.002611
0.660000	-4.127797	-1.361171	0.731220	-0.272494	-2.155409	0.030497
0.680000	-3.763450	-0.249357	0.706170	-0.290474	-2.180322	0.062140
0.700000	-3.423851	0.845565	0.681659	-0.308832	-2.186786	0.091344
0.720000	-3.124360	1.890405	0.659785	-0.327143	-2.171719	0.117137
0.740000	-2.880335	2.851975	0.642644	-0.344980	-2.132041	0.138548
0.760000	-2.707135	3.697085	0.632335	-0.361916	-2.064672	0.154602
0.780000	-2.620121	4.392544	0.630955	-0.377526	-1.966529	0.164328
0.800000	-2.634652	4.905164	0.640600	-0.391383	-1.834533	0.166753
0.820000	-2.766086	5.201756	0.663368	-0.403061	-1.665602	0.160905
0.840000	-3.024525	5.258111	0.700621	-0.412223	-1.458152	0.146146
0.860000	-3.397406	5.088751	0.750546	-0.418932	-1.217040	0.123288
0.880000	-3.866058	4.718629	0.810477	-0.423351	-0.948862	0.093529
0.900000	-4.411811	4.172697	0.877747	-0.425647	-0.660215	0.058069
0.920000	-5.015994	3.475910	0.949689	-0.425986	-0.357694	0.018108
0.940000	-5.659937	2.653220	1.023637	-0.424533	-0.047893	-0.025155
0.960000	-6.324969	1.729581	1.096922	-0.421455	0.262590	-0.070518
0.980000	-6.992421	0.729947	1.166880	-0.416918	0.567161	-0.116784
1.000000	-7.643621	-0.320730	1.230842	-0.411087	0.859224	-0.162752
1.020000	-8.259900	-1.397496	1.286142	-0.404128	1.132183	-0.207222
1.040000	-8.822587	-2.475397	1.330114	-0.396207	1.379443	-0.248995
1.060000	-9.313011	-3.529481	1.360089	-0.387491	1.594408	-0.286870
1.080000	-9.712502	-4.534793	1.373403	-0.378144	1.770482	-0.319649
1.100000	-10.002390	-5.466381	1.367387	-0.368333	1.901071	-0.346131
1.120000	-10.164005	-6.299291	1.339375	-0.358223	1.979578	-0.365117
1.140000	-10.178825	-7.008722	1.286723	-0.347980	1.999467	-0.375417
1.160000	-10.039804	-7.581470	1.208480	-0.337714	1.958704	-0.376589
1.180000	-9.759254	-8.023905	1.106558	-0.327442	1.862856	-0.369455
1.200000	-9.351355	-8.344283	0.983144	-0.317171	1.718224	-0.354960
1.220000	-8.830285	-8.550860	0.840424	-0.306908	1.531105	-0.334046
1.240000	-8.210224	-8.651892	0.680586	-0.296663	1.307801	-0.307657
1.260000	-7.505350	-8.655635	0.505816	-0.286442	1.054609	-0.276738
1.280000	-6.729842	-8.570345	0.318301	-0.276253	0.777829	-0.242232
1.300000	-5.897879	-8.404278	0.120228	-0.266105	0.483760	-0.205083
1.320000	-5.023640	-8.165690	-0.086216	-0.256004	0.178702	-0.166233
1.340000	-4.121304	-7.862836	-0.298845	-0.245959	-0.131045	-0.126628
1.360000	-3.205049	-7.503974	-0.515471	-0.235977	-0.439184	-0.087211
1.380000	-2.289055	-7.097357	-0.733909	-0.226067	-0.739414	-0.048925
1.400000	-1.387501	-6.651244	-0.951970	-0.216235	-1.025436	-0.012714
1.420000	-0.514565	-6.173888	-1.167469	-0.206491	-1.290951	0.020478
1.440000	0.315574	-5.673547	-1.378218	-0.196840	-1.529659	0.049708
1.460000	1.088737	-5.158477	-1.582031	-0.187292	-1.735262	0.074031
1.480000	1.793723	-4.636560	-1.777044	-0.177873	-1.903214	0.092780
1.500000	2.429658	-4.114387	-1.962514	-0.168678	-2.035058	0.106246
1.520000	2.997906	-3.598271	-2.137941	-0.159816	-2.133653	0.114927
1.540000	3.499832	-3.094521	-2.302825	-0.151395	-2.201859	0.119322
1.560000	3.936799	-2.609449	-2.456666	-0.143524	-2.242537	0.119927
1.580000	4.310171	-2.149366	-2.598963	-0.136312	-2.258547	0.117243
1.600000	4.621314	-1.720582	-2.729217	-0.129868	-2.252749	0.111765
1.620000	4.871590	-1.329410	-2.846928	-0.124302	-2.228003	0.103994
1.640000	5.062364	-0.982160	-2.951596	-0.119720	-2.187170	0.094426
1.660000	5.195001	-0.685142	-3.042720	-0.116234	-2.133109	0.083561
1.680000	5.270864	-0.444669	-3.119800	-0.113951	-2.068682	0.071896
1.700000	5.291317	-0.267051	-3.182337	-0.112980	-1.996747	0.059930
1.720000	5.257725	-0.158599	-3.229830	-0.113431	-1.920166	0.048160
1.740000	5.171452	-0.125624	-3.261779	-0.115411	-1.841798	0.037085
1.760000	5.033862	-0.174437	-3.277684	-0.119030	-1.764504	0.027203
1.780000	4.846319	-0.311350	-3.277046	-0.124397	-1.691144	0.019012
1.800000	4.610928	-0.540861	-3.259621	-0.131592	-1.624310	0.012953
1.820000	4.335384	-0.853796	-3.227116	-0.140469	-1.564570	0.009034
1.840000	4.029933	-1.234745	-3.182123	-0.150786	-1.511568	0.007063
1.860000	3.704832	-1.668266	-3.127241	-0.162294	-1.464945	0.006849
1.880000	3.370340	-2.138916	-3.065066	-0.174750	-1.424341	0.008202
1.900000	3.036715	-2.631252	-2.998198	-0.187907	-1.389396	0.010930
1.920000	2.714215	-3.129833	-2.929233	-0.201520	-1.359749	0.014841
