0.000000	-0.558318	0.395166	-0.135129	-0.597088	-0.573242	0.386361
0.020000	-0.521202	0.403529	-0.116040	-0.598352	-0.573562	0.384822
0.040000	-0.484168	0.408574	-0.096539	-0.599865	-0.573716	0.383222
0.060000	-0.447542	0.410564	-0.076943	-0.601587	-0.573716	0.381579
0.080000	-0.411650	0.409763	-0.057566	-0.603481	-0.573572	0.379909
0.100000	-0.376820	0.406433	-0.038725	-0.605510	-0.573294	0.378231
0.120000	-0.343377	0.400840	-0.020736	-0.607636	-0.572894	0.376562
0.140000	-0.311649	0.393244	-0.003914	-0.609820	-0.572383	0.374918
0.160000	-0.281962	0.383911	0.011424	-0.612025	-0.571771	0.373318
0.180000	-0.254643	0.373103	0.024962	-0.614213	-0.571069	0.371780
0.200000	-0.230018	0.361084	0.036386	-0.616346	-0.570289	0.370319
0.220000	-0.208415	0.348116	0.045378	-0.618387	-0.569440	0.368954
0.240000	-0.190160	0.334463	0.051624	-0.620297	-0.568534	0.367703
0.260000	-0.175560	0.320386	0.054821	-0.622040	-0.567581	0.366581
0.280000	-0.164588	0.306094	0.054943	-0.623601	-0.566592	0.365594
0.300000	-0.156923	0.291754	0.052196	-0.624986	-0.565575	0.364733
0.320000	-0.152237	0.277530	0.046794	-0.626200	-0.564542	0.363993
0.340000	-0.150199	0.263587	0.038952	-0.627248	-0.563500	0.363366
0.360000	-0.150482	0.250090	0.028886	-0.628137	-0.562460	0.362844
0.380000	-0.152755	0.237203	0.016810	-0.628870	-0.561431	0.362422
0.400000	-0.156689	0.225091	0.002939	-0.629455	-0.560422	0.362091
0.420000	-0.161955	0.213918	-0.012513	-0.629897	-0.559443	0.361844
0.440000	-0.168223	0.203850	-0.029330	-0.630201	-0.558503	0.361675
0.460000	-0.175165	0.195050	-0.047298	-0.630372	-0.557613	0.361577
0.480000	-0.182451	0.187684	-0.066202	-0.630417	-0.556780	0.361541
0.500000	-0.189751	0.181917	-0.085828	-0.630340	-0.556015	0.361561
0.520000	-0.196737	0.177912	-0.105960	-0.630148	-0.555328	0.361631
0.540000	-0.203080	0.175835	-0.126383	-0.629845	-0.554727	0.361742
0.560000	-0.208457	0.175842	-0.146884	-0.629438	-0.554222	0.361888
0.580000	-0.212790	0.177853	-0.167251	-0.628933	-0.553815	0.362067
0.600000	-0.216262	0.181530	-0.187277	-0.628342	-0.553501	0.362283
0.620000	-0.219070	0.186521	-0.206756	-0.627673	-0.553272	0.362541
0.640000	-0.221411	0.192473	-0.225482	-0.626937	-0.553123	0.362844
0.660000	-0.223484	0.199034	-0.243247	-0.626144	-0.553048	0.363197
0.680000	-0.225486	0.205853	-0.259846	-0.625303	-0.553039	0.363605
0.700000	-0.227614	0.212577	-0.275072	-0.624425	-0.553093	0.364071
0.720000	-0.230066	0.218854	-0.288718	-0.623520	-0.553201	0.364599
0.740000	-0.233038	0.224331	-0.300577	-0.622597	-0.553358	0.365195
0.760000	-0.236730	0.228658	-0.310444	-0.621666	-0.553557	0.365862
0.780000	-0.241338	0.231481	-0.318112	-0.620738	-0.553793	0.366605
0.800000	-0.247059	0.232448	-0.323374	-0.619822	-0.554059	0.367428
0.820000	-0.254092	0.231208	-0.326024	-0.618928	-0.554348	0.368335
0.840000	-0.262633	0.227408	-0.325854	-0.618067	-0.554656	0.369330
0.860000	-0.272881	0.220696	-0.322660	-0.617248	-0.554975	0.370419
0.880000	-0.285032	0.210721	-0.316233	-0.616481	-0.555299	0.371604
0.900000	-0.299257	0.197165	-0.306398	-0.615775	-0.555623	0.372889
0.920000	-0.315371	0.180199	-0.293374	-0.615132	-0.555943	0.374262
0.940000	-0.332929	0.160343	-0.277665	-0.614546	-0.556261	0.375699
0.960000	-0.351485	0.138120	-0.259781	-0.614011	-0.556574	0.377175
0.980000	-0.370589	0.114057	-0.240232	-0.613522	-0.556885	0.378666
1.000000	-0.389795	0.088678	-0.219528	-0.613074	-0.557191	0.380149
1.020000	-0.408655	0.062511	-0.198179	-0.612661	-0.557495	0.381598
1.040000	-0.426719	0.036080	-0.176696	-0.612278	-0.557794	0.382990
1.060000	-0.443541	0.009910	-0.155586	-0.611920	-0.558090	0.384300
1.080000	-0.458671	-0.015472	-0.135362	-0.611580	-0.558381	0.385505
1.100000	-0.471663	-0.039542	-0.116533	-0.611254	-0.558669	0.386580
1.120000	-0.482068	-0.061773	-0.099608	-0.610936	-0.558953	0.387502
1.140000	-0.489439	-0.081640	-0.085099	-0.610620	-0.559233	0.388245
1.160000	-0.493326	-0.098618	-0.073514	-0.610302	-0.559508	0.388785
1.180000	-0.493283	-0.112181	-0.065363	-0.609975	-0.559780	0.389100
1.200000	-0.488861	-0.121803	-0.061158	-0.609635	-0.560047	0.389164
1.220000	-0.479762	-0.127091	-0.061256	-0.609277	-0.560310	0.388961
1.240000	-0.466373	-0.128259	-0.065328	-0.608906	-0.560570	0.388517
1.260000	-0.449278	-0.125691	-0.072846	-0.608526	-0.560831	0.387867
1.280000	-0.429061	-0.119774	-0.083280	-0.608144	-0.561094	0.387046
1.300000	-0.406306	-0.110895	-0.096103	-0.607765	-0.561362	0.386091
1.320000	-0.381597	-0.099440	-0.110787	-0.607395	-0.561637	0.385037
1.340000	-0.355517	-0.085794	-0.126803	-0.607039	-0.561922	0.383920
1.360000	-0.328651	-0.070344	-0.143624	-0.606704	-0.562218	0.382776
1.380000	-0.301582	-0.053476	-0.160720	-0.606396	-0.562528	0.381640
1.400000	-0.274894	-0.035576	-0.177564	-0.606119	-0.562854	0.380547
1.420000	-0.249170	-0.017031	-0.193628	-0.605879	-0.563199	0.379535
1.440000	-0.224996	0.001773	-0.208383	-0.605683	-0.563565	0.378638
1.460000	-0.202954	0.020451	-0.221301	-0.605536	-0.563953	0.377893
1.480000	-0.183629	0.038615	-0.231853	-0.605443	-0.564368	0.377334
1.500000	-0.167604	0.055881	-0.239513	-0.605411	-0.564810	0.376998
1.520000	-0.155463	0.071861	-0.243750	-0.605445	-0.565282	0.376921
1.540000	-0.147727	0.086199	-0.244096	-0.605550	-0.565786	0.377133
1.560000	-0.144262	0.098849	-0.240679	-0.605724	-0.566317	0.377624
1.580000	-0.144551	0.109947	-0.233977	-0.605961	-0.566867	0.378354
1.600000	-0.148070	0.119629	-0.224477	-0.606254	-0.567426	0.379286
1.620000	-0.154296	0.128035	-0.212663	-0.606597	-0.567987	0.380382
1.640000	-0.162707	0.135302	-0.199019	-0.606983	-0.568540	0.381604
1.660000	-0.172779	0.141568	-0.184031	-0.607406	-0.569077	0.382913
1.680000	-0.183990	0.146971	-0.168182	-0.607860	-0.569590	0.384271
1.700000	-0.195816	0.151649	-0.151959	-0.608339	-0.570070	0.385641
1.720000	-0.207735	0.155739	-0.135844	-0.608835	-0.570508	0.386984
1.740000	-0.219223	0.159380	-0.120324	-0.609342	-0.570895	0.388261
1.760000	-0.229758	0.162709	-0.105883	-0.609855	-0.571224	0.389436
1.780000	-0.238817	0.165865	-0.093006	-0.610366	-0.571485	0.390469
1.800000	-0.245876	0.168986	-0.082177	-0.610870	-0.571670	0.391323
1.820000	-0.250413	0.172208	-0.073881	-0.611360	-0.571770	0.391960
1.840000	-0.251904	0.175671	-0.068603	-0.611829	-0.571776	0.392341
1.860000	-0.249996	0.179486	-0.066663	-0.612273	-0.571683	0.392440
1.880000	-0.244954	0.183670	-0.067779	-0.612692	-0.571488	0.392280
1.900000	-0.237187	0.188217	-0.071527	-0.613089	-0.571194	0.391891
1.920000	-0.227106	0.193122	-0.077484	-0.613467	-0.570802	0.391305
1.940000	-0.215119	0.198380	-0.085227	-0.613827	-0.570312	0.390554
1.960000	-0.201636	0.203985	-0.094335	-0.614172	-0.569725	0.389670
1.980000	-0.187066	0.209932	-0.104384	-0.614505	-0.569044	0.388684
2.000000	-0.171818	0.216215	-0.114951	-0.614827	-0.568267	0.387628
2.020000	-0.156302	0.222829	-0.125613	-0.615140	-0.567398	0.386535
2.040000	-0.140927	0.229770	-0.135948	-0.615448	-0.566436	0.385434
2.060000	-0.126102	0.237030	-0.145533	-0.615752	-0.565383	0.384359
2.080000	-0.112237	0.244606	-0.153944	-0.616056	-0.564240	0.383341
2.100000	-0.099741	0.252490	-0.160760	-0.616360	-0.563008	0.382411
2.120000	-0.089023	0.260680	-0.165558	-0.616667	-0.561688	0.381602
2.140000	-0.080493	0.269167	-0.167913	-0.616981	-0.560281	0.380944
2.160000	-0.074554	0.277948	-0.167412	-0.617302	-0.558788	0.380470
2.180000	-0.071324	0.286999	-0.163993	-0.617630	-0.557220	0.380191
