0.000000	-0.456017	0.138010	-0.100124	-0.559671	-0.585372	0.413049
0.020000	-0.429375	0.136743	-0.098255	-0.559503	-0.585588	0.413111
0.040000	-0.407821	0.135569	-0.096421	-0.559496	-0.585997	0.413112
0.060000	-0.391001	0.134606	-0.094674	-0.559635	-0.586574	0.413056
0.080000	-0.378515	0.133972	-0.093065	-0.559902	-0.587296	0.412946
0.100000	-0.369965	0.133789	-0.091645	-0.560280	-0.588136	0.412784
0.120000	-0.364953	0.134175	-0.090468	-0.560753	-0.589071	0.412573
0.140000	-0.363081	0.135250	-0.089584	-0.561302	-0.590075	0.412315
0.160000	-0.363951	0.137134	-0.089046	-0.561910	-0.591123	0.412014
0.180000	-0.367164	0.139947	-0.088904	-0.562561	-0.592191	0.411672
0.200000	-0.372322	0.143809	-0.089212	-0.563237	-0.593254	0.411292
0.220000	-0.379028	0.148839	-0.090020	-0.563921	-0.594286	0.410877
0.240000	-0.386882	0.155157	-0.091381	-0.564596	-0.595264	0.410430
0.260000	-0.395487	0.162883	-0.093346	-0.565244	-0.596162	0.409953
0.280000	-0.404444	0.172137	-0.095968	-0.565849	-0.596956	0.409449
0.300000	-0.413356	0.183038	-0.099297	-0.566393	-0.597619	0.408921
0.320000	-0.421824	0.195706	-0.103386	-0.566858	-0.598129	0.408371
0.340000	-0.429451	0.210259	-0.108286	-0.567229	-0.598460	0.407803
0.360000	-0.435964	0.226641	-0.113996	-0.567496	-0.598600	0.407217
0.380000	-0.441315	0.244473	-0.120417	-0.567666	-0.598566	0.406612
0.400000	-0.445481	0.263346	-0.127441	-0.567747	-0.598374	0.405987
0.420000	-0.448438	0.282848	-0.134959	-0.567747	-0.598041	0.405338
0.440000	-0.450163	0.302567	-0.142863	-0.567676	-0.597586	0.404666
0.460000	-0.450633	0.322094	-0.151044	-0.567540	-0.597026	0.403966
0.480000	-0.449824	0.341017	-0.159394	-0.567350	-0.596377	0.403239
0.500000	-0.447713	0.358924	-0.167805	-0.567112	-0.595658	0.402481
0.520000	-0.444275	0.375405	-0.176168	-0.566835	-0.594886	0.401691
0.540000	-0.439489	0.390048	-0.184375	-0.566528	-0.594079	0.400867
0.560000	-0.433330	0.402444	-0.192317	-0.566198	-0.593253	0.400008
0.580000	-0.425775	0.412179	-0.199886	-0.565855	-0.592426	0.399111
0.600000	-0.416801	0.418845	-0.206973	-0.565507	-0.591616	0.398174
0.620000	-0.406384	0.422028	-0.213470	-0.565161	-0.590840	0.397196
0.640000	-0.394500	0.421319	-0.219268	-0.564826	-0.590116	0.396174
0.660000	-0.381137	0.416339	-0.224261	-0.564511	-0.589460	0.395109
0.680000	-0.366437	0.407193	-0.228370	-0.564222	-0.588878	0.394006
0.700000	-0.350661	0.394363	-0.231538	-0.563961	-0.588368	0.392881
0.720000	-0.334074	0.378339	-0.233709	-0.563735	-0.587928	0.391750
0.740000	-0.316942	0.359613	-0.234827	-0.563546	-0.587554	0.390626
0.760000	-0.299529	0.338675	-0.234834	-0.563399	-0.587245	0.389525
0.780000	-0.282101	0.316015	-0.233675	-0.563298	-0.586998	0.388462
0.800000	-0.264922	0.292125	-0.231293	-0.563248	-0.586810	0.387451
0.820000	-0.248257	0.267494	-0.227631	-0.563251	-0.586679	0.386508
0.840000	-0.232371	0.242615	-0.222634	-0.563313	-0.586602	0.385648
0.860000	-0.217530	0.217977	-0.216244	-0.563438	-0.586577	0.384885
0.880000	-0.203997	0.194071	-0.208406	-0.563629	-0.586601	0.384234
0.900000	-0.192039	0.171388	-0.199062	-0.563892	-0.586673	0.383711
0.920000	-0.181920	0.150419	-0.188157	-0.564229	-0.586788	0.383329
0.940000	-0.173905	0.131654	-0.175634	-0.564645	-0.586945	0.383105
0.960000	-0.168259	0.115585	-0.161437	-0.565145	-0.587142	0.383053
0.980000	-0.165171	0.102603	-0.145593	-0.565730	-0.587374	0.383183
1.000000	-0.164451	0.092615	-0.128550	-0.566392	-0.587635	0.383482
1.020000	-0.165788	0.085371	-0.110888	-0.567120	-0.587916	0.383928
1.040000	-0.168873	0.080623	-0.093186	-0.567903	-0.588209	0.384500
1.060000	-0.173396	0.078123	-0.076026	-0.568730	-0.588504	0.385176
1.080000	-0.179049	0.077624	-0.059985	-0.569589	-0.588793	0.385936
1.100000	-0.185520	0.078875	-0.045645	-0.570468	-0.589067	0.386758
1.120000	-0.192500	0.081630	-0.033584	-0.571358	-0.589319	0.387621
1.140000	-0.199681	0.085640	-0.024382	-0.572246	-0.589538	0.388504
1.160000	-0.206751	0.090657	-0.018620	-0.573121	-0.589717	0.389385
1.180000	-0.213401	0.096433	-0.016877	-0.573972	-0.589847	0.390243
1.200000	-0.219322	0.102718	-0.019732	-0.574787	-0.589919	0.391057
1.220000	-0.224205	0.109266	-0.027766	-0.575557	-0.589925	0.391806
1.240000	-0.227738	0.115827	-0.041557	-0.576268	-0.589855	0.392468
1.260000	-0.229613	0.122153	-0.061687	-0.576910	-0.589703	0.393022
1.280000	-0.229521	0.127997	-0.088734	-0.577472	-0.589458	0.393447
1.300000	-0.227185	0.133119	-0.123144	-0.577942	-0.589113	0.393724
1.320000	-0.222732	0.137392	-0.163822	-0.578320	-0.588675	0.393858
1.340000	-0.216541	0.140759	-0.208691	-0.578608	-0.588158	0.393870
1.360000	-0.208996	0.143162	-0.255661	-0.578809	-0.587577	0.393784
1.380000	-0.200482	0.144545	-0.302638	-0.578928	-0.586947	0.393619
1.400000	-0.191382	0.144853	-0.347532	-0.578966	-0.586283	0.393397
1.420000	-0.182080	0.144028	-0.388249	-0.578928	-0.585600	0.393140
1.440000	-0.172961	0.142015	-0.422698	-0.578816	-0.584913	0.392871
1.460000	-0.164408	0.138757	-0.448787	-0.578635	-0.584236	0.392609
1.480000	-0.156806	0.134199	-0.464425	-0.578387	-0.583586	0.392377
1.500000	-0.150538	0.128282	-0.467518	-0.578075	-0.582975	0.392197
1.520000	-0.145988	0.120952	-0.455975	-0.577704	-0.582421	0.392089
1.540000	-0.143541	0.112152	-0.427705	-0.577276	-0.581936	0.392076
1.560000	-0.143580	0.101826	-0.380615	-0.576795	-0.581537	0.392180
1.580000	-0.146490	0.089916	-0.312612	-0.576263	-0.581239	0.392421
1.600000	-0.152654	0.076368	-0.221606	-0.575685	-0.581055	0.392821
1.620000	-0.162307	0.061203	-0.106504	-0.575064	-0.580997	0.393395
1.640000	-0.175079	0.044755	0.029759	-0.574404	-0.581060	0.394129
1.660000	-0.190448	0.027439	0.183235	-0.573711	-0.581232	0.395000
1.680000	-0.207894	0.009670	0.349976	-0.572990	-0.581503	0.395986
1.700000	-0.226894	-0.008138	0.526034	-0.572246	-0.581865	0.397066
1.720000	-0.246928	-0.025572	0.707461	-0.571484	-0.582305	0.398218
1.740000	-0.267473	-0.042216	0.890308	-0.570709	-0.582815	0.399420
1.760000	-0.288009	-0.057656	1.070627	-0.569926	-0.583384	0.400650
1.780000	-0.308013	-0.071478	1.244471	-0.569141	-0.584001	0.401887
1.800000	-0.326965	-0.083268	1.407891	-0.568358	-0.584658	0.403109
1.820000	-0.344343	-0.092612	1.556938	-0.567583	-0.585343	0.404293
1.840000	-0.359625	-0.099095	1.687666	-0.566820	-0.586046	0.405418
1.860000	-0.372290	-0.102302	1.796125	-0.566076	-0.586757	0.406462
1.880000	-0.381817	-0.101820	1.878368	-0.565354	-0.587467	0.407404
1.900000	-0.387684	-0.097235	1.930446	-0.564660	-0.588164	0.408221
1.920000	-0.389375	-0.088137	1.948454	-0.563999	-0.588839	0.408892
1.940000	-0.386746	-0.074495	1.931245	-0.563375	-0.589483	0.409408
1.960000	-0.380239	-0.056877	1.882051	-0.562792	-0.590090	0.409782
1.980000	-0.370352	-0.035903	1.804492	-0.562254	-0.590654	0.410029
2.000000	-0.357579	-0.012193	1.702191	-0.561764	-0.591168	0.410163
2.020000	-0.342418	0.013633	1.578767	-0.561324	-0.591626	0.410198
2.040000	-0.325363	0.040955	1.437842	-0.560939	-0.592024	0.410149
2.060000	-0.306911	0.069151	1.283038	-0.560611	-0.592353	0.410030
2.080000	-0.287558	0.097602	1.117976	-0.560345	-0.592609	0.409855
2.100000	-0.267799	0.125688	0.946276	-0.560143	-0.592784	0.409640
2.120000	-0.248132	0.152788	0.771559	-0.560009	-0.592874	0.409398
2.140000	-0.229051	0.178282	0.597448	-0.559946	-0.592872	0.409144
2.160000	-0.211052	0.201549	0.427563	-0.559958	-0.592771	0.408893
2.180000	-0.194632	0.221970	0.265526	-0.560048	-0.592566	0.408658
2.200000	-0.180287	0.238923	0.114956	-0.560219	-0.592251	0.408454
2.220000	-0.168512	0.251790	-0.020523	-0.560474	-0.591820	0.408296
2.240000	-0.159804	0.259949	-0.137293	-0.560818	-0.591266	0.408199
2.260000	-0.154483	0.263019	-0.232817	-0.561250	-0.590588	0.408172
2.280000	-0.152307	0.261396	-0.308086	-0.561758	-0.589806	0.408216
2.300000	-0.152917	0.255630	-0.364801	-0.562331	-0.588941	0.408330
2.320000	-0.155954	0.246275	-0.404664	-0.562954	-0.588015	0.408511
2.340000	-0.161061	0.233880	-0.429378	-0.563614	-0.587049	0.408756
2.360000	-0.167879	0.218999	-0.440644	-0.564298	-0.586065	0.409064
2.380000	-0.176050	0.202183	-0.440164	-0.564993	-0.585086	0.409433
2.400000	-0.185216	0.183983	-0.429641	-0.565686	-0.584132	0.409860
2.420000	-0.195018	0.164952	-0.410776	-0.566363	-0.583226	0.410344
2.440000	-0.205098	0.145640	-0.385271	-0.567011	-0.582389	0.410882
2.460000	-0.215099	0.126601	-0.354828	-0.567618	-0.581644	0.411472
2.480000	-0.224661	0.108384	-0.321150	-0.568169	-0.581011	0.412112
2.500000	-0.233427	0.091544	-0.285938	-0.568652	-0.580514	0.412800
2.520000	-0.241038	0.076630	-0.250894	-0.569053	-0.580173	0.413533
2.540000	-0.247137	0.064194	-0.217721	-0.569359	-0.580010	0.414310
2.560000	-0.251364	0.054789	-0.188119	-0.569557	-0.580048	0.415129
2.580000	-0.253417	0.048885	-0.163599	-0.569635	-0.580303	0.415985
2.600000	-0.253384	0.046378	-0.144308	-0.569601	-0.580759	0.416871
2.620000	-0.251517	0.046919	-0.129813	-0.569464	-0.581386	0.417773
2.640000	-0.248071	0.050161	-0.119680	-0.569239	-0.582154	0.418679
2.660000	-0.243301	0.055752	-0.113475	-0.568937	-0.583033	0.419577
2.680000	-0.237461	0.063345	-0.110760	-0.568571	-0.583992	0.420454
2.700000	-0.230805	0.072588	-0.111103	-0.568153	-0.585000	0.421298
2.720000	-0.223588	0.083135	-0.114067	-0.567695	-0.586029	0.422096
2.740000	-0.216063	0.094633	-0.119218	-0.567210	-0.587048	0.422836
2.760000	-0.208486	0.106736	-0.126121	-0.566710	-0.588025	0.423505
2.780000	-0.201111	0.119093	-0.134340	-0.566207	-0.588932	0.424092
2.800000	-0.194191	0.131354	-0.143442	-0.565714	-0.589738	0.424583
2.820000	-0.187982	0.143171	-0.152990	-0.565244	-0.590412	0.424967
2.840000	-0.182738	0.154194	-0.162550	-0.564807	-0.590924	0.425230
2.860000	-0.178713	0.164074	-0.171686	-0.564418	-0.591245	0.425362
2.880000	-0.176161	0.172461	-0.179964	-0.564088	-0.591343	0.425348
