0.000000	-0.476465	0.092146	-0.087063	-0.568572	-0.589110	0.392652
0.020000	-0.488934	0.110292	-0.073846	-0.568160	-0.588978	0.392077
0.040000	-0.499405	0.127926	-0.061687	-0.567779	-0.588866	0.391650
0.060000	-0.507678	0.144642	-0.050795	-0.567434	-0.588780	0.391399
0.080000	-0.513551	0.160035	-0.041380	-0.567127	-0.588726	0.391350
0.100000	-0.516825	0.173697	-0.033651	-0.566864	-0.588707	0.391530
0.120000	-0.517299	0.185224	-0.027819	-0.566648	-0.588729	0.391966
0.140000	-0.514773	0.194209	-0.024091	-0.566483	-0.588797	0.392684
0.160000	-0.509052	0.200250	-0.022676	-0.566374	-0.588915	0.393710
0.180000	-0.500229	0.203141	-0.023607	-0.566324	-0.589084	0.395044
0.200000	-0.488825	0.202960	-0.026669	-0.566336	-0.589296	0.396642
0.220000	-0.475392	0.199812	-0.031625	-0.566413	-0.589543	0.398459
0.240000	-0.460482	0.193799	-0.038240	-0.566557	-0.589817	0.400448
0.260000	-0.444650	0.185024	-0.046278	-0.566772	-0.590110	0.402566
0.280000	-0.428448	0.173590	-0.055502	-0.567060	-0.590413	0.404764
0.300000	-0.412428	0.159599	-0.065677	-0.567424	-0.590720	0.406999
0.320000	-0.397144	0.143155	-0.076565	-0.567867	-0.591021	0.409223
0.340000	-0.383149	0.124361	-0.087932	-0.568391	-0.591309	0.411392
0.360000	-0.370995	0.103319	-0.099541	-0.569000	-0.591576	0.413460
0.380000	-0.361236	0.080133	-0.111155	-0.569696	-0.591813	0.415380
0.400000	-0.354424	0.054905	-0.122540	-0.570482	-0.592013	0.417107
0.420000	-0.351112	0.027738	-0.133458	-0.571361	-0.592168	0.418596
0.440000	-0.351853	-0.001265	-0.143674	-0.572336	-0.592269	0.419801
0.460000	-0.357201	-0.032001	-0.152951	-0.573410	-0.592309	0.420675
0.480000	-0.367707	-0.064367	-0.161054	-0.574585	-0.592279	0.421174
0.500000	-0.383637	-0.098095	-0.167817	-0.575858	-0.592175	0.421271
0.520000	-0.404398	-0.132425	-0.173280	-0.577206	-0.592004	0.420997
0.540000	-0.429240	-0.166508	-0.177526	-0.578606	-0.591774	0.420393
0.560000	-0.457412	-0.199491	-0.180634	-0.580032	-0.591493	0.419503
0.580000	-0.488163	-0.230527	-0.182685	-0.581458	-0.591171	0.418367
0.600000	-0.520742	-0.258763	-0.183758	-0.582859	-0.590816	0.417028
0.620000	-0.554400	-0.283350	-0.183936	-0.584210	-0.590436	0.415528
0.640000	-0.588384	-0.303437	-0.183297	-0.585486	-0.590040	0.413908
0.660000	-0.621946	-0.318174	-0.181923	-0.586661	-0.589636	0.412211
0.680000	-0.654333	-0.326711	-0.179894	-0.587710	-0.589234	0.410477
0.700000	-0.684796	-0.328197	-0.177291	-0.588609	-0.588840	0.408750
0.720000	-0.712584	-0.321782	-0.174193	-0.589331	-0.588465	0.407071
0.740000	-0.736945	-0.306616	-0.170681	-0.589852	-0.588117	0.405482
0.760000	-0.757130	-0.281847	-0.166837	-0.590145	-0.587804	0.404025
0.780000	-0.772388	-0.246627	-0.162739	-0.590187	-0.587534	0.402741
0.800000	-0.781983	-0.200148	-0.158469	-0.589953	-0.587317	0.401673
0.820000	-0.785704	-0.143057	-0.154111	-0.589445	-0.587157	0.400829
0.840000	-0.783974	-0.077764	-0.149753	-0.588702	-0.587056	0.400186
0.860000	-0.777253	-0.006784	-0.145484	-0.587762	-0.587016	0.399715
0.880000	-0.766002	0.067366	-0.141392	-0.586665	-0.587038	0.399388
0.900000	-0.750681	0.142172	-0.137566	-0.585449	-0.587124	0.399177
0.920000	-0.731753	0.215118	-0.134094	-0.584154	-0.587275	0.399055
0.940000	-0.709676	0.283688	-0.131065	-0.582820	-0.587493	0.398994
0.960000	-0.684912	0.345367	-0.128567	-0.581484	-0.587778	0.398966
0.980000	-0.657922	0.397638	-0.126690	-0.580187	-0.588133	0.398943
1.000000	-0.629167	0.437987	-0.125521	-0.578968	-0.588559	0.398896
1.020000	-0.599107	0.463897	-0.125149	-0.577865	-0.589058	0.398800
1.040000	-0.568202	0.472853	-0.125663	-0.576918	-0.589630	0.398624
1.060000	-0.536915	0.462340	-0.127152	-0.576167	-0.590277	0.398343
1.080000	-0.505704	0.429842	-0.129703	-0.575650	-0.591002	0.397927
1.100000	-0.475032	0.372843	-0.133406	-0.575406	-0.591805	0.397349
1.120000	-0.445358	0.288833	-0.138348	-0.575475	-0.592687	0.396582
1.140000	-0.417015	0.177117	-0.144532	-0.575873	-0.593646	0.395612
1.160000	-0.390021	0.041377	-0.151748	-0.576562	-0.594669	0.394467
1.180000	-0.364354	-0.114061	-0.159757	-0.577495	-0.595739	0.393178
1.200000	-0.339986	-0.284870	-0.168318	-0.578626	-0.596841	0.391778
1.220000	-0.316893	-0.466720	-0.177193	-0.579908	-0.597962	0.390297
1.240000	-0.295050	-0.655285	-0.186142	-0.581295	-0.599084	0.388768
1.260000	-0.274432	-0.846238	-0.194925	-0.582740	-0.600193	0.387223
1.280000	-0.255013	-1.035250	-0.203302	-0.584197	-0.601273	0.385693
1.300000	-0.236768	-1.217994	-0.211034	-0.585620	-0.602310	0.384211
1.320000	-0.219672	-1.390142	-0.217881	-0.586962	-0.603288	0.382808
1.340000	-0.203699	-1.547368	-0.223603	-0.588177	-0.604192	0.381516
1.360000	-0.188825	-1.685343	-0.227962	-0.589217	-0.605007	0.380367
1.380000	-0.175024	-1.799740	-0.230716	-0.590038	-0.605716	0.379392
1.400000	-0.162271	-1.886231	-0.231627	-0.590592	-0.606306	0.378625
1.420000	-0.150540	-1.940489	-0.230454	-0.590832	-0.606761	0.378095
1.440000	-0.139806	-1.958356	-0.226972	-0.590715	-0.607066	0.377835
1.460000	-0.130022	-1.939623	-0.221252	-0.590237	-0.607219	0.377850
1.480000	-0.121119	-1.888036	-0.213668	-0.589437	-0.607230	0.378118
1.500000	-0.113027	-1.807516	-0.204607	-0.588356	-0.607109	0.378619
1.520000	-0.105679	-1.701983	-0.194454	-0.587035	-0.606868	0.379332
1.540000	-0.099004	-1.575358	-0.183596	-0.585515	-0.606516	0.380234
1.560000	-0.092934	-1.431561	-0.172418	-0.583836	-0.606064	0.381305
1.580000	-0.087400	-1.274512	-0.161308	-0.582039	-0.605524	0.382523
1.600000	-0.082331	-1.108132	-0.150652	-0.580165	-0.604905	0.383866
1.620000	-0.077659	-0.936341	-0.140836	-0.578255	-0.604219	0.385314
1.640000	-0.073316	-0.763059	-0.132245	-0.576349	-0.603475	0.386844
1.660000	-0.069231	-0.592207	-0.125267	-0.574488	-0.602685	0.388435
1.680000	-0.065336	-0.427706	-0.120287	-0.572713	-0.601859	0.390066
1.700000	-0.061561	-0.273475	-0.117693	-0.571065	-0.601008	0.391716
1.720000	-0.057837	-0.133435	-0.117869	-0.569585	-0.600142	0.393362
1.740000	-0.054095	-0.011507	-0.121203	-0.568313	-0.599273	0.394985
1.760000	-0.050276	0.088922	-0.127996	-0.567284	-0.598409	0.396562
1.780000	-0.046382	0.168091	-0.137971	-0.566495	-0.597563	0.398084
1.800000	-0.042443	0.227754	-0.150613	-0.565925	-0.596744	0.399544
1.820000	-0.038489	0.269668	-0.165402	-0.565553	-0.595963	0.400935
1.840000	-0.034549	0.295593	-0.181821	-0.565360	-0.595229	0.402250
1.860000	-0.030654	0.307286	-0.199353	-0.565325	-0.594554	0.403481
1.880000	-0.026832	0.306506	-0.217479	-0.565427	-0.593947	0.404623
1.900000	-0.023114	0.295012	-0.235681	-0.565646	-0.593418	0.405667
1.920000	-0.019530	0.274561	-0.253442	-0.565963	-0.592979	0.406608
1.940000	-0.016108	0.246913	-0.270244	-0.566355	-0.592638	0.407439
1.960000	-0.012880	0.213825	-0.285569	-0.566804	-0.592407	0.408151
1.980000	-0.009873	0.177056	-0.298898	-0.567288	-0.592296	0.408739
2.000000	-0.007119	0.138364	-0.309715	-0.567787	-0.592314	0.409196
2.020000	-0.004647	0.099508	-0.317501	-0.568282	-0.592473	0.409514
2.040000	-0.002487	0.062247	-0.321739	-0.568751	-0.592782	0.409687
2.060000	-0.000668	0.028337	-0.321910	-0.569174	-0.593253	0.409707
2.080000	0.000780	-0.000528	-0.317539	-0.569531	-0.593893	0.409570
2.100000	0.001817	-0.023784	-0.308853	-0.569814	-0.594692	0.409283
2.120000	0.002399	-0.041795	-0.296662	-0.570024	-0.595623	0.408870
2.140000	0.002478	-0.054958	-0.281796	-0.570161	-0.596659	0.408351
2.160000	0.002010	-0.063668	-0.265082	-0.570227	-0.597772	0.407751
2.180000	0.000949	-0.068319	-0.247349	-0.570221	-0.598933	0.407090
2.200000	-0.000752	-0.069307	-0.229425	-0.570146	-0.600117	0.406392
2.220000	-0.003138	-0.067027	-0.212140	-0.570002	-0.601294	0.405678
2.240000	-0.006255	-0.061874	-0.196320	-0.569790	-0.602437	0.404971
2.260000	-0.010150	-0.054243	-0.182796	-0.569511	-0.603520	0.404293
2.280000	-0.014867	-0.044528	-0.172395	-0.569165	-0.604513	0.403667
2.300000	-0.020453	-0.033126	-0.165945	-0.568754	-0.605390	0.403115
2.320000	-0.026954	-0.020431	-0.164275	-0.568279	-0.606122	0.402659
2.340000	-0.034415	-0.006838	-0.168214	-0.567741	-0.606683	0.402322
2.360000	-0.042883	0.007258	-0.178590	-0.567140	-0.607044	0.402126
2.380000	-0.052403	0.021461	-0.196232	-0.566477	-0.607178	0.402093
2.400000	-0.063006	0.035413	-0.221618	-0.565756	-0.607064	0.402239
2.420000	-0.074641	0.048956	-0.253328	-0.564987	-0.606716	0.402547
2.440000	-0.087229	0.061998	-0.289299	-0.564185	-0.606162	0.402988
2.460000	-0.100691	0.074449	-0.327465	-0.563364	-0.605428	0.403533
2.480000	-0.114949	0.086216	-0.365763	-0.562540	-0.604541	0.404152
2.500000	-0.129923	0.097209	-0.402127	-0.561727	-0.603528	0.404817
2.520000	-0.145534	0.107336	-0.434494	-0.560940	-0.602416	0.405498
2.540000	-0.161703	0.116506	-0.460799	-0.560193	-0.601231	0.406167
2.560000	-0.178353	0.124629	-0.478977	-0.559500	-0.600001	0.406794
2.580000	-0.195403	0.131613	-0.486965	-0.558877	-0.598752	0.407351
2.600000	-0.212774	0.137367	-0.482697	-0.558337	-0.597510	0.407809
2.620000	-0.230388	0.141799	-0.464109	-0.557896	-0.596304	0.408137
2.640000	-0.248166	0.144818	-0.429136	-0.557568	-0.595159	0.408308
2.660000	-0.266030	0.146334	-0.375715	-0.557368	-0.594103	0.408293
2.680000	-0.283899	0.146255	-0.301781	-0.557311	-0.593162	0.408061
2.700000	-0.301695	0.144491	-0.205280	-0.557410	-0.592364	0.407585
2.720000	-0.319326	0.141075	-0.085898	-0.557670	-0.591722	0.406857
2.740000	-0.336672	0.136295	0.053056	-0.558077	-0.591225	0.405910
2.760000	-0.353612	0.130475	0.207819	-0.558613	-0.590859	0.404787
2.780000	-0.370021	0.123936	0.374630	-0.559258	-0.590611	0.403527
2.800000	-0.385778	0.116999	0.549726	-0.559996	-0.590465	0.402172
2.820000	-0.400760	0.109988	0.729344	-0.560809	-0.590407	0.400762
2.840000	-0.414843	0.103222	0.909723	-0.561677	-0.590424	0.399337
2.860000	-0.427906	0.097025	1.087100	-0.562585	-0.590500	0.397938
2.880000	-0.439826	0.091718	1.257712	-0.563513	-0.590622	0.396606
2.900000	-0.450479	0.087623	1.417799	-0.564443	-0.590776	0.395382
2.920000	-0.459743	0.085062	1.563597	-0.565359	-0.590946	0.394305
2.940000	-0.467495	0.084356	1.691344	-0.566241	-0.591119	0.393418
2.960000	-0.473613	0.085828	1.797278	-0.567071	-0.591280	0.392759
2.980000	-0.477974	0.089799	1.877636	-0.567833	-0.591416	0.392370
3.000000	-0.480455	0.096591	1.928657	-0.568507	-0.591511	0.392292
3.020000	-0.480934	0.106526	1.946577	-0.569077	-0.591552	0.392564
3.040000	-0.479348	0.119795	1.928789	-0.569527	-0.591529	0.393215
3.060000	-0.475904	0.136021	1.877722	-0.569858	-0.591445	0.394212
3.080000	-0.470882	0.154668	1.797182	-0.570076	-0.591311	0.395507
3.100000	-0.464559	0.175203	1.690976	-0.570185	-0.591136	0.397052
3.120000	-0.457217	0.197092	1.562909	-0.570192	-0.590929	0.398799
