0.000000	-0.365080	0.409548	-0.167074	-0.587313	-0.578897	0.398509
0.020000	-0.371575	0.421287	-0.171372	-0.587758	-0.578738	0.398154
0.040000	-0.378589	0.431102	-0.176217	-0.588261	-0.578640	0.397749
0.060000	-0.385936	0.439046	-0.181492	-0.588813	-0.578596	0.397296
0.080000	-0.393429	0.445169	-0.187084	-0.589406	-0.578602	0.396796
0.100000	-0.400882	0.449525	-0.192875	-0.590034	-0.578650	0.396249
0.120000	-0.408107	0.452164	-0.198749	-0.590688	-0.578736	0.395656
0.140000	-0.414918	0.453138	-0.204592	-0.591360	-0.578853	0.395017
0.160000	-0.421128	0.452500	-0.210287	-0.592044	-0.578995	0.394334
0.180000	-0.426551	0.450302	-0.215718	-0.592730	-0.579157	0.393606
0.200000	-0.430999	0.446594	-0.220769	-0.593412	-0.579332	0.392835
0.220000	-0.434286	0.441429	-0.225326	-0.594082	-0.579515	0.392021
0.240000	-0.436225	0.434859	-0.229271	-0.594732	-0.579699	0.391165
0.260000	-0.436629	0.426936	-0.232489	-0.595354	-0.579880	0.390268
0.280000	-0.435312	0.417711	-0.234864	-0.595940	-0.580050	0.389330
0.300000	-0.432087	0.407237	-0.236280	-0.596484	-0.580204	0.388351
0.320000	-0.426766	0.395564	-0.236622	-0.596977	-0.580336	0.387334
0.340000	-0.419274	0.382748	-0.235827	-0.597414	-0.580441	0.386280
0.360000	-0.409845	0.368849	-0.233979	-0.597799	-0.580518	0.385204
0.380000	-0.398770	0.353927	-0.231194	-0.598135	-0.580566	0.384118
0.400000	-0.386340	0.338044	-0.227582	-0.598427	-0.580582	0.383036
0.420000	-0.372845	0.321261	-0.223257	-0.598679	-0.580566	0.381973
0.440000	-0.358576	0.303640	-0.218333	-0.598896	-0.580518	0.380942
0.460000	-0.343825	0.285242	-0.212921	-0.599082	-0.580435	0.379957
0.480000	-0.328881	0.266128	-0.207135	-0.599241	-0.580316	0.379032
0.500000	-0.314035	0.246359	-0.201088	-0.599379	-0.580161	0.378182
0.520000	-0.299579	0.225997	-0.194892	-0.599498	-0.579967	0.377419
0.540000	-0.285803	0.205103	-0.188661	-0.599604	-0.579735	0.376758
0.560000	-0.272998	0.183739	-0.182507	-0.599700	-0.579463	0.376212
0.580000	-0.261454	0.161965	-0.176542	-0.599792	-0.579149	0.375796
0.600000	-0.251462	0.139843	-0.170881	-0.599883	-0.578792	0.375524
0.620000	-0.243314	0.117434	-0.165636	-0.599979	-0.578392	0.375409
0.640000	-0.237299	0.094800	-0.160920	-0.600082	-0.577947	0.375466
0.660000	-0.233642	0.072032	-0.156831	-0.600197	-0.577457	0.375703
0.680000	-0.232160	0.049407	-0.153382	-0.600323	-0.576924	0.376107
0.700000	-0.232515	0.027273	-0.150553	-0.600456	-0.576353	0.376653
0.720000	-0.234369	0.005976	-0.148323	-0.600592	-0.575748	0.377315
0.740000	-0.237384	-0.014135	-0.146673	-0.600729	-0.575115	0.378071
0.760000	-0.241221	-0.032712	-0.145581	-0.600863	-0.574457	0.378895
0.780000	-0.245543	-0.049409	-0.145029	-0.600990	-0.573778	0.379762
0.800000	-0.250012	-0.063879	-0.144995	-0.601108	-0.573085	0.380650
0.820000	-0.254290	-0.075772	-0.145460	-0.601212	-0.572380	0.381532
0.840000	-0.258039	-0.084743	-0.146402	-0.601301	-0.571668	0.382385
0.860000	-0.260920	-0.090443	-0.147802	-0.601369	-0.570954	0.383183
0.880000	-0.262596	-0.092525	-0.149640	-0.601415	-0.570242	0.383904
0.900000	-0.262728	-0.090642	-0.151895	-0.601434	-0.569537	0.384522
0.920000	-0.260980	-0.084445	-0.154547	-0.601424	-0.568843	0.385012
0.940000	-0.257011	-0.073589	-0.157576	-0.601380	-0.568165	0.385351
0.960000	-0.250487	-0.057725	-0.160961	-0.601301	-0.567506	0.385514
0.980000	-0.241270	-0.036822	-0.164679	-0.601182	-0.566873	0.385488
1.000000	-0.229698	-0.011574	-0.168700	-0.601024	-0.566270	0.385291
1.020000	-0.216170	0.017222	-0.172993	-0.600826	-0.565703	0.384943
1.040000	-0.201088	0.048767	-0.177525	-0.600589	-0.565177	0.384464
1.060000	-0.184853	0.082264	-0.182265	-0.600313	-0.564699	0.383876
1.080000	-0.167867	0.116915	-0.187183	-0.599996	-0.564275	0.383197
1.100000	-0.150532	0.151923	-0.192245	-0.599639	-0.563909	0.382450
1.120000	-0.133248	0.186490	-0.197422	-0.599242	-0.563607	0.381654
1.140000	-0.116417	0.219818	-0.202681	-0.598804	-0.563375	0.380830
1.160000	-0.100440	0.251111	-0.207991	-0.598326	-0.563220	0.379999
1.180000	-0.085718	0.279569	-0.213321	-0.597806	-0.563145	0.379181
1.200000	-0.072654	0.304396	-0.218639	-0.597246	-0.563158	0.378397
1.220000	-0.061648	0.324793	-0.223913	-0.596645	-0.563263	0.377668
1.240000	-0.053101	0.339964	-0.229113	-0.596003	-0.563467	0.377013
1.260000	-0.047415	0.349110	-0.234206	-0.595319	-0.563775	0.376453
1.280000	-0.044977	0.351474	-0.239163	-0.594594	-0.564193	0.376009
1.300000	-0.045838	0.347156	-0.243985	-0.593830	-0.564719	0.375688
1.320000	-0.049728	0.337088	-0.248704	-0.593035	-0.565348	0.375489
1.340000	-0.056365	0.322236	-0.253353	-0.592214	-0.566072	0.375409
1.360000	-0.065466	0.303566	-0.257964	-0.591374	-0.566886	0.375445
1.380000	-0.076746	0.282045	-0.262571	-0.590521	-0.567782	0.375594
1.400000	-0.089924	0.258638	-0.267206	-0.589661	-0.568753	0.375853
1.420000	-0.104715	0.234311	-0.271903	-0.588802	-0.569794	0.376219
1.440000	-0.120836	0.210030	-0.276695	-0.587950	-0.570897	0.376689
1.460000	-0.138005	0.186762	-0.281614	-0.587110	-0.572055	0.377261
1.480000	-0.155937	0.165472	-0.286694	-0.586290	-0.573263	0.377931
1.500000	-0.174351	0.147127	-0.291967	-0.585495	-0.574513	0.378697
1.520000	-0.192962	0.132692	-0.297467	-0.584733	-0.575798	0.379556
1.540000	-0.211488	0.123134	-0.303225	-0.584009	-0.577113	0.380505
1.560000	-0.229645	0.119419	-0.309277	-0.583331	-0.578449	0.381541
1.580000	-0.247150	0.122511	-0.315653	-0.582703	-0.579802	0.382662
1.600000	-0.263721	0.133374	-0.322387	-0.582134	-0.581163	0.383863
1.620000	-0.279244	0.152368	-0.329438	-0.581630	-0.582527	0.385131
1.640000	-0.293917	0.178722	-0.336629	-0.581198	-0.583887	0.386427
1.660000	-0.307978	0.211536	-0.343764	-0.580848	-0.585238	0.387712
1.680000	-0.321660	0.249911	-0.350652	-0.580587	-0.586575	0.388944
1.700000	-0.335201	0.292949	-0.357097	-0.580423	-0.587891	0.390084
1.720000	-0.348834	0.339750	-0.362907	-0.580366	-0.589181	0.391092
1.740000	-0.362797	0.389415	-0.367888	-0.580422	-0.590438	0.391926
1.760000	-0.377324	0.441045	-0.371846	-0.580600	-0.591658	0.392547
1.780000	-0.392650	0.493741	-0.374588	-0.580909	-0.592835	0.392914
1.800000	-0.409013	0.546604	-0.375919	-0.581356	-0.593962	0.392988
1.820000	-0.426645	0.598735	-0.375647	-0.581950	-0.595034	0.392727
1.840000	-0.445785	0.649235	-0.373578	-0.582700	-0.596045	0.392091
1.860000	-0.466666	0.697204	-0.369517	-0.583612	-0.596990	0.391041
1.880000	-0.489524	0.741744	-0.363272	-0.584695	-0.597863	0.389535
1.900000	-0.514596	0.781956	-0.354649	-0.585958	-0.598657	0.387534
1.920000	-0.542116	0.816940	-0.343454	-0.587409	-0.599368	0.384997
1.940000	-0.572104	0.845932	-0.329596	-0.589047	-0.599991	0.381905
1.960000	-0.603727	0.868702	-0.313386	-0.590837	-0.600528	0.378322
1.980000	-0.635943	0.885148	-0.295235	-0.592735	-0.600982	0.374333
2.000000	-0.667708	0.895170	-0.275554	-0.594696	-0.601357	0.370022
2.020000	-0.697980	0.898668	-0.254755	-0.596677	-0.601656	0.365474
2.040000	-0.725716	0.895542	-0.233246	-0.598634	-0.601883	0.360773
2.060000	-0.749874	0.885692	-0.211441	-0.600522	-0.602040	0.356005
2.080000	-0.769409	0.869017	-0.189750	-0.602299	-0.602132	0.351253
2.100000	-0.783281	0.845416	-0.168583	-0.603919	-0.602162	0.346604
2.120000	-0.790445	0.814791	-0.148351	-0.605338	-0.602133	0.342140
2.140000	-0.789858	0.777040	-0.129466	-0.606514	-0.602048	0.337947
2.160000	-0.780479	0.732064	-0.112338	-0.607401	-0.601911	0.334109
2.180000	-0.761265	0.679761	-0.097379	-0.607956	-0.601726	0.330711
2.200000	-0.731171	0.620032	-0.084998	-0.608135	-0.601496	0.327838
2.220000	-0.689156	0.552777	-0.075608	-0.607893	-0.601224	0.325574
2.240000	-0.634177	0.477895	-0.069618	-0.607187	-0.600913	0.324004
2.260000	-0.565434	0.395387	-0.067365	-0.605980	-0.600567	0.323202
2.280000	-0.484233	0.306134	-0.068529	-0.604298	-0.600184	0.323145
2.300000	-0.392965	0.211468	-0.072453	-0.602200	-0.599761	0.323764
2.320000	-0.294031	0.112726	-0.078477	-0.599742	-0.599294	0.324988
2.340000	-0.189828	0.011245	-0.085942	-0.596985	-0.598780	0.326746
2.360000	-0.082758	-0.091640	-0.094189	-0.593986	-0.598216	0.328967
2.380000	0.024782	-0.194592	-0.102557	-0.590804	-0.597597	0.331580
2.400000	0.130390	-0.296274	-0.110389	-0.587497	-0.596920	0.334515
2.420000	0.231668	-0.395350	-0.117023	-0.584124	-0.596182	0.337700
2.440000	0.326216	-0.490483	-0.121801	-0.580743	-0.595380	0.341064
2.460000	0.411635	-0.580338	-0.124063	-0.577412	-0.594509	0.344538
2.480000	0.485525	-0.663578	-0.123150	-0.574191	-0.593567	0.348049
2.500000	0.545487	-0.738865	-0.118403	-0.571137	-0.592549	0.351528
