0.000000	0.917351	0.884965	-1.385034	-0.604250	-0.629127	0.331208
0.020000	0.684577	1.057590	-1.169984	-0.600200	-0.617226	0.333752
0.040000	0.472654	1.187722	-0.969050	-0.596889	-0.607308	0.335499
0.060000	0.282482	1.275907	-0.783479	-0.594321	-0.599383	0.336479
0.080000	0.113195	1.325921	-0.613063	-0.592436	-0.593273	0.336774
0.100000	-0.036087	1.341565	-0.457584	-0.591173	-0.588800	0.336466
0.120000	-0.166242	1.326637	-0.316824	-0.590474	-0.585783	0.335639
0.140000	-0.278150	1.284936	-0.190566	-0.590279	-0.584043	0.334375
0.160000	-0.372690	1.220261	-0.078592	-0.590527	-0.583400	0.332758
0.180000	-0.450741	1.136412	0.019316	-0.591158	-0.583676	0.330870
0.200000	-0.513182	1.037187	0.103375	-0.592113	-0.584690	0.328795
0.220000	-0.560893	0.926386	0.173803	-0.593333	-0.586264	0.326615
0.240000	-0.594753	0.807808	0.230819	-0.594756	-0.588217	0.324413
0.260000	-0.615640	0.685251	0.274639	-0.596323	-0.590371	0.322272
0.280000	-0.624435	0.562515	0.305481	-0.597975	-0.592545	0.320274
0.300000	-0.622015	0.443399	0.323564	-0.599651	-0.594561	0.318504
0.320000	-0.609261	0.331703	0.329104	-0.601292	-0.596238	0.317044
0.340000	-0.587059	0.231002	0.322374	-0.602841	-0.597410	0.315970
0.360000	-0.556369	0.142370	0.304254	-0.604279	-0.598045	0.315298
0.380000	-0.518200	0.065307	0.276005	-0.605610	-0.598195	0.315003
0.400000	-0.473563	-0.000716	0.238897	-0.606838	-0.597915	0.315058
0.420000	-0.423466	-0.056225	0.194198	-0.607969	-0.597261	0.315437
0.440000	-0.368919	-0.101746	0.143176	-0.609007	-0.596285	0.316115
0.460000	-0.310932	-0.137806	0.087101	-0.609957	-0.595043	0.317067
0.480000	-0.250514	-0.164932	0.027240	-0.610822	-0.593589	0.318265
0.500000	-0.188676	-0.183650	-0.035138	-0.611609	-0.591979	0.319685
0.520000	-0.126425	-0.194488	-0.098764	-0.612321	-0.590265	0.321300
0.540000	-0.064773	-0.197970	-0.162370	-0.612963	-0.588504	0.323086
0.560000	-0.004729	-0.194625	-0.224687	-0.613540	-0.586749	0.325015
0.580000	0.052699	-0.184979	-0.284447	-0.614057	-0.585055	0.327062
0.600000	0.106499	-0.169558	-0.340381	-0.614517	-0.583476	0.329201
0.620000	0.155664	-0.148890	-0.391221	-0.614926	-0.582067	0.331407
0.640000	0.199182	-0.123500	-0.435698	-0.615289	-0.580883	0.333654
0.660000	0.236061	-0.093919	-0.472566	-0.615609	-0.579977	0.335915
0.680000	0.265889	-0.060789	-0.501395	-0.615887	-0.579370	0.338171
0.700000	0.288960	-0.024891	-0.522747	-0.616121	-0.579041	0.340410
0.720000	0.305617	0.012985	-0.537246	-0.616305	-0.578968	0.342618
0.740000	0.316197	0.052050	-0.545519	-0.616436	-0.579128	0.344784
0.760000	0.321043	0.091515	-0.548188	-0.616511	-0.579498	0.346894
0.780000	0.320494	0.130590	-0.545880	-0.616523	-0.580057	0.348936
0.800000	0.314889	0.168486	-0.539219	-0.616471	-0.580782	0.350899
0.820000	0.304570	0.204414	-0.528829	-0.616350	-0.581649	0.352768
0.840000	0.289877	0.237584	-0.515336	-0.616155	-0.582636	0.354533
0.860000	0.271148	0.267207	-0.499363	-0.615883	-0.583721	0.356180
0.880000	0.248726	0.292493	-0.481536	-0.615530	-0.584882	0.357696
0.900000	0.222950	0.312654	-0.462480	-0.615091	-0.586094	0.359071
0.920000	0.194159	0.326899	-0.442819	-0.614563	-0.587337	0.360290
0.940000	0.162695	0.334440	-0.423178	-0.613942	-0.588587	0.361342
0.960000	0.128897	0.334487	-0.404181	-0.613224	-0.589821	0.362214
0.980000	0.093106	0.326252	-0.386453	-0.612404	-0.591017	0.362893
1.000000	0.055668	0.309474	-0.370395	-0.611484	-0.592159	0.363377
1.020000	0.016948	0.285177	-0.355867	-0.610474	-0.593242	0.363686
1.040000	-0.022690	0.254580	-0.342646	-0.609390	-0.594265	0.363844
1.060000	-0.062878	0.218900	-0.330509	-0.608243	-0.595227	0.363874
1.080000	-0.103252	0.179355	-0.319235	-0.607048	-0.596126	0.363800
1.100000	-0.143445	0.137161	-0.308599	-0.605817	-0.596960	0.363646
1.120000	-0.183090	0.093538	-0.298380	-0.604566	-0.597729	0.363436
1.140000	-0.221823	0.049701	-0.288356	-0.603306	-0.598430	0.363193
1.160000	-0.259276	0.006870	-0.278304	-0.602051	-0.599063	0.362941
1.180000	-0.295084	-0.033740	-0.268001	-0.600816	-0.599625	0.362703
1.200000	-0.328881	-0.070909	-0.257225	-0.599612	-0.600115	0.362504
1.220000	-0.360302	-0.103420	-0.245753	-0.598455	-0.600533	0.362368
1.240000	-0.388979	-0.130056	-0.233364	-0.597357	-0.600875	0.362317
1.260000	-0.414547	-0.149599	-0.219833	-0.596331	-0.601141	0.362376
1.280000	-0.436640	-0.160831	-0.204940	-0.595392	-0.601330	0.362568
1.300000	-0.455007	-0.162996	-0.188576	-0.594550	-0.601441	0.362908
1.320000	-0.469769	-0.156807	-0.171003	-0.593807	-0.601481	0.363378
1.340000	-0.481117	-0.143271	-0.152556	-0.593165	-0.601456	0.363955
1.360000	-0.489245	-0.123396	-0.133568	-0.592624	-0.601375	0.364614
1.380000	-0.494347	-0.098189	-0.114376	-0.592185	-0.601244	0.365334
1.400000	-0.496615	-0.068657	-0.095313	-0.591848	-0.601070	0.366091
1.420000	-0.496242	-0.035809	-0.076714	-0.591615	-0.600860	0.366860
1.440000	-0.493421	-0.000652	-0.058913	-0.591486	-0.600622	0.367620
1.460000	-0.488346	0.035808	-0.042246	-0.591462	-0.600363	0.368345
1.480000	-0.481210	0.072562	-0.027048	-0.591544	-0.600089	0.369014
1.500000	-0.472205	0.108603	-0.013652	-0.591733	-0.599809	0.369602
1.520000	-0.461526	0.142924	-0.002394	-0.592029	-0.599529	0.370085
1.540000	-0.449364	0.174517	0.006393	-0.592433	-0.599256	0.370442
1.560000	-0.435913	0.202375	0.012372	-0.592946	-0.598998	0.370648
1.580000	-0.421366	0.225490	0.015210	-0.593569	-0.598761	0.370680
1.600000	-0.405917	0.242873	0.014580	-0.594302	-0.598553	0.370514
1.620000	-0.389751	0.254200	0.010461	-0.595138	-0.598375	0.370146
1.640000	-0.373048	0.260014	0.003229	-0.596063	-0.598219	0.369594
1.660000	-0.355985	0.260914	-0.006713	-0.597059	-0.598078	0.368877
1.680000	-0.338741	0.257500	-0.018963	-0.598109	-0.597944	0.368014
1.700000	-0.321494	0.250370	-0.033119	-0.599197	-0.597810	0.367025
1.720000	-0.304422	0.240126	-0.048778	-0.600307	-0.597668	0.365929
1.740000	-0.287703	0.227365	-0.065539	-0.601422	-0.597510	0.364746
1.760000	-0.271515	0.212687	-0.082999	-0.602525	-0.597329	0.363494
1.780000	-0.256037	0.196692	-0.100755	-0.603599	-0.597118	0.362194
1.800000	-0.241447	0.179980	-0.118406	-0.604629	-0.596868	0.360865
1.820000	-0.227922	0.163149	-0.135549	-0.605597	-0.596572	0.359525
1.840000	-0.215642	0.146799	-0.151781	-0.606488	-0.596223	0.358196
1.860000	-0.204783	0.131529	-0.166701	-0.607284	-0.595812	0.356895
1.880000	-0.195525	0.117940	-0.179906	-0.607968	-0.595333	0.355642
1.900000	-0.188045	0.106629	-0.190994	-0.608525	-0.594778	0.354458
1.920000	-0.182522	0.098197	-0.199563	-0.608938	-0.594138	0.353360
1.940000	-0.179040	0.092996	-0.205372	-0.609198	-0.593413	0.352362
1.960000	-0.177448	0.090740	-0.208597	-0.609316	-0.592611	0.351460
1.980000	-0.177553	0.091043	-0.209483	-0.609309	-0.591747	0.350648
2.000000	-0.179165	0.093516	-0.208271	-0.609190	-0.590832	0.349917
2.020000	-0.182093	0.097773	-0.205207	-0.608976	-0.589879	0.349262
2.040000	-0.186145	0.103425	-0.200532	-0.608681	-0.588902	0.348675
2.060000	-0.191129	0.110087	-0.194490	-0.608321	-0.587913	0.348150
2.080000	-0.196856	0.117371	-0.187325	-0.607910	-0.586925	0.347680
2.100000	-0.203133	0.124888	-0.179280	-0.607464	-0.585950	0.347259
2.120000	-0.209769	0.132253	-0.170597	-0.606997	-0.585002	0.346878
2.140000	-0.216574	0.139077	-0.161521	-0.606525	-0.584092	0.346533
2.160000	-0.223356	0.144974	-0.152295	-0.606064	-0.583234	0.346215
2.180000	-0.229923	0.149556	-0.143161	-0.605627	-0.582441	0.345918
2.200000	-0.236086	0.152436	-0.134364	-0.605230	-0.581725	0.345635
2.220000	-0.241651	0.153226	-0.126146	-0.604889	-0.581099	0.345359
