0.000000	-0.424963	0.264971	-0.100460	-0.601362	-0.568254	0.384188
0.020000	-0.429886	0.228329	-0.104107	-0.603052	-0.567905	0.384796
0.040000	-0.433292	0.193693	-0.106339	-0.604492	-0.567615	0.385386
0.060000	-0.435047	0.162690	-0.106906	-0.605632	-0.567397	0.385942
0.080000	-0.435049	0.136682	-0.105620	-0.606435	-0.567262	0.386447
0.100000	-0.433380	0.115680	-0.102606	-0.606915	-0.567207	0.386895
0.120000	-0.430178	0.099263	-0.098087	-0.607106	-0.567223	0.387279
0.140000	-0.425581	0.087007	-0.092290	-0.607042	-0.567306	0.387596
0.160000	-0.419727	0.078490	-0.085437	-0.606755	-0.567447	0.387840
0.180000	-0.412754	0.073288	-0.077756	-0.606279	-0.567639	0.388006
0.200000	-0.404802	0.070980	-0.069469	-0.605648	-0.567875	0.388089
0.220000	-0.396007	0.071143	-0.060803	-0.604894	-0.568148	0.388083
0.240000	-0.386510	0.073354	-0.051981	-0.604051	-0.568451	0.387985
0.260000	-0.376447	0.077190	-0.043229	-0.603152	-0.568777	0.387789
0.280000	-0.365958	0.082229	-0.034771	-0.602230	-0.569119	0.387489
0.300000	-0.355180	0.088048	-0.026833	-0.601319	-0.569469	0.387081
0.320000	-0.344252	0.094224	-0.019639	-0.600452	-0.569820	0.386560
0.340000	-0.333312	0.100335	-0.013414	-0.599662	-0.570166	0.385921
0.360000	-0.322499	0.105958	-0.008382	-0.598983	-0.570500	0.385158
0.380000	-0.311945	0.110717	-0.004746	-0.598444	-0.570813	0.384269
0.400000	-0.301739	0.114555	-0.002546	-0.598052	-0.571105	0.383266
0.420000	-0.291951	0.117549	-0.001756	-0.597803	-0.571373	0.382168
0.440000	-0.282655	0.119775	-0.002349	-0.597693	-0.571616	0.380993
0.460000	-0.273920	0.121312	-0.004298	-0.597718	-0.571833	0.379759
0.480000	-0.265818	0.122237	-0.007578	-0.597875	-0.572022	0.378486
0.500000	-0.258420	0.122627	-0.012161	-0.598160	-0.572183	0.377192
0.520000	-0.251797	0.122560	-0.018020	-0.598570	-0.572313	0.375896
0.540000	-0.246022	0.122113	-0.025130	-0.599099	-0.572411	0.374615
0.560000	-0.241164	0.121363	-0.033464	-0.599746	-0.572477	0.373369
0.580000	-0.237296	0.120387	-0.042994	-0.600506	-0.572508	0.372177
0.600000	-0.234487	0.119264	-0.053695	-0.601375	-0.572504	0.371056
0.620000	-0.232811	0.118070	-0.065540	-0.602350	-0.572463	0.370025
0.640000	-0.232337	0.116884	-0.078501	-0.603426	-0.572383	0.369103
0.660000	-0.233138	0.115781	-0.092554	-0.604601	-0.572264	0.368309
0.680000	-0.235284	0.114840	-0.107670	-0.605870	-0.572103	0.367661
0.700000	-0.238841	0.114130	-0.123814	-0.607230	-0.571901	0.367177
0.720000	-0.243780	0.113585	-0.140792	-0.608664	-0.571662	0.366857
0.740000	-0.249992	0.113024	-0.158276	-0.610152	-0.571398	0.366687
0.760000	-0.257366	0.112266	-0.175938	-0.611668	-0.571117	0.366654
0.780000	-0.265790	0.111126	-0.193445	-0.613191	-0.570833	0.366742
0.800000	-0.275155	0.109422	-0.210467	-0.614696	-0.570554	0.366940
0.820000	-0.285349	0.106970	-0.226674	-0.616160	-0.570293	0.367231
0.840000	-0.296260	0.103587	-0.241734	-0.617560	-0.570059	0.367602
0.860000	-0.307779	0.099090	-0.255318	-0.618873	-0.569863	0.368039
0.880000	-0.319793	0.093297	-0.267095	-0.620075	-0.569717	0.368527
0.900000	-0.332191	0.086023	-0.276733	-0.621143	-0.569631	0.369053
0.920000	-0.344864	0.077086	-0.283903	-0.622054	-0.569615	0.369603
0.940000	-0.357699	0.066302	-0.288273	-0.622784	-0.569681	0.370162
0.960000	-0.370585	0.053489	-0.289514	-0.623311	-0.569838	0.370716
0.980000	-0.383412	0.038463	-0.287294	-0.623610	-0.570099	0.371251
1.000000	-0.396069	0.021041	-0.281283	-0.623658	-0.570473	0.371753
1.020000	-0.408443	0.001044	-0.271156	-0.623433	-0.570972	0.372208
1.040000	-0.420377	-0.021427	-0.256940	-0.622930	-0.571594	0.372613
1.060000	-0.431638	-0.045817	-0.239244	-0.622173	-0.572323	0.372982
1.080000	-0.441985	-0.071527	-0.218724	-0.621189	-0.573138	0.373332
1.100000	-0.451180	-0.097960	-0.196041	-0.620007	-0.574021	0.373679
1.120000	-0.458981	-0.124519	-0.171853	-0.618653	-0.574950	0.374039
1.140000	-0.465149	-0.150605	-0.146819	-0.617155	-0.575909	0.374428
1.160000	-0.469445	-0.175622	-0.121598	-0.615540	-0.576875	0.374863
1.180000	-0.471627	-0.198971	-0.096849	-0.613836	-0.577831	0.375359
1.200000	-0.471456	-0.220054	-0.073232	-0.612070	-0.578756	0.375933
1.220000	-0.468692	-0.238275	-0.051404	-0.610270	-0.579632	0.376601
1.240000	-0.463095	-0.253035	-0.032024	-0.608463	-0.580438	0.377378
1.260000	-0.454425	-0.263736	-0.015753	-0.606677	-0.581156	0.378282
1.280000	-0.442443	-0.269782	-0.003248	-0.604938	-0.581765	0.379329
1.300000	-0.426907	-0.270574	0.004831	-0.603275	-0.582246	0.380534
1.320000	-0.407580	-0.265518	0.007828	-0.601714	-0.582580	0.381914
1.340000	-0.384471	-0.254409	0.005468	-0.600275	-0.582757	0.383470
1.360000	-0.358102	-0.237866	-0.001724	-0.598955	-0.582785	0.385171
1.380000	-0.329066	-0.216612	-0.013123	-0.597753	-0.582677	0.386984
1.400000	-0.297952	-0.191369	-0.028102	-0.596664	-0.582445	0.388873
1.420000	-0.265351	-0.162859	-0.046036	-0.595686	-0.582100	0.390805
1.440000	-0.231852	-0.131803	-0.066298	-0.594815	-0.581654	0.392744
1.460000	-0.198045	-0.098925	-0.088264	-0.594048	-0.581120	0.394658
1.480000	-0.164521	-0.064946	-0.111306	-0.593382	-0.580508	0.396511
1.500000	-0.131870	-0.030588	-0.134800	-0.592814	-0.579830	0.398268
1.520000	-0.100682	0.003426	-0.158120	-0.592341	-0.579099	0.399897
1.540000	-0.071548	0.036374	-0.180639	-0.591959	-0.578325	0.401362
1.560000	-0.045057	0.067535	-0.201731	-0.591665	-0.577522	0.402629
1.580000	-0.021799	0.096186	-0.220772	-0.591456	-0.576700	0.403664
1.600000	-0.002365	0.121604	-0.237135	-0.591329	-0.575872	0.404432
1.620000	0.012655	0.143069	-0.250194	-0.591280	-0.575050	0.404899
1.640000	0.022671	0.159857	-0.259323	-0.591307	-0.574244	0.405031
1.660000	0.027258	0.171428	-0.264059	-0.591404	-0.573466	0.404805
1.680000	0.026717	0.178042	-0.264651	-0.591564	-0.572724	0.404248
1.700000	0.021548	0.180178	-0.261541	-0.591777	-0.572023	0.403401
1.720000	0.012252	0.178314	-0.255176	-0.592032	-0.571369	0.402308
1.740000	-0.000671	0.172931	-0.245999	-0.592319	-0.570769	0.401008
1.760000	-0.016721	0.164507	-0.234455	-0.592628	-0.570228	0.399543
1.780000	-0.035396	0.153521	-0.220988	-0.592950	-0.569753	0.397954
1.800000	-0.056196	0.140453	-0.206043	-0.593274	-0.569350	0.396284
1.820000	-0.078620	0.125782	-0.190064	-0.593590	-0.569025	0.394574
1.840000	-0.102169	0.109987	-0.173496	-0.593889	-0.568784	0.392865
1.860000	-0.126341	0.093546	-0.156784	-0.594159	-0.568633	0.391198
1.880000	-0.150637	0.076940	-0.140370	-0.594393	-0.568578	0.389615
1.900000	-0.174554	0.060648	-0.124701	-0.594578	-0.568626	0.388157
1.920000	-0.197594	0.045148	-0.110221	-0.594706	-0.568783	0.386867
1.940000	-0.219256	0.030920	-0.097373	-0.594765	-0.569053	0.385784
1.960000	-0.239038	0.018443	-0.086603	-0.594747	-0.569445	0.384952
1.980000	-0.256482	0.008163	-0.078314	-0.594643	-0.569962	0.384406
2.000000	-0.271530	0.000201	-0.072509	-0.594454	-0.570595	0.384145
2.020000	-0.284356	-0.005509	-0.068964	-0.594189	-0.571327	0.384140
2.040000	-0.295132	-0.009032	-0.067451	-0.593858	-0.572139	0.384366
2.060000	-0.304033	-0.010435	-0.067745	-0.593469	-0.573014	0.384796
2.080000	-0.311235	-0.009785	-0.069618	-0.593030	-0.573935	0.385403
2.100000	-0.316911	-0.007147	-0.072842	-0.592551	-0.574884	0.386161
2.120000	-0.321236	-0.002590	-0.077192	-0.592040	-0.575844	0.387041
2.140000	-0.324384	0.003821	-0.082440	-0.591506	-0.576796	0.388019
2.160000	-0.326530	0.012020	-0.088360	-0.590957	-0.577723	0.389067
2.180000	-0.327849	0.021939	-0.094723	-0.590404	-0.578608	0.390158
2.200000	-0.328514	0.033513	-0.101304	-0.589853	-0.579433	0.391265
2.220000	-0.328701	0.046674	-0.107876	-0.589315	-0.580180	0.392363
2.240000	-0.328583	0.061356	-0.114210	-0.588798	-0.580833	0.393423
2.260000	-0.328336	0.077493	-0.120082	-0.588310	-0.581372	0.394420
2.280000	-0.328127	0.095012	-0.125275	-0.587860	-0.581782	0.395328
2.300000	-0.328049	0.113770	-0.129747	-0.587453	-0.582063	0.396137
2.320000	-0.328135	0.133571	-0.133580	-0.587090	-0.582226	0.396851
2.340000	-0.328418	0.154217	-0.136856	-0.586771	-0.582283	0.397472
2.360000	-0.328932	0.175509	-0.139660	-0.586499	-0.582247	0.398004
2.380000	-0.329709	0.197251	-0.142075	-0.586275	-0.582129	0.398449
2.400000	-0.330782	0.219245	-0.144187	-0.586099	-0.581942	0.398811
2.420000	-0.332185	0.241293	-0.146079	-0.585974	-0.581698	0.399093
2.440000	-0.333950	0.263198	-0.147836	-0.585900	-0.581408	0.399297
2.460000	-0.336111	0.284761	-0.149540	-0.585879	-0.581085	0.399427
2.480000	-0.338700	0.305785	-0.151276	-0.585911	-0.580740	0.399485
2.500000	-0.341750	0.326073	-0.153129	-0.585999	-0.580386	0.399475
2.520000	-0.345295	0.345427	-0.155181	-0.586144	-0.580035	0.399400
2.540000	-0.349368	0.363649	-0.157518	-0.586346	-0.579698	0.399263
2.560000	-0.354001	0.380542	-0.160223	-0.586608	-0.579388	0.399067
2.580000	-0.359227	0.395907	-0.163381	-0.586929	-0.579117	0.398815
2.600000	-0.365080	0.409548	-0.167074	-0.587313	-0.578897	0.398509
